0
9.765625e-07
1.953125e-06
2.9296875e-06
3.90625e-06
4.8828125e-06
5.859375e-06
6.8359375e-06
7.8125e-06
8.7890625e-06
9.765625e-06
1.07421875e-05
1.171875e-05
1.26953125e-05
1.3671875e-05
1.46484375e-05
1.5625e-05
1.66015625e-05
1.7578125e-05
1.85546875e-05
1.953125e-05
2.1484375e-05
2.34375e-05
2.5390625e-05
2.734375e-05
2.9296875e-05
3.125e-05
3.3203125e-05
3.515625e-05
3.7109375e-05
3.90625e-05
4.296875e-05
4.6875e-05
5.078125e-05
5.46875e-05
5.859375e-05
6.25e-05
6.640625e-05
7.03125e-05
7.421875e-05
7.8125e-05
8.59375e-05
9.375e-05
0.0001015625
0.000109375
0.0001171875
0.000125
0.0001328125
0.000140625
0.0001484375
0.00015625
0.000171875
0.0001875
0.000203125
0.00021875
0.000234375
0.00025
0.000265625
0.00028125
0.000296875
0.0003125
0.00034375
0.000375
0.00040625
0.0004375
0.00046875
0.0005
0.00053125
0.0005625
0.00059375
0.000625
0.0006875
0.00075
0.0008125
0.000875
0.0009375
0.001
0.0010625
0.001125
0.0011875
0.00125
0.001375
0.0015
0.001625
0.00175
0.001875
0.002
0.002125
0.00225
0.002375
0.0025
0.00275
0.003
0.00325
0.0035
0.00375
0.004
0.00425
0.0045
0.00475
0.005
0.0055
0.006
