-0.8015 -1.2678 -0 -66.126481
-3.2062 -5.0715 -0 -66.024909
-5.0765 -8.0299 -0 -65.945068
-6.4123 -10.1429 0.0262 -66.019104
-8.0143 -12.677 0.1283 -66.183234
-8.8146 -13.9429 0.1666 -66.296167
-8.2187 -14.5214 0.2948 -66.387371
-8.7411 -16.3672 0.5247 -66.638675
-10.0309 -17.8905 1.1419 -66.934136
-11.386 -19.3222 1.89 -67.203878
-12.7254 -20.8552 2.392 -67.441171
-14.0432 -22.4116 2.6217 -67.707691
-14.6972 -24.3185 2.0715 -68.020078
-15.5306 -26.234 2.0482 -68.345988
-16.1094 -27.8038 2.3068 -68.607021
-14.7796 -28.9827 3.1257 -68.801356
-13.6062 -30.5844 3.6202 -68.994566
-12.2537 -32.1091 3.9089 -69.177857
-11.1222 -33.7683 4.2796 -69.355619
-10.1932 -35.2295 5.196 -69.52198
-9.3619 -36.7283 6.3117 -69.68163
-8.5851 -38.2492 7.4144 -69.834177
-7.5935 -39.8435 8.2499 -69.980931
-6.8916 -41.4349 9.2193 -70.121383
-6.2727 -43.3267 9.6108 -70.26023
-5.7427 -44.6215 10.9758 -70.382869
-5.2774 -45.3085 12.8612 -70.488785
-4.5701 -46.2857 12.7646 -70.593724
-3.9187 -47.0128 11.0346 -70.6888
-3.487 -47.3534 9.0584 -70.77196
-3.1601 -48.3203 10.2056 -70.860848
-2.5906 -49.7167 11.29 -70.951475
-2.064 -51.2649 10.2609 -71.040059
-1.9023 -53.0628 10.2828 -71.128227
-1.2374 -53.7481 8.8883 -71.192823
-0.2338 -55.4757 8.438 -71.271034
0.9268 -57.1391 8.1846 -71.343934
2.1659 -58.7648 8.26 -71.412162
2.7966 -60.3652 9.2072 -71.476165
3.5606 -62.0815 8.7826 -71.538469
4.1051 -63.9769 8.2533 -71.600419
4.7728 -65.8913 8.0534 -71.659209
5.555 -67.7898 8.1794 -71.714416
5.4215 -69.7319 8.5591 -71.767225
5.3722 -71.1779 9.39 -71.808398
6.6015 -72.8224 9.4344 -71.850119
7.9091 -74.3345 9.4579 -71.886767
9.1469 -75.9691 9.4502 -71.922898
10.0298 -77.8076 9.4917 -71.960048
10.7723 -79.6982 9.5101 -71.995689
12.3735 -80.8411 9.4583 -72.015935
13.4145 -82.6176 9.4397 -72.045046
14.1594 -84.5026 9.6273 -72.073938
14.908 -86.352 10.0263 -72.100193
15.6285 -88.1574 10.421 -72.123758
16.2688 -90.0988 10.1972 -72.147855
16.8061 -92.0324 10.2983 -72.170084
18.0591 -93.5211 10.9131 -72.182864
19.0692 -95.1762 11.592 -72.196975
20.0514 -96.8019 12.3554 -72.209084
20.7986 -98.4251 13.1509 -72.21969
22.3425 -99.643 13.6764 -72.221863
23.1324 -101.4525 13.8694 -72.2331
24.2278 -103.1764 13.8286 -72.241605
25.7948 -104.4654 13.8973 -72.241379
27.3532 -105.7951 13.951 -72.240797
28.4996 -107.4233 13.9547 -72.244382
30.0108 -108.56 13.6639 -72.238386
31.1081 -108.6091 12.0588 -72.212011
29.9694 -109.9097 10.9348 -72.204588
28.8308 -111.2104 9.8109 -72.197107
27.6922 -112.511 8.6869 -72.189651
26.8377 -113.4766 7.7017 -72.176044
28.1153 -111.9666 8.2837 -72.116698
29.3929 -110.4565 8.8658 -72.057631
30.6706 -108.9464 9.4479 -71.99894
31.1787 -108.9746 10.7509 -71.966511
31.0798 -109.3078 12.7833 -71.938995
31.1974 -110.3892 14.0207 -71.924899
31.8589 -112.2436 14.4776 -71.924272
32.2207 -114.0808 14.8897 -71.923112
32.3754 -116.0895 14.7382 -71.924779
33.2282 -117.7627 14.1097 -71.920412
34.0263 -119.6079 13.7086 -71.918958
34.4263 -121.5938 13.4703 -71.919869
34.6735 -123.5948 13.4834 -71.920988
34.4631 -125.6138 13.6554 -71.922392
35.477 -127.1975 13.9548 -71.916236
36.4488 -128.3733 14.9241 -71.902739
36.0423 -130.1872 15.3722 -71.90026
35.1621 -131.5518 15.4371 -71.890115
35.6418 -129.8523 14.8263 -71.826702
35.0348 -128.0619 14.2107 -71.76181
35.5446 -129.8444 14.1534 -71.759538
35.6291 -131.8577 14.0497 -71.7616
34.8485 -133.6181 13.7199 -71.75952
34.2995 -135.3089 12.7219 -71.756485
33.9891 -137.2127 12.2496 -71.757524
34.6951 -139.1364 12.158 -71.75924
34.4342 -141.0719 12.4762 -71.761524
34.9496 -142.8915 13.1328 -71.762052
35.1207 -144.6736 12.8365 -71.76237
36.0553 -146.4708 12.5635 -71.763355
36.5162 -147.9232 11.2272 -71.758577
37.0821 -149.6924 10.5935 -71.759954
38.1845 -151.3675 10.8233 -71.76016
38.9786 -152.5573 11.4668 -71.752309
38.5512 -154.4927 11.7745 -71.757887
38.9845 -156.4817 12.0272 -71.764882
38.8087 -158.4686 12.102 -71.772464
39.4316 -160.3993 12.1561 -71.779661
40.017 -162.1492 11.7738 -71.784249
39.9044 -164.0643 11.3068 -71.792423
40.4166 -165.9089 10.6066 -71.799984
41.3853 -167.5493 10.7632 -71.804722
42.1247 -169.1267 11.6727 -71.809062
42.1485 -170.8263 12.6221 -71.816261
41.2541 -172.1527 13.7028 -71.817815
41.3329 -173.6405 14.3131 -71.823022
41.6008 -174.8677 12.6805 -71.824496
41.8738 -176.7997 12.275 -71.839323
42.7438 -178.5456 11.9564 -71.851899
43.2439 -180.4578 12.0397 -71.868425
43.3656 -182.4295 12.4106 -71.887037
43.6747 -184.2146 13.2717 -71.903472
44.1736 -186.1236 13.8383 -71.923268
44.3535 -187.9066 14.7675 -71.942027
44.8726 -189.5685 15.6922 -71.959899
45.4404 -191.1005 14.5715 -71.976772
46.1386 -192.9259 14.1459 -72.000103
46.6287 -194.8895 13.783 -72.027208
47.9055 -196.4354 13.3908 -72.048383
49.0241 -197.9564 13.467 -72.070531
49.8322 -199.3762 13.2319 -72.092354
51.04 -200.3986 12.0409 -72.108709
-16.8109 -27.3553 2.8101 -68.605353
-17.497 -28.3029 4.2038 -68.803299
-18.1984 -29.271 5.5067 -68.987805
-18.2577 -29.3412 3.7473 -69.173886
-18.2679 -29.344 1.9276 -69.345237
-18.2781 -29.3467 0.108 -69.503371
-18.2883 -29.3494 -1.7116 -69.648995
-18.2985 -29.3522 -3.5313 -69.78277
-18.8534 -30.5664 -3.9808 -69.928331
-18.8107 -32.318 -3.8597 -70.07703
-19.3066 -34.0554 -3.7456 -70.218812
-18.9488 -34.5418 -2.2544 -70.332901
-18.3075 -35.7012 -1.0566 -70.452676
-18.003 -37.2922 -0.254 -70.57383
-17.2153 -38.7422 0.5062 -70.686698
-17.2992 -40.1694 1.5541 -70.793693
-17.1185 -41.7267 2.3954 -70.89769
-17.083 -42.8762 3.6698 -70.989704
-17.3639 -44.4413 4.545 -71.083763
-18.2212 -45.6938 5.2818 -71.167116
-18.9632 -46.7735 4.1464 -71.242821
-19.2427 -47.6114 2.5633 -71.310114
-19.7572 -49.1601 2.2576 -71.384959
-20.0441 -50.8741 2.5491 -71.458363
-20.3286 -52.4364 3.2684 -71.524924
-19.8077 -53.8024 3.6098 -71.584156
-19.2008 -54.6661 2.2731 -71.631016
-18.7221 -56.0354 2.9434 -71.683103
-18.7365 -56.729 4.1896 -71.719794
-18.8997 -58.1413 5.2798 -71.765593
-18.8149 -59.8936 5.7078 -71.814069
-18.9822 -61.072 7.0484 -71.849507
-19.3934 -62.5349 8.0119 -71.886908
-19.547 -63.8484 9.0694 -71.918987
-19.5772 -65.5723 8.63 -71.955562
-19.258 -67.3139 8.3405 -71.989987
-19.7508 -69.0603 8.364 -72.022176
-19.9946 -70.8175 8.7102 -72.052398
-19.8037 -72.5539 9.1873 -72.080248
-19.7201 -74.3251 9.5635 -72.106848
-20.2567 -75.9938 9.7611 -72.129954
-19.7758 -77.7066 9.8918 -72.152278
-19.8692 -79.394 10.0722 -72.172773
-20.6153 -80.6503 10.7965 -72.184498
-20.8101 -82.0334 11.1362 -72.197412
-21.8468 -83.2751 10.5156 -72.206956
-22.3598 -84.646 11.4203 -72.218033
-22.8139 -86.2646 12.0203 -72.232877
-22.9433 -87.4114 13.1988 -72.238974
-23.2601 -88.7922 14.1473 -72.249005
-23.5187 -90.5915 14.1567 -72.266395
-23.7693 -92.3875 14.2837 -72.283859
-23.9193 -94.161 14.5659 -72.301205
-24.765 -95.4177 14.2775 -72.30997
-25.6946 -96.5629 13.7452 -72.317431
-26.3361 -98.2508 13.7081 -72.335172
-26.22 -99.6251 14.4174 -72.348199
-26.029 -100.2322 16.1217 -72.348953
-25.98 -100.9366 17.7977 -72.352675
-26.1774 -101.1961 19.58 -72.349828
-26.4133 -101.3806 21.3748 -72.34747
-26.5757 -102.9017 22.0388 -72.370307
-26.565 -104.1061 22.8298 -72.389423
-10.4886 -18.1238 0.6694 -67.161934
-10.4015 -18.057 0.4643 -67.325136
-11.3637 -19.3353 1.4826 -67.533603
-12.4409 -20.4928 2.3203 -67.762016
-13.7335 -21.882 2.6066 -68.000654
-14.3525 -23.4451 1.6476 -68.23284
-14.7639 -24.7529 0.4153 -68.450661
-15.0123 -25.6795 -1.2982 -68.652907
-14.7483 -27.3027 -2.2341 -68.857831
-14.1682 -28.7546 -3.3613 -69.051489
-14.1335 -30.3237 -2.5621 -69.238739
-14.176 -32.0715 -1.7097 -69.420519
-14.076 -33.7889 -0.9359 -69.593721
-13.8862 -35.6563 -1.4771 -69.761689
-13.5408 -37.5381 -1.8551 -69.922285
-12.9254 -39.3671 -2.0095 -70.07495
-12.8947 -41.2639 -2.5483 -70.221522
-12.5093 -43.0891 -2.3969 -70.359991
-11.8636 -44.7358 -1.5183 -70.489267
-11.3409 -46.4019 -0.6056 -70.612387
-11.0233 -47.5467 0.9658 -70.720729
-10.5913 -48.4457 2.6789 -70.818253
-10.1405 -50.0833 3.3431 -70.922736
-10.2934 -51.7904 2.9275 -71.022874
-10.88 -52.8858 1.4404 -71.107247
-11.0363 -54.4811 1.7038 -71.19484
-11.1458 -56.3254 2.378 -71.281828
-10.357 -57.7555 3.4384 -71.356746
-10.1358 -58.8326 4.9901 -71.420858
-10.3077 -60.6124 5.6598 -71.492799
-11.2813 -62.2927 6.0116 -71.558612
-11.7958 -64.1934 6.181 -71.624075
-12.4342 -66.0517 6.3974 -71.684832
-11.9522 -67.7789 6.8906 -71.739441
-11.6762 -69.0382 8.2561 -71.782144
-11.713 -70.0381 9.9612 -71.816711
-11.8555 -70.9146 11.6774 -71.845798
-12.8132 -71.5235 13.2459 -71.866849
-13.5753 -72.2336 12.7301 -71.886533
-14.1638 -73.7043 11.8882 -71.916509
-14.4131 -75.2707 10.815 -71.945288
-13.5782 -77.0011 10.3425 -71.974191
-13.3259 -78.9499 10.1371 -72.004296
-13.3622 -80.9141 10.3308 -72.032177
-14.2376 -82.5066 10.9807 -72.051188
-14.7845 -84.1023 11.9265 -72.067965
-15.3519 -85.4422 12.6525 -72.078101
-15.7865 -86.6616 12.098 -72.084059
-16.5522 -87.7496 13.5364 -72.085796
-17.1687 -89.5648 13.8022 -72.098468
-18.2162 -91.1682 13.885 -72.105713
-19.5493 -92.634 13.9514 -72.108938
-20.3209 -94.4426 13.8656 -72.116628
-21.0095 -96.2837 13.6721 -72.123469
-21.3384 -97.8523 13.9673 -72.123934
-21.6939 -97.8965 15.9193 -72.096191
-22.3276 -98.0602 17.7316 -72.069799
-21.887 -98.9874 16.7979 -72.055447
-22.8153 -99.7306 15.3374 -72.037339
-24.3779 -100.6691 14.7056 -72.021883
-24.3457 -102.6276 14.3888 -72.023635
-24.5768 -104.5617 14.2213 -72.02437
-24.8282 -106.5067 14.2205 -72.024734
-25.0574 -108.4614 14.1941 -72.024863
-25.5558 -110.3378 14.0236 -72.02322
-26.9412 -111.6652 13.5497 -72.011685
-27.6548 -113.1993 12.651 -72.003605
-27.9593 -114.1646 11.0361 -71.985025
-28.3565 -115.3746 10.0919 -71.971244
-29.1471 -116.4978 9.0352 -71.955823
-29.5399 -117.0458 7.1689 -71.930209
-29.9596 -117.6548 5.3281 -71.906182
-30.9613 -118.935 4.5188 -71.894482
-32.1435 -120.2324 4.6581 -71.883476
-32.9363 -121.0473 6.2793 -71.864483
-33.621 -122.2206 7.5953 -71.852519
-33.9105 -123.585 8.7937 -71.844583
-34.4873 -124.3869 10.3397 -71.827661
-35.0405 -125.7656 11.4307 -71.821879
-34.701 -127.6323 11.772 -71.825655
-35.3063 -129.4991 11.9181 -71.830525
-35.9903 -131.3268 11.7835 -71.835943
-37.6819 -132.1342 11.31 -71.824821
-38.5009 -133.4806 10.3217 -71.8245
-38.4967 -134.7419 8.9782 -71.824073
-39.2613 -136.1191 9.0235 -71.827366
-39.6486 -137.8732 9.0943 -71.838937
-40.3927 -139.5578 8.4232 -71.851108
-41.3357 -141.2284 8.0319 -71.864915
-41.7461 -143.1332 7.6854 -71.884752
-42.0138 -145.0056 7.4829 -71.906076
-41.9887 -146.6225 8.5512 -71.925024
-43.1363 -148.1444 8.915 -71.944547
-43.8626 -149.8828 8.3731 -71.970129
-44.926 -151.4033 7.7386 -71.994263
-9.353 -14.8211 0.2731 -66.463784
-11.0559 -15.5864 0.7158 -66.741098
-12.8605 -15.9487 1.177 -67.063029
-14.323 -16.6873 2.6356 -67.643292
-15.6273 -17.7486 4.2904 -68.113301
-16.5612 -19.3299 4.837 -68.321282
-17.0333 -20.2944 6.2453 -68.530149
-17.8874 -21.5361 7.3823 -68.73882
-18.8508 -22.9769 8.1796 -68.941524
-19.5099 -24.5801 8.9543 -69.138749
-19.7318 -25.6734 10.3712 -69.319739
-19.6375 -26.5275 11.987 -69.489322
-20.9183 -27.5166 12.4491 -69.652111
-21.2964 -29.0814 13.3143 -69.817633
-21.83 -30.7644 14.0149 -69.977936
-22.4092 -32.288 14.7504 -70.128359
-23.1716 -32.8787 16.4102 -70.25684
-23.4458 -33.3976 17.1662 -70.375717
-23.9797 -35.1098 17.8018 -70.509173
-25.2888 -36.4276 18.1128 -70.629159
-26.4013 -37.9363 18.2431 -70.746102
-27.2908 -39.5473 18.3867 -70.858955
-28.9068 -40.2841 18.3568 -70.950691
-28.8386 -41.8551 18.071 -71.051367
-30.0593 -43.3052 18.0707 -71.144411
-30.6546 -44.9959 18.2212 -71.23654
-31.4097 -46.5757 18.3297 -71.321565
-32.6885 -47.8644 18.2798 -71.396512
-33.6705 -49.4532 18.3794 -71.471707
-34.3435 -51.1833 18.7706 -71.544765
-35.0428 -52.643 19.7515 -71.608687
-35.9334 -53.9164 20.8542 -71.664949
-36.4958 -55.5633 21.6175 -71.723537
-37.1515 -57.2664 22.1901 -71.779081
-37.503 -58.9135 22.7742 -71.829926
-37.2767 -60.629 23.5408 -71.878315
-38.3487 -62.1152 24.0868 -71.919097
-38.7835 -63.8894 24.6417 -71.961545
-39.0307 -65.5698 25.4324 -71.999134
-39.2448 -67.4312 25.7075 -72.036857
-39.4113 -69.2406 26.1323 -72.070764
-38.2265 -70.1613 27.1367 -72.086394
-37.9293 -71.6381 28.1838 -72.109161
-36.7386 -72.8721 28.5562 -72.125276
-35.4143 -74.1273 28.8617 -72.139522
-33.8413 -75.1427 29.2839 -72.147275
-32.9832 -76.7229 29.5771 -72.163191
-33.6399 -75.092 29.1649 -72.121009
-33.1635 -76.3575 28.5144 -72.127989
-32.6394 -77.9449 29.3953 -72.139247
-31.5586 -79.4236 29.8926 -72.147099
-30.8094 -81.0765 30.3763 -72.157077
-31.5811 -82.6547 30.6865 -72.165159
-31.7168 -84.5489 30.8274 -72.178122
-31.5105 -86.4537 30.8357 -72.190851
-31.5377 -88.3667 30.7633 -72.203428
-31.4829 -90.279 30.6456 -72.215893
-31.9235 -92.1277 30.4947 -72.227366
-32.2806 -93.9944 30.2829 -72.23947
-33.2826 -95.4749 30.073 -72.245239
-34.2923 -96.3147 29.212 -72.240427
-33.7984 -97.5646 29.0456 -72.243544
-33.365 -98.5644 30.3242 -72.24326
-34.9529 -99.5888 30.5864 -72.244721
-35.3561 -101.2379 30.5528 -72.258506
-35.425 -102.1901 29.7785 -72.261686
-35.4381 -103.6106 30.0236 -72.274866
-35.4329 -104.9525 28.8355 -72.288696
-35.4888 -106.6151 28.0477 -72.310341
-35.1318 -108.0258 29.2064 -72.329874
-34.5346 -109.5447 30.0645 -72.353818
-15.445 -16.6758 3.4162 -68.101524
-17.1123 -16.5493 2.7023 -68.28802
-18.8242 -16.1183 2.2844 -68.483201
-20.5247 -15.3962 2.2003 -68.667417
-22.3116 -15.3473 2.4856 -68.855067
-24.0423 -14.9367 2.9859 -69.0296
-25.7912 -14.8802 3.5418 -69.203098
-27.6376 -14.8877 3.7424 -69.370209
-29.4617 -14.8882 3.7168 -69.530186
-31.2202 -15.3922 3.5297 -69.692758
-32.7539 -15.8243 2.9445 -69.848248
-34.0829 -16.2305 1.7975 -69.996461
-35.3566 -17.1047 0.7776 -70.14661
-36.7811 -17.3591 0.0703 -70.279312
-38.4049 -17.2529 0.8951 -70.399754
-40.1857 -16.9717 1.2216 -70.511649
-41.9745 -17.3706 1.348 -70.629986
-43.6645 -17.7288 1.1737 -70.74245
-45.1638 -16.9527 0.472 -70.829789
-46.3865 -16.2335 -0.6264 -70.91351
-48.1583 -16.038 -0.1893 -71.00172
-49.5586 -16.5997 0.7893 -71.098735
-50.6275 -17.7832 1.5574 -71.201959
-52.4581 -17.9497 1.6886 -71.283126
-54.2203 -17.8442 1.1278 -71.355408
-55.6575 -18.4041 0.1681 -71.435527
-57.139 -19.2179 -0.5793 -71.516279
-58.8775 -19.6978 -0.9928 -71.587449
-60.4992 -20.5497 -0.8751 -71.661459
-62.2699 -20.9516 -0.784 -71.724217
-63.9605 -21.4851 -1.2025 -71.786485
-65.769 -21.6468 -1.2364 -71.838759
-67.4074 -21.948 -2.0416 -71.890478
-69.2303 -22.0478 -2.2783 -71.935752
-71.0405 -22.3933 -2.2 -71.982699
-72.76 -22.6876 -1.8978 -72.026058
-74.4248 -22.1245 -1.3042 -72.051928
-75.468 -21.5676 0.0962 -72.075591
-76.805 -21.0117 0.8974 -72.097021
-78.6304 -21.1688 0.7939 -72.128598
-80.2126 -21.6023 1.4208 -72.162998
-81.9055 -21.4802 1.8938 -72.185719
-83.3789 -20.5725 2.4839 -72.192854
-84.8475 -20.092 3.3977 -72.205667
-85.8797 -19.4106 4.4732 -72.2134
-86.9877 -17.9771 4.3817 -72.206348
-88.4094 -16.917 4.436 -72.204352
-89.1332 -16.2863 5.8123 -72.208673
-89.6827 -16.0961 7.5766 -72.219374
-90.6073 -14.9923 8.5732 -72.212777
-91.6573 -14.5236 9.9347 -72.216157
-92.216 -13.6924 11.4126 -72.21226
-93.3323 -12.5367 11.3011 -72.201569
-94.3529 -11.3333 10.4637 -72.189159
-95.9243 -11.359 10.3327 -72.197402
-97.085 -12.6874 10.4076 -72.227645
-98.637 -11.9209 10.4364 -72.22051
-99.8512 -10.5582 10.1484 -72.202232
-101.1467 -9.2581 9.9913 -72.184421
-102.9108 -8.8466 10.0308 -72.18155
-104.2043 -7.6318 10.4372 -72.164071
-105.7848 -7.7377 11.2376 -72.169186
-107.5295 -7.7352 11.7584 -72.171925
-108.7114 -6.5165 12.2914 -72.152938
-108.6826 -5.013 12.9437 -72.128564
-109.4316 -4.9691 14.0337 -72.129322
-110.9911 -5.321 13.2911 -72.136618
-112.3812 -4.7789 12.2565 -72.127901
-113.4541 -4.4164 10.8172 -72.121947
-15.5545 -17.632 4.3033 -68.118142
-16.8149 -18.3686 5.0193 -68.316301
-18.1535 -17.7371 5.9254 -68.506793
-19.3957 -17.6568 7.1162 -68.70262
-20.6245 -17.4395 8.329 -68.888254
-21.4073 -17.0773 9.8446 -69.065445
-22.3291 -16.4593 11.1562 -69.229891
-23.7986 -16.4039 12.1053 -69.397316
-24.636 -16.4397 13.5353 -69.561513
-26.0492 -16.413 14.4153 -69.716195
-26.5091 -16.6788 16.0866 -69.87257
-27.6416 -17.5424 16.452 -70.030145
-28.9683 -17.6171 17.1518 -70.167824
-30.2529 -16.8642 18.0015 -70.284814
-31.8112 -16.9615 18.7079 -70.41159
-32.7125 -16.0015 17.8716 -70.513712
-33.9732 -15.3124 17.8919 -70.615304
-35.5154 -14.9405 18.541 -70.717211
-36.8148 -15.2621 19.6037 -70.826305
-38.1095 -15.3947 20.6532 -70.926662
-39.3709 -15.3085 20.5665 -71.0194
-39.9084 -15.4165 22.2463 -71.111666
-41.4898 -16.1032 22.568 -71.207979
-43.1935 -16.3081 22.9719 -71.291369
-44.8671 -16.1005 23.426 -71.363193
-46.5874 -16.255 23.8037 -71.437511
-48.2806 -16.146 24.1613 -71.502687
-49.8848 -15.6408 24.6252 -71.557188
-51.569 -15.5809 25.1077 -71.615552
-53.1934 -15.8717 25.7123 -71.676402
-54.8397 -16.0518 26.2602 -71.731999
-56.4663 -15.7486 26.8593 -71.775343
-57.6381 -14.8744 27.7621 -71.805378
-58.8394 -13.7889 28.4214 -71.828543
-60.1932 -13.1386 29.3328 -71.856447
-61.8304 -12.6017 29.6751 -71.883298
-63.5039 -12.1508 29.7076 -71.908725
-64.8861 -11.121 29.4315 -71.921374
-65.5954 -10.0293 28.2627 -71.930451
-66.3587 -9.069 29.1123 -71.939311
-67.3994 -7.9254 29.8988 -71.942573
-68.8854 -7.8686 29.963 -71.962511
-70.5505 -7.352 29.9726 -71.972144
-72.0497 -6.4284 30.0037 -71.972513
-73.5599 -5.5098 29.9785 -71.970873
-74.8786 -4.3323 29.9264 -71.963055
-76.2236 -3.1844 29.9023 -71.953303
-77.2186 -1.7362 29.9278 -71.936281
-78.2778 -0.5048 29.7779 -71.921019
-79.9939 -0.3567 29.5292 -71.922683
-81.6519 -0.1123 29.479 -71.920586
-15.2282 -17.1379 4 -68.035646
-15.8134 -17.8487 4 -68.071514
-16.4306 -18.5318 4 -68.095569
-13.8552 -16.3527 0.6773 -67.266558
-6.8126 -12.9962 0.0714 -66.227382
-5.8684 -15.48 0.0572 -66.439363
-5.4058 -18.0693 0.0621 -66.679556
-4.8048 -20.6622 0.1442 -66.946739
-4.2378 -23.1032 0.3354 -67.239387
-4.2185 -23.3173 3.0099 -67.615304
-4.1991 -23.5292 5.6846 -67.96536
-3.9404 -24.0329 8.0609 -68.289486
-2.9465 -26.4423 7.8893 -68.626401
-2.9898 -29.1239 7.9366 -68.951914
-2.8312 -31.7921 8.079 -69.262449
-2.7737 -34.4658 8.0848 -69.559254
-3.1335 -36.1267 6.8772 -69.829554
-2.9668 -36.5649 4.2354 -70.067159
-3.5563 -38.3842 2.8887 -70.314951
-4.3063 -40.3834 1.497 -70.557614
-4.1208 -42.6459 0.2252 -70.796689
-4.2362 -43.7827 0.8959 -70.960625
-3.8312 -43.4159 2.8085 -71.042077
-3.4263 -43.0492 4.7211 -71.115617
-3.0214 -42.6825 6.6338 -71.181797
-2.6164 -42.3158 8.5464 -71.241129
-2.2115 -41.949 10.459 -71.29409
-1.8006 -41.5642 12.3611 -71.340807
-1.0504 -39.8462 12.7392 -71.360756
0.1758 -38.6585 13.5417 -71.385895
1.5902 -38.0395 13.8599 -71.418005
3.2347 -39.0768 14.2093 -71.475493
3.2862 -40.8715 14.6526 -71.543212
3.0921 -42.2179 15.9515 -71.600169
3.289 -43.8273 17.0278 -71.658957
3.7676 -45.0577 18.3989 -71.708738
5.3853 -45.2551 17.5078 -71.738053
6.4565 -45.5185 16.2146 -71.766753
6.4601 -45.5688 14.2263 -71.789797
7.3041 -46.1013 15.3965 -71.819364
7.7212 -46.6728 17.2551 -71.848154
8.2906 -47.8462 18.7417 -71.885953
8.7291 -49.4862 19.2615 -71.925976
9.1255 -50.9461 19.7272 -71.957107
10.0364 -52.2198 19.9693 -71.984183
10.7133 -53.6545 20.0389 -72.013326
11.8089 -54.3454 19.5071 -72.02876
12.1976 -54.6669 17.9921 -72.037039
13.1099 -54.8336 16.8714 -72.041934
13.5838 -54.6626 15.3738 -72.04037
13.6588 -54.6533 13.7788 -72.041165
13.7337 -54.644 12.1838 -72.041344
13.8087 -54.6347 10.5888 -72.040983
13.8837 -54.6254 8.9938 -72.040152
13.9586 -54.6161 7.3988 -72.038914
14.0336 -54.6068 5.8038 -72.037331
14.1085 -54.5975 4.2088 -72.035454
14.1663 -54.5744 2.6132 -72.032803
14.2206 -54.5486 1.0176 -72.029805
14.2749 -54.5228 -0.5781 -72.026654
14.3293 -54.497 -2.1737 -72.023399
14.3836 -54.4712 -3.7694 -72.020089
14.4379 -54.4454 -5.365 -72.016764
13.7113 -55.8095 -5.5929 -72.03771
13.1825 -57.2536 -6.0072 -72.060005
12.9567 -58.7053 -6.561 -72.082407
12.6682 -60.0281 -7.37 -72.102546
12.3514 -61.5353 -7.7387 -72.125916
11.9771 -63.0578 -7.8716 -72.149583
11.7617 -64.6275 -7.7751 -72.174111
11.4655 -65.9109 -8.3481 -72.193684
11.6675 -66.9063 -9.5712 -72.208284
11.728 -68.3207 -9.6289 -72.230283
11.6975 -68.4625 -8.07 -72.230135
11.4235 -69.5735 -7.0162 -72.24707
11.1196 -70.8404 -6.109 -72.266872
11.0275 -71.8722 -4.9846 -72.282701
11.2426 -73.2528 -4.3725 -72.304796
10.7531 -74.6674 -3.9199 -72.327661
10.425 -76.2016 -3.7062 -72.352789
10.77 -77.7411 -3.6532 -72.378188
11.0786 -79.2552 -3.6604 -72.403326
11.425 -80.7723 -3.755 -72.428694
11.2996 -82.2807 -4.0128 -72.454089
11.9706 -83.6675 -4.3963 -72.47753
12.7118 -84.5829 -3.8154 -72.492888
13.1706 -85.4159 -2.5821 -72.506978
13.3664 -86.853 -1.9391 -72.531798
13.3682 -87.667 -0.8755 -72.545877
8.6263 -48.9248 19.7774 -71.916601
8.971 -49.5407 20.9869 -71.93382
9.2099 -51.0475 20.8184 -71.96585
10.0927 -52.2943 20.5532 -71.9926
10.6868 -53.724 20.4404 -72.021856
11.4461 -54.1517 19.6321 -72.033014
11.5442 -54.2966 18.1881 -72.0386
12.9332 -54.8812 18.406 -72.051276
13.2774 -55.294 19.8309 -72.060472
13.7729 -56.2787 20.5319 -72.079131
14.3885 -57.7019 20.5127 -72.105001
15.16 -59.0485 20.6431 -72.129099
15.6443 -60.0525 21.5504 -72.146807
16.2084 -60.988 22.5631 -72.162948
17.2577 -61.2039 23.519 -72.16617
18.4454 -61.8839 23.9975 -72.177205
19.1422 -63.2514 24.2481 -72.199988
19.671 -63.8624 25.3071 -72.209281
20.2623 -64.3588 26.3522 -72.216374
21.638 -65.0559 26.1487 -72.226806
22.7173 -66.1327 25.8633 -72.243617
23.7256 -67.2733 25.5197 -72.261458
24.6112 -68.47 25.1932 -72.280248
24.9681 -69.954 24.971 -72.303999
24.9964 -70.9802 24.2159 -72.319577
24.9684 -71.117 22.6615 -72.319475
24.9404 -71.2538 21.1072 -72.319449
24.9124 -71.3907 19.5528 -72.319529
24.8648 -71.4567 17.9963 -72.318482
24.9221 -71.7069 16.7213 -72.32076
25.4185 -72.6144 17.5247 -72.334615
25.5779 -72.8182 19.0637 -72.336292
25.6724 -73.1458 20.5059 -72.340354
25.5385 -73.7136 21.7923 -72.348763
25.5469 -73.9336 23.3373 -72.351305
25.5553 -74.1535 24.8823 -72.354119
26.4257 -75.2629 24.9859 -72.37275
26.2037 -76.801 24.991 -72.399134
26.3234 -78.3421 25.0702 -72.425827
-4.7208 -44.7161 -0.023 -70.961343
-5.1299 -46.1818 0.6944 -71.047684
-5.3697 -46.9913 2.259 -71.118618
-5.7718 -48.0995 3.5791 -71.190572
-6.3113 -49.4357 4.5711 -71.262814
-6.1052 -51.0319 5.3148 -71.335842
-5.9754 -52.7323 5.8136 -71.407078
-5.3005 -54.3124 6.0843 -71.472747
-5.5666 -55.9139 6.2159 -71.535452
-6.3626 -57.4622 6.4728 -71.593938
-7.4327 -58.7683 6.9386 -71.645044
-8.3123 -60.0607 7.6969 -71.692857
-9.2075 -61.5771 7.5449 -71.741534
-10.0182 -63.1512 7.7642 -71.788373
-10.4982 -64.8336 7.9938 -71.834282
-11.098 -66.494 8.2496 -71.877149
-11.5795 -68.0917 8.8213 -71.916306
-11.4778 -69.48 9.814 -71.949257
-11.3768 -70.9824 10.6772 -71.98179
-11.1615 -72.6665 10.9417 -72.015157
-11.9531 -74.0675 10.3517 -72.041311
-12.2253 -75.2856 9.1163 -72.062082
-12.386 -76.5528 7.8889 -72.081621
-12.4919 -77.8973 6.8778 -72.100492
-12.6418 -79.6702 6.7282 -72.124924
-12.8923 -81.2283 7.3625 -72.143744
-13.0636 -82.0267 8.8276 -72.147422
-12.8375 -83.2389 8.8894 -72.156741
-12.4716 -84.694 8.0205 -72.168671
-12.6797 -85.5671 7.0599 -72.168854
-12.5183 -84.1321 6.1622 -72.127129
-12.5292 -84.0813 7.3739 -72.108214
-11.895 -85.6688 7.8198 -72.116712
-11.5229 -87.2946 8.4116 -72.124745
-10.3324 -88.1124 9.2259 -72.117564
-10.675 -89.8262 9.467 -72.124968
-11.2148 -91.4903 9.7261 -72.130677
-11.4919 -93.2205 9.9224 -72.136737
-11.8689 -94.9605 9.9938 -72.142158
-12.2215 -96.7085 9.9892 -72.147146
-12.5548 -98.4528 9.9031 -72.151423
-13.101 -100.1246 9.6027 -72.153977
-13.6123 -101.6942 9.0552 -72.154283
-14.5178 -102.8115 8.0351 -72.146298
-14.732 -103.8321 6.6289 -72.136273
-14.736 -104.949 5.3416 -72.127711
-14.7897 -105.5564 3.6632 -72.110129
-14.9175 -106.1934 2.0059 -72.093164
-14.8119 -107.3154 0.66 -72.08512
-14.3904 -108.3157 -0.7477 -72.075046
-14.0768 -109.6227 -1.5126 -72.070903
-14.1581 -111.3783 -1.2027 -72.07506
-14.4574 -112.7137 -0.3129 -72.072314
-14.5581 -113.8268 1.0481 -72.066453
-14.5629 -114.7419 2.5821 -72.05777
-14.3372 -115.8187 3.9677 -72.052951
-14.0073 -116.8255 5.38 -72.047867
-13.5104 -118.0936 6.4955 -72.048506
-13.0668 -119.695 6.5246 -72.056198
-12.4966 -121.0534 5.5568 -72.061041
-12.0851 -122.6625 5.1356 -72.071691
-12.5004 -124.2153 4.474 -72.082879
-12.6759 -125.9354 4.076 -72.098717
-13.0189 -127.5669 3.9008 -72.114714
-13.6129 -129.2115 3.7998 -72.132824
-14.5095 -130.7248 3.617 -72.150599
-15.1909 -132.314 3.2206 -72.171744
-16.0458 -133.6469 2.4524 -72.190535
-17.0046 -135.0632 2.0492 -72.213
-3.6471 -8.0538 -0.0157 -66.053718
-1.3228 -8.9468 -0.0471 -66.229709
0.9314 -9.9936 -0.0832 -66.407106
2.6625 -11.7633 -0.1495 -66.619483
3.884 -13.4015 -0.8686 -66.913594
4.2751 -14.1359 -3.2157 -67.480181
4.6663 -14.8703 -5.5627 -68.015179
5.0575 -15.6047 -7.9097 -68.521783
5.4487 -16.3392 -10.2567 -69.003035
5.5082 -15.6747 -11.481 -69.32659
5.7528 -14.1284 -10.9972 -69.488476
5.1317 -14.013 -9.0503 -69.669495
5.6382 -14.026 -8.2186 -69.851723
7.6439 -14.2766 -7.8039 -70.030722
9.6042 -14.0356 -7.3728 -70.188562
11.4824 -13.5321 -6.7322 -70.335825
12.4397 -13.1153 -5.3274 -70.479289
13.1732 -12.7275 -3.4442 -70.619423
14.0029 -12.5015 -1.5695 -70.757777
14.9232 -12.6143 0.2611 -70.897126
16.0509 -12.8503 1.9217 -71.034549
17.2291 -12.7352 3.6117 -71.163763
18.6969 -13.072 4.9744 -71.295102
20.4387 -12.843 5.9867 -71.414086
22.2399 -12.9948 6.2182 -71.50377
23.7688 -13.3762 5.9788 -71.561252
25.0057 -12.6222 5.3936 -71.596618
26.3571 -12.2571 4.8087 -71.636522
27.8738 -11.9691 4.5669 -71.675814
29.2461 -11.1445 4.4391 -71.70363
30.8012 -10.7714 4.3716 -71.737216
32.3851 -10.5715 4.2891 -71.771956
33.2233 -10.1298 4.9983 -71.800915
34.0663 -9.8024 5.9221 -71.830005
35.5597 -9.845 6.5062 -71.863737
36.9026 -9.7278 7.2501 -71.893126
38.2463 -9.5474 7.9246 -71.919654
39.7277 -9.1425 8.3952 -71.940698
41.1759 -8.7377 8.951 -71.960244
42.5633 -8.3419 9.5488 -71.97866
43.7337 -8.1277 8.583 -71.998852
45.1311 -8.0308 7.9631 -72.019702
46.5242 -8.3092 7.3517 -72.045781
47.4104 -8.3281 6.0274 -72.066297
48.547 -8.1523 4.9694 -72.082085
50.1277 -8.0481 4.8161 -72.097986
51.0302 -8.412 5.9293 -72.121298
52.4231 -8.5023 6.17 -72.138544
53.895 -8.5955 6.6905 -72.154913
54.9911 -8.7652 7.7616 -72.171634
56.4893 -8.9904 7.679 -72.188336
57.587 -10.1308 7.9043 -72.220132
59.0801 -10.6364 8.1455 -72.239982
60.6014 -11.0022 8.4608 -72.256463
61.9959 -11.5958 8.0265 -72.276077
62.9752 -11.9724 7.058 -72.291188
63.4644 -12.0743 5.5381 -72.300642
64.0395 -11.9612 4.047 -72.305595
64.4337 -11.9546 2.4888 -72.311612
64.823 -11.932 0.9297 -72.316487
65.2041 -11.8836 -0.6309 -72.320046
65.5558 -11.8356 -2.1985 -72.322799
65.8976 -11.7879 -3.7682 -72.324669
66.4194 -11.7876 -5.282 -72.326489
66.4944 -12.5596 -6.6605 -72.340925
21.8035 -12.9643 5.5087 -71.509731
22.2928 -12.8975 4.0421 -71.570339
22.782 -12.8307 2.5755 -71.626155
23.2713 -12.7639 1.1089 -71.677503
23.7606 -12.6971 -0.3578 -71.724683
24.2499 -12.6303 -1.8244 -71.767975
24.7391 -12.5635 -3.291 -71.807636
25.2284 -12.4967 -4.7576 -71.843907
25.7177 -12.4299 -6.2242 -71.877006
26.2069 -12.363 -7.6908 -71.907138
26.8935 -12.3131 -8.9994 -71.934998
27.9931 -12.1349 -10.0456 -71.958893
29.4155 -12.0244 -10.5719 -71.982466
30.9321 -12.139 -10.7879 -72.008442
32.4337 -12.4908 -10.7732 -72.037341
33.7283 -13.0404 -10.3346 -72.068272
34.9591 -13.7394 -9.781 -72.100549
36.3049 -14.3754 -9.3611 -72.130572
37.7863 -14.4064 -8.971 -72.149118
38.9765 -14.4204 -8.3072 -72.166227
39.509 -14.5028 -6.8771 -72.183358
40.803 -14.1184 -7.3333 -72.191118
42.1172 -13.7343 -7.9502 -72.197891
43.481 -14.2451 -8.4653 -72.219342
44.8322 -14.6862 -9.0455 -72.23867
46.2199 -15.1571 -9.5418 -72.257665
47.4998 -15.7968 -10.1041 -72.278719
48.4919 -16.341 -10.9949 -72.29734
49.2648 -16.5571 -12.2212 -72.309458
50.6437 -17.0063 -12.5265 -72.324826
52.1626 -17.2199 -12.7123 -72.335341
53.5098 -17.9199 -12.5815 -72.353612
54.8261 -18.5114 -12.0649 -72.369276
56.0144 -19.3898 -11.6485 -72.389222
57.1511 -20.3793 -11.2981 -72.410395
58.5784 -20.83 -11.009 -72.421396
59.5198 -21.3446 -11.6244 -72.432811
59.9152 -21.5013 -13.1121 -72.437179
60.3293 -21.6363 -14.5919 -72.440367
5.542 -17.4481 -11.9734 -69.338041
5.2752 -19.0549 -12.8511 -69.516355
4.5319 -20.5356 -13.6308 -69.686233
4.2842 -21.2679 -12.1504 -69.838857
4.5234 -21.5541 -11.2061 -69.975333
5.0916 -22.5097 -9.9139 -70.118569
5.6355 -23.6108 -8.5295 -70.258215
6.4022 -24.9693 -7.5369 -70.396826
6.6335 -26.3097 -6.3211 -70.529273
7.1852 -27.3717 -7.4784 -70.65234
7.7638 -28.2275 -9.037 -70.766322
9.1599 -28.8455 -10.0123 -70.870269
10.2945 -29.4271 -11.2255 -70.968772
12.0307 -29.9265 -10.7637 -71.06126
13.7255 -30.5864 -10.4924 -71.151715
15.1918 -31.515 -11.0288 -71.242237
16.7178 -31.6949 -12.0524 -71.315442
18.2188 -31.9125 -13.1144 -71.385024
19.9511 -32.1969 -13.7295 -71.451694
21.5074 -33.0418 -14.1745 -71.526293
22.8543 -34.2615 -14.6414 -71.603665
24.0059 -35.5947 -15.1729 -71.677486
24.5296 -37.1036 -15.7174 -71.75085
24.7232 -37.5624 -17.5262 -71.802968
25.1008 -38.2263 -19.2142 -71.855189
26.3789 -39.4506 -19.5884 -71.913543
28.1291 -39.8596 -20.0602 -71.954539
29.3513 -39.6098 -21.3429 -71.981186
30.6809 -38.9744 -22.3478 -71.998263
31.8544 -39.4408 -23.699 -72.031973
32.7072 -40.1312 -24.5207 -72.066965
34.1875 -40.0661 -24.2388 -72.086321
35.3747 -39.954 -25.6606 -72.102511
36.0556 -40.1808 -27.3735 -72.122607
37.1117 -40.5409 -28.8636 -72.142737
37.9499 -40.8975 -30.5002 -72.160797
38.8019 -40.6861 -32.1277 -72.167046
39.8174 -40.5169 -33.6425 -72.172199
40.8901 -40.7217 -35.068 -72.182198
42.5305 -41.61 -35.2384 -72.202572
44.3755 -41.8861 -35.4176 -72.210773
45.9871 -42.2694 -36.0731 -72.219486
47.4878 -43.2765 -36.1873 -72.237852
49.3319 -43.6209 -36.2065 -72.243459
51.1887 -43.712 -36.2324 -72.243589
53.0372 -43.4731 -36.3042 -72.23699
54.8899 -43.6769 -36.497 -72.237289
56.6959 -43.5991 -36.9065 -72.231902
58.2639 -44.1277 -37.6876 -72.236468
59.5341 -44.5902 -38.7803 -72.239275
60.5988 -45.0677 -39.8571 -72.241921
61.8729 -46.2433 -40.1922 -72.256398
63.3313 -46.5896 -41.0735 -72.256051
64.0217 -46.6763 -42.7931 -72.250909
64.5704 -46.7494 -44.583 -72.245416
64.8703 -46.6711 -46.4334 -72.237001
65.1687 -46.5915 -48.2839 -72.228841
65.5964 -46.5388 -50.1097 -72.221293
65.7108 -46.4215 -51.9702 -72.212376
65.6981 -46.2783 -53.8407 -72.203403
65.6854 -46.1351 -55.7113 -72.195118
65.6727 -45.9919 -57.5819 -72.187579
65.7296 -45.7497 -59.4403 -72.178852
65.8135 -45.4694 -61.2934 -72.170257
66.0243 -45.0935 -63.1166 -72.160834
66.1717 -44.6856 -64.9394 -72.151711
66.3305 -44.1781 -66.4646 -72.141816
5.6517 -16.7814 -12.2027 -69.371819
5.689 -16.9607 -13.7308 -69.60482
5.7263 -17.14 -15.259 -69.819818
5.7636 -17.3194 -16.7872 -70.018134
5.8009 -17.4987 -18.3154 -70.200996
5.8383 -17.678 -19.8436 -70.369545
5.8756 -17.8574 -21.3717 -70.524846
5.9129 -18.0367 -22.8999 -70.667884
5.9502 -18.216 -24.4281 -70.799577
5.9875 -18.3954 -25.9563 -70.92078
6.0248 -18.5747 -27.4845 -71.032283
6.0621 -18.754 -29.0126 -71.134823
6.0994 -18.9334 -30.5408 -71.229084
6.1367 -19.1127 -32.069 -71.3157
6.1741 -19.292 -33.5972 -71.39526
6.2114 -19.4714 -35.1254 -71.468312
6.2487 -19.6507 -36.6536 -71.535363
6.286 -19.83 -38.1817 -71.596882
6.3233 -20.0094 -39.7099 -71.653307
6.3606 -20.1887 -41.2381 -71.705042
6.3979 -20.368 -42.7663 -71.752462
6.4352 -20.5474 -44.2945 -71.795913
6.4725 -20.7267 -45.8226 -71.835717
6.5099 -20.906 -47.3508 -71.872172
6.5472 -21.0854 -48.879 -71.905551
6.5845 -21.2647 -50.4072 -71.93611
6.6218 -21.444 -51.9354 -71.964082
6.6591 -21.6234 -53.4635 -71.989683
6.6964 -21.8027 -54.9917 -72.013114
6.7337 -21.982 -56.5199 -72.034558
6.771 -22.1614 -58.0481 -72.054183
6.8083 -22.3407 -59.5763 -72.072144
6.8457 -22.52 -61.1045 -72.088582
6.883 -22.6994 -62.6326 -72.103628
6.9394 -22.8766 -64.1572 -72.117363
8.1498 -22.8799 -64.1006 -72.127137
8.9886 -23.516 -62.989 -72.147309
9.9314 -24.3205 -62.1091 -72.16969
10.5435 -25.411 -61.3105 -72.196479
11.1641 -26.7642 -60.9602 -72.22724
11.7371 -28.177 -61.0516 -72.258445
12.2468 -29.4991 -61.4619 -72.287528
12.6299 -30.7915 -61.1111 -72.315589
13.0367 -32.212 -60.6823 -72.345382
13.4206 -33.6473 -60.2909 -72.374959
13.672 -35.0666 -59.8345 -72.403775
13.7802 -36.5811 -60.0484 -72.433775
13.7177 -38.0731 -60.4184 -72.462911
13.5658 -39.5761 -60.7091 -72.491776
13.3014 -41.0704 -60.6511 -72.520009
13.3571 -42.0105 -59.4467 -72.538073
13.5377 -43.0476 -58.3404 -72.557312
13.6333 -44.0606 -57.3331 -72.575593
-2.4565 -0.91 0.0523 -66.35275
-2.8293 2.667 0.2464 -66.75067
-3.0866 6.216 0.7208 -67.137129
-2.2413 9.6979 1.5153 -67.515491
-0.7404 12.7593 0.9662 -67.889172
0.227 15.8879 -1.0884 -68.244104
0.5524 20.1154 -1.9386 -68.556509
0.4575 24.418 -2.5408 -68.855185
0.4389 27.3767 -5.5178 -69.166832
-0.013 29.9656 -8.7108 -69.474895
-0.1419 14.3216 0.264 -68.090928
0.8616 14.8245 1.2959 -68.293184
2.5303 15.409 3.4469 -68.643175
5.0961 15.9466 3.8822 -68.982096
7.8356 16.5695 3.9069 -69.311337
10.5566 17.2922 4.0994 -69.627197
13.2701 17.9524 4.5537 -69.936646
15.8121 18.8134 4.7988 -70.235786
17.2134 19.7132 4.344 -70.425686
17.5574 19.3689 4.0634 -70.426706
-0.9274 14.3109 0.2417 -68.227726
-2.5488 14.1754 0.0246 -68.439999
-4.1702 14.04 -0.1925 -68.631344
-5.6969 13.9854 -0.1496 -68.804258
-6.0083 14.0245 0.9686 -68.964361
-4.7591 13.8534 0.1003 -69.118135
-4.5248 13.8442 -1.5168 -69.293707
-4.3735 13.8457 -3.1513 -69.452854
-4.2222 13.8471 -4.7858 -69.591945
-4.0708 13.8486 -6.4202 -69.711806
-3.7648 13.9278 -8.018 -69.815458
-3.1571 14.1597 -9.5252 -69.904237
-2.5409 14.9686 -10.6984 -69.966004
-0.6612 32.5013 -8.9792 -69.641086
-1.3441 34.6869 -8.6538 -69.758908
-2.5162 37.7967 -7.959 -69.930033
-4.0883 40.798 -9.2426 -70.096709
-6.1771 43.4321 -10.5669 -70.263729
-7.4526 45.9637 -12.4793 -70.427265
-8.199 48.9959 -14.3148 -70.576429
-8.488 52.2581 -16.0262 -70.71572
-8.9751 55.6713 -17.3793 -70.847548
-8.9724 59.3456 -17.9864 -70.970268
-8.8355 62.9598 -18.9326 -71.090027
-8.1651 65.7964 -21.101 -71.219873
-8.071 69.4931 -21.2598 -71.331299
-8.0725 72.7987 -19.5494 -71.435749
-8.8931 75.9303 -20.6534 -71.509178
-9.8467 77.8663 -22.8286 -71.582044
-10.916 79.9845 -24.8489 -71.649632
-11.8107 82.572 -26.461 -71.711717
-13.9622 85.1541 -28.0376 -71.775419
-15.428 87.4195 -30.0798 -71.84226
-16.2874 89.1284 -32.8169 -71.90175
-17.1302 91.8068 -33.4334 -71.928237
-16.6579 94.7355 -33.3269 -71.948834
-16.2793 97.4317 -32.2507 -71.971982
-16.0966 100.3779 -31.8618 -71.989349
-15.6048 103.2146 -31.8672 -72.026038
-15.0646 104.6984 -30.0846 -72.103283
-14.4099 106.6313 -31.3901 -72.170489
-13.9013 109.3975 -31.7321 -72.221253
-13.1382 112.1018 -31.8855 -72.271342
-12.0288 114.6912 -32.2205 -72.321913
-9.9615 116.491 -32.7147 -72.384758
-8.3964 118.5551 -33.6954 -72.441612
-7.0441 120.3709 -35.2413 -72.501611
-16.3107 103.1222 -31.2609 -72.031737
-17.0106 105.6108 -30.0258 -72.09695
-17.7104 108.0993 -28.7907 -72.157679
-18.4103 110.5878 -27.5556 -72.214162
-19.1321 113.0846 -26.3544 -72.266501
-20.0839 115.6275 -25.7828 -72.31543
-21.6544 117.8269 -26.4818 -72.368633
-22.4041 120.0541 -28.0006 -72.419859
-23.8204 121.9956 -29.2918 -72.474514
-16.2837 88.4956 -30.6847 -71.921848
-16.9057 88.45 -28.8674 -72.010742
-17.5277 88.4044 -27.0501 -72.094562
-18.1496 88.3588 -25.2328 -72.173629
-18.7716 88.3131 -23.4155 -72.248238
-19.3936 88.2675 -21.5982 -72.318665
-20.0155 88.2219 -19.7808 -72.385164
-20.6375 88.1763 -17.9635 -72.447972
-21.2595 88.1307 -16.1462 -72.507307
-21.8814 88.0851 -14.3289 -72.563374
-22.5034 88.0394 -12.5116 -72.616359
-23.1253 87.9938 -10.6943 -72.666439
-23.7473 87.9482 -8.8769 -72.713776
-24.3693 87.9026 -7.0596 -72.75852
-24.9912 87.857 -5.2423 -72.800812
-25.6132 87.8114 -3.425 -72.840782
-26.2352 87.7657 -1.6077 -72.878551
-26.8571 87.7201 0.2096 -72.914232
-27.4791 87.6745 2.0269 -72.94793
-28.1011 87.6289 3.8443 -72.979743
-28.723 87.5833 5.6616 -73.009763
-10.6474 82.0467 -25.97 -71.713368
-9.8973 83.5702 -26.7997 -71.779159
-8.9166 84.4636 -28.1497 -71.853445
-7.9416 85.635 -29.2349 -71.920494
-6.7633 86.7616 -30.2244 -71.985849
-5.9934 87.8877 -31.5 -72.049043
-4.805 89.0805 -31.9871 -72.108944
-4.0074 90.0975 -33.2964 -72.170457
-3.642 91.5318 -34.1524 -72.222373
-3.5504 92.2381 -35.0395 -72.285314
-2.6112 93.3175 -34.37 -72.340202
-1.4138 94.7914 -34.5426 -72.386218
-0.1697 96.0984 -35.117 -72.433591
0.8889 97.112 -35.3375 -72.484631
1.8787 97.6218 -33.8386 -72.54312
3.297 98.6527 -34.2066 -72.590665
4.478 100.1526 -34.2331 -72.628373
5.7259 101.6013 -34.2783 -72.665673
6.9236 103.076 -34.3329 -72.700926
8.2378 104.4594 -34.2789 -72.736386
9.708 105.6324 -34.1824 -72.773939
11.0242 106.9149 -34.1788 -72.80829
12.03 108.5293 -34.2938 -72.83537
12.8387 110.237 -34.4028 -72.859358
13.6986 111.9172 -34.2947 -72.882359
14.9808 113.3035 -34.0183 -72.908964
16.3534 114.5382 -33.5266 -72.936704
-8.0122 74.6652 -19.0128 -71.52865
-7.3733 74.7434 -17.1393 -71.62484
-6.2129 74.8717 -15.5661 -71.71584
-4.6588 75.1485 -14.4836 -71.800832
-2.9313 75.2005 -13.5318 -71.886771
-1.1908 75.5548 -14.025 -71.964641
0.2492 75.4182 -15.2751 -72.048552
1.6994 75.2949 -16.4498 -72.129425
3.456 75.8724 -16.5978 -72.195666
4.909 77.061 -16.0201 -72.248831
6.3489 78.0205 -15.2054 -72.303645
7.6777 78.1558 -16.557 -72.371132
9.1932 78.8939 -17.1669 -72.425769
10.3243 80.3116 -17.9293 -72.466453
11.8031 81.2429 -18.8099 -72.513619
13.3202 82.0201 -19.7154 -72.561636
14.672 82.8734 -20.8357 -72.606415
15.8195 84.0369 -21.4716 -72.643888
17.3968 85.0052 -21.5241 -72.683062
19.1523 85.9091 -21.6233 -72.721647
20.835 86.8367 -21.5731 -72.75812
22.3782 87.6805 -22.4819 -72.794572
23.6336 88.6822 -23.6145 -72.82654
25.3121 89.236 -24.4178 -72.864728
26.9271 90.1776 -25.069 -72.895502
28.5711 91.1435 -25.6063 -72.924782
30.1849 92.1759 -26.0934 -72.950077
31.906 93.0582 -26.3886 -72.976172
33.349 94.3802 -26.2354 -72.992968
34.682 95.7638 -25.7885 -73.007041
36.0698 96.9946 -25.1164 -73.022166
-9.1332 71.1226 -19.9391 -71.466995
-11.2049 71.3971 -19.3463 -71.611109
-12.2503 72.1505 -17.4371 -71.744278
-13.2771 72.9723 -16.3017 -71.873681
-15.0629 74.4381 -16.0237 -71.989365
-17.1889 75.3374 -15.9102 -72.113366
-18.7708 76.7954 -16.5998 -72.2262
-20.2396 77.7578 -18.0502 -72.346902
-21.4318 79.2493 -19.3169 -72.45736
-22.4493 80.8848 -20.0685 -72.530857
-23.644 82.5321 -19.9209 -72.568696
-25.2693 83.8199 -19.7197 -72.611294
-26.4282 85.5474 -19.5741 -72.644895
-27.4271 87.2915 -19.7394 -72.677044
-28.2555 88.0894 -18.5764 -72.725152
-28.4362 88.7812 -16.6121 -72.774261
-28.7184 89.4709 -14.6555 -72.821743
-28.5952 90.5234 -12.9306 -72.861628
-28.0087 92.2281 -11.8717 -72.889071
-28.1824 93.3344 -10.523 -72.926194
-28.881 94.9101 -9.3484 -72.95421
-29.1637 96.6406 -8.2343 -72.978596
-29.7507 98.589 -7.8416 -72.998353
-31.2546 100.014 -7.7767 -73.026507
-32.9856 101.1833 -7.8435 -73.058243
-34.438 102.6859 -7.93 -73.083548
-35.8645 104.1959 -8.077 -73.107991
-37.7492 105.0636 -8.2888 -73.142904
-39.7252 105.5106 -8.4883 -73.184635
-41.4274 106.5542 -8.4275 -73.215393
-22.5697 79.9845 -21.0657 -72.549256
-23.5049 79.5868 -23.0086 -72.619785
-24.7357 79.2357 -23.1851 -72.681254
-26.0186 79.7983 -22.2548 -72.725099
-27.6912 80.6895 -21.9109 -72.761706
-29.3246 81.7314 -21.4655 -72.794218
-31.1306 82.4861 -21.4143 -72.830364
-32.9071 83.2024 -21.5235 -72.866039
-34.8537 83.2248 -21.3716 -72.912589
-36.6622 83.819 -20.8419 -72.94801
-38.0322 83.5029 -19.5874 -72.998338
-39.4902 83.5562 -18.2934 -73.04105
-40.9141 84.0358 -17.0459 -73.075266
-42.4783 85.0996 -16.5078 -73.09813
-44.0118 86.2891 -16.2793 -73.11781
-45.0805 86.8165 -17.3328 -73.148917
-45.3985 87.0849 -19.2874 -73.18336
-46.0085 87.5938 -21.1008 -73.212779
-46.5256 87.8633 -23.0125 -73.245517
-47.0124 88.1443 -24.9307 -73.277216
-48.0466 88.8001 -25.8124 -73.301072
-49.3531 89.8139 -24.8517 -73.317862
-23.4169 79.5945 -22.041 -72.591097
-7.4755 47.1812 -14.128 -70.567431
-6.6397 46.9581 -15.442 -70.682215
-6.0885 47.0624 -16.854 -70.783219
-5.6785 47.4504 -18.3124 -70.874002
-5.0375 48.1975 -19.4234 -70.952486
-4.9376 48.8586 -20.8471 -71.027353
-4.8994 49.5688 -22.2208 -71.095945
-4.8067 50.8524 -23.1201 -71.148612
-4.348 52.1399 -23.896 -71.199204
-3.8636 53.4258 -24.6617 -71.241727
-3.2759 54.7308 -25.2965 -71.276464
-2.6137 56.0992 -25.6637 -71.303896
-1.9972 57.5231 -25.7699 -71.324689
-0.7472 58.4335 -25.8246 -71.348498
0.1834 59.5702 -25.9895 -71.362259
1.0556 60.8294 -26.3063 -71.367549
1.4265 62.1744 -26.9168 -71.364817
1.2466 63.3678 -27.9187 -71.358102
0.8615 64.5278 -28.8693 -71.345054
-1.2039 34.2315 -8.7378 -69.77485
-2.1645 36.692 -8.3921 -69.968827
-3.11 39.1845 -8.3928 -70.154545
-3.9026 40.3411 -6.7187 -70.356853
-4.4638 40.8393 -4.1593 -70.565058
-5.2514 41.2336 -1.6507 -70.768961
-6.4986 41.3875 0.6577 -70.971234
-6.9016 41.3668 3.1344 -71.173092
-8.3244 41.1475 5.0228 -71.372321
-9.0777 42.2825 6.6587 -71.511695
-10.4818 44.1286 6.7312 -71.602556
-12.0542 45.877 6.472 -71.691577
-13.7926 47.4551 6.7415 -71.78039
-14.3287 48.7274 8.6097 -71.871984
-14.2892 50.0448 10.5825 -71.959732
-14.3831 52.2013 11.5125 -72.030035
-15.4653 54.1641 11.5993 -72.101283
-15.9872 56.1264 10.7348 -72.170503
-15.9935 58.493 10.4465 -72.230624
-16.6674 59.2873 8.5547 -72.317156
-17.4698 59.7595 6.3608 -72.407655
-17.8092 61.9411 6.2291 -72.466555
-19.8136 62.8997 6.5069 -72.546076
-21.3274 63.1601 7.9551 -72.637393
-22.8218 64.0013 9.1439 -72.697952
-24.7396 64.6596 9.7419 -72.740465
-25.9313 65.6939 8.2209 -72.775018
-27.3521 67.091 7.1443 -72.801984
-27.8515 68.7801 5.7356 -72.822659
-28.9706 70.1238 4.2552 -72.848151
-29.8302 71.1977 2.3661 -72.87741
-30.5772 72.9481 2.3143 -72.893904
-31.2511 73.9836 4.3225 -72.921961
-31.8836 74.7971 6.3519 -72.953142
-33.4979 76.3178 6.0157 -72.970942
-35.3494 77.7054 5.6794 -72.990314
-36.2359 77.7987 3.4859 -73.031928
-36.823 78.2142 1.2302 -73.067311
-37.2962 78.8752 -1.0041 -73.097781
-38.0777 79.5243 -3.1351 -73.127682
-38.5828 79.8578 -5.4262 -73.162881
-40.1286 80.7679 -6.86 -73.1872
-41.8887 81.3717 -5.9333 -73.216507
-43.201 81.2826 -4.0378 -73.257675
-44.3102 81.7185 -2.0187 -73.289149
-23.2557 64.0561 8.131 -72.696512
-24.9649 64.9635 8.1844 -72.734058
-26.0616 65.9005 8.9001 -72.771035
-26.305 66.1448 10.8713 -72.819452
-26.4364 66.2766 12.8582 -72.867913
-26.7662 66.3845 14.8041 -72.91571
-28.2543 66.3369 15.7942 -72.965112
-29.7596 66.2207 16.7645 -73.015065
-29.8152 66.2528 18.7633 -73.061593
-30.2709 66.9957 19.6957 -73.094831
-31.7156 67.9135 20.4594 -73.124504
-32.1409 69.5247 21.5115 -73.141257
-33.0427 71.1208 22.2483 -73.157427
-33.7682 72.7602 23.0868 -73.172116
-34.714 74.4169 23.6586 -73.185714
-35.5114 76.0162 24.4887 -73.199631
-35.8784 77.7991 25.2812 -73.209731
-36.6919 79.4931 25.9091 -73.220704
-37.5921 81.2366 26.1638 -73.230052
-37.9648 82.9348 26.6532 -73.239756
-38.1232 84.1537 28.0096 -73.256997
-37.4894 85.6297 29.04 -73.269058
-37.0034 87.4849 29.1485 -73.273762
-36.7841 89.4485 29.2879 -73.277058
-36.3959 91.4052 29.448 -73.279632
-9.6387 41.5186 6.3846 -71.50967
-11.2133 41.8239 6.3128 -71.595717
-12.0979 42.4791 4.8865 -71.672979
-13.2557 43.35 3.9751 -71.742645
-14.2423 43.577 2.4577 -71.820525
-15.3556 43.71 1.0276 -71.896721
-15.9894 44.5732 -0.4476 -71.957238
-16.6871 45.12 -2.0478 -72.020246
-17.7188 45.8368 -3.2857 -72.0777
-18.5783 46.8498 -4.5254 -72.127174
-19.9074 47.2662 -5.6939 -72.184393
-21.5852 47.5437 -6.3542 -72.241351
-22.9761 48.6597 -6.3259 -72.280977
-24.3563 49.8697 -6.2079 -72.31662
-25.8552 50.8966 -6.0169 -72.352949
-27.0962 51.9486 -5.4199 -72.386788
-27.9482 52.3876 -3.9646 -72.429342
-29.654 52.5789 -3.9322 -72.473811
-30.6445 52.9077 -5.3714 -72.513911
-32.0441 53.5066 -6.2656 -72.547174
-33.4656 54.634 -6.5349 -72.569124
-34.9544 55.5474 -7.0531 -72.592747
-36.2819 56.6634 -7.6004 -72.610875
-37.6486 57.8611 -7.7756 -72.625729
-38.5034 59.4777 -7.6459 -72.631337
-39.3718 61.0534 -7.2838 -72.635621
-40.2991 62.551 -6.7638 -72.639401
-41.2384 64.045 -6.261 -72.641417
-41.8614 65.6914 -5.7694 -72.638849
-42.4591 67.2851 -5.1652 -72.635367
-43.3383 68.5969 -4.4191 -72.634936
-44.4522 70.0317 -4.1392 -72.630396
-45.5063 71.5345 -4.0501 -72.622824
-46.5569 73.035 -4.1531 -72.613352
-47.8716 74.2263 -4.5515 -72.607338
-48.8625 75.1738 -5.5759 -72.603607
-49.2408 75.7623 -7.2733 -72.604231
-49.4584 77.0985 -8.4631 -72.589636
-49.9501 78.752 -8.946 -72.567405
-51.026 79.8745 -9.2484 -72.552283
-51.28 79.9424 -10.8927 -72.553444
17.7044 20.951 4.9703 -70.505166
18.2015 22.2043 5.6044 -70.581412
18.6985 23.4577 6.2386 -70.653579
19.0912 25.152 6.8819 -70.737768
19.429 27.2733 6.757 -70.832264
20.0937 28.9393 5.4586 -70.930022
20.5192 30.5261 4.0181 -71.024758
21.7848 31.8769 2.8501 -71.119605
22.0977 33.1829 1.0434 -71.211379
23.2662 34.71 0.0406 -71.295023
23.7528 35.2305 -1.9989 -71.393102
24.4415 36.3316 -0.4475 -71.47779
25.2156 37.3871 1.3732 -71.559826
25.5431 38.1412 3.4507 -71.644225
26.3109 39.4951 5.0553 -71.714689
27.3125 40.7429 3.9319 -71.784234
27.6125 41.5008 5.9749 -71.860278
27.8649 42.4672 7.8245 -71.929928
28.5761 44.0126 9.106 -71.986773
29.3017 45.8785 9.8466 -72.03559
29.8444 47.4239 10.9837 -72.088384
29.8427 48.4745 12.9418 -72.147566
30.4043 50.5089 13.6559 -72.187483
32.2661 51.6774 14.0416 -72.240829
33.7432 53.3643 13.9508 -72.283372
35.3704 54.8773 13.6311 -72.327469
36.404 56.7929 13.1328 -72.363097
37.9566 57.9008 12.228 -72.411311
39.1636 59.6692 11.6914 -72.446774
40.7811 61.2139 11.412 -72.485028
42.5407 62.5144 11.7504 -72.526265
43.9242 63.8221 12.81 -72.566474
45.3908 65.165 13.6376 -72.60504
45.9271 67.2097 14.1714 -72.630189
46.6355 69.1359 14.3788 -72.65653
48.3635 70.1089 14.8857 -72.698772
49.6569 71.9103 15.1633 -72.726833
50.9513 73.7475 15.4455 -72.753532
52.8054 74.9337 15.6383 -72.789759
54.7263 75.5702 15.6827 -72.834863
56.0864 76.9982 15.657 -72.865471
57.1449 78.0802 14.4904 -72.901688
58.894 79.349 14.0314 -72.933825
60.9129 80.2627 14.3307 -72.971493
62.6887 81.5896 14.007 -73.001354
64.1912 82.1373 14.8133 -73.044476
65.3934 82.3955 16.5144 -73.091889
66.9021 83.2776 17.6975 -73.127511
67.4164 84.9808 18.6495 -73.148007
68.0681 86.9646 19.2519 -73.162604
18.9087 24.0362 7.1126 -70.691661
19.1476 18.9083 3.9431 -70.538217
20.9905 18.3979 3.8423 -70.659401
22.9152 18.2333 3.6481 -70.769926
24.7758 17.8958 3.3306 -70.878717
26.5871 18.0132 3.1308 -70.975203
28.3023 18.6484 3.6845 -71.058461
29.9424 18.8206 4.6508 -71.145566
31.2866 18.6601 5.9911 -71.234809
32.7096 18.1098 7.1234 -71.326927
34.1103 16.8391 7.543 -71.427798
35.4164 15.4177 7.7072 -71.527781
36.5618 14.0174 7.4707 -71.623835
38.0589 13.6462 6.35 -71.698465
39.8047 13.3092 5.8907 -71.769168
41.5119 12.7068 5.2455 -71.841367
42.8693 12.0614 4.0202 -71.911399
44.4573 11.3345 3.2295 -71.979816
45.9294 10.8303 2.4767 -72.041606
47.1014 10.1377 3.6205 -72.103804
48.3849 9.3089 4.6779 -72.165642
49.394 9.6773 6.2389 -72.204235
50.6478 10.0528 7.6185 -72.240151
51.9327 9.8336 9.0023 -72.283971
53.4883 10.1208 10.104 -72.316596
55.2334 9.8227 9.9071 -72.357207
57.0597 9.924 9.3135 -72.390669
58.8743 9.6526 8.6558 -72.429387
60.689 9.3812 7.9981 -72.465021
62.4959 9.1815 7.3186 -72.496594
64.0964 9.6659 6.3822 -72.514159
65.6128 10.0298 5.5676 -72.532191
66.3879 8.7348 6.61 -72.577716
67.0408 7.9267 8.2378 -72.613167
67.6184 7.3624 10.0083 -72.643009
68.2214 6.7991 11.7671 -72.671474
68.8557 6.3245 13.5452 -72.696981
69.5936 6.0215 15.3177 -72.71833
70.6128 5.6939 16.9232 -72.738828
71.846 5.1297 18.3139 -72.762234
73.446 5.6128 19.1551 -72.766302
75.1394 5.1362 19.9892 -72.786315
76.7792 5.1163 20.887 -72.797187
78.3203 5.541 21.9782 -72.799395
79.5543 6.0354 23.1887 -72.79953
80.477 6.477 24.7608 -72.799755
82.1371 6.4027 25.3832 -72.80827
83.992 6.8997 25.7174 -72.806099
85.8702 6.8251 26.0726 -72.813281
87.7509 6.7088 26.4848 -72.820581
89.6348 6.7028 26.6547 -72.825378
91.0074 6.4378 25.4152 -72.834154
92.1971 6.0461 24.0228 -72.844647
93.1627 5.5053 22.7795 -72.857338
93.4181 5.3578 20.8527 -72.862663
93.6827 5.205 18.9277 -72.867602
93.9559 5.0473 17.0042 -72.872168
94.7999 4.5071 17.8661 -72.882947
-1.9865 16.2264 -10.9822 -69.996449
-1.6114 17.3396 -11.0385 -70.012759
-1.1973 18.2526 -10.4886 -70.024169
-0.4899 18.8695 -10.968 -70.032162
0.4947 18.656 -11.4238 -70.045445
-5.9486 122.6202 -36.4545 -72.552932
-4.8563 124.4889 -38.1946 -72.609882
-3.4433 126.1431 -39.8024 -72.669481
-2.2407 128.597 -40.3971 -72.714068
-1.5188 131.295 -40.1613 -72.753546
-1.6696 134.0734 -40.2753 -72.790794
-2.517 136.7345 -40.7076 -72.829382
-3.2762 139.4376 -41.1589 -72.866589
-4.1563 142.1305 -41.3938 -72.903322
-4.9956 144.8475 -41.5126 -72.939116
-4.2109 147.46 -41.641 -72.976138
-3.9407 150.1251 -41.6099 -73.011876
-3.8535 152.9656 -41.6389 -73.044067
-3.8797 155.8081 -41.7765 -73.075962
-3.362 158.4701 -41.8809 -73.110754
-3.9026 161.1882 -41.8597 -73.144318
-4.6546 163.8938 -41.7416 -73.177896
-4.458 166.7321 -41.7051 -73.208995
-4.7248 169.4267 -41.9823 -73.242493
-5.9516 171.9513 -42.4086 -73.278942
-6.8697 174.6164 -42.5236 -73.312871
-7.1469 177.3942 -42.5991 -73.344877
-8.5483 179.5426 -43.6297 -73.387966
-9.0965 181.9163 -44.9846 -73.42739
-9.3572 184.5276 -45.8738 -73.462656
-10.3037 185.8819 -45.5629 -73.499491
-12.6165 185.7411 -44.527 -73.541191
-14.6492 185.7303 -43.1953 -73.579676
-16.2496 187.2653 -42.1906 -73.590633
-17.9145 189.1431 -41.8854 -73.595228
-19.4479 191.0685 -41.5909 -73.598632
-21.0169 192.9475 -41.0017 -73.602536
-22.4125 194.4386 -40.3024 -73.612915
-23.7068 195.9472 -39.0039 -73.622709
-25.0392 197.7028 -39.8911 -73.627881
-25.8175 200.0563 -40.2799 -73.622288
-26.6369 201.4551 -41.5533 -73.63319
-27.5289 202.2594 -40.2727 -73.654217
-29.472 203.3638 -40.3713 -73.66964
-31.4096 204.4733 -39.3932 -73.68471
-31.9894 205.4816 -37.1556 -73.701431
-32.896 206.6385 -35.2063 -73.715187
-33.7738 206.9925 -32.8727 -73.74279
-35.326 208.2821 -31.3862 -73.753631
-36.5537 210.18 -30.3332 -73.753558
-37.6503 212.1937 -29.5135 -73.751175
-38.7499 214.0475 -28.2022 -73.75136
-38.8366 216.2339 -27.1303 -73.745487
-39.8429 217.9451 -25.6872 -73.747692
-40.3547 220.3663 -25.6679 -73.737248
-9.0607 186.6005 -47.0068 -73.488376
-8.6412 188.5188 -48.1723 -73.497479
-7.9227 189.8909 -49.7878 -73.515967
-7.3389 191.2666 -51.5099 -73.53419
-6.8689 192.8579 -53.067 -73.548382
-6.5717 194.5306 -54.6272 -73.560968
-6.699 195.7688 -56.5782 -73.581032
-6.6007 197.3796 -57.9455 -73.594315
-5.361 198.4457 -59.4593 -73.616973
-4.0706 199.0919 -61.2062 -73.646816
-2.56 200.3359 -61.9713 -73.665879
-1.1767 202.1203 -62.473 -73.675305
0.1257 203.765 -63.1817 -73.686938
0.5779 205.9809 -62.9411 -73.688429
1.7705 207.8999 -62.7909 -73.694927
1.7806 210.0234 -63.3852 -73.697686
1.251 212.0868 -62.5412 -73.701357
0.3882 214.2228 -62.3899 -73.703532
-0.4598 216.2968 -62.9067 -73.706611
-1.2479 218.4121 -63.4146 -73.708824
-2.0973 220.5416 -63.7457 -73.710623
-3.4118 222.4275 -63.923 -73.71651
-5.2388 223.8332 -64.0726 -73.730629
-7.0057 225.2983 -64.337 -73.743549
-8.1122 227.0393 -64.9339 -73.751556
-8.3675 229.0243 -65.402 -73.746503
-8.7031 230.7886 -65.6689 -73.736527
-9.2813 232.5101 -65.8231 -73.727082
-9.2237 228.2929 -64.8468 -73.756761
-10.9382 228.5001 -64.259 -73.768588
-12.6565 228.7042 -63.682 -73.779795
-25.5183 124.0162 -29.3962 -72.519949
-26.4756 125.8583 -28.1987 -72.561245
-27.6755 127.8327 -27.6028 -72.599239
-27.9279 128.8492 -29.077 -72.65321
-28.5728 129.8586 -27.39 -72.706737
-29.4951 131.5172 -26.0388 -72.74764
-30.3172 133.5583 -25.0126 -72.781068
-30.9903 134.755 -23.0132 -72.828455
-31.8576 136.0757 -21.167 -72.872856
-32.9249 137.8539 -19.8699 -72.908437
-34.7749 138.8966 -19.3111 -72.956172
-36.3176 139.9122 -18.0849 -73.003529
-37.4604 141.3871 -16.8864 -73.042085
-38.6623 143.1941 -16.0632 -73.074166
-40.1691 144.5551 -14.9429 -73.1134
-41.2877 146.3296 -14.9203 -73.144722
-42.5778 148.1549 -14.027 -73.174382
-43.9866 149.9737 -13.1872 -73.203324
-45.0144 151.7833 -12.0503 -73.231745
-45.5532 153.8159 -10.8393 -73.255571
-46.3861 156.0367 -10.2537 -73.275377
-46.9837 158.3901 -9.9517 -73.292052
-47.8117 160.6751 -9.7756 -73.309258
-49.0447 162.6915 -9.706 -73.330374
-50.015 164.9082 -9.8518 -73.347253
-51.5234 166.8379 -9.9384 -73.368411
-52.9161 168.8061 -9.9279 -73.388134
-54.0733 170.9215 -9.7859 -73.404553
-55.7453 172.652 -9.5467 -73.426928
-57.6094 174.1497 -9.6472 -73.452609
-59.246 175.273 -8.9172 -73.484085
-60.6519 176.3429 -7.7572 -73.515682
-61.8971 178.3631 -7.4187 -73.529839
-62.7492 180.6081 -7.5045 -73.539289
-63.9736 182.7158 -7.7021 -73.550252
-65.2308 184.8141 -7.6187 -73.560497
-66.7492 186.7003 -7.6491 -73.573562
-68.417 188.4651 -7.7574 -73.5879
-69.4591 190.6092 -7.7695 -73.594668
-69.6776 192.1396 -9.5531 -73.611431
-70.6232 193.0213 -8.854 -73.63913
-70.9662 193.1386 -6.4297 -73.679187
-71.4596 193.5338 -4.0639 -73.713359
-72.1758 195.2071 -3.9513 -73.723824
-73.6159 196.7389 -5.1111 -73.735712
-74.8609 198.522 -6.148 -73.74217
-75.7426 199.5734 -7.6936 -73.760431
-75.3694 199.5725 -10.1146 -73.796609
-74.4019 199.6256 -11.6143 -73.830253
-73.8016 200.0979 -9.3728 -73.855546
-74.5843 201.3776 -7.8285 -73.865457
-75.66 202.8847 -6.3385 -73.870206
-76.7569 204.7933 -5.2692 -73.866715
-77.7876 206.5222 -4.0466 -73.865203
-78.7815 208.5213 -3.0989 -73.857711
-29.3228 87.5393 7.4141 -73.037065
-29.9005 87.4969 9.1019 -73.06195
-30.4781 87.4545 10.7898 -73.085487
-31.0558 87.4122 12.4776 -73.107733
-32.2782 87.1841 13.3671 -73.132101
-33.8866 86.6278 13.8875 -73.161528
-35.2533 87.1539 14.4242 -73.171345
-35.8481 87.8038 15.3321 -73.178307
-36.8463 86.9864 16.4788 -73.210295
-38.3951 86.3544 16.7879 -73.238378
-40.0436 86.842 16.4412 -73.246235
-41.676 86.6973 15.7688 -73.264553
-43.0795 86.67 14.6822 -73.28021
-44.7397 86.6061 14.8133 -73.295916
-46.2784 86.3685 14.6265 -73.314092
-47.931 85.969 14.7511 -73.334528
-49.3382 85.0184 15.2541 -73.364065
-51.0157 84.5548 15.4912 -73.384555
-52.76 84.3802 15.7377 -73.399437
-54.4766 84.1118 16.1326 -73.415436
-56.1575 83.722 16.5614 -73.433071
-57.6854 83.1665 17.2616 -73.453125
-59.449 83.0129 17.2864 -73.46565
-61.2047 83.1213 17.0316 -73.473113
-62.4985 83.4162 16.057 -73.476878
-64.2493 83.561 15.9695 -73.482837
-65.9938 83.4285 15.6473 -73.493236
-67.7202 83.5173 15.2308 -73.499362
-69.055 83.036 14.2322 -73.515078
-69.8653 82.2066 12.9383 -73.536513
-71.0115 81.258 11.9738 -73.559657
-72.4278 80.4398 11.5445 -73.580173
-73.698 79.222 11.6667 -73.607307
-74.8344 77.8746 11.8888 -73.636334
-76.1909 76.8138 12.1994 -73.660015
-77.7152 76.0674 12.6693 -73.67784
-79.2241 75.3783 13.2714 -73.694299
-80.5771 74.3384 13.7242 -73.716536
-81.948 73.2954 14.1285 -73.738466
-83.3128 72.1963 14.4348 -73.761001
-84.2563 70.7511 14.49 -73.789215
-85.9688 70.3467 14.3507 -73.79884
-87.6869 70.083 14.43 -73.805602
-89.1236 69.3762 14.9056 -73.819709
-90.0942 69.1674 16.3612 -73.824697
-91.4773 68.4273 17.0893 -73.83854
-93.1744 68.4543 17.5737 -73.838526
17.4714 115.5383 -32.7054 -72.962935
18.7181 116.515 -32.6736 -72.984552
19.4474 117.9165 -32.6863 -72.997513
20.2746 119.2604 -32.6312 -73.010405
21.0837 120.5882 -32.4636 -73.022379
21.7758 121.9988 -32.2416 -73.031709
22.3094 123.4582 -32.1155 -73.038983
23.1409 124.8071 -32.0128 -73.046881
23.9385 126.1782 -31.9172 -73.05319
25.0849 127.2066 -31.902 -73.06408
25.7601 127.3047 -33.2559 -73.090149
26.628 127.211 -34.5602 -73.11821
27.4583 127.1967 -35.7592 -73.143255
28.395 127.5305 -34.6253 -73.160673
29.5644 128.205 -33.8463 -73.170456
30.5696 128.6374 -32.8152 -73.182928
32.0051 129.043 -32.2921 -73.194114
33.4128 129.4399 -31.6761 -73.203665
34.7649 130.0848 -31.1622 -73.207019
36.07 130.7044 -30.5266 -73.208908
37.2954 130.2845 -29.7509 -73.227034
38.6668 129.8544 -29.4393 -73.243337
40.0959 129.824 -28.9371 -73.250546
41.6596 129.7812 -29.1527 -73.255829
43.163 129.7557 -29.5887 -73.258577
37.3605 97.6671 -24.1386 -73.041981
38.5247 98.3419 -23.3011 -73.057224
39.4075 98.7958 -22.0704 -73.075294
39.7833 99.3954 -20.6642 -73.089741
39.86 99.407 -19.0804 -73.113615
40.1939 99.8932 -18.7303 -73.127723
40.4963 100.318 -20.2174 -73.141882
41.4643 101.4944 -20.1061 -73.141504
42.3976 102.7119 -19.7798 -73.139131
43.1049 104.0833 -19.5568 -73.132823
44.0865 105.3182 -19.6544 -73.127548
44.7899 106.7249 -19.7113 -73.117959
45.9094 107.8469 -19.694 -73.111975
47.0015 108.9935 -19.6267 -73.104174
47.4874 110.1272 -19.5101 -73.095495
47.4694 110.2183 -21.0953 -73.104609
47.4514 110.3094 -22.6805 -73.111926
47.4334 110.4005 -24.2657 -73.117454
47.4153 110.4915 -25.8509 -73.121198
47.3973 110.5826 -27.4361 -73.123161
47.3793 110.6737 -29.0213 -73.123345
-43.1464 107.2097 -8.6051 -73.248602
-44.2349 108.3552 -9.2701 -73.269156
-45.5183 109.1815 -10.1573 -73.294866
-46.5455 110.332 -10.9218 -73.314474
-47.6198 111.4497 -11.7523 -73.33421
-48.7733 112.6103 -11.9929 -73.35278
-49.0763 114.3515 -11.8794 -73.360811
-49.3422 116.0762 -11.586 -73.36863
-49.7822 117.0822 -10.2937 -73.388683
-50.4256 118.2912 -9.1739 -73.404745
-50.9978 119.2379 -7.7863 -73.424984
-51.2625 120.0244 -6.2601 -73.447678
-51.6654 121.1492 -4.9912 -73.46386
-51.9476 122.7357 -4.2703 -73.471499
-52.5998 124.2212 -3.6393 -73.480391
-53.274 125.7541 -3.0637 -73.487876
-53.9887 127.1954 -2.3704 -73.496432
-53.963 128.1021 -0.9245 -73.514137
-54.6255 128.6873 -0.6995 -73.537009
-55.0557 128.8462 -2.4173 -73.56686
-55.7093 129.6088 -3.8029 -73.585206
-56.3904 130.5701 -3.4395 -73.599466
-57.2397 131.7558 -2.5815 -73.609178
-57.7383 132.4193 -1.0375 -73.627623
-58.1997 132.8604 0.5026 -73.649126
-59.135 134.2149 0.2827 -73.653809
-59.5411 135.9385 0.3726 -73.651212
-60.3211 137.5272 0.4547 -73.650156
-61.5615 138.7924 0.4272 -73.653892
-62.8427 140.0202 0.4049 -73.657466
-63.9756 141.337 0.4784 -73.658572
-65.5415 142.0698 0.6041 -73.668969
-66.8201 143.3029 0.6105 -73.669656
-67.9523 144.6731 0.6097 -73.667511
-69.0106 146.0943 0.6091 -73.662982
-69.7753 147.6531 0.6561 -73.654834
-69.9859 148.4831 2.1055 -73.658466
-70.4429 149.3779 3.3991 -73.659725
-71.6135 150.4383 2.691 -73.656848
-72.4835 151.5429 1.7355 -73.651948
-72.9227 152.8592 2.7049 -73.642095
-72.5877 154.4469 3.3601 -73.626154
-73.0119 156.1489 3.5593 -73.606866
-73.1545 157.8864 3.5882 -73.58555
-74.1953 159.319 3.6169 -73.568132
-74.932 160.9303 3.7174 -73.546135
-75.2192 162.6661 3.8423 -73.520463
-75.4158 163.3004 5.1393 -73.512591
-75.4017 163.5667 6.8972 -73.509572
-50.1374 90.531 -23.3634 -73.337119
-51.2673 90.8857 -22.5511 -73.359918
-52.7159 91.6607 -23.1098 -73.374722
-54.0702 92.6015 -23.357 -73.38607
-55.4386 93.0469 -22.4458 -73.405507
-56.998 93.6059 -21.9041 -73.422414
-58.5673 94.2413 -21.5078 -73.437403
-59.4515 94.8578 -20.2839 -73.45236
-60.3751 95.9904 -19.3491 -73.457531
-61.639 96.317 -18.2753 -73.476282
-62.5765 96.8459 -17.7339 -73.49094
-63.9654 97.6322 -17.7098 -73.500593
-65.6166 98.1559 -17.9424 -73.514267
-67.3141 98.5251 -18.0363 -73.5301
-68.9906 98.999 -17.9141 -73.543473
-70.4527 99.8368 -17.5623 -73.549939
-71.8636 100.5751 -16.8437 -73.557541
-73.2945 101.1084 -16.0241 -73.568114
-74.8032 101.5319 -15.3155 -73.580004
-76.2937 102.0431 -14.7677 -73.589742
-76.9439 103.3194 -13.9021 -73.585485
-77.7853 104.5384 -13.0235 -73.581585
-79.1174 105.4827 -13.5256 -73.581789
-80.5678 106.3785 -13.889 -73.582183
-81.9123 107.4474 -14.0602 -73.57881
-82.892 108.884 -14.1362 -73.568344
-83.7902 110.3676 -14.0768 -73.556366
-84.9748 111.6284 -13.8567 -73.547527
-86.2002 112.6963 -13.3076 -73.541385
-87.0479 113.9279 -12.479 -73.531639
-87.7411 115.4304 -11.9657 -73.516372
-88.823 116.6812 -11.5653 -73.504736
-89.4834 118.0465 -10.8065 -73.49033
-90.0558 119.4566 -9.9504 -73.474355
-90.8226 120.9302 -9.4429 -73.456444
-91.9586 122.2396 -9.3374 -73.44057
-92.8888 123.6775 -9.6286 -73.421623
-93.6083 125.2344 -9.9613 -73.399755
-94.4583 126.6908 -10.3334 -73.378784
-95.6371 127.179 -11.2403 -73.373892
-96.5223 128.3643 -11.7434 -73.355914
-97.3565 129.8343 -11.9607 -73.332053
-98.0187 131.4271 -12.0082 -73.305133
-44.8397 82.3848 -0.1022 -73.31174
-45.6858 82.6745 1.4762 -73.336352
-47.0854 83.466 2.0376 -73.351839
-47.9154 84.1261 0.6038 -73.369545
-48.4536 84.4912 -1.1078 -73.392119
-49.4629 84.7481 -2.3216 -73.416352
-50.8487 85.4683 -2.9272 -73.432334
-51.3634 86.2483 -4.138 -73.447334
-51.1604 85.8865 -5.9031 -73.482064
-51.4147 86.3329 -4.63 -73.502568
-51.3753 86.9211 -3.2026 -73.520204
-51.6511 88.546 -2.6095 -73.519476
-52.0008 89.4665 -3.9264 -73.53111
-52.6137 90.8015 -4.1725 -73.535208
-53.4473 92.4123 -3.9386 -73.534344
-53.8653 94.1635 -3.6555 -73.530878
-53.9519 95.9277 -3.215 -73.527055
-54.3051 97.4953 -2.5507 -73.526553
-54.5625 98.6898 -1.1952 -73.532361
-54.547 99.8234 0.1762 -73.539152
-54.2907 100.3598 1.9096 -73.556306
-54.7709 101.2087 3.4194 -73.567642
-54.4328 101.9413 3.8933 -73.580743
-53.0212 101.1678 3.092 -73.619964
-52.5222 101.109 4.5528 -73.646634
-54.1846 101.7537 4.4499 -73.660609
-55.6576 102.8136 4.5394 -73.66703
-56.499 104.3974 4.7059 -73.664013
-56.8786 106.1716 4.8788 -73.657381
-56.4546 107.8733 4.5587 -73.651685
-55.6814 109.1098 4.4339 -73.654007
-55.7928 109.3656 6.2457 -73.673533
-56.2213 109.7146 7.7986 -73.690528
-55.5336 111.171 7.9788 -73.68774
-57.2605 111.7016 8.1166 -73.700663
-58.1121 113.2561 8.4551 -73.695263
-58.5985 114.919 9.0311 -73.687508
-59.6859 116.036 9.8099 -73.688709
-59.434 116.5435 10.5662 -73.700105
-59.3051 118.1105 11.4366 -73.692383
-59.9415 119.6907 12.0733 -73.683882
-60.8614 121.156 12.3489 -73.676721
-61.607 122.4945 11.39 -73.671183
-62.1797 124.0961 10.8491 -73.660335
-62.6253 125.8486 10.8404 -73.646118
-62.2188 127.4063 11.6395 -73.634564
-61.8461 129.0333 12.3882 -73.621024
-62.5327 130.6886 12.3999 -73.606185
-62.936 132.4579 12.2088 -73.588556
-63.3234 134.2117 11.8803 -73.570372
-63.6303 135.945 11.5157 -73.551666
-63.951 136.5199 9.8435 -73.552391
-64.1784 137.2406 8.1925 -73.549591
-64.0694 138.3872 6.7995 -73.538328
-64.3697 140.0086 6.0583 -73.517778
-64.8732 141.6033 5.322 -73.496645
-65.5178 142.5596 4.0703 -73.485638
-65.7682 143.1976 5.3492 -73.479114
-66.7186 144.3442 5.8832 -73.462565
-67.5125 145.9488 6.0337 -73.436863
-68.2142 147.6123 6.0332 -73.408962
-36.2134 93.2108 29.5751 -73.28024
-36.6635 94.7733 29.8902 -73.281494
-36.9263 96.2364 30.4302 -73.283919
-37.1622 97.773 30.8495 -73.284544
-37.5529 99.3568 31.1525 -73.283829
-37.9173 100.9487 31.3678 -73.282288
-38.3971 102.525 31.406 -73.280468
-38.3118 104.182 31.3802 -73.276554
-38.3833 105.841 31.3619 -73.271932
-38.5184 107.493 31.3513 -73.266762
-38.1793 109.1047 31.3065 -73.261595
-37.694 110.6348 31.1726 -73.257067
-37.4366 112.1749 31.1742 -73.251634
-36.4341 113.3684 31.2349 -73.251519
-35.2673 114.4885 31.1966 -73.251826
-35.1913 116.0244 31.322 -73.243991
-36.1323 117.264 31.8032 -73.240452
-36.1013 118.8174 31.8898 -73.230505
-35.2737 120.1279 31.585 -73.223817
-34.1912 121.3196 31.36 -73.218207
-33.7141 122.9011 31.2289 -73.204683
-33.0667 124.4147 31.1658 -73.191268
-32.8786 126.0601 31.1275 -73.174398
-32.0835 127.4884 31.1247 -73.160136
-31.8296 129.12 31.1246 -73.14113
-31.1422 130.5851 30.9859 -73.123781
-30.3228 131.8477 30.3079 -73.108709
-29.6856 132.4849 28.9766 -73.103275
-29.0719 133.0333 27.5676 -73.09804
-28.0844 133.7856 27.8775 -73.087828
-27.152 134.469 28.6173 -73.077366
68.8569 88.73 19.5506 -73.174087
69.4626 89.4871 18.5505 -73.197144
69.8694 90.2922 17.5312 -73.218712
70.1133 90.9732 19.0619 -73.24198
70.2522 92.4115 19.6157 -73.251236
70.8156 93.9888 19.8859 -73.257392
70.9233 95.5529 19.5992 -73.263197
71.3862 97.0655 19.4044 -73.269175
72.5006 98.2929 19.6588 -73.279349
72.7344 99.9408 19.94 -73.28149
72.932 101.5833 19.995 -73.28298
72.4313 103.198 19.9089 -73.284171
71.8799 104.7873 20.0008 -73.284894
71.5282 106.416 19.8144 -73.284125
71.2624 108.037 19.4849 -73.282568
70.3107 109.3594 19.2993 -73.285199
69.2896 110.7156 19.219 -73.286243
68.8552 112.3448 19.1576 -73.28146
68.8224 113.8606 18.9579 -73.277564
69.0085 114.8834 18.0264 -73.281254
68.8524 116.0924 16.8932 -73.28051
69.7271 117.2159 15.9694 -73.280064
70.0973 118.581 15.0882 -73.274087
70.8674 119.2691 13.939 -73.278729
70.3855 118.9765 13.515 -73.299074
69.9666 118.6726 13.3866 -73.318316
70.2125 118.847 11.7059 -73.327879
70.4357 118.9096 10.8982 -73.337603
70.1867 118.7318 12.5649 -73.350016
69.521 118.6003 13.8778 -73.359775
69.0153 119.2849 13.1332 -73.353472
69.8993 119.8704 11.9133 -73.347081
70.2963 119.9515 10.2866 -73.347624
95.5228 3.6634 18.9207 -72.898399
95.9521 3.5018 19.9853 -72.901577
96.3294 3.3373 21.069 -72.904632
-41.3421 222.5153 -25.6062 -73.729248
-42.702 224.1478 -25.2091 -73.728184
-44.2458 225.1088 -24.0553 -73.738872
-45.8189 226.0665 -23.0056 -73.749595
-47.3319 227.1224 -21.9872 -73.758585
-48.8138 228.7344 -21.8003 -73.757833
-50.1281 230.4969 -21.9165 -73.754438
-51.8278 231.7383 -22.0527 -73.760164
-52.8158 233.6774 -22.1145 -73.753715
-53.0724 235.6787 -22.1684 -73.743013
-53.6815 237.6012 -22.215 -73.730497
-54.8336 239.2327 -22.1693 -73.723037
-55.9455 240.9107 -22.1307 -73.714737
-56.8959 242.6769 -22.2538 -73.704885
-57.6448 244.0732 -23.1351 -73.701516
-57.9004 245.3567 -24.6431 -73.700105
-58.5973 247.0318 -25.4177 -73.691802
-59.3933 248.8468 -25.6686 -73.681032
-60.5485 250.492 -25.7129 -73.673217
-62.0102 251.8694 -25.795 -73.670084
-63.5819 251.7041 -25.7766 -73.693905
-65.1861 252.5294 -25.4878 -73.700411
-66.5361 253.7075 -24.6451 -73.700717
-67.4482 255.4346 -24.2826 -73.691404
-68.0616 257.3349 -24.0645 -73.679029
-69.279 258.781 -24.0213 -73.674541
-70.6709 260.1778 -24.061 -73.670898
-71.4436 262.0159 -24.0595 -73.659495
-72.8554 263.4363 -23.888 -73.655343
-74.3055 264.6952 -23.3614 -73.653955
-75.6104 266.0079 -22.6232 -73.651594
-76.4194 267.7709 -22.2236 -73.641351
-77.0046 269.6763 -21.989 -73.628547
-77.6943 271.5617 -21.8675 -73.616023
-78.0414 273.5421 -21.7862 -73.601796
-78.9873 275.301 -21.7403 -73.591385
-80.3424 276.7952 -21.6879 -73.58554
-81.6546 278.3163 -21.6068 -73.579151
-83.1583 279.5974 -21.7854 -73.576886
-84.8953 280.6045 -21.8472 -73.579355
-86.7025 281.4584 -21.6828 -73.584433
-87.8751 282.8646 -21.0904 -73.579781
-89.4892 283.7967 -20.5891 -73.583327
-91.1007 284.9601 -20.5677 -73.582698
-92.4107 286.2858 -21.1453 -73.57916
-94.0557 286.9976 -21.9919 -73.586216
-95.7101 288.0996 -22.2545 -73.586324
-97.3406 289.2852 -22.2657 -73.58482
-98.976 289.9877 -22.9029 -73.59163
-100.2796 290.7986 -23.6291 -73.596394
-101.4799 291.8038 -22.4899 -73.597615
-103.036 292.9887 -22.0284 -73.595492
-104.6892 294.1312 -21.8834 -73.593917
-106.3559 295.2232 -22.151 -73.593031
-107.8941 296.3493 -22.6692 -73.591332
-109.1385 297.4951 -23.597 -73.589101
-110.8652 298.494 -23.4597 -73.589181
-112.4721 299.5248 -23.016 -73.588499
-113.8772 300.6139 -22.2042 -73.586553
-115.339 301.8994 -21.8314 -73.580924
-116.6463 303.427 -21.784 -73.570801
-117.9037 305.0024 -21.8441 -73.559598
-119.0254 306.6607 -22.003 -73.546711
-119.7365 308.5266 -22.2827 -73.529933
-120.0458 309.7921 -21.1758 -73.523496
-120.3335 310.3959 -19.2752 -73.528323
-120.8092 311.2425 -17.5331 -73.528628
-121.3861 312.9361 -16.6595 -73.513843
-122.3666 314.5966 -16.303 -73.499333
-123.445 316.2788 -16.4754 -73.48422
-124.5125 317.8962 -16.7048 -73.469973
-124.8879 318.6378 -14.9021 -73.470885
-124.9811 319.1413 -12.9496 -73.475723
-125.2786 319.7061 -11.0358 -73.47923
-125.7833 320.5605 -9.2875 -73.47735
-126.7853 321.2272 -7.7186 -73.478478
-128.1198 321.7372 -6.5853 -73.482113
-129.5338 322.6762 -5.6435 -73.477974
-130.8033 322.8583 -4.1103 -73.48684
-132.3486 322.5617 -2.9424 -73.503803
-133.5223 321.7567 -2.2514 -73.529384
-134.4075 321.0203 -3.7194 -73.553484
-136.141 320.0633 -3.704 -73.581131
-137.9234 319.2453 -3.5128 -73.606034
-139.8153 319.4438 -3.03 -73.612953
-141.7336 319.7231 -2.5415 -73.618032
-143.2992 318.8382 -1.8198 -73.643103
-143.6324 318.198 -3.1912 -73.663594
-144.6494 318.183 -2.5451 -73.672815
-145.6029 318.7473 -1.0864 -73.671518
-147.1116 319.1677 -0.0827 -73.67238
-149.0143 318.6505 0.3041 -73.68929
-150.835 317.9416 0.6531 -73.709192
-152.6003 318.3043 1.3039 -73.709993
-154.255 319.2248 1.8195 -73.700678
-156.1347 319.0641 1.3765 -73.709927
-157.9479 318.8394 0.6505 -73.719951
-159.8193 318.2421 0.4855 -73.736158
-161.6982 318.4908 0.8126 -73.737221
-163.3502 318.4678 1.946 -73.742697
-164.7917 318.8721 3.1901 -73.740373
-166.0348 318.4651 4.5448 -73.751904
-167.2051 317.7036 5.9108 -73.769302
-168.6856 318.3603 6.972 -73.761575
-170.5746 318.3686 7.6324 -73.764864
-172.4422 318.8037 8.0573 -73.760374
-173.7745 319.4811 7.41 -73.751357
-175.2708 319.8181 6.8918 -73.748
-176.3866 321.0401 7.8064 -73.728899
-178.1084 321.388 8.4289 -73.72483
-179.8667 322.3331 8.1901 -73.71008
-181.7338 322.9719 7.9865 -73.700466
-183.2047 324.2061 7.6173 -73.680243
-184.6529 324.5109 6.7583 -73.676093
-186.4765 324.882 7.4149 -73.670616
-188.3601 325.5005 7.7542 -73.660659
-190.207 326.2741 7.8586 -73.647849
-191.8555 326.4884 7.2737 -73.644693
-192.3011 326.2807 5.3327 -73.648805
-192.4569 326.3027 3.3202 -73.648789
-192.6127 326.3246 1.3078 -73.648648
-192.7684 326.3466 -0.7047 -73.648385
-53.5618 234.7518 -22.4056 -73.751676
-55.3696 234.7358 -22.9279 -73.757732
-57.1775 234.7198 -23.4502 -73.763442
-58.9758 234.7413 -23.9753 -73.768159
-60.5834 235.6616 -24.1049 -73.756878
-62.2107 236.6032 -24.0421 -73.744987
-63.9306 237.3539 -24.0447 -73.736186
-65.5569 238.2591 -24.1396 -73.724465
-67.3063 238.9314 -24.1596 -73.716584
-68.8366 239.9978 -24.0522 -73.701606
-70.5332 240.314 -23.7713 -73.699538
-72.1779 239.7124 -23.3677 -73.713315
-73.9055 239.067 -23.0743 -73.727656
-75.764 238.9129 -23.0612 -73.733198
-77.5069 238.4311 -23.4834 -73.744262
-79.2728 238.5078 -23.5052 -73.745351
-81.0101 239.1307 -23.2489 -73.73668
-82.8258 239.4159 -22.9537 -73.733709
-84.5254 239.9346 -22.4418 -73.726452
-86.2406 240.0396 -21.7161 -73.726236
-87.8568 239.8217 -20.9364 -73.731471
-89.3552 239.6723 -19.8507 -73.735315
-90.7771 239.8281 -18.7653 -73.733627
-92.3262 239.5258 -18.0598 -73.739754
-94.0855 240.1028 -17.7873 -73.730312
-95.877 240.5966 -17.5579 -73.722132
-97.6988 241.0591 -17.507 -73.714315
-99.53 241.4724 -17.4393 -73.707177
-101.2527 242.1681 -17.1773 -73.694923
-102.8299 242.815 -16.4434 -73.683354
-104.4569 243.5931 -15.9937 -73.669332
-106.2956 243.7075 -16.104 -73.666754
-107.1732 243.8399 -14.6775 -73.663706
-108.3872 244.3725 -13.7017 -73.653515
-109.3454 245.4642 -12.5807 -73.633404
-110.5466 246.5332 -11.6213 -73.613555
-112.0874 247.1 -10.9503 -73.602368
-112.6927 248.1713 -9.7197 -73.582241
-113.85 248.7857 -8.6033 -73.570002
-114.9422 250.1535 -8.2414 -73.5445
-115.3929 251.8689 -7.6387 -73.512844
-116.4822 252.9605 -6.8157 -73.492041
-117.371 253.2374 -5.1806 -73.485436
-118.358 253.8356 -3.7152 -73.473183
-119.4595 254.4678 -2.3971 -73.460313
-120.9563 255.2641 -1.6822 -73.444556
-122.5163 255.9458 -1.0086 -73.430803
-123.9831 256.9071 -0.452 -73.412172
-124.7954 257.8348 0.9161 -73.394151
-125.65 259.0549 2.0473 -73.371063
-126.8265 260.4562 2.1583 -73.344862
-128.2898 261.2032 2.616 -73.330182
-129.0334 261.3894 4.2611 -73.3254
-129.2473 261.2649 6.1105 -73.326107
-129.4022 261.1437 7.9821 -73.326891
-129.5576 261.0229 9.8536 -73.327808
-129.7512 260.9235 11.7229 -73.328446
-129.9463 260.825 13.592 -73.329209
-130.1515 260.7135 15.4586 -73.330349
-130.5488 260.346 17.2477 -73.336106
-131.604 259.0778 18.099 -73.357758
-132.4067 258.2916 19.5872 -73.371118
-133.3932 257.3081 20.8241 -73.38806
-133.8044 256.3522 22.376 -73.404644
-134.6418 255.2368 23.5911 -73.42414
-135.4197 253.8392 24.4892 -73.448681
-135.7 253.4829 26.3153 -73.455119
-136.3101 252.641 27.7577 -73.470146
-136.3201 251.3179 26.4825 -73.493683
-136.8701 249.6435 26.0944 -73.523447
-137.7175 248.1362 25.6627 -73.550353
-137.6045 246.4619 25.1316 -73.580229
-137.2893 245.0053 24.2243 -73.606326
-136.6215 243.4615 23.4192 -73.63396
-135.6446 241.9497 22.8735 -73.661035
-135.3758 240.4199 22.4018 -73.688389
-136.1869 239.3032 23.0344 -73.708469
-136.341 238.0644 24.2021 -73.730618
-136.433 236.6369 25.3143 -73.755981
-136.6008 234.8539 25.6617 -73.787451
-137.1474 233.4458 25.0869 -73.812229
-10.2537 234.1313 -65.7936 -73.720451
-11.9535 235.2244 -65.4206 -73.72418
-13.2513 236.4124 -64.5554 -73.726072
-13.9825 238.2182 -64.0036 -73.717003
-13.9675 239.4333 -65.1657 -73.718157
-14.1745 240.8047 -66.5759 -73.716342
-14.74 242.3781 -67.763 -73.710813
-15.0167 243.3075 -69.5586 -73.716405
-14.9973 244.3966 -71.2899 -73.718965
-15.4806 245.6013 -72.6631 -73.719286
-16.6681 247.206 -72.2066 -73.712387
-17.3029 249.0449 -71.7718 -73.701189
-18.6676 250.382 -71.3338 -73.698529
-19.6799 251.0982 -72.0439 -73.706499
-20.4939 252.2385 -73.4165 -73.70684
-21.5912 252.7618 -72.8895 -73.7153
-21.9596 252.8176 -71.2713 -73.729116
-22.6797 254.2973 -71.5196 -73.717771
-23.6039 255.7577 -72.0067 -73.706497
-24.5721 257.236 -72.2298 -73.694656
-26.0105 258.3101 -72.2446 -73.68963
-27.3761 259.4599 -72.2196 -73.683019
-28.9516 260.3257 -72.2375 -73.681259
-30.5102 261.2195 -72.2945 -73.67857
-31.595 262.5637 -72.7018 -73.667719
-32.6547 263.9941 -72.7006 -73.655083
-33.5598 265.5319 -72.4801 -73.640277
-34.5952 266.9872 -72.4053 -73.62663
-35.2782 268.5959 -72.3691 -73.610039
-36.5462 269.7783 -72.1737 -73.60059
-37.8737 270.872 -71.8225 -73.592403
-38.8876 272.2418 -71.3145 -73.579102
-39.6217 273.7558 -70.7585 -73.562994
-40.6535 274.9959 -70.0158 -73.551384
-42.0534 275.9829 -69.5331 -73.543922
-43.5846 276.8719 -69.3005 -73.537869
-45.0655 277.8565 -69.4958 -73.529866
-45.946 279.1186 -68.7677 -73.516718
-45.8345 280.5644 -67.9551 -73.500075
-46.196 282.2235 -68.3906 -73.479415
-46.2456 283.784 -69.1293 -73.460203
-45.9356 284.9029 -69.4775 -73.44845
-46.3572 283.3243 -69.8414 -73.483611
-47.6385 284.0096 -69.6263 -73.478942
-47.8598 285.27 -68.7781 -73.463904
-47.9763 286.6481 -67.6615 -73.446534
-48.0018 287.8134 -66.394 -73.432622
-49.296 287.3623 -65.4888 -73.446704
-50.1432 286.6731 -64.1653 -73.464666
-50.2434 286.1704 -62.4405 -73.479112
-51.2742 284.9264 -61.8207 -73.506204
-52.8421 284.4426 -61.0987 -73.519705
-53.9107 283.6653 -60.0279 -73.538025
-54.752 283.3629 -58.5184 -73.547735
-55.6511 282.4981 -57.2933 -73.56694
-56.6242 281.93 -56.0196 -73.58062
-57.9991 281.9695 -54.8908 -73.583347
-59.0837 282.3361 -53.8941 -73.580015
-60.0943 282.1643 -52.7677 -73.585771
-61.4419 281.5155 -51.8651 -73.599531
-62.8626 280.827 -51.0501 -73.613653
-64.2795 280.6349 -50.0042 -73.618763
-65.804 280.5238 -49.0693 -73.622123
-66.7885 280.054 -47.7484 -73.631431
-67.9789 279.2336 -46.7905 -73.646542
-68.6552 278.446 -45.3481 -73.660752
-69.0138 277.9753 -43.6489 -73.669095
-69.4167 276.9949 -42.4398 -73.686024
-69.8247 275.5947 -42.5008 -73.709964
-70.268 276.0815 -42.6582 -73.700583
-70.9242 276.409 -41.0457 -73.693662
-71.4032 276.5871 -39.3203 -73.689058
-72.2724 276.7647 -38.0281 -73.684182
-73.2041 276.1685 -36.6914 -73.692564
-74.2918 275.5936 -35.4399 -73.700312
-75.425 274.8456 -34.2803 -73.71083
-76.9255 274.2886 -33.5609 -73.717759
-77.3251 274.3933 -31.9623 -73.71288
-77.3839 274.0953 -31.6173 -73.714787
-77.9259 274.1693 -30.1943 -73.70999
-79.5493 274.0847 -29.6223 -73.707784
-80.9279 274.149 -28.5263 -73.702799
-82.1503 274.2888 -27.2947 -73.696348
-83.1333 274.5631 -25.8399 -73.687405
-83.3586 274.0993 -24.1212 -73.691248
-83.4086 273.3363 -22.4949 -73.700237
-83.5601 272.816 -20.7795 -73.704882
-83.7705 272.4678 -19.0265 -73.706444
-84.0593 272.0789 -17.2937 -73.708677
-84.2893 271.7437 -15.5414 -73.709921
-84.9661 271.1706 -14.2656 -73.715326
-86.4465 270.5588 -13.5443 -73.721403
-87.5224 269.4821 -12.7644 -73.735607
-88.5863 270.2836 -13.3628 -73.716983
-89.344 271.7765 -13.8414 -73.686306
-90.7295 272.8654 -14.017 -73.6627
-92.0012 274.1345 -14.1202 -73.636089
-93.0728 275.5655 -14.188 -73.60684
-94.4803 276.5793 -14.1262 -73.58508
-96.2029 276.3016 -13.7358 -73.586128
-97.8612 276.4416 -13.1634 -73.580121
-99.2225 277.2086 -12.3487 -73.563421
-100.7724 276.7787 -11.5881 -73.567934
-102.4856 276.8416 -11.2384 -73.56414
-104.2435 277.0799 -11.3594 -73.557602
-105.8758 277.7134 -11.5089 -73.544502
-106.978 278.2571 -10.6069 -73.533334
-108.7214 278.4008 -10.5748 -73.529552
-110.1714 278.7473 -11.3411 -73.522627
-111.6618 279.6815 -11.4564 -73.505848
-21.5015 253.5088 -73.309 -73.697556
-22.5942 254.3623 -72.684 -73.687933
-23.4363 255.5756 -72.2611 -73.671523
-23.7952 256.2196 -73.6016 -73.664595
-24.1958 256.9175 -74.8973 -73.656191
-24.5102 257.2028 -76.431 -73.654494
-25.2575 257.9568 -77.5755 -73.644046
-25.9832 258.9049 -78.6121 -73.62967
-26.7351 259.8964 -79.3372 -73.613985
-27.7754 261.0706 -79.3699 -73.594559
-28.1276 262.1418 -78.3341 -73.576384
-14.415 228.9869 -63.4499 -73.788959
-16.1331 229.4489 -63.5343 -73.79454
-17.7421 230.1331 -63.7219 -73.795952
-19.4067 230.7023 -63.8399 -73.799073
-20.8995 231.6241 -63.8754 -73.79573
-22.4197 232.5434 -63.927 -73.792159
-23.9779 232.9794 -64.5409 -73.796748
-25.5926 233.2447 -65.0739 -73.80407
-27.3372 233.3731 -65.393 -73.813493
-29.108 233.4677 -65.4659 -73.823225
-30.8642 233.5427 -65.402 -73.833018
-32.3482 234.4256 -65.4518 -73.82839
-33.9347 234.8444 -64.9779 -73.8316
-35.6107 235.0483 -64.5372 -73.838283
-37.2988 235.2219 -64.5195 -73.845207
-38.3854 235.5894 -65.5655 -73.848485
-39.1438 235.7555 -64.0699 -73.855004
-40.4342 236.3585 -64.9633 -73.853573
-41.6538 237.408 -65.4996 -73.844051
-43.3197 237.9738 -65.7908 -73.842691
-45.0712 238.2644 -65.9288 -73.845858
-46.7994 238.6788 -65.9135 -73.846576
-48.5481 238.9796 -65.7557 -73.849005
-50.2593 239.3638 -65.4708 -73.849681
-51.9541 239.818 -65.3779 -73.848858
-53.6581 240.3081 -65.5616 -73.847119
-55.3649 240.7618 -65.7517 -73.845732
-56.9242 241.5359 -65.9538 -73.838466
-58.6438 241.8319 -66.2728 -73.839271
-59.9936 242.7156 -66.7405 -73.82953
-60.984 243.7818 -67.5294 -73.816322
-62.0855 245.146 -67.6347 -73.797632
-62.592 246.8516 -67.5474 -73.772716
-63.6958 248.1812 -67.3534 -73.754133
-65.3602 248.1365 -67.1819 -73.759349
-66.6185 247.2528 -66.7907 -73.778996
-68.2827 246.701 -66.9975 -73.792619
-69.0056 246.5375 -67.1182 -73.799161
-69.4149 247.1923 -66.2178 -73.791142
-70.5685 248.2104 -65.6787 -73.7765
-72.1021 248.9573 -65.1628 -73.766332
-73.5226 249.8734 -64.6789 -73.752947
-74.9049 250.917 -64.2744 -73.737079
-76.1941 252.0464 -63.8017 -73.719458
-77.6751 252.694 -63.2164 -73.710023
-78.9054 253.7897 -63.1101 -73.692516
-80.0531 255.1107 -63.1909 -73.670844
-81.4092 256.2087 -63.4316 -73.652856
-83.1166 256.5971 -63.7243 -73.647067
-84.8053 256.9649 -63.8465 -73.641435
-86.3232 257.8036 -63.7447 -73.627368
-88.0463 257.7843 -63.4146 -73.628101
-89.5568 258.6367 -63.0658 -73.613395
-79.8558 209.6969 -1.6956 -73.860289
-80.9345 210.9313 -0.8747 -73.858099
-81.8718 212.3265 -0.0936 -73.852507
-83.0145 213.649 0.4105 -73.847604
-83.35 215.4299 0.5242 -73.834124
-84.7236 216.0877 0.5245 -73.839723
-85.8365 216.8501 1.5461 -73.842973
-86.4751 218.3432 2.3648 -73.832836
-87.6889 219.3419 3.0091 -73.830781
-89.3832 219.625 3.5112 -73.84066
-90.5679 220.9942 3.9392 -73.830998
-91.9993 222.1339 4.2769 -73.824785
-93.1066 223.0567 5.3451 -73.821853
-94.2451 224.3484 6.04 -73.811948
-95.1955 225.7846 6.6504 -73.798981
-96.1469 227.1811 6.1703 -73.786183
-97.5307 228.1499 5.5656 -73.780389
-97.6555 229.6726 4.5217 -73.764447
-98.2632 230.7709 4.9578 -73.755482
-99.4213 231.1534 5.7424 -73.758563
-100.7458 231.4122 4.7237 -73.763378
-101.8502 232.6408 4.2535 -73.750801
-103.1436 233.9354 4.0273 -73.736659
-104.4921 234.4164 4.8558 -73.736344
-105.6117 233.6885 5.7966 -73.756836
-106.7274 232.3194 6.4016 -73.788236
-107.441 230.7522 6.8747 -73.822622
-107.4488 229.0255 7.5014 -73.859397
-107.9411 227.3511 8.131 -73.894856
-107.0902 226.8712 8.9862 -73.909035
-106.1496 226.513 10.1833 -73.92076
-105.9516 226.2598 12.0223 -73.930264
-105.4787 225.2922 12.0054 -73.951851
-105.2249 224.5846 10.2988 -73.968524
-104.7784 223.6625 9.5999 -73.988562
-104.7066 222.6921 11.0296 -74.009095
-105.026 220.965 11.6033 -74.042484
-104.6066 219.9029 12.8153 -74.063893
-103.3942 219.8352 14.0764 -74.067556
-104.3073 219.9043 13.553 -74.068481
-105.885 218.9419 13.3792 -74.087116
-107.2676 218.4747 12.6842 -74.096771
-108.1193 218.5469 11.0406 -74.096691
-108.3962 219.4541 11.7193 -74.081718
-109.0143 219.6825 13.4653 -74.078352
-109.7221 219.9831 15.1561 -74.073481
-110.6667 219.9703 16.4989 -74.073871
-112.0003 218.9022 16.8845 -74.09251
-113.4433 217.9794 16.4775 -74.108415
-114.7081 217.1333 15.6968 -74.122796
-115.2947 216.7255 13.9743 -74.129334
-115.5962 216.7912 12.1637 -74.127423
-115.7677 217.1126 10.3327 -74.120897
-115.4309 217.0746 11.1227 -74.120539
-116.1181 217.6962 12.116 -74.108513
-117.3855 218.3763 13.3061 -74.095403
-118.8798 218.8959 14.099 -74.085065
-120.5533 219.5755 14.5055 -74.071905
-122.3465 220.0233 14.7431 -74.062799
-124.1585 220.1151 14.949 -74.059937
-125.565 221.2324 14.8597 -74.039187
-126.6064 222.7478 14.7267 -74.011545
-127.1945 224.5052 14.537 -73.979778
-127.9351 226.1832 14.2547 -73.949542
-129.0224 227.5634 14.5865 -73.924692
-130.1181 229.0198 14.5982 -73.898716
-131.2201 230.4645 14.2522 -73.873189
47.5528 -96.076 13.5667 44.66088
47.0015 -95.2803 13.5986 43.977885
46.7344 -94.3274 13.6342 43.647329
27.7081 -94.2683 18.8592 43.44337
26.226 -93.6204 19.8024 40.671189
24.7439 -92.9726 20.7456 38.670159
23.2618 -92.3248 21.6888 37.372904
23.8038 -92.3745 21.7835 36.726355
54.7481 -88.0637 17.871 46.752653
97.3169 -66.6493 31.3652 39.429768
99.3506 -67.4491 30.897 36.324554
101.3843 -68.2489 30.4289 33.849642
103.4181 -69.0488 29.9607 31.931771
105.4518 -69.8486 29.4925 30.523174
104.935 -70.7499 28.9784 29.591263
104.6139 -70.6388 26.7694 29.137986
96.937 -66.473 30.8282 41.045321
44.0154 -65.7095 15.6069 46.524185
44.0102 -66.3692 14.8486 46.030209
44.1586 -67.2141 14.3402 45.774956
-4.665 -9.0685 -0.0051 -59.485683
-3.3078 -10.3003 -0.0154 -46.538804
-1.9532 -11.5348 -0.0257 -33.489292
-0.7426 -12.7803 -0.0459 -11.517075
0.4334 -13.9291 -0.0935 18.54671
1.4466 -15.2471 -0.185 39.12408
3.5554 -27.7322 1.4257 46.73736
8.6107 -41.3653 6.7974 47.800103
22.8794 -62.2772 10.5055 48.395958
26.4745 -64.8588 13.9793 48.84315
29.0535 -67.1183 14.3116 48.685122
42.1418 -73.5431 16.2509 47.752115
47.2069 -85.1931 18.1557 47.518098
44.6639 -89.9679 15.7857 47.241534
47.7449 -96.3203 13.6398 45.820524
78.4149 -177.3628 14.5582 41.933335
95.2227 -265.7699 17.0719 40.169332
48.1056 -320.1106 18.1187 39.079194
-10.9476 -383.6056 22.9817 38.217053
-40.36 -432.7473 17.7175 37.39579
28.7834 -94.5812 17.274 46.650781
14.3097 -106.6143 20.8227 45.994394
2.7577 -126.0427 26.0848 45.516563
-45.0792 -189.1405 27.4734 46.4049
30.9775 -170.2053 31.4202 45.695376
28.3969 -94.5693 18.0599 46.020296
-40.2348 -104.2908 -5.8163 46.253209
-111.9958 -139.102 2.509 46.470724
54.6562 -87.9717 17.7384 47.143681
111.8824 -135.9529 29.1893 46.326197
164.8572 -185.7356 20.1853 46.817162
213.7243 -226.7876 32.011 46.674239
43.9697 -65.4565 15.7766 47.25861
45.5333 -62.1584 17.8534 46.081658
96.2419 -66.2233 31.6259 41.585817
2.1326 -22.0656 -2.5814 44.018157
6.2653 -35.3706 6.4938 46.685268
8.3143 -40.7868 6.7183 46.300408
15.4942 -50.7521 4.9673 45.275623
19.5156 -57.7327 7.1557 46.213044
24.2121 -63.3654 12.9105 48.426948
27.7984 -65.9637 14.1964 48.6881
35.2991 -71.3414 15.5234 46.958929
45.9552 -78.4006 18.2802 46.544024
45.9541 -87.9136 17.638 47.079359
46.0845 -93.1486 14.7482 46.120275
52.1518 -103.9606 11.3242 40.545715
58.8833 -119.603 12.0998 36.002334
62.6461 -133.0235 18.7767 33.74792
68.7987 -150.479 18.27 33.355903
75.478 -168.4071 16.0379 36.183588
80.7201 -186.7623 13.7215 34.982715
86.0397 -202.1519 18.4658 29.935147
88.9594 -219.8372 14.0604 28.212487
92.3483 -238.1707 14.3683 28.835648
94.4112 -256.1543 16.5595 33.133497
95.282 -267.4858 16.3224 32.646304
95.3059 -280.3632 10.9397 27.32612
82.392 -291.8157 13.1552 25.714175
66.6134 -301.8126 13.5179 26.652042
55.8832 -314.8401 17.1156 31.43357
42.621 -325.3136 19.0805 31.103775
32.9705 -340.7608 23.6528 25.576128
23.9361 -354.8041 21.203 23.975162
9.6225 -366.7531 22.7517 25.05924
-4.6074 -378.3071 21.4152 30.190696
-16.9731 -389.755 18.9726 29.906994
-27.5688 -401.1213 14.9527 24.211539
-39.573 -411.7299 14.9204 22.579613
-40.6381 -420.4638 25.2112 23.733575
-40.4069 -426.6412 14.8914 29.117569
-41.6738 -434.0686 12.5022 28.893139
-35.1298 -447.795 10.0223 22.816291
-30.511 -455.7937 6.7671 20.460757
-26.4654 -460.7911 2.4423 19.552011
-24.2919 -464.5784 0.2402 19.225236
37.1249 -94.0849 14.9718 45.187909
20.7736 -99.7756 22.2184 44.210964
11.0172 -108.5614 18.7473 44.428088
5.909 -113.1292 24.1737 43.725029
4.7649 -121.3499 27.2758 44.322984
-3.9067 -133.7894 26.1237 42.470624
-16.2236 -149.0836 26.7198 40.539852
-17.7909 -159.6216 22.5822 40.222662
-30.8645 -168.2845 21.4997 41.018953
-40.3768 -181.2163 24.3391 43.33649
-50.8898 -195.8899 27.7601 43.448975
-59.8432 -207.2909 27.0024 41.225882
-63.453 -209.2381 15.4152 40.428557
-64.2909 -212.4765 11.1044 40.127893
-69.7086 -217.4653 14.9612 39.995938
-1.3141 -131.2728 34.9295 42.791207
15.7442 -115.5027 24.1983 42.513791
21.9499 -133.9863 25.1312 40.245249
26.8898 -147.4387 25.6301 39.741555
28.6429 -155.1273 32.7495 40.437111
28.6017 -167.7997 33.6747 42.639022
33.7647 -170.9041 21.6446 42.654404
35.3986 -176.6564 11.4651 40.419738
39.8278 -180.409 -7.3747 39.655483
28.4843 -94.572 17.6083 46.254767
24.075 -93.3058 9.4058 42.250582
15.5128 -90.8025 -8.4542 40.092042
-0.0475 -89.6597 -13.0268 39.697678
-13.9393 -94.7328 -4.0497 40.45241
-31.0534 -101.5497 -4.3571 42.908914
-48.3446 -108.1087 -4.4853 43.096034
-60.3769 -111.0796 -1.1234 40.996734
-77.9711 -113.5102 3.296 40.592774
-92.0999 -121.9743 4.6219 41.271281
-105.6825 -132.44 0.8972 43.503991
-119.8735 -141.3568 5.959 43.774009
-132.8113 -151.1601 6.979 41.584121
-147.2952 -155.5423 4.0924 40.699522
-153.368 -158.2725 7.6335 40.354064
-168.793 -159.6906 7.6228 40.237614
50.8433 -86.5895 17.9535 46.919217
61.2357 -92.3404 14.5899 42.988607
72.1897 -102.125 21.0158 40.286618
85.4059 -115.7278 22.6939 39.677021
96.1046 -123.0147 27.5352 40.473997
106.3877 -128.7142 28.8233 43.021873
119.3522 -141.0891 32.8119 43.32336
133.3865 -151.0456 27.4274 41.368894
140.4642 -156.8554 25.7903 41.108297
152.3124 -169.1266 29.8767 41.853534
161.5491 -182.1636 26.4505 44.021835
167.3763 -187.9265 20.8501 44.360133
178.0174 -198.4202 27.7655 42.580317
190.5879 -201.853 17.5881 42.24589
198.4764 -209.0366 23.2285 42.795881
206.4978 -222.3967 29.9785 44.477879
216.4485 -231.2363 29.6641 44.640502
219.3592 -241.6667 28.5636 42.931743
217.6919 -257.4839 32.1794 42.109301
212.7961 -271.781 39.8533 41.734967
208.8344 -287.7139 39.3838 41.484497
43.1478 -69.6198 16.0595 47.069167
45.0982 -63.5211 16.1223 46.454833
50.7937 -61.6079 11.0465 43.522772
63.7547 -58.5312 9.7712 41.931678
75.049 -60.4617 16.3877 41.482423
83.0968 -60.7333 25.9161 41.519508
91.3447 -63.64 26.8113 41.621507
106.4082 -69.1292 24.6495 41.606822
123.1559 -72.5629 28.9251 41.738749
143.1961 -75.9244 28.8652 41.7408
46.1286 -55.224 14.5026 42.970534
37.6417 -45.2763 18.4222 40.634879
22.8448 -43.0894 21.8828 39.747034
