-0.8015 -1.2678 -0 -72.963205
-3.2062 -5.0715 -0 -72.961778
-5.0765 -8.0299 -0 -72.960808
-6.4123 -10.1429 0.0262 -72.960501
-8.0143 -12.677 0.1283 -72.960066
-8.8146 -13.9429 0.1666 -72.959744
-8.2187 -14.5214 0.2948 -72.959397
-8.7411 -16.3672 0.5247 -72.958483
-10.0309 -17.8905 1.1419 -72.957319
-11.386 -19.3222 1.89 -72.95619
-12.7254 -20.8552 2.392 -72.955125
-14.0432 -22.4116 2.6217 -72.953857
-14.6972 -24.3185 2.0715 -72.952317
-15.5306 -26.234 2.0482 -72.950641
-16.1094 -27.8038 2.3068 -72.949188
-14.7796 -28.9827 3.1257 -72.947968
-13.6062 -30.5844 3.6202 -72.946742
-12.2537 -32.1091 3.9089 -72.945513
-11.1222 -33.7683 4.2796 -72.944277
-10.1932 -35.2295 5.196 -72.943037
-9.3619 -36.7283 6.3117 -72.941791
-8.5851 -38.2492 7.4144 -72.940542
-7.5935 -39.8435 8.2499 -72.939287
-6.8916 -41.4349 9.2193 -72.938022
-6.2727 -43.3267 9.6108 -72.936755
-5.7427 -44.6215 10.9758 -72.935475
-5.2774 -45.3085 12.8612 -72.93419
-4.5701 -46.2857 12.7646 -72.932901
-3.9187 -47.0128 11.0346 -72.931604
-3.487 -47.3534 9.0584 -72.930296
-3.1601 -48.3203 10.2056 -72.928982
-2.5906 -49.7167 11.29 -72.927675
-2.064 -51.2649 10.2609 -72.926359
-1.9023 -53.0628 10.2828 -72.925039
-1.2374 -53.7481 8.8883 -72.923704
-0.2338 -55.4757 8.438 -72.922371
0.9268 -57.1391 8.1846 -72.921032
2.1659 -58.7648 8.26 -72.919687
2.7966 -60.3652 9.2072 -72.918334
3.5606 -62.0815 8.7826 -72.916976
4.1051 -63.9769 8.2533 -72.915609
4.7728 -65.8913 8.0534 -72.91424
5.555 -67.7898 8.1794 -72.912867
5.4215 -69.7319 8.5591 -72.911489
5.3722 -71.1779 9.39 -72.910101
6.6015 -72.8224 9.4344 -72.90871
7.9091 -74.3345 9.4579 -72.907312
9.1469 -75.9691 9.4502 -72.90591
10.0298 -77.8076 9.4917 -72.904504
10.7723 -79.6982 9.5101 -72.903091
12.3735 -80.8411 9.4583 -72.901675
13.4145 -82.6176 9.4397 -72.900252
14.1594 -84.5026 9.6273 -72.898823
14.908 -86.352 10.0263 -72.89739
15.6285 -88.1574 10.421 -72.895953
16.2688 -90.0988 10.1972 -72.894509
16.8061 -92.0324 10.2983 -72.893063
18.0591 -93.5211 10.9131 -72.891612
19.0692 -95.1762 11.592 -72.890157
20.0514 -96.8019 12.3554 -72.888699
20.7986 -98.4251 13.1509 -72.887235
22.3425 -99.643 13.6764 -72.885767
23.1324 -101.4525 13.8694 -72.884295
24.2278 -103.1764 13.8286 -72.882818
25.7948 -104.4654 13.8973 -72.88134
27.3532 -105.7951 13.951 -72.879859
28.4996 -107.4233 13.9547 -72.878373
30.0108 -108.56 13.6639 -72.876884
31.1081 -108.6091 12.0588 -72.875366
29.9694 -109.9097 10.9348 -72.873731
28.8308 -111.2104 9.8109 -72.872135
27.6922 -112.511 8.6869 -72.870576
26.8377 -113.4766 7.7017 -72.869035
28.1153 -111.9666 8.2837 -72.867401
29.3929 -110.4565 8.8658 -72.865806
30.6706 -108.9464 9.4479 -72.86425
31.1787 -108.9746 10.7509 -72.862682
31.0798 -109.3078 12.7833 -72.861108
31.1974 -110.3892 14.0207 -72.859562
31.8589 -112.2436 14.4776 -72.858024
32.2207 -114.0808 14.8897 -72.856483
32.3754 -116.0895 14.7382 -72.854943
33.2282 -117.7627 14.1097 -72.8534
34.0263 -119.6079 13.7086 -72.851859
34.4263 -121.5938 13.4703 -72.850318
34.6735 -123.5948 13.4834 -72.848778
34.4631 -125.6138 13.6554 -72.84724
35.477 -127.1975 13.9548 -72.845706
36.4488 -128.3733 14.9241 -72.844165
36.0423 -130.1872 15.3722 -72.842619
35.1621 -131.5518 15.4371 -72.841083
35.6418 -129.8523 14.8263 -72.83956
35.0348 -128.0619 14.2107 -72.83804
35.5446 -129.8444 14.1534 -72.836523
35.6291 -131.8577 14.0497 -72.835014
34.8485 -133.6181 13.7199 -72.833513
34.2995 -135.3089 12.7219 -72.832018
33.9891 -137.2127 12.2496 -72.830534
34.6951 -139.1364 12.158 -72.829059
34.4342 -141.0719 12.4762 -72.827595
34.9496 -142.8915 13.1328 -72.826138
35.1207 -144.6736 12.8365 -72.824697
36.0553 -146.4708 12.5635 -72.823269
36.5162 -147.9232 11.2272 -72.821848
37.0821 -149.6924 10.5935 -72.820451
38.1845 -151.3675 10.8233 -72.819071
38.9786 -152.5573 11.4668 -72.817705
38.5512 -154.4927 11.7745 -72.816353
38.9845 -156.4817 12.0272 -72.815018
38.8087 -158.4686 12.102 -72.813707
39.4316 -160.3993 12.1561 -72.81242
40.017 -162.1492 11.7738 -72.811156
39.9044 -164.0643 11.3068 -72.80992
40.4166 -165.9089 10.6066 -72.808711
41.3853 -167.5493 10.7632 -72.807534
42.1247 -169.1267 11.6727 -72.806387
42.1485 -170.8263 12.6221 -72.805271
41.2541 -172.1527 13.7028 -72.804195
41.3329 -173.6405 14.3131 -72.803155
41.6008 -174.8677 12.6805 -72.802152
41.8738 -176.7997 12.275 -72.801194
42.7438 -178.5456 11.9564 -72.800282
43.2439 -180.4578 12.0397 -72.799418
43.3656 -182.4295 12.4106 -72.798601
43.6747 -184.2146 13.2717 -72.797836
44.1736 -186.1236 13.8383 -72.797127
44.3535 -187.9066 14.7675 -72.796475
44.8726 -189.5685 15.6922 -72.795882
45.4404 -191.1005 14.5715 -72.795353
46.1386 -192.9259 14.1459 -72.794891
46.6287 -194.8895 13.783 -72.794498
47.9055 -196.4354 13.3908 -72.794177
49.0241 -197.9564 13.467 -72.793931
49.8322 -199.3762 13.2319 -72.793764
51.04 -200.3986 12.0409 -72.793679
-16.8109 -27.3553 2.8101 -72.949351
-17.497 -28.3029 4.2038 -72.948477
-18.1984 -29.271 5.5067 -72.947624
-18.2577 -29.3412 3.7473 -72.946632
-18.2679 -29.344 1.9276 -72.945664
-18.2781 -29.3467 0.108 -72.944722
-18.2883 -29.3494 -1.7116 -72.943806
-18.2985 -29.3522 -3.5313 -72.942915
-18.8534 -30.5664 -3.9808 -72.942038
-18.8107 -32.318 -3.8597 -72.941154
-19.3066 -34.0554 -3.7456 -72.940266
-18.9488 -34.5418 -2.2544 -72.939372
-18.3075 -35.7012 -1.0566 -72.938472
-18.003 -37.2922 -0.254 -72.937572
-17.2153 -38.7422 0.5062 -72.936668
-17.2992 -40.1694 1.5541 -72.935759
-17.1185 -41.7267 2.3954 -72.934845
-17.083 -42.8762 3.6698 -72.933923
-17.3639 -44.4413 4.545 -72.933
-18.2212 -45.6938 5.2818 -72.932078
-18.9632 -46.7735 4.1464 -72.931151
-19.2427 -47.6114 2.5633 -72.930215
-19.7572 -49.1601 2.2576 -72.929284
-20.0441 -50.8741 2.5491 -72.928353
-20.3286 -52.4364 3.2684 -72.927421
-19.8077 -53.8024 3.6098 -72.926486
-19.2008 -54.6661 2.2731 -72.925544
-18.7221 -56.0354 2.9434 -72.924598
-18.7365 -56.729 4.1896 -72.923655
-18.8997 -58.1413 5.2798 -72.922715
-18.8149 -59.8936 5.7078 -72.921779
-18.9822 -61.072 7.0484 -72.920841
-19.3934 -62.5349 8.0119 -72.919913
-19.547 -63.8484 9.0694 -72.918983
-19.5772 -65.5723 8.63 -72.918065
-19.258 -67.3139 8.3405 -72.917153
-19.7508 -69.0603 8.364 -72.916251
-19.9946 -70.8175 8.7102 -72.915355
-19.8037 -72.5539 9.1873 -72.914468
-19.7201 -74.3251 9.5635 -72.913591
-20.2567 -75.9938 9.7611 -72.912726
-19.7758 -77.7066 9.8918 -72.911873
-19.8692 -79.394 10.0722 -72.911036
-20.6153 -80.6503 10.7965 -72.910215
-20.8101 -82.0334 11.1362 -72.909414
-21.8468 -83.2751 10.5156 -72.908633
-22.3598 -84.646 11.4203 -72.907873
-22.8139 -86.2646 12.0203 -72.907137
-22.9433 -87.4114 13.1988 -72.90642
-23.2601 -88.7922 14.1473 -72.905734
-23.5187 -90.5915 14.1567 -72.905083
-23.7693 -92.3875 14.2837 -72.904464
-23.9193 -94.161 14.5659 -72.90388
-24.765 -95.4177 14.2775 -72.903334
-25.6946 -96.5629 13.7452 -72.902829
-26.3361 -98.2508 13.7081 -72.902368
-26.22 -99.6251 14.4174 -72.901946
-26.029 -100.2322 16.1217 -72.901576
-25.98 -100.9366 17.7977 -72.901258
-26.1774 -101.1961 19.58 -72.900988
-26.4133 -101.3806 21.3748 -72.900785
-26.5757 -102.9017 22.0388 -72.900649
-26.565 -104.1061 22.8298 -72.900579
-10.4886 -18.1238 0.6694 -72.956364
-10.4015 -18.057 0.4643 -72.955684
-11.3637 -19.3353 1.4826 -72.954868
-12.4409 -20.4928 2.3203 -72.953904
-13.7335 -21.882 2.6066 -72.952859
-14.3525 -23.4451 1.6476 -72.951805
-14.7639 -24.7529 0.4153 -72.950748
-15.0123 -25.6795 -1.2982 -72.949682
-14.7483 -27.3027 -2.2341 -72.948613
-14.1682 -28.7546 -3.3613 -72.947536
-14.1335 -30.3237 -2.5621 -72.946452
-14.176 -32.0715 -1.7097 -72.945365
-14.076 -33.7889 -0.9359 -72.944273
-13.8862 -35.6563 -1.4771 -72.943175
-13.5408 -37.5381 -1.8551 -72.942073
-12.9254 -39.3671 -2.0095 -72.940963
-12.8947 -41.2639 -2.5483 -72.939849
-12.5093 -43.0891 -2.3969 -72.938729
-11.8636 -44.7358 -1.5183 -72.937598
-11.3409 -46.4019 -0.6056 -72.936462
-11.0233 -47.5467 0.9658 -72.935314
-10.5913 -48.4457 2.6789 -72.934167
-10.1405 -50.0833 3.3431 -72.933017
-10.2934 -51.7904 2.9275 -72.931861
-10.88 -52.8858 1.4404 -72.930694
-11.0363 -54.4811 1.7038 -72.929528
-11.1458 -56.3254 2.378 -72.928355
-10.357 -57.7555 3.4384 -72.927176
-10.1358 -58.8326 4.9901 -72.92599
-10.3077 -60.6124 5.6598 -72.924799
-11.2813 -62.2927 6.0116 -72.923603
-11.7958 -64.1934 6.181 -72.922404
-12.4342 -66.0517 6.3974 -72.921197
-11.9522 -67.7789 6.8906 -72.919984
-11.6762 -69.0382 8.2561 -72.918766
-11.713 -70.0381 9.9612 -72.917545
-11.8555 -70.9146 11.6774 -72.916311
-12.8132 -71.5235 13.2459 -72.915078
-13.5753 -72.2336 12.7301 -72.913841
-14.1638 -73.7043 11.8882 -72.9126
-14.4131 -75.2707 10.815 -72.911357
-13.5782 -77.0011 10.3425 -72.910109
-13.3259 -78.9499 10.1371 -72.908858
-13.3622 -80.9141 10.3308 -72.907605
-14.2376 -82.5066 10.9807 -72.906352
-14.7845 -84.1023 11.9265 -72.905093
-15.3519 -85.4422 12.6525 -72.903831
-15.7865 -86.6616 12.098 -72.902565
-16.5522 -87.7496 13.5364 -72.901298
-17.1687 -89.5648 13.8022 -72.900034
-18.2162 -91.1682 13.885 -72.898768
-19.5493 -92.634 13.9514 -72.897502
-20.3209 -94.4426 13.8656 -72.896235
-21.0095 -96.2837 13.6721 -72.89497
-21.3384 -97.8523 13.9673 -72.893692
-21.6939 -97.8965 15.9193 -72.892401
-22.3276 -98.0602 17.7316 -72.89113
-21.887 -98.9874 16.7979 -72.88985
-22.8153 -99.7306 15.3374 -72.888589
-24.3779 -100.6691 14.7056 -72.887333
-24.3457 -102.6276 14.3888 -72.886086
-24.5768 -104.5617 14.2213 -72.884846
-24.8282 -106.5067 14.2205 -72.883613
-25.0574 -108.4614 14.1941 -72.882388
-25.5558 -110.3378 14.0236 -72.881172
-26.9412 -111.6652 13.5497 -72.879965
-27.6548 -113.1993 12.651 -72.87877
-27.9593 -114.1646 11.0361 -72.877574
-28.3565 -115.3746 10.0919 -72.876408
-29.1471 -116.4978 9.0352 -72.875252
-29.5399 -117.0458 7.1689 -72.874102
-29.9596 -117.6548 5.3281 -72.872977
-30.9613 -118.935 4.5188 -72.87188
-32.1435 -120.2324 4.6581 -72.870802
-32.9363 -121.0473 6.2793 -72.869743
-33.621 -122.2206 7.5953 -72.868713
-33.9105 -123.585 8.7937 -72.867707
-34.4873 -124.3869 10.3397 -72.86673
-35.0405 -125.7656 11.4307 -72.865787
-34.701 -127.6323 11.772 -72.864877
-35.3063 -129.4991 11.9181 -72.864001
-35.9903 -131.3268 11.7835 -72.863164
-37.6819 -132.1342 11.31 -72.862367
-38.5009 -133.4806 10.3217 -72.861612
-38.4967 -134.7419 8.9782 -72.8609
-39.2613 -136.1191 9.0235 -72.860238
-39.6486 -137.8732 9.0943 -72.859628
-40.3927 -139.5578 8.4232 -72.859074
-41.3357 -141.2284 8.0319 -72.858577
-41.7461 -143.1332 7.6854 -72.85814
-42.0138 -145.0056 7.4829 -72.857768
-41.9887 -146.6225 8.5512 -72.857462
-43.1363 -148.1444 8.915 -72.857228
-43.8626 -149.8828 8.3731 -72.857069
-44.926 -151.4033 7.7386 -72.856987
-9.353 -14.8211 0.2731 -72.959244
-11.0559 -15.5864 0.7158 -72.958349
-12.8605 -15.9487 1.177 -72.957244
-14.323 -16.6873 2.6356 -72.955197
-15.6273 -17.7486 4.2904 -72.953482
-16.5612 -19.3299 4.837 -72.952705
-17.0333 -20.2944 6.2453 -72.951832
-17.8874 -21.5361 7.3823 -72.950936
-18.8508 -22.9769 8.1796 -72.950039
-19.5099 -24.5801 8.9543 -72.949135
-19.7318 -25.6734 10.3712 -72.94822
-19.6375 -26.5275 11.987 -72.947295
-20.9183 -27.5166 12.4491 -72.946372
-21.2964 -29.0814 13.3143 -72.945442
-21.83 -30.7644 14.0149 -72.944506
-22.4092 -32.288 14.7504 -72.943564
-23.1716 -32.8787 16.4102 -72.942605
-23.4458 -33.3976 17.1662 -72.941654
-23.9797 -35.1098 17.8018 -72.940695
-25.2888 -36.4276 18.1128 -72.939732
-26.4013 -37.9363 18.2431 -72.938767
-27.2908 -39.5473 18.3867 -72.937794
-28.9068 -40.2841 18.3568 -72.936817
-28.8386 -41.8551 18.071 -72.935835
-30.0593 -43.3052 18.0707 -72.934849
-30.6546 -44.9959 18.2212 -72.933855
-31.4097 -46.5757 18.3297 -72.932858
-32.6885 -47.8644 18.2798 -72.931858
-33.6705 -49.4532 18.3794 -72.930858
-34.3435 -51.1833 18.7706 -72.929854
-35.0428 -52.643 19.7515 -72.928846
-35.9334 -53.9164 20.8542 -72.927839
-36.4958 -55.5633 21.6175 -72.926831
-37.1515 -57.2664 22.1901 -72.925824
-37.503 -58.9135 22.7742 -72.924811
-37.2767 -60.629 23.5408 -72.923797
-38.3487 -62.1152 24.0868 -72.922788
-38.7835 -63.8894 24.6417 -72.921781
-39.0307 -65.5698 25.4324 -72.920777
-39.2448 -67.4312 25.7075 -72.919774
-39.4113 -69.2406 26.1323 -72.918777
-38.2265 -70.1613 27.1367 -72.917784
-37.9293 -71.6381 28.1838 -72.916791
-36.7386 -72.8721 28.5562 -72.915809
-35.4143 -74.1273 28.8617 -72.914836
-33.8413 -75.1427 29.2839 -72.91385
-32.9832 -76.7229 29.5771 -72.912893
-33.6399 -75.092 29.1649 -72.911932
-33.1635 -76.3575 28.5144 -72.910989
-32.6394 -77.9449 29.3953 -72.910061
-31.5586 -79.4236 29.8926 -72.909133
-30.8094 -81.0765 30.3763 -72.908227
-31.5811 -82.6547 30.6865 -72.907351
-31.7168 -84.5489 30.8274 -72.906497
-31.5105 -86.4537 30.8357 -72.905667
-31.5377 -88.3667 30.7633 -72.904863
-31.4829 -90.279 30.6456 -72.904086
-31.9235 -92.1277 30.4947 -72.903341
-32.2806 -93.9944 30.2829 -72.90263
-33.2826 -95.4749 30.073 -72.901953
-34.2923 -96.3147 29.212 -72.901314
-33.7984 -97.5646 29.0456 -72.900713
-33.365 -98.5644 30.3242 -72.900153
-34.9529 -99.5888 30.5864 -72.899643
-35.3561 -101.2379 30.5528 -72.899183
-35.425 -102.1901 29.7785 -72.898775
-35.4381 -103.6106 30.0236 -72.898425
-35.4329 -104.9525 28.8355 -72.898137
-35.4888 -106.6151 28.0477 -72.897916
-35.1318 -108.0258 29.2064 -72.897763
-34.5346 -109.5447 30.0645 -72.897685
-15.445 -16.6758 3.4162 -72.953473
-17.1123 -16.5493 2.7023 -72.952708
-18.8242 -16.1183 2.2844 -72.951847
-20.5247 -15.3962 2.2003 -72.95097
-22.3116 -15.3473 2.4856 -72.95009
-24.0423 -14.9367 2.9859 -72.949199
-25.7912 -14.8802 3.5418 -72.948302
-27.6376 -14.8877 3.7424 -72.9474
-29.4617 -14.8882 3.7168 -72.946493
-31.2202 -15.3922 3.5297 -72.945576
-32.7539 -15.8243 2.9445 -72.944648
-34.0829 -16.2305 1.7975 -72.943718
-35.3566 -17.1047 0.7776 -72.942781
-36.7811 -17.3591 0.0703 -72.941843
-38.4049 -17.2529 0.8951 -72.940901
-40.1857 -16.9717 1.2216 -72.939951
-41.9745 -17.3706 1.348 -72.938996
-43.6645 -17.7288 1.1737 -72.938034
-45.1638 -16.9527 0.472 -72.937069
-46.3865 -16.2335 -0.6264 -72.936095
-48.1583 -16.038 -0.1893 -72.935116
-49.5586 -16.5997 0.7893 -72.93413
-50.6275 -17.7832 1.5574 -72.933141
-52.4581 -17.9497 1.6886 -72.932149
-54.2203 -17.8442 1.1278 -72.931152
-55.6575 -18.4041 0.1681 -72.93015
-57.139 -19.2179 -0.5793 -72.929143
-58.8775 -19.6978 -0.9928 -72.928135
-60.4992 -20.5497 -0.8751 -72.927126
-62.2699 -20.9516 -0.784 -72.926114
-63.9605 -21.4851 -1.2025 -72.925091
-65.769 -21.6468 -1.2364 -72.924074
-67.4074 -21.948 -2.0416 -72.923056
-69.2303 -22.0478 -2.2783 -72.922038
-71.0405 -22.3933 -2.2 -72.921018
-72.76 -22.6876 -1.8978 -72.92
-74.4248 -22.1245 -1.3042 -72.918982
-75.468 -21.5676 0.0962 -72.917965
-76.805 -21.0117 0.8974 -72.91695
-78.6304 -21.1688 0.7939 -72.915944
-80.2126 -21.6023 1.4208 -72.914941
-81.9055 -21.4802 1.8938 -72.913945
-83.3789 -20.5725 2.4839 -72.912955
-84.8475 -20.092 3.3977 -72.911974
-85.8797 -19.4106 4.4732 -72.910998
-86.9877 -17.9771 4.3817 -72.910036
-88.4094 -16.917 4.436 -72.909087
-89.1332 -16.2863 5.8123 -72.908141
-89.6827 -16.0961 7.5766 -72.907212
-90.6073 -14.9923 8.5732 -72.906308
-91.6573 -14.5236 9.9347 -72.905423
-92.216 -13.6924 11.4126 -72.90455
-93.3323 -12.5367 11.3011 -72.903712
-94.3529 -11.3333 10.4637 -72.902898
-95.9243 -11.359 10.3327 -72.902112
-97.085 -12.6874 10.4076 -72.901356
-98.637 -11.9209 10.4364 -72.900633
-99.8512 -10.5582 10.1484 -72.899948
-101.1467 -9.2581 9.9913 -72.899299
-102.9108 -8.8466 10.0308 -72.898694
-104.2043 -7.6318 10.4372 -72.898135
-105.7848 -7.7377 11.2376 -72.897624
-107.5295 -7.7352 11.7584 -72.897165
-108.7114 -6.5165 12.2914 -72.896761
-108.6826 -5.013 12.9437 -72.896413
-109.4316 -4.9691 14.0337 -72.896127
-110.9911 -5.321 13.2911 -72.895907
-112.3812 -4.7789 12.2565 -72.895757
-113.4541 -4.4164 10.8172 -72.89568
-15.5545 -17.632 4.3033 -72.953529
-16.8149 -18.3686 5.0193 -72.952898
-18.1535 -17.7371 5.9254 -72.952179
-19.3957 -17.6568 7.1162 -72.951444
-20.6245 -17.4395 8.329 -72.950706
-21.4073 -17.0773 9.8446 -72.949958
-22.3291 -16.4593 11.1562 -72.94921
-23.7986 -16.4039 12.1053 -72.948458
-24.636 -16.4397 13.5353 -72.947692
-26.0492 -16.413 14.4153 -72.946931
-26.5091 -16.6788 16.0866 -72.946152
-27.6416 -17.5424 16.452 -72.945384
-28.9683 -17.6171 17.1518 -72.944612
-30.2529 -16.8642 18.0015 -72.943839
-31.8112 -16.9615 18.7079 -72.943059
-32.7125 -16.0015 17.8716 -72.94228
-33.9732 -15.3124 17.8919 -72.941497
-35.5154 -14.9405 18.541 -72.940712
-36.8148 -15.2621 19.6037 -72.939924
-38.1095 -15.3947 20.6532 -72.939138
-39.3709 -15.3085 20.5665 -72.938343
-39.9084 -15.4165 22.2463 -72.937541
-41.4898 -16.1032 22.568 -72.936753
-43.1935 -16.3081 22.9719 -72.935967
-44.8671 -16.1005 23.426 -72.935185
-46.5874 -16.255 23.8037 -72.934403
-48.2806 -16.146 24.1613 -72.933631
-49.8848 -15.6408 24.6252 -72.932863
-51.569 -15.5809 25.1077 -72.932104
-53.1934 -15.8717 25.7123 -72.931353
-54.8397 -16.0518 26.2602 -72.930608
-56.4663 -15.7486 26.8593 -72.929881
-57.6381 -14.8744 27.7621 -72.929168
-58.8394 -13.7889 28.4214 -72.928469
-60.1932 -13.1386 29.3328 -72.927783
-61.8304 -12.6017 29.6751 -72.927118
-63.5039 -12.1508 29.7076 -72.926476
-64.8861 -11.121 29.4315 -72.925855
-65.5954 -10.0293 28.2627 -72.925258
-66.3587 -9.069 29.1123 -72.924688
-67.3994 -7.9254 29.8988 -72.924148
-68.8854 -7.8686 29.963 -72.923641
-70.5505 -7.352 29.9726 -72.92317
-72.0497 -6.4284 30.0037 -72.922737
-73.5599 -5.5098 29.9785 -72.922345
-74.8786 -4.3323 29.9264 -72.921987
-76.2236 -3.1844 29.9023 -72.921689
-77.2186 -1.7362 29.9278 -72.921444
-78.2778 -0.5048 29.7779 -72.921254
-79.9939 -0.3567 29.5292 -72.921124
-81.6519 -0.1123 29.479 -72.921057
-15.2282 -17.1379 4 -72.953802
-15.8134 -17.8487 4 -72.953768
-16.4306 -18.5318 4 -72.953751
-13.8552 -16.3527 0.6773 -72.956566
-6.8126 -12.9962 0.0714 -72.959863
-5.8684 -15.48 0.0572 -72.959063
-5.4058 -18.0693 0.0621 -72.958041
-4.8048 -20.6622 0.1442 -72.956757
-4.2378 -23.1032 0.3354 -72.955164
-4.2185 -23.3173 3.0099 -72.952578
-4.1991 -23.5292 5.6846 -72.949979
-3.9404 -24.0329 8.0609 -72.947419
-2.9465 -26.4423 7.8893 -72.944826
-2.9898 -29.1239 7.9366 -72.942171
-2.8312 -31.7921 8.079 -72.939448
-2.7737 -34.4658 8.0848 -72.936655
-3.1335 -36.1267 6.8772 -72.933742
-2.9668 -36.5649 4.2354 -72.93075
-3.5563 -38.3842 2.8887 -72.927728
-4.3063 -40.3834 1.497 -72.924613
-4.1208 -42.6459 0.2252 -72.921423
-4.2362 -43.7827 0.8959 -72.91888
-3.8312 -43.4159 2.8085 -72.91708
-3.4263 -43.0492 4.7211 -72.915313
-3.0214 -42.6825 6.6338 -72.91358
-2.6164 -42.3158 8.5464 -72.911881
-2.2115 -41.949 10.459 -72.910216
-1.8006 -41.5642 12.3611 -72.908584
-1.0504 -39.8462 12.7392 -72.906919
0.1758 -38.6585 13.5417 -72.905247
1.5902 -38.0395 13.8599 -72.903535
3.2347 -39.0768 14.2093 -72.901815
3.2862 -40.8715 14.6526 -72.900068
3.0921 -42.2179 15.9515 -72.898299
3.289 -43.8273 17.0278 -72.896508
3.7676 -45.0577 18.3989 -72.894681
5.3853 -45.2551 17.5078 -72.89283
6.4565 -45.5185 16.2146 -72.890919
6.4601 -45.5688 14.2263 -72.888976
7.3041 -46.1013 15.3965 -72.887014
7.7212 -46.6728 17.2551 -72.885012
8.2906 -47.8462 18.7417 -72.882998
8.7291 -49.4862 19.2615 -72.881514
9.1255 -50.9461 19.7272 -72.880607
10.0364 -52.2198 19.9693 -72.879702
10.7133 -53.6545 20.0389 -72.878796
11.8089 -54.3454 19.5071 -72.877883
12.1976 -54.6669 17.9921 -72.87697
13.1099 -54.8336 16.8714 -72.87606
13.5838 -54.6626 15.3738 -72.875097
13.6588 -54.6533 13.7788 -72.874001
13.7337 -54.644 12.1838 -72.87294
13.8087 -54.6347 10.5888 -72.871913
13.8837 -54.6254 8.9938 -72.870921
13.9586 -54.6161 7.3988 -72.869964
14.0336 -54.6068 5.8038 -72.869042
14.1085 -54.5975 4.2088 -72.868154
14.1663 -54.5744 2.6132 -72.86717
14.2206 -54.5486 1.0176 -72.866184
14.2749 -54.5228 -0.5781 -72.865236
14.3293 -54.497 -2.1737 -72.864326
14.3836 -54.4712 -3.7694 -72.863454
14.4379 -54.4454 -5.365 -72.862619
13.7113 -55.8095 -5.5929 -72.861807
13.1825 -57.2536 -6.0072 -72.861007
12.9567 -58.7053 -6.561 -72.860221
12.6682 -60.0281 -7.37 -72.859451
12.3514 -61.5353 -7.7387 -72.858696
11.9771 -63.0578 -7.8716 -72.85796
11.7617 -64.6275 -7.7751 -72.857242
11.4655 -65.9109 -8.3481 -72.856543
11.6675 -66.9063 -9.5712 -72.855864
11.728 -68.3207 -9.6289 -72.855206
11.6975 -68.4625 -8.07 -72.854573
11.4235 -69.5735 -7.0162 -72.85397
11.1196 -70.8404 -6.109 -72.853394
11.0275 -71.8722 -4.9846 -72.852845
11.2426 -73.2528 -4.3725 -72.852328
10.7531 -74.6674 -3.9199 -72.851845
10.425 -76.2016 -3.7062 -72.851394
10.77 -77.7411 -3.6532 -72.85098
11.0786 -79.2552 -3.6604 -72.850604
11.425 -80.7723 -3.755 -72.850269
11.2996 -82.2807 -4.0128 -72.849975
11.9706 -83.6675 -4.3963 -72.849726
12.7118 -84.5829 -3.8154 -72.84952
13.1706 -85.4159 -2.5821 -72.849363
13.3664 -86.853 -1.9391 -72.849256
13.3682 -87.667 -0.8755 -72.849202
8.6263 -48.9248 19.7774 -72.881561
8.971 -49.5407 20.9869 -72.880752
9.2099 -51.0475 20.8184 -72.879949
10.0927 -52.2943 20.5532 -72.879152
10.6868 -53.724 20.4404 -72.87836
11.4461 -54.1517 19.6321 -72.877559
11.5442 -54.2966 18.1881 -72.876767
12.9332 -54.8812 18.406 -72.875989
13.2774 -55.294 19.8309 -72.875196
13.7729 -56.2787 20.5319 -72.87443
14.3885 -57.7019 20.5127 -72.87367
15.16 -59.0485 20.6431 -72.87292
15.6443 -60.0525 21.5504 -72.872176
16.2084 -60.988 22.5631 -72.871443
17.2577 -61.2039 23.519 -72.870725
18.4454 -61.8839 23.9975 -72.870021
19.1422 -63.2514 24.2481 -72.86933
19.671 -63.8624 25.3071 -72.868643
20.2623 -64.3588 26.3522 -72.867979
21.638 -65.0559 26.1487 -72.867336
22.7173 -66.1327 25.8633 -72.866673
23.7256 -67.2733 25.5197 -72.866043
24.6112 -68.47 25.1932 -72.865452
24.9681 -69.954 24.971 -72.864887
24.9964 -70.9802 24.2159 -72.864318
24.9684 -71.117 22.6615 -72.863751
24.9404 -71.2538 21.1072 -72.863228
24.9124 -71.3907 19.5528 -72.862748
24.8648 -71.4567 17.9963 -72.862306
24.9221 -71.7069 16.7213 -72.861898
25.4185 -72.6144 17.5247 -72.861514
25.5779 -72.8182 19.0637 -72.861161
25.6724 -73.1458 20.5059 -72.860853
25.5385 -73.7136 21.7923 -72.860575
25.5469 -73.9336 23.3373 -72.860336
25.5553 -74.1535 24.8823 -72.860147
26.4257 -75.2629 24.9859 -72.860003
26.2037 -76.801 24.991 -72.859905
26.3234 -78.3421 25.0702 -72.859855
-4.7208 -44.7161 -0.023 -72.919312
-5.1299 -46.1818 0.6944 -72.918342
-5.3697 -46.9913 2.259 -72.917364
-5.7718 -48.0995 3.5791 -72.916387
-6.3113 -49.4357 4.5711 -72.915404
-6.1052 -51.0319 5.3148 -72.914417
-5.9754 -52.7323 5.8136 -72.913426
-5.3005 -54.3124 6.0843 -72.91243
-5.5666 -55.9139 6.2159 -72.911429
-6.3626 -57.4622 6.4728 -72.910425
-7.4327 -58.7683 6.9386 -72.909415
-8.3123 -60.0607 7.6969 -72.908401
-9.2075 -61.5771 7.5449 -72.907386
-10.0182 -63.1512 7.7642 -72.906366
-10.4982 -64.8336 7.9938 -72.905344
-11.098 -66.494 8.2496 -72.904317
-11.5795 -68.0917 8.8213 -72.903287
-11.4778 -69.48 9.814 -72.902256
-11.3768 -70.9824 10.6772 -72.90122
-11.1615 -72.6665 10.9417 -72.90018
-11.9531 -74.0675 10.3517 -72.899139
-12.2253 -75.2856 9.1163 -72.898095
-12.386 -76.5528 7.8889 -72.897053
-12.4919 -77.8973 6.8778 -72.896006
-12.6418 -79.6702 6.7282 -72.89496
-12.8923 -81.2283 7.3625 -72.893913
-13.0636 -82.0267 8.8276 -72.892857
-12.8375 -83.2389 8.8894 -72.89181
-12.4716 -84.694 8.0205 -72.890762
-12.6797 -85.5671 7.0599 -72.889713
-12.5183 -84.1321 6.1622 -72.888657
-12.5292 -84.0813 7.3739 -72.887602
-11.895 -85.6688 7.8198 -72.886551
-11.5229 -87.2946 8.4116 -72.885504
-10.3324 -88.1124 9.2259 -72.884462
-10.675 -89.8262 9.467 -72.883421
-11.2148 -91.4903 9.7261 -72.882389
-11.4919 -93.2205 9.9224 -72.881365
-11.8689 -94.9605 9.9938 -72.880345
-12.2215 -96.7085 9.9892 -72.879338
-12.5548 -98.4528 9.9031 -72.878338
-13.101 -100.1246 9.6027 -72.87735
-13.6123 -101.6942 9.0552 -72.876372
-14.5178 -102.8115 8.0351 -72.875405
-14.732 -103.8321 6.6289 -72.874447
-14.736 -104.949 5.3416 -72.873502
-14.7897 -105.5564 3.6632 -72.872572
-14.9175 -106.1934 2.0059 -72.87166
-14.8119 -107.3154 0.66 -72.870777
-14.3904 -108.3157 -0.7477 -72.869909
-14.0768 -109.6227 -1.5126 -72.86907
-14.1581 -111.3783 -1.2027 -72.868254
-14.4574 -112.7137 -0.3129 -72.867461
-14.5581 -113.8268 1.0481 -72.866698
-14.5629 -114.7419 2.5821 -72.86596
-14.3372 -115.8187 3.9677 -72.865258
-14.0073 -116.8255 5.38 -72.864589
-13.5104 -118.0936 6.4955 -72.863956
-13.0668 -119.695 6.5246 -72.863362
-12.4966 -121.0534 5.5568 -72.862809
-12.0851 -122.6625 5.1356 -72.8623
-12.5004 -124.2153 4.474 -72.861835
-12.6759 -125.9354 4.076 -72.86142
-13.0189 -127.5669 3.9008 -72.861054
-13.6129 -129.2115 3.7998 -72.860743
-14.5095 -130.7248 3.617 -72.860489
-15.1909 -132.314 3.2206 -72.860294
-16.0458 -133.6469 2.4524 -72.860161
-17.0046 -135.0632 2.0492 -72.860093
-3.6471 -8.0538 -0.0157 -72.960599
-1.3228 -8.9468 -0.0471 -72.959968
0.9314 -9.9936 -0.0832 -72.959288
2.6625 -11.7633 -0.1495 -72.958446
3.884 -13.4015 -0.8686 -72.95711
4.2751 -14.1359 -3.2157 -72.95415
4.6663 -14.8703 -5.5627 -72.951231
5.0575 -15.6047 -7.9097 -72.948353
5.4487 -16.3392 -10.2567 -72.945515
5.5082 -15.6747 -11.481 -72.943378
5.7528 -14.1284 -10.9972 -72.942049
5.1317 -14.013 -9.0503 -72.94068
5.6382 -14.026 -8.2186 -72.939234
7.6439 -14.2766 -7.8039 -72.937763
9.6042 -14.0356 -7.3728 -72.936313
11.4824 -13.5321 -6.7322 -72.934831
12.4397 -13.1153 -5.3274 -72.933313
13.1732 -12.7275 -3.4442 -72.931744
14.0029 -12.5015 -1.5695 -72.930137
14.9232 -12.6143 0.2611 -72.928499
16.0509 -12.8503 1.9217 -72.926824
17.2291 -12.7352 3.6117 -72.925092
18.6969 -13.072 4.9744 -72.923357
20.4387 -12.843 5.9867 -72.921584
22.2399 -12.9948 6.2182 -72.920296
23.7688 -13.3762 5.9788 -72.91953
25.0057 -12.6222 5.3936 -72.918762
26.3571 -12.2571 4.8087 -72.917994
27.8738 -11.9691 4.5669 -72.917222
29.2461 -11.1445 4.4391 -72.916451
30.8012 -10.7714 4.3716 -72.915682
32.3851 -10.5715 4.2891 -72.914913
33.2233 -10.1298 4.9983 -72.914139
34.0663 -9.8024 5.9221 -72.913368
35.5597 -9.845 6.5062 -72.912602
36.9026 -9.7278 7.2501 -72.911836
38.2463 -9.5474 7.9246 -72.911078
39.7277 -9.1425 8.3952 -72.910325
41.1759 -8.7377 8.951 -72.909578
42.5633 -8.3419 9.5488 -72.908834
43.7337 -8.1277 8.583 -72.908098
45.1311 -8.0308 7.9631 -72.907373
46.5242 -8.3092 7.3517 -72.90666
47.4104 -8.3281 6.0274 -72.905952
48.547 -8.1523 4.9694 -72.905262
50.1277 -8.0481 4.8161 -72.904586
51.0302 -8.412 5.9293 -72.903913
52.4231 -8.5023 6.17 -72.903267
53.895 -8.5955 6.6905 -72.902636
54.9911 -8.7652 7.7616 -72.902026
56.4893 -8.9904 7.679 -72.90144
57.587 -10.1308 7.9043 -72.900878
59.0801 -10.6364 8.1455 -72.900339
60.6014 -11.0022 8.4608 -72.899831
61.9959 -11.5958 8.0265 -72.899352
62.9752 -11.9724 7.058 -72.898897
63.4644 -12.0743 5.5381 -72.898478
64.0395 -11.9612 4.047 -72.89809
64.4337 -11.9546 2.4888 -72.897739
64.823 -11.932 0.9297 -72.897432
65.2041 -11.8836 -0.6309 -72.897172
65.5558 -11.8356 -2.1985 -72.896957
65.8976 -11.7879 -3.7682 -72.896793
66.4194 -11.7876 -5.282 -72.896682
66.4944 -12.5596 -6.6605 -72.896625
21.8035 -12.9643 5.5087 -72.920157
22.2928 -12.8975 4.0421 -72.919136
22.782 -12.8307 2.5755 -72.918148
23.2713 -12.7639 1.1089 -72.917193
23.7606 -12.6971 -0.3578 -72.916271
24.2499 -12.6303 -1.8244 -72.915382
24.7391 -12.5635 -3.291 -72.914525
25.2284 -12.4967 -4.7576 -72.913702
25.7177 -12.4299 -6.2242 -72.912911
26.2069 -12.363 -7.6908 -72.912153
26.8935 -12.3131 -8.9994 -72.911422
27.9931 -12.1349 -10.0456 -72.910701
29.4155 -12.0244 -10.5719 -72.909986
30.9321 -12.139 -10.7879 -72.90928
32.4337 -12.4908 -10.7732 -72.908577
33.7283 -13.0404 -10.3346 -72.907886
34.9591 -13.7394 -9.781 -72.907204
36.3049 -14.3754 -9.3611 -72.90653
37.7863 -14.4064 -8.971 -72.905857
38.9765 -14.4204 -8.3072 -72.905197
39.509 -14.5028 -6.8771 -72.904554
40.803 -14.1184 -7.3333 -72.903935
42.1172 -13.7343 -7.9502 -72.903333
43.481 -14.2451 -8.4653 -72.902751
44.8322 -14.6862 -9.0455 -72.90219
46.2199 -15.1571 -9.5418 -72.90165
47.4998 -15.7968 -10.1041 -72.901137
48.4919 -16.341 -10.9949 -72.900647
49.2648 -16.5571 -12.2212 -72.900185
50.6437 -17.0063 -12.5265 -72.899756
52.1626 -17.2199 -12.7123 -72.899359
53.5098 -17.9199 -12.5815 -72.898998
54.8261 -18.5114 -12.0649 -72.898672
56.0144 -19.3898 -11.6485 -72.898387
57.1511 -20.3793 -11.2981 -72.898143
58.5784 -20.83 -11.009 -72.897944
59.5198 -21.3446 -11.6244 -72.897788
59.9152 -21.5013 -13.1121 -72.897682
60.3293 -21.6363 -14.5919 -72.897628
5.542 -17.4481 -11.9734 -72.943592
5.2752 -19.0549 -12.8511 -72.942715
4.5319 -20.5356 -13.6308 -72.94183
4.2842 -21.2679 -12.1504 -72.940926
4.5234 -21.5541 -11.2061 -72.94003
5.0916 -22.5097 -9.9139 -72.93912
5.6355 -23.6108 -8.5295 -72.938207
6.4022 -24.9693 -7.5369 -72.937287
6.6335 -26.3097 -6.3211 -72.936364
7.1852 -27.3717 -7.4784 -72.935427
7.7638 -28.2275 -9.037 -72.934487
9.1599 -28.8455 -10.0123 -72.933549
10.2945 -29.4271 -11.2255 -72.932605
12.0307 -29.9265 -10.7637 -72.931652
13.7255 -30.5864 -10.4924 -72.930697
15.1918 -31.515 -11.0288 -72.929739
16.7178 -31.6949 -12.0524 -72.928774
18.2188 -31.9125 -13.1144 -72.927805
19.9511 -32.1969 -13.7295 -72.926831
21.5074 -33.0418 -14.1745 -72.925818
22.8543 -34.2615 -14.6414 -72.9248
24.0059 -35.5947 -15.1729 -72.923812
24.5296 -37.1036 -15.7174 -72.92282
24.7232 -37.5624 -17.5262 -72.921813
25.1008 -38.2263 -19.2142 -72.920807
26.3789 -39.4506 -19.5884 -72.919811
28.1291 -39.8596 -20.0602 -72.918813
29.3513 -39.6098 -21.3429 -72.917811
30.6809 -38.9744 -22.3478 -72.916807
31.8544 -39.4408 -23.699 -72.9158
32.7072 -40.1312 -24.5207 -72.914796
34.1875 -40.0661 -24.2388 -72.913789
35.3747 -39.954 -25.6606 -72.912783
36.0556 -40.1808 -27.3735 -72.911765
37.1117 -40.5409 -28.8636 -72.91076
37.9499 -40.8975 -30.5002 -72.909758
38.8019 -40.6861 -32.1277 -72.908758
39.8174 -40.5169 -33.6425 -72.907767
40.8901 -40.7217 -35.068 -72.906785
42.5305 -41.61 -35.2384 -72.905811
44.3755 -41.8861 -35.4176 -72.904846
45.9871 -42.2694 -36.0731 -72.903889
47.4878 -43.2765 -36.1873 -72.902926
49.3319 -43.6209 -36.2065 -72.901957
51.1887 -43.712 -36.2324 -72.90103
53.0372 -43.4731 -36.3042 -72.90012
54.8899 -43.6769 -36.497 -72.899229
56.6959 -43.5991 -36.9065 -72.898356
58.2639 -44.1277 -37.6876 -72.897502
59.5341 -44.5902 -38.7803 -72.896664
60.5988 -45.0677 -39.8571 -72.895856
61.8729 -46.2433 -40.1922 -72.895075
63.3313 -46.5896 -41.0735 -72.894318
64.0217 -46.6763 -42.7931 -72.893586
64.5704 -46.7494 -44.583 -72.892888
64.8703 -46.6711 -46.4334 -72.8922
65.1687 -46.5915 -48.2839 -72.89157
65.5964 -46.5388 -50.1097 -72.890979
65.7108 -46.4215 -51.9702 -72.89039
65.6981 -46.2783 -53.8407 -72.889851
65.6854 -46.1351 -55.7113 -72.889382
65.6727 -45.9919 -57.5819 -72.888983
65.7296 -45.7497 -59.4403 -72.888635
65.8135 -45.4694 -61.2934 -72.888353
66.0243 -45.0935 -63.1166 -72.888139
66.1717 -44.6856 -64.9394 -72.887991
66.3305 -44.1781 -66.4646 -72.887915
5.6517 -16.7814 -12.2027 -72.943081
5.689 -16.9607 -13.7308 -72.941218
5.7263 -17.14 -15.259 -72.939393
5.7636 -17.3194 -16.7872 -72.937607
5.8009 -17.4987 -18.3154 -72.93586
5.8383 -17.678 -19.8436 -72.934152
5.8756 -17.8574 -21.3717 -72.932482
5.9129 -18.0367 -22.8999 -72.930851
5.9502 -18.216 -24.4281 -72.929258
5.9875 -18.3954 -25.9563 -72.927704
6.0248 -18.5747 -27.4845 -72.926188
6.0621 -18.754 -29.0126 -72.924711
6.0994 -18.9334 -30.5408 -72.923272
6.1367 -19.1127 -32.069 -72.921871
6.1741 -19.292 -33.5972 -72.920509
6.2114 -19.4714 -35.1254 -72.919185
6.2487 -19.6507 -36.6536 -72.917899
6.286 -19.83 -38.1817 -72.916651
6.3233 -20.0094 -39.7099 -72.915442
6.3606 -20.1887 -41.2381 -72.91427
6.3979 -20.368 -42.7663 -72.913137
6.4352 -20.5474 -44.2945 -72.912042
6.4725 -20.7267 -45.8226 -72.910985
6.5099 -20.906 -47.3508 -72.909965
6.5472 -21.0854 -48.879 -72.908984
6.5845 -21.2647 -50.4072 -72.908041
6.6218 -21.444 -51.9354 -72.907136
6.6591 -21.6234 -53.4635 -72.906268
6.6964 -21.8027 -54.9917 -72.905438
6.7337 -21.982 -56.5199 -72.904647
6.771 -22.1614 -58.0481 -72.903893
6.8083 -22.3407 -59.5763 -72.903177
6.8457 -22.52 -61.1045 -72.902499
6.883 -22.6994 -62.6326 -72.901858
6.9394 -22.8766 -64.1572 -72.901255
8.1498 -22.8799 -64.1006 -72.900676
8.9886 -23.516 -62.989 -72.900108
9.9314 -24.3205 -62.1091 -72.899563
10.5435 -25.411 -61.3105 -72.899032
11.1641 -26.7642 -60.9602 -72.898524
11.7371 -28.177 -61.0516 -72.89804
12.2468 -29.4991 -61.4619 -72.897579
12.6299 -30.7915 -61.1111 -72.897143
13.0367 -32.212 -60.6823 -72.896735
13.4206 -33.6473 -60.2909 -72.896356
13.672 -35.0666 -59.8345 -72.89601
13.7802 -36.5811 -60.0484 -72.8957
13.7177 -38.0731 -60.4184 -72.895428
13.5658 -39.5761 -60.7091 -72.895194
13.3014 -41.0704 -60.6511 -72.895003
13.3571 -42.0105 -59.4467 -72.894854
13.5377 -43.0476 -58.3404 -72.894752
13.6333 -44.0606 -57.3331 -72.894701
-2.4565 -0.91 0.0523 -72.965433
-2.8293 2.667 0.2464 -72.969944
-3.0866 6.216 0.7208 -72.974569
-2.2413 9.6979 1.5153 -72.979329
-0.7404 12.7593 0.9662 -72.984187
0.227 15.8879 -1.0884 -72.989377
0.5524 20.1154 -1.9386 -72.994924
0.4575 24.418 -2.5408 -73.000643
0.4389 27.3767 -5.5178 -73.00655
-0.013 29.9656 -8.7108 -73.012644
-0.1419 14.3216 0.264 -72.98678
0.8616 14.8245 1.2959 -72.988152
2.5303 15.409 3.4469 -72.990748
5.0961 15.9466 3.8822 -72.993479
7.8356 16.5695 3.9069 -72.996371
10.5566 17.2922 4.0994 -72.999392
13.2701 17.9524 4.5537 -73.002573
15.8121 18.8134 4.7988 -73.005917
17.2134 19.7132 4.344 -73.008311
17.5574 19.3689 4.0634 -73.008122
-0.9274 14.3109 0.2417 -72.986694
-2.5488 14.1754 0.0246 -72.986334
-4.1702 14.04 -0.1925 -72.986015
-5.6969 13.9854 -0.1496 -72.985731
-6.0083 14.0245 0.9686 -72.985474
-4.7591 13.8534 0.1003 -72.985244
-4.5248 13.8442 -1.5168 -72.984994
-4.3735 13.8457 -3.1513 -72.984787
-4.2222 13.8471 -4.7858 -72.984629
-4.0708 13.8486 -6.4202 -72.984521
-3.7648 13.9278 -8.018 -72.984461
-3.1571 14.1597 -9.5252 -72.984449
-2.5409 14.9686 -10.6984 -72.98449
-0.6612 32.5013 -8.9792 -73.016486
-1.3441 34.6869 -8.6538 -73.019381
-2.5162 37.7967 -7.959 -73.023771
-4.0883 40.798 -9.2426 -73.028233
-6.1771 43.4321 -10.5669 -73.032765
-7.4526 45.9637 -12.4793 -73.037376
-8.199 48.9959 -14.3148 -73.042116
-8.488 52.2581 -16.0262 -73.046985
-8.9751 55.6713 -17.3793 -73.051931
-8.9724 59.3456 -17.9864 -73.05695
-8.8355 62.9598 -18.9326 -73.062045
-8.1651 65.7964 -21.101 -73.067221
-8.071 69.4931 -21.2598 -73.07247
-8.0725 72.7987 -19.5494 -73.077387
-8.8931 75.9303 -20.6534 -73.081394
-9.8467 77.8663 -22.8286 -73.084889
-10.916 79.9845 -24.8489 -73.088415
-11.8107 82.572 -26.461 -73.092194
-13.9622 85.1541 -28.0376 -73.096222
-15.428 87.4195 -30.0798 -73.1003
-16.2874 89.1284 -32.8169 -73.103783
-17.1302 91.8068 -33.4334 -73.106653
-16.6579 94.7355 -33.3269 -73.109538
-16.2793 97.4317 -32.2507 -73.112436
-16.0966 100.3779 -31.8618 -73.115347
-15.6048 103.2146 -31.8672 -73.11911
-15.0646 104.6984 -30.0846 -73.123732
-14.4099 106.6313 -31.3901 -73.128354
-13.9013 109.3975 -31.7321 -73.132982
-13.1382 112.1018 -31.8855 -73.137615
-12.0288 114.6912 -32.2205 -73.142256
-9.9615 116.491 -32.7147 -73.146899
-8.3964 118.5551 -33.6954 -73.151545
-7.0441 120.3709 -35.2413 -73.156196
-16.3107 103.1222 -31.2609 -73.119219
-17.0106 105.6108 -30.0258 -73.123971
-17.7104 108.0993 -28.7907 -73.128643
-18.4103 110.5878 -27.5556 -73.133233
-19.1321 113.0846 -26.3544 -73.137741
-20.0839 115.6275 -25.7828 -73.142223
-21.6544 117.8269 -26.4818 -73.146711
-22.4041 120.0541 -28.0006 -73.151212
-23.8204 121.9956 -29.2918 -73.155715
-16.2837 88.4956 -30.6847 -73.104955
-16.9057 88.45 -28.8674 -73.110109
-17.5277 88.4044 -27.0501 -73.115197
-18.1496 88.3588 -25.2328 -73.120218
-18.7716 88.3131 -23.4155 -73.125171
-19.3936 88.2675 -21.5982 -73.130055
-20.0155 88.2219 -19.7808 -73.13487
-20.6375 88.1763 -17.9635 -73.139613
-21.2595 88.1307 -16.1462 -73.144284
-21.8814 88.0851 -14.3289 -73.148882
-22.5034 88.0394 -12.5116 -73.153407
-23.1253 87.9938 -10.6943 -73.157857
-23.7473 87.9482 -8.8769 -73.162231
-24.3693 87.9026 -7.0596 -73.166529
-24.9912 87.857 -5.2423 -73.170749
-25.6132 87.8114 -3.425 -73.17489
-26.2352 87.7657 -1.6077 -73.178951
-26.8571 87.7201 0.2096 -73.182932
-27.4791 87.6745 2.0269 -73.186832
-28.1011 87.6289 3.8443 -73.190649
-28.723 87.5833 5.6616 -73.194382
-10.6474 82.0467 -25.97 -73.09138
-9.8973 83.5702 -26.7997 -73.093734
-8.9166 84.4636 -28.1497 -73.096107
-7.9416 85.635 -29.2349 -73.0985
-6.7633 86.7616 -30.2244 -73.100906
-5.9934 87.8877 -31.5 -73.103329
-4.805 89.0805 -31.9871 -73.105766
-4.0074 90.0975 -33.2964 -73.108235
-3.642 91.5318 -34.1524 -73.110704
-3.5504 92.2381 -35.0395 -73.113188
-2.6112 93.3175 -34.37 -73.115691
-1.4138 94.7914 -34.5426 -73.118193
-0.1697 96.0984 -35.117 -73.120704
0.8889 97.112 -35.3375 -73.123223
1.8787 97.6218 -33.8386 -73.125752
3.297 98.6527 -34.2066 -73.128268
4.478 100.1526 -34.2331 -73.130776
5.7259 101.6013 -34.2783 -73.133285
6.9236 103.076 -34.3329 -73.135779
8.2378 104.4594 -34.2789 -73.138264
9.708 105.6324 -34.1824 -73.140726
11.0242 106.9149 -34.1788 -73.143176
12.03 108.5293 -34.2938 -73.145603
12.8387 110.237 -34.4028 -73.148004
13.6986 111.9172 -34.2947 -73.150374
14.9808 113.3035 -34.0183 -73.152708
16.3534 114.5382 -33.5266 -73.155004
-8.0122 74.6652 -19.0128 -73.08079
-7.3733 74.7434 -17.1393 -73.083009
-6.2129 74.8717 -15.5661 -73.085223
-4.6588 75.1485 -14.4836 -73.087449
-2.9313 75.2005 -13.5318 -73.089693
-1.1908 75.5548 -14.025 -73.091955
0.2492 75.4182 -15.2751 -73.094239
1.6994 75.2949 -16.4498 -73.096532
3.456 75.8724 -16.5978 -73.098842
4.909 77.061 -16.0201 -73.101166
6.3489 78.0205 -15.2054 -73.103499
7.6777 78.1558 -16.557 -73.105857
9.1932 78.8939 -17.1669 -73.108217
10.3243 80.3116 -17.9293 -73.110583
11.8031 81.2429 -18.8099 -73.11295
13.3202 82.0201 -19.7154 -73.115322
14.672 82.8734 -20.8357 -73.117691
15.8195 84.0369 -21.4716 -73.120054
17.3968 85.0052 -21.5241 -73.122413
19.1523 85.9091 -21.6233 -73.124763
20.835 86.8367 -21.5731 -73.1271
22.3782 87.6805 -22.4819 -73.12943
23.6336 88.6822 -23.6145 -73.131737
25.3121 89.236 -24.4178 -73.134023
26.9271 90.1776 -25.069 -73.136331
28.5711 91.1435 -25.6063 -73.138635
30.1849 92.1759 -26.0934 -73.140845
31.906 93.0582 -26.3886 -73.143004
33.349 94.3802 -26.2354 -73.145121
34.682 95.7638 -25.7885 -73.147188
36.0698 96.9946 -25.1164 -73.149204
-9.1332 71.1226 -19.9391 -73.077913
-11.2049 71.3971 -19.3463 -73.08346
-12.2503 72.1505 -17.4371 -73.089123
-13.2771 72.9723 -16.3017 -73.094891
-15.0629 74.4381 -16.0237 -73.100757
-17.1889 75.3374 -15.9102 -73.106745
-18.7708 76.7954 -16.5998 -73.112852
-20.2396 77.7578 -18.0502 -73.119092
-21.4318 79.2493 -19.3169 -73.125442
-22.4493 80.8848 -20.0685 -73.130247
-23.644 82.5321 -19.9209 -73.133421
-25.2693 83.8199 -19.7197 -73.136621
-26.4282 85.5474 -19.5741 -73.139855
-27.4271 87.2915 -19.7394 -73.143124
-28.2555 88.0894 -18.5764 -73.146456
-28.4362 88.7812 -16.6121 -73.149834
-28.7184 89.4709 -14.6555 -73.153208
-28.5952 90.5234 -12.9306 -73.156597
-28.0087 92.2281 -11.8717 -73.16001
-28.1824 93.3344 -10.523 -73.163457
-28.881 94.9101 -9.3484 -73.166929
-29.1637 96.6406 -8.2343 -73.170419
-29.7507 98.589 -7.8416 -73.17393
-31.2546 100.014 -7.7767 -73.177463
-32.9856 101.1833 -7.8435 -73.181005
-34.438 102.6859 -7.93 -73.184571
-35.8645 104.1959 -8.077 -73.18815
-37.7492 105.0636 -8.2888 -73.191735
-39.7252 105.5106 -8.4883 -73.19534
-41.4274 106.5542 -8.4275 -73.198962
-22.5697 79.9845 -21.0657 -73.13049
-23.5049 79.5868 -23.0086 -73.133781
-24.7357 79.2357 -23.1851 -73.136762
-26.0186 79.7983 -22.2548 -73.139761
-27.6912 80.6895 -21.9109 -73.142784
-29.3246 81.7314 -21.4655 -73.145827
-31.1306 82.4861 -21.4143 -73.148891
-32.9071 83.2024 -21.5235 -73.151986
-34.8537 83.2248 -21.3716 -73.155102
-36.6622 83.819 -20.8419 -73.158242
-38.0322 83.5029 -19.5874 -73.16141
-39.4902 83.5562 -18.2934 -73.164594
-40.9141 84.0358 -17.0459 -73.167797
-42.4783 85.0996 -16.5078 -73.171007
-44.0118 86.2891 -16.2793 -73.174233
-45.0805 86.8165 -17.3328 -73.177539
-45.3985 87.0849 -19.2874 -73.180834
-46.0085 87.5938 -21.1008 -73.184146
-46.5256 87.8633 -23.0125 -73.187468
-47.0124 88.1443 -24.9307 -73.190798
-48.0466 88.8001 -25.8124 -73.194091
-49.3531 89.8139 -24.8517 -73.197387
-23.4169 79.5945 -22.041 -73.132291
-7.4755 47.1812 -14.128 -73.039987
-6.6397 46.9581 -15.442 -73.040521
-6.0885 47.0624 -16.854 -73.041037
-5.6785 47.4504 -18.3124 -73.041545
-5.0375 48.1975 -19.4234 -73.042039
-4.9376 48.8586 -20.8471 -73.042524
-4.8994 49.5688 -22.2208 -73.042994
-4.8067 50.8524 -23.1201 -73.043444
-4.348 52.1399 -23.896 -73.043897
-3.8636 53.4258 -24.6617 -73.044312
-3.2759 54.7308 -25.2965 -73.04469
-2.6137 56.0992 -25.6637 -73.045036
-1.9972 57.5231 -25.7699 -73.045352
-0.7472 58.4335 -25.8246 -73.045633
0.1834 59.5702 -25.9895 -73.045877
1.0556 60.8294 -26.3063 -73.046079
1.4265 62.1744 -26.9168 -73.046235
1.2466 63.3678 -27.9187 -73.046343
0.8615 64.5278 -28.8693 -73.046399
-1.2039 34.2315 -8.7378 -73.019436
-2.1645 36.692 -8.3921 -73.023914
-3.11 39.1845 -8.3928 -73.028498
-3.9026 40.3411 -6.7187 -73.033197
-4.4638 40.8393 -4.1593 -73.038025
-5.2514 41.2336 -1.6507 -73.042961
-6.4986 41.3875 0.6577 -73.047999
-6.9016 41.3668 3.1344 -73.053186
-8.3244 41.1475 5.0228 -73.058441
-9.0777 42.2825 6.6587 -73.063228
-10.4818 44.1286 6.7312 -73.067509
-12.0542 45.877 6.472 -73.071868
-13.7926 47.4551 6.7415 -73.076312
-14.3287 48.7274 8.6097 -73.080856
-14.2892 50.0448 10.5825 -73.085475
-14.3831 52.2013 11.5125 -73.090169
-15.4653 54.1641 11.5993 -73.094947
-15.9872 56.1264 10.7348 -73.099816
-15.9935 58.493 10.4465 -73.104767
-16.6674 59.2873 8.5547 -73.109838
-17.4698 59.7595 6.3608 -73.114991
-17.8092 61.9411 6.2291 -73.120212
-19.8136 62.8997 6.5069 -73.125542
-21.3274 63.1601 7.9551 -73.130989
-22.8218 64.0013 9.1439 -73.135612
-24.7396 64.6596 9.7419 -73.139367
-25.9313 65.6939 8.2209 -73.143172
-27.3521 67.091 7.1443 -73.147029
-27.8515 68.7801 5.7356 -73.150936
-28.9706 70.1238 4.2552 -73.154885
-29.8302 71.1977 2.3661 -73.15889
-30.5772 72.9481 2.3143 -73.162945
-31.2511 73.9836 4.3225 -73.167045
-31.8836 74.7971 6.3519 -73.171198
-33.4979 76.3178 6.0157 -73.175376
-35.3494 77.7054 5.6794 -73.179594
-36.2359 77.7987 3.4859 -73.183884
-36.823 78.2142 1.2302 -73.188218
-37.2962 78.8752 -1.0041 -73.19259
-38.0777 79.5243 -3.1351 -73.196977
-38.5828 79.8578 -5.4262 -73.201433
-40.1286 80.7679 -6.86 -73.20589
-41.8887 81.3717 -5.9333 -73.210391
-43.201 81.2826 -4.0378 -73.214943
-44.3102 81.7185 -2.0187 -73.219514
-23.2557 64.0561 8.131 -73.134999
-24.9649 64.9635 8.1844 -73.137525
-26.0616 65.9005 8.9001 -73.140125
-26.305 66.1448 10.8713 -73.142766
-26.4364 66.2766 12.8582 -73.145383
-26.7662 66.3845 14.8041 -73.148013
-28.2543 66.3369 15.7942 -73.150651
-29.7596 66.2207 16.7645 -73.153321
-29.8152 66.2528 18.7633 -73.156008
-30.2709 66.9957 19.6957 -73.15871
-31.7156 67.9135 20.4594 -73.161443
-32.1409 69.5247 21.5115 -73.164188
-33.0427 71.1208 22.2483 -73.166937
-33.7682 72.7602 23.0868 -73.169696
-34.714 74.4169 23.6586 -73.172457
-35.5114 76.0162 24.4887 -73.175223
-35.8784 77.7991 25.2812 -73.177997
-36.6919 79.4931 25.9091 -73.180769
-37.5921 81.2366 26.1638 -73.183533
-37.9648 82.9348 26.6532 -73.186308
-38.1232 84.1537 28.0096 -73.189061
-37.4894 85.6297 29.04 -73.191803
-37.0034 87.4849 29.1485 -73.194528
-36.7841 89.4485 29.2879 -73.197324
-36.3959 91.4052 29.448 -73.200088
-9.6387 41.5186 6.3846 -73.06177
-11.2133 41.8239 6.3128 -73.063077
-12.0979 42.4791 4.8865 -73.064412
-13.2557 43.35 3.9751 -73.065756
-14.2423 43.577 2.4577 -73.067117
-15.3556 43.71 1.0276 -73.068489
-15.9894 44.5732 -0.4476 -73.069875
-16.6871 45.12 -2.0478 -73.071271
-17.7188 45.8368 -3.2857 -73.072683
-18.5783 46.8498 -4.5254 -73.074102
-19.9074 47.2662 -5.6939 -73.075528
-21.5852 47.5437 -6.3542 -73.076958
-22.9761 48.6597 -6.3259 -73.078388
-24.3563 49.8697 -6.2079 -73.079822
-25.8552 50.8966 -6.0169 -73.081252
-27.0962 51.9486 -5.4199 -73.082686
-27.9482 52.3876 -3.9646 -73.084122
-29.654 52.5789 -3.9322 -73.085544
-30.6445 52.9077 -5.3714 -73.086962
-32.0441 53.5066 -6.2656 -73.088366
-33.4656 54.634 -6.5349 -73.089755
-34.9544 55.5474 -7.0531 -73.091123
-36.2819 56.6634 -7.6004 -73.092469
-37.6486 57.8611 -7.7756 -73.093795
-38.5034 59.4777 -7.6459 -73.095091
-39.3718 61.0534 -7.2838 -73.096348
-40.2991 62.551 -6.7638 -73.097569
-41.2384 64.045 -6.261 -73.098749
-41.8614 65.6914 -5.7694 -73.09988
-42.4591 67.2851 -5.1652 -73.100961
-43.3383 68.5969 -4.4191 -73.101984
-44.4522 70.0317 -4.1392 -73.102941
-45.5063 71.5345 -4.0501 -73.103832
-46.5569 73.035 -4.1531 -73.104649
-47.8716 74.2263 -4.5515 -73.105385
-48.8625 75.1738 -5.5759 -73.106034
-49.2408 75.7623 -7.2733 -73.106596
-49.4584 77.0985 -8.4631 -73.107055
-49.9501 78.752 -8.946 -73.107411
-51.026 79.8745 -9.2484 -73.107653
-51.28 79.9424 -10.8927 -73.107781
17.7044 20.951 4.9703 -73.009635
18.2015 22.2043 5.6044 -73.010968
18.6985 23.4577 6.2386 -73.012294
19.0912 25.152 6.8819 -73.013966
19.429 27.2733 6.757 -73.016019
20.0937 28.9393 5.4586 -73.018111
20.5192 30.5261 4.0181 -73.020245
21.7848 31.8769 2.8501 -73.022425
22.0977 33.1829 1.0434 -73.024648
23.2662 34.71 0.0406 -73.026905
23.7528 35.2305 -1.9989 -73.029214
24.4415 36.3316 -0.4475 -73.031569
25.2156 37.3871 1.3732 -73.033963
25.5431 38.1412 3.4507 -73.036403
26.3109 39.4951 5.0553 -73.038874
27.3125 40.7429 3.9319 -73.041386
27.6125 41.5008 5.9749 -73.043957
27.8649 42.4672 7.8245 -73.046562
28.5761 44.0126 9.106 -73.049199
29.3017 45.8785 9.8466 -73.05187
29.8444 47.4239 10.9837 -73.054598
29.8427 48.4745 12.9418 -73.057356
30.4043 50.5089 13.6559 -73.060147
32.2661 51.6774 14.0416 -73.062977
33.7432 53.3643 13.9508 -73.065842
35.3704 54.8773 13.6311 -73.068746
36.404 56.7929 13.1328 -73.071688
37.9566 57.9008 12.228 -73.074657
39.1636 59.6692 11.6914 -73.077664
40.7811 61.2139 11.412 -73.080707
42.5407 62.5144 11.7504 -73.083775
43.9242 63.8221 12.81 -73.08688
45.3908 65.165 13.6376 -73.090013
45.9271 67.2097 14.1714 -73.093162
46.6355 69.1359 14.3788 -73.096337
48.3635 70.1089 14.8857 -73.09954
49.6569 71.9103 15.1633 -73.102824
50.9513 73.7475 15.4455 -73.10613
52.8054 74.9337 15.6383 -73.109389
54.7263 75.5702 15.6827 -73.112661
56.0864 76.9982 15.657 -73.115947
57.1449 78.0802 14.4904 -73.119257
58.894 79.349 14.0314 -73.122565
60.9129 80.2627 14.3307 -73.125877
62.6887 81.5896 14.007 -73.129195
64.1912 82.1373 14.8133 -73.132531
65.3934 82.3955 16.5144 -73.135858
66.9021 83.2776 17.6975 -73.139166
67.4164 84.9808 18.6495 -73.14246
68.0681 86.9646 19.2519 -73.145725
18.9087 24.0362 7.1126 -73.012961
19.1476 18.9083 3.9431 -73.009208
20.9905 18.3979 3.8423 -73.010463
22.9152 18.2333 3.6481 -73.011745
24.7758 17.8958 3.3306 -73.01305
26.5871 18.0132 3.1308 -73.014382
28.3023 18.6484 3.6845 -73.015741
29.9424 18.8206 4.6508 -73.017124
31.2866 18.6601 5.9911 -73.018537
32.7096 18.1098 7.1234 -73.019975
34.1103 16.8391 7.543 -73.021435
35.4164 15.4177 7.7072 -73.022923
36.5618 14.0174 7.4707 -73.024434
38.0589 13.6462 6.35 -73.025968
39.8047 13.3092 5.8907 -73.027525
41.5119 12.7068 5.2455 -73.029105
42.8693 12.0614 4.0202 -73.030712
44.4573 11.3345 3.2295 -73.032339
45.9294 10.8303 2.4767 -73.03399
47.1014 10.1377 3.6205 -73.035659
48.3849 9.3089 4.6779 -73.037344
49.394 9.6773 6.2389 -73.039057
50.6478 10.0528 7.6185 -73.040786
51.9327 9.8336 9.0023 -73.042526
53.4883 10.1208 10.104 -73.044279
55.2334 9.8227 9.9071 -73.046043
57.0597 9.924 9.3135 -73.047923
58.8743 9.6526 8.6558 -73.049857
60.689 9.3812 7.9981 -73.051735
62.4959 9.1815 7.3186 -73.053559
64.0964 9.6659 6.3822 -73.055368
65.6128 10.0298 5.5676 -73.05718
66.3879 8.7348 6.61 -73.058998
67.0408 7.9267 8.2378 -73.060809
67.6184 7.3624 10.0083 -73.062624
68.2214 6.7991 11.7671 -73.064433
68.8557 6.3245 13.5452 -73.066223
69.5936 6.0215 15.3177 -73.068009
70.6128 5.6939 16.9232 -73.069767
71.846 5.1297 18.3139 -73.071492
73.446 5.6128 19.1551 -73.073197
75.1394 5.1362 19.9892 -73.074899
76.7792 5.1163 20.887 -73.076537
78.3203 5.541 21.9782 -73.078139
79.5543 6.0354 23.1887 -73.079697
80.477 6.477 24.7608 -73.081198
82.1371 6.4027 25.3832 -73.082645
83.992 6.8997 25.7174 -73.084032
85.8702 6.8251 26.0726 -73.085353
87.7509 6.7088 26.4848 -73.086601
89.6348 6.7028 26.6547 -73.087768
91.0074 6.4378 25.4152 -73.088846
92.1971 6.0461 24.0228 -73.089834
93.1627 5.5053 22.7795 -73.090745
93.4181 5.3578 20.8527 -73.091544
93.6827 5.205 18.9277 -73.092223
93.9559 5.0473 17.0042 -73.092775
94.7999 4.5071 17.8661 -73.093188
-1.9865 16.2264 -10.9822 -72.984574
-1.6114 17.3396 -11.0385 -72.984632
-1.1973 18.2526 -10.4886 -72.984677
-0.4899 18.8695 -10.968 -72.984709
0.4947 18.656 -11.4238 -72.984726
-5.9486 122.6202 -36.4545 -73.16085
-4.8563 124.4889 -38.1946 -73.165506
-3.4433 126.1431 -39.8024 -73.170154
-2.2407 128.597 -40.3971 -73.174792
-1.5188 131.295 -40.1613 -73.179424
-1.6696 134.0734 -40.2753 -73.184044
-2.517 136.7345 -40.7076 -73.188654
-3.2762 139.4376 -41.1589 -73.19325
-4.1563 142.1305 -41.3938 -73.197827
-4.9956 144.8475 -41.5126 -73.202387
-4.2109 147.46 -41.641 -73.206919
-3.9407 150.1251 -41.6099 -73.211431
-3.8535 152.9656 -41.6389 -73.215912
-3.8797 155.8081 -41.7765 -73.220367
-3.362 158.4701 -41.8809 -73.224792
-3.9026 161.1882 -41.8597 -73.229181
-4.6546 163.8938 -41.7416 -73.233531
-4.458 166.7321 -41.7051 -73.237841
-4.7248 169.4267 -41.9823 -73.242106
-5.9516 171.9513 -42.4086 -73.246326
-6.8697 174.6164 -42.5236 -73.250494
-7.1469 177.3942 -42.5991 -73.254609
-8.5483 179.5426 -43.6297 -73.258668
-9.0965 181.9163 -44.9846 -73.262675
-9.3572 184.5276 -45.8738 -73.266611
-10.3037 185.8819 -45.5629 -73.269434
-12.6165 185.7411 -44.527 -73.271115
-14.6492 185.7303 -43.1953 -73.272684
-16.2496 187.2653 -42.1906 -73.274156
-17.9145 189.1431 -41.8854 -73.275534
-19.4479 191.0685 -41.5909 -73.276814
-21.0169 192.9475 -41.0017 -73.277992
-22.4125 194.4386 -40.3024 -73.279066
-23.7068 195.9472 -39.0039 -73.28003
-25.0392 197.7028 -39.8911 -73.280881
-25.8175 200.0563 -40.2799 -73.281612
-26.6369 201.4551 -41.5533 -73.282222
-27.5289 202.2594 -40.2727 -73.282705
-29.472 203.3638 -40.3713 -73.283054
-31.4096 204.4733 -39.3932 -73.283265
-31.9894 205.4816 -37.1556 -73.283335
-32.896 206.6385 -35.2063 -73.283257
-33.7738 206.9925 -32.8727 -73.283025
-35.326 208.2821 -31.3862 -73.282636
-36.5537 210.18 -30.3332 -73.282083
-37.6503 212.1937 -29.5135 -73.28136
-38.7499 214.0475 -28.2022 -73.28046
-38.8366 216.2339 -27.1303 -73.279378
-39.8429 217.9451 -25.6872 -73.278107
-40.3547 220.3663 -25.6679 -73.276642
-9.0607 186.6005 -47.0068 -73.269644
-8.6412 188.5188 -48.1723 -73.271772
-7.9227 189.8909 -49.7878 -73.273828
-7.3389 191.2666 -51.5099 -73.275804
-6.8689 192.8579 -53.067 -73.277696
-6.5717 194.5306 -54.6272 -73.279504
-6.699 195.7688 -56.5782 -73.281225
-6.6007 197.3796 -57.9455 -73.28285
-5.361 198.4457 -59.4593 -73.28438
-4.0706 199.0919 -61.2062 -73.285811
-2.56 200.3359 -61.9713 -73.287132
-1.1767 202.1203 -62.473 -73.288344
0.1257 203.765 -63.1817 -73.289441
0.5779 205.9809 -62.9411 -73.290421
1.7705 207.8999 -62.7909 -73.291279
1.7806 210.0234 -63.3852 -73.292009
1.251 212.0868 -62.5412 -73.292607
0.3882 214.2228 -62.3899 -73.293067
-0.4598 216.2968 -62.9067 -73.293383
-1.2479 218.4121 -63.4146 -73.293551
-2.0973 220.5416 -63.7457 -73.293565
-3.4118 222.4275 -63.923 -73.293419
-5.2388 223.8332 -64.0726 -73.293107
-7.0057 225.2983 -64.337 -73.292624
-8.1122 227.0393 -64.9339 -73.291962
-8.3675 229.0243 -65.402 -73.291266
-8.7031 230.7886 -65.6689 -73.290603
-9.2813 232.5101 -65.8231 -73.28982
-9.2237 228.2929 -64.8468 -73.291433
-10.9382 228.5001 -64.259 -73.291074
-12.6565 228.7042 -63.682 -73.290571
-25.5183 124.0162 -29.3962 -73.159888
-26.4756 125.8583 -28.1987 -73.163737
-27.6755 127.8327 -27.6028 -73.167583
-27.9279 128.8492 -29.077 -73.171432
-28.5728 129.8586 -27.39 -73.175294
-29.4951 131.5172 -26.0388 -73.179125
-30.3172 133.5583 -25.0126 -73.18295
-30.9903 134.755 -23.0132 -73.186764
-31.8576 136.0757 -21.167 -73.190562
-32.9249 137.8539 -19.8699 -73.194343
-34.7749 138.8966 -19.3111 -73.19811
-36.3176 139.9122 -18.0849 -73.201852
-37.4604 141.3871 -16.8864 -73.20557
-38.6623 143.1941 -16.0632 -73.209268
-40.1691 144.5551 -14.9429 -73.212944
-41.2877 146.3296 -14.9203 -73.216594
-42.5778 148.1549 -14.027 -73.22021
-43.9866 149.9737 -13.1872 -73.223785
-45.0144 151.7833 -12.0503 -73.227326
-45.5532 153.8159 -10.8393 -73.230828
-46.3861 156.0367 -10.2537 -73.234288
-46.9837 158.3901 -9.9517 -73.237696
-47.8117 160.6751 -9.7756 -73.241059
-49.0447 162.6915 -9.706 -73.244366
-50.015 164.9082 -9.8518 -73.247618
-51.5234 166.8379 -9.9384 -73.25081
-52.9161 168.8061 -9.9279 -73.253939
-54.0733 170.9215 -9.7859 -73.257003
-55.7453 172.652 -9.5467 -73.259995
-57.6094 174.1497 -9.6472 -73.262914
-59.246 175.273 -8.9172 -73.265757
-60.6519 176.3429 -7.7572 -73.268517
-61.8971 178.3631 -7.4187 -73.27119
-62.7492 180.6081 -7.5045 -73.273774
-63.9736 182.7158 -7.7021 -73.276261
-65.2308 184.8141 -7.6187 -73.278645
-66.7492 186.7003 -7.6491 -73.280922
-68.417 188.4651 -7.7574 -73.283089
-69.4591 190.6092 -7.7695 -73.285137
-69.6776 192.1396 -9.5531 -73.287071
-70.6232 193.0213 -8.854 -73.288899
-70.9662 193.1386 -6.4297 -73.290589
-71.4596 193.5338 -4.0639 -73.292136
-72.1758 195.2071 -3.9513 -73.293523
-73.6159 196.7389 -5.1111 -73.294755
-74.8609 198.522 -6.148 -73.295827
-75.7426 199.5734 -7.6936 -73.296732
-75.3694 199.5725 -10.1146 -73.297475
-74.4019 199.6256 -11.6143 -73.298026
-73.8016 200.0979 -9.3728 -73.298387
-74.5843 201.3776 -7.8285 -73.298547
-75.66 202.8847 -6.3385 -73.2985
-76.7569 204.7933 -5.2692 -73.298236
-77.7876 206.5222 -4.0466 -73.297746
-78.7815 208.5213 -3.0989 -73.297021
-29.3228 87.5393 7.4141 -73.197901
-29.9005 87.4969 9.1019 -73.201216
-30.4781 87.4545 10.7898 -73.204457
-31.0558 87.4122 12.4776 -73.207622
-32.2782 87.1841 13.3671 -73.210729
-33.8866 86.6278 13.8875 -73.213839
-35.2533 87.1539 14.4242 -73.216948
-35.8481 87.8038 15.3321 -73.220049
-36.8463 86.9864 16.4788 -73.223149
-38.3951 86.3544 16.7879 -73.226236
-40.0436 86.842 16.4412 -73.22931
-41.676 86.6973 15.7688 -73.232373
-43.0795 86.67 14.6822 -73.235419
-44.7397 86.6061 14.8133 -73.238445
-46.2784 86.3685 14.6265 -73.241452
-47.931 85.969 14.7511 -73.244431
-49.3382 85.0184 15.2541 -73.247386
-51.0157 84.5548 15.4912 -73.250314
-52.76 84.3802 15.7377 -73.253202
-54.4766 84.1118 16.1326 -73.256052
-56.1575 83.722 16.5614 -73.258868
-57.6854 83.1665 17.2616 -73.261643
-59.449 83.0129 17.2864 -73.264367
-61.2047 83.1213 17.0316 -73.267037
-62.4985 83.4162 16.057 -73.269656
-64.2493 83.561 15.9695 -73.272218
-65.9938 83.4285 15.6473 -73.27472
-67.7202 83.5173 15.2308 -73.277155
-69.055 83.036 14.2322 -73.27952
-69.8653 82.2066 12.9383 -73.281812
-71.0115 81.258 11.9738 -73.284021
-72.4278 80.4398 11.5445 -73.28615
-73.698 79.222 11.6667 -73.288185
-74.8344 77.8746 11.8888 -73.290118
-76.1909 76.8138 12.1994 -73.291961
-77.7152 76.0674 12.6693 -73.293699
-79.2241 75.3783 13.2714 -73.295324
-80.5771 74.3384 13.7242 -73.296833
-81.948 73.2954 14.1285 -73.298219
-83.3128 72.1963 14.4348 -73.299476
-84.2563 70.7511 14.49 -73.3006
-85.9688 70.3467 14.3507 -73.301584
-87.6869 70.083 14.43 -73.302419
-89.1236 69.3762 14.9056 -73.303102
-90.0942 69.1674 16.3612 -73.303626
-91.4773 68.4273 17.0893 -73.303982
-93.1744 68.4543 17.5737 -73.304163
17.4714 115.5383 -32.7054 -73.157064
18.7181 116.515 -32.6736 -73.158907
19.4474 117.9165 -32.6863 -73.160709
20.2746 119.2604 -32.6312 -73.162475
21.0837 120.5882 -32.4636 -73.1642
21.7758 121.9988 -32.2416 -73.16588
22.3094 123.4582 -32.1155 -73.167514
23.1409 124.8071 -32.0128 -73.169095
23.9385 126.1782 -31.9172 -73.170626
25.0849 127.2066 -31.902 -73.172096
25.7601 127.3047 -33.2559 -73.17352
26.628 127.211 -34.5602 -73.174882
27.4583 127.1967 -35.7592 -73.176168
28.395 127.5305 -34.6253 -73.177381
29.5644 128.205 -33.8463 -73.178513
30.5696 128.6374 -32.8152 -73.179571
32.0051 129.043 -32.2921 -73.180541
33.4128 129.4399 -31.6761 -73.181421
34.7649 130.0848 -31.1622 -73.182206
36.07 130.7044 -30.5266 -73.182891
37.2954 130.2845 -29.7509 -73.183474
38.6668 129.8544 -29.4393 -73.183951
40.0959 129.824 -28.9371 -73.184316
41.6596 129.7812 -29.1527 -73.184564
43.163 129.7557 -29.5887 -73.184691
37.3605 97.6671 -24.1386 -73.15097
38.5247 98.3419 -23.3011 -73.152503
39.4075 98.7958 -22.0704 -73.153996
39.7833 99.3954 -20.6642 -73.155445
39.86 99.407 -19.0804 -73.156861
40.1939 99.8932 -18.7303 -73.158207
40.4963 100.318 -20.2174 -73.159508
41.4643 101.4944 -20.1061 -73.160738
42.3976 102.7119 -19.7798 -73.161904
43.1049 104.0833 -19.5568 -73.163006
44.0865 105.3182 -19.6544 -73.164033
44.7899 106.7249 -19.7113 -73.164987
45.9094 107.8469 -19.694 -73.165862
47.0015 108.9935 -19.6267 -73.166655
47.4874 110.1272 -19.5101 -73.167382
47.4694 110.2183 -21.0953 -73.168085
47.4514 110.3094 -22.6805 -73.168674
47.4334 110.4005 -24.2657 -73.169147
47.4153 110.4915 -25.8509 -73.169504
47.3973 110.5826 -27.4361 -73.169742
47.3793 110.6737 -29.0213 -73.169863
-43.1464 107.2097 -8.6051 -73.202314
-44.2349 108.3552 -9.2701 -73.205397
-45.5183 109.1815 -10.1573 -73.208485
-46.5455 110.332 -10.9218 -73.211575
-47.6198 111.4497 -11.7523 -73.214665
-48.7733 112.6103 -11.9929 -73.217755
-49.0763 114.3515 -11.8794 -73.220847
-49.3422 116.0762 -11.586 -73.223929
-49.7822 117.0822 -10.2937 -73.227014
-50.4256 118.2912 -9.1739 -73.230091
-50.9978 119.2379 -7.7863 -73.23316
-51.2625 120.0244 -6.2601 -73.236228
-51.6654 121.1492 -4.9912 -73.23927
-51.9476 122.7357 -4.2703 -73.242297
-52.5998 124.2212 -3.6393 -73.245304
-53.274 125.7541 -3.0637 -73.248283
-53.9887 127.1954 -2.3704 -73.251237
-53.963 128.1021 -0.9245 -73.254195
-54.6255 128.6873 -0.6995 -73.257132
-55.0557 128.8462 -2.4173 -73.260046
-55.7093 129.6088 -3.8029 -73.262895
-56.3904 130.5701 -3.4395 -73.265708
-57.2397 131.7558 -2.5815 -73.268484
-57.7383 132.4193 -1.0375 -73.271241
-58.1997 132.8604 0.5026 -73.273941
-59.135 134.2149 0.2827 -73.276581
-59.5411 135.9385 0.3726 -73.279162
-60.3211 137.5272 0.4547 -73.281683
-61.5615 138.7924 0.4272 -73.28414
-62.8427 140.0202 0.4049 -73.286534
-63.9756 141.337 0.4784 -73.288857
-65.5415 142.0698 0.6041 -73.291106
-66.8201 143.3029 0.6105 -73.293276
-67.9523 144.6731 0.6097 -73.295419
-69.0106 146.0943 0.6091 -73.297429
-69.7753 147.6531 0.6561 -73.299332
-69.9859 148.4831 2.1055 -73.301152
-70.4429 149.3779 3.3991 -73.302859
-71.6135 150.4383 2.691 -73.304454
-72.4835 151.5429 1.7355 -73.305932
-72.9227 152.8592 2.7049 -73.307294
-72.5877 154.4469 3.3601 -73.308527
-73.0119 156.1489 3.5593 -73.309629
-73.1545 157.8864 3.5882 -73.310591
-74.1953 159.319 3.6169 -73.311408
-74.932 160.9303 3.7174 -73.312074
-75.2192 162.6661 3.8423 -73.312583
-75.4158 163.3004 5.1393 -73.312935
-75.4017 163.5667 6.8972 -73.313115
-50.1374 90.531 -23.3634 -73.200495
-51.2673 90.8857 -22.5511 -73.203386
-52.7159 91.6607 -23.1098 -73.206268
-54.0702 92.6015 -23.357 -73.209148
-55.4386 93.0469 -22.4458 -73.212021
-56.998 93.6059 -21.9041 -73.214888
-58.5673 94.2413 -21.5078 -73.217742
-59.4515 94.8578 -20.2839 -73.220606
-60.3751 95.9904 -19.3491 -73.223432
-61.639 96.317 -18.2753 -73.226247
-62.5765 96.8459 -17.7339 -73.229042
-63.9654 97.6322 -17.7098 -73.231822
-65.6166 98.1559 -17.9424 -73.234576
-67.3141 98.5251 -18.0363 -73.237307
-68.9906 98.999 -17.9141 -73.240002
-70.4527 99.8368 -17.5623 -73.242668
-71.8636 100.5751 -16.8437 -73.245298
-73.2945 101.1084 -16.0241 -73.247886
-74.8032 101.5319 -15.3155 -73.250434
-76.2937 102.0431 -14.7677 -73.252936
-76.9439 103.3194 -13.9021 -73.255392
-77.7853 104.5384 -13.0235 -73.257795
-79.1174 105.4827 -13.5256 -73.260135
-80.5678 106.3785 -13.889 -73.262416
-81.9123 107.4474 -14.0602 -73.264623
-82.892 108.884 -14.1362 -73.266765
-83.7902 110.3676 -14.0768 -73.268835
-84.9748 111.6284 -13.8567 -73.270821
-86.2002 112.6963 -13.3076 -73.272731
-87.0479 113.9279 -12.479 -73.274553
-87.7411 115.4304 -11.9657 -73.276278
-88.823 116.6812 -11.5653 -73.277904
-89.4834 118.0465 -10.8065 -73.279429
-90.0558 119.4566 -9.9504 -73.280846
-90.8226 120.9302 -9.4429 -73.282145
-91.9586 122.2396 -9.3374 -73.283322
-92.8888 123.6775 -9.6286 -73.284374
-93.6083 125.2344 -9.9613 -73.285294
-94.4583 126.6908 -10.3334 -73.286076
-95.6371 127.179 -11.2403 -73.286717
-96.5223 128.3643 -11.7434 -73.287206
-97.3565 129.8343 -11.9607 -73.287539
-98.0187 131.4271 -12.0082 -73.287709
-44.8397 82.3848 -0.1022 -73.223582
-45.6858 82.6745 1.4762 -73.22715
-47.0854 83.466 2.0376 -73.230716
-47.9154 84.1261 0.6038 -73.234312
-48.4536 84.4912 -1.1078 -73.237909
-49.4629 84.7481 -2.3216 -73.241512
-50.8487 85.4683 -2.9272 -73.245132
-51.3634 86.2483 -4.138 -73.248793
-51.1604 85.8865 -5.9031 -73.252457
-51.4147 86.3329 -4.63 -73.256139
-51.3753 86.9211 -3.2026 -73.259802
-51.6511 88.546 -2.6095 -73.263463
-52.0008 89.4665 -3.9264 -73.267157
-52.6137 90.8015 -4.1725 -73.270839
-53.4473 92.4123 -3.9386 -73.274527
-53.8653 94.1635 -3.6555 -73.278218
-53.9519 95.9277 -3.215 -73.281911
-54.3051 97.4953 -2.5507 -73.285607
-54.5625 98.6898 -1.1952 -73.28929
-54.547 99.8234 0.1762 -73.292977
-54.2907 100.3598 1.9096 -73.296667
-54.7709 101.2087 3.4194 -73.300321
-54.4328 101.9413 3.8933 -73.30395
-53.0212 101.1678 3.092 -73.307563
-52.5222 101.109 4.5528 -73.311181
-54.1846 101.7537 4.4499 -73.314758
-55.6576 102.8136 4.5394 -73.318308
-56.499 104.3974 4.7059 -73.321833
-56.8786 106.1716 4.8788 -73.32533
-56.4546 107.8733 4.5587 -73.328792
-55.6814 109.1098 4.4339 -73.332249
-55.7928 109.3656 6.2457 -73.335726
-56.2213 109.7146 7.7986 -73.339084
-55.5336 111.171 7.9788 -73.342393
-57.2605 111.7016 8.1166 -73.345646
-58.1121 113.2561 8.4551 -73.348851
-58.5985 114.919 9.0311 -73.352001
-59.6859 116.036 9.8099 -73.355077
-59.434 116.5435 10.5662 -73.358099
-59.3051 118.1105 11.4366 -73.361046
-59.9415 119.6907 12.0733 -73.363925
-60.8614 121.156 12.3489 -73.366717
-61.607 122.4945 11.39 -73.369434
-62.1797 124.0961 10.8491 -73.372057
-62.6253 125.8486 10.8404 -73.374582
-62.2188 127.4063 11.6395 -73.377007
-61.8461 129.0333 12.3882 -73.379324
-62.5327 130.6886 12.3999 -73.38153
-62.936 132.4579 12.2088 -73.383622
-63.3234 134.2117 11.8803 -73.385595
-63.6303 135.945 11.5157 -73.387439
-63.951 136.5199 9.8435 -73.389161
-64.1784 137.2406 8.1925 -73.390736
-64.0694 138.3872 6.7995 -73.392158
-64.3697 140.0086 6.0583 -73.39343
-64.8732 141.6033 5.322 -73.394538
-65.5178 142.5596 4.0703 -73.395482
-65.7682 143.1976 5.3492 -73.396254
-66.7186 144.3442 5.8832 -73.396843
-67.5125 145.9488 6.0337 -73.397243
-68.2142 147.6123 6.0332 -73.397447
-36.2134 93.2108 29.5751 -73.202534
-36.6635 94.7733 29.8902 -73.204725
-36.9263 96.2364 30.4302 -73.206891
-37.1622 97.773 30.8495 -73.209035
-37.5529 99.3568 31.1525 -73.211156
-37.9173 100.9487 31.3678 -73.213239
-38.3971 102.525 31.406 -73.215295
-38.3118 104.182 31.3802 -73.21731
-38.3833 105.841 31.3619 -73.219285
-38.5184 107.493 31.3513 -73.221219
-38.1793 109.1047 31.3065 -73.223109
-37.694 110.6348 31.1726 -73.224947
-37.4366 112.1749 31.1742 -73.226735
-36.4341 113.3684 31.2349 -73.228473
-35.2673 114.4885 31.1966 -73.230149
-35.1913 116.0244 31.322 -73.231762
-36.1323 117.264 31.8032 -73.233311
-36.1013 118.8174 31.8898 -73.234791
-35.2737 120.1279 31.585 -73.236195
-34.1912 121.3196 31.36 -73.237521
-33.7141 122.9011 31.2289 -73.238761
-33.0667 124.4147 31.1658 -73.239914
-32.8786 126.0601 31.1275 -73.240973
-32.0835 127.4884 31.1247 -73.241933
-31.8296 129.12 31.1246 -73.242793
-31.1422 130.5851 30.9859 -73.243544
-30.3228 131.8477 30.3079 -73.244184
-29.6856 132.4849 28.9766 -73.244708
-29.0719 133.0333 27.5676 -73.245111
-28.0844 133.7856 27.8775 -73.245384
-27.152 134.469 28.6173 -73.245523
68.8569 88.73 19.5506 -73.148558
69.4626 89.4871 18.5505 -73.151004
69.8694 90.2922 17.5312 -73.153424
70.1133 90.9732 19.0619 -73.155829
70.2522 92.4115 19.6157 -73.158198
70.8156 93.9888 19.8859 -73.160537
70.9233 95.5529 19.5992 -73.162851
71.3862 97.0655 19.4044 -73.165129
72.5006 98.2929 19.6588 -73.167366
72.7344 99.9408 19.94 -73.169568
72.932 101.5833 19.995 -73.17173
72.4313 103.198 19.9089 -73.173848
71.8799 104.7873 20.0008 -73.175912
71.5282 106.416 19.8144 -73.177929
71.2624 108.037 19.4849 -73.179889
70.3107 109.3594 19.2993 -73.181783
69.2896 110.7156 19.219 -73.183613
68.8552 112.3448 19.1576 -73.185373
68.8224 113.8606 18.9579 -73.187059
69.0085 114.8834 18.0264 -73.188675
68.8524 116.0924 16.8932 -73.190208
69.7271 117.2159 15.9694 -73.191656
70.0973 118.581 15.0882 -73.193011
70.8674 119.2691 13.939 -73.194277
70.3855 118.9765 13.515 -73.195436
69.9666 118.6726 13.3866 -73.196499
70.2125 118.847 11.7059 -73.197465
70.4357 118.9096 10.8982 -73.198296
70.1867 118.7318 12.5649 -73.199014
69.521 118.6003 13.8778 -73.199592
69.0153 119.2849 13.1332 -73.200033
69.8993 119.8704 11.9133 -73.200334
70.2963 119.9515 10.2866 -73.200488
95.5228 3.6634 18.9207 -73.093406
95.9521 3.5018 19.9853 -73.093516
96.3294 3.3373 21.069 -73.093573
-41.3421 222.5153 -25.6062 -73.275084
-42.702 224.1478 -25.2091 -73.273629
-44.2458 225.1088 -24.0553 -73.272164
-45.8189 226.0665 -23.0056 -73.270691
-47.3319 227.1224 -21.9872 -73.269212
-48.8138 228.7344 -21.8003 -73.267725
-50.1281 230.4969 -21.9165 -73.266231
-51.8278 231.7383 -22.0527 -73.264729
-52.8158 233.6774 -22.1145 -73.263219
-53.0724 235.6787 -22.1684 -73.262027
-53.6815 237.6012 -22.215 -73.261161
-54.8336 239.2327 -22.1693 -73.260296
-55.9455 240.9107 -22.1307 -73.259431
-56.8959 242.6769 -22.2538 -73.258567
-57.6448 244.0732 -23.1351 -73.257702
-57.9004 245.3567 -24.6431 -73.256838
-58.5973 247.0318 -25.4177 -73.255976
-59.3933 248.8468 -25.6686 -73.255115
-60.5485 250.492 -25.7129 -73.254254
-62.0102 251.8694 -25.795 -73.253395
-63.5819 251.7041 -25.7766 -73.252536
-65.1861 252.5294 -25.4878 -73.251677
-66.5361 253.7075 -24.6451 -73.250819
-67.4482 255.4346 -24.2826 -73.249962
-68.0616 257.3349 -24.0645 -73.249106
-69.279 258.781 -24.0213 -73.248252
-70.6709 260.1778 -24.061 -73.247398
-71.4436 262.0159 -24.0595 -73.246546
-72.8554 263.4363 -23.888 -73.245696
-74.3055 264.6952 -23.3614 -73.244847
-75.6104 266.0079 -22.6232 -73.244
-76.4194 267.7709 -22.2236 -73.243153
-77.0046 269.6763 -21.989 -73.242308
-77.6943 271.5617 -21.8675 -73.241465
-78.0414 273.5421 -21.7862 -73.240624
-78.9873 275.301 -21.7403 -73.239785
-80.3424 276.7952 -21.6879 -73.238949
-81.6546 278.3163 -21.6068 -73.238115
-83.1583 279.5974 -21.7854 -73.237283
-84.8953 280.6045 -21.8472 -73.236454
-86.7025 281.4584 -21.6828 -73.235626
-87.8751 282.8646 -21.0904 -73.2348
-89.4892 283.7967 -20.5891 -73.233977
-91.1007 284.9601 -20.5677 -73.233158
-92.4107 286.2858 -21.1453 -73.23234
-94.0557 286.9976 -21.9919 -73.231525
-95.7101 288.0996 -22.2545 -73.230713
-97.3406 289.2852 -22.2657 -73.229905
-98.976 289.9877 -22.9029 -73.229099
-100.2796 290.7986 -23.6291 -73.228296
-101.4799 291.8038 -22.4899 -73.227495
-103.036 292.9887 -22.0284 -73.226699
-104.6892 294.1312 -21.8834 -73.225906
-106.3559 295.2232 -22.151 -73.225117
-107.8941 296.3493 -22.6692 -73.224333
-109.1385 297.4951 -23.597 -73.223551
-110.8652 298.494 -23.4597 -73.222774
-112.4721 299.5248 -23.016 -73.222001
-113.8772 300.6139 -22.2042 -73.221232
-115.339 301.8994 -21.8314 -73.220467
-116.6463 303.427 -21.784 -73.219708
-117.9037 305.0024 -21.8441 -73.218953
-119.0254 306.6607 -22.003 -73.218202
-119.7365 308.5266 -22.2827 -73.217457
-120.0458 309.7921 -21.1758 -73.216712
-120.3335 310.3959 -19.2752 -73.215975
-120.8092 311.2425 -17.5331 -73.215244
-121.3861 312.9361 -16.6595 -73.21452
-122.3666 314.5966 -16.303 -73.213803
-123.445 316.2788 -16.4754 -73.213091
-124.5125 317.8962 -16.7048 -73.212386
-124.8879 318.6378 -14.9021 -73.211683
-124.9811 319.1413 -12.9496 -73.210985
-125.2786 319.7061 -11.0358 -73.210295
-125.7833 320.5605 -9.2875 -73.209616
-126.7853 321.2272 -7.7186 -73.208944
-128.1198 321.7372 -6.5853 -73.208279
-129.5338 322.6762 -5.6435 -73.207622
-130.8033 322.8583 -4.1103 -73.206971
-132.3486 322.5617 -2.9424 -73.206329
-133.5223 321.7567 -2.2514 -73.205696
-134.4075 321.0203 -3.7194 -73.20507
-136.141 320.0633 -3.704 -73.204454
-137.9234 319.2453 -3.5128 -73.203847
-139.8153 319.4438 -3.03 -73.203242
-141.7336 319.7231 -2.5415 -73.202653
-143.2992 318.8382 -1.8198 -73.202074
-143.6324 318.198 -3.1912 -73.201503
-144.6494 318.183 -2.5451 -73.200941
-145.6029 318.7473 -1.0864 -73.200391
-147.1116 319.1677 -0.0827 -73.199852
-149.0143 318.6505 0.3041 -73.199324
-150.835 317.9416 0.6531 -73.198808
-152.6003 318.3043 1.3039 -73.198304
-154.255 319.2248 1.8195 -73.197813
-156.1347 319.0641 1.3765 -73.197333
-157.9479 318.8394 0.6505 -73.196867
-159.8193 318.2421 0.4855 -73.196412
-161.6982 318.4908 0.8126 -73.195972
-163.3502 318.4678 1.946 -73.195545
-164.7917 318.8721 3.1901 -73.195132
-166.0348 318.4651 4.5448 -73.194734
-167.2051 317.7036 5.9108 -73.19435
-168.6856 318.3603 6.972 -73.193982
-170.5746 318.3686 7.6324 -73.193629
-172.4422 318.8037 8.0573 -73.193293
-173.7745 319.4811 7.41 -73.192972
-175.2708 319.8181 6.8918 -73.192669
-176.3866 321.0401 7.8064 -73.192382
-178.1084 321.388 8.4289 -73.192113
-179.8667 322.3331 8.1901 -73.191862
-181.7338 322.9719 7.9865 -73.19163
-183.2047 324.2061 7.6173 -73.191417
-184.6529 324.5109 6.7583 -73.191222
-186.4765 324.882 7.4149 -73.191048
-188.3601 325.5005 7.7542 -73.190894
-190.207 326.2741 7.8586 -73.19076
-191.8555 326.4884 7.2737 -73.190648
-192.3011 326.2807 5.3327 -73.190555
-192.4569 326.3027 3.3202 -73.190484
-192.6127 326.3246 1.3078 -73.190436
-192.7684 326.3466 -0.7047 -73.190412
-53.5618 234.7518 -22.4056 -73.262064
-55.3696 234.7358 -22.9279 -73.261282
-57.1775 234.7198 -23.4502 -73.260513
-58.9758 234.7413 -23.9753 -73.259758
-60.5834 235.6616 -24.1049 -73.259009
-62.2107 236.6032 -24.0421 -73.258262
-63.9306 237.3539 -24.0447 -73.257517
-65.5569 238.2591 -24.1396 -73.256774
-67.3063 238.9314 -24.1596 -73.256035
-68.8366 239.9978 -24.0522 -73.255297
-70.5332 240.314 -23.7713 -73.254562
-72.1779 239.7124 -23.3677 -73.25383
-73.9055 239.067 -23.0743 -73.253101
-75.764 238.9129 -23.0612 -73.252376
-77.5069 238.4311 -23.4834 -73.251653
-79.2728 238.5078 -23.5052 -73.250933
-81.0101 239.1307 -23.2489 -73.250217
-82.8258 239.4159 -22.9537 -73.249505
-84.5254 239.9346 -22.4418 -73.248796
-86.2406 240.0396 -21.7161 -73.248091
-87.8568 239.8217 -20.9364 -73.24739
-89.3552 239.6723 -19.8507 -73.246693
-90.7771 239.8281 -18.7653 -73.246
-92.3262 239.5258 -18.0598 -73.245311
-94.0855 240.1028 -17.7873 -73.244628
-95.877 240.5966 -17.5579 -73.24395
-97.6988 241.0591 -17.507 -73.243276
-99.53 241.4724 -17.4393 -73.242608
-101.2527 242.1681 -17.1773 -73.241944
-102.8299 242.815 -16.4434 -73.241287
-104.4569 243.5931 -15.9937 -73.240636
-106.2956 243.7075 -16.104 -73.23999
-107.1732 243.8399 -14.6775 -73.239345
-108.3872 244.3725 -13.7017 -73.23871
-109.3454 245.4642 -12.5807 -73.238082
-110.5466 246.5332 -11.6213 -73.237459
-112.0874 247.1 -10.9503 -73.236844
-112.6927 248.1713 -9.7197 -73.236234
-113.85 248.7857 -8.6033 -73.235632
-114.9422 250.1535 -8.2414 -73.235037
-115.3929 251.8689 -7.6387 -73.23445
-116.4822 252.9605 -6.8157 -73.233872
-117.371 253.2374 -5.1806 -73.233301
-118.358 253.8356 -3.7152 -73.232738
-119.4595 254.4678 -2.3971 -73.232186
-120.9563 255.2641 -1.6822 -73.231641
-122.5163 255.9458 -1.0086 -73.231106
-123.9831 256.9071 -0.452 -73.230581
-124.7954 257.8348 0.9161 -73.230064
-125.65 259.0549 2.0473 -73.229559
-126.8265 260.4562 2.1583 -73.229062
-128.2898 261.2032 2.616 -73.228576
-129.0334 261.3894 4.2611 -73.228098
-129.2473 261.2649 6.1105 -73.227616
-129.4022 261.1437 7.9821 -73.227153
-129.5576 261.0229 9.8536 -73.226709
-129.7512 260.9235 11.7229 -73.226266
-129.9463 260.825 13.592 -73.22584
-130.1515 260.7135 15.4586 -73.225433
-130.5488 260.346 17.2477 -73.22504
-131.604 259.0778 18.099 -73.224662
-132.4067 258.2916 19.5872 -73.224298
-133.3932 257.3081 20.8241 -73.223948
-133.8044 256.3522 22.376 -73.223612
-134.6418 255.2368 23.5911 -73.223292
-135.4197 253.8392 24.4892 -73.222987
-135.7 253.4829 26.3153 -73.222696
-136.3101 252.641 27.7577 -73.222423
-136.3201 251.3179 26.4825 -73.222166
-136.8701 249.6435 26.0944 -73.221925
-137.7175 248.1362 25.6627 -73.221702
-137.6045 246.4619 25.1316 -73.221498
-137.2893 245.0053 24.2243 -73.221312
-136.6215 243.4615 23.4192 -73.221145
-135.6446 241.9497 22.8735 -73.220995
-135.3758 240.4199 22.4018 -73.220866
-136.1869 239.3032 23.0344 -73.220758
-136.341 238.0644 24.2021 -73.22067
-136.433 236.6369 25.3143 -73.220604
-136.6008 234.8539 25.6617 -73.220559
-137.1474 233.4458 25.0869 -73.220536
-10.2537 234.1313 -65.7936 -73.288857
-11.9535 235.2244 -65.4206 -73.287835
-13.2513 236.4124 -64.5554 -73.286812
-13.9825 238.2182 -64.0036 -73.285788
-13.9675 239.4333 -65.1657 -73.28476
-14.1745 240.8047 -66.5759 -73.283733
-14.74 242.3781 -67.763 -73.282706
-15.0167 243.3075 -69.5586 -73.281675
-14.9973 244.3966 -71.2899 -73.280645
-15.4806 245.6013 -72.6631 -73.279615
-16.6681 247.206 -72.2066 -73.278585
-17.3029 249.0449 -71.7718 -73.277554
-18.6676 250.382 -71.3338 -73.276523
-19.6799 251.0982 -72.0439 -73.275491
-20.4939 252.2385 -73.4165 -73.274457
-21.5912 252.7618 -72.8895 -73.273521
-21.9596 252.8176 -71.2713 -73.272694
-22.6797 254.2973 -71.5196 -73.271868
-23.6039 255.7577 -72.0067 -73.271044
-24.5721 257.236 -72.2298 -73.270221
-26.0105 258.3101 -72.2446 -73.269399
-27.3761 259.4599 -72.2196 -73.268578
-28.9516 260.3257 -72.2375 -73.267748
-30.5102 261.2195 -72.2945 -73.266931
-31.595 262.5637 -72.7018 -73.266115
-32.6547 263.9941 -72.7006 -73.265301
-33.5598 265.5319 -72.4801 -73.264489
-34.5952 266.9872 -72.4053 -73.263679
-35.2782 268.5959 -72.3691 -73.262868
-36.5462 269.7783 -72.1737 -73.262062
-37.8737 270.872 -71.8225 -73.261258
-38.8876 272.2418 -71.3145 -73.260456
-39.6217 273.7558 -70.7585 -73.259657
-40.6535 274.9959 -70.0158 -73.25886
-42.0534 275.9829 -69.5331 -73.258064
-43.5846 276.8719 -69.3005 -73.257273
-45.0655 277.8565 -69.4958 -73.256483
-45.946 279.1186 -68.7677 -73.255697
-45.8345 280.5644 -67.9551 -73.254913
-46.196 282.2235 -68.3906 -73.254132
-46.2456 283.784 -69.1293 -73.253355
-45.9356 284.9029 -69.4775 -73.25258
-46.3572 283.3243 -69.8414 -73.251806
-47.6385 284.0096 -69.6263 -73.251032
-47.8598 285.27 -68.7781 -73.250265
-47.9763 286.6481 -67.6615 -73.2495
-48.0018 287.8134 -66.394 -73.248739
-49.296 287.3623 -65.4888 -73.247982
-50.1432 286.6731 -64.1653 -73.24723
-50.2434 286.1704 -62.4405 -73.246479
-51.2742 284.9264 -61.8207 -73.245736
-52.8421 284.4426 -61.0987 -73.244997
-53.9107 283.6653 -60.0279 -73.244263
-54.752 283.3629 -58.5184 -73.243532
-55.6511 282.4981 -57.2933 -73.242808
-56.6242 281.93 -56.0196 -73.242091
-57.9991 281.9695 -54.8908 -73.241379
-59.0837 282.3361 -53.8941 -73.240672
-60.0943 282.1643 -52.7677 -73.239971
-61.4419 281.5155 -51.8651 -73.239277
-62.8626 280.827 -51.0501 -73.23859
-64.2795 280.6349 -50.0042 -73.237909
-65.804 280.5238 -49.0693 -73.237235
-66.7885 280.054 -47.7484 -73.236567
-67.9789 279.2336 -46.7905 -73.235907
-68.6552 278.446 -45.3481 -73.235253
-69.0138 277.9753 -43.6489 -73.234607
-69.4167 276.9949 -42.4398 -73.233969
-69.8247 275.5947 -42.5008 -73.233339
-70.268 276.0815 -42.6582 -73.232718
-70.9242 276.409 -41.0457 -73.232101
-71.4032 276.5871 -39.3203 -73.231495
-72.2724 276.7647 -38.0281 -73.230901
-73.2041 276.1685 -36.6914 -73.230315
-74.2918 275.5936 -35.4399 -73.22974
-75.425 274.8456 -34.2803 -73.229175
-76.9255 274.2886 -33.5609 -73.22862
-77.3251 274.3933 -31.9623 -73.228075
-77.3839 274.0953 -31.6173 -73.227535
-77.9259 274.1693 -30.1943 -73.227009
-79.5493 274.0847 -29.6223 -73.226494
-80.9279 274.149 -28.5263 -73.225992
-82.1503 274.2888 -27.2947 -73.225502
-83.1333 274.5631 -25.8399 -73.225024
-83.3586 274.0993 -24.1212 -73.224557
-83.4086 273.3363 -22.4949 -73.224105
-83.5601 272.816 -20.7795 -73.223664
-83.7705 272.4678 -19.0265 -73.223237
-84.0593 272.0789 -17.2937 -73.222825
-84.2893 271.7437 -15.5414 -73.222427
-84.9661 271.1706 -14.2656 -73.222046
-86.4465 270.5588 -13.5443 -73.22168
-87.5224 269.4821 -12.7644 -73.22133
-88.5863 270.2836 -13.3628 -73.220996
-89.344 271.7765 -13.8414 -73.220678
-90.7295 272.8654 -14.017 -73.220373
-92.0012 274.1345 -14.1202 -73.220086
-93.0728 275.5655 -14.188 -73.219819
-94.4803 276.5793 -14.1262 -73.219571
-96.2029 276.3016 -13.7358 -73.219341
-97.8612 276.4416 -13.1634 -73.219129
-99.2225 277.2086 -12.3487 -73.218938
-100.7724 276.7787 -11.5881 -73.218765
-102.4856 276.8416 -11.2384 -73.218612
-104.2435 277.0799 -11.3594 -73.21848
-105.8758 277.7134 -11.5089 -73.218369
-106.978 278.2571 -10.6069 -73.218279
-108.7214 278.4008 -10.5748 -73.218211
-110.1714 278.7473 -11.3411 -73.218165
-111.6618 279.6815 -11.4564 -73.218142
-21.5015 253.5088 -73.309 -73.273851
-22.5942 254.3623 -72.684 -73.273687
-23.4363 255.5756 -72.2611 -73.273538
-23.7952 256.2196 -73.6016 -73.273403
-24.1958 256.9175 -74.8973 -73.273284
-24.5102 257.2028 -76.431 -73.27318
-25.2575 257.9568 -77.5755 -73.273093
-25.9832 258.9049 -78.6121 -73.273023
-26.7351 259.8964 -79.3372 -73.27297
-27.7754 261.0706 -79.3699 -73.272933
-28.1276 262.1418 -78.3341 -73.272915
-14.415 228.9869 -63.4499 -73.289922
-16.1331 229.4489 -63.5343 -73.289285
-17.7421 230.1331 -63.7219 -73.288652
-19.4067 230.7023 -63.8399 -73.288025
-20.8995 231.6241 -63.8754 -73.287404
-22.4197 232.5434 -63.927 -73.286787
-23.9779 232.9794 -64.5409 -73.286177
-25.5926 233.2447 -65.0739 -73.285571
-27.3372 233.3731 -65.393 -73.284971
-29.108 233.4677 -65.4659 -73.284378
-30.8642 233.5427 -65.402 -73.283791
-32.3482 234.4256 -65.4518 -73.283211
-33.9347 234.8444 -64.9779 -73.282637
-35.6107 235.0483 -64.5372 -73.282071
-37.2988 235.2219 -64.5195 -73.281512
-38.3854 235.5894 -65.5655 -73.280959
-39.1438 235.7555 -64.0699 -73.280414
-40.4342 236.3585 -64.9633 -73.279877
-41.6538 237.408 -65.4996 -73.279349
-43.3197 237.9738 -65.7908 -73.278831
-45.0712 238.2644 -65.9288 -73.278322
-46.7994 238.6788 -65.9135 -73.277822
-48.5481 238.9796 -65.7557 -73.277332
-50.2593 239.3638 -65.4708 -73.276852
-51.9541 239.818 -65.3779 -73.276382
-53.6581 240.3081 -65.5616 -73.275923
-55.3649 240.7618 -65.7517 -73.275475
-56.9242 241.5359 -65.9538 -73.275038
-58.6438 241.8319 -66.2728 -73.274613
-59.9936 242.7156 -66.7405 -73.2742
-60.984 243.7818 -67.5294 -73.273799
-62.0855 245.146 -67.6347 -73.273411
-62.592 246.8516 -67.5474 -73.273036
-63.6958 248.1812 -67.3534 -73.272674
-65.3602 248.1365 -67.1819 -73.272326
-66.6185 247.2528 -66.7907 -73.271992
-68.2827 246.701 -66.9975 -73.27167
-69.0056 246.5375 -67.1182 -73.271366
-69.4149 247.1923 -66.2178 -73.271075
-70.5685 248.2104 -65.6787 -73.270801
-72.1021 248.9573 -65.1628 -73.270543
-73.5226 249.8734 -64.6789 -73.270302
-74.9049 250.917 -64.2744 -73.270079
-76.1941 252.0464 -63.8017 -73.269873
-77.6751 252.694 -63.2164 -73.269686
-78.9054 253.7897 -63.1101 -73.269517
-80.0531 255.1107 -63.1909 -73.269368
-81.4092 256.2087 -63.4316 -73.269238
-83.1166 256.5971 -63.7243 -73.269129
-84.8053 256.9649 -63.8465 -73.269041
-86.3232 257.8036 -63.7447 -73.268974
-88.0463 257.7843 -63.4146 -73.268928
-89.5568 258.6367 -63.0658 -73.268906
-79.8558 209.6969 -1.6956 -73.296167
-80.9345 210.9313 -0.8747 -73.295433
-81.8718 212.3265 -0.0936 -73.294702
-83.0145 213.649 0.4105 -73.293974
-83.35 215.4299 0.5242 -73.293249
-84.7236 216.0877 0.5245 -73.292526
-85.8365 216.8501 1.5461 -73.291806
-86.4751 218.3432 2.3648 -73.291091
-87.6889 219.3419 3.0091 -73.29038
-89.3832 219.625 3.5112 -73.289674
-90.5679 220.9942 3.9392 -73.288972
-91.9993 222.1339 4.2769 -73.288275
-93.1066 223.0567 5.3451 -73.287582
-94.2451 224.3484 6.04 -73.286893
-95.1955 225.7846 6.6504 -73.28621
-96.1469 227.1811 6.1703 -73.285532
-97.5307 228.1499 5.5656 -73.284859
-97.6555 229.6726 4.5217 -73.284191
-98.2632 230.7709 4.9578 -73.283527
-99.4213 231.1534 5.7424 -73.28287
-100.7458 231.4122 4.7237 -73.282219
-101.8502 232.6408 4.2535 -73.281574
-103.1436 233.9354 4.0273 -73.280937
-104.4921 234.4164 4.8558 -73.280306
-105.6117 233.6885 5.7966 -73.279678
-106.7274 232.3194 6.4016 -73.279052
-107.441 230.7522 6.8747 -73.278442
-107.4488 229.0255 7.5014 -73.27784
-107.9411 227.3511 8.131 -73.277248
-107.0902 226.8712 8.9862 -73.276663
-106.1496 226.513 10.1833 -73.27608
-105.9516 226.2598 12.0223 -73.275506
-105.4787 225.2922 12.0054 -73.274945
-105.2249 224.5846 10.2988 -73.274392
-104.7784 223.6625 9.5999 -73.273852
-104.7066 222.6921 11.0296 -73.27332
-105.026 220.965 11.6033 -73.2728
-104.6066 219.9029 12.8153 -73.27229
-103.3942 219.8352 14.0764 -73.271791
-104.3073 219.9043 13.553 -73.271304
-105.885 218.9419 13.3792 -73.270827
-107.2676 218.4747 12.6842 -73.270363
-108.1193 218.5469 11.0406 -73.269909
-108.3962 219.4541 11.7193 -73.269468
-109.0143 219.6825 13.4653 -73.269039
-109.7221 219.9831 15.1561 -73.268625
-110.6667 219.9703 16.4989 -73.268226
-112.0003 218.9022 16.8845 -73.267841
-113.4433 217.9794 16.4775 -73.267472
-114.7081 217.1333 15.6968 -73.267117
-115.2947 216.7255 13.9743 -73.266777
-115.5962 216.7912 12.1637 -73.26645
-115.7677 217.1126 10.3327 -73.26614
-115.4309 217.0746 11.1227 -73.265849
-116.1181 217.6962 12.116 -73.265567
-117.3855 218.3763 13.3061 -73.265307
-118.8798 218.8959 14.099 -73.26507
-120.5533 219.5755 14.5055 -73.264851
-122.3465 220.0233 14.7431 -73.264653
-124.1585 220.1151 14.949 -73.264473
-125.565 221.2324 14.8597 -73.264315
-126.6064 222.7478 14.7267 -73.264177
-127.1945 224.5052 14.537 -73.264061
-127.9351 226.1832 14.2547 -73.263968
-129.0224 227.5634 14.5865 -73.263896
-130.1181 229.0198 14.5982 -73.263848
-131.2201 230.4645 14.2522 -73.263824
47.5528 -96.076 13.5667 -72.099029
47.0015 -95.2803 13.5986 -72.099117
46.7344 -94.3274 13.6342 -72.099161
27.7081 -94.2683 18.8592 -72.076169
26.226 -93.6204 19.8024 -72.076722
24.7439 -92.9726 20.7456 -72.077139
23.2618 -92.3248 21.6888 -72.077418
23.8038 -92.3745 21.7835 -72.077558
54.7481 -88.0637 17.871 -72.121264
97.3169 -66.6493 31.3652 -72.176184
99.3506 -67.4491 30.897 -72.17767
101.3843 -68.2489 30.4289 -72.178914
103.4181 -69.0488 29.9607 -72.179912
105.4518 -69.8486 29.4925 -72.180665
104.935 -70.7499 28.9784 -72.181168
104.6139 -70.6388 26.7694 -72.181421
96.937 -66.473 30.8282 -72.175412
44.0154 -65.7095 15.6069 -72.182422
44.0102 -66.3692 14.8486 -72.18249
44.1586 -67.2141 14.3402 -72.182524
-4.665 -9.0685 -0.0051 -72.945885
-3.3078 -10.3003 -0.0154 -72.916299
-1.9532 -11.5348 -0.0257 -72.88674
-0.7426 -12.7803 -0.0459 -72.837624
0.4334 -13.9291 -0.0935 -72.76943
1.4466 -15.2471 -0.185 -72.701754
3.5554 -27.7322 1.4257 -72.602287
8.6107 -41.3653 6.7974 -72.510844
22.8794 -62.2772 10.5055 -72.308216
26.4745 -64.8588 13.9793 -72.278345
29.0535 -67.1183 14.3116 -72.258915
42.1418 -73.5431 16.2509 -72.189157
47.2069 -85.1931 18.1557 -72.132202
44.6639 -89.9679 15.7857 -72.11089
47.7449 -96.3203 13.6398 -72.099903
78.4149 -177.3628 14.5582 -71.999318
95.2227 -265.7699 17.0719 -71.920997
48.1056 -320.1106 18.1187 -71.862565
-10.9476 -383.6056 22.9817 -71.822381
-40.36 -432.7473 17.7175 -71.799168
28.7834 -94.5812 17.274 -72.078371
14.3097 -106.6143 20.8227 -72.054122
2.7577 -126.0427 26.0848 -72.036344
-45.0792 -189.1405 27.4734 -72.003897
30.9775 -170.2053 31.4202 -72.028251
28.3969 -94.5693 18.0599 -72.076292
-40.2348 -104.2908 -5.8163 -72.022677
-111.9958 -139.102 2.509 -71.992031
54.6562 -87.9717 17.7384 -72.12201
111.8824 -135.9529 29.1893 -72.046355
164.8572 -185.7356 20.1853 -71.994605
213.7243 -226.7876 32.011 -71.965191
43.9697 -65.4565 15.7766 -72.182643
45.5333 -62.1584 17.8534 -72.18075
96.2419 -66.2233 31.6259 -72.175296
2.1326 -22.0656 -2.5814 -72.636966
6.2653 -35.3706 6.4938 -72.556226
8.3143 -40.7868 6.7183 -72.473941
15.4942 -50.7521 4.9673 -72.408525
19.5156 -57.7327 7.1557 -72.343862
24.2121 -63.3654 12.9105 -72.293249
27.7984 -65.9637 14.1964 -72.26857
35.2991 -71.3414 15.5234 -72.223898
45.9552 -78.4006 18.2802 -72.160161
45.9541 -87.9136 17.638 -72.121364
46.0845 -93.1486 14.7482 -72.104667
52.1518 -103.9606 11.3242 -72.087998
58.8833 -119.603 12.0998 -72.066959
62.6461 -133.0235 18.7767 -72.046787
68.7987 -150.479 18.27 -72.02746
75.478 -168.4071 16.0379 -72.008954
80.7201 -186.7623 13.7215 -71.989919
86.0397 -202.1519 18.4658 -71.973421
88.9594 -219.8372 14.0604 -71.957679
92.3483 -238.1707 14.3683 -71.942674
94.4112 -256.1543 16.5595 -71.928389
95.282 -267.4858 16.3224 -71.91384
95.3059 -280.3632 10.9397 -71.901371
82.392 -291.8157 13.1552 -71.889573
66.6134 -301.8126 13.5179 -71.878432
55.8832 -314.8401 17.1156 -71.867934
42.621 -325.3136 19.0805 -71.857445
32.9705 -340.7608 23.6528 -71.848653
23.9361 -354.8041 21.203 -71.840467
9.6225 -366.7531 22.7517 -71.832877
-4.6074 -378.3071 21.4152 -71.825875
-16.9731 -389.755 18.9726 -71.81913
-27.5688 -401.1213 14.9527 -71.813726
-39.573 -411.7299 14.9204 -71.808889
-40.6381 -420.4638 25.2112 -71.804613
-40.4069 -426.6412 14.8914 -71.800893
-41.6738 -434.0686 12.5022 -71.797702
-35.1298 -447.795 10.0223 -71.795551
-30.511 -455.7937 6.7671 -71.793939
-26.4654 -460.7911 2.4423 -71.792866
-24.2919 -464.5784 0.2402 -71.79233
37.1249 -94.0849 14.9718 -72.093947
20.7736 -99.7756 22.2184 -72.06569
11.0172 -108.5614 18.7473 -72.050378
5.909 -113.1292 24.1737 -72.044732
4.7649 -121.3499 27.2758 -72.039325
-3.9067 -133.7894 26.1237 -72.031747
-16.2236 -149.0836 26.7198 -72.024147
-17.7909 -159.6216 22.5822 -72.017371
-30.8645 -168.2845 21.4997 -72.011412
-40.3768 -181.2163 24.3391 -72.006261
-50.8898 -195.8899 27.7601 -72.001788
-59.8432 -207.2909 27.0024 -71.998693
-63.453 -209.2381 15.4152 -71.996375
-64.2909 -212.4765 11.1044 -71.99483
-69.7086 -217.4653 14.9612 -71.994059
-1.3141 -131.2728 34.9295 -72.035466
15.7442 -115.5027 24.1983 -72.049769
21.9499 -133.9863 25.1312 -72.043518
26.8898 -147.4387 25.6301 -72.038111
28.6429 -155.1273 32.7495 -72.033543
28.6017 -167.7997 33.6747 -72.029809
33.7647 -170.9041 21.6446 -72.026838
35.3986 -176.6564 11.4651 -72.025078
39.8278 -180.409 -7.3747 -72.024199
28.4843 -94.572 17.6083 -72.0769
24.075 -93.3058 9.4058 -72.069473
15.5128 -90.8025 -8.4542 -72.057645
-0.0475 -89.6597 -13.0268 -72.046678
-13.9393 -94.7328 -4.0497 -72.03656
-31.0534 -101.5497 -4.3571 -72.027278
-48.3446 -108.1087 -4.4853 -72.018303
-60.3769 -111.0796 -1.1234 -72.011079
-77.9711 -113.5102 3.296 -72.004663
-92.0999 -121.9743 4.6219 -71.999048
-105.6825 -132.44 0.8972 -71.994226
-119.8735 -141.3568 5.959 -71.990207
-132.8113 -151.1601 6.979 -71.987546
-147.2952 -155.5423 4.0924 -71.985553
-153.368 -158.2725 7.6335 -71.984225
-168.793 -159.6906 7.6228 -71.983562
50.8433 -86.5895 17.9535 -72.126106
61.2357 -92.3404 14.5899 -72.112691
72.1897 -102.125 21.0158 -72.096483
85.4059 -115.7278 22.6939 -72.081185
96.1046 -123.0147 27.5352 -72.066779
106.3877 -128.7142 28.8233 -72.053248
119.3522 -141.0891 32.8119 -72.0397
133.3865 -151.0456 27.4274 -72.028308
140.4642 -156.8554 25.7903 -72.017743
152.3124 -169.1266 29.8767 -72.007992
161.5491 -182.1636 26.4505 -71.999043
167.3763 -187.9265 20.8501 -71.990413
178.0174 -198.4202 27.7655 -71.983485
190.5879 -201.853 17.5881 -71.977327
198.4764 -209.0366 23.2285 -71.971929
206.4978 -222.3967 29.9785 -71.967287
216.4485 -231.2363 29.6641 -71.963387
219.3592 -241.6667 28.5636 -71.960719
217.6919 -257.4839 32.1794 -71.958721
212.7961 -271.781 39.8533 -71.95739
208.8344 -287.7139 39.3838 -71.956725
43.1478 -69.6198 16.0595 -72.184248
45.0982 -63.5211 16.1223 -72.181645
50.7937 -61.6079 11.0465 -72.17909
63.7547 -58.5312 9.7712 -72.176897
75.049 -60.4617 16.3877 -72.175461
83.0968 -60.7333 25.9161 -72.174782
91.3447 -63.64 26.8113 -72.174859
106.4082 -69.1292 24.6495 -72.172952
123.1559 -72.5629 28.9251 -72.169798
143.1961 -75.9244 28.8652 -72.168223
46.1286 -55.224 14.5026 -72.179249
37.6417 -45.2763 18.4222 -72.177495
22.8448 -43.0894 21.8828 -72.176618
