-0.8015 -1.2678 -0 -68.053731
-3.2062 -5.0715 -0 -68.078581
-5.0765 -8.0299 -0 -68.095327
-6.4123 -10.1429 0.0262 -68.10164
-8.0143 -12.677 0.1283 -68.111637
-8.8146 -13.9429 0.1666 -68.119268
-8.2187 -14.5214 0.2948 -68.126618
-8.7411 -16.3672 0.5247 -68.146719
-10.0309 -17.8905 1.1419 -68.172295
-11.386 -19.3222 1.89 -68.196729
-12.7254 -20.8552 2.392 -68.219315
-14.0432 -22.4116 2.6217 -68.246152
-14.6972 -24.3185 2.0715 -68.278722
-15.5306 -26.234 2.0482 -68.314111
-16.1094 -27.8038 2.3068 -68.343812
-14.7796 -28.9827 3.1257 -68.367592
-13.6062 -30.5844 3.6202 -68.391395
-12.2537 -32.1091 3.9089 -68.415171
-11.1222 -33.7683 4.2796 -68.438979
-10.1932 -35.2295 5.196 -68.462766
-9.3619 -36.7283 6.3117 -68.486581
-8.5851 -38.2492 7.4144 -68.510355
-7.5935 -39.8435 8.2499 -68.534116
-6.8916 -41.4349 9.2193 -68.557984
-6.2727 -43.3267 9.6108 -68.581783
-5.7427 -44.6215 10.9758 -68.60571
-5.2774 -45.3085 12.8612 -68.629636
-4.5701 -46.2857 12.7646 -68.653517
-3.9187 -47.0128 11.0346 -68.677445
-3.487 -47.3534 9.0584 -68.701458
-3.1601 -48.3203 10.2056 -68.725485
-2.5906 -49.7167 11.29 -68.74926
-2.064 -51.2649 10.2609 -68.773091
-1.9023 -53.0628 10.2828 -68.796879
-1.2374 -53.7481 8.8883 -68.820831
-0.2338 -55.4757 8.438 -68.844653
0.9268 -57.1391 8.1846 -68.868459
2.1659 -58.7648 8.26 -68.892257
2.7966 -60.3652 9.2072 -68.916095
3.5606 -62.0815 8.7826 -68.939916
4.1051 -63.9769 8.2533 -68.963788
4.7728 -65.8913 8.0534 -68.987591
5.555 -67.7898 8.1794 -69.011363
5.4215 -69.7319 8.5591 -69.035113
5.3722 -71.1779 9.39 -69.058939
6.6015 -72.8224 9.4344 -69.082716
7.9091 -74.3345 9.4579 -69.10651
9.1469 -75.9691 9.4502 -69.130285
10.0298 -77.8076 9.4917 -69.154019
10.7723 -79.6982 9.5101 -69.177789
12.3735 -80.8411 9.4583 -69.201508
13.4145 -82.6176 9.4397 -69.225241
14.1594 -84.5026 9.6273 -69.248992
14.908 -86.352 10.0263 -69.272729
15.6285 -88.1574 10.421 -69.296442
16.2688 -90.0988 10.1972 -69.320184
16.8061 -92.0324 10.2983 -69.343878
18.0591 -93.5211 10.9131 -69.367575
19.0692 -95.1762 11.592 -69.391258
20.0514 -96.8019 12.3554 -69.414912
20.7986 -98.4251 13.1509 -69.438601
22.3425 -99.643 13.6764 -69.462274
23.1324 -101.4525 13.8694 -69.485937
24.2278 -103.1764 13.8286 -69.509614
25.7948 -104.4654 13.8973 -69.533263
27.3532 -105.7951 13.951 -69.556886
28.4996 -107.4233 13.9547 -69.580532
30.0108 -108.56 13.6639 -69.604191
31.1081 -108.6091 12.0588 -69.628252
29.9694 -109.9097 10.9348 -69.65411
28.8308 -111.2104 9.8109 -69.679332
27.6922 -112.511 8.6869 -69.703924
26.8377 -113.4766 7.7017 -69.728205
28.1153 -111.9666 8.2837 -69.75393
29.3929 -110.4565 8.8658 -69.779012
30.6706 -108.9464 9.4479 -69.803455
31.1787 -108.9746 10.7509 -69.82808
31.0798 -109.3078 12.7833 -69.852778
31.1974 -110.3892 14.0207 -69.877027
31.8589 -112.2436 14.4776 -69.901147
32.2207 -114.0808 14.8897 -69.9253
32.3754 -116.0895 14.7382 -69.949465
33.2282 -117.7627 14.1097 -69.97366
34.0263 -119.6079 13.7086 -69.997854
34.4263 -121.5938 13.4703 -70.022065
34.6735 -123.5948 13.4834 -70.046284
34.4631 -125.6138 13.6554 -70.070505
35.477 -127.1975 13.9548 -70.094686
36.4488 -128.3733 14.9241 -70.119028
36.0423 -130.1872 15.3722 -70.143499
35.1621 -131.5518 15.4371 -70.167878
35.6418 -129.8523 14.8263 -70.192102
35.0348 -128.0619 14.2107 -70.216351
35.5446 -129.8444 14.1534 -70.240633
35.6291 -131.8577 14.0497 -70.26486
34.8485 -133.6181 13.7199 -70.289055
34.2995 -135.3089 12.7219 -70.313241
33.9891 -137.2127 12.2496 -70.337362
34.6951 -139.1364 12.158 -70.361441
34.4342 -141.0719 12.4762 -70.38546
34.9496 -142.8915 13.1328 -70.409492
35.1207 -144.6736 12.8365 -70.433409
36.0553 -146.4708 12.5635 -70.457249
36.5162 -147.9232 11.2272 -70.481127
37.0821 -149.6924 10.5935 -70.504768
38.1845 -151.3675 10.8233 -70.528293
38.9786 -152.5573 11.4668 -70.551743
38.5512 -154.4927 11.7745 -70.575158
38.9845 -156.4817 12.0272 -70.598463
38.8087 -158.4686 12.102 -70.621538
39.4316 -160.3993 12.1561 -70.644399
40.017 -162.1492 11.7738 -70.667081
39.9044 -164.0643 11.3068 -70.689455
40.4166 -165.9089 10.6066 -70.711578
41.3853 -167.5493 10.7632 -70.73333
42.1247 -169.1267 11.6727 -70.754744
42.1485 -170.8263 12.6221 -70.775793
41.2541 -172.1527 13.7028 -70.796316
41.3329 -173.6405 14.3131 -70.816355
41.6008 -174.8677 12.6805 -70.835905
41.8738 -176.7997 12.275 -70.854749
42.7438 -178.5456 11.9564 -70.872891
43.2439 -180.4578 12.0397 -70.890264
43.3656 -182.4295 12.4106 -70.90683
43.6747 -184.2146 13.2717 -70.922513
44.1736 -186.1236 13.8383 -70.937159
44.3535 -187.9066 14.7675 -70.950757
44.8726 -189.5685 15.6922 -70.963198
45.4404 -191.1005 14.5715 -70.974391
46.1386 -192.9259 14.1459 -70.984233
46.6287 -194.8895 13.783 -70.992641
47.9055 -196.4354 13.3908 -70.999541
49.0241 -197.9564 13.467 -71.004844
49.8322 -199.3762 13.2319 -71.008467
51.04 -200.3986 12.0409 -71.010317
-16.8109 -27.3553 2.8101 -68.343217
-17.497 -28.3029 4.2038 -68.365387
-18.1984 -29.271 5.5067 -68.387032
-18.2577 -29.3412 3.7473 -68.412248
-18.2679 -29.344 1.9276 -68.436887
-18.2781 -29.3467 0.108 -68.460887
-18.2883 -29.3494 -1.7116 -68.484243
-18.2985 -29.3522 -3.5313 -68.506953
-18.8534 -30.5664 -3.9808 -68.529343
-18.8107 -32.318 -3.8597 -68.551923
-19.3066 -34.0554 -3.7456 -68.574577
-18.9488 -34.5418 -2.2544 -68.597439
-18.3075 -35.7012 -1.0566 -68.62042
-18.003 -37.2922 -0.254 -68.643448
-17.2153 -38.7422 0.5062 -68.666561
-17.2992 -40.1694 1.5541 -68.689806
-17.1185 -41.7267 2.3954 -68.713194
-17.083 -42.8762 3.6698 -68.736805
-17.3639 -44.4413 4.545 -68.76047
-18.2212 -45.6938 5.2818 -68.784107
-18.9632 -46.7735 4.1464 -68.807888
-19.2427 -47.6114 2.5633 -68.831943
-19.7572 -49.1601 2.2576 -68.855872
-20.0441 -50.8741 2.5491 -68.879851
-20.3286 -52.4364 3.2684 -68.903866
-19.8077 -53.8024 3.6098 -68.928002
-19.2008 -54.6661 2.2731 -68.952375
-18.7221 -56.0354 2.9434 -68.976868
-18.7365 -56.729 4.1896 -69.001363
-18.8997 -58.1413 5.2798 -69.025806
-18.8149 -59.8936 5.7078 -69.05021
-18.9822 -61.072 7.0484 -69.074727
-19.3934 -62.5349 8.0119 -69.099065
-19.547 -63.8484 9.0694 -69.12351
-19.5772 -65.5723 8.63 -69.147717
-19.258 -67.3139 8.3405 -69.171854
-19.7508 -69.0603 8.364 -69.195805
-19.9946 -70.8175 8.7102 -69.219709
-19.8037 -72.5539 9.1873 -69.243436
-19.7201 -74.3251 9.5635 -69.266996
-20.2567 -75.9938 9.7611 -69.290338
-19.7758 -77.7066 9.8918 -69.313439
-19.8692 -79.394 10.0722 -69.336233
-20.6153 -80.6503 10.7965 -69.358692
-20.8101 -82.0334 11.1362 -69.380698
-21.8468 -83.2751 10.5156 -69.402269
-22.3598 -84.646 11.4203 -69.423346
-22.8139 -86.2646 12.0203 -69.443878
-22.9433 -87.4114 13.1988 -69.463948
-23.2601 -88.7922 14.1473 -69.483245
-23.5187 -90.5915 14.1567 -69.501669
-23.7693 -92.3875 14.2837 -69.519239
-23.9193 -94.161 14.5659 -69.535902
-24.765 -95.4177 14.2775 -69.551551
-25.6946 -96.5629 13.7452 -69.566069
-26.3361 -98.2508 13.7081 -69.579383
-26.22 -99.6251 14.4174 -69.591596
-26.029 -100.2322 16.1217 -69.602368
-25.98 -100.9366 17.7977 -69.611635
-26.1774 -101.1961 19.58 -69.619516
-26.4133 -101.3806 21.3748 -69.625439
-26.5757 -102.9017 22.0388 -69.629421
-26.565 -104.1061 22.8298 -69.63148
-10.4886 -18.1238 0.6694 -68.193721
-10.4015 -18.057 0.4643 -68.209679
-11.3637 -19.3353 1.4826 -68.228821
-12.4409 -20.4928 2.3203 -68.251448
-13.7335 -21.882 2.6066 -68.275994
-14.3525 -23.4451 1.6476 -68.300717
-14.7639 -24.7529 0.4153 -68.325529
-15.0123 -25.6795 -1.2982 -68.350518
-14.7483 -27.3027 -2.2341 -68.375562
-14.1682 -28.7546 -3.3613 -68.400794
-14.1335 -30.3237 -2.5621 -68.426148
-14.176 -32.0715 -1.7097 -68.451557
-14.076 -33.7889 -0.9359 -68.477062
-13.8862 -35.6563 -1.4771 -68.502653
-13.5408 -37.5381 -1.8551 -68.528325
-12.9254 -39.3671 -2.0095 -68.554154
-12.8947 -41.2639 -2.5483 -68.580033
-12.5093 -43.0891 -2.3969 -68.606004
-11.8636 -44.7358 -1.5183 -68.632211
-11.3409 -46.4019 -0.6056 -68.658494
-11.0233 -47.5467 0.9658 -68.685032
-10.5913 -48.4457 2.6789 -68.711501
-10.1405 -50.0833 3.3431 -68.738005
-10.2934 -51.7904 2.9275 -68.764614
-10.88 -52.8858 1.4404 -68.791445
-11.0363 -54.4811 1.7038 -68.818239
-11.1458 -56.3254 2.378 -68.845156
-10.357 -57.7555 3.4384 -68.872178
-10.1358 -58.8326 4.9901 -68.89932
-10.3077 -60.6124 5.6598 -68.926585
-11.2813 -62.2927 6.0116 -68.953915
-11.7958 -64.1934 6.181 -68.981318
-12.4342 -66.0517 6.3974 -69.008874
-11.9522 -67.7789 6.8906 -69.036557
-11.6762 -69.0382 8.2561 -69.064331
-11.713 -70.0381 9.9612 -69.092179
-11.8555 -70.9146 11.6774 -69.120328
-12.8132 -71.5235 13.2459 -69.148434
-13.5753 -72.2336 12.7301 -69.176668
-14.1638 -73.7043 11.8882 -69.204969
-14.4131 -75.2707 10.815 -69.233326
-13.5782 -77.0011 10.3425 -69.261817
-13.3259 -78.9499 10.1371 -69.290411
-13.3622 -80.9141 10.3308 -69.319046
-14.2376 -82.5066 10.9807 -69.347728
-14.7845 -84.1023 11.9265 -69.376558
-15.3519 -85.4422 12.6525 -69.405503
-15.7865 -86.6616 12.098 -69.434582
-16.5522 -87.7496 13.5364 -69.463724
-17.1687 -89.5648 13.8022 -69.492871
-18.2162 -91.1682 13.885 -69.522105
-19.5493 -92.634 13.9514 -69.551397
-20.3209 -94.4426 13.8656 -69.58077
-21.0095 -96.2837 13.6721 -69.610192
-21.3384 -97.8523 13.9673 -69.639979
-21.6939 -97.8965 15.9193 -69.670157
-22.3276 -98.0602 17.7316 -69.699966
-21.887 -98.9874 16.7979 -69.730095
-22.8153 -99.7306 15.3374 -69.759879
-24.3779 -100.6691 14.7056 -69.789629
-24.3457 -102.6276 14.3888 -69.819293
-24.5768 -104.5617 14.2213 -69.848913
-24.8282 -106.5067 14.2205 -69.878516
-25.0574 -108.4614 14.1941 -69.908027
-25.5558 -110.3378 14.0236 -69.937489
-26.9412 -111.6652 13.5497 -69.966864
-27.6548 -113.1993 12.651 -69.996087
-27.9593 -114.1646 11.0361 -70.025535
-28.3565 -115.3746 10.0919 -70.054365
-29.1471 -116.4978 9.0352 -70.083154
-29.5399 -117.0458 7.1689 -70.111955
-29.9596 -117.6548 5.3281 -70.140277
-30.9613 -118.935 4.5188 -70.168104
-32.1435 -120.2324 4.6581 -70.195629
-32.9363 -121.0473 6.2793 -70.222836
-33.621 -122.2206 7.5953 -70.2495
-33.9105 -123.585 8.7937 -70.275701
-34.4873 -124.3869 10.3397 -70.301327
-35.0405 -125.7656 11.4307 -70.326227
-34.701 -127.6323 11.772 -70.35043
-35.3063 -129.4991 11.9181 -70.373879
-35.9903 -131.3268 11.7835 -70.396451
-37.6819 -132.1342 11.31 -70.41808
-38.5009 -133.4806 10.3217 -70.438695
-38.4967 -134.7419 8.9782 -70.458284
-39.2613 -136.1191 9.0235 -70.476564
-39.6486 -137.8732 9.0943 -70.493517
-40.3927 -139.5578 8.4232 -70.509006
-41.3357 -141.2284 8.0319 -70.522942
-41.7461 -143.1332 7.6854 -70.535244
-42.0138 -145.0056 7.4829 -70.545766
-41.9887 -146.6225 8.5512 -70.554435
-43.1363 -148.1444 8.915 -70.561077
-43.8626 -149.8828 8.3731 -70.565627
-44.926 -151.4033 7.7386 -70.567959
-9.353 -14.8211 0.2731 -68.131955
-11.0559 -15.5864 0.7158 -68.154752
-12.8605 -15.9487 1.177 -68.182921
-14.323 -16.6873 2.6356 -68.235166
-15.6273 -17.7486 4.2904 -68.278961
-16.5612 -19.3299 4.837 -68.29869
-17.0333 -20.2944 6.2453 -68.320878
-17.8874 -21.5361 7.3823 -68.343677
-18.8508 -22.9769 8.1796 -68.366539
-19.5099 -24.5801 8.9543 -68.389578
-19.7318 -25.6734 10.3712 -68.412903
-19.6375 -26.5275 11.987 -68.4365
-20.9183 -27.5166 12.4491 -68.460039
-21.2964 -29.0814 13.3143 -68.48377
-21.83 -30.7644 14.0149 -68.507664
-22.4092 -32.288 14.7504 -68.531721
-23.1716 -32.8787 16.4102 -68.556193
-23.4458 -33.3976 17.1662 -68.580477
-23.9797 -35.1098 17.8018 -68.604967
-25.2888 -36.4276 18.1128 -68.629548
-26.4013 -37.9363 18.2431 -68.654214
-27.2908 -39.5473 18.3867 -68.679049
-28.9068 -40.2841 18.3568 -68.704017
-28.8386 -41.8551 18.071 -68.729114
-30.0593 -43.3052 18.0707 -68.754321
-30.6546 -44.9959 18.2212 -68.779726
-31.4097 -46.5757 18.3297 -68.805239
-32.6885 -47.8644 18.2798 -68.830861
-33.6705 -49.4532 18.3794 -68.856487
-34.3435 -51.1833 18.7706 -68.882231
-35.0428 -52.643 19.7515 -68.908115
-35.9334 -53.9164 20.8542 -68.934027
-36.4958 -55.5633 21.6175 -68.959973
-37.1515 -57.2664 22.1901 -68.98595
-37.503 -58.9135 22.7742 -69.01212
-37.2767 -60.629 23.5408 -69.038377
-38.3487 -62.1152 24.0868 -69.064549
-38.7835 -63.8894 24.6417 -69.090739
-39.0307 -65.5698 25.4324 -69.116905
-39.2448 -67.4312 25.7075 -69.143138
-39.4113 -69.2406 26.1323 -69.169284
-38.2265 -70.1613 27.1367 -69.195417
-37.9293 -71.6381 28.1838 -69.221618
-36.7386 -72.8721 28.5562 -69.247646
-35.4143 -74.1273 28.8617 -69.273523
-33.8413 -75.1427 29.2839 -69.29987
-32.9832 -76.7229 29.5771 -69.325533
-33.6399 -75.092 29.1649 -69.351432
-33.1635 -76.3575 28.5144 -69.37696
-32.6394 -77.9449 29.3953 -69.402196
-31.5586 -79.4236 29.8926 -69.427566
-30.8094 -81.0765 30.3763 -69.452462
-31.5811 -82.6547 30.6865 -69.476643
-31.7168 -84.5489 30.8274 -69.500361
-31.5105 -86.4537 30.8357 -69.523505
-31.5377 -88.3667 30.7633 -69.546073
-31.4829 -90.279 30.6456 -69.567982
-31.9235 -92.1277 30.4947 -69.589115
-32.2806 -93.9944 30.2829 -69.609378
-33.2826 -95.4749 30.073 -69.628769
-34.2923 -96.3147 29.212 -69.647184
-33.7984 -97.5646 29.0456 -69.664581
-33.365 -98.5644 30.3242 -69.68084
-34.9529 -99.5888 30.5864 -69.695725
-35.3561 -101.2379 30.5528 -69.709217
-35.425 -102.1901 29.7785 -69.721206
-35.4381 -103.6106 30.0236 -69.731536
-35.4329 -104.9525 28.8355 -69.740047
-35.4888 -106.6151 28.0477 -69.746604
-35.1318 -108.0258 29.2064 -69.751141
-34.5346 -109.5447 30.0645 -69.753456
-15.445 -16.6758 3.4162 -68.279167
-17.1123 -16.5493 2.7023 -68.298568
-18.8242 -16.1183 2.2844 -68.320448
-20.5247 -15.3962 2.2003 -68.342733
-22.3116 -15.3473 2.4856 -68.365126
-24.0423 -14.9367 2.9859 -68.387783
-25.7912 -14.8802 3.5418 -68.410622
-27.6376 -14.8877 3.7424 -68.433578
-29.4617 -14.8882 3.7168 -68.456685
-31.2202 -15.3922 3.5297 -68.480032
-32.7539 -15.8243 2.9445 -68.503654
-34.0829 -16.2305 1.7975 -68.527355
-35.3566 -17.1047 0.7776 -68.551196
-36.7811 -17.3591 0.0703 -68.575075
-38.4049 -17.2529 0.8951 -68.599071
-40.1857 -16.9717 1.2216 -68.623236
-41.9745 -17.3706 1.348 -68.647543
-43.6645 -17.7288 1.1737 -68.672012
-45.1638 -16.9527 0.472 -68.696571
-46.3865 -16.2335 -0.6264 -68.721344
-48.1583 -16.038 -0.1893 -68.746271
-49.5586 -16.5997 0.7893 -68.771369
-50.6275 -17.7832 1.5574 -68.796522
-52.4581 -17.9497 1.6886 -68.821797
-54.2203 -17.8442 1.1278 -68.847185
-55.6575 -18.4041 0.1681 -68.872746
-57.139 -19.2179 -0.5793 -68.898423
-58.8775 -19.6978 -0.9928 -68.924177
-60.4992 -20.5497 -0.8751 -68.949975
-62.2699 -20.9516 -0.784 -68.975872
-63.9605 -21.4851 -1.2025 -69.002086
-65.769 -21.6468 -1.2364 -69.028199
-67.4074 -21.948 -2.0416 -69.054389
-69.2303 -22.0478 -2.2783 -69.080615
-71.0405 -22.3933 -2.2 -69.106973
-72.76 -22.6876 -1.8978 -69.133333
-74.4248 -22.1245 -1.3042 -69.159737
-75.468 -21.5676 0.0962 -69.186222
-76.805 -21.0117 0.8974 -69.212727
-78.6304 -21.1688 0.7939 -69.239079
-80.2126 -21.6023 1.4208 -69.265439
-81.9055 -21.4802 1.8938 -69.291735
-83.3789 -20.5725 2.4839 -69.317963
-84.8475 -20.092 3.3977 -69.344047
-85.8797 -19.4106 4.4732 -69.370116
-86.9877 -17.9771 4.3817 -69.395921
-88.4094 -16.917 4.436 -69.42151
-89.1332 -16.2863 5.8123 -69.447149
-89.6827 -16.0961 7.5766 -69.472446
-90.6073 -14.9923 8.5732 -69.497191
-91.6573 -14.5236 9.9347 -69.521539
-92.216 -13.6924 11.4126 -69.545682
-93.3323 -12.5367 11.3011 -69.568984
-94.3529 -11.3333 10.4637 -69.59174
-95.9243 -11.359 10.3327 -69.613827
-97.085 -12.6874 10.4076 -69.635185
-98.637 -11.9209 10.4364 -69.655728
-99.8512 -10.5582 10.1484 -69.675297
-101.1467 -9.2581 9.9913 -69.693916
-102.9108 -8.8466 10.0308 -69.711382
-104.2043 -7.6318 10.4372 -69.72756
-105.7848 -7.7377 11.2376 -69.742438
-107.5295 -7.7352 11.7584 -69.755849
-108.7114 -6.5165 12.2914 -69.767686
-108.6826 -5.013 12.9437 -69.777921
-109.4316 -4.9691 14.0337 -69.786346
-110.9911 -5.321 13.2911 -69.792831
-112.3812 -4.7789 12.2565 -69.797267
-113.4541 -4.4164 10.8172 -69.799552
-15.5545 -17.632 4.3033 -68.278038
-16.8149 -18.3686 5.0193 -68.294684
-18.1535 -17.7371 5.9254 -68.313676
-19.3957 -17.6568 7.1162 -68.333151
-20.6245 -17.4395 8.329 -68.352753
-21.4073 -17.0773 9.8446 -68.372656
-22.3291 -16.4593 11.1562 -68.392583
-23.7986 -16.4039 12.1053 -68.412664
-24.636 -16.4397 13.5353 -68.433124
-26.0492 -16.413 14.4153 -68.453484
-26.5091 -16.6788 16.0866 -68.474382
-27.6416 -17.5424 16.452 -68.494982
-28.9683 -17.6171 17.1518 -68.515697
-30.2529 -16.8642 18.0015 -68.536475
-31.8112 -16.9615 18.7079 -68.557466
-32.7125 -16.0015 17.8716 -68.578456
-33.9732 -15.3124 17.8919 -68.599562
-35.5154 -14.9405 18.541 -68.620754
-36.8148 -15.2621 19.6037 -68.642049
-38.1095 -15.3947 20.6532 -68.663304
-39.3709 -15.3085 20.5665 -68.684837
-39.9084 -15.4165 22.2463 -68.706592
-41.4898 -16.1032 22.568 -68.727988
-43.1935 -16.3081 22.9719 -68.749353
-44.8671 -16.1005 23.426 -68.770669
-46.5874 -16.255 23.8037 -68.792023
-48.2806 -16.146 24.1613 -68.813141
-49.8848 -15.6408 24.6252 -68.834197
-51.569 -15.5809 25.1077 -68.855057
-53.1934 -15.8717 25.7123 -68.87574
-54.8397 -16.0518 26.2602 -68.896289
-56.4663 -15.7486 26.8593 -68.916424
-57.6381 -14.8744 27.7621 -68.93624
-58.8394 -13.7889 28.4214 -68.955702
-60.1932 -13.1386 29.3328 -68.974843
-61.8304 -12.6017 29.6751 -68.993472
-63.5039 -12.1508 29.7076 -69.011521
-64.8861 -11.121 29.4315 -69.029014
-65.5954 -10.0293 28.2627 -69.045919
-66.3587 -9.069 29.1123 -69.062087
-67.3994 -7.9254 29.8988 -69.077454
-68.8854 -7.8686 29.963 -69.091921
-70.5505 -7.352 29.9726 -69.105389
-72.0497 -6.4284 30.0037 -69.117808
-73.5599 -5.5098 29.9785 -69.129073
-74.8786 -4.3323 29.9264 -69.139402
-76.2236 -3.1844 29.9023 -69.14801
-77.2186 -1.7362 29.9278 -69.155119
-78.2778 -0.5048 29.7779 -69.160601
-79.9939 -0.3567 29.5292 -69.164376
-81.6519 -0.1123 29.479 -69.166325
-15.2282 -17.1379 4 -68.27082
-15.8134 -17.8487 4 -68.271631
-16.4306 -18.5318 4 -68.27205
-13.8552 -16.3527 0.6773 -68.200191
-6.8126 -12.9962 0.0714 -68.115907
-5.8684 -15.48 0.0572 -68.133506
-5.4058 -18.0693 0.0621 -68.155987
-4.8048 -20.6622 0.1442 -68.184253
-4.2378 -23.1032 0.3354 -68.219325
-4.2185 -23.3173 3.0099 -68.276272
-4.1991 -23.5292 5.6846 -68.333546
-3.9404 -24.0329 8.0609 -68.389994
-2.9465 -26.4423 7.8893 -68.447214
-2.9898 -29.1239 7.9366 -68.50587
-2.8312 -31.7921 8.079 -68.56612
-2.7737 -34.4658 8.0848 -68.628013
-3.1335 -36.1267 6.8772 -68.692679
-2.9668 -36.5649 4.2354 -68.759212
-3.5563 -38.3842 2.8887 -68.826541
-4.3063 -40.3834 1.497 -68.896051
-4.1208 -42.6459 0.2252 -68.967372
-4.2362 -43.7827 0.8959 -69.023832
-3.8312 -43.4159 2.8085 -69.063279
-3.4263 -43.0492 4.7211 -69.102036
-3.0214 -42.6825 6.6338 -69.140111
-2.6164 -42.3158 8.5464 -69.177509
-2.2115 -41.949 10.459 -69.21424
-1.8006 -41.5642 12.3611 -69.250311
-1.0504 -39.8462 12.7392 -69.287218
0.1758 -38.6585 13.5417 -69.324375
1.5902 -38.0395 13.8599 -69.362546
3.2347 -39.0768 14.2093 -69.401032
3.2862 -40.8715 14.6526 -69.440246
3.0921 -42.2179 15.9515 -69.480112
3.289 -43.8273 17.0278 -69.520643
3.7676 -45.0577 18.3989 -69.562158
5.3853 -45.2551 17.5078 -69.604408
6.4565 -45.5185 16.2146 -69.648208
6.4601 -45.5688 14.2263 -69.692955
7.3041 -46.1013 15.3965 -69.738304
7.7212 -46.6728 17.2551 -69.784779
8.2906 -47.8462 18.7417 -69.831702
8.7291 -49.4862 19.2615 -69.866208
9.1255 -50.9461 19.7272 -69.887126
10.0364 -52.2198 19.9693 -69.908064
10.7133 -53.6545 20.0389 -69.929108
11.8089 -54.3454 19.5071 -69.950387
12.1976 -54.6669 17.9921 -69.971751
13.1099 -54.8336 16.8714 -69.993116
13.5838 -54.6626 15.3738 -70.015813
13.6588 -54.6533 13.7788 -70.041734
13.7337 -54.644 12.1838 -70.066925
13.8087 -54.6347 10.5888 -70.091382
13.8837 -54.6254 8.9938 -70.115106
13.9586 -54.6161 7.3988 -70.138093
14.0336 -54.6068 5.8038 -70.16034
14.1085 -54.5975 4.2088 -70.181847
14.1663 -54.5744 2.6132 -70.205794
14.2206 -54.5486 1.0176 -70.229892
14.2749 -54.5228 -0.5781 -70.253168
14.3293 -54.497 -2.1737 -70.275618
14.3836 -54.4712 -3.7694 -70.297236
14.4379 -54.4454 -5.365 -70.318017
13.7113 -55.8095 -5.5929 -70.338325
13.1825 -57.2536 -6.0072 -70.358439
12.9567 -58.7053 -6.561 -70.3783
12.6682 -60.0281 -7.37 -70.397871
12.3514 -61.5353 -7.7387 -70.417136
11.9771 -63.0578 -7.8716 -70.436029
11.7617 -64.6275 -7.7751 -70.454548
11.4655 -65.9109 -8.3481 -70.472664
11.6675 -66.9063 -9.5712 -70.490348
11.728 -68.3207 -9.6289 -70.507577
11.6975 -68.4625 -8.07 -70.524233
11.4235 -69.5735 -7.0162 -70.540179
11.1196 -70.8404 -6.109 -70.55547
11.0275 -71.8722 -4.9846 -70.570114
11.2426 -73.2528 -4.3725 -70.583979
10.7531 -74.6674 -3.9199 -70.596987
10.425 -76.2016 -3.7062 -70.609156
10.77 -77.7411 -3.6532 -70.620396
11.0786 -79.2552 -3.6604 -70.630612
11.425 -80.7723 -3.755 -70.639774
11.2996 -82.2807 -4.0128 -70.647799
11.9706 -83.6675 -4.3963 -70.654641
12.7118 -84.5829 -3.8154 -70.660309
13.1706 -85.4159 -2.5821 -70.664625
13.3664 -86.853 -1.9391 -70.667556
13.3682 -87.667 -0.8755 -70.669059
8.6263 -48.9248 19.7774 -69.865509
8.971 -49.5407 20.9869 -69.884906
9.2099 -51.0475 20.8184 -69.904282
10.0927 -52.2943 20.5532 -69.923598
10.6868 -53.724 20.4404 -69.942866
11.4461 -54.1517 19.6321 -69.962463
11.5442 -54.2966 18.1881 -69.981932
12.9332 -54.8812 18.406 -70.001148
13.2774 -55.294 19.8309 -70.020786
13.7729 -56.2787 20.5319 -70.039872
14.3885 -57.7019 20.5127 -70.058884
15.16 -59.0485 20.6431 -70.077712
15.6443 -60.0525 21.5504 -70.096479
16.2084 -60.988 22.5631 -70.115052
17.2577 -61.2039 23.519 -70.133334
18.4454 -61.8839 23.9975 -70.151331
19.1422 -63.2514 24.2481 -70.169089
19.671 -63.8624 25.3071 -70.186815
20.2623 -64.3588 26.3522 -70.204023
21.638 -65.0559 26.1487 -70.220772
22.7173 -66.1327 25.8633 -70.238097
23.7256 -67.2733 25.5197 -70.254654
24.6112 -68.47 25.1932 -70.270238
24.9681 -69.954 24.971 -70.285221
24.9964 -70.9802 24.2159 -70.300368
24.9684 -71.117 22.6615 -70.315525
24.9404 -71.2538 21.1072 -70.329575
24.9124 -71.3907 19.5528 -70.342507
24.8648 -71.4567 17.9963 -70.354452
24.9221 -71.7069 16.7213 -70.365539
25.4185 -72.6144 17.5247 -70.37599
25.5779 -72.8182 19.0637 -70.385638
25.6724 -73.1458 20.5059 -70.394067
25.5385 -73.7136 21.7923 -70.401703
25.5469 -73.9336 23.3373 -70.408256
25.5553 -74.1535 24.8823 -70.413482
26.4257 -75.2629 24.9859 -70.417444
26.2037 -76.801 24.991 -70.420154
26.3234 -78.3421 25.0702 -70.421535
-4.7208 -44.7161 -0.023 -69.014933
-5.1299 -46.1818 0.6944 -69.037345
-5.3697 -46.9913 2.259 -69.059956
-5.7718 -48.0995 3.5791 -69.082603
-6.3113 -49.4357 4.5711 -69.105445
-6.1052 -51.0319 5.3148 -69.128391
-5.9754 -52.7323 5.8136 -69.151453
-5.3005 -54.3124 6.0843 -69.174655
-5.5666 -55.9139 6.2159 -69.198002
-6.3626 -57.4622 6.4728 -69.221454
-7.4327 -58.7683 6.9386 -69.245048
-8.3123 -60.0607 7.6969 -69.268772
-9.2075 -61.5771 7.5449 -69.292523
-10.0182 -63.1512 7.7642 -69.316419
-10.4982 -64.8336 7.9938 -69.340364
-11.098 -66.494 8.2496 -69.364466
-11.5795 -68.0917 8.8213 -69.388656
-11.4778 -69.48 9.814 -69.412873
-11.3768 -70.9824 10.6772 -69.43724
-11.1615 -72.6665 10.9417 -69.461732
-11.9531 -74.0675 10.3517 -69.486283
-12.2253 -75.2856 9.1163 -69.510917
-12.386 -76.5528 7.8889 -69.53556
-12.4919 -77.8973 6.8778 -69.56033
-12.6418 -79.6702 6.7282 -69.58513
-12.8923 -81.2283 7.3625 -69.610009
-13.0636 -82.0267 8.8276 -69.63515
-12.8375 -83.2389 8.8894 -69.660114
-12.4716 -84.694 8.0205 -69.685172
-12.6797 -85.5671 7.0599 -69.710327
-12.5183 -84.1321 6.1622 -69.735682
-12.5292 -84.0813 7.3739 -69.761109
-11.895 -85.6688 7.8198 -69.786517
-11.5229 -87.2946 8.4116 -69.811881
-10.3324 -88.1124 9.2259 -69.837234
-10.675 -89.8262 9.467 -69.86265
-11.2148 -91.4903 9.7261 -69.887924
-11.4919 -93.2205 9.9224 -69.913111
-11.8689 -94.9605 9.9938 -69.938279
-12.2215 -96.7085 9.9892 -69.963256
-12.5548 -98.4528 9.9031 -69.988173
-13.101 -100.1246 9.6027 -70.012903
-13.6123 -101.6942 9.0552 -70.037508
-14.5178 -102.8115 8.0351 -70.061963
-14.732 -103.8321 6.6289 -70.086294
-14.736 -104.949 5.3416 -70.110435
-14.7897 -105.5564 3.6632 -70.134343
-14.9175 -106.1934 2.0059 -70.157892
-14.8119 -107.3154 0.66 -70.180841
-14.3904 -108.3157 -0.7477 -70.203521
-14.0768 -109.6227 -1.5126 -70.225582
-14.1581 -111.3783 -1.2027 -70.247149
-14.4574 -112.7137 -0.3129 -70.268258
-14.5581 -113.8268 1.0481 -70.288668
-14.5629 -114.7419 2.5821 -70.308513
-14.3372 -115.8187 3.9677 -70.327499
-14.0073 -116.8255 5.38 -70.345711
-13.5104 -118.0936 6.4955 -70.363008
-13.0668 -119.695 6.5246 -70.379345
-12.4966 -121.0534 5.5568 -70.394592
-12.0851 -122.6625 5.1356 -70.408731
-12.5004 -124.2153 4.474 -70.421681
-12.6759 -125.9354 4.076 -70.433278
-13.0189 -127.5669 3.9008 -70.443528
-13.6129 -129.2115 3.7998 -70.452274
-14.5095 -130.7248 3.617 -70.459443
-15.1909 -132.314 3.2206 -70.464951
-16.0458 -133.6469 2.4524 -70.468712
-17.0046 -135.0632 2.0492 -70.470636
-3.6471 -8.0538 -0.0157 -68.101409
-1.3228 -8.9468 -0.0471 -68.117048
0.9314 -9.9936 -0.0832 -68.133952
2.6625 -11.7633 -0.1495 -68.154943
3.884 -13.4015 -0.8686 -68.188353
4.2751 -14.1359 -3.2157 -68.262528
4.6663 -14.8703 -5.5627 -68.335804
5.0575 -15.6047 -7.9097 -68.408176
5.4487 -16.3392 -10.2567 -68.479637
5.5082 -15.6747 -11.481 -68.533563
5.7528 -14.1284 -10.9972 -68.567276
5.1317 -14.013 -9.0503 -68.602061
5.6382 -14.026 -8.2186 -68.638905
7.6439 -14.2766 -7.8039 -68.676494
9.6042 -14.0356 -7.3728 -68.71363
11.4824 -13.5321 -6.7322 -68.751711
12.4397 -13.1153 -5.3274 -68.790857
13.1732 -12.7275 -3.4442 -68.831411
14.0029 -12.5015 -1.5695 -68.873102
14.9232 -12.6143 0.2611 -68.91576
16.0509 -12.8503 1.9217 -68.959526
17.2291 -12.7352 3.6117 -69.004938
18.6969 -13.072 4.9744 -69.050558
20.4387 -12.843 5.9867 -69.097366
22.2399 -12.9948 6.2182 -69.131407
23.7688 -13.3762 5.9788 -69.151698
25.0057 -12.6222 5.3936 -69.172106
26.3571 -12.2571 4.8087 -69.192589
27.8738 -11.9691 4.5669 -69.213236
29.2461 -11.1445 4.4391 -69.233944
30.8012 -10.7714 4.3716 -69.254647
32.3851 -10.5715 4.2891 -69.275424
33.2233 -10.1298 4.9983 -69.296405
34.0663 -9.8024 5.9221 -69.317361
35.5597 -9.845 6.5062 -69.338254
36.9026 -9.7278 7.2501 -69.359209
38.2463 -9.5474 7.9246 -69.38002
39.7277 -9.1425 8.3952 -69.400762
41.1759 -8.7377 8.951 -69.421407
42.5633 -8.3419 9.5488 -69.442054
43.7337 -8.1277 8.583 -69.462541
45.1311 -8.0308 7.9631 -69.482792
46.5242 -8.3092 7.3517 -69.502779
47.4104 -8.3281 6.0274 -69.522712
48.547 -8.1523 4.9694 -69.542218
50.1277 -8.0481 4.8161 -69.561392
51.0302 -8.412 5.9293 -69.580552
52.4231 -8.5023 6.17 -69.599029
53.895 -8.5955 6.6905 -69.61714
54.9911 -8.7652 7.7616 -69.63472
56.4893 -8.9904 7.679 -69.651667
57.587 -10.1308 7.9043 -69.667989
59.0801 -10.6364 8.1455 -69.683687
60.6014 -11.0022 8.4608 -69.698557
61.9959 -11.5958 8.0265 -69.712618
62.9752 -11.9724 7.058 -69.726004
63.4644 -12.0743 5.5381 -69.738401
64.0395 -11.9612 4.047 -69.749901
64.4337 -11.9546 2.4888 -69.760322
64.823 -11.932 0.9297 -69.769467
65.2041 -11.8836 -0.6309 -69.777247
65.5558 -11.8356 -2.1985 -69.783682
65.8976 -11.7879 -3.7682 -69.788583
66.4194 -11.7876 -5.282 -69.79191
66.4944 -12.5596 -6.6605 -69.793622
21.8035 -12.9643 5.5087 -69.135168
22.2928 -12.8975 4.0421 -69.162373
22.782 -12.8307 2.5755 -69.188791
23.2713 -12.7639 1.1089 -69.214417
23.7606 -12.6971 -0.3578 -69.239244
24.2499 -12.6303 -1.8244 -69.263267
24.7391 -12.5635 -3.291 -69.286482
25.2284 -12.4967 -4.7576 -69.308882
25.7177 -12.4299 -6.2242 -69.330464
26.2069 -12.363 -7.6908 -69.351223
26.8935 -12.3131 -8.9994 -69.371302
27.9931 -12.1349 -10.0456 -69.391197
29.4155 -12.0244 -10.5719 -69.410994
30.9321 -12.139 -10.7879 -69.430601
32.4337 -12.4908 -10.7732 -69.450201
33.7283 -13.0404 -10.3346 -69.469547
34.9591 -13.7394 -9.781 -69.488706
36.3049 -14.3754 -9.3611 -69.507718
37.7863 -14.4064 -8.971 -69.526769
38.9765 -14.4204 -8.3072 -69.545529
39.509 -14.5028 -6.8771 -69.563853
40.803 -14.1184 -7.3333 -69.581592
42.1172 -13.7343 -7.9502 -69.598899
43.481 -14.2451 -8.4653 -69.615689
44.8322 -14.6862 -9.0455 -69.631942
46.2199 -15.1571 -9.5418 -69.647633
47.4998 -15.7968 -10.1041 -69.662592
48.4919 -16.341 -10.9949 -69.676919
49.2648 -16.5571 -12.2212 -69.690498
50.6437 -17.0063 -12.5265 -69.703131
52.1626 -17.2199 -12.7123 -69.714864
53.5098 -17.9199 -12.5815 -69.725571
54.8261 -18.5114 -12.0649 -69.735228
56.0144 -19.3898 -11.6485 -69.743712
57.1511 -20.3793 -11.2981 -69.75099
58.5784 -20.83 -11.009 -69.756937
59.5198 -21.3446 -11.6244 -69.761598
59.9152 -21.5013 -13.1121 -69.764763
60.3293 -21.6363 -14.5919 -69.766381
5.542 -17.4481 -11.9734 -68.52809
5.2752 -19.0549 -12.8511 -68.550218
4.5319 -20.5356 -13.6308 -68.572576
4.2842 -21.2679 -12.1504 -68.595467
4.5234 -21.5541 -11.2061 -68.618179
5.0916 -22.5097 -9.9139 -68.641255
5.6355 -23.6108 -8.5295 -68.664451
6.4022 -24.9693 -7.5369 -68.687846
6.6335 -26.3097 -6.3211 -68.71134
7.1852 -27.3717 -7.4784 -68.73519
7.7638 -28.2275 -9.037 -68.759145
9.1599 -28.8455 -10.0123 -68.783056
10.2945 -29.4271 -11.2255 -68.807148
12.0307 -29.9265 -10.7637 -68.831446
13.7255 -30.5864 -10.4924 -68.85583
15.1918 -31.515 -11.0288 -68.880311
16.7178 -31.6949 -12.0524 -68.904976
18.2188 -31.9125 -13.1144 -68.929754
19.9511 -32.1969 -13.7295 -68.954667
21.5074 -33.0418 -14.1745 -68.980605
22.8543 -34.2615 -14.6414 -69.006698
24.0059 -35.5947 -15.1729 -69.03203
24.5296 -37.1036 -15.7174 -69.057493
24.7232 -37.5624 -17.5262 -69.083378
25.1008 -38.2263 -19.2142 -69.10927
26.3789 -39.4506 -19.5884 -69.134949
28.1291 -39.8596 -20.0602 -69.160691
29.3513 -39.6098 -21.3429 -69.186609
30.6809 -38.9744 -22.3478 -69.212603
31.8544 -39.4408 -23.699 -69.238734
32.7072 -40.1312 -24.5207 -69.264869
34.1875 -40.0661 -24.2388 -69.291113
35.3747 -39.954 -25.6606 -69.31741
36.0556 -40.1808 -27.3735 -69.344084
37.1117 -40.5409 -28.8636 -69.370485
37.9499 -40.8975 -30.5002 -69.396894
38.8019 -40.6861 -32.1277 -69.423344
39.8174 -40.5169 -33.6425 -69.449629
40.8901 -40.7217 -35.068 -69.475787
42.5305 -41.61 -35.2384 -69.50182
44.3755 -41.8861 -35.4176 -69.527727
45.9871 -42.2694 -36.0731 -69.553511
47.4878 -43.2765 -36.1873 -69.579593
49.3319 -43.6209 -36.2065 -69.605944
51.1887 -43.712 -36.2324 -69.631266
53.0372 -43.4731 -36.3042 -69.656255
54.8899 -43.6769 -36.497 -69.680816
56.6959 -43.5991 -36.9065 -69.705041
58.2639 -44.1277 -37.6876 -69.728821
59.5341 -44.5902 -38.7803 -69.752303
60.5988 -45.0677 -39.8571 -69.775057
61.8729 -46.2433 -40.1922 -69.797185
63.3313 -46.5896 -41.0735 -69.818728
64.0217 -46.6763 -42.7931 -69.839668
64.5704 -46.7494 -44.583 -69.859764
64.8703 -46.6711 -46.4334 -69.879647
65.1687 -46.5915 -48.2839 -69.897948
65.5964 -46.5388 -50.1097 -69.9152
65.7108 -46.4215 -51.9702 -69.932503
65.6981 -46.2783 -53.8407 -69.94837
65.6854 -46.1351 -55.7113 -69.962227
65.6727 -45.9919 -57.5819 -69.974056
65.7296 -45.7497 -59.4403 -69.98443
65.8135 -45.4694 -61.2934 -69.992832
66.0243 -45.0935 -63.1166 -69.999239
66.1717 -44.6856 -64.9394 -70.003665
66.3305 -44.1781 -66.4646 -70.005923
5.6517 -16.7814 -12.2027 -68.540897
5.689 -16.9607 -13.7308 -68.587769
5.7263 -17.14 -15.259 -68.63376
5.7636 -17.3194 -16.7872 -68.678877
5.8009 -17.4987 -18.3154 -68.723126
5.8383 -17.678 -19.8436 -68.766512
5.8756 -17.8574 -21.3717 -68.809039
5.9129 -18.0367 -22.8999 -68.850711
5.9502 -18.216 -24.4281 -68.891529
5.9875 -18.3954 -25.9563 -68.931495
6.0248 -18.5747 -27.4845 -68.97061
6.0621 -18.754 -29.0126 -69.008873
6.0994 -18.9334 -30.5408 -69.046283
6.1367 -19.1127 -32.069 -69.082839
6.1741 -19.292 -33.5972 -69.118538
6.2114 -19.4714 -35.1254 -69.153377
6.2487 -19.6507 -36.6536 -69.187352
6.286 -19.83 -38.1817 -69.220458
6.3233 -20.0094 -39.7099 -69.252692
6.3606 -20.1887 -41.2381 -69.284046
6.3979 -20.368 -42.7663 -69.314516
6.4352 -20.5474 -44.2945 -69.344094
6.4725 -20.7267 -45.8226 -69.372773
6.5099 -20.906 -47.3508 -69.400545
6.5472 -21.0854 -48.879 -69.427403
6.5845 -21.2647 -50.4072 -69.453338
6.6218 -21.444 -51.9354 -69.478342
6.6591 -21.6234 -53.4635 -69.502405
6.6964 -21.8027 -54.9917 -69.525519
6.7337 -21.982 -56.5199 -69.547674
6.771 -22.1614 -58.0481 -69.568861
6.8083 -22.3407 -59.5763 -69.58907
6.8457 -22.52 -61.1045 -69.608292
6.883 -22.6994 -62.6326 -69.626519
6.9394 -22.8766 -64.1572 -69.643742
8.1498 -22.8799 -64.1006 -69.660373
8.9886 -23.516 -62.989 -69.676704
9.9314 -24.3205 -62.1091 -69.692489
10.5435 -25.411 -61.3105 -69.707872
11.1641 -26.7642 -60.9602 -69.722675
11.7371 -28.177 -61.0516 -69.736824
12.2468 -29.4991 -61.4619 -69.75033
12.6299 -30.7915 -61.1111 -69.763166
13.0367 -32.212 -60.6823 -69.7752
13.4206 -33.6473 -60.2909 -69.786401
13.672 -35.0666 -59.8345 -69.796653
13.7802 -36.5811 -60.0484 -69.805861
13.7177 -38.0731 -60.4184 -69.813969
13.5658 -39.5761 -60.7091 -69.820936
13.3014 -41.0704 -60.6511 -69.826657
13.3571 -42.0105 -59.4467 -69.831108
13.5377 -43.0476 -58.3404 -69.834135
13.6333 -44.0606 -57.3331 -69.835688
-2.4565 -0.91 0.0523 -68.014873
-2.8293 2.667 0.2464 -67.936234
-3.0866 6.216 0.7208 -67.855695
-2.2413 9.6979 1.5153 -67.772955
-0.7404 12.7593 0.9662 -67.688735
0.227 15.8879 -1.0884 -67.598314
0.5524 20.1154 -1.9386 -67.501503
0.4575 24.418 -2.5408 -67.402378
0.4389 27.3767 -5.5178 -67.300795
-0.013 29.9656 -8.7108 -67.197
-0.1419 14.3216 0.264 -67.644243
0.8616 14.8245 1.2959 -67.624592
2.5303 15.409 3.4469 -67.587841
5.0961 15.9466 3.8822 -67.549663
7.8356 16.5695 3.9069 -67.509811
10.5566 17.2922 4.0994 -67.468875
13.2701 17.9524 4.5537 -67.426581
15.8121 18.8134 4.7988 -67.383102
17.2134 19.7132 4.344 -67.353701
17.5574 19.3689 4.0634 -67.353781
-0.9274 14.3109 0.2417 -67.644816
-2.5488 14.1754 0.0246 -67.648949
-4.1702 14.04 -0.1925 -67.65274
-5.6969 13.9854 -0.1496 -67.656199
-6.0083 14.0245 0.9686 -67.659389
-4.7591 13.8534 0.1003 -67.662283
-4.5248 13.8442 -1.5168 -67.665482
-4.3735 13.8457 -3.1513 -67.668188
-4.2222 13.8471 -4.7858 -67.670336
-4.0708 13.8486 -6.4202 -67.671969
-3.7648 13.9278 -8.018 -67.673191
-3.1571 14.1597 -9.5252 -67.674102
-2.5409 14.9686 -10.6984 -67.674751
-0.6612 32.5013 -8.9792 -67.13225
-1.3441 34.6869 -8.6538 -67.079226
-2.5162 37.7967 -7.959 -66.99662
-4.0883 40.798 -9.2426 -66.912623
-6.1771 43.4321 -10.5669 -66.827312
-7.4526 45.9637 -12.4793 -66.740542
-8.199 48.9959 -14.3148 -66.651335
-8.488 52.2581 -16.0262 -66.559708
-8.9751 55.6713 -17.3793 -66.466681
-8.9724 59.3456 -17.9864 -66.372312
-8.8355 62.9598 -18.9326 -66.276525
-8.1651 65.7964 -21.101 -66.179252
-8.071 69.4931 -21.2598 -66.080619
-8.0725 72.7987 -19.5494 -65.981691
-8.8931 75.9303 -20.6534 -65.893457
-9.8467 77.8663 -22.8286 -65.814913
-10.916 79.9845 -24.8489 -65.735487
-11.8107 82.572 -26.461 -65.648372
-13.9622 85.1541 -28.0376 -65.553457
-15.428 87.4195 -30.0798 -65.456995
-16.2874 89.1284 -32.8169 -65.370635
-17.1302 91.8068 -33.4334 -65.294829
-16.6579 94.7355 -33.3269 -65.218194
-16.2793 97.4317 -32.2507 -65.140788
-16.0966 100.3779 -31.8618 -65.062548
-15.6048 103.2146 -31.8672 -64.935982
-15.0646 104.6984 -30.0846 -64.759766
-14.4099 106.6313 -31.3901 -64.582032
-13.9013 109.3975 -31.7321 -64.402456
-13.1382 112.1018 -31.8855 -64.22103
-12.0288 114.6912 -32.2205 -64.037535
-9.9615 116.491 -32.7147 -63.852178
-8.3964 118.5551 -33.6954 -63.664821
-7.0441 120.3709 -35.2413 -63.475279
-16.3107 103.1222 -31.2609 -64.997313
-17.0106 105.6108 -30.0258 -64.946739
-17.7104 108.0993 -28.7907 -64.897275
-18.4103 110.5878 -27.5556 -64.848927
-19.1321 113.0846 -26.3544 -64.801684
-20.0839 115.6275 -25.7828 -64.754952
-21.6544 117.8269 -26.4818 -64.708372
-22.4041 120.0541 -28.0006 -64.661886
-23.8204 121.9956 -29.2918 -64.615595
-16.2837 88.4956 -30.6847 -65.395201
-16.9057 88.45 -28.8674 -65.369781
-17.5277 88.4044 -27.0501 -65.345347
-18.1496 88.3588 -25.2328 -65.321889
-18.7716 88.3131 -23.4155 -65.29939
-19.3936 88.2675 -21.5982 -65.277836
-20.0155 88.2219 -19.7808 -65.25721
-20.6375 88.1763 -17.9635 -65.237495
-21.2595 88.1307 -16.1462 -65.218671
-21.8814 88.0851 -14.3289 -65.200721
-22.5034 88.0394 -12.5116 -65.183627
-23.1253 87.9938 -10.6943 -65.167369
-23.7473 87.9482 -8.8769 -65.151928
-24.3693 87.9026 -7.0596 -65.137283
-24.9912 87.857 -5.2423 -65.123415
-25.6132 87.8114 -3.425 -65.110303
-26.2352 87.7657 -1.6077 -65.097929
-26.8571 87.7201 0.2096 -65.086271
-27.4791 87.6745 2.0269 -65.07531
-28.1011 87.6289 3.8443 -65.065025
-28.723 87.5833 5.6616 -65.055397
-10.6474 82.0467 -25.97 -65.683649
-9.8973 83.5702 -26.7997 -65.660553
-8.9166 84.4636 -28.1497 -65.637594
-7.9416 85.635 -29.2349 -65.614776
-6.7633 86.7616 -30.2244 -65.592167
-5.9934 87.8877 -31.5 -65.569723
-4.805 89.0805 -31.9871 -65.547473
-4.0074 90.0975 -33.2964 -65.525268
-3.642 91.5318 -34.1524 -65.50338
-3.5504 92.2381 -35.0395 -65.481676
-2.6112 93.3175 -34.37 -65.460139
-1.4138 94.7914 -34.5426 -65.438932
-0.1697 96.0984 -35.117 -65.417965
0.8889 97.112 -35.3375 -65.397238
1.8787 97.6218 -33.8386 -65.37675
3.297 98.6527 -34.2066 -65.35667
4.478 100.1526 -34.2331 -65.336965
5.7259 101.6013 -34.2783 -65.317557
6.9236 103.076 -34.3329 -65.298558
8.2378 104.4594 -34.2789 -65.279926
9.708 105.6324 -34.1824 -65.261742
11.0242 106.9149 -34.1788 -65.243931
12.03 108.5293 -34.2938 -65.226567
12.8387 110.237 -34.4028 -65.209662
13.6986 111.9172 -34.2947 -65.193231
14.9808 113.3035 -34.0183 -65.177309
16.3534 114.5382 -33.5266 -65.161897
-8.0122 74.6652 -19.0128 -65.92019
-7.3733 74.7434 -17.1393 -65.896561
-6.2129 74.8717 -15.5661 -65.873293
-4.6588 75.1485 -14.4836 -65.850217
-2.9313 75.2005 -13.5318 -65.82727
-1.1908 75.5548 -14.025 -65.804445
0.2492 75.4182 -15.2751 -65.781721
1.6994 75.2949 -16.4498 -65.759214
3.456 75.8724 -16.5978 -65.736845
4.909 77.061 -16.0201 -65.714663
6.3489 78.0205 -15.2054 -65.692699
7.6777 78.1558 -16.557 -65.670806
9.1932 78.8939 -17.1669 -65.6492
10.3243 80.3116 -17.9293 -65.627847
11.8031 81.2429 -18.8099 -65.606773
13.3202 82.0201 -19.7154 -65.585957
14.672 82.8734 -20.8357 -65.565457
15.8195 84.0369 -21.4716 -65.545305
17.3968 85.0052 -21.5241 -65.525474
19.1523 85.9091 -21.6233 -65.505999
20.835 86.8367 -21.5731 -65.486908
22.3782 87.6805 -22.4819 -65.468151
23.6336 88.6822 -23.6145 -65.449845
25.3121 89.236 -24.4178 -65.43198
26.9271 90.1776 -25.069 -65.414208
28.5711 91.1435 -25.6063 -65.396716
30.1849 92.1759 -26.0934 -65.380193
31.906 93.0582 -26.3886 -65.364282
33.349 94.3802 -26.2354 -65.348922
34.682 95.7638 -25.7885 -65.334142
36.0698 96.9946 -25.1164 -65.31995
-9.1332 71.1226 -19.9391 -66.014383
-11.2049 71.3971 -19.3463 -65.982306
-12.2503 72.1505 -17.4371 -65.950143
-13.2771 72.9723 -16.3017 -65.917975
-15.0629 74.4381 -16.0237 -65.885853
-17.1889 75.3374 -15.9102 -65.853652
-18.7708 76.7954 -16.5998 -65.821406
-20.2396 77.7578 -18.0502 -65.789045
-21.4318 79.2493 -19.3169 -65.756689
-22.4493 80.8848 -20.0685 -65.733062
-23.644 82.5321 -19.9209 -65.7185
-25.2693 83.8199 -19.7197 -65.704272
-26.4282 85.5474 -19.5741 -65.690352
-27.4271 87.2915 -19.7394 -65.676728
-28.2555 88.0894 -18.5764 -65.663296
-28.4362 88.7812 -16.6121 -65.65013
-28.7184 89.4709 -14.6555 -65.637423
-28.5952 90.5234 -12.9306 -65.625101
-28.0087 92.2281 -11.8717 -65.613135
-28.1824 93.3344 -10.523 -65.601484
-28.881 94.9101 -9.3484 -65.590188
-29.1637 96.6406 -8.2343 -65.579265
-29.7507 98.589 -7.8416 -65.568707
-31.2546 100.014 -7.7767 -65.558511
-32.9856 101.1833 -7.8435 -65.548714
-34.438 102.6859 -7.93 -65.53927
-35.8645 104.1959 -8.077 -65.530212
-37.7492 105.0636 -8.2888 -65.52155
-39.7252 105.5106 -8.4883 -65.51325
-41.4274 106.5542 -8.4275 -65.505318
-22.5697 79.9845 -21.0657 -65.730813
-23.5049 79.5868 -23.0086 -65.713844
-24.7357 79.2357 -23.1851 -65.698918
-26.0186 79.7983 -22.2548 -65.684308
-27.6912 80.6895 -21.9109 -65.669992
-29.3246 81.7314 -21.4655 -65.655983
-31.1306 82.4861 -21.4143 -65.642283
-32.9071 83.2024 -21.5235 -65.628843
-34.8537 83.2248 -21.3716 -65.615715
-36.6622 83.819 -20.8419 -65.60288
-38.0322 83.5029 -19.5874 -65.590323
-39.4902 83.5562 -18.2934 -65.578098
-40.9141 84.0358 -17.0459 -65.56619
-42.4783 85.0996 -16.5078 -65.554638
-44.0118 86.2891 -16.2793 -65.543415
-45.0805 86.8165 -17.3328 -65.532305
-45.3985 87.0849 -19.2874 -65.521607
-46.0085 87.5938 -21.1008 -65.511231
-46.5256 87.8633 -23.0125 -65.501198
-47.0124 88.1443 -24.9307 -65.49151
-48.0466 88.8001 -25.8124 -65.482292
-49.3531 89.8139 -24.8517 -65.473424
-23.4169 79.5945 -22.041 -65.721482
-7.4755 47.1812 -14.128 -66.691767
-6.6397 46.9581 -15.442 -66.682455
-6.0885 47.0624 -16.854 -66.673547
-5.6785 47.4504 -18.3124 -66.66484
-5.0375 48.1975 -19.4234 -66.656437
-4.9376 48.8586 -20.8471 -66.64829
-4.8994 49.5688 -22.2208 -66.640459
-4.8067 50.8524 -23.1201 -66.633026
-4.348 52.1399 -23.896 -66.625633
-3.8636 53.4258 -24.6617 -66.618928
-3.2759 54.7308 -25.2965 -66.612884
-2.6137 56.0992 -25.6637 -66.607401
-1.9972 57.5231 -25.7699 -66.602453
-0.7472 58.4335 -25.8246 -66.598097
0.1834 59.5702 -25.9895 -66.59437
1.0556 60.8294 -26.3063 -66.591319
1.4265 62.1744 -26.9168 -66.588981
1.2466 63.3678 -27.9187 -66.587384
0.8615 64.5278 -28.8693 -66.586566
-1.2039 34.2315 -8.7378 -67.101836
-2.1645 36.692 -8.3921 -67.065315
-3.11 39.1845 -8.3928 -67.028149
-3.9026 40.3411 -6.7187 -66.990324
-4.4638 40.8393 -4.1593 -66.951779
-5.2514 41.2336 -1.6507 -66.912738
-6.4986 41.3875 0.6577 -66.873285
-6.9016 41.3668 3.1344 -66.833097
-8.3244 41.1475 5.0228 -66.79284
-9.0777 42.2825 6.6587 -66.758671
-10.4818 44.1286 6.7312 -66.730884
-12.0542 45.877 6.472 -66.703018
-13.7926 47.4551 6.7415 -66.675055
-14.3287 48.7274 8.6097 -66.646908
-14.2892 50.0448 10.5825 -66.618761
-14.3831 52.2013 11.5125 -66.590609
-15.4653 54.1641 11.5993 -66.562432
-15.9872 56.1264 10.7348 -66.534189
-15.9935 58.493 10.4465 -66.505944
-16.6674 59.2873 8.5547 -66.477494
-17.4698 59.7595 6.3608 -66.449066
-17.8092 61.9411 6.2291 -66.420739
-19.8136 62.8997 6.5069 -66.392301
-21.3274 63.1601 7.9551 -66.363709
-22.8218 64.0013 9.1439 -66.341597
-24.7396 64.6596 9.7419 -66.32622
-25.9313 65.6939 8.2209 -66.311152
-27.3521 67.091 7.1443 -66.296385
-27.8515 68.7801 5.7356 -66.281934
-28.9706 70.1238 4.2552 -66.267838
-29.8302 71.1977 2.3661 -66.254051
-30.5772 72.9481 2.3143 -66.240598
-31.2511 73.9836 4.3225 -66.227506
-31.8836 74.7971 6.3519 -66.214754
-33.4979 76.3178 6.0157 -66.202438
-35.3494 77.7054 5.6794 -66.19051
-36.2359 77.7987 3.4859 -66.178894
-36.823 78.2142 1.2302 -66.167668
-37.2962 78.8752 -1.0041 -66.156855
-38.0777 79.5243 -3.1351 -66.146512
-38.5828 79.8578 -5.4262 -66.136518
-40.1286 80.7679 -6.86 -66.127027
-41.8887 81.3717 -5.9333 -66.117951
-43.201 81.2826 -4.0378 -66.109277
-44.3102 81.7185 -2.0187 -66.101072
-23.2557 64.0561 8.131 -66.340523
-24.9649 64.9635 8.1844 -66.32287
-26.0616 65.9005 8.9001 -66.305024
-26.305 66.1448 10.8713 -66.287216
-26.4364 66.2766 12.8582 -66.269891
-26.7662 66.3845 14.8041 -66.252789
-28.2543 66.3369 15.7942 -66.23594
-29.7596 66.2207 16.7645 -66.219203
-29.8152 66.2528 18.7633 -66.202659
-30.2709 66.9957 19.6957 -66.186336
-31.7156 67.9135 20.4594 -66.170126
-32.1409 69.5247 21.5115 -66.154149
-33.0427 71.1208 22.2483 -66.138441
-33.7682 72.7602 23.0868 -66.122977
-34.714 74.4169 23.6586 -66.107795
-35.5114 76.0162 24.4887 -66.092876
-35.8784 77.7991 25.2812 -66.078204
-36.6919 79.4931 25.9091 -66.06382
-37.5921 81.2366 26.1638 -66.049763
-37.9648 82.9348 26.6532 -66.03593
-38.1232 84.1537 28.0096 -66.022474
-37.4894 85.6297 29.04 -66.009344
-37.0034 87.4849 29.1485 -65.99656
-36.7841 89.4485 29.2879 -65.983715
-36.3959 91.4052 29.448 -65.971268
-9.6387 41.5186 6.3846 -66.763156
-11.2133 41.8239 6.3128 -66.744586
-12.0979 42.4791 4.8865 -66.725807
-13.2557 43.35 3.9751 -66.707101
-14.2423 43.577 2.4577 -66.688337
-15.3556 43.71 1.0276 -66.669617
-15.9894 44.5732 -0.4476 -66.650886
-16.6871 45.12 -2.0478 -66.632215
-17.7188 45.8368 -3.2857 -66.613526
-18.5783 46.8498 -4.5254 -66.594924
-19.9074 47.2662 -5.6939 -66.576419
-21.5852 47.5437 -6.3542 -66.55806
-22.9761 48.6597 -6.3259 -66.539888
-24.3563 49.8697 -6.2079 -66.521847
-25.8552 50.8966 -6.0169 -66.504042
-27.0962 51.9486 -5.4199 -66.486366
-27.9482 52.3876 -3.9646 -66.468849
-29.654 52.5789 -3.9322 -66.451679
-30.6445 52.9077 -5.3714 -66.434742
-32.0441 53.5066 -6.2656 -66.418137
-33.4656 54.634 -6.5349 -66.401894
-34.9544 55.5474 -7.0531 -66.386059
-36.2819 56.6634 -7.6004 -66.370633
-37.6486 57.8611 -7.7756 -66.355615
-38.5034 59.4777 -7.6459 -66.341082
-39.3718 61.0534 -7.2838 -66.327132
-40.2991 62.551 -6.7638 -66.313738
-41.2384 64.045 -6.261 -66.300922
-41.8614 65.6914 -5.7694 -66.28877
-42.4591 67.2851 -5.1652 -66.277285
-43.3383 68.5969 -4.4191 -66.266526
-44.4522 70.0317 -4.1392 -66.256568
-45.5063 71.5345 -4.0501 -66.247393
-46.5569 73.035 -4.1531 -66.239079
-47.8716 74.2263 -4.5515 -66.231662
-48.8625 75.1738 -5.5759 -66.225186
-49.2408 75.7623 -7.2733 -66.219641
-49.4584 77.0985 -8.4631 -66.215161
-49.9501 78.752 -8.946 -66.211732
-51.026 79.8745 -9.2484 -66.209417
-51.28 79.9424 -10.8927 -66.208211
17.7044 20.951 4.9703 -67.339204
18.2015 22.2043 5.6044 -67.324628
18.6985 23.4577 6.2386 -67.310172
19.0912 25.152 6.8819 -67.292007
19.429 27.2733 6.757 -67.269863
20.0937 28.9393 5.4586 -67.247456
20.5192 30.5261 4.0181 -67.224798
21.7848 31.8769 2.8501 -67.201876
22.0977 33.1829 1.0434 -67.178718
23.2662 34.71 0.0406 -67.155467
23.7528 35.2305 -1.9989 -67.131949
24.4415 36.3316 -0.4475 -67.108234
25.2156 37.3871 1.3732 -67.084424
25.5431 38.1412 3.4507 -67.060448
26.3109 39.4951 5.0553 -67.036496
27.3125 40.7429 3.9319 -67.012453
27.6125 41.5008 5.9749 -66.988184
27.8649 42.4672 7.8245 -66.963927
28.5761 44.0126 9.106 -66.939718
29.3017 45.8785 9.8466 -66.91554
29.8444 47.4239 10.9837 -66.891206
29.8427 48.4745 12.9418 -66.866965
30.4043 50.5089 13.6559 -66.842805
32.2661 51.6774 14.0416 -66.818666
33.7432 53.3643 13.9508 -66.794607
35.3704 54.8773 13.6311 -66.77059
36.404 56.7929 13.1328 -66.746646
37.9566 57.9008 12.228 -66.722857
39.1636 59.6692 11.6914 -66.699152
40.7811 61.2139 11.412 -66.675544
42.5407 62.5144 11.7504 -66.652135
43.9242 63.8221 12.81 -66.628825
45.3908 65.165 13.6376 -66.605698
45.9271 67.2097 14.1714 -66.582836
46.6355 69.1359 14.3788 -66.560176
48.3635 70.1089 14.8857 -66.53771
49.6569 71.9103 15.1633 -66.515061
50.9513 73.7475 15.4455 -66.492657
52.8054 74.9337 15.6383 -66.470954
54.7263 75.5702 15.6827 -66.44955
56.0864 76.9982 15.657 -66.428436
57.1449 78.0802 14.4904 -66.40755
58.894 79.349 14.0314 -66.387054
60.9129 80.2627 14.3307 -66.366912
62.6887 81.5896 14.007 -66.3471
64.1912 82.1373 14.8133 -66.327552
65.3934 82.3955 16.5144 -66.308423
66.9021 83.2776 17.6975 -66.28976
67.4164 84.9808 18.6495 -66.271524
68.0681 86.9646 19.2519 -66.253803
18.9087 24.0362 7.1126 -67.302883
19.1476 18.9083 3.9431 -67.33734
20.9905 18.3979 3.8423 -67.318339
22.9152 18.2333 3.6481 -67.298964
24.7758 17.8958 3.3306 -67.279289
26.5871 18.0132 3.1308 -67.259287
28.3023 18.6484 3.6845 -67.238972
29.9424 18.8206 4.6508 -67.21841
31.2866 18.6601 5.9911 -67.197516
32.7096 18.1098 7.1234 -67.176401
34.1103 16.8391 7.543 -67.155091
35.4164 15.4177 7.7072 -67.133547
36.5618 14.0174 7.4707 -67.111828
38.0589 13.6462 6.35 -67.089946
39.8047 13.3092 5.8907 -67.067923
41.5119 12.7068 5.2455 -67.045748
42.8693 12.0614 4.0202 -67.023393
44.4573 11.3345 3.2295 -67.000958
45.9294 10.8303 2.4767 -66.978377
47.1014 10.1377 3.6205 -66.955776
48.3849 9.3089 4.6779 -66.933152
49.394 9.6773 6.2389 -66.910362
50.6478 10.0528 7.6185 -66.88759
51.9327 9.8336 9.0023 -66.864883
53.4883 10.1208 10.104 -66.842228
55.2334 9.8227 9.9071 -66.819649
57.0597 9.924 9.3135 -66.795823
58.8743 9.6526 8.6558 -66.771536
60.689 9.3812 7.9981 -66.748184
62.4959 9.1815 7.3186 -66.725718
64.0964 9.6659 6.3822 -66.703666
65.6128 10.0298 5.5676 -66.681791
66.3879 8.7348 6.61 -66.660073
67.0408 7.9267 8.2378 -66.638649
67.6184 7.3624 10.0083 -66.617401
68.2214 6.7991 11.7671 -66.596436
68.8557 6.3245 13.5452 -66.575919
69.5936 6.0215 15.3177 -66.555654
70.6128 5.6939 16.9232 -66.535913
71.846 5.1297 18.3139 -66.516753
73.446 5.6128 19.1551 -66.498006
75.1394 5.1362 19.9892 -66.479497
76.7792 5.1163 20.887 -66.461864
78.3203 5.541 21.9782 -66.444803
79.5543 6.0354 23.1887 -66.428395
80.477 6.477 24.7608 -66.412748
82.1371 6.4027 25.3832 -66.397816
83.992 6.8997 25.7174 -66.383665
85.8702 6.8251 26.0726 -66.370328
87.7509 6.7088 26.4848 -66.357872
89.6348 6.7028 26.6547 -66.346345
91.0074 6.4378 25.4152 -66.335814
92.1971 6.0461 24.0228 -66.326261
93.1627 5.5053 22.7795 -66.317559
93.4181 5.3578 20.8527 -66.309999
93.6827 5.205 18.9277 -66.303648
93.9559 5.0473 17.0042 -66.298536
94.7999 4.5071 17.8661 -66.294748
-1.9865 16.2264 -10.9822 -67.675209
-1.6114 17.3396 -11.0385 -67.675461
-1.1973 18.2526 -10.4886 -67.675619
-0.4899 18.8695 -10.968 -67.67571
0.4947 18.656 -11.4238 -67.675752
-5.9486 122.6202 -36.4545 -63.283518
-4.8563 124.4889 -38.1946 -63.089526
-3.4433 126.1431 -39.8024 -62.893621
-2.2407 128.597 -40.3971 -62.695793
-1.5188 131.295 -40.1613 -62.495771
-1.6696 134.0734 -40.2753 -62.293659
-2.517 136.7345 -40.7076 -62.08933
-3.2762 139.4376 -41.1589 -61.882778
-4.1563 142.1305 -41.3938 -61.67414
-4.9956 144.8475 -41.5126 -61.463219
-4.2109 147.46 -41.641 -61.250344
-3.9407 150.1251 -41.6099 -61.035035
-3.8535 152.9656 -41.6389 -60.817717
-3.8797 155.8081 -41.7765 -60.597916
-3.362 158.4701 -41.8809 -60.375738
-3.9026 161.1882 -41.8597 -60.151249
-4.6546 163.8938 -41.7416 -59.924449
-4.458 166.7321 -41.7051 -59.695297
-4.7248 169.4267 -41.9823 -59.463759
-5.9516 171.9513 -42.4086 -59.22967
-6.8697 174.6164 -42.5236 -58.99322
-7.1469 177.3942 -42.5991 -58.754157
-8.5483 179.5426 -43.6297 -58.512457
-9.0965 181.9163 -44.9846 -58.267587
-9.3572 184.5276 -45.8738 -58.020409
-10.3037 185.8819 -45.5629 -57.834819
-12.6165 185.7411 -44.527 -57.713903
-14.6492 185.7303 -43.1953 -57.593977
-16.2496 187.2653 -42.1906 -57.473607
-17.9145 189.1431 -41.8854 -57.352342
-19.4479 191.0685 -41.5909 -57.230097
-21.0169 192.9475 -41.0017 -57.106684
-22.4125 194.4386 -40.3024 -56.982033
-23.7068 195.9472 -39.0039 -56.85598
-25.0392 197.7028 -39.8911 -56.728545
-25.8175 200.0563 -40.2799 -56.599674
-26.6369 201.4551 -41.5533 -56.468879
-27.5289 202.2594 -40.2727 -56.336317
-29.472 203.3638 -40.3713 -56.202183
-31.4096 204.4733 -39.3932 -56.065957
-31.9894 205.4816 -37.1556 -55.926879
-32.896 206.6385 -35.2063 -55.78572
-33.7738 206.9925 -32.8727 -55.641469
-35.326 208.2821 -31.3862 -55.49468
-36.5537 210.18 -30.3332 -55.344378
-37.6503 212.1937 -29.5135 -55.190056
-38.7499 214.0475 -28.2022 -55.03071
-38.8366 216.2339 -27.1303 -54.865431
-39.8429 217.9451 -25.6872 -54.692815
-40.3547 220.3663 -25.6679 -54.511002
-9.0607 186.6005 -47.0068 -57.82816
-8.6412 188.5188 -48.1723 -57.69239
-7.9227 189.8909 -49.7878 -57.55518
-7.3389 191.2666 -51.5099 -57.416574
-6.8689 192.8579 -53.067 -57.276704
-6.5717 194.5306 -54.6272 -57.135219
-6.699 195.7688 -56.5782 -56.991804
-6.6007 197.3796 -57.9455 -56.846869
-5.361 198.4457 -59.4593 -56.699881
-4.0706 199.0919 -61.2062 -56.550731
-2.56 200.3359 -61.9713 -56.399873
-1.1767 202.1203 -62.473 -56.246653
0.1257 203.765 -63.1817 -56.091069
0.5779 205.9809 -62.9411 -55.932647
1.7705 207.8999 -62.7909 -55.771303
1.7806 210.0234 -63.3852 -55.606746
1.251 212.0868 -62.5412 -55.438618
0.3882 214.2228 -62.3899 -55.26701
-0.4598 216.2968 -62.9067 -55.091374
-1.2479 218.4121 -63.4146 -54.911117
-2.0973 220.5416 -63.7457 -54.725796
-3.4118 222.4275 -63.923 -54.534743
-5.2388 223.8332 -64.0726 -54.337002
-7.0057 225.2983 -64.337 -54.131283
-8.1122 227.0393 -64.9339 -53.915465
-8.3675 229.0243 -65.402 -53.723354
-8.7031 230.7886 -65.6689 -53.557929
-9.2813 232.5101 -65.8231 -53.381771
-9.2237 228.2929 -64.8468 -53.781409
-10.9382 228.5001 -64.259 -53.731559
-12.6565 228.7042 -63.682 -53.671369
-25.5183 124.0162 -29.3962 -64.572877
-26.4756 125.8583 -28.1987 -64.533618
-27.6755 127.8327 -27.6028 -64.494536
-27.9279 128.8492 -29.077 -64.455548
-28.5728 129.8586 -27.39 -64.416567
-29.4951 131.5172 -26.0388 -64.37801
-30.3172 133.5583 -25.0126 -64.339635
-30.9903 134.755 -23.0132 -64.301479
-31.8576 136.0757 -21.167 -64.263574
-32.9249 137.8539 -19.8699 -64.225946
-34.7749 138.8966 -19.3111 -64.188552
-36.3176 139.9122 -18.0849 -64.151497
-37.4604 141.3871 -16.8864 -64.114752
-38.6623 143.1941 -16.0632 -64.078278
-40.1691 144.5551 -14.9429 -64.042081
-41.2877 146.3296 -14.9203 -64.006202
-42.5778 148.1549 -14.027 -63.970709
-43.9866 149.9737 -13.1872 -63.935658
-45.0144 151.7833 -12.0503 -63.900977
-45.5532 153.8159 -10.8393 -63.866695
-46.3861 156.0367 -10.2537 -63.832848
-46.9837 158.3901 -9.9517 -63.799504
-47.8117 160.6751 -9.7756 -63.766599
-49.0447 162.6915 -9.706 -63.73422
-50.015 164.9082 -9.8518 -63.702359
-51.5234 166.8379 -9.9384 -63.671034
-52.9161 168.8061 -9.9279 -63.64028
-54.0733 170.9215 -9.7859 -63.610097
-55.7453 172.652 -9.5467 -63.580529
-57.6094 174.1497 -9.6472 -63.551587
-59.246 175.273 -8.9172 -63.523286
-60.6519 176.3429 -7.7572 -63.495672
-61.8971 178.3631 -7.4187 -63.468769
-62.7492 180.6081 -7.5045 -63.442572
-63.9736 182.7158 -7.7021 -63.417162
-65.2308 184.8141 -7.6187 -63.392559
-66.7492 186.7003 -7.6491 -63.36879
-68.417 188.4651 -7.7574 -63.345859
-69.4591 190.6092 -7.7695 -63.323834
-69.6776 192.1396 -9.5531 -63.302636
-70.6232 193.0213 -8.854 -63.282135
-70.9662 193.1386 -6.4297 -63.262634
-71.4596 193.5338 -4.0639 -63.244159
-72.1758 195.2071 -3.9513 -63.226871
-73.6159 196.7389 -5.1111 -63.210651
-74.8609 198.522 -6.148 -63.195512
-75.7426 199.5734 -7.6936 -63.181453
-75.3694 199.5725 -10.1146 -63.168302
-74.4019 199.6256 -11.6143 -63.156463
-73.8016 200.0979 -9.3728 -63.145734
-74.5843 201.3776 -7.8285 -63.136185
-75.66 202.8847 -6.3385 -63.127771
-76.7569 204.7933 -5.2692 -63.120467
-77.7876 206.5222 -4.0466 -63.1142
-78.7815 208.5213 -3.0989 -63.108899
-29.3228 87.5393 7.4141 -65.046725
-29.9005 87.4969 9.1019 -65.038905
-30.4781 87.4545 10.7898 -65.031603
-31.0558 87.4122 12.4776 -65.024803
-32.2782 87.1841 13.3671 -65.018453
-33.8866 86.6278 13.8875 -65.012417
-35.2533 87.1539 14.4242 -65.0067
-35.8481 87.8038 15.3321 -65.001308
-36.8463 86.9864 16.4788 -64.996225
-38.3951 86.3544 16.7879 -64.991463
-40.0436 86.842 16.4412 -64.987018
-41.676 86.6973 15.7688 -64.982876
-43.0795 86.67 14.6822 -64.979041
-44.7397 86.6061 14.8133 -64.975507
-46.2784 86.3685 14.6265 -64.972267
-47.931 85.969 14.7511 -64.96932
-49.3382 85.0184 15.2541 -64.966655
-51.0157 84.5548 15.4912 -64.964264
-52.76 84.3802 15.7377 -64.962149
-54.4766 84.1118 16.1326 -64.960296
-56.1575 83.722 16.5614 -64.958695
-57.6854 83.1665 17.2616 -64.957336
-59.449 83.0129 17.2864 -64.956215
-61.2047 83.1213 17.0316 -64.955319
-62.4985 83.4162 16.057 -64.954635
-64.2493 83.561 15.9695 -64.954153
-65.9938 83.4285 15.6473 -64.953861
-67.7202 83.5173 15.2308 -64.953746
-69.055 83.036 14.2322 -64.953794
-69.8653 82.2066 12.9383 -64.953991
-71.0115 81.258 11.9738 -64.954324
-72.4278 80.4398 11.5445 -64.954776
-73.698 79.222 11.6667 -64.95533
-74.8344 77.8746 11.8888 -64.955969
-76.1909 76.8138 12.1994 -64.956682
-77.7152 76.0674 12.6693 -64.957448
-79.2241 75.3783 13.2714 -64.958248
-80.5771 74.3384 13.7242 -64.959064
-81.948 73.2954 14.1285 -64.959879
-83.3128 72.1963 14.4348 -64.960674
-84.2563 70.7511 14.49 -64.961433
-85.9688 70.3467 14.3507 -64.962137
-87.6869 70.083 14.43 -64.962766
-89.1236 69.3762 14.9056 -64.963305
-90.0942 69.1674 16.3612 -64.963735
-91.4773 68.4273 17.0893 -64.964037
-93.1744 68.4543 17.5737 -64.964197
17.4714 115.5383 -32.7054 -65.148279
18.7181 116.515 -32.6736 -65.136262
19.4474 117.9165 -32.6863 -65.124664
20.2746 119.2604 -32.6312 -65.113442
21.0837 120.5882 -32.4636 -65.102637
21.7758 121.9988 -32.2416 -65.092249
22.3094 123.4582 -32.1155 -65.082279
23.1409 124.8071 -32.0128 -65.072761
23.9385 126.1782 -31.9172 -65.06366
25.0849 127.2066 -31.902 -65.055039
25.7601 127.3047 -33.2559 -65.046798
26.628 127.211 -34.5602 -65.039015
27.4583 127.1967 -35.7592 -65.03176
28.395 127.5305 -34.6253 -65.025002
29.5644 128.205 -33.8463 -65.018774
30.5696 128.6374 -32.8152 -65.013031
32.0051 129.043 -32.2921 -65.007826
33.4128 129.4399 -31.6761 -65.003164
34.7649 130.0848 -31.1622 -64.999057
36.07 130.7044 -30.5266 -64.995509
37.2954 130.2845 -29.7509 -64.992525
38.6668 129.8544 -29.4393 -64.990112
40.0959 129.824 -28.9371 -64.98829
41.6596 129.7812 -29.1527 -64.987061
43.163 129.7557 -29.5887 -64.986441
37.3605 97.6671 -24.1386 -65.307699
38.5247 98.3419 -23.3011 -65.297194
39.4075 98.7958 -22.0704 -65.287082
39.7833 99.3954 -20.6642 -65.277386
39.86 99.407 -19.0804 -65.268018
40.1939 99.8932 -18.7303 -65.259223
40.4963 100.318 -20.2174 -65.250826
41.4643 101.4944 -20.1061 -65.242973
42.3976 102.7119 -19.7798 -65.235619
43.1049 104.0833 -19.5568 -65.228755
44.0865 105.3182 -19.6544 -65.222423
44.7899 106.7249 -19.7113 -65.216611
45.9094 107.8469 -19.694 -65.211343
47.0015 108.9935 -19.6267 -65.206624
47.4874 110.1272 -19.5101 -65.202344
47.4694 110.2183 -21.0953 -65.19825
47.4514 110.3094 -22.6805 -65.194858
47.4334 110.4005 -24.2657 -65.192159
47.4153 110.4915 -25.8509 -65.190146
47.3973 110.5826 -27.4361 -65.188812
47.3793 110.6737 -29.0213 -65.188148
-43.1464 107.2097 -8.6051 -65.498349
-44.2349 108.3552 -9.2701 -65.492225
-45.5183 109.1815 -10.1573 -65.486376
-46.5455 110.332 -10.9218 -65.480803
-47.6198 111.4497 -11.7523 -65.475508
-48.7733 112.6103 -11.9929 -65.470486
-49.0763 114.3515 -11.8794 -65.465734
-49.3422 116.0762 -11.586 -65.461263
-49.7822 117.0822 -10.2937 -65.457052
-50.4256 118.2912 -9.1739 -65.453112
-50.9978 119.2379 -7.7863 -65.449437
-51.2625 120.0244 -6.2601 -65.446016
-51.6654 121.1492 -4.9912 -65.44287
-51.9476 122.7357 -4.2703 -65.439981
-52.5998 124.2212 -3.6393 -65.437349
-53.274 125.7541 -3.0637 -65.434973
-53.9887 127.1954 -2.3704 -65.432844
-53.963 128.1021 -0.9245 -65.430935
-54.6255 128.6873 -0.6995 -65.429257
-55.0557 128.8462 -2.4173 -65.427803
-55.7093 129.6088 -3.8029 -65.426586
-56.3904 130.5701 -3.4395 -65.425583
-57.2397 131.7558 -2.5815 -65.424786
-57.7383 132.4193 -1.0375 -65.424181
-58.1997 132.8604 0.5026 -65.423768
-59.135 134.2149 0.2827 -65.423537
-59.5411 135.9385 0.3726 -65.423476
-60.3211 137.5272 0.4547 -65.423575
-61.5615 138.7924 0.4272 -65.423823
-62.8427 140.0202 0.4049 -65.424207
-63.9756 141.337 0.4784 -65.424715
-65.5415 142.0698 0.6041 -65.425334
-66.8201 143.3029 0.6105 -65.426052
-67.9523 144.6731 0.6097 -65.426875
-69.0106 146.0943 0.6091 -65.427751
-69.7753 147.6531 0.6561 -65.428677
-69.9859 148.4831 2.1055 -65.42965
-70.4429 149.3779 3.3991 -65.430642
-71.6135 150.4383 2.691 -65.43164
-72.4835 151.5429 1.7355 -65.432628
-72.9227 152.8592 2.7049 -65.433593
-72.5877 154.4469 3.3601 -65.434516
-73.0119 156.1489 3.5593 -65.43538
-73.1545 157.8864 3.5882 -65.436168
-74.1953 159.319 3.6169 -65.436863
-74.932 160.9303 3.7174 -65.437451
-75.2192 162.6661 3.8423 -65.437913
-75.4158 163.3004 5.1393 -65.438243
-75.4017 163.5667 6.8972 -65.438416
-50.1374 90.531 -23.3634 -65.465394
-51.2673 90.8857 -22.5511 -65.458189
-52.7159 91.6607 -23.1098 -65.45127
-54.0702 92.6015 -23.357 -65.444616
-55.4386 93.0469 -22.4458 -65.438234
-56.998 93.6059 -21.9041 -65.432116
-58.5673 94.2413 -21.5078 -65.426274
-59.4515 94.8578 -20.2839 -65.420657
-60.3751 95.9904 -19.3491 -65.415353
-61.639 96.317 -18.2753 -65.410305
-62.5765 96.8459 -17.7339 -65.40552
-63.9654 97.6322 -17.7098 -65.400987
-65.6166 98.1559 -17.9424 -65.396714
-67.3141 98.5251 -18.0363 -65.392691
-68.9906 98.999 -17.9141 -65.38893
-70.4527 99.8368 -17.5623 -65.385411
-71.8636 100.5751 -16.8437 -65.382137
-73.2945 101.1084 -16.0241 -65.379104
-74.8032 101.5319 -15.3155 -65.376303
-76.2937 102.0431 -14.7677 -65.373728
-76.9439 103.3194 -13.9021 -65.371373
-77.7853 104.5384 -13.0235 -65.36923
-79.1174 105.4827 -13.5256 -65.367299
-80.5678 106.3785 -13.889 -65.365564
-81.9123 107.4474 -14.0602 -65.364026
-82.892 108.884 -14.1362 -65.362666
-83.7902 110.3676 -14.0768 -65.361477
-84.9748 111.6284 -13.8567 -65.360453
-86.2002 112.6963 -13.3076 -65.359577
-87.0479 113.9279 -12.479 -65.358841
-87.7411 115.4304 -11.9657 -65.358238
-88.823 116.6812 -11.5653 -65.357753
-89.4834 118.0465 -10.8065 -65.357374
-90.0558 119.4566 -9.9504 -65.357088
-90.8226 120.9302 -9.4429 -65.356886
-91.9586 122.2396 -9.3374 -65.356753
-92.8888 123.6775 -9.6286 -65.356677
-93.6083 125.2344 -9.9613 -65.356647
-94.4583 126.6908 -10.3334 -65.35665
-95.6371 127.179 -11.2403 -65.356674
-96.5223 128.3643 -11.7434 -65.356708
-97.3565 129.8343 -11.9607 -65.356743
-98.0187 131.4271 -12.0082 -65.356766
-44.8397 82.3848 -0.1022 -66.094212
-45.6858 82.6745 1.4762 -66.088491
-47.0854 83.466 2.0376 -66.083069
-47.9154 84.1261 0.6038 -66.077897
-48.4536 84.4912 -1.1078 -66.073014
-49.4629 84.7481 -2.3216 -66.068414
-50.8487 85.4683 -2.9272 -66.064084
-51.3634 86.2483 -4.138 -66.059994
-51.1604 85.8865 -5.9031 -66.056189
-51.4147 86.3329 -4.63 -66.052652
-51.3753 86.9211 -3.2026 -66.049415
-51.6511 88.546 -2.6095 -66.04646
-52.0008 89.4665 -3.9264 -66.043758
-52.6137 90.8015 -4.1725 -66.04134
-53.4473 92.4123 -3.9386 -66.039192
-53.8653 94.1635 -3.6555 -66.037313
-53.9519 95.9277 -3.215 -66.035701
-54.3051 97.4953 -2.5507 -66.034354
-54.5625 98.6898 -1.1952 -66.033274
-54.547 99.8234 0.1762 -66.03245
-54.2907 100.3598 1.9096 -66.031882
-54.7709 101.2087 3.4194 -66.031569
-54.4328 101.9413 3.8933 -66.031505
-53.0212 101.1678 3.092 -66.031684
-52.5222 101.109 4.5528 -66.032101
-54.1846 101.7537 4.4499 -66.032746
-55.6576 102.8136 4.5394 -66.033615
-56.499 104.3974 4.7059 -66.034702
-56.8786 106.1716 4.8788 -66.036
-56.4546 107.8733 4.5587 -66.037499
-55.6814 109.1098 4.4339 -66.039206
-55.7928 109.3656 6.2457 -66.041128
-56.2213 109.7146 7.7986 -66.043181
-55.5336 111.171 7.9788 -66.045395
-57.2605 111.7016 8.1166 -66.047755
-58.1121 113.2561 8.4551 -66.050259
-58.5985 114.919 9.0311 -66.052893
-59.6859 116.036 9.8099 -66.05563
-59.434 116.5435 10.5662 -66.058477
-59.3051 118.1105 11.4366 -66.061405
-59.9415 119.6907 12.0733 -66.06441
-60.8614 121.156 12.3489 -66.067462
-61.607 122.4945 11.39 -66.07056
-62.1797 124.0961 10.8491 -66.073672
-62.6253 125.8486 10.8404 -66.076783
-62.2188 127.4063 11.6395 -66.079875
-61.8461 129.0333 12.3882 -66.082929
-62.5327 130.6886 12.3999 -66.085926
-62.936 132.4579 12.2088 -66.088851
-63.3234 134.2117 11.8803 -66.091684
-63.6303 135.945 11.5157 -66.094399
-63.951 136.5199 9.8435 -66.096993
-64.1784 137.2406 8.1925 -66.099416
-64.0694 138.3872 6.7995 -66.101647
-64.3697 140.0086 6.0583 -66.103679
-64.8732 141.6033 5.322 -66.105481
-65.5178 142.5596 4.0703 -66.107041
-65.7682 143.1976 5.3492 -66.108334
-66.7186 144.3442 5.8832 -66.109332
-67.5125 145.9488 6.0337 -66.110019
-68.2142 147.6123 6.0332 -66.110372
-36.2134 93.2108 29.5751 -65.960482
-36.6635 94.7733 29.8902 -65.950985
-36.9263 96.2364 30.4302 -65.941759
-37.1622 97.773 30.8495 -65.932786
-37.5529 99.3568 31.1525 -65.924065
-37.9173 100.9487 31.3678 -65.91565
-38.3971 102.525 31.406 -65.907495
-38.3118 104.182 31.3802 -65.899641
-38.3833 105.841 31.3619 -65.892081
-38.5184 107.493 31.3513 -65.88481
-38.1793 109.1047 31.3065 -65.877833
-37.694 110.6348 31.1726 -65.871173
-37.4366 112.1749 31.1742 -65.864808
-36.4341 113.3684 31.2349 -65.858734
-35.2673 114.4885 31.1966 -65.852981
-35.1913 116.0244 31.322 -65.847544
-36.1323 117.264 31.8032 -65.842421
-36.1013 118.8174 31.8898 -65.837612
-35.2737 120.1279 31.585 -65.833131
-34.1912 121.3196 31.36 -65.828972
-33.7141 122.9011 31.2289 -65.825154
-33.0667 124.4147 31.1658 -65.821665
-32.8786 126.0601 31.1275 -65.818516
-32.0835 127.4884 31.1247 -65.815711
-31.8296 129.12 31.1246 -65.813243
-31.1422 130.5851 30.9859 -65.811121
-30.3228 131.8477 30.3079 -65.809342
-29.6856 132.4849 28.9766 -65.807907
-29.0719 133.0333 27.5676 -65.806822
-28.0844 133.7856 27.8775 -65.806098
-27.152 134.469 28.6173 -65.805734
68.8569 88.73 19.5506 -66.238716
69.4626 89.4871 18.5505 -66.225882
69.8694 90.2922 17.5312 -66.213373
70.1133 90.9732 19.0619 -66.201126
70.2522 92.4115 19.6157 -66.189241
70.8156 93.9888 19.8859 -66.177684
70.9233 95.5529 19.5992 -66.166421
71.3862 97.0655 19.4044 -66.1555
72.5006 98.2929 19.6588 -66.144939
72.7344 99.9408 19.94 -66.1347
72.932 101.5833 19.995 -66.124799
72.4313 103.198 19.9089 -66.115247
71.8799 104.7873 20.0008 -66.10608
71.5282 106.416 19.8144 -66.097258
71.2624 108.037 19.4849 -66.088816
70.3107 109.3594 19.2993 -66.080784
69.2896 110.7156 19.219 -66.073143
68.8552 112.3448 19.1576 -66.065903
68.8224 113.8606 18.9579 -66.059073
69.0085 114.8834 18.0264 -66.052626
68.8524 116.0924 16.8932 -66.046599
69.7271 117.2159 15.9694 -66.040989
70.0973 118.581 15.0882 -66.03582
70.8674 119.2691 13.939 -66.03106
70.3855 118.9765 13.515 -66.026763
69.9666 118.6726 13.3866 -66.022878
70.2125 118.847 11.7059 -66.019397
70.4357 118.9096 10.8982 -66.016442
70.1867 118.7318 12.5649 -66.013925
69.521 118.6003 13.8778 -66.011925
69.0153 119.2849 13.1332 -66.010418
69.8993 119.8704 11.9133 -66.009402
70.2963 119.9515 10.2866 -66.008889
95.5228 3.6634 18.9207 -66.292771
95.9521 3.5018 19.9853 -66.291778
96.3294 3.3373 21.069 -66.291274
-41.3421 222.5153 -25.6062 -54.330002
-42.702 224.1478 -25.2091 -54.163241
-44.2458 225.1088 -24.0553 -53.997438
-45.8189 226.0665 -23.0056 -53.832348
-47.3319 227.1224 -21.9872 -53.667405
-48.8138 228.7344 -21.8003 -53.502083
-50.1281 230.4969 -21.9165 -53.335765
-51.8278 231.7383 -22.0527 -53.167712
-52.8158 233.6774 -22.1145 -52.997185
-53.0724 235.6787 -22.1684 -52.860967
-53.6815 237.6012 -22.215 -52.759598
-54.8336 239.2327 -22.1693 -52.655562
-55.9455 240.9107 -22.1307 -52.548514
-56.8959 242.6769 -22.2538 -52.438066
-57.6448 244.0732 -23.1351 -52.323788
-57.9004 245.3567 -24.6431 -52.205538
-58.5973 247.0318 -25.4177 -52.083223
-59.3933 248.8468 -25.6686 -51.95647
-60.5485 250.492 -25.7129 -51.824994
-62.0102 251.8694 -25.795 -51.688507
-63.5819 251.7041 -25.7766 -51.54693
-65.1861 252.5294 -25.4878 -51.399868
-66.5361 253.7075 -24.6451 -51.247319
-67.4482 255.4346 -24.2826 -51.089025
-68.0616 257.3349 -24.0645 -50.924935
-69.279 258.781 -24.0213 -50.755083
-70.6709 260.1778 -24.061 -50.579014
-71.4436 262.0159 -24.0595 -50.396892
-72.8554 263.4363 -23.888 -50.208697
-74.3055 264.6952 -23.3614 -50.014352
-75.6104 266.0079 -22.6232 -49.813479
-76.4194 267.7709 -22.2236 -49.605689
-77.0046 269.6763 -21.989 -49.391505
-77.6943 271.5617 -21.8675 -49.170919
-78.0414 273.5421 -21.7862 -48.943589
-78.9873 275.301 -21.7403 -48.709574
-80.3424 276.7952 -21.6879 -48.468851
-81.6546 278.3163 -21.6068 -48.221317
-83.1583 279.5974 -21.7854 -47.966792
-84.8953 280.6045 -21.8472 -47.705
-86.7025 281.4584 -21.6828 -47.435973
-87.8751 282.8646 -21.0904 -47.159578
-89.4892 283.7967 -20.5891 -46.875786
-91.1007 284.9601 -20.5677 -46.584994
-92.4107 286.2858 -21.1453 -46.286248
-94.0557 286.9976 -21.9919 -45.980471
-95.7101 288.0996 -22.2545 -45.667266
-97.3406 289.2852 -22.2657 -45.346864
-98.976 289.9877 -22.9029 -45.018763
-100.2796 290.7986 -23.6291 -44.683139
-101.4799 291.8038 -22.4899 -44.339801
-103.036 292.9887 -22.0284 -43.989652
-104.6892 294.1312 -21.8834 -43.632393
-106.3559 295.2232 -22.151 -43.267886
-107.8941 296.3493 -22.6692 -42.896637
-109.1385 297.4951 -23.597 -42.517981
-110.8652 298.494 -23.4597 -42.133307
-112.4721 299.5248 -23.016 -41.741406
-113.8772 300.6139 -22.2042 -41.343139
-115.339 301.8994 -21.8314 -40.938745
-116.6463 303.427 -21.784 -40.528699
-117.9037 305.0024 -21.8441 -40.112695
-119.0254 306.6607 -22.003 -39.69062
-119.7365 308.5266 -22.2827 -39.263513
-120.0458 309.7921 -21.1758 -38.829016
-120.3335 310.3959 -19.2752 -38.391385
-120.8092 311.2425 -17.5331 -37.949889
-121.3861 312.9361 -16.6595 -37.504849
-122.3666 314.5966 -16.303 -37.057578
-123.445 316.2788 -16.4754 -36.606055
-124.5125 317.8962 -16.7048 -36.151979
-124.8879 318.6378 -14.9021 -35.692222
-124.9811 319.1413 -12.9496 -35.229947
-125.2786 319.7061 -11.0358 -34.766048
-125.7833 320.5605 -9.2875 -34.302699
-126.7853 321.2272 -7.7186 -33.838745
-128.1198 321.7372 -6.5853 -33.372985
-129.5338 322.6762 -5.6435 -32.907145
-130.8033 322.8583 -4.1103 -32.439634
-132.3486 322.5617 -2.9424 -31.972525
-133.5223 321.7567 -2.2514 -31.50553
-134.4075 321.0203 -3.7194 -31.038815
-136.141 320.0633 -3.704 -30.5729
-137.9234 319.2453 -3.5128 -30.107538
-139.8153 319.4438 -3.03 -29.637935
-141.7336 319.7231 -2.5415 -29.173975
-143.2992 318.8382 -1.8198 -28.712367
-143.6324 318.198 -3.1912 -28.250235
-144.6494 318.183 -2.5451 -27.789193
-145.6029 318.7473 -1.0864 -27.331922
-147.1116 319.1677 -0.0827 -26.876857
-149.0143 318.6505 0.3041 -26.424374
-150.835 317.9416 0.6531 -25.975443
-152.6003 318.3043 1.3039 -25.530053
-154.255 319.2248 1.8195 -25.088543
-156.1347 319.0641 1.3765 -24.651251
-157.9479 318.8394 0.6505 -24.218961
-159.8193 318.2421 0.4855 -23.791077
-161.6982 318.4908 0.8126 -23.369221
-163.3502 318.4678 1.946 -22.953553
-164.7917 318.8721 3.1901 -22.544892
-166.0348 318.4651 4.5448 -22.144521
-167.2051 317.7036 5.9108 -21.752228
-168.6856 318.3603 6.972 -21.369665
-170.5746 318.3686 7.6324 -20.9978
-172.4422 318.8037 8.0573 -20.638219
-173.7745 319.4811 7.41 -20.288953
-175.2708 319.8181 6.8918 -19.953593
-176.3866 321.0401 7.8064 -19.633055
-178.1084 321.388 8.4289 -19.328226
-179.8667 322.3331 8.1901 -19.041057
-181.7338 322.9719 7.9865 -18.771241
-183.2047 324.2061 7.6173 -18.520222
-184.6529 324.5109 6.7583 -18.289747
-186.4765 324.882 7.4149 -18.081202
-188.3601 325.5005 7.7542 -17.896413
-190.207 326.2741 7.8586 -17.735921
-191.8555 326.4884 7.2737 -17.600511
-192.3011 326.2807 5.3327 -17.489198
-192.4569 326.3027 3.3202 -17.402589
-192.6127 326.3246 1.3078 -17.344829
-192.7684 326.3466 -0.7047 -17.315944
-53.5618 234.7518 -22.4056 -52.865042
-55.3696 234.7358 -22.9279 -52.772664
-57.1775 234.7198 -23.4502 -52.678839
-58.9758 234.7413 -23.9753 -52.583255
-60.5834 235.6616 -24.1049 -52.484725
-62.2107 236.6032 -24.0421 -52.38214
-63.9306 237.3539 -24.0447 -52.275548
-65.5569 238.2591 -24.1396 -52.164267
-67.3063 238.9314 -24.1596 -52.048505
-68.8366 239.9978 -24.0522 -51.927501
-70.5332 240.314 -23.7713 -51.801375
-72.1779 239.7124 -23.3677 -51.669806
-73.9055 239.067 -23.0743 -51.532749
-75.764 238.9129 -23.0612 -51.389976
-77.5069 238.4311 -23.4834 -51.241246
-79.2728 238.5078 -23.5052 -51.086507
-81.0101 239.1307 -23.2489 -50.92556
-82.8258 239.4159 -22.9537 -50.758478
-84.5254 239.9346 -22.4418 -50.585174
-86.2406 240.0396 -21.7161 -50.405351
-87.8568 239.8217 -20.9364 -50.219214
-89.3552 239.6723 -19.8507 -50.026476
-90.7771 239.8281 -18.7653 -49.82728
-92.3262 239.5258 -18.0598 -49.621513
-94.0855 240.1028 -17.7873 -49.409443
-95.877 240.5966 -17.5579 -49.190897
-97.6988 241.0591 -17.507 -48.965669
-99.53 241.4724 -17.4393 -48.734156
-101.2527 242.1681 -17.1773 -48.495917
-102.8299 242.815 -16.4434 -48.251145
-104.4569 243.5931 -15.9937 -48.000125
-106.2956 243.7075 -16.104 -47.742094
-107.1732 243.8399 -14.6775 -47.47577
-108.3872 244.3725 -13.7017 -47.20415
-109.3454 245.4642 -12.5807 -46.926239
-110.5466 246.5332 -11.6213 -46.641637
-112.0874 247.1 -10.9503 -46.35117
-112.6927 248.1713 -9.7197 -46.053421
-113.85 248.7857 -8.6033 -45.749897
-114.9422 250.1535 -8.2414 -45.440692
-115.3929 251.8689 -7.6387 -45.125747
-116.4822 252.9605 -6.8157 -44.805949
-117.371 253.2374 -5.1806 -44.480411
-118.358 253.8356 -3.7152 -44.150235
-119.4595 254.4678 -2.3971 -43.816131
-120.9563 255.2641 -1.6822 -43.477379
-122.5163 255.9458 -1.0086 -43.135146
-123.9831 256.9071 -0.452 -42.789349
-124.7954 257.8348 0.9161 -42.440342
-125.65 259.0549 2.0473 -42.089031
-126.8265 260.4562 2.1583 -41.735334
-128.2898 261.2032 2.616 -41.379432
-129.0334 261.3894 4.2611 -41.021626
-129.2473 261.2649 6.1105 -40.651463
-129.4022 261.1437 7.9821 -40.287502
-129.5576 261.0229 9.8536 -39.930633
-129.7512 260.9235 11.7229 -39.56659
-129.9463 260.825 13.592 -39.209005
-130.1515 260.7135 15.4586 -38.860591
-130.5488 260.346 17.2477 -38.517183
-131.604 259.0778 18.099 -38.181167
-132.4067 258.2916 19.5872 -37.851211
-133.3932 257.3081 20.8241 -37.528273
-133.8044 256.3522 22.376 -37.213762
-134.6418 255.2368 23.5911 -36.908498
-135.4197 253.8392 24.4892 -36.613655
-135.7 253.4829 26.3153 -36.329055
-136.3101 252.641 27.7577 -36.057526
-136.3201 251.3179 26.4825 -35.799131
-136.8701 249.6435 26.0944 -35.554366
-137.7175 248.1362 25.6627 -35.325288
-137.6045 246.4619 25.1316 -35.11346
-137.2893 245.0053 24.2243 -34.919594
-136.6215 243.4615 23.4192 -34.743745
-135.6446 241.9497 22.8735 -34.584922
-135.3758 240.4199 22.4018 -34.447964
-136.1869 239.3032 23.0344 -34.331596
-136.341 238.0644 24.2021 -34.236878
-136.433 236.6369 25.3143 -34.164704
-136.6008 234.8539 25.6617 -34.115928
-137.1474 233.4458 25.0869 -34.091148
-10.2537 234.1313 -65.7936 -53.180701
-11.9535 235.2244 -65.4206 -52.969664
-13.2513 236.4124 -64.5554 -52.760309
-13.9825 238.2182 -64.0036 -52.551913
-13.9675 239.4333 -65.1657 -52.343463
-14.1745 240.8047 -66.5759 -52.135638
-14.74 242.3781 -67.763 -51.927376
-15.0167 243.3075 -69.5586 -51.717682
-14.9973 244.3966 -71.2899 -51.506927
-15.4806 245.6013 -72.6631 -51.294348
-16.6681 247.206 -72.2066 -51.079452
-17.3029 249.0449 -71.7718 -50.861466
-18.6676 250.382 -71.3338 -50.640216
-19.6799 251.0982 -72.0439 -50.415089
-20.4939 252.2385 -73.4165 -50.185408
-21.5912 252.7618 -72.8895 -49.959116
-21.9596 252.8176 -71.2713 -49.739242
-22.6797 254.2973 -71.5196 -49.515437
-23.6039 255.7577 -72.0067 -49.287568
-24.5721 257.236 -72.2298 -49.055239
-26.0105 258.3101 -72.2446 -48.818247
-27.3761 259.4599 -72.2196 -48.576488
-28.9516 260.3257 -72.2375 -48.327048
-30.5102 261.2195 -72.2945 -48.075741
-31.595 262.5637 -72.7018 -47.819537
-32.6547 263.9941 -72.7006 -47.558079
-33.5598 265.5319 -72.4801 -47.291484
-34.5952 266.9872 -72.4053 -47.019526
-35.2782 268.5959 -72.3691 -46.741567
-36.5462 269.7783 -72.1737 -46.458836
-37.8737 270.872 -71.8225 -46.170697
-38.8876 272.2418 -71.3145 -45.87708
-39.6217 273.7558 -70.7585 -45.577932
-40.6535 274.9959 -70.0158 -45.273342
-42.0534 275.9829 -69.5331 -44.962853
-43.5846 276.8719 -69.3005 -44.647451
-45.0655 277.8565 -69.4958 -44.326219
-45.946 279.1186 -68.7677 -43.999758
-45.8345 280.5644 -67.9551 -43.667634
-46.196 282.2235 -68.3906 -43.330228
-46.2456 283.784 -69.1293 -42.987539
-45.9356 284.9029 -69.4775 -42.639276
-46.3572 283.3243 -69.8414 -42.284951
-47.6385 284.0096 -69.6263 -41.923809
-47.8598 285.27 -68.7781 -41.558958
-47.9763 286.6481 -67.6615 -41.188848
-48.0018 287.8134 -66.394 -40.813654
-49.296 287.3623 -65.4888 -40.433936
-50.1432 286.6731 -64.1653 -40.050496
-50.2434 286.1704 -62.4405 -39.661012
-51.2742 284.9264 -61.8207 -39.269118
-52.8421 284.4426 -61.0987 -38.873255
-53.9107 283.6653 -60.0279 -38.473929
-54.752 283.3629 -58.5184 -38.070107
-55.6511 282.4981 -57.2933 -37.664212
-56.6242 281.93 -56.0196 -37.256003
-57.9991 281.9695 -54.8908 -36.844507
-59.0837 282.3361 -53.8941 -36.431093
-60.0943 282.1643 -52.7677 -36.014694
-61.4419 281.5155 -51.8651 -35.597222
-62.8626 280.827 -51.0501 -35.17787
-64.2795 280.6349 -50.0042 -34.757293
-65.804 280.5238 -49.0693 -34.335948
-66.7885 280.054 -47.7484 -33.912418
-67.9789 279.2336 -46.7905 -33.488114
-68.6552 278.446 -45.3481 -33.063123
-69.0138 277.9753 -43.6489 -32.637771
-69.4167 276.9949 -42.4398 -32.212745
-69.8247 275.5947 -42.5008 -31.787258
-70.268 276.0815 -42.6582 -31.362208
-70.9242 276.409 -41.0457 -30.934625
-71.4032 276.5871 -39.3203 -30.50977
-72.2724 276.7647 -38.0281 -30.087106
-73.2041 276.1685 -36.6914 -29.665448
-74.2918 275.5936 -35.4399 -29.245754
-75.425 274.8456 -34.2803 -28.827224
-76.9255 274.2886 -33.5609 -28.410708
-77.3251 274.3933 -31.9623 -27.996177
-77.3839 274.0953 -31.6173 -27.580144
-77.9259 274.1693 -30.1943 -27.167955
-79.5493 274.0847 -29.6223 -26.759498
-80.9279 274.149 -28.5263 -26.354262
-82.1503 274.2888 -27.2947 -25.953775
-83.1333 274.5631 -25.8399 -25.556783
-83.3586 274.0993 -24.1212 -25.162951
-83.4086 273.3363 -22.4949 -24.77534
-83.5601 272.816 -20.7795 -24.392256
-83.7705 272.4678 -19.0265 -24.015281
-84.0593 272.0789 -17.2937 -23.645908
-84.2893 271.7437 -15.5414 -23.28305
-84.9661 271.1706 -14.2656 -22.930666
-86.4465 270.5588 -13.5443 -22.588107
-87.5224 269.4821 -12.7644 -22.255338
-88.5863 270.2836 -13.3628 -21.932808
-89.344 271.7765 -13.8414 -21.621335
-90.7295 272.8654 -14.017 -21.318092
-92.0012 274.1345 -14.1202 -21.030726
-93.0728 275.5655 -14.188 -20.760387
-94.4803 276.5793 -14.1262 -20.504715
-96.2029 276.3016 -13.7358 -20.265341
-97.8612 276.4416 -13.1634 -20.043424
-99.2225 277.2086 -12.3487 -19.840354
-100.7724 276.7787 -11.5881 -19.656933
-102.4856 276.8416 -11.2384 -19.494476
-104.2435 277.0799 -11.3594 -19.353337
-105.8758 277.7134 -11.5089 -19.234267
-106.978 278.2571 -10.6069 -19.137417
-108.7214 278.4008 -10.5748 -19.063681
-110.1714 278.7473 -11.3411 -19.013688
-111.6618 279.6815 -11.4564 -18.988351
-21.5015 253.5088 -73.309 -50.080712
-22.5942 254.3623 -72.684 -50.104713
-23.4363 255.5756 -72.2611 -50.127549
-23.7952 256.2196 -73.6016 -50.149002
-24.1958 256.9175 -74.8973 -50.168463
-24.5102 257.2028 -76.431 -50.185841
-25.2575 257.9568 -77.5755 -50.200683
-25.9832 258.9049 -78.6121 -50.212898
-26.7351 259.8964 -79.3372 -50.222258
-27.7754 261.0706 -79.3699 -50.228635
-28.1276 262.1418 -78.3341 -50.231874
-14.415 228.9869 -63.4499 -53.598521
-16.1331 229.4489 -63.5343 -53.530068
-17.7421 230.1331 -63.7219 -53.464634
-19.4067 230.7023 -63.8399 -53.40179
-20.8995 231.6241 -63.8754 -53.340985
-22.4197 232.5434 -63.927 -53.281587
-23.9779 232.9794 -64.5409 -53.223169
-25.5926 233.2447 -65.0739 -53.165072
-27.3372 233.3731 -65.393 -53.106992
-29.108 233.4677 -65.4659 -53.048412
-30.8642 233.5427 -65.402 -52.988908
-32.3482 234.4256 -65.4518 -52.928197
-33.9347 234.8444 -64.9779 -52.865844
-35.6107 235.0483 -64.5372 -52.801628
-37.2988 235.2219 -64.5195 -52.735318
-38.3854 235.5894 -65.5655 -52.666435
-39.1438 235.7555 -64.0699 -52.594986
-40.4342 236.3585 -64.9633 -52.521042
-41.6538 237.408 -65.4996 -52.444333
-43.3197 237.9738 -65.7908 -52.364977
-45.0712 238.2644 -65.9288 -52.282926
-46.7994 238.6788 -65.9135 -52.198251
-48.5481 238.9796 -65.7557 -52.110938
-50.2593 239.3638 -65.4708 -52.021346
-51.9541 239.818 -65.3779 -51.929324
-53.6581 240.3081 -65.5616 -51.835209
-55.3649 240.7618 -65.7517 -51.739123
-56.9242 241.5359 -65.9538 -51.641179
-58.6438 241.8319 -66.2728 -51.541878
-59.9936 242.7156 -66.7405 -51.441279
-60.984 243.7818 -67.5294 -51.339904
-62.0855 245.146 -67.6347 -51.238195
-62.592 246.8516 -67.5474 -51.136494
-63.6958 248.1812 -67.3534 -51.035174
-65.3602 248.1365 -67.1819 -50.934488
-66.6185 247.2528 -66.7907 -50.834937
-68.2827 246.701 -66.9975 -50.736125
-69.0056 246.5375 -67.1182 -50.640045
-69.4149 247.1923 -66.2178 -50.545971
-70.5685 248.2104 -65.6787 -50.454978
-72.1021 248.9573 -65.1628 -50.367483
-73.5226 249.8734 -64.6789 -50.283913
-74.9049 250.917 -64.2744 -50.204877
-76.1941 252.0464 -63.8017 -50.130971
-77.6751 252.694 -63.2164 -50.062479
-78.9054 253.7897 -63.1101 -49.999977
-80.0531 255.1107 -63.1909 -49.943819
-81.4092 256.2087 -63.4316 -49.894475
-83.1166 256.5971 -63.7243 -49.852381
-84.8053 256.9649 -63.8465 -49.817943
-86.3232 257.8036 -63.7447 -49.791636
-88.0463 257.7843 -63.4146 -49.7738
-89.5568 258.6367 -63.0658 -49.764736
-79.8558 209.6969 -1.6956 -63.104942
-80.9345 210.9313 -0.8747 -63.103326
-81.8718 212.3265 -0.0936 -63.10347
-83.0145 213.649 0.4105 -63.105328
-83.35 215.4299 0.5242 -63.10885
-84.7236 216.0877 0.5245 -63.113982
-85.8365 216.8501 1.5461 -63.120678
-86.4751 218.3432 2.3648 -63.12884
-87.6889 219.3419 3.0091 -63.13842
-89.3832 219.625 3.5112 -63.14934
-90.5679 220.9942 3.9392 -63.161551
-91.9993 222.1339 4.2769 -63.17497
-93.1066 223.0567 5.3451 -63.189582
-94.2451 224.3484 6.04 -63.205303
-95.1955 225.7846 6.6504 -63.222046
-96.1469 227.1811 6.1703 -63.239747
-97.5307 228.1499 5.5656 -63.258406
-97.6555 229.6726 4.5217 -63.277967
-98.2632 230.7709 4.9578 -63.2984
-99.4213 231.1534 5.7424 -63.319564
-100.7458 231.4122 4.7237 -63.341484
-101.8502 232.6408 4.2535 -63.364071
-103.1436 233.9354 4.0273 -63.387298
-104.4921 234.4164 4.8558 -63.411114
-105.6117 233.6885 5.7966 -63.435646
-106.7274 232.3194 6.4016 -63.460948
-107.441 230.7522 6.8747 -63.486383
-107.4488 229.0255 7.5014 -63.512224
-107.9411 227.3511 8.131 -63.538424
-107.0902 226.8712 8.9862 -63.565008
-106.1496 226.513 10.1833 -63.592257
-105.9516 226.2598 12.0223 -63.619803
-105.4787 225.2922 12.0054 -63.647447
-105.2249 224.5846 10.2988 -63.675326
-104.7784 223.6625 9.5999 -63.703253
-104.7066 222.6921 11.0296 -63.731408
-105.026 220.965 11.6033 -63.759556
-104.6066 219.9029 12.8153 -63.787823
-103.3942 219.8352 14.0764 -63.816086
-104.3073 219.9043 13.553 -63.84429
-105.885 218.9419 13.3792 -63.872445
-107.2676 218.4747 12.6842 -63.900487
-108.1193 218.5469 11.0406 -63.92842
-108.3962 219.4541 11.7193 -63.956063
-109.0143 219.6825 13.4653 -63.983521
-109.7221 219.9831 15.1561 -64.01049
-110.6667 219.9703 16.4989 -64.036943
-112.0003 218.9022 16.8845 -64.062934
-113.4433 217.9794 16.4775 -64.08833
-114.7081 217.1333 15.6968 -64.113114
-115.2947 216.7255 13.9743 -64.13722
-115.5962 216.7912 12.1637 -64.160759
-115.7677 217.1126 10.3327 -64.18339
-115.4309 217.0746 11.1227 -64.204945
-116.1181 217.6962 12.116 -64.226069
-117.3855 218.3763 13.3061 -64.245798
-118.8798 218.8959 14.099 -64.264045
-120.5533 219.5755 14.5055 -64.281002
-122.3465 220.0233 14.7431 -64.296576
-124.1585 220.1151 14.949 -64.310732
-125.565 221.2324 14.8597 -64.323369
-126.6064 222.7478 14.7267 -64.334393
-127.1945 224.5052 14.537 -64.343757
-127.9351 226.1832 14.2547 -64.351362
-129.0224 227.5634 14.5865 -64.357167
-130.1181 229.0198 14.5982 -64.361096
-131.2201 230.4645 14.2522 -64.363085
47.5528 -96.076 13.5667 -76.199286
47.0015 -95.2803 13.5986 -76.199516
46.7344 -94.3274 13.6342 -76.199627
27.7081 -94.2683 18.8592 -76.311729
26.226 -93.6204 19.8024 -76.31217
24.7439 -92.9726 20.7456 -76.312455
23.2618 -92.3248 21.6888 -76.312627
23.8038 -92.3745 21.7835 -76.312708
54.7481 -88.0637 17.871 -76.124353
97.3169 -66.6493 31.3652 -76.089224
99.3506 -67.4491 30.897 -76.089404
101.3843 -68.2489 30.4289 -76.089501
103.4181 -69.0488 29.9607 -76.089553
105.4518 -69.8486 29.4925 -76.089578
104.935 -70.7499 28.9784 -76.08959
104.6139 -70.6388 26.7694 -76.089594
96.937 -66.473 30.8282 -76.089134
44.0154 -65.7095 15.6069 -75.895138
44.0102 -66.3692 14.8486 -75.895491
44.1586 -67.2141 14.3402 -75.895663
-4.665 -9.0685 -0.0051 -68.292511
-3.3078 -10.3003 -0.0154 -68.682063
-1.9532 -11.5348 -0.0257 -69.069728
-0.7426 -12.7803 -0.0459 -69.708655
0.4334 -13.9291 -0.0935 -70.587539
1.4466 -15.2471 -0.185 -71.446942
3.5554 -27.7322 1.4257 -72.625176
8.6107 -41.3653 6.7974 -73.505475
22.8794 -62.2772 10.5055 -75.070003
26.4745 -64.8588 13.9793 -75.268311
29.0535 -67.1183 14.3116 -75.392492
42.1418 -73.5431 16.2509 -75.815815
47.2069 -85.1931 18.1557 -76.074785
44.6639 -89.9679 15.7857 -76.161482
47.7449 -96.3203 13.6398 -76.196448
78.4149 -177.3628 14.5582 -76.410705
95.2227 -265.7699 17.0719 -76.520044
48.1056 -320.1106 18.1187 -76.573753
-10.9476 -383.6056 22.9817 -76.596166
-40.36 -432.7473 17.7175 -76.597851
28.7834 -94.5812 17.274 -76.300697
14.3097 -106.6143 20.8227 -76.393667
2.7577 -126.0427 26.0848 -76.45001
-45.0792 -189.1405 27.4734 -76.515069
30.9775 -170.2053 31.4202 -76.476841
28.3969 -94.5693 18.0599 -76.309353
-40.2348 -104.2908 -5.8163 -76.46519
-111.9958 -139.102 2.509 -76.52526
54.6562 -87.9717 17.7384 -76.121033
111.8824 -135.9529 29.1893 -76.381996
164.8572 -185.7356 20.1853 -76.501832
213.7243 -226.7876 32.011 -76.546467
43.9697 -65.4565 15.7766 -75.889936
45.5333 -62.1584 17.8534 -75.920606
96.2419 -66.2233 31.6259 -76.088614
2.1326 -22.0656 -2.5814 -72.262381
6.2653 -35.3706 6.4938 -73.107106
8.3143 -40.7868 6.7183 -73.829866
15.4942 -50.7521 4.9673 -74.349672
19.5156 -57.7327 7.1557 -74.827893
24.2121 -63.3654 12.9105 -75.171885
27.7984 -65.9637 14.1964 -75.331684
35.2991 -71.3414 15.5234 -75.613549
45.9552 -78.4006 18.2802 -75.954189
45.9541 -87.9136 17.638 -76.120022
46.0845 -93.1486 14.7482 -76.183141
52.1518 -103.9606 11.3242 -76.228299
58.8833 -119.603 12.0998 -76.276074
62.6461 -133.0235 18.7767 -76.318974
68.7987 -150.479 18.27 -76.358518
75.478 -168.4071 16.0379 -76.394521
80.7201 -186.7623 13.7215 -76.426802
86.0397 -202.1519 18.4658 -76.450862
88.9594 -219.8372 14.0604 -76.472681
92.3483 -238.1707 14.3683 -76.493105
94.4112 -256.1543 16.5595 -76.51189
95.282 -267.4858 16.3224 -76.528147
95.3059 -280.3632 10.9397 -76.539601
82.392 -291.8157 13.1552 -76.550143
66.6134 -301.8126 13.5179 -76.560366
55.8832 -314.8401 17.1156 -76.56995
42.621 -325.3136 19.0805 -76.577507
32.9705 -340.7608 23.6528 -76.582008
23.9361 -354.8041 21.203 -76.586257
9.6225 -366.7531 22.7517 -76.590708
-4.6074 -378.3071 21.4152 -76.594984
-16.9731 -389.755 18.9726 -76.597308
-27.5688 -401.1213 14.9527 -76.597404
-39.573 -411.7299 14.9204 -76.597499
-40.6381 -420.4638 25.2112 -76.598016
-40.4069 -426.6412 14.8914 -76.598576
-41.6738 -434.0686 12.5022 -76.597091
-35.1298 -447.795 10.0223 -76.593863
-30.511 -455.7937 6.7671 -76.590843
-26.4654 -460.7911 2.4423 -76.58865
-24.2919 -464.5784 0.2402 -76.587512
37.1249 -94.0849 14.9718 -76.237052
20.7736 -99.7756 22.2184 -76.352389
11.0172 -108.5614 18.7473 -76.407209
5.909 -113.1292 24.1737 -76.425682
4.7649 -121.3499 27.2758 -76.441967
-3.9067 -133.7894 26.1237 -76.461184
-16.2236 -149.0836 26.7198 -76.476665
-17.7909 -159.6216 22.5822 -76.490009
-30.8645 -168.2845 21.4997 -76.501877
-40.3768 -181.2163 24.3391 -76.511896
-50.8898 -195.8899 27.7601 -76.518147
-59.8432 -207.2909 27.0024 -76.519909
-63.453 -209.2381 15.4152 -76.520428
-64.2909 -212.4765 11.1044 -76.520518
-69.7086 -217.4653 14.9612 -76.520499
-1.3141 -131.2728 34.9295 -76.454317
15.7442 -115.5027 24.1983 -76.409692
21.9499 -133.9863 25.1312 -76.429481
26.8898 -147.4387 25.6301 -76.446192
28.6429 -155.1273 32.7495 -76.460728
28.6017 -167.7997 33.6747 -76.472821
33.7647 -170.9041 21.6446 -76.480937
35.3986 -176.6564 11.4651 -76.484013
39.8278 -180.409 -7.3747 -76.485183
28.4843 -94.572 17.6083 -76.306793
24.075 -93.3058 9.4058 -76.333499
15.5128 -90.8025 -8.4542 -76.369277
-0.0475 -89.6597 -13.0268 -76.4008
-13.9393 -94.7328 -4.0497 -76.429257
-31.0534 -101.5497 -4.3571 -76.454514
-48.3446 -108.1087 -4.4853 -76.475801
-60.3769 -111.0796 -1.1234 -76.490147
-77.9711 -113.5102 3.296 -76.502367
-92.0999 -121.9743 4.6219 -76.513218
-105.6825 -132.44 0.8972 -76.522402
-119.8735 -141.3568 5.959 -76.527863
-132.8113 -151.1601 6.979 -76.529226
-147.2952 -155.5423 4.0924 -76.529513
-153.368 -158.2725 7.6335 -76.529474
-168.793 -159.6906 7.6228 -76.529401
50.8433 -86.5895 17.9535 -76.103309
61.2357 -92.3404 14.5899 -76.161692
72.1897 -102.125 21.0158 -76.221549
85.4059 -115.7278 22.6939 -76.273997
96.1046 -123.0147 27.5352 -76.321203
106.3877 -128.7142 28.8233 -76.363314
119.3522 -141.0891 32.8119 -76.400559
133.3865 -151.0456 27.4274 -76.427816
140.4642 -156.8554 25.7903 -76.451935
152.3124 -169.1266 29.8767 -76.473932
161.5491 -182.1636 26.4505 -76.493626
167.3763 -187.9265 20.8501 -76.509948
178.0174 -198.4202 27.7655 -76.520537
190.5879 -201.853 17.5881 -76.529548
198.4764 -209.0366 23.2285 -76.537633
206.4978 -222.3967 29.9785 -76.544492
216.4485 -231.2363 29.6641 -76.54831
219.3592 -241.6667 28.5636 -76.548839
217.6919 -257.4839 32.1794 -76.54854
212.7961 -271.781 39.8533 -76.548113
208.8344 -287.7139 39.3838 -76.547833
43.1478 -69.6198 16.0595 -75.862445
45.0982 -63.5211 16.1223 -75.906659
50.7937 -61.6079 11.0465 -75.951487
63.7547 -58.5312 9.7712 -75.993721
75.049 -60.4617 16.3877 -76.027901
83.0968 -60.7333 25.9161 -76.05608
91.3447 -63.64 26.8113 -76.07911
106.4082 -69.1292 24.6495 -76.10138
123.1559 -72.5629 28.9251 -76.117074
143.1961 -75.9244 28.8652 -76.124738
46.1286 -55.224 14.5026 -75.94073
37.6417 -45.2763 18.4222 -75.959333
22.8448 -43.0894 21.8828 -75.967832
