-0.8015 -1.2678 -0 -73.262048
-3.2062 -5.0715 -0 -73.260665
-5.0765 -8.0299 -0 -73.259722
-6.4123 -10.1429 0.0262 -73.259462
-8.0143 -12.677 0.1283 -73.259134
-8.8146 -13.9429 0.1666 -73.25889
-8.2187 -14.5214 0.2948 -73.25863
-8.7411 -16.3672 0.5247 -73.257941
-10.0309 -17.8905 1.1419 -73.257065
-11.386 -19.3222 1.89 -73.256217
-12.7254 -20.8552 2.392 -73.255417
-14.0432 -22.4116 2.6217 -73.254467
-14.6972 -24.3185 2.0715 -73.253312
-15.5306 -26.234 2.0482 -73.252055
-16.1094 -27.8038 2.3068 -73.250968
-14.7796 -28.9827 3.1257 -73.250058
-13.6062 -30.5844 3.6202 -73.249144
-12.2537 -32.1091 3.9089 -73.248229
-11.1222 -33.7683 4.2796 -73.247308
-10.1932 -35.2295 5.196 -73.246385
-9.3619 -36.7283 6.3117 -73.245458
-8.5851 -38.2492 7.4144 -73.244529
-7.5935 -39.8435 8.2499 -73.243596
-6.8916 -41.4349 9.2193 -73.242656
-6.2727 -43.3267 9.6108 -73.241715
-5.7427 -44.6215 10.9758 -73.240765
-5.2774 -45.3085 12.8612 -73.239811
-4.5701 -46.2857 12.7646 -73.238856
-3.9187 -47.0128 11.0346 -73.237894
-3.487 -47.3534 9.0584 -73.236925
-3.1601 -48.3203 10.2056 -73.235951
-2.5906 -49.7167 11.29 -73.234984
-2.064 -51.2649 10.2609 -73.23401
-1.9023 -53.0628 10.2828 -73.233034
-1.2374 -53.7481 8.8883 -73.232048
-0.2338 -55.4757 8.438 -73.231062
0.9268 -57.1391 8.1846 -73.230073
2.1659 -58.7648 8.26 -73.229081
2.7966 -60.3652 9.2072 -73.228083
3.5606 -62.0815 8.7826 -73.227081
4.1051 -63.9769 8.2533 -73.226074
4.7728 -65.8913 8.0534 -73.225065
5.555 -67.7898 8.1794 -73.224054
5.4215 -69.7319 8.5591 -73.22304
5.3722 -71.1779 9.39 -73.222019
6.6015 -72.8224 9.4344 -73.220996
7.9091 -74.3345 9.4579 -73.219969
9.1469 -75.9691 9.4502 -73.218939
10.0298 -77.8076 9.4917 -73.217907
10.7723 -79.6982 9.5101 -73.21687
12.3735 -80.8411 9.4583 -73.215832
13.4145 -82.6176 9.4397 -73.214789
14.1594 -84.5026 9.6273 -73.213743
14.908 -86.352 10.0263 -73.212693
15.6285 -88.1574 10.421 -73.211642
16.2688 -90.0988 10.1972 -73.210585
16.8061 -92.0324 10.2983 -73.209528
18.0591 -93.5211 10.9131 -73.208468
19.0692 -95.1762 11.592 -73.207405
20.0514 -96.8019 12.3554 -73.206341
20.7986 -98.4251 13.1509 -73.205273
22.3425 -99.643 13.6764 -73.204202
23.1324 -101.4525 13.8694 -73.20313
24.2278 -103.1764 13.8286 -73.202054
25.7948 -104.4654 13.8973 -73.200978
27.3532 -105.7951 13.951 -73.199901
28.4996 -107.4233 13.9547 -73.19882
30.0108 -108.56 13.6639 -73.197738
31.1081 -108.6091 12.0588 -73.196635
29.9694 -109.9097 10.9348 -73.195448
28.8308 -111.2104 9.8109 -73.19429
27.6922 -112.511 8.6869 -73.193159
26.8377 -113.4766 7.7017 -73.192042
28.1153 -111.9666 8.2837 -73.190858
29.3929 -110.4565 8.8658 -73.189703
30.6706 -108.9464 9.4479 -73.188577
31.1787 -108.9746 10.7509 -73.187443
31.0798 -109.3078 12.7833 -73.186305
31.1974 -110.3892 14.0207 -73.185188
31.8589 -112.2436 14.4776 -73.184077
32.2207 -114.0808 14.8897 -73.182966
32.3754 -116.0895 14.7382 -73.181854
33.2282 -117.7627 14.1097 -73.180742
34.0263 -119.6079 13.7086 -73.179632
34.4263 -121.5938 13.4703 -73.178522
34.6735 -123.5948 13.4834 -73.177413
34.4631 -125.6138 13.6554 -73.176306
35.477 -127.1975 13.9548 -73.175203
36.4488 -128.3733 14.9241 -73.174096
36.0423 -130.1872 15.3722 -73.172986
35.1621 -131.5518 15.4371 -73.171883
35.6418 -129.8523 14.8263 -73.17079
35.0348 -128.0619 14.2107 -73.1697
35.5446 -129.8444 14.1534 -73.168612
35.6291 -131.8577 14.0497 -73.167531
34.8485 -133.6181 13.7199 -73.166456
34.2995 -135.3089 12.7219 -73.165386
33.9891 -137.2127 12.2496 -73.164325
34.6951 -139.1364 12.158 -73.16327
34.4342 -141.0719 12.4762 -73.162224
34.9496 -142.8915 13.1328 -73.161184
35.1207 -144.6736 12.8365 -73.160155
36.0553 -146.4708 12.5635 -73.159136
36.5162 -147.9232 11.2272 -73.158123
37.0821 -149.6924 10.5935 -73.157127
38.1845 -151.3675 10.8233 -73.156144
38.9786 -152.5573 11.4668 -73.155172
38.5512 -154.4927 11.7745 -73.154209
38.9845 -156.4817 12.0272 -73.15326
38.8087 -158.4686 12.102 -73.152328
39.4316 -160.3993 12.1561 -73.151414
40.017 -162.1492 11.7738 -73.150516
39.9044 -164.0643 11.3068 -73.149639
40.4166 -165.9089 10.6066 -73.148781
41.3853 -167.5493 10.7632 -73.147946
42.1247 -169.1267 11.6727 -73.147133
42.1485 -170.8263 12.6221 -73.146343
41.2541 -172.1527 13.7028 -73.145581
41.3329 -173.6405 14.3131 -73.144845
41.6008 -174.8677 12.6805 -73.144135
41.8738 -176.7997 12.275 -73.143458
42.7438 -178.5456 11.9564 -73.142813
43.2439 -180.4578 12.0397 -73.142202
43.3656 -182.4295 12.4106 -73.141626
43.6747 -184.2146 13.2717 -73.141085
44.1736 -186.1236 13.8383 -73.140585
44.3535 -187.9066 14.7675 -73.140125
44.8726 -189.5685 15.6922 -73.139707
45.4404 -191.1005 14.5715 -73.139334
46.1386 -192.9259 14.1459 -73.139008
46.6287 -194.8895 13.783 -73.138731
47.9055 -196.4354 13.3908 -73.138505
49.0241 -197.9564 13.467 -73.138332
49.8322 -199.3762 13.2319 -73.138214
51.04 -200.3986 12.0409 -73.138154
-16.8109 -27.3553 2.8101 -73.251084
-17.497 -28.3029 4.2038 -73.250421
-18.1984 -29.271 5.5067 -73.249775
-18.2577 -29.3412 3.7473 -73.249023
-18.2679 -29.344 1.9276 -73.24829
-18.2781 -29.3467 0.108 -73.247576
-18.2883 -29.3494 -1.7116 -73.246882
-18.2985 -29.3522 -3.5313 -73.246208
-18.8534 -30.5664 -3.9808 -73.245544
-18.8107 -32.318 -3.8597 -73.244874
-19.3066 -34.0554 -3.7456 -73.244203
-18.9488 -34.5418 -2.2544 -73.243526
-18.3075 -35.7012 -1.0566 -73.242847
-18.003 -37.2922 -0.254 -73.242166
-17.2153 -38.7422 0.5062 -73.241483
-17.2992 -40.1694 1.5541 -73.240796
-17.1185 -41.7267 2.3954 -73.240106
-17.083 -42.8762 3.6698 -73.23941
-17.3639 -44.4413 4.545 -73.238713
-18.2212 -45.6938 5.2818 -73.238017
-18.9632 -46.7735 4.1464 -73.237318
-19.2427 -47.6114 2.5633 -73.236611
-19.7572 -49.1601 2.2576 -73.235909
-20.0441 -50.8741 2.5491 -73.235207
-20.3286 -52.4364 3.2684 -73.234505
-19.8077 -53.8024 3.6098 -73.2338
-19.2008 -54.6661 2.2731 -73.23309
-18.7221 -56.0354 2.9434 -73.232378
-18.7365 -56.729 4.1896 -73.231668
-18.8997 -58.1413 5.2798 -73.230961
-18.8149 -59.8936 5.7078 -73.230257
-18.9822 -61.072 7.0484 -73.229551
-19.3934 -62.5349 8.0119 -73.228853
-19.547 -63.8484 9.0694 -73.228154
-19.5772 -65.5723 8.63 -73.227464
-19.258 -67.3139 8.3405 -73.226778
-19.7508 -69.0603 8.364 -73.226101
-19.9946 -70.8175 8.7102 -73.225427
-19.8037 -72.5539 9.1873 -73.224761
-19.7201 -74.3251 9.5635 -73.224103
-20.2567 -75.9938 9.7611 -73.223454
-19.7758 -77.7066 9.8918 -73.222814
-19.8692 -79.394 10.0722 -73.222186
-20.6153 -80.6503 10.7965 -73.221571
-20.8101 -82.0334 11.1362 -73.22097
-21.8468 -83.2751 10.5156 -73.220385
-22.3598 -84.646 11.4203 -73.219815
-22.8139 -86.2646 12.0203 -73.219264
-22.9433 -87.4114 13.1988 -73.218727
-23.2601 -88.7922 14.1473 -73.218214
-23.5187 -90.5915 14.1567 -73.217726
-23.7693 -92.3875 14.2837 -73.217263
-23.9193 -94.161 14.5659 -73.216826
-24.765 -95.4177 14.2775 -73.216417
-25.6946 -96.5629 13.7452 -73.21604
-26.3361 -98.2508 13.7081 -73.215695
-26.22 -99.6251 14.4174 -73.21538
-26.029 -100.2322 16.1217 -73.215102
-25.98 -100.9366 17.7977 -73.214865
-26.1774 -101.1961 19.58 -73.214663
-26.4133 -101.3806 21.3748 -73.214511
-26.5757 -102.9017 22.0388 -73.21441
-26.565 -104.1061 22.8298 -73.214357
-10.4886 -18.1238 0.6694 -73.256346
-10.4015 -18.057 0.4643 -73.255832
-11.3637 -19.3353 1.4826 -73.255216
-12.4409 -20.4928 2.3203 -73.254488
-13.7335 -21.882 2.6066 -73.253699
-14.3525 -23.4451 1.6476 -73.252904
-14.7639 -24.7529 0.4153 -73.252107
-15.0123 -25.6795 -1.2982 -73.251304
-14.7483 -27.3027 -2.2341 -73.250498
-14.1682 -28.7546 -3.3613 -73.249687
-14.1335 -30.3237 -2.5621 -73.248871
-14.176 -32.0715 -1.7097 -73.248052
-14.076 -33.7889 -0.9359 -73.24723
-13.8862 -35.6563 -1.4771 -73.246405
-13.5408 -37.5381 -1.8551 -73.245576
-12.9254 -39.3671 -2.0095 -73.244741
-12.8947 -41.2639 -2.5483 -73.243904
-12.5093 -43.0891 -2.3969 -73.243063
-11.8636 -44.7358 -1.5183 -73.242214
-11.3409 -46.4019 -0.6056 -73.241362
-11.0233 -47.5467 0.9658 -73.2405
-10.5913 -48.4457 2.6789 -73.23964
-10.1405 -50.0833 3.3431 -73.238778
-10.2934 -51.7904 2.9275 -73.237911
-10.88 -52.8858 1.4404 -73.237037
-11.0363 -54.4811 1.7038 -73.236164
-11.1458 -56.3254 2.378 -73.235285
-10.357 -57.7555 3.4384 -73.234403
-10.1358 -58.8326 4.9901 -73.233516
-10.3077 -60.6124 5.6598 -73.232625
-11.2813 -62.2927 6.0116 -73.231731
-11.7958 -64.1934 6.181 -73.230835
-12.4342 -66.0517 6.3974 -73.229933
-11.9522 -67.7789 6.8906 -73.229027
-11.6762 -69.0382 8.2561 -73.228119
-11.713 -70.0381 9.9612 -73.227208
-11.8555 -70.9146 11.6774 -73.226287
-12.8132 -71.5235 13.2459 -73.225368
-13.5753 -72.2336 12.7301 -73.224445
-14.1638 -73.7043 11.8882 -73.223521
-14.4131 -75.2707 10.815 -73.222595
-13.5782 -77.0011 10.3425 -73.221666
-13.3259 -78.9499 10.1371 -73.220735
-13.3622 -80.9141 10.3308 -73.219803
-14.2376 -82.5066 10.9807 -73.218871
-14.7845 -84.1023 11.9265 -73.217936
-15.3519 -85.4422 12.6525 -73.216998
-15.7865 -86.6616 12.098 -73.216058
-16.5522 -87.7496 13.5364 -73.215117
-17.1687 -89.5648 13.8022 -73.214178
-18.2162 -91.1682 13.885 -73.213239
-19.5493 -92.634 13.9514 -73.2123
-20.3209 -94.4426 13.8656 -73.211361
-21.0095 -96.2837 13.6721 -73.210424
-21.3384 -97.8523 13.9673 -73.209477
-21.6939 -97.8965 15.9193 -73.208521
-22.3276 -98.0602 17.7316 -73.207581
-21.887 -98.9874 16.7979 -73.206633
-22.8153 -99.7306 15.3374 -73.2057
-24.3779 -100.6691 14.7056 -73.204772
-24.3457 -102.6276 14.3888 -73.203851
-24.5768 -104.5617 14.2213 -73.202935
-24.8282 -106.5067 14.2205 -73.202024
-25.0574 -108.4614 14.1941 -73.20112
-25.5558 -110.3378 14.0236 -73.200222
-26.9412 -111.6652 13.5497 -73.199332
-27.6548 -113.1993 12.651 -73.198452
-27.9593 -114.1646 11.0361 -73.197569
-28.3565 -115.3746 10.0919 -73.196711
-29.1471 -116.4978 9.0352 -73.195859
-29.5399 -117.0458 7.1689 -73.195013
-29.9596 -117.6548 5.3281 -73.194185
-30.9613 -118.935 4.5188 -73.193378
-32.1435 -120.2324 4.6581 -73.192585
-32.9363 -121.0473 6.2793 -73.191807
-33.621 -122.2206 7.5953 -73.19105
-33.9105 -123.585 8.7937 -73.190311
-34.4873 -124.3869 10.3397 -73.189594
-35.0405 -125.7656 11.4307 -73.188902
-34.701 -127.6323 11.772 -73.188234
-35.3063 -129.4991 11.9181 -73.187592
-35.9903 -131.3268 11.7835 -73.186978
-37.6819 -132.1342 11.31 -73.186394
-38.5009 -133.4806 10.3217 -73.185841
-38.4967 -134.7419 8.9782 -73.185319
-39.2613 -136.1191 9.0235 -73.184834
-39.6486 -137.8732 9.0943 -73.184388
-40.3927 -139.5578 8.4232 -73.183982
-41.3357 -141.2284 8.0319 -73.183618
-41.7461 -143.1332 7.6854 -73.183299
-42.0138 -145.0056 7.4829 -73.183026
-41.9887 -146.6225 8.5512 -73.182803
-43.1363 -148.1444 8.915 -73.182632
-43.8626 -149.8828 8.3731 -73.182515
-44.926 -151.4033 7.7386 -73.182455
-9.353 -14.8211 0.2731 -73.25851
-11.0559 -15.5864 0.7158 -73.257829
-12.8605 -15.9487 1.177 -73.256989
-14.323 -16.6873 2.6356 -73.255433
-15.6273 -17.7486 4.2904 -73.254129
-16.5612 -19.3299 4.837 -73.25354
-17.0333 -20.2944 6.2453 -73.252877
-17.8874 -21.5361 7.3823 -73.252197
-18.8508 -22.9769 8.1796 -73.251516
-19.5099 -24.5801 8.9543 -73.250831
-19.7318 -25.6734 10.3712 -73.250137
-19.6375 -26.5275 11.987 -73.249436
-20.9183 -27.5166 12.4491 -73.248737
-21.2964 -29.0814 13.3143 -73.248033
-21.83 -30.7644 14.0149 -73.247324
-22.4092 -32.288 14.7504 -73.246611
-23.1716 -32.8787 16.4102 -73.245885
-23.4458 -33.3976 17.1662 -73.245166
-23.9797 -35.1098 17.8018 -73.24444
-25.2888 -36.4276 18.1128 -73.243712
-26.4013 -37.9363 18.2431 -73.242982
-27.2908 -39.5473 18.3867 -73.242247
-28.9068 -40.2841 18.3568 -73.241509
-28.8386 -41.8551 18.071 -73.240767
-30.0593 -43.3052 18.0707 -73.240023
-30.6546 -44.9959 18.2212 -73.239273
-31.4097 -46.5757 18.3297 -73.23852
-32.6885 -47.8644 18.2798 -73.237765
-33.6705 -49.4532 18.3794 -73.237011
-34.3435 -51.1833 18.7706 -73.236254
-35.0428 -52.643 19.7515 -73.235495
-35.9334 -53.9164 20.8542 -73.234735
-36.4958 -55.5633 21.6175 -73.233976
-37.1515 -57.2664 22.1901 -73.233218
-37.503 -58.9135 22.7742 -73.232455
-37.2767 -60.629 23.5408 -73.231692
-38.3487 -62.1152 24.0868 -73.230933
-38.7835 -63.8894 24.6417 -73.230175
-39.0307 -65.5698 25.4324 -73.22942
-39.2448 -67.4312 25.7075 -73.228666
-39.4113 -69.2406 26.1323 -73.227917
-38.2265 -70.1613 27.1367 -73.22717
-37.9293 -71.6381 28.1838 -73.226425
-36.7386 -72.8721 28.5562 -73.225687
-35.4143 -74.1273 28.8617 -73.224957
-33.8413 -75.1427 29.2839 -73.224217
-32.9832 -76.7229 29.5771 -73.223499
-33.6399 -75.092 29.1649 -73.222778
-33.1635 -76.3575 28.5144 -73.222071
-32.6394 -77.9449 29.3953 -73.221375
-31.5586 -79.4236 29.8926 -73.22068
-30.8094 -81.0765 30.3763 -73.220001
-31.5811 -82.6547 30.6865 -73.219345
-31.7168 -84.5489 30.8274 -73.218705
-31.5105 -86.4537 30.8357 -73.218084
-31.5377 -88.3667 30.7633 -73.217482
-31.4829 -90.279 30.6456 -73.216901
-31.9235 -92.1277 30.4947 -73.216344
-32.2806 -93.9944 30.2829 -73.215812
-33.2826 -95.4749 30.073 -73.215306
-34.2923 -96.3147 29.212 -73.214829
-33.7984 -97.5646 29.0456 -73.214379
-33.365 -98.5644 30.3242 -73.213961
-34.9529 -99.5888 30.5864 -73.213581
-35.3561 -101.2379 30.5528 -73.213237
-35.425 -102.1901 29.7785 -73.212932
-35.4381 -103.6106 30.0236 -73.212671
-35.4329 -104.9525 28.8355 -73.212456
-35.4888 -106.6151 28.0477 -73.212291
-35.1318 -108.0258 29.2064 -73.212176
-34.5346 -109.5447 30.0645 -73.212118
-15.445 -16.6758 3.4162 -73.254123
-17.1123 -16.5493 2.7023 -73.253543
-18.8242 -16.1183 2.2844 -73.252889
-20.5247 -15.3962 2.2003 -73.252224
-22.3116 -15.3473 2.4856 -73.251556
-24.0423 -14.9367 2.9859 -73.250881
-25.7912 -14.8802 3.5418 -73.250201
-27.6376 -14.8877 3.7424 -73.249517
-29.4617 -14.8882 3.7168 -73.24883
-31.2202 -15.3922 3.5297 -73.248136
-32.7539 -15.8243 2.9445 -73.247433
-34.0829 -16.2305 1.7975 -73.246729
-35.3566 -17.1047 0.7776 -73.24602
-36.7811 -17.3591 0.0703 -73.245311
-38.4049 -17.2529 0.8951 -73.244598
-40.1857 -16.9717 1.2216 -73.24388
-41.9745 -17.3706 1.348 -73.243158
-43.6645 -17.7288 1.1737 -73.242432
-45.1638 -16.9527 0.472 -73.241703
-46.3865 -16.2335 -0.6264 -73.240967
-48.1583 -16.038 -0.1893 -73.240228
-49.5586 -16.5997 0.7893 -73.239484
-50.6275 -17.7832 1.5574 -73.238738
-52.4581 -17.9497 1.6886 -73.237989
-54.2203 -17.8442 1.1278 -73.237238
-55.6575 -18.4041 0.1681 -73.236482
-57.139 -19.2179 -0.5793 -73.235724
-58.8775 -19.6978 -0.9928 -73.234964
-60.4992 -20.5497 -0.8751 -73.234204
-62.2699 -20.9516 -0.784 -73.233442
-63.9605 -21.4851 -1.2025 -73.232672
-65.769 -21.6468 -1.2364 -73.231906
-67.4074 -21.948 -2.0416 -73.23114
-69.2303 -22.0478 -2.2783 -73.230375
-71.0405 -22.3933 -2.2 -73.229608
-72.76 -22.6876 -1.8978 -73.228842
-74.4248 -22.1245 -1.3042 -73.228078
-75.468 -21.5676 0.0962 -73.227314
-76.805 -21.0117 0.8974 -73.226552
-78.6304 -21.1688 0.7939 -73.225796
-80.2126 -21.6023 1.4208 -73.225044
-81.9055 -21.4802 1.8938 -73.224296
-83.3789 -20.5725 2.4839 -73.223553
-84.8475 -20.092 3.3977 -73.222818
-85.8797 -19.4106 4.4732 -73.222086
-86.9877 -17.9771 4.3817 -73.221366
-88.4094 -16.917 4.436 -73.220655
-89.1332 -16.2863 5.8123 -73.219946
-89.6827 -16.0961 7.5766 -73.21925
-90.6073 -14.9923 8.5732 -73.218573
-91.6573 -14.5236 9.9347 -73.217911
-92.216 -13.6924 11.4126 -73.217258
-93.3323 -12.5367 11.3011 -73.216632
-94.3529 -11.3333 10.4637 -73.216023
-95.9243 -11.359 10.3327 -73.215436
-97.085 -12.6874 10.4076 -73.214871
-98.637 -11.9209 10.4364 -73.214331
-99.8512 -10.5582 10.1484 -73.213819
-101.1467 -9.2581 9.9913 -73.213334
-102.9108 -8.8466 10.0308 -73.212882
-104.2043 -7.6318 10.4372 -73.212465
-105.7848 -7.7377 11.2376 -73.212084
-107.5295 -7.7352 11.7584 -73.211741
-108.7114 -6.5165 12.2914 -73.21144
-108.6826 -5.013 12.9437 -73.21118
-109.4316 -4.9691 14.0337 -73.210967
-110.9911 -5.321 13.2911 -73.210803
-112.3812 -4.7789 12.2565 -73.210691
-113.4541 -4.4164 10.8172 -73.210634
-15.5545 -17.632 4.3033 -73.254165
-16.8149 -18.3686 5.0193 -73.253684
-18.1535 -17.7371 5.9254 -73.253137
-19.3957 -17.6568 7.1162 -73.252577
-20.6245 -17.4395 8.329 -73.252015
-21.4073 -17.0773 9.8446 -73.251446
-22.3291 -16.4593 11.1562 -73.250877
-23.7986 -16.4039 12.1053 -73.250305
-24.636 -16.4397 13.5353 -73.249723
-26.0492 -16.413 14.4153 -73.249145
-26.5091 -16.6788 16.0866 -73.248552
-27.6416 -17.5424 16.452 -73.247969
-28.9683 -17.6171 17.1518 -73.247383
-30.2529 -16.8642 18.0015 -73.246796
-31.8112 -16.9615 18.7079 -73.246203
-32.7125 -16.0015 17.8716 -73.245612
-33.9732 -15.3124 17.8919 -73.245018
-35.5154 -14.9405 18.541 -73.244422
-36.8148 -15.2621 19.6037 -73.243824
-38.1095 -15.3947 20.6532 -73.243228
-39.3709 -15.3085 20.5665 -73.242626
-39.9084 -15.4165 22.2463 -73.242018
-41.4898 -16.1032 22.568 -73.241421
-43.1935 -16.3081 22.9719 -73.240825
-44.8671 -16.1005 23.426 -73.240233
-46.5874 -16.255 23.8037 -73.239641
-48.2806 -16.146 24.1613 -73.239056
-49.8848 -15.6408 24.6252 -73.238475
-51.569 -15.5809 25.1077 -73.2379
-53.1934 -15.8717 25.7123 -73.237332
-54.8397 -16.0518 26.2602 -73.236769
-56.4663 -15.7486 26.8593 -73.236219
-57.6381 -14.8744 27.7621 -73.235679
-58.8394 -13.7889 28.4214 -73.235151
-60.1932 -13.1386 29.3328 -73.234633
-61.8304 -12.6017 29.6751 -73.23413
-63.5039 -12.1508 29.7076 -73.233645
-64.8861 -11.121 29.4315 -73.233176
-65.5954 -10.0293 28.2627 -73.232724
-66.3587 -9.069 29.1123 -73.232294
-67.3994 -7.9254 29.8988 -73.231886
-68.8854 -7.8686 29.963 -73.231503
-70.5505 -7.352 29.9726 -73.231148
-72.0497 -6.4284 30.0037 -73.230821
-73.5599 -5.5098 29.9785 -73.230526
-74.8786 -4.3323 29.9264 -73.230256
-76.2236 -3.1844 29.9023 -73.230031
-77.2186 -1.7362 29.9278 -73.229846
-78.2778 -0.5048 29.7779 -73.229703
-79.9939 -0.3567 29.5292 -73.229605
-81.6519 -0.1123 29.479 -73.229554
-15.2282 -17.1379 4 -73.254372
-15.8134 -17.8487 4 -73.254346
-16.4306 -18.5318 4 -73.254333
-13.8552 -16.3527 0.6773 -73.256473
-6.8126 -12.9962 0.0714 -73.258982
-5.8684 -15.48 0.0572 -73.258382
-5.4058 -18.0693 0.0621 -73.257616
-4.8048 -20.6622 0.1442 -73.256654
-4.2378 -23.1032 0.3354 -73.25546
-4.2185 -23.3173 3.0099 -73.253525
-4.1991 -23.5292 5.6846 -73.25158
-3.9404 -24.0329 8.0609 -73.249665
-2.9465 -26.4423 7.8893 -73.247727
-2.9898 -29.1239 7.9366 -73.245744
-2.8312 -31.7921 8.079 -73.24371
-2.7737 -34.4658 8.0848 -73.241625
-3.1335 -36.1267 6.8772 -73.239451
-2.9668 -36.5649 4.2354 -73.237219
-3.5563 -38.3842 2.8887 -73.234966
-4.3063 -40.3834 1.497 -73.232644
-4.1208 -42.6459 0.2252 -73.230267
-4.2362 -43.7827 0.8959 -73.228374
-3.8312 -43.4159 2.8085 -73.227037
-3.4263 -43.0492 4.7211 -73.225725
-3.0214 -42.6825 6.6338 -73.224439
-2.6164 -42.3158 8.5464 -73.223179
-2.2115 -41.949 10.459 -73.221944
-1.8006 -41.5642 12.3611 -73.220734
-1.0504 -39.8462 12.7392 -73.219501
0.1758 -38.6585 13.5417 -73.218262
1.5902 -38.0395 13.8599 -73.216995
3.2347 -39.0768 14.2093 -73.215721
3.2862 -40.8715 14.6526 -73.214429
3.0921 -42.2179 15.9515 -73.213121
3.289 -43.8273 17.0278 -73.211796
3.7676 -45.0577 18.3989 -73.210446
5.3853 -45.2551 17.5078 -73.209079
6.4565 -45.5185 16.2146 -73.207668
6.4601 -45.5688 14.2263 -73.206233
7.3041 -46.1013 15.3965 -73.204785
7.7212 -46.6728 17.2551 -73.203308
8.2906 -47.8462 18.7417 -73.201822
8.7291 -49.4862 19.2615 -73.200727
9.1255 -50.9461 19.7272 -73.200059
10.0364 -52.2198 19.9693 -73.199393
10.7133 -53.6545 20.0389 -73.198726
11.8089 -54.3454 19.5071 -73.198054
12.1976 -54.6669 17.9921 -73.197383
13.1099 -54.8336 16.8714 -73.196714
13.5838 -54.6626 15.3738 -73.196006
13.6588 -54.6533 13.7788 -73.1952
13.7337 -54.644 12.1838 -73.194421
13.8087 -54.6347 10.5888 -73.193667
13.8837 -54.6254 8.9938 -73.192939
13.9586 -54.6161 7.3988 -73.192237
14.0336 -54.6068 5.8038 -73.19156
14.1085 -54.5975 4.2088 -73.190909
14.1663 -54.5744 2.6132 -73.190188
14.2206 -54.5486 1.0176 -73.189465
14.2749 -54.5228 -0.5781 -73.188771
14.3293 -54.497 -2.1737 -73.188104
14.3836 -54.4712 -3.7694 -73.187465
14.4379 -54.4454 -5.365 -73.186854
13.7113 -55.8095 -5.5929 -73.18626
13.1825 -57.2536 -6.0072 -73.185675
12.9567 -58.7053 -6.561 -73.1851
12.6682 -60.0281 -7.37 -73.184536
12.3514 -61.5353 -7.7387 -73.183985
11.9771 -63.0578 -7.8716 -73.183446
11.7617 -64.6275 -7.7751 -73.182922
11.4655 -65.9109 -8.3481 -73.182411
11.6675 -66.9063 -9.5712 -73.181916
11.728 -68.3207 -9.6289 -73.181435
11.6975 -68.4625 -8.07 -73.180973
11.4235 -69.5735 -7.0162 -73.180533
11.1196 -70.8404 -6.109 -73.180113
11.0275 -71.8722 -4.9846 -73.179713
11.2426 -73.2528 -4.3725 -73.179336
10.7531 -74.6674 -3.9199 -73.178984
10.425 -76.2016 -3.7062 -73.178655
10.77 -77.7411 -3.6532 -73.178353
11.0786 -79.2552 -3.6604 -73.17808
11.425 -80.7723 -3.755 -73.177835
11.2996 -82.2807 -4.0128 -73.177622
11.9706 -83.6675 -4.3963 -73.17744
12.7118 -84.5829 -3.8154 -73.17729
13.1706 -85.4159 -2.5821 -73.177175
13.3664 -86.853 -1.9391 -73.177098
13.3682 -87.667 -0.8755 -73.177058
8.6263 -48.9248 19.7774 -73.200761
8.971 -49.5407 20.9869 -73.200164
9.2099 -51.0475 20.8184 -73.199572
10.0927 -52.2943 20.5532 -73.198984
10.6868 -53.724 20.4404 -73.1984
11.4461 -54.1517 19.6321 -73.197809
11.5442 -54.2966 18.1881 -73.197225
12.9332 -54.8812 18.406 -73.196652
13.2774 -55.294 19.8309 -73.196068
13.7729 -56.2787 20.5319 -73.195504
14.3885 -57.7019 20.5127 -73.194944
15.16 -59.0485 20.6431 -73.194392
15.6443 -60.0525 21.5504 -73.193845
16.2084 -60.988 22.5631 -73.193306
17.2577 -61.2039 23.519 -73.192778
18.4454 -61.8839 23.9975 -73.19226
19.1422 -63.2514 24.2481 -73.191752
19.671 -63.8624 25.3071 -73.191247
20.2623 -64.3588 26.3522 -73.190759
21.638 -65.0559 26.1487 -73.190287
22.7173 -66.1327 25.8633 -73.1898
23.7256 -67.2733 25.5197 -73.189338
24.6112 -68.47 25.1932 -73.188904
24.9681 -69.954 24.971 -73.188489
24.9964 -70.9802 24.2159 -73.188072
24.9684 -71.117 22.6615 -73.187656
24.9404 -71.2538 21.1072 -73.187272
24.9124 -71.3907 19.5528 -73.186921
24.8648 -71.4567 17.9963 -73.186597
24.9221 -71.7069 16.7213 -73.186297
25.4185 -72.6144 17.5247 -73.186016
25.5779 -72.8182 19.0637 -73.185757
25.6724 -73.1458 20.5059 -73.185532
25.5385 -73.7136 21.7923 -73.185328
25.5469 -73.9336 23.3373 -73.185154
25.5553 -74.1535 24.8823 -73.185015
26.4257 -75.2629 24.9859 -73.18491
26.2037 -76.801 24.991 -73.184838
26.3234 -78.3421 25.0702 -73.184801
-4.7208 -44.7161 -0.023 -73.228693
-5.1299 -46.1818 0.6944 -73.227968
-5.3697 -46.9913 2.259 -73.227238
-5.7718 -48.0995 3.5791 -73.226509
-6.3113 -49.4357 4.5711 -73.225774
-6.1052 -51.0319 5.3148 -73.225038
-5.9754 -52.7323 5.8136 -73.224299
-5.3005 -54.3124 6.0843 -73.223557
-5.5666 -55.9139 6.2159 -73.222811
-6.3626 -57.4622 6.4728 -73.222063
-7.4327 -58.7683 6.9386 -73.221311
-8.3123 -60.0607 7.6969 -73.220555
-9.2075 -61.5771 7.5449 -73.2198
-10.0182 -63.1512 7.7642 -73.219041
-10.4982 -64.8336 7.9938 -73.218281
-11.098 -66.494 8.2496 -73.217517
-11.5795 -68.0917 8.8213 -73.216751
-11.4778 -69.48 9.814 -73.215985
-11.3768 -70.9824 10.6772 -73.215216
-11.1615 -72.6665 10.9417 -73.214444
-11.9531 -74.0675 10.3517 -73.21367
-12.2253 -75.2856 9.1163 -73.212896
-12.386 -76.5528 7.8889 -73.212123
-12.4919 -77.8973 6.8778 -73.211347
-12.6418 -79.6702 6.7282 -73.210571
-12.8923 -81.2283 7.3625 -73.209795
-13.0636 -82.0267 8.8276 -73.209012
-12.8375 -83.2389 8.8894 -73.208237
-12.4716 -84.694 8.0205 -73.207461
-12.6797 -85.5671 7.0599 -73.206684
-12.5183 -84.1321 6.1622 -73.205904
-12.5292 -84.0813 7.3739 -73.205123
-11.895 -85.6688 7.8198 -73.204346
-11.5229 -87.2946 8.4116 -73.203572
-10.3324 -88.1124 9.2259 -73.202802
-10.675 -89.8262 9.467 -73.202033
-11.2148 -91.4903 9.7261 -73.201271
-11.4919 -93.2205 9.9224 -73.200515
-11.8689 -94.9605 9.9938 -73.199763
-12.2215 -96.7085 9.9892 -73.19902
-12.5548 -98.4528 9.9031 -73.198282
-13.101 -100.1246 9.6027 -73.197554
-13.6123 -101.6942 9.0552 -73.196833
-14.5178 -102.8115 8.0351 -73.19612
-14.732 -103.8321 6.6289 -73.195415
-14.736 -104.949 5.3416 -73.19472
-14.7897 -105.5564 3.6632 -73.194035
-14.9175 -106.1934 2.0059 -73.193364
-14.8119 -107.3154 0.66 -73.192714
-14.3904 -108.3157 -0.7477 -73.192076
-14.0768 -109.6227 -1.5126 -73.191459
-14.1581 -111.3783 -1.2027 -73.19086
-14.4574 -112.7137 -0.3129 -73.190277
-14.5581 -113.8268 1.0481 -73.189717
-14.5629 -114.7419 2.5821 -73.189175
-14.3372 -115.8187 3.9677 -73.18866
-14.0073 -116.8255 5.38 -73.188169
-13.5104 -118.0936 6.4955 -73.187705
-13.0668 -119.695 6.5246 -73.187269
-12.4966 -121.0534 5.5568 -73.186864
-12.0851 -122.6625 5.1356 -73.18649
-12.5004 -124.2153 4.474 -73.186149
-12.6759 -125.9354 4.076 -73.185845
-13.0189 -127.5669 3.9008 -73.185577
-13.6129 -129.2115 3.7998 -73.185349
-14.5095 -130.7248 3.617 -73.185163
-15.1909 -132.314 3.2206 -73.18502
-16.0458 -133.6469 2.4524 -73.184923
-17.0046 -135.0632 2.0492 -73.184873
-3.6471 -8.0538 -0.0157 -73.259591
-1.3228 -8.9468 -0.0471 -73.259112
0.9314 -9.9936 -0.0832 -73.258598
2.6625 -11.7633 -0.1495 -73.257961
3.884 -13.4015 -0.8686 -73.25695
4.2751 -14.1359 -3.2157 -73.254713
4.6663 -14.8703 -5.5627 -73.252507
5.0575 -15.6047 -7.9097 -73.250331
5.4487 -16.3392 -10.2567 -73.248187
5.5082 -15.6747 -11.481 -73.246574
5.7528 -14.1284 -10.9972 -73.245571
5.1317 -14.013 -9.0503 -73.244538
5.6382 -14.026 -8.2186 -73.243448
7.6439 -14.2766 -7.8039 -73.242338
9.6042 -14.0356 -7.3728 -73.241246
11.4824 -13.5321 -6.7322 -73.240129
12.4397 -13.1153 -5.3274 -73.238985
13.1732 -12.7275 -3.4442 -73.237804
14.0029 -12.5015 -1.5695 -73.236594
14.9232 -12.6143 0.2611 -73.235361
16.0509 -12.8503 1.9217 -73.234101
17.2291 -12.7352 3.6117 -73.232798
18.6969 -13.072 4.9744 -73.231493
20.4387 -12.843 5.9867 -73.23016
22.2399 -12.9948 6.2182 -73.229192
23.7688 -13.3762 5.9788 -73.228616
25.0057 -12.6222 5.3936 -73.228039
26.3571 -12.2571 4.8087 -73.227462
27.8738 -11.9691 4.5669 -73.226883
29.2461 -11.1445 4.4391 -73.226303
30.8012 -10.7714 4.3716 -73.225726
32.3851 -10.5715 4.2891 -73.225149
33.2233 -10.1298 4.9983 -73.224568
34.0663 -9.8024 5.9221 -73.22399
35.5597 -9.845 6.5062 -73.223416
36.9026 -9.7278 7.2501 -73.222841
38.2463 -9.5474 7.9246 -73.222273
39.7277 -9.1425 8.3952 -73.221709
41.1759 -8.7377 8.951 -73.221149
42.5633 -8.3419 9.5488 -73.220592
43.7337 -8.1277 8.583 -73.220041
45.1311 -8.0308 7.9631 -73.219498
46.5242 -8.3092 7.3517 -73.218965
47.4104 -8.3281 6.0274 -73.218435
48.547 -8.1523 4.9694 -73.217918
50.1277 -8.0481 4.8161 -73.217413
51.0302 -8.412 5.9293 -73.21691
52.4231 -8.5023 6.17 -73.216427
53.895 -8.5955 6.6905 -73.215955
54.9911 -8.7652 7.7616 -73.215499
56.4893 -8.9904 7.679 -73.215061
57.587 -10.1308 7.9043 -73.214642
59.0801 -10.6364 8.1455 -73.214239
60.6014 -11.0022 8.4608 -73.21386
61.9959 -11.5958 8.0265 -73.213502
62.9752 -11.9724 7.058 -73.213163
63.4644 -12.0743 5.5381 -73.21285
64.0395 -11.9612 4.047 -73.21256
64.4337 -11.9546 2.4888 -73.212299
64.823 -11.932 0.9297 -73.21207
65.2041 -11.8836 -0.6309 -73.211875
65.5558 -11.8356 -2.1985 -73.211715
65.8976 -11.7879 -3.7682 -73.211593
66.4194 -11.7876 -5.282 -73.21151
66.4944 -12.5596 -6.6605 -73.211467
21.8035 -12.9643 5.5087 -73.229087
22.2928 -12.8975 4.0421 -73.22832
22.782 -12.8307 2.5755 -73.227578
23.2713 -12.7639 1.1089 -73.226861
23.7606 -12.6971 -0.3578 -73.226169
24.2499 -12.6303 -1.8244 -73.225501
24.7391 -12.5635 -3.291 -73.224859
25.2284 -12.4967 -4.7576 -73.224241
25.7177 -12.4299 -6.2242 -73.223648
26.2069 -12.363 -7.6908 -73.223079
26.8935 -12.3131 -8.9994 -73.222531
27.9931 -12.1349 -10.0456 -73.221991
29.4155 -12.0244 -10.5719 -73.221455
30.9321 -12.139 -10.7879 -73.220926
32.4337 -12.4908 -10.7732 -73.2204
33.7283 -13.0404 -10.3346 -73.219882
34.9591 -13.7394 -9.781 -73.219371
36.3049 -14.3754 -9.3611 -73.218867
37.7863 -14.4064 -8.971 -73.218363
38.9765 -14.4204 -8.3072 -73.217869
39.509 -14.5028 -6.8771 -73.217389
40.803 -14.1184 -7.3333 -73.216925
42.1172 -13.7343 -7.9502 -73.216475
43.481 -14.2451 -8.4653 -73.21604
44.8322 -14.6862 -9.0455 -73.215621
46.2199 -15.1571 -9.5418 -73.215217
47.4998 -15.7968 -10.1041 -73.214834
48.4919 -16.341 -10.9949 -73.214468
49.2648 -16.5571 -12.2212 -73.214123
50.6437 -17.0063 -12.5265 -73.213803
52.1626 -17.2199 -12.7123 -73.213506
53.5098 -17.9199 -12.5815 -73.213236
54.8261 -18.5114 -12.0649 -73.212994
56.0144 -19.3898 -11.6485 -73.212781
57.1511 -20.3793 -11.2981 -73.212599
58.5784 -20.83 -11.009 -73.21245
59.5198 -21.3446 -11.6244 -73.212334
59.9152 -21.5013 -13.1121 -73.212255
60.3293 -21.6363 -14.5919 -73.212214
5.542 -17.4481 -11.9734 -73.246735
5.2752 -19.0549 -12.8511 -73.246072
4.5319 -20.5356 -13.6308 -73.245403
4.2842 -21.2679 -12.1504 -73.24472
4.5234 -21.5541 -11.2061 -73.244043
5.0916 -22.5097 -9.9139 -73.243356
5.6355 -23.6108 -8.5295 -73.242667
6.4022 -24.9693 -7.5369 -73.241973
6.6335 -26.3097 -6.3211 -73.241276
7.1852 -27.3717 -7.4784 -73.24057
7.7638 -28.2275 -9.037 -73.239861
9.1599 -28.8455 -10.0123 -73.239154
10.2945 -29.4271 -11.2255 -73.238442
12.0307 -29.9265 -10.7637 -73.237725
13.7255 -30.5864 -10.4924 -73.237006
15.1918 -31.515 -11.0288 -73.236285
16.7178 -31.6949 -12.0524 -73.235558
18.2188 -31.9125 -13.1144 -73.234829
19.9511 -32.1969 -13.7295 -73.234097
21.5074 -33.0418 -14.1745 -73.233335
22.8543 -34.2615 -14.6414 -73.23257
24.0059 -35.5947 -15.1729 -73.231828
24.5296 -37.1036 -15.7174 -73.231082
24.7232 -37.5624 -17.5262 -73.230326
25.1008 -38.2263 -19.2142 -73.229571
26.3789 -39.4506 -19.5884 -73.228823
28.1291 -39.8596 -20.0602 -73.228074
29.3513 -39.6098 -21.3429 -73.227322
30.6809 -38.9744 -22.3478 -73.22657
31.8544 -39.4408 -23.699 -73.225815
32.7072 -40.1312 -24.5207 -73.225061
34.1875 -40.0661 -24.2388 -73.224307
35.3747 -39.954 -25.6606 -73.223553
36.0556 -40.1808 -27.3735 -73.222791
37.1117 -40.5409 -28.8636 -73.222039
37.9499 -40.8975 -30.5002 -73.221289
38.8019 -40.6861 -32.1277 -73.220541
39.8174 -40.5169 -33.6425 -73.2198
40.8901 -40.7217 -35.068 -73.219066
42.5305 -41.61 -35.2384 -73.218338
44.3755 -41.8861 -35.4176 -73.217617
45.9871 -42.2694 -36.0731 -73.216902
47.4878 -43.2765 -36.1873 -73.216183
49.3319 -43.6209 -36.2065 -73.215459
51.1887 -43.712 -36.2324 -73.214767
53.0372 -43.4731 -36.3042 -73.214088
54.8899 -43.6769 -36.497 -73.213424
56.6959 -43.5991 -36.9065 -73.212773
58.2639 -44.1277 -37.6876 -73.212137
59.5341 -44.5902 -38.7803 -73.211512
60.5988 -45.0677 -39.8571 -73.21091
61.8729 -46.2433 -40.1922 -73.210328
63.3313 -46.5896 -41.0735 -73.209765
64.0217 -46.6763 -42.7931 -73.20922
64.5704 -46.7494 -44.583 -73.2087
64.8703 -46.6711 -46.4334 -73.208188
65.1687 -46.5915 -48.2839 -73.20772
65.5964 -46.5388 -50.1097 -73.20728
65.7108 -46.4215 -51.9702 -73.206842
65.6981 -46.2783 -53.8407 -73.206441
65.6854 -46.1351 -55.7113 -73.206093
65.6727 -45.9919 -57.5819 -73.205797
65.7296 -45.7497 -59.4403 -73.205538
65.8135 -45.4694 -61.2934 -73.205328
66.0243 -45.0935 -63.1166 -73.205169
66.1717 -44.6856 -64.9394 -73.205059
66.3305 -44.1781 -66.4646 -73.205003
5.6517 -16.7814 -12.2027 -73.246351
5.689 -16.9607 -13.7308 -73.244946
5.7263 -17.14 -15.259 -73.243572
5.7636 -17.3194 -16.7872 -73.242226
5.8009 -17.4987 -18.3154 -73.240911
5.8383 -17.678 -19.8436 -73.239625
5.8756 -17.8574 -21.3717 -73.238368
5.9129 -18.0367 -22.8999 -73.237141
5.9502 -18.216 -24.4281 -73.235943
5.9875 -18.3954 -25.9563 -73.234775
6.0248 -18.5747 -27.4845 -73.233636
6.0621 -18.754 -29.0126 -73.232526
6.0994 -18.9334 -30.5408 -73.231445
6.1367 -19.1127 -32.069 -73.230393
6.1741 -19.292 -33.5972 -73.22937
6.2114 -19.4714 -35.1254 -73.228376
6.2487 -19.6507 -36.6536 -73.227412
6.286 -19.83 -38.1817 -73.226476
6.3233 -20.0094 -39.7099 -73.225569
6.3606 -20.1887 -41.2381 -73.224691
6.3979 -20.368 -42.7663 -73.223841
6.4352 -20.5474 -44.2945 -73.223021
6.4725 -20.7267 -45.8226 -73.222229
6.5099 -20.906 -47.3508 -73.221465
6.5472 -21.0854 -48.879 -73.220731
6.5845 -21.2647 -50.4072 -73.220025
6.6218 -21.444 -51.9354 -73.219347
6.6591 -21.6234 -53.4635 -73.218698
6.6964 -21.8027 -54.9917 -73.218078
6.7337 -21.982 -56.5199 -73.217486
6.771 -22.1614 -58.0481 -73.216922
6.8083 -22.3407 -59.5763 -73.216387
6.8457 -22.52 -61.1045 -73.21588
6.883 -22.6994 -62.6326 -73.215401
6.9394 -22.8766 -64.1572 -73.214951
8.1498 -22.8799 -64.1006 -73.214518
8.9886 -23.516 -62.989 -73.214095
9.9314 -24.3205 -62.1091 -73.213687
10.5435 -25.411 -61.3105 -73.213291
11.1641 -26.7642 -60.9602 -73.212912
11.7371 -28.177 -61.0516 -73.212551
12.2468 -29.4991 -61.4619 -73.212207
12.6299 -30.7915 -61.1111 -73.211881
13.0367 -32.212 -60.6823 -73.211577
13.4206 -33.6473 -60.2909 -73.211295
13.672 -35.0666 -59.8345 -73.211037
13.7802 -36.5811 -60.0484 -73.210806
13.7177 -38.0731 -60.4184 -73.210603
13.5658 -39.5761 -60.7091 -73.210429
13.3014 -41.0704 -60.6511 -73.210286
13.3571 -42.0105 -59.4467 -73.210175
13.5377 -43.0476 -58.3404 -73.210099
13.6333 -44.0606 -57.3331 -73.210061
-2.4565 -0.91 0.0523 -73.264199
-2.8293 2.667 0.2464 -73.268553
-3.0866 6.216 0.7208 -73.273013
-2.2413 9.6979 1.5153 -73.277598
-0.7404 12.7593 0.9662 -73.282272
0.227 15.8879 -1.0884 -73.287252
0.5524 20.1154 -1.9386 -73.292557
0.4575 24.418 -2.5408 -73.298019
0.4389 27.3767 -5.5178 -73.303655
-0.013 29.9656 -8.7108 -73.309463
-0.1419 14.3216 0.264 -73.284769
0.8616 14.8245 1.2959 -73.286127
2.5303 15.409 3.4469 -73.288687
5.0961 15.9466 3.8822 -73.29137
7.8356 16.5695 3.9069 -73.294203
10.5566 17.2922 4.0994 -73.297153
13.2701 17.9524 4.5537 -73.300252
15.8121 18.8134 4.7988 -73.3035
17.2134 19.7132 4.344 -73.305816
17.5574 19.3689 4.0634 -73.305642
-0.9274 14.3109 0.2417 -73.284731
-2.5488 14.1754 0.0246 -73.28446
-4.1702 14.04 -0.1925 -73.284221
-5.6969 13.9854 -0.1496 -73.28401
-6.0083 14.0245 0.9686 -73.283822
-4.7591 13.8534 0.1003 -73.283656
-4.5248 13.8442 -1.5168 -73.28348
-4.3735 13.8457 -3.1513 -73.283339
-4.2222 13.8471 -4.7858 -73.283237
-4.0708 13.8486 -6.4202 -73.283175
-3.7648 13.9278 -8.018 -73.283151
-3.1571 14.1597 -9.5252 -73.283168
-2.5409 14.9686 -10.6984 -73.283228
-0.6612 32.5013 -8.9792 -73.313122
-1.3441 34.6869 -8.6538 -73.315879
-2.5162 37.7967 -7.959 -73.320058
-4.0883 40.798 -9.2426 -73.324305
-6.1771 43.4321 -10.5669 -73.328617
-7.4526 45.9637 -12.4793 -73.333001
-8.199 48.9959 -14.3148 -73.337506
-8.488 52.2581 -16.0262 -73.342131
-8.9751 55.6713 -17.3793 -73.346827
-8.9724 59.3456 -17.9864 -73.351592
-8.8355 62.9598 -18.9326 -73.356428
-8.1651 65.7964 -21.101 -73.361338
-8.071 69.4931 -21.2598 -73.366316
-8.0725 72.7987 -19.5494 -73.370985
-8.8931 75.9303 -20.6534 -73.374793
-9.8467 77.8663 -22.8286 -73.378114
-10.916 79.9845 -24.8489 -73.381465
-11.8107 82.572 -26.461 -73.385056
-13.9622 85.1541 -28.0376 -73.388886
-15.428 87.4195 -30.0798 -73.392761
-16.2874 89.1284 -32.8169 -73.396074
-17.1302 91.8068 -33.4334 -73.398807
-16.6579 94.7355 -33.3269 -73.401556
-16.2793 97.4317 -32.2507 -73.404316
-16.0966 100.3779 -31.8618 -73.407089
-15.6048 103.2146 -31.8672 -73.410692
-15.0646 104.6984 -30.0846 -73.415135
-14.4099 106.6313 -31.3901 -73.419578
-13.9013 109.3975 -31.7321 -73.424029
-13.1382 112.1018 -31.8855 -73.428485
-12.0288 114.6912 -32.2205 -73.432951
-9.9615 116.491 -32.7147 -73.43742
-8.3964 118.5551 -33.6954 -73.441893
-7.0441 120.3709 -35.2413 -73.446373
-16.3107 103.1222 -31.2609 -73.410747
-17.0106 105.6108 -30.0258 -73.415212
-17.7104 108.0993 -28.7907 -73.419602
-18.4103 110.5878 -27.5556 -73.423914
-19.1321 113.0846 -26.3544 -73.428149
-20.0839 115.6275 -25.7828 -73.432359
-21.6544 117.8269 -26.4818 -73.436575
-22.4041 120.0541 -28.0006 -73.440803
-23.8204 121.9956 -29.2918 -73.445032
-16.2837 88.4956 -30.6847 -73.397141
-16.9057 88.45 -28.8674 -73.401951
-17.5277 88.4044 -27.0501 -73.406699
-18.1496 88.3588 -25.2328 -73.411383
-18.7716 88.3131 -23.4155 -73.416002
-19.3936 88.2675 -21.5982 -73.420555
-20.0155 88.2219 -19.7808 -73.425042
-20.6375 88.1763 -17.9635 -73.429462
-21.2595 88.1307 -16.1462 -73.433813
-21.8814 88.0851 -14.3289 -73.438095
-22.5034 88.0394 -12.5116 -73.442308
-23.1253 87.9938 -10.6943 -73.44645
-23.7473 87.9482 -8.8769 -73.45052
-24.3693 87.9026 -7.0596 -73.454518
-24.9912 87.857 -5.2423 -73.458443
-25.6132 87.8114 -3.425 -73.462294
-26.2352 87.7657 -1.6077 -73.466069
-26.8571 87.7201 0.2096 -73.46977
-27.4791 87.6745 2.0269 -73.473393
-28.1011 87.6289 3.8443 -73.476939
-28.723 87.5833 5.6616 -73.480406
-10.6474 82.0467 -25.97 -73.384274
-9.8973 83.5702 -26.7997 -73.386492
-8.9166 84.4636 -28.1497 -73.388727
-7.9416 85.635 -29.2349 -73.39098
-6.7633 86.7616 -30.2244 -73.393244
-5.9934 87.8877 -31.5 -73.395524
-4.805 89.0805 -31.9871 -73.397816
-4.0074 90.0975 -33.2964 -73.400136
-3.642 91.5318 -34.1524 -73.402456
-3.5504 92.2381 -35.0395 -73.40479
-2.6112 93.3175 -34.37 -73.40714
-1.4138 94.7914 -34.5426 -73.409487
-0.1697 96.0984 -35.117 -73.411843
0.8889 97.112 -35.3375 -73.414206
1.8787 97.6218 -33.8386 -73.416576
3.297 98.6527 -34.2066 -73.418935
4.478 100.1526 -34.2331 -73.421285
5.7259 101.6013 -34.2783 -73.423634
6.9236 103.076 -34.3329 -73.425969
8.2378 104.4594 -34.2789 -73.428295
9.708 105.6324 -34.1824 -73.430599
11.0242 106.9149 -34.1788 -73.432891
12.03 108.5293 -34.2938 -73.43516
12.8387 110.237 -34.4028 -73.437404
13.6986 111.9172 -34.2947 -73.43962
14.9808 113.3035 -34.0183 -73.4418
16.3534 114.5382 -33.5266 -73.443944
-8.0122 74.6652 -19.0128 -73.374214
-7.3733 74.7434 -17.1393 -73.376313
-6.2129 74.8717 -15.5661 -73.378406
-4.6588 75.1485 -14.4836 -73.380509
-2.9313 75.2005 -13.5318 -73.382628
-1.1908 75.5548 -14.025 -73.384764
0.2492 75.4182 -15.2751 -73.386918
1.6994 75.2949 -16.4498 -73.38908
3.456 75.8724 -16.5978 -73.391258
4.909 77.061 -16.0201 -73.393447
6.3489 78.0205 -15.2054 -73.395644
7.6777 78.1558 -16.557 -73.397864
9.1932 78.8939 -17.1669 -73.400085
10.3243 80.3116 -17.9293 -73.402309
11.8031 81.2429 -18.8099 -73.404535
13.3202 82.0201 -19.7154 -73.406764
14.672 82.8734 -20.8357 -73.408989
15.8195 84.0369 -21.4716 -73.411208
17.3968 85.0052 -21.5241 -73.413422
19.1523 85.9091 -21.6233 -73.415627
20.835 86.8367 -21.5731 -73.41782
22.3782 87.6805 -22.4819 -73.420004
23.6336 88.6822 -23.6145 -73.422167
25.3121 89.236 -24.4178 -73.424309
26.9271 90.1776 -25.069 -73.426471
28.5711 91.1435 -25.6063 -73.428629
30.1849 92.1759 -26.0934 -73.430697
31.906 93.0582 -26.3886 -73.432718
33.349 94.3802 -26.2354 -73.434699
34.682 95.7638 -25.7885 -73.436632
36.0698 96.9946 -25.1164 -73.438517
-9.1332 71.1226 -19.9391 -73.371449
-11.2049 71.3971 -19.3463 -73.37665
-12.2503 72.1505 -17.4371 -73.381958
-13.2771 72.9723 -16.3017 -73.387363
-15.0629 74.4381 -16.0237 -73.392858
-17.1889 75.3374 -15.9102 -73.398466
-18.7708 76.7954 -16.5998 -73.404184
-20.2396 77.7578 -18.0502 -73.410024
-21.4318 79.2493 -19.3169 -73.415967
-22.4493 80.8848 -20.0685 -73.420461
-23.644 82.5321 -19.9209 -73.423428
-25.2693 83.8199 -19.7197 -73.426417
-26.4282 85.5474 -19.5741 -73.429437
-27.4271 87.2915 -19.7394 -73.432489
-28.2555 88.0894 -18.5764 -73.435599
-28.4362 88.7812 -16.6121 -73.438749
-28.7184 89.4709 -14.6555 -73.441896
-28.5952 90.5234 -12.9306 -73.445055
-28.0087 92.2281 -11.8717 -73.448236
-28.1824 93.3344 -10.523 -73.451447
-28.881 94.9101 -9.3484 -73.45468
-29.1637 96.6406 -8.2343 -73.45793
-29.7507 98.589 -7.8416 -73.461198
-31.2546 100.014 -7.7767 -73.464485
-32.9856 101.1833 -7.8435 -73.467779
-34.438 102.6859 -7.93 -73.471095
-35.8645 104.1959 -8.077 -73.474422
-37.7492 105.0636 -8.2888 -73.477754
-39.7252 105.5106 -8.4883 -73.481103
-41.4274 106.5542 -8.4275 -73.484468
-22.5697 79.9845 -21.0657 -73.42069
-23.5049 79.5868 -23.0086 -73.42377
-24.7357 79.2357 -23.1851 -73.426558
-26.0186 79.7983 -22.2548 -73.429363
-27.6912 80.6895 -21.9109 -73.432188
-29.3246 81.7314 -21.4655 -73.435032
-31.1306 82.4861 -21.4143 -73.437894
-32.9071 83.2024 -21.5235 -73.440784
-34.8537 83.2248 -21.3716 -73.443692
-36.6622 83.819 -20.8419 -73.446621
-38.0322 83.5029 -19.5874 -73.449577
-39.4902 83.5562 -18.2934 -73.452546
-40.9141 84.0358 -17.0459 -73.455531
-42.4783 85.0996 -16.5078 -73.458523
-44.0118 86.2891 -16.2793 -73.461529
-45.0805 86.8165 -17.3328 -73.464607
-45.3985 87.0849 -19.2874 -73.467675
-46.0085 87.5938 -21.1008 -73.470758
-46.5256 87.8633 -23.0125 -73.473849
-47.0124 88.1443 -24.9307 -73.476947
-48.0466 88.8001 -25.8124 -73.48001
-49.3531 89.8139 -24.8517 -73.483074
-23.4169 79.5945 -22.041 -73.422376
-7.4755 47.1812 -14.128 -73.335495
-6.6397 46.9581 -15.442 -73.336025
-6.0885 47.0624 -16.854 -73.336536
-5.6785 47.4504 -18.3124 -73.337039
-5.0375 48.1975 -19.4234 -73.337529
-4.9376 48.8586 -20.8471 -73.338007
-4.8994 49.5688 -22.2208 -73.338471
-4.8067 50.8524 -23.1201 -73.338915
-4.348 52.1399 -23.896 -73.339361
-3.8636 53.4258 -24.6617 -73.339769
-3.2759 54.7308 -25.2965 -73.34014
-2.6137 56.0992 -25.6637 -73.34048
-1.9972 57.5231 -25.7699 -73.34079
-0.7472 58.4335 -25.8246 -73.341065
0.1834 59.5702 -25.9895 -73.341304
1.0556 60.8294 -26.3063 -73.341501
1.4265 62.1744 -26.9168 -73.341654
1.2466 63.3678 -27.9187 -73.341759
0.8615 64.5278 -28.8693 -73.341814
-1.2039 34.2315 -8.7378 -73.315923
-2.1645 36.692 -8.3921 -73.320171
-3.11 39.1845 -8.3928 -73.324517
-3.9026 40.3411 -6.7187 -73.328968
-4.4638 40.8393 -4.1593 -73.33354
-5.2514 41.2336 -1.6507 -73.338211
-6.4986 41.3875 0.6577 -73.342976
-6.9016 41.3668 3.1344 -73.34788
-8.3244 41.1475 5.0228 -73.352846
-9.0777 42.2825 6.6587 -73.35736
-10.4818 44.1286 6.7312 -73.361387
-12.0542 45.877 6.472 -73.365487
-13.7926 47.4551 6.7415 -73.369664
-14.3287 48.7274 8.6097 -73.373935
-14.2892 50.0448 10.5825 -73.378273
-14.3831 52.2013 11.5125 -73.382681
-15.4653 54.1641 11.5993 -73.387164
-15.9872 56.1264 10.7348 -73.391732
-15.9935 58.493 10.4465 -73.396375
-16.6674 59.2873 8.5547 -73.40113
-17.4698 59.7595 6.3608 -73.405959
-17.8092 61.9411 6.2291 -73.410851
-19.8136 62.8997 6.5069 -73.415842
-21.3274 63.1601 7.9551 -73.420942
-22.8218 64.0013 9.1439 -73.425265
-24.7396 64.6596 9.7419 -73.428771
-25.9313 65.6939 8.2209 -73.43232
-27.3521 67.091 7.1443 -73.435917
-27.8515 68.7801 5.7356 -73.43956
-28.9706 70.1238 4.2552 -73.443239
-29.8302 71.1977 2.3661 -73.44697
-30.5772 72.9481 2.3143 -73.450746
-31.2511 73.9836 4.3225 -73.454561
-31.8836 74.7971 6.3519 -73.458426
-33.4979 76.3178 6.0157 -73.462311
-35.3494 77.7054 5.6794 -73.466233
-36.2359 77.7987 3.4859 -73.470219
-36.823 78.2142 1.2302 -73.474246
-37.2962 78.8752 -1.0041 -73.478307
-38.0777 79.5243 -3.1351 -73.48238
-38.5828 79.8578 -5.4262 -73.486515
-40.1286 80.7679 -6.86 -73.490651
-41.8887 81.3717 -5.9333 -73.494826
-43.201 81.2826 -4.0378 -73.499047
-44.3102 81.7185 -2.0187 -73.503284
-23.2557 64.0561 8.131 -73.424702
-24.9649 64.9635 8.1844 -73.427077
-26.0616 65.9005 8.9001 -73.429521
-26.305 66.1448 10.8713 -73.432002
-26.4364 66.2766 12.8582 -73.434459
-26.7662 66.3845 14.8041 -73.436927
-28.2543 66.3369 15.7942 -73.439403
-29.7596 66.2207 16.7645 -73.441907
-29.8152 66.2528 18.7633 -73.444426
-30.2709 66.9957 19.6957 -73.446958
-31.7156 67.9135 20.4594 -73.449519
-32.1409 69.5247 21.5115 -73.452089
-33.0427 71.1208 22.2483 -73.454663
-33.7682 72.7602 23.0868 -73.457245
-34.714 74.4169 23.6586 -73.459827
-35.5114 76.0162 24.4887 -73.462414
-35.8784 77.7991 25.2812 -73.465007
-36.6919 79.4931 25.9091 -73.467598
-37.5921 81.2366 26.1638 -73.47018
-37.9648 82.9348 26.6532 -73.472771
-38.1232 84.1537 28.0096 -73.475342
-37.4894 85.6297 29.04 -73.477902
-37.0034 87.4849 29.1485 -73.480444
-36.7841 89.4485 29.2879 -73.483052
-36.3959 91.4052 29.448 -73.48563
-9.6387 41.5186 6.3846 -73.356004
-11.2133 41.8239 6.3128 -73.357266
-12.0979 42.4791 4.8865 -73.358553
-13.2557 43.35 3.9751 -73.359848
-14.2423 43.577 2.4577 -73.361158
-15.3556 43.71 1.0276 -73.362478
-15.9894 44.5732 -0.4476 -73.363811
-16.6871 45.12 -2.0478 -73.365151
-17.7188 45.8368 -3.2857 -73.366506
-18.5783 46.8498 -4.5254 -73.367867
-19.9074 47.2662 -5.6939 -73.369234
-21.5852 47.5437 -6.3542 -73.370603
-22.9761 48.6597 -6.3259 -73.371972
-24.3563 49.8697 -6.2079 -73.373343
-25.8552 50.8966 -6.0169 -73.37471
-27.0962 51.9486 -5.4199 -73.37608
-27.9482 52.3876 -3.9646 -73.377451
-29.654 52.5789 -3.9322 -73.378807
-30.6445 52.9077 -5.3714 -73.380159
-32.0441 53.5066 -6.2656 -73.381497
-33.4656 54.634 -6.5349 -73.38282
-34.9544 55.5474 -7.0531 -73.384122
-36.2819 56.6634 -7.6004 -73.385403
-37.6486 57.8611 -7.7756 -73.386663
-38.5034 59.4777 -7.6459 -73.387895
-39.3718 61.0534 -7.2838 -73.38909
-40.2991 62.551 -6.7638 -73.390249
-41.2384 64.045 -6.261 -73.391369
-41.8614 65.6914 -5.7694 -73.392442
-42.4591 67.2851 -5.1652 -73.393467
-43.3383 68.5969 -4.4191 -73.394436
-44.4522 70.0317 -4.1392 -73.395343
-45.5063 71.5345 -4.0501 -73.396187
-46.5569 73.035 -4.1531 -73.39696
-47.8716 74.2263 -4.5515 -73.397657
-48.8625 75.1738 -5.5759 -73.398271
-49.2408 75.7623 -7.2733 -73.398802
-49.4584 77.0985 -8.4631 -73.399236
-49.9501 78.752 -8.946 -73.399572
-51.026 79.8745 -9.2484 -73.399801
-51.28 79.9424 -10.8927 -73.399922
17.7044 20.951 4.9703 -73.307088
18.2015 22.2043 5.6044 -73.308369
18.6985 23.4577 6.2386 -73.309642
19.0912 25.152 6.8819 -73.311246
19.429 27.2733 6.757 -73.313213
20.0937 28.9393 5.4586 -73.315216
20.5192 30.5261 4.0181 -73.317257
21.7848 31.8769 2.8501 -73.319338
22.0977 33.1829 1.0434 -73.321461
23.2662 34.71 0.0406 -73.323613
23.7528 35.2305 -1.9989 -73.325813
24.4415 36.3316 -0.4475 -73.328055
25.2156 37.3871 1.3732 -73.330332
25.5431 38.1412 3.4507 -73.332651
26.3109 39.4951 5.0553 -73.334997
27.3125 40.7429 3.9319 -73.337382
27.6125 41.5008 5.9749 -73.33982
27.8649 42.4672 7.8245 -73.342288
28.5761 44.0126 9.106 -73.344785
29.3017 45.8785 9.8466 -73.347314
29.8444 47.4239 10.9837 -73.349894
29.8427 48.4745 12.9418 -73.352501
30.4043 50.5089 13.6559 -73.355136
32.2661 51.6774 14.0416 -73.357809
33.7432 53.3643 13.9508 -73.360511
35.3704 54.8773 13.6311 -73.36325
36.404 56.7929 13.1328 -73.366022
37.9566 57.9008 12.228 -73.368819
39.1636 59.6692 11.6914 -73.37165
40.7811 61.2139 11.412 -73.374513
42.5407 62.5144 11.7504 -73.377398
43.9242 63.8221 12.81 -73.380317
45.3908 65.165 13.6376 -73.38326
45.9271 67.2097 14.1714 -73.386218
46.6355 69.1359 14.3788 -73.389198
48.3635 70.1089 14.8857 -73.392203
49.6569 71.9103 15.1633 -73.395284
50.9513 73.7475 15.4455 -73.398383
52.8054 74.9337 15.6383 -73.401437
54.7263 75.5702 15.6827 -73.404502
56.0864 76.9982 15.657 -73.407579
57.1449 78.0802 14.4904 -73.410677
58.894 79.349 14.0314 -73.413772
60.9129 80.2627 14.3307 -73.416869
62.6887 81.5896 14.007 -73.419971
64.1912 82.1373 14.8133 -73.423089
65.3934 82.3955 16.5144 -73.426197
66.9021 83.2776 17.6975 -73.429287
67.4164 84.9808 18.6495 -73.432363
68.0681 86.9646 19.2519 -73.43541
18.9087 24.0362 7.1126 -73.310282
19.1476 18.9083 3.9431 -73.306702
20.9905 18.3979 3.8423 -73.307927
22.9152 18.2333 3.6481 -73.309176
24.7758 17.8958 3.3306 -73.310446
26.5871 18.0132 3.1308 -73.311741
28.3023 18.6484 3.6845 -73.31306
29.9424 18.8206 4.6508 -73.314401
31.2866 18.6601 5.9911 -73.31577
32.7096 18.1098 7.1234 -73.317161
34.1103 16.8391 7.543 -73.318572
35.4164 15.4177 7.7072 -73.320008
36.5618 14.0174 7.4707 -73.321466
38.0589 13.6462 6.35 -73.322944
39.8047 13.3092 5.8907 -73.324443
41.5119 12.7068 5.2455 -73.325963
42.8693 12.0614 4.0202 -73.327507
44.4573 11.3345 3.2295 -73.329069
45.9294 10.8303 2.4767 -73.330653
47.1014 10.1377 3.6205 -73.332253
48.3849 9.3089 4.6779 -73.333867
49.394 9.6773 6.2389 -73.335507
50.6478 10.0528 7.6185 -73.33716
51.9327 9.8336 9.0023 -73.338823
53.4883 10.1208 10.104 -73.340498
55.2334 9.8227 9.9071 -73.342181
57.0597 9.924 9.3135 -73.343974
58.8743 9.6526 8.6558 -73.345818
60.689 9.3812 7.9981 -73.347607
62.4959 9.1815 7.3186 -73.349344
64.0964 9.6659 6.3822 -73.351065
65.6128 10.0298 5.5676 -73.352788
66.3879 8.7348 6.61 -73.354516
67.0408 7.9267 8.2378 -73.356236
67.6184 7.3624 10.0083 -73.357959
68.2214 6.7991 11.7671 -73.359676
68.8557 6.3245 13.5452 -73.361374
69.5936 6.0215 15.3177 -73.363067
70.6128 5.6939 16.9232 -73.364733
71.846 5.1297 18.3139 -73.366366
73.446 5.6128 19.1551 -73.367981
75.1394 5.1362 19.9892 -73.369591
76.7792 5.1163 20.887 -73.371141
78.3203 5.541 21.9782 -73.372656
79.5543 6.0354 23.1887 -73.374127
80.477 6.477 24.7608 -73.375545
82.1371 6.4027 25.3832 -73.376912
83.992 6.8997 25.7174 -73.378221
85.8702 6.8251 26.0726 -73.379468
87.7509 6.7088 26.4848 -73.380644
89.6348 6.7028 26.6547 -73.381745
91.0074 6.4378 25.4152 -73.382761
92.1971 6.0461 24.0228 -73.383692
93.1627 5.5053 22.7795 -73.38455
93.4181 5.3578 20.8527 -73.385302
93.6827 5.205 18.9277 -73.385941
93.9559 5.0473 17.0042 -73.386461
94.7999 4.5071 17.8661 -73.38685
-1.9865 16.2264 -10.9822 -73.283319
-1.6114 17.3396 -11.0385 -73.283382
-1.1973 18.2526 -10.4886 -73.283432
-0.4899 18.8695 -10.968 -73.283466
0.4947 18.656 -11.4238 -73.283484
-5.9486 122.6202 -36.4545 -73.450859
-4.8563 124.4889 -38.1946 -73.455348
-3.4433 126.1431 -39.8024 -73.459832
-2.2407 128.597 -40.3971 -73.464309
-1.5188 131.295 -40.1613 -73.468783
-1.6696 134.0734 -40.2753 -73.473249
-2.517 136.7345 -40.7076 -73.477707
-3.2762 139.4376 -41.1589 -73.482156
-4.1563 142.1305 -41.3938 -73.486591
-4.9956 144.8475 -41.5126 -73.491012
-4.2109 147.46 -41.641 -73.495411
-3.9407 150.1251 -41.6099 -73.499795
-3.8535 152.9656 -41.6389 -73.504152
-3.8797 155.8081 -41.7765 -73.508491
-3.362 158.4701 -41.8809 -73.512804
-3.9026 161.1882 -41.8597 -73.517089
-4.6546 163.8938 -41.7416 -73.521343
-4.458 166.7321 -41.7051 -73.525562
-4.7248 169.4267 -41.9823 -73.529745
-5.9516 171.9513 -42.4086 -73.533891
-6.8697 174.6164 -42.5236 -73.537993
-7.1469 177.3942 -42.5991 -73.542052
-8.5483 179.5426 -43.6297 -73.546065
-9.0965 181.9163 -44.9846 -73.550035
-9.3572 184.5276 -45.8738 -73.553944
-10.3037 185.8819 -45.5629 -73.556769
-12.6165 185.7411 -44.527 -73.558478
-14.6492 185.7303 -43.1953 -73.560085
-16.2496 187.2653 -42.1906 -73.561606
-17.9145 189.1431 -41.8854 -73.563043
-19.4479 191.0685 -41.5909 -73.564392
-21.0169 192.9475 -41.0017 -73.565653
-22.4125 194.4386 -40.3024 -73.56682
-23.7068 195.9472 -39.0039 -73.567891
-25.0392 197.7028 -39.8911 -73.56886
-25.8175 200.0563 -40.2799 -73.569725
-26.6369 201.4551 -41.5533 -73.570482
-27.5289 202.2594 -40.2727 -73.571126
-29.472 203.3638 -40.3713 -73.571651
-31.4096 204.4733 -39.3932 -73.572054
-31.9894 205.4816 -37.1556 -73.572333
-32.896 206.6385 -35.2063 -73.57248
-33.7738 206.9925 -32.8727 -73.572491
-35.326 208.2821 -31.3862 -73.572361
-36.5537 210.18 -30.3332 -73.572086
-37.6503 212.1937 -29.5135 -73.57166
-38.7499 214.0475 -28.2022 -73.571077
-38.8366 216.2339 -27.1303 -73.570333
-39.8429 217.9451 -25.6872 -73.569421
-40.3547 220.3663 -25.6679 -73.568335
-9.0607 186.6005 -47.0068 -73.556949
-8.6412 188.5188 -48.1723 -73.559044
-7.9227 189.8909 -49.7878 -73.561075
-7.3389 191.2666 -51.5099 -73.563036
-6.8689 192.8579 -53.067 -73.564923
-6.5717 194.5306 -54.6272 -73.566735
-6.699 195.7688 -56.5782 -73.568471
-6.6007 197.3796 -57.9455 -73.570122
-5.361 198.4457 -59.4593 -73.571689
-4.0706 199.0919 -61.2062 -73.573168
-2.56 200.3359 -61.9713 -73.574549
-1.1767 202.1203 -62.473 -73.575835
0.1257 203.765 -63.1817 -73.577018
0.5779 205.9809 -62.9411 -73.578098
1.7705 207.8999 -62.7909 -73.57907
1.7806 210.0234 -63.3852 -73.579929
1.251 212.0868 -62.5412 -73.580671
0.3882 214.2228 -62.3899 -73.58129
-0.4598 216.2968 -62.9067 -73.581782
-1.2479 218.4121 -63.4146 -73.582143
-2.0973 220.5416 -63.7457 -73.582367
-3.4118 222.4275 -63.923 -73.582449
-5.2388 223.8332 -64.0726 -73.582385
-7.0057 225.2983 -64.337 -73.582168
-8.1122 227.0393 -64.9339 -73.581793
-8.3675 229.0243 -65.402 -73.581339
-8.7031 230.7886 -65.6689 -73.580867
-9.2813 232.5101 -65.8231 -73.580287
-9.2237 228.2929 -64.8468 -73.581474
-10.9382 228.5001 -64.259 -73.581242
-12.6565 228.7042 -63.682 -73.58088
-25.5183 124.0162 -29.3962 -73.448952
-26.4756 125.8583 -28.1987 -73.452568
-27.6755 127.8327 -27.6028 -73.45618
-27.9279 128.8492 -29.077 -73.459797
-28.5728 129.8586 -27.39 -73.463425
-29.4951 131.5172 -26.0388 -73.467026
-30.3172 133.5583 -25.0126 -73.47062
-30.9903 134.755 -23.0132 -73.474205
-31.8576 136.0757 -21.167 -73.477776
-32.9249 137.8539 -19.8699 -73.481332
-34.7749 138.8966 -19.3111 -73.484874
-36.3176 139.9122 -18.0849 -73.488394
-37.4604 141.3871 -16.8864 -73.491893
-38.6623 143.1941 -16.0632 -73.495374
-40.1691 144.5551 -14.9429 -73.498836
-41.2877 146.3296 -14.9203 -73.502275
-42.5778 148.1549 -14.027 -73.505682
-43.9866 149.9737 -13.1872 -73.509053
-45.0144 151.7833 -12.0503 -73.512393
-45.5532 153.8159 -10.8393 -73.515699
-46.3861 156.0367 -10.2537 -73.518966
-46.9837 158.3901 -9.9517 -73.522187
-47.8117 160.6751 -9.7756 -73.525367
-49.0447 162.6915 -9.706 -73.528498
-50.015 164.9082 -9.8518 -73.531578
-51.5234 166.8379 -9.9384 -73.534605
-52.9161 168.8061 -9.9279 -73.537575
-54.0733 170.9215 -9.7859 -73.540487
-55.7453 172.652 -9.5467 -73.543334
-57.6094 174.1497 -9.6472 -73.546116
-59.246 175.273 -8.9172 -73.548829
-60.6519 176.3429 -7.7572 -73.551467
-61.8971 178.3631 -7.4187 -73.554028
-62.7492 180.6081 -7.5045 -73.556509
-63.9736 182.7158 -7.7021 -73.558902
-65.2308 184.8141 -7.6187 -73.561202
-66.7492 186.7003 -7.6491 -73.563407
-68.417 188.4651 -7.7574 -73.565513
-69.4591 190.6092 -7.7695 -73.567512
-69.6776 192.1396 -9.5531 -73.569408
-70.6232 193.0213 -8.854 -73.57121
-70.9662 193.1386 -6.4297 -73.57289
-71.4596 193.5338 -4.0639 -73.57444
-72.1758 195.2071 -3.9513 -73.575844
-73.6159 196.7389 -5.1111 -73.577109
-74.8609 198.522 -6.148 -73.57823
-75.7426 199.5734 -7.6936 -73.579202
-75.3694 199.5725 -10.1146 -73.58003
-74.4019 199.6256 -11.6143 -73.580682
-73.8016 200.0979 -9.3728 -73.581164
-74.5843 201.3776 -7.8285 -73.581466
-75.66 202.8847 -6.3385 -73.58158
-76.7569 204.7933 -5.2692 -73.581499
-77.7876 206.5222 -4.0466 -73.581215
-78.7815 208.5213 -3.0989 -73.58072
-29.3228 87.5393 7.4141 -73.483673
-29.9005 87.4969 9.1019 -73.486751
-30.4781 87.4545 10.7898 -73.489758
-31.0558 87.4122 12.4776 -73.492695
-32.2782 87.1841 13.3671 -73.495578
-33.8866 86.6278 13.8875 -73.498463
-35.2533 87.1539 14.4242 -73.501346
-35.8481 87.8038 15.3321 -73.504222
-36.8463 86.9864 16.4788 -73.507095
-38.3951 86.3544 16.7879 -73.509956
-40.0436 86.842 16.4412 -73.512804
-41.676 86.6973 15.7688 -73.515642
-43.0795 86.67 14.6822 -73.518464
-44.7397 86.6061 14.8133 -73.521266
-46.2784 86.3685 14.6265 -73.52405
-47.931 85.969 14.7511 -73.526808
-49.3382 85.0184 15.2541 -73.529544
-51.0157 84.5548 15.4912 -73.532253
-52.76 84.3802 15.7377 -73.534926
-54.4766 84.1118 16.1326 -73.537563
-56.1575 83.722 16.5614 -73.540167
-57.6854 83.1665 17.2616 -73.542734
-59.449 83.0129 17.2864 -73.545253
-61.2047 83.1213 17.0316 -73.547721
-62.4985 83.4162 16.057 -73.550143
-64.2493 83.561 15.9695 -73.552511
-65.9938 83.4285 15.6473 -73.554823
-67.7202 83.5173 15.2308 -73.557073
-69.055 83.036 14.2322 -73.559259
-69.8653 82.2066 12.9383 -73.561376
-71.0115 81.258 11.9738 -73.563417
-72.4278 80.4398 11.5445 -73.565383
-73.698 79.222 11.6667 -73.567262
-74.8344 77.8746 11.8888 -73.569047
-76.1909 76.8138 12.1994 -73.570749
-77.7152 76.0674 12.6693 -73.572353
-79.2241 75.3783 13.2714 -73.573853
-80.5771 74.3384 13.7242 -73.575245
-81.948 73.2954 14.1285 -73.576525
-83.3128 72.1963 14.4348 -73.577684
-84.2563 70.7511 14.49 -73.578721
-85.9688 70.3467 14.3507 -73.579629
-87.6869 70.083 14.43 -73.5804
-89.1236 69.3762 14.9056 -73.58103
-90.0942 69.1674 16.3612 -73.581513
-91.4773 68.4273 17.0893 -73.581841
-93.1744 68.4543 17.5737 -73.582008
17.4714 115.5383 -32.7054 -73.445868
18.7181 116.515 -32.6736 -73.447589
19.4474 117.9165 -32.6863 -73.44927
20.2746 119.2604 -32.6312 -73.450919
21.0837 120.5882 -32.4636 -73.452528
21.7758 121.9988 -32.2416 -73.454095
22.3094 123.4582 -32.1155 -73.455619
23.1409 124.8071 -32.0128 -73.457093
23.9385 126.1782 -31.9172 -73.458521
25.0849 127.2066 -31.902 -73.459891
25.7601 127.3047 -33.2559 -73.461218
26.628 127.211 -34.5602 -73.462487
27.4583 127.1967 -35.7592 -73.463685
28.395 127.5305 -34.6253 -73.464815
29.5644 128.205 -33.8463 -73.46587
30.5696 128.6374 -32.8152 -73.466855
32.0051 129.043 -32.2921 -73.467758
33.4128 129.4399 -31.6761 -73.468577
34.7649 130.0848 -31.1622 -73.469307
36.07 130.7044 -30.5266 -73.469945
37.2954 130.2845 -29.7509 -73.470488
38.6668 129.8544 -29.4393 -73.470931
40.0959 129.824 -28.9371 -73.47127
41.6596 129.7812 -29.1527 -73.471501
43.163 129.7557 -29.5887 -73.471619
37.3605 97.6671 -24.1386 -73.440168
38.5247 98.3419 -23.3011 -73.441601
39.4075 98.7958 -22.0704 -73.442996
39.7833 99.3954 -20.6642 -73.444349
39.86 99.407 -19.0804 -73.445672
40.1939 99.8932 -18.7303 -73.446929
40.4963 100.318 -20.2174 -73.448143
41.4643 101.4944 -20.1061 -73.449292
42.3976 102.7119 -19.7798 -73.45038
43.1049 104.0833 -19.5568 -73.451407
44.0865 105.3182 -19.6544 -73.452366
44.7899 106.7249 -19.7113 -73.453256
45.9094 107.8469 -19.694 -73.454072
47.0015 108.9935 -19.6267 -73.454811
47.4874 110.1272 -19.5101 -73.455489
47.4694 110.2183 -21.0953 -73.456144
47.4514 110.3094 -22.6805 -73.456693
47.4334 110.4005 -24.2657 -73.457134
47.4153 110.4915 -25.8509 -73.457466
47.3973 110.5826 -27.4361 -73.457688
47.3793 110.6737 -29.0213 -73.4578
-43.1464 107.2097 -8.6051 -73.48758
-44.2349 108.3552 -9.2701 -73.490443
-45.5183 109.1815 -10.1573 -73.493309
-46.5455 110.332 -10.9218 -73.496176
-47.6198 111.4497 -11.7523 -73.499043
-48.7733 112.6103 -11.9929 -73.50191
-49.0763 114.3515 -11.8794 -73.504778
-49.3422 116.0762 -11.586 -73.507635
-49.7822 117.0822 -10.2937 -73.510495
-50.4256 118.2912 -9.1739 -73.513347
-50.9978 119.2379 -7.7863 -73.516191
-51.2625 120.0244 -6.2601 -73.519033
-51.6654 121.1492 -4.9912 -73.521852
-51.9476 122.7357 -4.2703 -73.524655
-52.5998 124.2212 -3.6393 -73.52744
-53.274 125.7541 -3.0637 -73.530198
-53.9887 127.1954 -2.3704 -73.532933
-53.963 128.1021 -0.9245 -73.53567
-54.6255 128.6873 -0.6995 -73.538388
-55.0557 128.8462 -2.4173 -73.541084
-55.7093 129.6088 -3.8029 -73.54372
-56.3904 130.5701 -3.4395 -73.546322
-57.2397 131.7558 -2.5815 -73.548888
-57.7383 132.4193 -1.0375 -73.551438
-58.1997 132.8604 0.5026 -73.553935
-59.135 134.2149 0.2827 -73.556375
-59.5411 135.9385 0.3726 -73.55876
-60.3211 137.5272 0.4547 -73.56109
-61.5615 138.7924 0.4272 -73.56336
-62.8427 140.0202 0.4049 -73.565572
-63.9756 141.337 0.4784 -73.567718
-65.5415 142.0698 0.6041 -73.569795
-66.8201 143.3029 0.6105 -73.571799
-67.9523 144.6731 0.6097 -73.573778
-69.0106 146.0943 0.6091 -73.575634
-69.7753 147.6531 0.6561 -73.577391
-69.9859 148.4831 2.1055 -73.57907
-70.4429 149.3779 3.3991 -73.580646
-71.6135 150.4383 2.691 -73.582118
-72.4835 151.5429 1.7355 -73.583482
-72.9227 152.8592 2.7049 -73.584738
-72.5877 154.4469 3.3601 -73.585876
-73.0119 156.1489 3.5593 -73.586893
-73.1545 157.8864 3.5882 -73.58778
-74.1953 159.319 3.6169 -73.588533
-74.932 160.9303 3.7174 -73.589148
-75.2192 162.6661 3.8423 -73.589617
-75.4158 163.3004 5.1393 -73.589941
-75.4017 163.5667 6.8972 -73.590107
-50.1374 90.531 -23.3634 -73.485963
-51.2673 90.8857 -22.5511 -73.48865
-52.7159 91.6607 -23.1098 -73.491328
-54.0702 92.6015 -23.357 -73.494003
-55.4386 93.0469 -22.4458 -73.496671
-56.998 93.6059 -21.9041 -73.499333
-58.5673 94.2413 -21.5078 -73.501983
-59.4515 94.8578 -20.2839 -73.504641
-60.3751 95.9904 -19.3491 -73.507264
-61.639 96.317 -18.2753 -73.509875
-62.5765 96.8459 -17.7339 -73.512468
-63.9654 97.6322 -17.7098 -73.515047
-65.6166 98.1559 -17.9424 -73.517601
-67.3141 98.5251 -18.0363 -73.520133
-68.9906 98.999 -17.9141 -73.522631
-70.4527 99.8368 -17.5623 -73.525102
-71.8636 100.5751 -16.8437 -73.527538
-73.2945 101.1084 -16.0241 -73.529937
-74.8032 101.5319 -15.3155 -73.532297
-76.2937 102.0431 -14.7677 -73.534614
-76.9439 103.3194 -13.9021 -73.536889
-77.7853 104.5384 -13.0235 -73.539113
-79.1174 105.4827 -13.5256 -73.54128
-80.5678 106.3785 -13.889 -73.543391
-81.9123 107.4474 -14.0602 -73.545434
-82.892 108.884 -14.1362 -73.547415
-83.7902 110.3676 -14.0768 -73.549331
-84.9748 111.6284 -13.8567 -73.551168
-86.2002 112.6963 -13.3076 -73.552935
-87.0479 113.9279 -12.479 -73.55462
-87.7411 115.4304 -11.9657 -73.556215
-88.823 116.6812 -11.5653 -73.557718
-89.4834 118.0465 -10.8065 -73.559128
-90.0558 119.4566 -9.9504 -73.560437
-90.8226 120.9302 -9.4429 -73.561638
-91.9586 122.2396 -9.3374 -73.562726
-92.8888 123.6775 -9.6286 -73.563698
-93.6083 125.2344 -9.9613 -73.564548
-94.4583 126.6908 -10.3334 -73.565271
-95.6371 127.179 -11.2403 -73.565863
-96.5223 128.3643 -11.7434 -73.566315
-97.3565 129.8343 -11.9607 -73.566622
-98.0187 131.4271 -12.0082 -73.566779
-44.8397 82.3848 -0.1022 -73.507054
-45.6858 82.6745 1.4762 -73.51036
-47.0854 83.466 2.0376 -73.513664
-47.9154 84.1261 0.6038 -73.516993
-48.4536 84.4912 -1.1078 -73.520324
-49.4629 84.7481 -2.3216 -73.52366
-50.8487 85.4683 -2.9272 -73.527011
-51.3634 86.2483 -4.138 -73.530398
-51.1604 85.8865 -5.9031 -73.533788
-51.4147 86.3329 -4.63 -73.537194
-51.3753 86.9211 -3.2026 -73.540581
-51.6511 88.546 -2.6095 -73.543966
-52.0008 89.4665 -3.9264 -73.547382
-52.6137 90.8015 -4.1725 -73.550785
-53.4473 92.4123 -3.9386 -73.554194
-53.8653 94.1635 -3.6555 -73.557603
-53.9519 95.9277 -3.215 -73.561016
-54.3051 97.4953 -2.5507 -73.564429
-54.5625 98.6898 -1.1952 -73.567831
-54.547 99.8234 0.1762 -73.571235
-54.2907 100.3598 1.9096 -73.574642
-54.7709 101.2087 3.4194 -73.578015
-54.4328 101.9413 3.8933 -73.581364
-53.0212 101.1678 3.092 -73.584698
-52.5222 101.109 4.5528 -73.588036
-54.1846 101.7537 4.4499 -73.591335
-55.6576 102.8136 4.5394 -73.59461
-56.499 104.3974 4.7059 -73.597861
-56.8786 106.1716 4.8788 -73.601086
-56.4546 107.8733 4.5587 -73.604278
-55.6814 109.1098 4.4339 -73.607465
-55.7928 109.3656 6.2457 -73.61067
-56.2213 109.7146 7.7986 -73.613764
-55.5336 111.171 7.9788 -73.616814
-57.2605 111.7016 8.1166 -73.619811
-58.1121 113.2561 8.4551 -73.622763
-58.5985 114.919 9.0311 -73.625665
-59.6859 116.036 9.8099 -73.628499
-59.434 116.5435 10.5662 -73.631281
-59.3051 118.1105 11.4366 -73.633995
-59.9415 119.6907 12.0733 -73.636646
-60.8614 121.156 12.3489 -73.639217
-61.607 122.4945 11.39 -73.641718
-62.1797 124.0961 10.8491 -73.644132
-62.6253 125.8486 10.8404 -73.646456
-62.2188 127.4063 11.6395 -73.648687
-61.8461 129.0333 12.3882 -73.650819
-62.5327 130.6886 12.3999 -73.652848
-62.936 132.4579 12.2088 -73.654773
-63.3234 134.2117 11.8803 -73.656589
-63.6303 135.945 11.5157 -73.658284
-63.951 136.5199 9.8435 -73.659868
-64.1784 137.2406 8.1925 -73.661317
-64.0694 138.3872 6.7995 -73.662624
-64.3697 140.0086 6.0583 -73.663793
-64.8732 141.6033 5.322 -73.664812
-65.5178 142.5596 4.0703 -73.665681
-65.7682 143.1976 5.3492 -73.66639
-66.7186 144.3442 5.8832 -73.666931
-67.5125 145.9488 6.0337 -73.667299
-68.2142 147.6123 6.0332 -73.667486
-36.2134 93.2108 29.5751 -73.48791
-36.6635 94.7733 29.8902 -73.489952
-36.9263 96.2364 30.4302 -73.491971
-37.1622 97.773 30.8495 -73.493969
-37.5529 99.3568 31.1525 -73.495944
-37.9173 100.9487 31.3678 -73.497885
-38.3971 102.525 31.406 -73.499798
-38.3118 104.182 31.3802 -73.501675
-38.3833 105.841 31.3619 -73.503513
-38.5184 107.493 31.3513 -73.505313
-38.1793 109.1047 31.3065 -73.507072
-37.694 110.6348 31.1726 -73.508781
-37.4366 112.1749 31.1742 -73.510444
-36.4341 113.3684 31.2349 -73.51206
-35.2673 114.4885 31.1966 -73.513618
-35.1913 116.0244 31.322 -73.515118
-36.1323 117.264 31.8032 -73.516557
-36.1013 118.8174 31.8898 -73.517933
-35.2737 120.1279 31.585 -73.519237
-34.1912 121.3196 31.36 -73.520469
-33.7141 122.9011 31.2289 -73.521621
-33.0667 124.4147 31.1658 -73.522692
-32.8786 126.0601 31.1275 -73.523675
-32.0835 127.4884 31.1247 -73.524567
-31.8296 129.12 31.1246 -73.525364
-31.1422 130.5851 30.9859 -73.526061
-30.3228 131.8477 30.3079 -73.526655
-29.6856 132.4849 28.9766 -73.527142
-29.0719 133.0333 27.5676 -73.527515
-28.0844 133.7856 27.8775 -73.527769
-27.152 134.469 28.6173 -73.527898
68.8569 88.73 19.5506 -73.438054
69.4626 89.4871 18.5505 -73.440336
69.8694 90.2922 17.5312 -73.442593
70.1133 90.9732 19.0619 -73.444835
70.2522 92.4115 19.6157 -73.447044
70.8156 93.9888 19.8859 -73.449224
70.9233 95.5529 19.5992 -73.45138
71.3862 97.0655 19.4044 -73.453502
72.5006 98.2929 19.6588 -73.455586
72.7344 99.9408 19.94 -73.457636
72.932 101.5833 19.995 -73.45965
72.4313 103.198 19.9089 -73.461621
71.8799 104.7873 20.0008 -73.463543
71.5282 106.416 19.8144 -73.465419
71.2624 108.037 19.4849 -73.467243
70.3107 109.3594 19.2993 -73.469005
69.2896 110.7156 19.219 -73.470707
68.8552 112.3448 19.1576 -73.472343
68.8224 113.8606 18.9579 -73.473911
69.0085 114.8834 18.0264 -73.475413
68.8524 116.0924 16.8932 -73.476838
69.7271 117.2159 15.9694 -73.478184
70.0973 118.581 15.0882 -73.479442
70.8674 119.2691 13.939 -73.480618
70.3855 118.9765 13.515 -73.481695
69.9666 118.6726 13.3866 -73.482683
70.2125 118.847 11.7059 -73.483579
70.4357 118.9096 10.8982 -73.484351
70.1867 118.7318 12.5649 -73.485017
69.521 118.6003 13.8778 -73.485554
69.0153 119.2849 13.1332 -73.485963
69.8993 119.8704 11.9133 -73.486242
70.2963 119.9515 10.2866 -73.486385
95.5228 3.6634 18.9207 -73.387055
95.9521 3.5018 19.9853 -73.387158
96.3294 3.3373 21.069 -73.387211
-41.3421 222.5153 -25.6062 -73.567155
-42.702 224.1478 -25.2091 -73.566051
-44.2458 225.1088 -24.0553 -73.564941
-45.8189 226.0665 -23.0056 -73.563826
-47.3319 227.1224 -21.9872 -73.562705
-48.8138 228.7344 -21.8003 -73.56158
-50.1281 230.4969 -21.9165 -73.560449
-51.8278 231.7383 -22.0527 -73.559313
-52.8158 233.6774 -22.1145 -73.55817
-53.0724 235.6787 -22.1684 -73.557269
-53.6815 237.6012 -22.215 -73.556613
-54.8336 239.2327 -22.1693 -73.555958
-55.9455 240.9107 -22.1307 -73.555304
-56.8959 242.6769 -22.2538 -73.55465
-57.6448 244.0732 -23.1351 -73.553995
-57.9004 245.3567 -24.6431 -73.553341
-58.5973 247.0318 -25.4177 -73.552689
-59.3933 248.8468 -25.6686 -73.552038
-60.5485 250.492 -25.7129 -73.551388
-62.0102 251.8694 -25.795 -73.550738
-63.5819 251.7041 -25.7766 -73.550088
-65.1861 252.5294 -25.4878 -73.549439
-66.5361 253.7075 -24.6451 -73.548791
-67.4482 255.4346 -24.2826 -73.548143
-68.0616 257.3349 -24.0645 -73.547496
-69.279 258.781 -24.0213 -73.54685
-70.6709 260.1778 -24.061 -73.546205
-71.4436 262.0159 -24.0595 -73.545561
-72.8554 263.4363 -23.888 -73.544919
-74.3055 264.6952 -23.3614 -73.544278
-75.6104 266.0079 -22.6232 -73.543638
-76.4194 267.7709 -22.2236 -73.542998
-77.0046 269.6763 -21.989 -73.54236
-77.6943 271.5617 -21.8675 -73.541723
-78.0414 273.5421 -21.7862 -73.541088
-78.9873 275.301 -21.7403 -73.540454
-80.3424 276.7952 -21.6879 -73.539822
-81.6546 278.3163 -21.6068 -73.539192
-83.1583 279.5974 -21.7854 -73.538564
-84.8953 280.6045 -21.8472 -73.537938
-86.7025 281.4584 -21.6828 -73.537313
-87.8751 282.8646 -21.0904 -73.536689
-89.4892 283.7967 -20.5891 -73.536068
-91.1007 284.9601 -20.5677 -73.535449
-92.4107 286.2858 -21.1453 -73.534831
-94.0557 286.9976 -21.9919 -73.534216
-95.7101 288.0996 -22.2545 -73.533603
-97.3406 289.2852 -22.2657 -73.532992
-98.976 289.9877 -22.9029 -73.532384
-100.2796 290.7986 -23.6291 -73.531777
-101.4799 291.8038 -22.4899 -73.531173
-103.036 292.9887 -22.0284 -73.530572
-104.6892 294.1312 -21.8834 -73.529973
-106.3559 295.2232 -22.151 -73.529378
-107.8941 296.3493 -22.6692 -73.528785
-109.1385 297.4951 -23.597 -73.528195
-110.8652 298.494 -23.4597 -73.527609
-112.4721 299.5248 -23.016 -73.527025
-113.8772 300.6139 -22.2042 -73.526445
-115.339 301.8994 -21.8314 -73.525868
-116.6463 303.427 -21.784 -73.525295
-117.9037 305.0024 -21.8441 -73.524725
-119.0254 306.6607 -22.003 -73.524159
-119.7365 308.5266 -22.2827 -73.523596
-120.0458 309.7921 -21.1758 -73.523034
-120.3335 310.3959 -19.2752 -73.522478
-120.8092 311.2425 -17.5331 -73.521927
-121.3861 312.9361 -16.6595 -73.521381
-122.3666 314.5966 -16.303 -73.520841
-123.445 316.2788 -16.4754 -73.520304
-124.5125 317.8962 -16.7048 -73.519772
-124.8879 318.6378 -14.9021 -73.519242
-124.9811 319.1413 -12.9496 -73.518716
-125.2786 319.7061 -11.0358 -73.518196
-125.7833 320.5605 -9.2875 -73.517684
-126.7853 321.2272 -7.7186 -73.517178
-128.1198 321.7372 -6.5853 -73.516676
-129.5338 322.6762 -5.6435 -73.516182
-130.8033 322.8583 -4.1103 -73.515691
-132.3486 322.5617 -2.9424 -73.515208
-133.5223 321.7567 -2.2514 -73.514731
-134.4075 321.0203 -3.7194 -73.51426
-136.141 320.0633 -3.704 -73.513797
-137.9234 319.2453 -3.5128 -73.51334
-139.8153 319.4438 -3.03 -73.512885
-141.7336 319.7231 -2.5415 -73.512441
-143.2992 318.8382 -1.8198 -73.512006
-143.6324 318.198 -3.1912 -73.511577
-144.6494 318.183 -2.5451 -73.511154
-145.6029 318.7473 -1.0864 -73.510741
-147.1116 319.1677 -0.0827 -73.510336
-149.0143 318.6505 0.3041 -73.50994
-150.835 317.9416 0.6531 -73.509553
-152.6003 318.3043 1.3039 -73.509174
-154.255 319.2248 1.8195 -73.508805
-156.1347 319.0641 1.3765 -73.508446
-157.9479 318.8394 0.6505 -73.508096
-159.8193 318.2421 0.4855 -73.507755
-161.6982 318.4908 0.8126 -73.507426
-163.3502 318.4678 1.946 -73.507106
-164.7917 318.8721 3.1901 -73.506796
-166.0348 318.4651 4.5448 -73.506498
-167.2051 317.7036 5.9108 -73.506211
-168.6856 318.3603 6.972 -73.505936
-170.5746 318.3686 7.6324 -73.505672
-172.4422 318.8037 8.0573 -73.505421
-173.7745 319.4811 7.41 -73.505181
-175.2708 319.8181 6.8918 -73.504954
-176.3866 321.0401 7.8064 -73.504741
-178.1084 321.388 8.4289 -73.50454
-179.8667 322.3331 8.1901 -73.504353
-181.7338 322.9719 7.9865 -73.50418
-183.2047 324.2061 7.6173 -73.50402
-184.6529 324.5109 6.7583 -73.503876
-186.4765 324.882 7.4149 -73.503746
-188.3601 325.5005 7.7542 -73.503631
-190.207 326.2741 7.8586 -73.503531
-191.8555 326.4884 7.2737 -73.503448
-192.3011 326.2807 5.3327 -73.503379
-192.4569 326.3027 3.3202 -73.503326
-192.6127 326.3246 1.3078 -73.50329
-192.7684 326.3466 -0.7047 -73.503272
-53.5618 234.7518 -22.4056 -73.557298
-55.3696 234.7358 -22.9279 -73.556709
-57.1775 234.7198 -23.4502 -73.556129
-58.9758 234.7413 -23.9753 -73.55556
-60.5834 235.6616 -24.1049 -73.554997
-62.2107 236.6032 -24.0421 -73.554434
-63.9306 237.3539 -24.0447 -73.553874
-65.5569 238.2591 -24.1396 -73.553315
-67.3063 238.9314 -24.1596 -73.552759
-68.8366 239.9978 -24.0522 -73.552204
-70.5332 240.314 -23.7713 -73.551652
-72.1779 239.7124 -23.3677 -73.551101
-73.9055 239.067 -23.0743 -73.550554
-75.764 238.9129 -23.0612 -73.550008
-77.5069 238.4311 -23.4834 -73.549465
-79.2728 238.5078 -23.5052 -73.548925
-81.0101 239.1307 -23.2489 -73.548387
-82.8258 239.4159 -22.9537 -73.547852
-84.5254 239.9346 -22.4418 -73.547321
-86.2406 240.0396 -21.7161 -73.546791
-87.8568 239.8217 -20.9364 -73.546265
-89.3552 239.6723 -19.8507 -73.545742
-90.7771 239.8281 -18.7653 -73.545222
-92.3262 239.5258 -18.0598 -73.544706
-94.0855 240.1028 -17.7873 -73.544194
-95.877 240.5966 -17.5579 -73.543685
-97.6988 241.0591 -17.507 -73.54318
-99.53 241.4724 -17.4393 -73.542679
-101.2527 242.1681 -17.1773 -73.542182
-102.8299 242.815 -16.4434 -73.541689
-104.4569 243.5931 -15.9937 -73.541201
-106.2956 243.7075 -16.104 -73.540717
-107.1732 243.8399 -14.6775 -73.540234
-108.3872 244.3725 -13.7017 -73.539759
-109.3454 245.4642 -12.5807 -73.539288
-110.5466 246.5332 -11.6213 -73.538822
-112.0874 247.1 -10.9503 -73.538362
-112.6927 248.1713 -9.7197 -73.537905
-113.85 248.7857 -8.6033 -73.537455
-114.9422 250.1535 -8.2414 -73.53701
-115.3929 251.8689 -7.6387 -73.536571
-116.4822 252.9605 -6.8157 -73.536138
-117.371 253.2374 -5.1806 -73.535711
-118.358 253.8356 -3.7152 -73.535291
-119.4595 254.4678 -2.3971 -73.534878
-120.9563 255.2641 -1.6822 -73.534471
-122.5163 255.9458 -1.0086 -73.534071
-123.9831 256.9071 -0.452 -73.533679
-124.7954 257.8348 0.9161 -73.533293
-125.65 259.0549 2.0473 -73.532916
-126.8265 260.4562 2.1583 -73.532546
-128.2898 261.2032 2.616 -73.532182
-129.0334 261.3894 4.2611 -73.531826
-129.2473 261.2649 6.1105 -73.531467
-129.4022 261.1437 7.9821 -73.531122
-129.5576 261.0229 9.8536 -73.530791
-129.7512 260.9235 11.7229 -73.530461
-129.9463 260.825 13.592 -73.530143
-130.1515 260.7135 15.4586 -73.52984
-130.5488 260.346 17.2477 -73.529548
-131.604 259.0778 18.099 -73.529267
-132.4067 258.2916 19.5872 -73.528996
-133.3932 257.3081 20.8241 -73.528735
-133.8044 256.3522 22.376 -73.528486
-134.6418 255.2368 23.5911 -73.528248
-135.4197 253.8392 24.4892 -73.528021
-135.7 253.4829 26.3153 -73.527805
-136.3101 252.641 27.7577 -73.527602
-136.3201 251.3179 26.4825 -73.527412
-136.8701 249.6435 26.0944 -73.527233
-137.7175 248.1362 25.6627 -73.527068
-137.6045 246.4619 25.1316 -73.526916
-137.2893 245.0053 24.2243 -73.526778
-136.6215 243.4615 23.4192 -73.526654
-135.6446 241.9497 22.8735 -73.526543
-135.3758 240.4199 22.4018 -73.526448
-136.1869 239.3032 23.0344 -73.526367
-136.341 238.0644 24.2021 -73.526303
-136.433 236.6369 25.3143 -73.526253
-136.6008 234.8539 25.6617 -73.52622
-137.1474 233.4458 25.0869 -73.526203
-10.2537 234.1313 -65.7936 -73.579554
-11.9535 235.2244 -65.4206 -73.578776
-13.2513 236.4124 -64.5554 -73.577998
-13.9825 238.2182 -64.0036 -73.57722
-13.9675 239.4333 -65.1657 -73.576439
-14.1745 240.8047 -66.5759 -73.57566
-14.74 242.3781 -67.763 -73.57488
-15.0167 243.3075 -69.5586 -73.574098
-14.9973 244.3966 -71.2899 -73.573317
-15.4806 245.6013 -72.6631 -73.572536
-16.6681 247.206 -72.2066 -73.571756
-17.3029 249.0449 -71.7718 -73.570975
-18.6676 250.382 -71.3338 -73.570194
-19.6799 251.0982 -72.0439 -73.569413
-20.4939 252.2385 -73.4165 -73.56863
-21.5912 252.7618 -72.8895 -73.567922
-21.9596 252.8176 -71.2713 -73.567296
-22.6797 254.2973 -71.5196 -73.566672
-23.6039 255.7577 -72.0067 -73.566049
-24.5721 257.236 -72.2298 -73.565427
-26.0105 258.3101 -72.2446 -73.564806
-27.3761 259.4599 -72.2196 -73.564185
-28.9516 260.3257 -72.2375 -73.563559
-30.5102 261.2195 -72.2945 -73.562941
-31.595 262.5637 -72.7018 -73.562325
-32.6547 263.9941 -72.7006 -73.56171
-33.5598 265.5319 -72.4801 -73.561097
-34.5952 266.9872 -72.4053 -73.560485
-35.2782 268.5959 -72.3691 -73.559874
-36.5462 269.7783 -72.1737 -73.559265
-37.8737 270.872 -71.8225 -73.558658
-38.8876 272.2418 -71.3145 -73.558053
-39.6217 273.7558 -70.7585 -73.55745
-40.6535 274.9959 -70.0158 -73.556848
-42.0534 275.9829 -69.5331 -73.556248
-43.5846 276.8719 -69.3005 -73.555652
-45.0655 277.8565 -69.4958 -73.555056
-45.946 279.1186 -68.7677 -73.554463
-45.8345 280.5644 -67.9551 -73.553871
-46.196 282.2235 -68.3906 -73.553283
-46.2456 283.784 -69.1293 -73.552697
-45.9356 284.9029 -69.4775 -73.552112
-46.3572 283.3243 -69.8414 -73.551529
-47.6385 284.0096 -69.6263 -73.550946
-47.8598 285.27 -68.7781 -73.550367
-47.9763 286.6481 -67.6615 -73.549791
-48.0018 287.8134 -66.394 -73.549218
-49.296 287.3623 -65.4888 -73.548647
-50.1432 286.6731 -64.1653 -73.548081
-50.2434 286.1704 -62.4405 -73.547515
-51.2742 284.9264 -61.8207 -73.546955
-52.8421 284.4426 -61.0987 -73.546399
-53.9107 283.6653 -60.0279 -73.545846
-54.752 283.3629 -58.5184 -73.545296
-55.6511 282.4981 -57.2933 -73.544751
-56.6242 281.93 -56.0196 -73.544211
-57.9991 281.9695 -54.8908 -73.543675
-59.0837 282.3361 -53.8941 -73.543144
-60.0943 282.1643 -52.7677 -73.542616
-61.4419 281.5155 -51.8651 -73.542094
-62.8626 280.827 -51.0501 -73.541577
-64.2795 280.6349 -50.0042 -73.541065
-65.804 280.5238 -49.0693 -73.540559
-66.7885 280.054 -47.7484 -73.540057
-67.9789 279.2336 -46.7905 -73.53956
-68.6552 278.446 -45.3481 -73.539069
-69.0138 277.9753 -43.6489 -73.538583
-69.4167 276.9949 -42.4398 -73.538104
-69.8247 275.5947 -42.5008 -73.537631
-70.268 276.0815 -42.6582 -73.537165
-70.9242 276.409 -41.0457 -73.536701
-71.4032 276.5871 -39.3203 -73.536247
-72.2724 276.7647 -38.0281 -73.535801
-73.2041 276.1685 -36.6914 -73.535362
-74.2918 275.5936 -35.4399 -73.53493
-75.425 274.8456 -34.2803 -73.534506
-76.9255 274.2886 -33.5609 -73.53409
-77.3251 274.3933 -31.9623 -73.533682
-77.3839 274.0953 -31.6173 -73.533278
-77.9259 274.1693 -30.1943 -73.532883
-79.5493 274.0847 -29.6223 -73.532498
-80.9279 274.149 -28.5263 -73.532122
-82.1503 274.2888 -27.2947 -73.531755
-83.1333 274.5631 -25.8399 -73.531398
-83.3586 274.0993 -24.1212 -73.531049
-83.4086 273.3363 -22.4949 -73.53071
-83.5601 272.816 -20.7795 -73.530381
-83.7705 272.4678 -19.0265 -73.530062
-84.0593 272.0789 -17.2937 -73.529754
-84.2893 271.7437 -15.5414 -73.529457
-84.9661 271.1706 -14.2656 -73.529173
-86.4465 270.5588 -13.5443 -73.5289
-87.5224 269.4821 -12.7644 -73.528639
-88.5863 270.2836 -13.3628 -73.52839
-89.344 271.7765 -13.8414 -73.528153
-90.7295 272.8654 -14.017 -73.527925
-92.0012 274.1345 -14.1202 -73.527712
-93.0728 275.5655 -14.188 -73.527513
-94.4803 276.5793 -14.1262 -73.527328
-96.2029 276.3016 -13.7358 -73.527157
-97.8612 276.4416 -13.1634 -73.527
-99.2225 277.2086 -12.3487 -73.526857
-100.7724 276.7787 -11.5881 -73.526729
-102.4856 276.8416 -11.2384 -73.526615
-104.2435 277.0799 -11.3594 -73.526517
-105.8758 277.7134 -11.5089 -73.526435
-106.978 278.2571 -10.6069 -73.526368
-108.7214 278.4008 -10.5748 -73.526317
-110.1714 278.7473 -11.3411 -73.526283
-111.6618 279.6815 -11.4564 -73.526266
-21.5015 253.5088 -73.309 -73.568171
-22.5942 254.3623 -72.684 -73.568046
-23.4363 255.5756 -72.2611 -73.567933
-23.7952 256.2196 -73.6016 -73.56783
-24.1958 256.9175 -74.8973 -73.56774
-24.5102 257.2028 -76.431 -73.567661
-25.2575 257.9568 -77.5755 -73.567595
-25.9832 258.9049 -78.6121 -73.567542
-26.7351 259.8964 -79.3372 -73.567501
-27.7754 261.0706 -79.3699 -73.567474
-28.1276 262.1418 -78.3341 -73.56746
-14.415 228.9869 -63.4499 -73.580384
-16.1331 229.4489 -63.5343 -73.579899
-17.7421 230.1331 -63.7219 -73.579417
-19.4067 230.7023 -63.8399 -73.57894
-20.8995 231.6241 -63.8754 -73.578467
-22.4197 232.5434 -63.927 -73.577999
-23.9779 232.9794 -64.5409 -73.577535
-25.5926 233.2447 -65.0739 -73.577075
-27.3372 233.3731 -65.393 -73.57662
-29.108 233.4677 -65.4659 -73.576171
-30.8642 233.5427 -65.402 -73.575726
-32.3482 234.4256 -65.4518 -73.575287
-33.9347 234.8444 -64.9779 -73.574853
-35.6107 235.0483 -64.5372 -73.574425
-37.2988 235.2219 -64.5195 -73.574003
-38.3854 235.5894 -65.5655 -73.573585
-39.1438 235.7555 -64.0699 -73.573173
-40.4342 236.3585 -64.9633 -73.572768
-41.6538 237.408 -65.4996 -73.57237
-43.3197 237.9738 -65.7908 -73.571979
-45.0712 238.2644 -65.9288 -73.571595
-46.7994 238.6788 -65.9135 -73.571218
-48.5481 238.9796 -65.7557 -73.570849
-50.2593 239.3638 -65.4708 -73.570487
-51.9541 239.818 -65.3779 -73.570133
-53.6581 240.3081 -65.5616 -73.569788
-55.3649 240.7618 -65.7517 -73.569451
-56.9242 241.5359 -65.9538 -73.569122
-58.6438 241.8319 -66.2728 -73.568802
-59.9936 242.7156 -66.7405 -73.568491
-60.984 243.7818 -67.5294 -73.56819
-62.0855 245.146 -67.6347 -73.567898
-62.592 246.8516 -67.5474 -73.567616
-63.6958 248.1812 -67.3534 -73.567344
-65.3602 248.1365 -67.1819 -73.567083
-66.6185 247.2528 -66.7907 -73.566832
-68.2827 246.701 -66.9975 -73.56659
-69.0056 246.5375 -67.1182 -73.566362
-69.4149 247.1923 -66.2178 -73.566144
-70.5685 248.2104 -65.6787 -73.565938
-72.1021 248.9573 -65.1628 -73.565745
-73.5226 249.8734 -64.6789 -73.565564
-74.9049 250.917 -64.2744 -73.565396
-76.1941 252.0464 -63.8017 -73.565242
-77.6751 252.694 -63.2164 -73.565101
-78.9054 253.7897 -63.1101 -73.564975
-80.0531 255.1107 -63.1909 -73.564863
-81.4092 256.2087 -63.4316 -73.564766
-83.1166 256.5971 -63.7243 -73.564684
-84.8053 256.9649 -63.8465 -73.564618
-86.3232 257.8036 -63.7447 -73.564568
-88.0463 257.7843 -63.4146 -73.564534
-89.5568 258.6367 -63.0658 -73.564517
-79.8558 209.6969 -1.6956 -73.580089
-80.9345 210.9313 -0.8747 -73.579547
-81.8718 212.3265 -0.0936 -73.579008
-83.0145 213.649 0.4105 -73.578471
-83.35 215.4299 0.5242 -73.577937
-84.7236 216.0877 0.5245 -73.577406
-85.8365 216.8501 1.5461 -73.576876
-86.4751 218.3432 2.3648 -73.57635
-87.6889 219.3419 3.0091 -73.575828
-89.3832 219.625 3.5112 -73.57531
-90.5679 220.9942 3.9392 -73.574795
-91.9993 222.1339 4.2769 -73.574284
-93.1066 223.0567 5.3451 -73.573776
-94.2451 224.3484 6.04 -73.573271
-95.1955 225.7846 6.6504 -73.572771
-96.1469 227.1811 6.1703 -73.572275
-97.5307 228.1499 5.5656 -73.571783
-97.6555 229.6726 4.5217 -73.571294
-98.2632 230.7709 4.9578 -73.570809
-99.4213 231.1534 5.7424 -73.570329
-100.7458 231.4122 4.7237 -73.569854
-101.8502 232.6408 4.2535 -73.569383
-103.1436 233.9354 4.0273 -73.568918
-104.4921 234.4164 4.8558 -73.568458
-105.6117 233.6885 5.7966 -73.568
-106.7274 232.3194 6.4016 -73.567544
-107.441 230.7522 6.8747 -73.567099
-107.4488 229.0255 7.5014 -73.566661
-107.9411 227.3511 8.131 -73.56623
-107.0902 226.8712 8.9862 -73.565804
-106.1496 226.513 10.1833 -73.56538
-105.9516 226.2598 12.0223 -73.564963
-105.4787 225.2922 12.0054 -73.564554
-105.2249 224.5846 10.2988 -73.564153
-104.7784 223.6625 9.5999 -73.56376
-104.7066 222.6921 11.0296 -73.563374
-105.026 220.965 11.6033 -73.562996
-104.6066 219.9029 12.8153 -73.562626
-103.3942 219.8352 14.0764 -73.562264
-104.3073 219.9043 13.553 -73.56191
-105.885 218.9419 13.3792 -73.561565
-107.2676 218.4747 12.6842 -73.561227
-108.1193 218.5469 11.0406 -73.560898
-108.3962 219.4541 11.7193 -73.560579
-109.0143 219.6825 13.4653 -73.560268
-109.7221 219.9831 15.1561 -73.559969
-110.6667 219.9703 16.4989 -73.55968
-112.0003 218.9022 16.8845 -73.559401
-113.4433 217.9794 16.4775 -73.559134
-114.7081 217.1333 15.6968 -73.558877
-115.2947 216.7255 13.9743 -73.558631
-115.5962 216.7912 12.1637 -73.558395
-115.7677 217.1126 10.3327 -73.558171
-115.4309 217.0746 11.1227 -73.557961
-116.1181 217.6962 12.116 -73.557757
-117.3855 218.3763 13.3061 -73.55757
-118.8798 218.8959 14.099 -73.557398
-120.5533 219.5755 14.5055 -73.55724
-122.3465 220.0233 14.7431 -73.557097
-124.1585 220.1151 14.949 -73.556968
-125.565 221.2324 14.8597 -73.556853
-126.6064 222.7478 14.7267 -73.556754
-127.1945 224.5052 14.537 -73.55667
-127.9351 226.1832 14.2547 -73.556603
-129.0224 227.5634 14.5865 -73.556551
-130.1181 229.0198 14.5982 -73.556517
-131.2201 230.4645 14.2522 -73.556499
47.5528 -96.076 13.5667 -72.283729
47.0015 -95.2803 13.5986 -72.283817
46.7344 -94.3274 13.6342 -72.283861
27.7081 -94.2683 18.8592 -72.257624
26.226 -93.6204 19.8024 -72.258173
24.7439 -92.9726 20.7456 -72.258586
23.2618 -92.3248 21.6888 -72.258862
23.8038 -92.3745 21.7835 -72.259001
54.7481 -88.0637 17.871 -72.309069
97.3169 -66.6493 31.3652 -72.366461
99.3506 -67.4491 30.897 -72.367909
101.3843 -68.2489 30.4289 -72.36912
103.4181 -69.0488 29.9607 -72.370093
105.4518 -69.8486 29.4925 -72.370825
104.935 -70.7499 28.9784 -72.371316
104.6139 -70.6388 26.7694 -72.371562
96.937 -66.473 30.8282 -72.365708
44.0154 -65.7095 15.6069 -72.37795
44.0102 -66.3692 14.8486 -72.378018
44.1586 -67.2141 14.3402 -72.378053
-4.665 -9.0685 -0.0051 -73.242973
-3.3078 -10.3003 -0.0154 -73.209726
-1.9532 -11.5348 -0.0257 -73.1765
-0.7426 -12.7803 -0.0459 -73.121271
0.4334 -13.9291 -0.0935 -73.044457
1.4466 -15.2471 -0.185 -72.968089
3.5554 -27.7322 1.4257 -72.855593
8.6107 -41.3653 6.7974 -72.751953
22.8794 -62.2772 10.5055 -72.521819
26.4745 -64.8588 13.9793 -72.487826
29.0535 -67.1183 14.3116 -72.465683
42.1418 -73.5431 16.2509 -72.386049
47.2069 -85.1931 18.1557 -72.321467
44.6639 -89.9679 15.7857 -72.297254
47.7449 -96.3203 13.6398 -72.284737
78.4149 -177.3628 14.5582 -72.17019
95.2227 -265.7699 17.0719 -72.080904
48.1056 -320.1106 18.1187 -72.01417
-10.9476 -383.6056 22.9817 -71.968115
-40.36 -432.7473 17.7175 -71.941276
28.7834 -94.5812 17.274 -72.260218
14.3097 -106.6143 20.8227 -72.232709
2.7577 -126.0427 26.0848 -72.212477
-45.0792 -189.1405 27.4734 -72.17521
30.9775 -170.2053 31.4202 -72.203162
28.3969 -94.5693 18.0599 -72.257829
-40.2348 -104.2908 -5.8163 -72.196723
-111.9958 -139.102 2.509 -72.161583
54.6562 -87.9717 17.7384 -72.309918
111.8824 -135.9529 29.1893 -72.22384
164.8572 -185.7356 20.1853 -72.164746
213.7243 -226.7876 32.011 -72.130911
43.9697 -65.4565 15.7766 -72.378249
45.5333 -62.1584 17.8534 -72.375836
96.2419 -66.2233 31.6259 -72.36561
2.1326 -22.0656 -2.5814 -72.894846
6.2653 -35.3706 6.4938 -72.803414
8.3143 -40.7868 6.7183 -72.710068
15.4942 -50.7521 4.9673 -72.635784
19.5156 -57.7327 7.1557 -72.562333
24.2121 -63.3654 12.9105 -72.504791
27.7984 -65.9637 14.1964 -72.476687
35.2991 -71.3414 15.5234 -72.425729
45.9552 -78.4006 18.2802 -72.353164
45.9541 -87.9136 17.638 -72.309159
46.0845 -93.1486 14.7482 -72.29017
52.1518 -103.9606 11.3242 -72.271159
58.8833 -119.603 12.0998 -72.24716
62.6461 -133.0235 18.7767 -72.224174
68.7987 -150.479 18.27 -72.202178
75.478 -168.4071 16.0379 -72.181142
80.7201 -186.7623 13.7215 -72.159455
86.0397 -202.1519 18.4658 -72.14061
88.9594 -219.8372 14.0604 -72.12265
92.3483 -238.1707 14.3683 -72.105559
94.4112 -256.1543 16.5595 -72.089311
95.282 -267.4858 16.3224 -72.072712
95.3059 -280.3632 10.9397 -72.058436
82.392 -291.8157 13.1552 -72.044949
66.6134 -301.8126 13.5179 -72.032239
55.8832 -314.8401 17.1156 -72.020284
42.621 -325.3136 19.0805 -72.008288
32.9705 -340.7608 23.6528 -71.998179
23.9361 -354.8041 21.203 -71.988785
9.6225 -366.7531 22.7517 -71.980099
-4.6074 -378.3071 21.4152 -71.972106
-16.9731 -389.755 18.9726 -71.964349
-27.5688 -401.1213 14.9527 -71.958077
-39.573 -411.7299 14.9204 -71.952475
-40.6381 -420.4638 25.2112 -71.94754
-40.4069 -426.6412 14.8914 -71.943262
-41.6738 -434.0686 12.5022 -71.939532
-35.1298 -447.795 10.0223 -71.936944
-30.511 -455.7937 6.7671 -71.934999
-26.4654 -460.7911 2.4423 -71.9337
-24.2919 -464.5784 0.2402 -71.933051
37.1249 -94.0849 14.9718 -72.277971
20.7736 -99.7756 22.2184 -72.245836
11.0172 -108.5614 18.7473 -72.228453
5.909 -113.1292 24.1737 -72.22203
4.7649 -121.3499 27.2758 -72.215875
-3.9067 -133.7894 26.1237 -72.207189
-16.2236 -149.0836 26.7198 -72.198437
-17.7909 -159.6216 22.5822 -72.190646
-30.8645 -168.2845 21.4997 -72.183811
-40.3768 -181.2163 24.3391 -72.177918
-50.8898 -195.8899 27.7601 -72.172741
-59.8432 -207.2909 27.0024 -72.169091
-63.453 -209.2381 15.4152 -72.16635
-64.2909 -212.4765 11.1044 -72.164521
-69.7086 -217.4653 14.9612 -72.163607
-1.3141 -131.2728 34.9295 -72.211476
15.7442 -115.5027 24.1983 -72.227728
21.9499 -133.9863 25.1312 -72.220557
26.8898 -147.4387 25.6301 -72.214369
28.6429 -155.1273 32.7495 -72.209162
28.6017 -167.7997 33.6747 -72.204926
33.7647 -170.9041 21.6446 -72.20152
35.3986 -176.6564 11.4651 -72.199457
39.8278 -180.409 -7.3747 -72.198423
28.4843 -94.572 17.6083 -72.258534
24.075 -93.3058 9.4058 -72.250033
15.5128 -90.8025 -8.4542 -72.236525
-0.0475 -89.6597 -13.0268 -72.224017
-13.9393 -94.7328 -4.0497 -72.212499
-31.0534 -101.5497 -4.3571 -72.201952
-48.3446 -108.1087 -4.4853 -72.191701
-60.3769 -111.0796 -1.1234 -72.183393
-77.9711 -113.5102 3.296 -72.176026
-92.0999 -121.9743 4.6219 -72.169596
-105.6825 -132.44 0.8972 -72.164091
-119.8735 -141.3568 5.959 -72.159449
-132.8113 -151.1601 6.979 -72.156313
-147.2952 -155.5423 4.0924 -72.153955
-153.368 -158.2725 7.6335 -72.152383
-168.793 -159.6906 7.6228 -72.151596
50.8433 -86.5895 17.9535 -72.314562
61.2357 -92.3404 14.5899 -72.299311
72.1897 -102.125 21.0158 -72.28084
85.4059 -115.7278 22.6939 -72.26342
96.1046 -123.0147 27.5352 -72.247038
106.3877 -128.7142 28.8233 -72.231671
119.3522 -141.0891 32.8119 -72.216229
133.3865 -151.0456 27.4274 -72.203191
140.4642 -156.8554 25.7903 -72.191115
152.3124 -169.1266 29.8767 -72.17999
161.5491 -182.1636 26.4505 -72.169801
167.3763 -187.9265 20.8501 -72.159919
178.0174 -198.4202 27.7655 -72.15193
190.5879 -201.853 17.5881 -72.144836
198.4764 -209.0366 23.2285 -72.138635
206.4978 -222.3967 29.9785 -72.133315
216.4485 -231.2363 29.6641 -72.128797
219.3592 -241.6667 28.5636 -72.125648
217.6919 -257.4839 32.1794 -72.123282
212.7961 -271.781 39.8533 -72.121703
208.8344 -287.7139 39.3838 -72.120914
43.1478 -69.6198 16.0595 -72.380283
45.0982 -63.5211 16.1223 -72.376977
50.7937 -61.6079 11.0465 -72.373513
63.7547 -58.5312 9.7712 -72.370197
75.049 -60.4617 16.3877 -72.367755
83.0968 -60.7333 25.9161 -72.366191
91.3447 -63.64 26.8113 -72.365508
106.4082 -69.1292 24.6495 -72.362854
123.1559 -72.5629 28.9251 -72.359171
143.1961 -75.9244 28.8652 -72.357331
46.1286 -55.224 14.5026 -72.374089
37.6417 -45.2763 18.4222 -72.372061
22.8448 -43.0894 21.8828 -72.371044
