-0.8015 -1.2678 -0 -61.367301
-3.2062 -5.0715 -0 -61.392496
-5.0765 -8.0299 -0 -61.409373
-6.4123 -10.1429 0.0262 -61.420262
-8.0143 -12.677 0.1283 -61.441809
-8.8146 -13.9429 0.1666 -61.459187
-8.2187 -14.5214 0.2948 -61.473393
-8.7411 -16.3672 0.5247 -61.514863
-10.0309 -17.8905 1.1419 -61.567837
-11.386 -19.3222 1.89 -61.61934
-12.7254 -20.8552 2.392 -61.668193
-14.0432 -22.4116 2.6217 -61.726703
-14.6972 -24.3185 2.0715 -61.798298
-15.5306 -26.234 2.0482 -61.876588
-16.1094 -27.8038 2.3068 -61.939849
-14.7796 -28.9827 3.1257 -61.987421
-13.6062 -30.5844 3.6202 -62.035478
-12.2537 -32.1091 3.9089 -62.083735
-11.1222 -33.7683 4.2796 -62.132347
-10.1932 -35.2295 5.196 -62.181075
-9.3619 -36.7283 6.3117 -62.230058
-8.5851 -38.2492 7.4144 -62.279119
-7.5935 -39.8435 8.2499 -62.328295
-6.8916 -41.4349 9.2193 -62.377771
-6.2727 -43.3267 9.6108 -62.427246
-5.7427 -44.6215 10.9758 -62.476804
-5.2774 -45.3085 12.8612 -62.526135
-4.5701 -46.2857 12.7646 -62.575386
-3.9187 -47.0128 11.0346 -62.624533
-3.487 -47.3534 9.0584 -62.673567
-3.1601 -48.3203 10.2056 -62.722608
-2.5906 -49.7167 11.29 -62.771008
-2.064 -51.2649 10.2609 -62.819256
-1.9023 -53.0628 10.2828 -62.867129
-1.2374 -53.7481 8.8883 -62.914571
-0.2338 -55.4757 8.438 -62.961608
0.9268 -57.1391 8.1846 -63.008071
2.1659 -58.7648 8.26 -63.053928
2.7966 -60.3652 9.2072 -63.099215
3.5606 -62.0815 8.7826 -63.14381
4.1051 -63.9769 8.2533 -63.187799
4.7728 -65.8913 8.0534 -63.230852
5.555 -67.7898 8.1794 -63.272966
5.4215 -69.7319 8.5591 -63.314115
5.3722 -71.1779 9.39 -63.354229
6.6015 -72.8224 9.4344 -63.393254
7.9091 -74.3345 9.4579 -63.431123
9.1469 -75.9691 9.4502 -63.467795
10.0298 -77.8076 9.4917 -63.50319
10.7723 -79.6982 9.5101 -63.537307
12.3735 -80.8411 9.4583 -63.569705
13.4145 -82.6176 9.4397 -63.600827
14.1594 -84.5026 9.6273 -63.63044
14.908 -86.352 10.0263 -63.658384
15.6285 -88.1574 10.421 -63.684573
16.2688 -90.0988 10.1972 -63.709043
16.8061 -92.0324 10.2983 -63.731594
18.0591 -93.5211 10.9131 -63.75206
19.0692 -95.1762 11.592 -63.770538
20.0514 -96.8019 12.3554 -63.786876
20.7986 -98.4251 13.1509 -63.801042
22.3425 -99.643 13.6764 -63.812798
23.1324 -101.4525 13.8694 -63.822372
24.2278 -103.1764 13.8286 -63.829477
25.7948 -104.4654 13.8973 -63.833906
27.3532 -105.7951 13.951 -63.835725
28.4996 -107.4233 13.9547 -63.834928
30.0108 -108.56 13.6639 -63.831178
31.1081 -108.6091 12.0588 -63.824087
29.9694 -109.9097 10.9348 -63.813691
28.8308 -111.2104 9.8109 -63.800411
27.6922 -112.511 8.6869 -63.784274
26.8377 -113.4766 7.7017 -63.764948
28.1153 -111.9666 8.2837 -63.74015
29.3929 -110.4565 8.8658 -63.712429
30.6706 -108.9464 9.4479 -63.68181
31.1787 -108.9746 10.7509 -63.647668
31.0798 -109.3078 12.7833 -63.609684
31.1974 -110.3892 14.0207 -63.568695
31.8589 -112.2436 14.4776 -63.524124
32.2207 -114.0808 14.8897 -63.475313
32.3754 -116.0895 14.7382 -63.422248
33.2282 -117.7627 14.1097 -63.364598
34.0263 -119.6079 13.7086 -63.302465
34.4263 -121.5938 13.4703 -63.235661
34.6735 -123.5948 13.4834 -63.164046
34.4631 -125.6138 13.6554 -63.0875
35.477 -127.1975 13.9548 -63.005896
36.4488 -128.3733 14.9241 -62.918389
36.0423 -130.1872 15.3722 -62.825231
35.1621 -131.5518 15.4371 -62.726814
35.6418 -129.8523 14.8263 -62.622455
35.0348 -128.0619 14.2107 -62.512178
35.5446 -129.8444 14.1534 -62.396891
35.6291 -131.8577 14.0497 -62.275856
34.8485 -133.6181 13.7199 -62.148666
34.2995 -135.3089 12.7219 -62.01512
33.9891 -137.2127 12.2496 -61.875478
34.6951 -139.1364 12.158 -61.729422
34.4342 -141.0719 12.4762 -61.576949
34.9496 -142.8915 13.1328 -61.417412
35.1207 -144.6736 12.8365 -61.25158
36.0553 -146.4708 12.5635 -61.079131
36.5162 -147.9232 11.2272 -60.89902
37.0821 -149.6924 10.5935 -60.713452
38.1845 -151.3675 10.8233 -60.52135
38.9786 -152.5573 11.4668 -60.322216
38.5512 -154.4927 11.7745 -60.11608
38.9845 -156.4817 12.0272 -59.903371
38.8087 -158.4686 12.102 -59.685211
39.4316 -160.3993 12.1561 -59.461573
40.017 -162.1492 11.7738 -59.232223
39.9044 -164.0643 11.3068 -58.998725
40.4166 -165.9089 10.6066 -58.760611
41.3853 -167.5493 10.7632 -58.519391
42.1247 -169.1267 11.6727 -58.275117
42.1485 -170.8263 12.6221 -58.028449
41.2541 -172.1527 13.7028 -57.781492
41.3329 -173.6405 14.3131 -57.534382
41.6008 -174.8677 12.6805 -57.287527
41.8738 -176.7997 12.275 -57.044479
42.7438 -178.5456 11.9564 -56.805509
43.2439 -180.4578 12.0397 -56.572206
43.3656 -182.4295 12.4106 -56.345674
43.6747 -184.2146 13.2717 -56.127522
44.1736 -186.1236 13.8383 -55.920617
44.3535 -187.9066 14.7675 -55.725696
44.8726 -189.5685 15.6922 -55.54507
45.4404 -191.1005 14.5715 -55.380721
46.1386 -192.9259 14.1459 -55.234953
46.6287 -194.8895 13.783 -55.109501
47.9055 -196.4354 13.3908 -55.005813
49.0241 -197.9564 13.467 -54.925787
49.8322 -199.3762 13.2319 -54.871009
51.04 -200.3986 12.0409 -54.843058
-16.8109 -27.3553 2.8101 -61.947042
-17.497 -28.3029 4.2038 -62.008437
-18.1984 -29.271 5.5067 -62.069189
-18.2577 -29.3412 3.7473 -62.140538
-18.2679 -29.344 1.9276 -62.211071
-18.2781 -29.3467 0.108 -62.280588
-18.2883 -29.3494 -1.7116 -62.349032
-18.2985 -29.3522 -3.5313 -62.41635
-18.8534 -30.5664 -3.9808 -62.483853
-18.8107 -32.318 -3.8597 -62.552845
-19.3066 -34.0554 -3.7456 -62.622795
-18.9488 -34.5418 -2.2544 -62.69373
-18.3075 -35.7012 -1.0566 -62.765959
-18.003 -37.2922 -0.254 -62.839172
-17.2153 -38.7422 0.5062 -62.913298
-17.2992 -40.1694 1.5541 -62.988509
-17.1185 -41.7267 2.3954 -63.064868
-17.083 -42.8762 3.6698 -63.142462
-17.3639 -44.4413 4.545 -63.220973
-18.2212 -45.6938 5.2818 -63.299882
-18.9632 -46.7735 4.1464 -63.379777
-19.2427 -47.6114 2.5633 -63.461053
-19.7572 -49.1601 2.2576 -63.542639
-20.0441 -50.8741 2.5491 -63.624926
-20.3286 -52.4364 3.2684 -63.707742
-19.8077 -53.8024 3.6098 -63.791334
-19.2008 -54.6661 2.2731 -63.875985
-18.7221 -56.0354 2.9434 -63.961574
-18.7365 -56.729 4.1896 -64.047294
-18.8997 -58.1413 5.2798 -64.133354
-18.8149 -59.8936 5.7078 -64.219647
-18.9822 -61.072 7.0484 -64.306397
-19.3934 -62.5349 8.0119 -64.392803
-19.547 -63.8484 9.0694 -64.479712
-19.5772 -65.5723 8.63 -64.566042
-19.258 -67.3139 8.3405 -64.652235
-19.7508 -69.0603 8.364 -64.737849
-19.9946 -70.8175 8.7102 -64.823344
-19.8037 -72.5539 9.1873 -64.908227
-19.7201 -74.3251 9.5635 -64.992518
-20.2567 -75.9938 9.7611 -65.075972
-19.7758 -77.7066 9.8918 -65.158534
-19.8692 -79.394 10.0722 -65.239927
-20.6153 -80.6503 10.7965 -65.319905
-20.8101 -82.0334 11.1362 -65.398216
-21.8468 -83.2751 10.5156 -65.474827
-22.3598 -84.646 11.4203 -65.549607
-22.8139 -86.2646 12.0203 -65.622413
-22.9433 -87.4114 13.1988 -65.693312
-23.2601 -88.7922 14.1473 -65.761431
-23.5187 -90.5915 14.1567 -65.826484
-23.7693 -92.3875 14.2837 -65.888424
-23.9193 -94.161 14.5659 -65.947066
-24.765 -95.4177 14.2775 -66.001902
-25.6946 -96.5629 13.7452 -66.052672
-26.3361 -98.2508 13.7081 -66.099343
-26.22 -99.6251 14.4174 -66.142027
-26.029 -100.2322 16.1217 -66.179426
-25.98 -100.9366 17.7977 -66.211611
-26.1774 -101.1961 19.58 -66.238844
-26.4133 -101.3806 21.3748 -66.259289
-26.5757 -102.9017 22.0388 -66.273462
-26.565 -104.1061 22.8298 -66.280916
-10.4886 -18.1238 0.6694 -61.611562
-10.4015 -18.057 0.4643 -61.643551
-11.3637 -19.3353 1.4826 -61.682869
-12.4409 -20.4928 2.3203 -61.729808
-13.7335 -21.882 2.6066 -61.781329
-14.3525 -23.4451 1.6476 -61.833816
-14.7639 -24.7529 0.4153 -61.886941
-15.0123 -25.6795 -1.2982 -61.940838
-14.7483 -27.3027 -2.2341 -61.995566
-14.1682 -28.7546 -3.3613 -62.051126
-14.1335 -30.3237 -2.5621 -62.107445
-14.176 -32.0715 -1.7097 -62.164375
-14.076 -33.7889 -0.9359 -62.221922
-13.8862 -35.6563 -1.4771 -62.280092
-13.5408 -37.5381 -1.8551 -62.338805
-12.9254 -39.3671 -2.0095 -62.398193
-12.8947 -41.2639 -2.5483 -62.458016
-12.5093 -43.0891 -2.3969 -62.518301
-11.8636 -44.7358 -1.5183 -62.579311
-11.3409 -46.4019 -0.6056 -62.640708
-11.0233 -47.5467 0.9658 -62.702705
-10.5913 -48.4457 2.6789 -62.764599
-10.1405 -50.0833 3.3431 -62.826899
-10.2934 -51.7904 2.9275 -62.889521
-10.88 -52.8858 1.4404 -62.952487
-11.0363 -54.4811 1.7038 -63.015495
-11.1458 -56.3254 2.378 -63.078801
-10.357 -57.7555 3.4384 -63.142111
-10.1358 -58.8326 4.9901 -63.205436
-10.3077 -60.6124 5.6598 -63.269064
-11.2813 -62.2927 6.0116 -63.332566
-11.7958 -64.1934 6.181 -63.396012
-12.4342 -66.0517 6.3974 -63.459461
-11.9522 -67.7789 6.8906 -63.52277
-11.6762 -69.0382 8.2561 -63.58571
-11.713 -70.0381 9.9612 -63.648257
-11.8555 -70.9146 11.6774 -63.710908
-12.8132 -71.5235 13.2459 -63.772804
-13.5753 -72.2336 12.7301 -63.834388
-14.1638 -73.7043 11.8882 -63.895685
-14.4131 -75.2707 10.815 -63.956416
-13.5782 -77.0011 10.3425 -64.016716
-13.3259 -78.9499 10.1371 -64.076497
-13.3622 -80.9141 10.3308 -64.135514
-14.2376 -82.5066 10.9807 -64.193616
-14.7845 -84.1023 11.9265 -64.251081
-15.3519 -85.4422 12.6525 -64.307713
-15.7865 -86.6616 12.098 -64.363553
-16.5522 -87.7496 13.5364 -64.418418
-17.1687 -89.5648 13.8022 -64.472426
-18.2162 -91.1682 13.885 -64.525407
-19.5493 -92.634 13.9514 -64.577293
-20.3209 -94.4426 13.8656 -64.628246
-21.0095 -96.2837 13.6721 -64.678081
-21.3384 -97.8523 13.9673 -64.727197
-21.6939 -97.8965 15.9193 -64.775212
-22.3276 -98.0602 17.7316 -64.821402
-21.887 -98.9874 16.7979 -64.867024
-22.8153 -99.7306 15.3374 -64.910776
-24.3779 -100.6691 14.7056 -64.953228
-24.3457 -102.6276 14.3888 -64.994565
-24.5768 -104.5617 14.2213 -65.034522
-24.8282 -106.5067 14.2205 -65.073156
-25.0574 -108.4614 14.1941 -65.110374
-25.5558 -110.3378 14.0236 -65.146218
-26.9412 -111.6652 13.5497 -65.180514
-27.6548 -113.1993 12.651 -65.213448
-27.9593 -114.1646 11.0361 -65.245215
-28.3565 -115.3746 10.0919 -65.275207
-29.1471 -116.4978 9.0352 -65.303954
-29.5399 -117.0458 7.1689 -65.331393
-29.9596 -117.6548 5.3281 -65.35731
-30.9613 -118.935 4.5188 -65.381938
-32.1435 -120.2324 4.6581 -65.405302
-32.9363 -121.0473 6.2793 -65.427293
-33.621 -122.2206 7.5953 -65.448057
-33.9105 -123.585 8.7937 -65.467681
-34.4873 -124.3869 10.3397 -65.485916
-35.0405 -125.7656 11.4307 -65.503085
-34.701 -127.6323 11.772 -65.519258
-35.3063 -129.4991 11.9181 -65.534331
-35.9903 -131.3268 11.7835 -65.548291
-37.6819 -132.1342 11.31 -65.560875
-38.5009 -133.4806 10.3217 -65.572608
-38.4967 -134.7419 8.9782 -65.583368
-39.2613 -136.1191 9.0235 -65.593148
-39.6486 -137.8732 9.0943 -65.602085
-40.3927 -139.5578 8.4232 -65.610043
-41.3357 -141.2284 8.0319 -65.617061
-41.7461 -143.1332 7.6854 -65.623243
-42.0138 -145.0056 7.4829 -65.628501
-41.9887 -146.6225 8.5512 -65.632787
-43.1363 -148.1444 8.915 -65.636116
-43.8626 -149.8828 8.3731 -65.63859
-44.926 -151.4033 7.7386 -65.640046
-9.353 -14.8211 0.2731 -61.490193
-11.0559 -15.5864 0.7158 -61.546256
-12.8605 -15.9487 1.177 -61.616016
-14.323 -16.6873 2.6356 -61.746626
-15.6273 -17.7486 4.2904 -61.857335
-16.5612 -19.3299 4.837 -61.908047
-17.0333 -20.2944 6.2453 -61.965654
-17.8874 -21.5361 7.3823 -62.02574
-18.8508 -22.9769 8.1796 -62.086864
-19.5099 -24.5801 8.9543 -62.149315
-19.7318 -25.6734 10.3712 -62.21319
-19.6375 -26.5275 11.987 -62.278532
-20.9183 -27.5166 12.4491 -62.344551
-21.2964 -29.0814 13.3143 -62.412068
-21.83 -30.7644 14.0149 -62.480857
-22.4092 -32.288 14.7504 -62.550829
-23.1716 -32.8787 16.4102 -62.622467
-23.4458 -33.3976 17.1662 -62.694265
-23.9797 -35.1098 17.8018 -62.76776
-25.2888 -36.4276 18.1128 -62.842106
-26.4013 -37.9363 18.2431 -62.917447
-27.2908 -39.5473 18.3867 -62.993994
-28.9068 -40.2841 18.3568 -63.071313
-28.8386 -41.8551 18.071 -63.149902
-30.0593 -43.3052 18.0707 -63.229387
-30.6546 -44.9959 18.2212 -63.310126
-31.4097 -46.5757 18.3297 -63.391708
-32.6885 -47.8644 18.2798 -63.474046
-33.6705 -49.4532 18.3794 -63.556964
-34.3435 -51.1833 18.7706 -63.640744
-35.0428 -52.643 19.7515 -63.725299
-35.9334 -53.9164 20.8542 -63.810258
-36.4958 -55.5633 21.6175 -63.895785
-37.1515 -57.2664 22.1901 -63.981737
-37.503 -58.9135 22.7742 -64.068572
-37.2767 -60.629 23.5408 -64.155949
-38.3487 -62.1152 24.0868 -64.243173
-38.7835 -63.8894 24.6417 -64.330707
-39.0307 -65.5698 25.4324 -64.418259
-39.2448 -67.4312 25.7075 -64.506181
-39.4113 -69.2406 26.1323 -64.593852
-38.2265 -70.1613 27.1367 -64.681229
-37.9293 -71.6381 28.1838 -64.768997
-36.7386 -72.8721 28.5562 -64.856072
-35.4143 -74.1273 28.8617 -64.942582
-33.8413 -75.1427 29.2839 -65.030481
-32.9832 -76.7229 29.5771 -65.116155
-33.6399 -75.092 29.1649 -65.201469
-33.1635 -76.3575 28.5144 -65.286282
-32.6394 -77.9449 29.3953 -65.370039
-31.5586 -79.4236 29.8926 -65.453994
-30.8094 -81.0765 30.3763 -65.536226
-31.5811 -82.6547 30.6865 -65.615858
-31.7168 -84.5489 30.8274 -65.693842
-31.5105 -86.4537 30.8357 -65.769718
-31.5377 -88.3667 30.7633 -65.843485
-31.4829 -90.279 30.6456 -65.91488
-31.9235 -92.1277 30.4947 -65.983523
-32.2806 -93.9944 30.2829 -66.049153
-33.2826 -95.4749 30.073 -66.11166
-34.2923 -96.3147 29.212 -66.170656
-33.7984 -97.5646 29.0456 -66.226364
-33.365 -98.5644 30.3242 -66.278225
-34.9529 -99.5888 30.5864 -66.32561
-35.3561 -101.2379 30.5528 -66.368679
-35.425 -102.1901 29.7785 -66.406707
-35.4381 -103.6106 30.0236 -66.439593
-35.4329 -104.9525 28.8355 -66.4667
-35.4888 -106.6151 28.0477 -66.48775
-35.1318 -108.0258 29.2064 -66.502384
-34.5346 -109.5447 30.0645 -66.510093
-15.445 -16.6758 3.4162 -61.857335
-17.1123 -16.5493 2.7023 -61.906255
-18.8242 -16.1183 2.2844 -61.962121
-20.5247 -15.3962 2.2003 -62.019709
-22.3116 -15.3473 2.4856 -62.078557
-24.0423 -14.9367 2.9859 -62.138759
-25.7912 -14.8802 3.5418 -62.200325
-27.6376 -14.8877 3.7424 -62.262986
-29.4617 -14.8882 3.7168 -62.326818
-31.2202 -15.3922 3.5297 -62.392217
-32.7539 -15.8243 2.9445 -62.459108
-34.0829 -16.2305 1.7975 -62.526944
-35.3566 -17.1047 0.7776 -62.596044
-36.7811 -17.3591 0.0703 -62.665765
-38.4049 -17.2529 0.8951 -62.736401
-40.1857 -16.9717 1.2216 -62.808156
-41.9745 -17.3706 1.348 -62.881196
-43.6645 -17.7288 1.1737 -62.955345
-45.1638 -16.9527 0.472 -63.030028
-46.3865 -16.2335 -0.6264 -63.105974
-48.1583 -16.038 -0.1893 -63.183124
-49.5586 -16.5997 0.7893 -63.261587
-50.6275 -17.7832 1.5574 -63.340927
-52.4581 -17.9497 1.6886 -63.420824
-54.2203 -17.8442 1.1278 -63.501449
-55.6575 -18.4041 0.1681 -63.583262
-57.139 -19.2179 -0.5793 -63.665921
-58.8775 -19.6978 -0.9928 -63.74909
-60.4992 -20.5497 -0.8751 -63.832843
-62.2699 -20.9516 -0.784 -63.917077
-63.9605 -21.4851 -1.2025 -64.002646
-65.769 -21.6468 -1.2364 -64.087995
-67.4074 -21.948 -2.0416 -64.173836
-69.2303 -22.0478 -2.2783 -64.259885
-71.0405 -22.3933 -2.2 -64.346573
-72.76 -22.6876 -1.8978 -64.433334
-74.4248 -22.1245 -1.3042 -64.520028
-75.468 -21.5676 0.0962 -64.607012
-76.805 -21.0117 0.8974 -64.694048
-78.6304 -21.1688 0.7939 -64.780755
-80.2126 -21.6023 1.4208 -64.867498
-81.9055 -21.4802 1.8938 -64.953754
-83.3789 -20.5725 2.4839 -65.039412
-84.8475 -20.092 3.3977 -65.124564
-85.8797 -19.4106 4.4732 -65.209427
-86.9877 -17.9771 4.3817 -65.292987
-88.4094 -16.917 4.436 -65.375737
-89.1332 -16.2863 5.8123 -65.458541
-89.6827 -16.0961 7.5766 -65.540122
-90.6073 -14.9923 8.5732 -65.619376
-91.6573 -14.5236 9.9347 -65.697278
-92.216 -13.6924 11.4126 -65.774138
-93.3323 -12.5367 11.3011 -65.847941
-94.3529 -11.3333 10.4637 -65.91972
-95.9243 -11.359 10.3327 -65.9895
-97.085 -12.6874 10.4076 -66.057132
-98.637 -11.9209 10.4364 -66.121309
-99.8512 -10.5582 10.1484 -66.182028
-101.1467 -9.2581 9.9913 -66.239593
-102.9108 -8.8466 10.0308 -66.293666
-104.2043 -7.6318 10.4372 -66.343334
-105.7848 -7.7377 11.2376 -66.389256
-107.5295 -7.7352 11.7584 -66.430507
-108.7114 -6.5165 12.2914 -66.466451
-108.6826 -5.013 12.9437 -66.497324
-109.4316 -4.9691 14.0337 -66.523059
-110.9911 -5.321 13.2911 -66.542962
-112.3812 -4.7789 12.2565 -66.556318
-113.4541 -4.4164 10.8172 -66.563166
-15.5545 -17.632 4.3033 -61.855989
-16.8149 -18.3686 5.0193 -61.90091
-18.1535 -17.7371 5.9254 -61.952636
-19.3957 -17.6568 7.1162 -62.006777
-20.6245 -17.4395 8.329 -62.062158
-21.4073 -17.0773 9.8446 -62.11929
-22.3291 -16.4593 11.1562 -62.177358
-23.7986 -16.4039 12.1053 -62.236999
-24.636 -16.4397 13.5353 -62.298759
-26.0492 -16.413 14.4153 -62.361154
-26.5091 -16.6788 16.0866 -62.426255
-27.6416 -17.5424 16.452 -62.49157
-28.9683 -17.6171 17.1518 -62.557952
-30.2529 -16.8642 18.0015 -62.625224
-31.8112 -16.9615 18.7079 -62.694396
-32.7125 -16.0015 17.8716 -62.764165
-33.9732 -15.3124 17.8919 -62.835325
-35.5154 -14.9405 18.541 -62.907782
-36.8148 -15.2621 19.6037 -62.9817
-38.1095 -15.3947 20.6532 -63.056291
-39.3709 -15.3085 20.5665 -63.132652
-39.9084 -15.4165 22.2463 -63.210695
-41.4898 -16.1032 22.568 -63.288431
-43.1935 -16.3081 22.9719 -63.366678
-44.8671 -16.1005 23.426 -63.44536
-46.5874 -16.255 23.8037 -63.525011
-48.2806 -16.146 24.1613 -63.604379
-49.8848 -15.6408 24.6252 -63.684032
-51.569 -15.5809 25.1077 -63.763689
-53.1934 -15.8717 25.7123 -63.843348
-54.8397 -16.0518 26.2602 -63.922986
-56.4663 -15.7486 26.8593 -64.00136
-57.6381 -14.8744 27.7621 -64.078767
-58.8394 -13.7889 28.4214 -64.155128
-60.1932 -13.1386 29.3328 -64.230734
-61.8304 -12.6017 29.6751 -64.304683
-63.5039 -12.1508 29.7076 -64.376651
-64.8861 -11.121 29.4315 -64.446478
-65.5954 -10.0293 28.2627 -64.514159
-66.3587 -9.069 29.1123 -64.579113
-67.3994 -7.9254 29.8988 -64.640942
-68.8854 -7.8686 29.963 -64.699606
-70.5505 -7.352 29.9726 -64.75419
-72.0497 -6.4284 30.0037 -64.804467
-73.5599 -5.5098 29.9785 -64.850123
-74.8786 -4.3323 29.9264 -64.891934
-76.2236 -3.1844 29.9023 -64.926762
-77.2186 -1.7362 29.9278 -64.955389
-78.2778 -0.5048 29.7779 -64.977449
-79.9939 -0.3567 29.5292 -64.992861
-81.6519 -0.1123 29.479 -65.00077
-15.2282 -17.1379 4 -61.835874
-15.8134 -17.8487 4 -61.83697
-16.4306 -18.5318 4 -61.837635
-13.8552 -16.3527 0.6773 -61.658629
-6.8126 -12.9962 0.0714 -61.447333
-5.8684 -15.48 0.0572 -61.478487
-5.4058 -18.0693 0.0621 -61.518828
-4.8048 -20.6622 0.1442 -61.570185
-4.2378 -23.1032 0.3354 -61.63459
-4.2185 -23.3173 3.0099 -61.739251
-4.1991 -23.5292 5.6846 -61.845544
-3.9404 -24.0329 8.0609 -61.951358
-2.9465 -26.4423 7.8893 -62.060108
-2.9898 -29.1239 7.9366 -62.172489
-2.8312 -31.7921 8.079 -62.288659
-2.7737 -34.4658 8.0848 -62.408657
-3.1335 -36.1267 6.8772 -62.534279
-2.9668 -36.5649 4.2354 -62.663622
-3.5563 -38.3842 2.8887 -62.79531
-4.3063 -40.3834 1.497 -62.931554
-4.1208 -42.6459 0.2252 -63.071537
-4.2362 -43.7827 0.8959 -63.177576
-3.8312 -43.4159 2.8085 -63.245293
-3.4263 -43.0492 4.7211 -63.311568
-3.0214 -42.6825 6.6338 -63.376391
-2.6164 -42.3158 8.5464 -63.439753
-2.2115 -41.949 10.459 -63.50165
-1.8006 -41.5642 12.3611 -63.562081
-1.0504 -39.8462 12.7392 -63.623126
0.1758 -38.6585 13.5417 -63.684357
1.5902 -38.0395 13.8599 -63.747025
3.2347 -39.0768 14.2093 -63.810295
3.2862 -40.8715 14.6526 -63.874541
3.0921 -42.2179 15.9515 -63.939247
3.289 -43.8273 17.0278 -64.004634
3.7676 -45.0577 18.3989 -64.070999
5.3853 -45.2551 17.5078 -64.13772
6.4565 -45.5185 16.2146 -64.206401
6.4601 -45.5688 14.2263 -64.27599
7.3041 -46.1013 15.3965 -64.346148
7.7212 -46.6728 17.2551 -64.417527
8.2906 -47.8462 18.7417 -64.48924
8.7291 -49.4862 19.2615 -64.537783
9.1255 -50.9461 19.7272 -64.561315
10.0364 -52.2198 19.9693 -64.584217
10.7133 -53.6545 20.0389 -64.606678
11.8089 -54.3454 19.5071 -64.62853
12.1976 -54.6669 17.9921 -64.649729
13.1099 -54.8336 16.8714 -64.670245
13.5838 -54.6626 15.3738 -64.691253
13.6588 -54.6533 13.7788 -64.714583
13.7337 -54.644 12.1838 -64.736572
13.8087 -54.6347 10.5888 -64.757256
13.8837 -54.6254 8.9938 -64.776673
13.9586 -54.6161 7.3988 -64.794854
14.0336 -54.6068 5.8038 -64.811836
14.1085 -54.5975 4.2088 -64.827653
14.1663 -54.5744 2.6132 -64.844609
14.2206 -54.5486 1.0176 -64.861061
14.2749 -54.5228 -0.5781 -64.87637
14.3293 -54.497 -2.1737 -64.890576
14.3836 -54.4712 -3.7694 -64.903722
14.4379 -54.4454 -5.365 -64.915849
13.7113 -55.8095 -5.5929 -64.927638
13.1825 -57.2536 -6.0072 -64.938864
12.9567 -58.7053 -6.561 -64.949492
12.6682 -60.0281 -7.37 -64.959489
12.3514 -61.5353 -7.7387 -64.968972
11.9771 -63.0578 -7.8716 -64.977892
11.7617 -64.6275 -7.7751 -64.986287
11.4655 -65.9109 -8.3481 -64.994072
11.6675 -66.9063 -9.5712 -65.001265
11.728 -68.3207 -9.6289 -65.008105
11.6975 -68.4625 -8.07 -65.01406
11.4235 -69.5735 -7.0162 -65.019814
11.1196 -70.8404 -6.109 -65.025165
11.0275 -71.8722 -4.9846 -65.030028
11.2426 -73.2528 -4.3725 -65.034576
10.7531 -74.6674 -3.9199 -65.038721
10.425 -76.2016 -3.7062 -65.042531
10.77 -77.7411 -3.6532 -65.045982
11.0786 -79.2552 -3.6604 -65.049069
11.425 -80.7723 -3.755 -65.051818
11.2996 -82.2807 -4.0128 -65.054229
11.9706 -83.6675 -4.3963 -65.056276
12.7118 -84.5829 -3.8154 -65.057872
13.1706 -85.4159 -2.5821 -65.059112
13.3664 -86.853 -1.9391 -65.060215
13.3682 -87.667 -0.8755 -65.060801
8.6263 -48.9248 19.7774 -64.545062
8.971 -49.5407 20.9869 -64.583101
9.2099 -51.0475 20.8184 -64.621251
10.0927 -52.2943 20.5532 -64.659074
10.6868 -53.724 20.4404 -64.696725
11.4461 -54.1517 19.6321 -64.734558
11.5442 -54.2966 18.1881 -64.771908
12.9332 -54.8812 18.406 -64.808757
13.2774 -55.294 19.8309 -64.846195
13.7729 -56.2787 20.5319 -64.882603
14.3885 -57.7019 20.5127 -64.918844
15.16 -59.0485 20.6431 -64.954553
15.6443 -60.0525 21.5504 -64.989878
16.2084 -60.988 22.5631 -65.024657
17.2577 -61.2039 23.519 -65.05851
18.4454 -61.8839 23.9975 -65.091823
19.1422 -63.2514 24.2481 -65.124755
19.671 -63.8624 25.3071 -65.157242
20.2623 -64.3588 26.3522 -65.188605
21.638 -65.0559 26.1487 -65.219055
22.7173 -66.1327 25.8633 -65.250521
23.7256 -67.2733 25.5197 -65.280495
24.6112 -68.47 25.1932 -65.30863
24.9681 -69.954 24.971 -65.335676
24.9964 -70.9802 24.2159 -65.362765
24.9684 -71.117 22.6615 -65.389501
24.9404 -71.2538 21.1072 -65.414205
24.9124 -71.3907 19.5528 -65.436875
24.8648 -71.4567 17.9963 -65.457732
24.9221 -71.7069 16.7213 -65.477096
25.4185 -72.6144 17.5247 -65.495512
25.5779 -72.8182 19.0637 -65.512278
25.6724 -73.1458 20.5059 -65.526942
25.5385 -73.7136 21.7923 -65.540285
25.5469 -73.9336 23.3373 -65.551633
25.5553 -74.1535 24.8823 -65.560683
26.4257 -75.2629 24.9859 -65.567828
26.2037 -76.801 24.991 -65.572951
26.3234 -78.3421 25.0702 -65.575795
-4.7208 -44.7161 -0.023 -63.168111
-5.1299 -46.1818 0.6944 -63.21855
-5.3697 -46.9913 2.259 -63.269289
-5.7718 -48.0995 3.5791 -63.320239
-6.3113 -49.4357 4.5711 -63.371706
-6.1052 -51.0319 5.3148 -63.423473
-5.9754 -52.7323 5.8136 -63.475494
-5.3005 -54.3124 6.0843 -63.527724
-5.5666 -55.9139 6.2159 -63.580195
-6.3626 -57.4622 6.4728 -63.632767
-7.4327 -58.7683 6.9386 -63.685436
-8.3123 -60.0607 7.6969 -63.738217
-9.2075 -61.5771 7.5449 -63.790931
-10.0182 -63.1512 7.7642 -63.843756
-10.4982 -64.8336 7.9938 -63.896469
-11.098 -66.494 8.2496 -63.94924
-11.5795 -68.0917 8.8213 -64.001873
-11.4778 -69.48 9.814 -64.054167
-11.3768 -70.9824 10.6772 -64.106457
-11.1615 -72.6665 10.9417 -64.158678
-11.9531 -74.0675 10.3517 -64.210523
-12.2253 -75.2856 9.1163 -64.262044
-12.386 -76.5528 7.8889 -64.313131
-12.4919 -77.8973 6.8778 -64.364014
-12.6418 -79.6702 6.7282 -64.414576
-12.8923 -81.2283 7.3625 -64.464694
-13.0636 -82.0267 8.8276 -64.514535
-12.8375 -83.2389 8.8894 -64.563581
-12.4716 -84.694 8.0205 -64.612282
-12.6797 -85.5671 7.0599 -64.660373
-12.5183 -84.1321 6.1622 -64.70749
-12.5292 -84.0813 7.3739 -64.75452
-11.895 -85.6688 7.8198 -64.801358
-11.5229 -87.2946 8.4116 -64.84745
-10.3324 -88.1124 9.2259 -64.892589
-10.675 -89.8262 9.467 -64.937421
-11.2148 -91.4903 9.7261 -64.9813
-11.4919 -93.2205 9.9224 -65.024354
-11.8689 -94.9605 9.9938 -65.06668
-12.2215 -96.7085 9.9892 -65.108001
-12.5548 -98.4528 9.9031 -65.148536
-13.101 -100.1246 9.6027 -65.188072
-13.6123 -101.6942 9.0552 -65.226711
-14.5178 -102.8115 8.0351 -65.264323
-14.732 -103.8321 6.6289 -65.301071
-14.736 -104.949 5.3416 -65.336941
-14.7897 -105.5564 3.6632 -65.371713
-14.9175 -106.1934 2.0059 -65.405398
-14.8119 -107.3154 0.66 -65.437831
-14.3904 -108.3157 -0.7477 -65.469319
-14.0768 -109.6227 -1.5126 -65.499556
-14.1581 -111.3783 -1.2027 -65.528799
-14.4574 -112.7137 -0.3129 -65.55687
-14.5581 -113.8268 1.0481 -65.583556
-14.5629 -114.7419 2.5821 -65.609081
-14.3372 -115.8187 3.9677 -65.63323
-14.0073 -116.8255 5.38 -65.656085
-13.5104 -118.0936 6.4955 -65.677622
-13.0668 -119.695 6.5246 -65.697853
-12.4966 -121.0534 5.5568 -65.716484
-12.0851 -122.6625 5.1356 -65.733694
-12.5004 -124.2153 4.474 -65.749337
-12.6759 -125.9354 4.076 -65.763335
-13.0189 -127.5669 3.9008 -65.775656
-13.6129 -129.2115 3.7998 -65.786185
-14.5095 -130.7248 3.617 -65.794826
-15.1909 -132.314 3.2206 -65.801572
-16.0458 -133.6469 2.4524 -65.806241
-17.0046 -135.0632 2.0492 -65.808853
-3.6471 -8.0538 -0.0157 -61.426625
-1.3228 -8.9468 -0.0471 -61.46426
0.9314 -9.9936 -0.0832 -61.505762
2.6625 -11.7633 -0.1495 -61.558363
3.884 -13.4015 -0.8686 -61.643065
4.2751 -14.1359 -3.2157 -61.832305
4.6663 -14.8703 -5.5627 -62.020771
5.0575 -15.6047 -7.9097 -62.208299
5.4487 -16.3392 -10.2567 -62.394715
5.5082 -15.6747 -11.481 -62.53772
5.7528 -14.1284 -10.9972 -62.630338
5.1317 -14.013 -9.0503 -62.727267
5.6382 -14.026 -8.2186 -62.830884
7.6439 -14.2766 -7.8039 -62.937524
9.6042 -14.0356 -7.3728 -63.043533
11.4824 -13.5321 -6.7322 -63.152935
12.4397 -13.1153 -5.3274 -63.266167
13.1732 -12.7275 -3.4442 -63.384181
14.0029 -12.5015 -1.5695 -63.506206
14.9232 -12.6143 0.2611 -63.631759
16.0509 -12.8503 1.9217 -63.761153
17.2291 -12.7352 3.6117 -63.895781
18.6969 -13.072 4.9744 -64.031584
20.4387 -12.843 5.9867 -64.171109
22.2399 -12.9948 6.2182 -64.272747
23.7688 -13.3762 5.9788 -64.33338
25.0057 -12.6222 5.3936 -64.394149
26.3571 -12.2571 4.8087 -64.455394
27.8738 -11.9691 4.5669 -64.517279
29.2461 -11.1445 4.4391 -64.579293
30.8012 -10.7714 4.3716 -64.641534
32.3851 -10.5715 4.2891 -64.704139
33.2233 -10.1298 4.9983 -64.767366
34.0663 -9.8024 5.9221 -64.830615
35.5597 -9.845 6.5062 -64.893848
36.9026 -9.7278 7.2501 -64.957259
38.2463 -9.5474 7.9246 -65.020244
39.7277 -9.1425 8.3952 -65.08297
41.1759 -8.7377 8.951 -65.14541
42.5633 -8.3419 9.5488 -65.207858
43.7337 -8.1277 8.583 -65.269862
45.1311 -8.0308 7.9631 -65.331168
46.5242 -8.3092 7.3517 -65.391756
47.4104 -8.3281 6.0274 -65.452064
48.547 -8.1523 4.9694 -65.510972
50.1277 -8.0481 4.8161 -65.568844
51.0302 -8.412 5.9293 -65.626764
52.4231 -8.5023 6.17 -65.682472
53.895 -8.5955 6.6905 -65.737018
54.9911 -8.7652 7.7616 -65.789924
56.4893 -8.9904 7.679 -65.840882
57.587 -10.1308 7.9043 -65.890181
59.0801 -10.6364 8.1455 -65.937348
60.6014 -11.0022 8.4608 -65.981936
61.9959 -11.5958 8.0265 -66.024117
62.9752 -11.9724 7.058 -66.064161
63.4644 -12.0743 5.5381 -66.101126
64.0395 -11.9612 4.047 -66.135312
64.4337 -11.9546 2.4888 -66.16629
64.823 -11.932 0.9297 -66.19344
65.2041 -11.8836 -0.6309 -66.216511
65.5558 -11.8356 -2.1985 -66.235576
65.8976 -11.7879 -3.7682 -66.250086
66.4194 -11.7876 -5.282 -66.25994
66.4944 -12.5596 -6.6605 -66.265251
21.8035 -12.9643 5.5087 -64.284347
22.2928 -12.8975 4.0421 -64.36627
22.782 -12.8307 2.5755 -64.445995
23.2713 -12.7639 1.1089 -64.523477
23.7606 -12.6971 -0.3578 -64.598676
24.2499 -12.6303 -1.8244 -64.671552
24.7391 -12.5635 -3.291 -64.742071
25.2284 -12.4967 -4.7576 -64.810197
25.7177 -12.4299 -6.2242 -64.875899
26.2069 -12.363 -7.6908 -64.939148
26.8935 -12.3131 -8.9994 -65.000373
27.9931 -12.1349 -10.0456 -65.061033
29.4155 -12.0244 -10.5719 -65.121437
30.9321 -12.139 -10.7879 -65.181345
32.4337 -12.4908 -10.7732 -65.241307
33.7283 -13.0404 -10.3346 -65.300553
34.9591 -13.7394 -9.781 -65.359264
36.3049 -14.3754 -9.3611 -65.417484
37.7863 -14.4064 -8.971 -65.47561
38.9765 -14.4204 -8.3072 -65.532808
39.509 -14.5028 -6.8771 -65.588663
40.803 -14.1184 -7.3333 -65.642546
42.1172 -13.7343 -7.9502 -65.695068
43.481 -14.2451 -8.4653 -65.746251
44.8322 -14.6862 -9.0455 -65.795736
46.2199 -15.1571 -9.5418 -65.843475
47.4998 -15.7968 -10.1041 -65.889001
48.4919 -16.341 -10.9949 -65.932536
49.2648 -16.5571 -12.2212 -65.973665
50.6437 -17.0063 -12.5265 -66.011967
52.1626 -17.2199 -12.7123 -66.047444
53.5098 -17.9199 -12.5815 -66.079944
54.8261 -18.5114 -12.0649 -66.109224
56.0144 -19.3898 -11.6485 -66.13504
57.1511 -20.3793 -11.2981 -66.157244
58.5784 -20.83 -11.009 -66.175266
59.5198 -21.3446 -11.6244 -66.189435
59.9152 -21.5013 -13.1121 -66.198995
60.3293 -21.6363 -14.5919 -66.203897
5.542 -17.4481 -11.9734 -62.520646
5.2752 -19.0549 -12.8511 -62.576855
4.5319 -20.5356 -13.6308 -62.634122
4.2842 -21.2679 -12.1504 -62.69303
4.5234 -21.5541 -11.2061 -62.751839
5.0916 -22.5097 -9.9139 -62.81229
5.6355 -23.6108 -8.5295 -62.87358
6.4022 -24.9693 -7.5369 -62.935939
6.6335 -26.3097 -6.3211 -62.999008
7.1852 -27.3717 -7.4784 -63.063379
7.7638 -28.2275 -9.037 -63.128392
9.1599 -28.8455 -10.0123 -63.193616
10.2945 -29.4271 -11.2255 -63.259709
12.0307 -29.9265 -10.7637 -63.326708
13.7255 -30.5864 -10.4924 -63.39434
15.1918 -31.515 -11.0288 -63.46265
16.7178 -31.6949 -12.0524 -63.531543
18.2188 -31.9125 -13.1144 -63.601046
19.9511 -32.1969 -13.7295 -63.671206
21.5074 -33.0418 -14.1745 -63.744665
22.8543 -34.2615 -14.6414 -63.818884
24.0059 -35.5947 -15.1729 -63.891164
24.5296 -37.1036 -15.7174 -63.964024
24.7232 -37.5624 -17.5262 -64.037882
25.1008 -38.2263 -19.2142 -64.111923
26.3789 -39.4506 -19.5884 -64.185598
28.1291 -39.8596 -20.0602 -64.259246
29.3513 -39.6098 -21.3429 -64.333202
30.6809 -38.9744 -22.3478 -64.407242
31.8544 -39.4408 -23.699 -64.481976
32.7072 -40.1312 -24.5207 -64.556723
34.1875 -40.0661 -24.2388 -64.631452
35.3747 -39.954 -25.6606 -64.706196
36.0556 -40.1808 -27.3735 -64.78197
37.1117 -40.5409 -28.8636 -64.856838
37.9499 -40.8975 -30.5002 -64.931538
38.8019 -40.6861 -32.1277 -65.005963
39.8174 -40.5169 -33.6425 -65.079697
40.8901 -40.7217 -35.068 -65.152939
42.5305 -41.61 -35.2384 -65.225771
44.3755 -41.8861 -35.4176 -65.297777
45.9871 -42.2694 -36.0731 -65.369174
47.4878 -43.2765 -36.1873 -65.441274
49.3319 -43.6209 -36.2065 -65.513583
51.1887 -43.712 -36.2324 -65.58267
53.0372 -43.4731 -36.3042 -65.650422
54.8899 -43.6769 -36.497 -65.716819
56.6959 -43.5991 -36.9065 -65.781894
58.2639 -44.1277 -37.6876 -65.845637
59.5341 -44.5902 -38.7803 -65.908239
60.5988 -45.0677 -39.8571 -65.968604
61.8729 -46.2433 -40.1922 -66.027232
63.3313 -46.5896 -41.0735 -66.08378
64.0217 -46.6763 -42.7931 -66.138398
64.5704 -46.7494 -44.583 -66.190558
64.8703 -46.6711 -46.4334 -66.24188
65.1687 -46.5915 -48.2839 -66.288907
65.5964 -46.5388 -50.1097 -66.333057
65.7108 -46.4215 -51.9702 -66.37714
65.6981 -46.2783 -53.8407 -66.417407
65.6854 -46.1351 -55.7113 -66.452455
65.6727 -45.9919 -57.5819 -66.482279
65.7296 -45.7497 -59.4403 -66.508331
65.8135 -45.4694 -61.2934 -66.529364
66.0243 -45.0935 -63.1166 -66.545327
66.1717 -44.6856 -64.9394 -66.556295
66.3305 -44.1781 -66.4646 -66.561793
5.6517 -16.7814 -12.2027 -62.556108
5.689 -16.9607 -13.7308 -62.681366
5.7263 -17.14 -15.259 -62.805185
5.7636 -17.3194 -16.7872 -62.927496
5.8009 -17.4987 -18.3154 -63.048233
5.8383 -17.678 -19.8436 -63.167329
5.8756 -17.8574 -21.3717 -63.284717
5.9129 -18.0367 -22.8999 -63.400333
5.9502 -18.216 -24.4281 -63.514112
5.9875 -18.3954 -25.9563 -63.625992
6.0248 -18.5747 -27.4845 -63.735911
6.0621 -18.754 -29.0126 -63.843811
6.0994 -18.9334 -30.5408 -63.949634
6.1367 -19.1127 -32.069 -64.053325
6.1741 -19.292 -33.5972 -64.15483
6.2114 -19.4714 -35.1254 -64.254097
6.2487 -19.6507 -36.6536 -64.351077
6.286 -19.83 -38.1817 -64.445722
6.3233 -20.0094 -39.7099 -64.537983
6.3606 -20.1887 -41.2381 -64.627817
6.3979 -20.368 -42.7663 -64.715182
6.4352 -20.5474 -44.2945 -64.800034
6.4725 -20.7267 -45.8226 -64.882335
6.5099 -20.906 -47.3508 -64.962045
6.5472 -21.0854 -48.879 -65.03913
6.5845 -21.2647 -50.4072 -65.113553
6.6218 -21.444 -51.9354 -65.18528
6.6591 -21.6234 -53.4635 -65.254277
6.6964 -21.8027 -54.9917 -65.320515
6.7337 -21.982 -56.5199 -65.383963
6.771 -22.1614 -58.0481 -65.444595
6.8083 -22.3407 -59.5763 -65.502382
6.8457 -22.52 -61.1045 -65.557299
6.883 -22.6994 -62.6326 -65.609321
6.9394 -22.8766 -64.1572 -65.658429
8.1498 -22.8799 -64.1006 -65.705746
8.9886 -23.516 -62.989 -65.752354
9.9314 -24.3205 -62.1091 -65.79741
10.5435 -25.411 -61.3105 -65.841364
11.1641 -26.7642 -60.9602 -65.883704
11.7371 -28.177 -61.0516 -65.924165
12.2468 -29.4991 -61.4619 -65.962734
12.6299 -30.7915 -61.1111 -65.999361
13.0367 -32.212 -60.6823 -66.03373
13.4206 -33.6473 -60.2909 -66.065721
13.672 -35.0666 -59.8345 -66.09501
13.7802 -36.5811 -60.0484 -66.121367
13.7177 -38.0731 -60.4184 -66.144607
13.5658 -39.5761 -60.7091 -66.164632
13.3014 -41.0704 -60.6511 -66.181146
13.3571 -42.0105 -59.4467 -66.19392
13.5377 -43.0476 -58.3404 -66.202728
13.6333 -44.0606 -57.3331 -66.207396
-2.4565 -0.91 0.0523 -61.329927
-2.8293 2.667 0.2464 -61.253591
-3.0866 6.216 0.7208 -61.175804
-2.2413 9.6979 1.5153 -61.096337
-0.7404 12.7593 0.9662 -61.016036
0.227 15.8879 -1.0884 -60.929662
0.5524 20.1154 -1.9386 -60.836994
0.4575 24.418 -2.5408 -60.743015
0.4389 27.3767 -5.5178 -60.648188
-0.013 29.9656 -8.7108 -60.552618
-0.1419 14.3216 0.264 -60.974195
0.8616 14.8245 1.2959 -60.959986
2.5303 15.409 3.4469 -60.934376
5.0961 15.9466 3.8822 -60.908612
7.8356 16.5695 3.9069 -60.882614
10.5566 17.2922 4.0994 -60.856932
13.2701 17.9524 4.5537 -60.831657
15.8121 18.8134 4.7988 -60.80707
17.2134 19.7132 4.344 -60.79276
17.5574 19.3689 4.0634 -60.789807
-0.9274 14.3109 0.2417 -60.972487
-2.5488 14.1754 0.0246 -60.971891
-4.1702 14.04 -0.1925 -60.971455
-5.6969 13.9854 -0.1496 -60.970988
-6.0083 14.0245 0.9686 -60.970345
-4.7591 13.8534 0.1003 -60.969504
-4.5248 13.8442 -1.5168 -60.967989
-4.3735 13.8457 -3.1513 -60.966091
-4.2222 13.8471 -4.7858 -60.963893
-4.0708 13.8486 -6.4202 -60.961493
-3.7648 13.9278 -8.018 -60.958934
-3.1571 14.1597 -9.5252 -60.956351
-2.5409 14.9686 -10.6984 -60.954042
-0.6612 32.5013 -8.9792 -60.493544
-1.3441 34.6869 -8.6538 -60.442022
-2.5162 37.7967 -7.959 -60.360845
-4.0883 40.798 -9.2426 -60.278859
-6.1771 43.4321 -10.5669 -60.196237
-7.4526 45.9637 -12.4793 -60.112763
-8.199 48.9959 -14.3148 -60.027594
-8.488 52.2581 -16.0262 -59.940843
-8.9751 55.6713 -17.3793 -59.853179
-8.9724 59.3456 -17.9864 -59.764567
-8.8355 62.9598 -18.9326 -59.674964
-8.1651 65.7964 -21.101 -59.584448
-8.071 69.4931 -21.2598 -59.492538
-8.0725 72.7987 -19.5494 -59.391557
-8.8931 75.9303 -20.6534 -59.290707
-9.8467 77.8663 -22.8286 -59.198186
-10.916 79.9845 -24.8489 -59.104225
-11.8107 82.572 -26.461 -58.997108
-13.9622 85.1541 -28.0376 -58.87642
-15.428 87.4195 -30.0798 -58.7529
-16.2874 89.1284 -32.8169 -58.63662
-17.1302 91.8068 -33.4334 -58.527904
-16.6579 94.7355 -33.3269 -58.41698
-16.2793 97.4317 -32.2507 -58.303977
-16.0966 100.3779 -31.8618 -58.18855
-15.6048 103.2146 -31.8672 -57.981616
-15.0646 104.6984 -30.0846 -57.68016
-14.4099 106.6313 -31.3901 -57.373434
-13.9013 109.3975 -31.7321 -57.060444
-13.1382 112.1018 -31.8855 -56.741116
-12.0288 114.6912 -32.2205 -56.414723
-9.9615 116.491 -32.7147 -56.081468
-8.3964 118.5551 -33.6954 -55.740375
-7.0441 120.3709 -35.2413 -55.390849
-16.3107 103.1222 -31.2609 -58.121189
-17.0106 105.6108 -30.0258 -58.103066
-17.7104 108.0993 -28.7907 -58.083951
-18.4103 110.5878 -27.5556 -58.06373
-19.1321 113.0846 -26.3544 -58.042285
-20.0839 115.6275 -25.7828 -58.019213
-21.6544 117.8269 -26.4818 -57.994296
-22.4041 120.0541 -28.0006 -57.967201
-23.8204 121.9956 -29.2918 -57.937885
-16.2837 88.4956 -30.6847 -58.737744
-16.9057 88.45 -28.8674 -58.832787
-17.5277 88.4044 -27.0501 -58.92761
-18.1496 88.3588 -25.2328 -59.02216
-18.7716 88.3131 -23.4155 -59.116381
-19.3936 88.2675 -21.5982 -59.210213
-20.0155 88.2219 -19.7808 -59.303596
-20.6375 88.1763 -17.9635 -59.396473
-21.2595 88.1307 -16.1462 -59.488783
-21.8814 88.0851 -14.3289 -59.58047
-22.5034 88.0394 -12.5116 -59.671479
-23.1253 87.9938 -10.6943 -59.761754
-23.7473 87.9482 -8.8769 -59.851237
-24.3693 87.9026 -7.0596 -59.939871
-24.9912 87.857 -5.2423 -60.027603
-25.6132 87.8114 -3.425 -60.11438
-26.2352 87.7657 -1.6077 -60.200152
-26.8571 87.7201 0.2096 -60.284865
-27.4791 87.6745 2.0269 -60.368468
-28.1011 87.6289 3.8443 -60.45091
-28.723 87.5833 5.6616 -60.532141
-10.6474 82.0467 -25.97 -59.07161
-9.8973 83.5702 -26.7997 -59.101805
-8.9166 84.4636 -28.1497 -59.133325
-7.9416 85.635 -29.2349 -59.165884
-6.7633 86.7616 -30.2244 -59.199482
-5.9934 87.8877 -31.5 -59.234166
-4.805 89.0805 -31.9871 -59.269867
-4.0074 90.0975 -33.2964 -59.306901
-3.642 91.5318 -34.1524 -59.344618
-3.5504 92.2381 -35.0395 -59.383594
-2.6112 93.3175 -34.37 -59.423514
-1.4138 94.7914 -34.5426 -59.464048
-0.1697 96.0984 -35.117 -59.505519
0.8889 97.112 -35.3375 -59.547949
1.8787 97.6218 -33.8386 -59.59139
3.297 98.6527 -34.2066 -59.635139
4.478 100.1526 -34.2331 -59.679246
5.7259 101.6013 -34.2783 -59.724017
6.9236 103.076 -34.3329 -59.769126
8.2378 104.4594 -34.2789 -59.814668
9.708 105.6324 -34.1824 -59.860437
11.0242 106.9149 -34.1788 -59.906475
12.03 108.5293 -34.2938 -59.952481
12.8387 110.237 -34.4028 -59.998436
13.6986 111.9172 -34.2947 -60.044276
14.9808 113.3035 -34.0183 -60.089926
16.3534 114.5382 -33.5266 -60.135262
-8.0122 74.6652 -19.0128 -59.346503
-7.3733 74.7434 -17.1393 -59.366941
-6.2129 74.8717 -15.5661 -59.388257
-4.6588 75.1485 -14.4836 -59.410565
-2.9313 75.2005 -13.5318 -59.434042
-1.1908 75.5548 -14.025 -59.458533
0.2492 75.4182 -15.2751 -59.484308
1.6994 75.2949 -16.4498 -59.511074
3.456 75.8724 -16.5978 -59.538707
4.909 77.061 -16.0201 -59.567167
6.3489 78.0205 -15.2054 -59.596662
7.6777 78.1558 -16.557 -59.62757
9.1932 78.8939 -17.1669 -59.659122
10.3243 80.3116 -17.9293 -59.691329
11.8031 81.2429 -18.8099 -59.724488
13.3202 82.0201 -19.7154 -59.758508
14.672 82.8734 -20.8357 -59.793194
15.8195 84.0369 -21.4716 -59.828395
17.3968 85.0052 -21.5241 -59.864278
19.1523 85.9091 -21.6233 -59.900704
20.835 86.8367 -21.5731 -59.937557
22.3782 87.6805 -22.4819 -59.974925
23.6336 88.6822 -23.6145 -60.012459
25.3121 89.236 -24.4178 -60.050329
26.9271 90.1776 -25.069 -60.088977
28.5711 91.1435 -25.6063 -60.12806
30.1849 92.1759 -26.0934 -60.165953
31.906 93.0582 -26.3886 -60.203466
33.349 94.3802 -26.2354 -60.24049
34.682 95.7638 -25.7885 -60.276995
36.0698 96.9946 -25.1164 -60.312963
-9.1332 71.1226 -19.9391 -59.480521
-11.2049 71.3971 -19.3463 -59.549845
-12.2503 72.1505 -17.4371 -59.621761
-13.2771 72.9723 -16.3017 -59.696269
-15.0629 74.4381 -16.0237 -59.77311
-17.1889 75.3374 -15.9102 -59.852983
-18.7708 76.7954 -16.5998 -59.935478
-20.2396 77.7578 -18.0502 -60.021099
-21.4318 79.2493 -19.3169 -60.109197
-22.4493 80.8848 -20.0685 -60.175786
-23.644 82.5321 -19.9209 -60.219449
-25.2693 83.8199 -19.7197 -60.264384
-26.4282 85.5474 -19.5741 -60.310434
-27.4271 87.2915 -19.7394 -60.357786
-28.2555 88.0894 -18.5764 -60.407136
-28.4362 88.7812 -16.6121 -60.457975
-28.7184 89.4709 -14.6555 -60.509531
-28.5952 90.5234 -12.9306 -60.561973
-28.0087 92.2281 -11.8717 -60.615339
-28.1824 93.3344 -10.523 -60.670208
-28.881 94.9101 -9.3484 -60.726075
-29.1637 96.6406 -8.2343 -60.782957
-29.7507 98.589 -7.8416 -60.840879
-31.2546 100.014 -7.7767 -60.90008
-32.9856 101.1833 -7.8435 -60.960262
-34.438 102.6859 -7.93 -61.021519
-35.8645 104.1959 -8.077 -61.083742
-37.7492 105.0636 -8.2888 -61.147035
-39.7252 105.5106 -8.4883 -61.211566
-41.4274 106.5542 -8.4275 -61.276977
-22.5697 79.9845 -21.0657 -60.181158
-23.5049 79.5868 -23.0086 -60.230634
-24.7357 79.2357 -23.1851 -60.276302
-26.0186 79.7983 -22.2548 -60.322782
-27.6912 80.6895 -21.9109 -60.370323
-29.3246 81.7314 -21.4655 -60.418941
-31.1306 82.4861 -21.4143 -60.468761
-32.9071 83.2024 -21.5235 -60.519889
-34.8537 83.2248 -21.3716 -60.572338
-36.6622 83.819 -20.8419 -60.62579
-38.0322 83.5029 -19.5874 -60.680784
-39.4902 83.5562 -18.2934 -60.736677
-40.9141 84.0358 -17.0459 -60.793527
-42.4783 85.0996 -16.5078 -60.851082
-44.0118 86.2891 -16.2793 -60.909611
-45.0805 86.8165 -17.3328 -60.97054
-45.3985 87.0849 -19.2874 -61.032085
-46.0085 87.5938 -21.1008 -61.094608
-46.5256 87.8633 -23.0125 -61.158106
-47.0124 88.1443 -24.9307 -61.222471
-48.0466 88.8001 -25.8124 -61.286689
-49.3531 89.8139 -24.8517 -61.351544
-23.4169 79.5945 -22.041 -60.208206
-7.4755 47.1812 -14.128 -60.061536
-6.6397 46.9581 -15.442 -60.044067
-6.0885 47.0624 -16.854 -60.027322
-5.6785 47.4504 -18.3124 -60.010938
-5.0375 48.1975 -19.4234 -59.995086
-4.9376 48.8586 -20.8471 -59.979815
-4.8994 49.5688 -22.2208 -59.965193
-4.8067 50.8524 -23.1201 -59.951202
-4.348 52.1399 -23.896 -59.937358
-3.8636 53.4258 -24.6617 -59.924832
-3.2759 54.7308 -25.2965 -59.913555
-2.6137 56.0992 -25.6637 -59.903323
-1.9972 57.5231 -25.7699 -59.894076
-0.7472 58.4335 -25.8246 -59.886081
0.1834 59.5702 -25.9895 -59.879163
1.0556 60.8294 -26.3063 -59.873421
1.4265 62.1744 -26.9168 -59.868921
1.2466 63.3678 -27.9187 -59.865773
0.8615 64.5278 -28.8693 -59.863997
-1.2039 34.2315 -8.7378 -60.480161
-2.1645 36.692 -8.3921 -60.476544
-3.11 39.1845 -8.3928 -60.473989
-3.9026 40.3411 -6.7187 -60.473087
-4.4638 40.8393 -4.1593 -60.473768
-5.2514 41.2336 -1.6507 -60.475976
-6.4986 41.3875 0.6577 -60.479838
-6.9016 41.3668 3.1344 -60.485448
-8.3244 41.1475 5.0228 -60.492777
-9.0777 42.2825 6.6587 -60.503897
-10.4818 44.1286 6.7312 -60.518783
-12.0542 45.877 6.472 -60.535301
-13.7926 47.4551 6.7415 -60.553514
-14.3287 48.7274 8.6097 -60.573554
-14.2892 50.0448 10.5825 -60.595201
-14.3831 52.2013 11.5125 -60.618226
-15.4653 54.1641 11.5993 -60.642981
-15.9872 56.1264 10.7348 -60.669454
-15.9935 58.493 10.4465 -60.697464
-16.6674 59.2873 8.5547 -60.727835
-17.4698 59.7595 6.3608 -60.759939
-17.8092 61.9411 6.2291 -60.793039
-19.8136 62.8997 6.5069 -60.828278
-21.3274 63.1601 7.9551 -60.865535
-22.8218 64.0013 9.1439 -60.893157
-24.7396 64.6596 9.7419 -60.910939
-25.9313 65.6939 8.2209 -60.929608
-27.3521 67.091 7.1443 -60.949189
-27.8515 68.7801 5.7356 -60.969692
-28.9706 70.1238 4.2552 -60.991262
-29.8302 71.1977 2.3661 -61.013965
-30.5772 72.9481 2.3143 -61.037479
-31.2511 73.9836 4.3225 -61.062202
-31.8836 74.7971 6.3519 -61.088048
-33.4979 76.3178 6.0157 -61.114545
-35.3494 77.7054 5.6794 -61.142073
-36.2359 77.7987 3.4859 -61.171201
-36.823 78.2142 1.2302 -61.20127
-37.2962 78.8752 -1.0041 -61.232262
-38.0777 79.5243 -3.1351 -61.264109
-38.5828 79.8578 -5.4262 -61.297319
-40.1286 80.7679 -6.86 -61.331131
-41.8887 81.3717 -5.9333 -61.366156
-43.201 81.2826 -4.0378 -61.402608
-44.3102 81.7185 -2.0187 -61.439863
-23.2557 64.0561 8.131 -60.899927
-24.9649 64.9635 8.1844 -60.931382
-26.0616 65.9005 8.9001 -60.964848
-26.305 66.1448 10.8713 -61.000121
-26.4364 66.2766 12.8582 -61.036125
-26.7662 66.3845 14.8041 -61.073338
-28.2543 66.3369 15.7942 -61.111712
-29.7596 66.2207 16.7645 -61.151544
-29.8152 66.2528 18.7633 -61.192561
-30.2709 66.9957 19.6957 -61.234507
-31.7156 67.9135 20.4594 -61.277829
-32.1409 69.5247 21.5115 -61.322028
-33.0427 71.1208 22.2483 -61.3672
-33.7682 72.7602 23.0868 -61.41338
-34.714 74.4169 23.6586 -61.460436
-35.5114 76.0162 24.4887 -61.508427
-35.8784 77.7991 25.2812 -61.5573
-36.6919 79.4931 25.9091 -61.606972
-37.5921 81.2366 26.1638 -61.657227
-37.9648 82.9348 26.6532 -61.708438
-38.1232 84.1537 28.0096 -61.760124
-37.4894 85.6297 29.04 -61.8122
-37.0034 87.4849 29.1485 -61.864499
-36.7841 89.4485 29.2879 -61.918786
-36.3959 91.4052 29.448 -61.97309
-9.6387 41.5186 6.3846 -60.490828
-11.2133 41.8239 6.3128 -60.479159
-12.0979 42.4791 4.8865 -60.468059
-13.2557 43.35 3.9751 -60.457735
-14.2423 43.577 2.4577 -60.448382
-15.3556 43.71 1.0276 -60.439881
-15.9894 44.5732 -0.4476 -60.431945
-16.6871 45.12 -2.0478 -60.424924
-17.7188 45.8368 -3.2857 -60.41863
-18.5783 46.8498 -4.5254 -60.413051
-19.9074 47.2662 -5.6939 -60.408453
-21.5852 47.5437 -6.3542 -60.404691
-22.9761 48.6597 -6.3259 -60.401449
-24.3563 49.8697 -6.2079 -60.398931
-25.8552 50.8966 -6.0169 -60.397208
-27.0962 51.9486 -5.4199 -60.396188
-27.9482 52.3876 -3.9646 -60.396047
-29.654 52.5789 -3.9322 -60.396645
-30.6445 52.9077 -5.3714 -60.397833
-32.0441 53.5066 -6.2656 -60.399529
-33.4656 54.634 -6.5349 -60.401617
-34.9544 55.5474 -7.0531 -60.404282
-36.2819 56.6634 -7.6004 -60.407353
-37.6486 57.8611 -7.7756 -60.410825
-38.5034 59.4777 -7.6459 -60.414532
-39.3718 61.0534 -7.2838 -60.418542
-40.2991 62.551 -6.7638 -60.422826
-41.2384 64.045 -6.261 -60.427302
-41.8614 65.6914 -5.7694 -60.431841
-42.4591 67.2851 -5.1652 -60.436451
-43.3383 68.5969 -4.4191 -60.441123
-44.4522 70.0317 -4.1392 -60.445645
-45.5063 71.5345 -4.0501 -60.449989
-46.5569 73.035 -4.1531 -60.454081
-47.8716 74.2263 -4.5515 -60.457947
-48.8625 75.1738 -5.5759 -60.461492
-49.2408 75.7623 -7.2733 -60.464707
-49.4584 77.0985 -8.4631 -60.467125
-49.9501 78.752 -8.946 -60.468842
-51.026 79.8745 -9.2484 -60.47004
-51.28 79.9424 -10.8927 -60.470843
17.7044 20.951 4.9703 -60.787944
18.2015 22.2043 5.6044 -60.783413
18.6985 23.4577 6.2386 -60.779259
19.0912 25.152 6.8819 -60.774529
19.429 27.2733 6.757 -60.769719
20.0937 28.9393 5.4586 -60.765999
20.5192 30.5261 4.0181 -60.763333
21.7848 31.8769 2.8501 -60.761842
22.0977 33.1829 1.0434 -60.761536
23.2662 34.71 0.0406 -60.762389
23.7528 35.2305 -1.9989 -60.764846
24.4415 36.3316 -0.4475 -60.768462
25.2156 37.3871 1.3732 -60.773463
25.5431 38.1412 3.4507 -60.779986
26.3109 39.4951 5.0553 -60.787737
27.3125 40.7429 3.9319 -60.797003
27.6125 41.5008 5.9749 -60.807998
27.8649 42.4672 7.8245 -60.820428
28.5761 44.0126 9.106 -60.834185
29.3017 45.8785 9.8466 -60.849377
29.8444 47.4239 10.9837 -60.866356
29.8427 48.4745 12.9418 -60.885016
30.4043 50.5089 13.6559 -60.904922
32.2661 51.6774 14.0416 -60.926716
33.7432 53.3643 13.9508 -60.949928
35.3704 54.8773 13.6311 -60.974824
36.404 56.7929 13.1328 -61.001209
37.9566 57.9008 12.228 -61.029372
39.1636 59.6692 11.6914 -61.05895
40.7811 61.2139 11.412 -61.090211
42.5407 62.5144 11.7504 -61.123026
43.9242 63.8221 12.81 -61.157466
45.3908 65.165 13.6376 -61.193395
45.9271 67.2097 14.1714 -61.230478
46.6355 69.1359 14.3788 -61.26906
48.3635 70.1089 14.8857 -61.309413
49.6569 71.9103 15.1633 -61.351692
50.9513 73.7475 15.4455 -61.395332
52.8054 74.9337 15.6383 -61.439621
54.7263 75.5702 15.6827 -61.485307
56.0864 76.9982 15.657 -61.53197
57.1449 78.0802 14.4904 -61.580088
58.894 79.349 14.0314 -61.629097
60.9129 80.2627 14.3307 -61.679221
62.6887 81.5896 14.007 -61.730244
64.1912 82.1373 14.8133 -61.782693
65.3934 82.3955 16.5144 -61.835952
66.9021 83.2776 17.6975 -61.88956
67.4164 84.9808 18.6495 -61.943509
68.0681 86.9646 19.2519 -61.997651
18.9087 24.0362 7.1126 -60.777074
19.1476 18.9083 3.9431 -60.777897
20.9905 18.3979 3.8423 -60.76469
22.9152 18.2333 3.6481 -60.751737
24.7758 17.8958 3.3306 -60.739316
26.5871 18.0132 3.1308 -60.727272
28.3023 18.6484 3.6845 -60.715648
29.9424 18.8206 4.6508 -60.70483
31.2866 18.6601 5.9911 -60.69478
32.7096 18.1098 7.1234 -60.685608
34.1103 16.8391 7.543 -60.677461
35.4164 15.4177 7.7072 -60.670179
36.5618 14.0174 7.4707 -60.663756
38.0589 13.6462 6.35 -60.657908
39.8047 13.3092 5.8907 -60.652968
41.5119 12.7068 5.2455 -60.649046
42.8693 12.0614 4.0202 -60.646083
44.4573 11.3345 3.2295 -60.644119
45.9294 10.8303 2.4767 -60.643066
47.1014 10.1377 3.6205 -60.643064
48.3849 9.3089 4.6779 -60.6441
49.394 9.6773 6.2389 -60.645773
50.6478 10.0528 7.6185 -60.648439
51.9327 9.8336 9.0023 -60.652273
53.4883 10.1208 10.104 -60.656927
55.2334 9.8227 9.9071 -60.662725
57.0597 9.924 9.3135 -60.669737
58.8743 9.6526 8.6558 -60.677991
60.689 9.3812 7.9981 -60.686885
62.4959 9.1815 7.3186 -60.696342
64.0964 9.6659 6.3822 -60.70632
65.6128 10.0298 5.5676 -60.717145
66.3879 8.7348 6.61 -60.72928
67.0408 7.9267 8.2378 -60.741957
67.6184 7.3624 10.0083 -60.755294
68.2214 6.7991 11.7671 -60.769273
68.8557 6.3245 13.5452 -60.783719
69.5936 6.0215 15.3177 -60.798707
70.6128 5.6939 16.9232 -60.814053
71.846 5.1297 18.3139 -60.829729
73.446 5.6128 19.1551 -60.845426
75.1394 5.1362 19.9892 -60.861875
76.7792 5.1163 20.887 -60.878022
78.3203 5.541 21.9782 -60.894087
79.5543 6.0354 23.1887 -60.910056
80.477 6.477 24.7608 -60.925798
82.1371 6.4027 25.3832 -60.941444
83.992 6.8997 25.7174 -60.95653
85.8702 6.8251 26.0726 -60.971315
87.7509 6.7088 26.4848 -60.985499
89.6348 6.7028 26.6547 -60.998912
91.0074 6.4378 25.4152 -61.01153
92.1971 6.0461 24.0228 -61.023267
93.1627 5.5053 22.7795 -61.034228
93.4181 5.3578 20.8527 -61.043822
93.6827 5.205 18.9277 -61.052029
93.9559 5.0473 17.0042 -61.058747
94.7999 4.5071 17.8661 -61.063926
-1.9865 16.2264 -10.9822 -60.952563
-1.6114 17.3396 -11.0385 -60.951291
-1.1973 18.2526 -10.4886 -60.950193
-0.4899 18.8695 -10.968 -60.949393
0.4947 18.656 -11.4238 -60.949137
-5.9486 122.6202 -36.4545 -55.032159
-4.8563 124.4889 -38.1946 -54.66406
-3.4433 126.1431 -39.8024 -54.286599
-2.2407 128.597 -40.3971 -53.898926
-1.5188 131.295 -40.1613 -53.50013
-1.6696 134.0734 -40.2753 -53.089879
-2.517 136.7345 -40.7076 -52.667349
-3.2762 139.4376 -41.1589 -52.231808
-4.1563 142.1305 -41.3938 -51.78285
-4.9956 144.8475 -41.5126 -51.319294
-4.2109 147.46 -41.641 -50.841098
-3.9407 150.1251 -41.6099 -50.346288
-3.8535 152.9656 -41.6389 -49.834888
-3.8797 155.8081 -41.7765 -49.304859
-3.362 158.4701 -41.8809 -48.75546
-3.9026 161.1882 -41.8597 -48.185696
-4.6546 163.8938 -41.7416 -47.594453
-4.458 166.7321 -41.7051 -46.980298
-4.7248 169.4267 -41.9823 -46.341783
-5.9516 171.9513 -42.4086 -45.676829
-6.8697 174.6164 -42.5236 -44.98401
-7.1469 177.3942 -42.5991 -44.260425
-8.5483 179.5426 -43.6297 -43.50369
-9.0965 181.9163 -44.9846 -42.708851
-9.3572 184.5276 -45.8738 -41.874968
-10.3037 185.8819 -45.5629 -41.291137
-12.6165 185.7411 -44.527 -40.971619
-14.6492 185.7303 -43.1953 -40.620811
-16.2496 187.2653 -42.1906 -40.231122
-17.9145 189.1431 -41.8854 -39.798036
-19.4479 191.0685 -41.5909 -39.317724
-21.0169 192.9475 -41.0017 -38.785965
-22.4125 194.4386 -40.3024 -38.199349
-23.7068 195.9472 -39.0039 -37.55418
-25.0392 197.7028 -39.8911 -36.848585
-25.8175 200.0563 -40.2799 -36.081434
-26.6369 201.4551 -41.5533 -35.250502
-27.5289 202.2594 -40.2727 -34.357625
-29.472 203.3638 -40.3713 -33.405489
-31.4096 204.4733 -39.3932 -32.392068
-31.9894 205.4816 -37.1556 -31.311918
-32.896 206.6385 -35.2063 -30.169051
-33.7738 206.9925 -32.8727 -28.949956
-35.326 208.2821 -31.3862 -27.648359
-36.5537 210.18 -30.3332 -26.239726
-37.6503 212.1937 -29.5135 -24.69588
-38.7499 214.0475 -28.2022 -22.974337
-38.8366 216.2339 -27.1303 -21.02552
-39.8429 217.9451 -25.6872 -18.786802
-40.3547 220.3663 -25.6679 -16.177549
-9.0607 186.6005 -47.0068 -41.112749
-8.6412 188.5188 -48.1723 -40.429425
-7.9227 189.8909 -49.7878 -39.702868
-7.3389 191.2666 -51.5099 -38.929878
-6.8689 192.8579 -53.067 -38.108236
-6.5717 194.5306 -54.6272 -37.233267
-6.699 195.7688 -56.5782 -36.300946
-6.6007 197.3796 -57.9455 -35.312582
-5.361 198.4457 -59.4593 -34.264969
-4.0706 199.0919 -61.2062 -33.158938
-2.56 200.3359 -61.9713 -32.001386
-1.1767 202.1203 -62.473 -30.79306
0.1257 203.765 -63.1817 -29.541384
0.5779 205.9809 -62.9411 -28.250916
1.7705 207.8999 -62.7909 -26.930136
1.7806 210.0234 -63.3852 -25.584269
1.251 212.0868 -62.5412 -24.215975
0.3882 214.2228 -62.3899 -22.827974
-0.4598 216.2968 -62.9067 -21.412749
-1.2479 218.4121 -63.4146 -19.955672
-2.0973 220.5416 -63.7457 -18.436129
-3.4118 222.4275 -63.923 -16.825601
-5.2388 223.8332 -64.0726 -15.088171
-7.0057 225.2983 -64.337 -13.176731
-8.1122 227.0393 -64.9339 -11.025937
-8.3675 229.0243 -65.402 -9.123666
-8.7031 230.7886 -65.6689 -7.544487
-9.2813 232.5101 -65.8231 -5.682826
-9.2237 228.2929 -64.8468 -9.259605
-10.9382 228.5001 -64.259 -7.89218
-12.6565 228.7042 -63.682 -6.17351
-25.5183 124.0162 -29.3962 -57.908318
-26.4756 125.8583 -28.1987 -57.879069
-27.6755 127.8327 -27.6028 -57.84768
-27.9279 128.8492 -29.077 -57.814272
-28.5728 129.8586 -27.39 -57.77831
-29.4951 131.5172 -26.0388 -57.739812
-30.3172 133.5583 -25.0126 -57.698464
-30.9903 134.755 -23.0132 -57.654508
-31.8576 136.0757 -21.167 -57.607496
-32.9249 137.8539 -19.8699 -57.557166
-34.7749 138.8966 -19.3111 -57.503629
-36.3176 139.9122 -18.0849 -57.446602
-37.4604 141.3871 -16.8864 -57.385675
-38.6623 143.1941 -16.0632 -57.320584
-40.1691 144.5551 -14.9429 -57.251314
-41.2877 146.3296 -14.9203 -57.177409
-42.5778 148.1549 -14.027 -57.098851
-43.9866 149.9737 -13.1872 -57.015489
-45.0144 151.7833 -12.0503 -56.926845
-45.5532 153.8159 -10.8393 -56.832585
-46.3861 156.0367 -10.2537 -56.732467
-46.9837 158.3901 -9.9517 -56.626342
-47.8117 160.6751 -9.7756 -56.51367
-49.0447 162.6915 -9.706 -56.394388
-50.015 164.9082 -9.8518 -56.267868
-51.5234 166.8379 -9.9384 -56.133857
-52.9161 168.8061 -9.9279 -55.991875
-54.0733 170.9215 -9.7859 -55.84133
-55.7453 172.652 -9.5467 -55.682002
-57.6094 174.1497 -9.6472 -55.513253
-59.246 175.273 -8.9172 -55.334488
-60.6519 176.3429 -7.7572 -55.145154
-61.8971 178.3631 -7.4187 -54.944283
-62.7492 180.6081 -7.5045 -54.731144
-63.9736 182.7158 -7.7021 -54.505549
-65.2308 184.8141 -7.6187 -54.266601
-66.7492 186.7003 -7.6491 -54.013478
-68.417 188.4651 -7.7574 -53.744928
-69.4591 190.6092 -7.7695 -53.460257
-69.6776 192.1396 -9.5531 -53.157173
-70.6232 193.0213 -8.854 -52.831742
-70.9662 193.1386 -6.4297 -52.486944
-71.4596 193.5338 -4.0639 -52.120822
-72.1758 195.2071 -3.9513 -51.734371
-73.6159 196.7389 -5.1111 -51.323242
-74.8609 198.522 -6.148 -50.884878
-75.7426 199.5734 -7.6936 -50.416322
-75.3694 199.5725 -10.1146 -49.907199
-74.4019 199.6256 -11.6143 -49.368202
-73.8016 200.0979 -9.3728 -48.784613
-74.5843 201.3776 -7.8285 -48.152198
-75.66 202.8847 -6.3385 -47.457665
-76.7569 204.7933 -5.2692 -46.684049
-77.7876 206.5222 -4.0466 -45.804093
-78.7815 208.5213 -3.0989 -44.782246
-29.3228 87.5393 7.4141 -60.609261
-29.9005 87.4969 9.1019 -60.682404
-30.4781 87.4545 10.7898 -60.754383
-31.0558 87.4122 12.4776 -60.82516
-32.2782 87.1841 13.3671 -60.895155
-33.8866 86.6278 13.8875 -60.965792
-35.2533 87.1539 14.4242 -61.036531
-35.8481 87.8038 15.3321 -61.107519
-36.8463 86.9864 16.4788 -61.179382
-38.3951 86.3544 16.7879 -61.251348
-40.0436 86.842 16.4412 -61.32309
-41.676 86.6973 15.7688 -61.395252
-43.0795 86.67 14.6822 -61.467403
-44.7397 86.6061 14.8133 -61.539544
-46.2784 86.3685 14.6265 -61.611689
-47.931 85.969 14.7511 -61.683664
-49.3382 85.0184 15.2541 -61.755651
-51.0157 84.5548 15.4912 -61.827221
-52.76 84.3802 15.7377 -61.898129
-54.4766 84.1118 16.1326 -61.968542
-56.1575 83.722 16.5614 -62.038503
-57.6854 83.1665 17.2616 -62.107904
-59.449 83.0129 17.2864 -62.176237
-61.2047 83.1213 17.0316 -62.243463
-62.4985 83.4162 16.057 -62.309706
-64.2493 83.561 15.9695 -62.374834
-65.9938 83.4285 15.6473 -62.438819
-67.7202 83.5173 15.2308 -62.501289
-69.055 83.036 14.2322 -62.562412
-69.8653 82.2066 12.9383 -62.621985
-71.0115 81.258 11.9738 -62.679658
-72.4278 80.4398 11.5445 -62.735387
-73.698 79.222 11.6667 -62.788974
-74.8344 77.8746 11.8888 -62.840103
-76.1909 76.8138 12.1994 -62.888883
-77.7152 76.0674 12.6693 -62.934903
-79.2241 75.3783 13.2714 -62.978026
-80.5771 74.3384 13.7242 -63.018258
-81.948 73.2954 14.1285 -63.055311
-83.3128 72.1963 14.4348 -63.088956
-84.2563 70.7511 14.49 -63.11923
-85.9688 70.3467 14.3507 -63.145458
-87.6869 70.083 14.43 -63.167691
-89.1236 69.3762 14.9056 -63.186013
-90.0942 69.1674 16.3612 -63.19995
-91.4773 68.4273 17.0893 -63.209573
-93.1744 68.4543 17.5737 -63.214345
17.4714 115.5383 -32.7054 -60.176341
18.7181 116.515 -32.6736 -60.213294
19.4474 117.9165 -32.6863 -60.249519
20.2746 119.2604 -32.6312 -60.28526
21.0837 120.5882 -32.4636 -60.320327
21.7758 121.9988 -32.2416 -60.354642
22.3094 123.4582 -32.1155 -60.38815
23.1409 124.8071 -32.0128 -60.420737
23.9385 126.1782 -31.9172 -60.45242
25.0849 127.2066 -31.902 -60.483037
25.7601 127.3047 -33.2559 -60.513072
26.628 127.211 -34.5602 -60.541955
27.4583 127.1967 -35.7592 -60.569276
28.395 127.5305 -34.6253 -60.595008
29.5644 128.205 -33.8463 -60.618962
30.5696 128.6374 -32.8152 -60.64143
32.0051 129.043 -32.2921 -60.662068
33.4128 129.4399 -31.6761 -60.680797
34.7649 130.0848 -31.1622 -60.697417
36.07 130.7044 -30.5266 -60.711924
37.2954 130.2845 -29.7509 -60.724563
38.6668 129.8544 -29.4393 -60.734924
40.0959 129.824 -28.9371 -60.742737
41.6596 129.7812 -29.1527 -60.748067
43.163 129.7557 -29.5887 -60.750783
37.3605 97.6671 -24.1386 -60.344887
38.5247 98.3419 -23.3011 -60.372742
39.4075 98.7958 -22.0704 -60.400105
39.7833 99.3954 -20.6642 -60.426763
39.86 99.407 -19.0804 -60.453144
40.1939 99.8932 -18.7303 -60.478188
40.4963 100.318 -20.2174 -60.502504
41.4643 101.4944 -20.1061 -60.525371
42.3976 102.7119 -19.7798 -60.547085
43.1049 104.0833 -19.5568 -60.56759
44.0865 105.3182 -19.6544 -60.586795
44.7899 106.7249 -19.7113 -60.604596
45.9094 107.8469 -19.694 -60.621006
47.0015 108.9935 -19.6267 -60.635862
47.4874 110.1272 -19.5101 -60.649478
47.4694 110.2183 -21.0953 -60.662974
47.4514 110.3094 -22.6805 -60.674276
47.4334 110.4005 -24.2657 -60.683357
47.4153 110.4915 -25.8509 -60.690191
47.3973 110.5826 -27.4361 -60.694757
47.3793 110.6737 -29.0213 -60.697035
-43.1464 107.2097 -8.6051 -61.338308
-44.2349 108.3552 -9.2701 -61.395097
-45.5183 109.1815 -10.1573 -61.452615
-46.5455 110.332 -10.9218 -61.51062
-47.6198 111.4497 -11.7523 -61.569177
-48.7733 112.6103 -11.9929 -61.628276
-49.0763 114.3515 -11.8794 -61.687764
-49.3422 116.0762 -11.586 -61.747611
-49.7822 117.0822 -10.2937 -61.808268
-50.4256 118.2912 -9.1739 -61.869245
-50.9978 119.2379 -7.7863 -61.930704
-51.2625 120.0244 -6.2601 -61.992698
-51.6654 121.1492 -4.9912 -62.054613
-51.9476 122.7357 -4.2703 -62.116595
-52.5998 124.2212 -3.6393 -62.178709
-53.274 125.7541 -3.0637 -62.24075
-53.9887 127.1954 -2.3704 -62.302804
-53.963 128.1021 -0.9245 -62.365596
-54.6255 128.6873 -0.6995 -62.428551
-55.0557 128.8462 -2.4173 -62.491639
-55.7093 129.6088 -3.8029 -62.553598
-56.3904 130.5701 -3.4395 -62.615176
-57.2397 131.7558 -2.5815 -62.676307
-57.7383 132.4193 -1.0375 -62.737654
-58.1997 132.8604 0.5026 -62.798196
-59.135 134.2149 0.2827 -62.857514
-59.5411 135.9385 0.3726 -62.915769
-60.3211 137.5272 0.4547 -62.973083
-61.5615 138.7924 0.4272 -63.029354
-62.8427 140.0202 0.4049 -63.084543
-63.9756 141.337 0.4784 -63.138346
-65.5415 142.0698 0.6041 -63.190895
-66.8201 143.3029 0.6105 -63.241716
-67.9523 144.6731 0.6097 -63.292077
-69.0106 146.0943 0.6091 -63.339495
-69.7753 147.6531 0.6561 -63.384509
-69.9859 148.4831 2.1055 -63.42792
-70.4429 149.3779 3.3991 -63.468757
-71.6135 150.4383 2.691 -63.506937
-72.4835 151.5429 1.7355 -63.542401
-72.9227 152.8592 2.7049 -63.575038
-72.5877 154.4469 3.3601 -63.604528
-73.0119 156.1489 3.5593 -63.630826
-73.1545 157.8864 3.5882 -63.653726
-74.1953 159.319 3.6169 -63.673187
-74.932 160.9303 3.7174 -63.688932
-75.2192 162.6661 3.8423 -63.700781
-75.4158 163.3004 5.1393 -63.709148
-75.4017 163.5667 6.8972 -63.713439
-50.1374 90.531 -23.3634 -61.413421
-51.2673 90.8857 -22.5511 -61.471604
-52.7159 91.6607 -23.1098 -61.529987
-54.0702 92.6015 -23.357 -61.58877
-55.4386 93.0469 -22.4458 -61.648074
-56.998 93.6059 -21.9041 -61.707713
-58.5673 94.2413 -21.5078 -61.76755
-59.4515 94.8578 -20.2839 -61.828075
-60.3751 95.9904 -19.3491 -61.888111
-61.639 96.317 -18.2753 -61.948603
-62.5765 96.8459 -17.7339 -62.009068
-63.9654 97.6322 -17.7098 -62.06957
-65.6166 98.1559 -17.9424 -62.130031
-67.3141 98.5251 -18.0363 -62.190442
-68.9906 98.999 -17.9141 -62.250411
-70.4527 99.8368 -17.5623 -62.310044
-71.8636 100.5751 -16.8437 -62.369248
-73.2945 101.1084 -16.0241 -62.427961
-74.8032 101.5319 -15.3155 -62.486123
-76.2937 102.0431 -14.7677 -62.543561
-76.9439 103.3194 -13.9021 -62.600001
-77.7853 104.5384 -13.0235 -62.655535
-79.1174 105.4827 -13.5256 -62.709974
-80.5678 106.3785 -13.889 -62.7633
-81.9123 107.4474 -14.0602 -62.815082
-82.892 108.884 -14.1362 -62.865427
-83.7902 110.3676 -14.0768 -62.914262
-84.9748 111.6284 -13.8567 -62.961328
-86.2002 112.6963 -13.3076 -63.00681
-87.0479 113.9279 -12.479 -63.050266
-87.7411 115.4304 -11.9657 -63.091409
-88.823 116.6812 -11.5653 -63.130353
-89.4834 118.0465 -10.8065 -63.166882
-90.0558 119.4566 -9.9504 -63.200848
-90.8226 120.9302 -9.4429 -63.231981
-91.9586 122.2396 -9.3374 -63.26022
-92.8888 123.6775 -9.6286 -63.285383
-93.6083 125.2344 -9.9613 -63.307318
-94.4583 126.6908 -10.3334 -63.325897
-95.6371 127.179 -11.2403 -63.341347
-96.5223 128.3643 -11.7434 -63.352871
-97.3565 129.8343 -11.9607 -63.360485
-98.0187 131.4271 -12.0082 -63.364106
-44.8397 82.3848 -0.1022 -61.473683
-45.6858 82.6745 1.4762 -61.503953
-47.0854 83.466 2.0376 -61.534577
-47.9154 84.1261 0.6038 -61.566037
-48.4536 84.4912 -1.1078 -61.598154
-49.4629 84.7481 -2.3216 -61.630936
-50.8487 85.4683 -2.9272 -61.664305
-51.3634 86.2483 -4.138 -61.698644
-51.1604 85.8865 -5.9031 -61.733982
-51.4147 86.3329 -4.63 -61.7699
-51.3753 86.9211 -3.2026 -61.806233
-51.6511 88.546 -2.6095 -61.842905
-52.0008 89.4665 -3.9264 -61.880845
-52.6137 90.8015 -4.1725 -61.919246
-53.4473 92.4123 -3.9386 -61.958373
-53.8653 94.1635 -3.6555 -61.998251
-53.9519 95.9277 -3.215 -62.038955
-54.3051 97.4953 -2.5507 -62.080567
-54.5625 98.6898 -1.1952 -62.12299
-54.547 99.8234 0.1762 -62.166348
-54.2907 100.3598 1.9096 -62.210822
-54.7709 101.2087 3.4194 -62.255676
-54.4328 101.9413 3.8933 -62.301202
-53.0212 101.1678 3.092 -62.347939
-52.5222 101.109 4.5528 -62.395516
-54.1846 101.7537 4.4499 -62.44334
-55.6576 102.8136 4.5394 -62.491695
-56.499 104.3974 4.7059 -62.540592
-56.8786 106.1716 4.8788 -62.590103
-56.4546 107.8733 4.5587 -62.640206
-55.6814 109.1098 4.4339 -62.691471
-55.7928 109.3656 6.2457 -62.74444
-56.2213 109.7146 7.7986 -62.796658
-55.5336 111.171 7.9788 -62.848874
-57.2605 111.7016 8.1166 -62.901578
-58.1121 113.2561 8.4551 -62.954266
-58.5985 114.919 9.0311 -63.007094
-59.6859 116.036 9.8099 -63.059899
-59.434 116.5435 10.5662 -63.112984
-59.3051 118.1105 11.4366 -63.165444
-59.9415 119.6907 12.0733 -63.21767
-60.8614 121.156 12.3489 -63.269291
-61.607 122.4945 11.39 -63.320453
-62.1797 124.0961 10.8491 -63.370607
-62.6253 125.8486 10.8404 -63.41964
-62.2188 127.4063 11.6395 -63.467507
-61.8461 129.0333 12.3882 -63.513927
-62.5327 130.6886 12.3999 -63.558716
-62.936 132.4579 12.2088 -63.601727
-63.3234 134.2117 11.8803 -63.642787
-63.6303 135.945 11.5157 -63.681568
-63.951 136.5199 9.8435 -63.718508
-64.1784 137.2406 8.1925 -63.752573
-64.0694 138.3872 6.7995 -63.783452
-64.3697 140.0086 6.0583 -63.811122
-64.8732 141.6033 5.322 -63.835363
-65.5178 142.5596 4.0703 -63.856286
-65.7682 143.1976 5.3492 -63.873516
-66.7186 144.3442 5.8832 -63.886507
-67.5125 145.9488 6.0337 -63.895111
-68.2142 147.6123 6.0332 -63.899244
-36.2134 93.2108 29.5751 -62.021638
-36.6635 94.7733 29.8902 -62.065537
-36.9263 96.2364 30.4302 -62.109329
-37.1622 97.773 30.8495 -62.153003
-37.5529 99.3568 31.1525 -62.196521
-37.9173 100.9487 31.3678 -62.239574
-38.3971 102.525 31.406 -62.282347
-38.3118 104.182 31.3802 -62.324539
-38.3833 105.841 31.3619 -62.366145
-38.5184 107.493 31.3513 -62.407126
-38.1793 109.1047 31.3065 -62.447399
-37.694 110.6348 31.1726 -62.486766
-37.4366 112.1749 31.1742 -62.525262
-36.4341 113.3684 31.2349 -62.562937
-35.2673 114.4885 31.1966 -62.599446
-35.1913 116.0244 31.322 -62.634582
-36.1323 117.264 31.8032 -62.668491
-36.1013 118.8174 31.8898 -62.700884
-35.2737 120.1279 31.585 -62.731756
-34.1912 121.3196 31.36 -62.76101
-33.7141 122.9011 31.2289 -62.788256
-33.0667 124.4147 31.1658 -62.813627
-32.8786 126.0601 31.1275 -62.836875
-32.0835 127.4884 31.1247 -62.857986
-31.8296 129.12 31.1246 -62.876779
-31.1422 130.5851 30.9859 -62.893191
-30.3228 131.8477 30.3079 -62.907169
-29.6856 132.4849 28.9766 -62.918739
-29.0719 133.0333 27.5676 -62.927587
-28.0844 133.7856 27.8775 -62.93347
-27.152 134.469 28.6173 -62.936367
68.8569 88.73 19.5506 -62.04529
69.4626 89.4871 18.5505 -62.087068
69.8694 90.2922 17.5312 -62.128773
70.1133 90.9732 19.0619 -62.170637
70.2522 92.4115 19.6157 -62.212
70.8156 93.9888 19.8859 -62.253135
70.9233 95.5529 19.5992 -62.294167
71.3862 97.0655 19.4044 -62.334881
72.5006 98.2929 19.6588 -62.375235
72.7344 99.9408 19.94 -62.41511
72.932 101.5833 19.995 -62.454517
72.4313 103.198 19.9089 -62.493372
71.8799 104.7873 20.0008 -62.531458
71.5282 106.416 19.8144 -62.568862
71.2624 108.037 19.4849 -62.605395
70.3107 109.3594 19.2993 -62.640946
69.2896 110.7156 19.219 -62.675421
68.8552 112.3448 19.1576 -62.708628
68.8224 113.8606 18.9579 -62.740575
69.0085 114.8834 18.0264 -62.771427
68.8524 116.0924 16.8932 -62.800727
69.7271 117.2159 15.9694 -62.828487
70.0973 118.581 15.0882 -62.854406
70.8674 119.2691 13.939 -62.878858
70.3855 118.9765 13.515 -62.901571
69.9666 118.6726 13.3866 -62.922437
70.2125 118.847 11.7059 -62.941264
70.4357 118.9096 10.8982 -62.957499
70.1867 118.7318 12.5649 -62.971586
69.521 118.6003 13.8778 -62.98292
69.0153 119.2849 13.1332 -62.991317
69.8993 119.8704 11.9133 -62.997004
70.2963 119.9515 10.2866 -62.999978
95.5228 3.6634 18.9207 -61.066837
95.9521 3.5018 19.9853 -61.068226
96.3294 3.3373 21.069 -61.068961
-41.3421 222.5153 -25.6062 -13.295524
-42.702 224.1478 -25.2091 -10.805943
-44.2458 225.1088 -24.0553 -8.488267
-45.8189 226.0665 -23.0056 -6.328855
-47.3319 227.1224 -21.9872 -4.310346
-48.8138 228.7344 -21.8003 -2.416317
-50.1281 230.4969 -21.9165 -0.630263
-51.8278 231.7383 -22.0527 1.064903
-52.8158 233.6774 -22.1145 2.686206
-53.0724 235.6787 -22.1684 3.88871
-53.6815 237.6012 -22.215 4.686719
-54.8336 239.2327 -22.1693 5.443631
-55.9455 240.9107 -22.1307 6.165179
-56.8959 242.6769 -22.2538 6.856779
-57.6448 244.0732 -23.1351 7.52326
-57.9004 245.3567 -24.6431 8.167681
-58.5973 247.0318 -25.4177 8.792713
-59.3933 248.8468 -25.6686 9.401981
-60.5485 250.492 -25.7129 9.998302
-62.0102 251.8694 -25.795 10.584279
-63.5819 251.7041 -25.7766 11.16069
-65.1861 252.5294 -25.4878 11.730388
-66.5361 253.7075 -24.6451 12.293457
-67.4482 255.4346 -24.2826 12.851065
-68.0616 257.3349 -24.0645 13.403368
-69.279 258.781 -24.0213 13.949995
-70.6709 260.1778 -24.061 14.492373
-71.4436 262.0159 -24.0595 15.029369
-72.8554 263.4363 -23.888 15.559666
-74.3055 264.6952 -23.3614 16.082288
-75.6104 266.0079 -22.6232 16.597025
-76.4194 267.7709 -22.2236 17.103446
-77.0046 269.6763 -21.989 17.598488
-77.6943 271.5617 -21.8675 18.079815
-78.0414 273.5421 -21.7862 18.545551
-78.9873 275.301 -21.7403 18.992483
-80.3424 276.7952 -21.6879 19.41737
-81.6546 278.3163 -21.6068 19.817083
-83.1583 279.5974 -21.7854 20.187918
-84.8953 280.6045 -21.8472 20.525542
-86.7025 281.4584 -21.6828 20.824811
-87.8751 282.8646 -21.0904 21.080845
-89.4892 283.7967 -20.5891 21.287645
-91.1007 284.9601 -20.5677 21.439066
-92.4107 286.2858 -21.1453 21.528164
-94.0557 286.9976 -21.9919 21.546817
-95.7101 288.0996 -22.2545 21.487397
-97.3406 289.2852 -22.2657 21.341639
-98.976 289.9877 -22.9029 21.10034
-100.2796 290.7986 -23.6291 20.753813
-101.4799 291.8038 -22.4899 20.291904
-103.036 292.9887 -22.0284 19.70593
-104.6892 294.1312 -21.8834 18.98621
-106.3559 295.2232 -22.151 18.123195
-107.8941 296.3493 -22.6692 17.109268
-109.1385 297.4951 -23.597 15.935197
-110.8652 298.494 -23.4597 14.600144
-112.4721 299.5248 -23.016 13.098055
-113.8772 300.6139 -22.2042 11.431655
-115.339 301.8994 -21.8314 9.605244
-116.6463 303.427 -21.784 7.628653
-117.9037 305.0024 -21.8441 5.51276
-119.0254 306.6607 -22.003 3.272879
-119.7365 308.5266 -22.2827 0.932946
-120.0458 309.7921 -21.1758 -1.499558
-120.3335 310.3959 -19.2752 -3.977558
-120.8092 311.2425 -17.5331 -6.480511
-121.3861 312.9361 -16.6595 -8.985449
-122.3666 314.5966 -16.303 -11.466172
-123.445 316.2788 -16.4754 -13.916932
-124.5125 317.8962 -16.7048 -16.313005
-124.8879 318.6378 -14.9021 -18.661071
-124.9811 319.1413 -12.9496 -20.9372
-125.2786 319.7061 -11.0358 -23.132105
-125.7833 320.5605 -9.2875 -25.23178
-126.7853 321.2272 -7.7186 -27.242387
-128.1198 321.7372 -6.5853 -29.170103
-129.5338 322.6762 -5.6435 -31.009804
-130.8033 322.8583 -4.1103 -32.769513
-132.3486 322.5617 -2.9424 -34.4452
-133.5223 321.7567 -2.2514 -36.041747
-134.4075 321.0203 -3.7194 -37.562122
-136.141 320.0633 -3.704 -39.007189
-137.9234 319.2453 -3.5128 -40.382248
-139.8153 319.4438 -3.03 -41.704458
-141.7336 319.7231 -2.5415 -42.949709
-143.2992 318.8382 -1.8198 -44.130097
-143.6324 318.198 -3.1912 -45.256764
-144.6494 318.183 -2.5451 -46.3288
-145.6029 318.7473 -1.0864 -47.343016
-147.1116 319.1677 -0.0827 -48.305459
-149.0143 318.6505 0.3041 -49.219378
-150.835 317.9416 0.6531 -50.085558
-152.6003 318.3043 1.3039 -50.90595
-154.255 319.2248 1.8195 -51.682328
-156.1347 319.0641 1.3765 -52.418017
-157.9479 318.8394 0.6505 -53.114046
-159.8193 318.2421 0.4855 -53.773506
-161.6982 318.4908 0.8126 -54.395409
-163.3502 318.4678 1.946 -54.983035
-164.7917 318.8721 3.1901 -55.537489
-166.0348 318.4651 4.5448 -56.05943
-167.2051 317.7036 5.9108 -56.550369
-168.6856 318.3603 6.972 -57.01068
-170.5746 318.3686 7.6324 -57.442342
-172.4422 318.8037 8.0573 -57.845256
-173.7745 319.4811 7.41 -58.2224
-175.2708 319.8181 6.8918 -58.572617
-176.3866 321.0401 7.8064 -58.896905
-178.1084 321.388 8.4289 -59.197011
-179.8667 322.3331 8.1901 -59.471985
-181.7338 322.9719 7.9865 -59.723154
-183.2047 324.2061 7.6173 -59.950778
-184.6529 324.5109 6.7583 -60.155608
-186.4765 324.882 7.4149 -60.337689
-188.3601 325.5005 7.7542 -60.496772
-190.207 326.2741 7.8586 -60.633356
-191.8555 326.4884 7.2737 -60.747693
-192.3011 326.2807 5.3327 -60.841121
-192.4569 326.3027 3.3202 -60.913362
-192.6127 326.3246 1.3078 -60.961354
-192.7684 326.3466 -0.7047 -60.985297
-53.5618 234.7518 -22.4056 3.910194
-55.3696 234.7358 -22.9279 4.737617
-57.1775 234.7198 -23.4502 5.509446
-58.9758 234.7413 -23.9753 6.233007
-60.5834 235.6616 -24.1049 6.921341
-62.2107 236.6032 -24.0421 7.584549
-63.9306 237.3539 -24.0447 8.22452
-65.5569 238.2591 -24.1396 8.847478
-67.3063 238.9314 -24.1596 9.453962
-68.8366 239.9978 -24.0522 10.049799
-70.5332 240.314 -23.7713 10.635454
-72.1779 239.7124 -23.3677 11.213275
-73.9055 239.067 -23.0743 11.784409
-75.764 238.9129 -23.0612 12.350312
-77.5069 238.4311 -23.4834 12.91191
-79.2728 238.5078 -23.5052 13.469859
-81.0101 239.1307 -23.2489 14.024857
-82.8258 239.4159 -22.9537 14.576308
-84.5254 239.9346 -22.4418 15.123986
-86.2406 240.0396 -21.7161 15.667724
-87.8568 239.8217 -20.9364 16.205709
-89.3552 239.6723 -19.8507 16.737681
-90.7771 239.8281 -18.7653 17.261919
-92.3262 239.5258 -18.0598 17.776914
-94.0855 240.1028 -17.7873 18.280122
-95.877 240.5966 -17.5579 18.769271
-97.6988 241.0591 -17.507 19.242029
-99.53 241.4724 -17.4393 19.694454
-101.2527 242.1681 -17.1773 20.124244
-102.8299 242.815 -16.4434 20.526991
-104.4569 243.5931 -15.9937 20.897706
-106.2956 243.7075 -16.104 21.232335
-107.1732 243.8399 -14.6775 21.527322
-108.3872 244.3725 -13.7017 21.77393
-109.3454 245.4642 -12.5807 21.967112
-110.5466 246.5332 -11.6213 22.099684
-112.0874 247.1 -10.9503 22.163681
-112.6927 248.1713 -9.7197 22.151744
-113.85 248.7857 -8.6033 22.055276
-114.9422 250.1535 -8.2414 21.865729
-115.3929 251.8689 -7.6387 21.57327
-116.4822 252.9605 -6.8157 21.168576
-117.371 253.2374 -5.1806 20.640834
-118.358 253.8356 -3.7152 19.982676
-119.4595 254.4678 -2.3971 19.186036
-120.9563 255.2641 -1.6822 18.240185
-122.5163 255.9458 -1.0086 17.140696
-123.9831 256.9071 -0.452 15.881991
-124.7954 257.8348 0.9161 14.462571
-125.65 259.0549 2.0473 12.88446
-126.8265 260.4562 2.1583 11.149099
-128.2898 261.2032 2.616 9.262813
-129.0334 261.3894 4.2611 7.237063
-129.2473 261.2649 6.1105 5.023692
-129.4022 261.1437 7.9821 2.748042
-129.5576 261.0229 9.8536 0.436858
-129.7512 260.9235 11.7229 -1.981843
-129.9463 260.825 13.592 -4.395939
-130.1515 260.7135 15.4586 -6.767602
-130.5488 260.346 17.2477 -9.109272
-131.604 259.0778 18.099 -11.391009
-132.4067 258.2916 19.5872 -13.60982
-133.3932 257.3081 20.8241 -15.748906
-133.8044 256.3522 22.376 -17.795346
-134.6418 255.2368 23.5911 -19.742882
-135.4197 253.8392 24.4892 -21.584724
-135.7 253.4829 26.3153 -23.323381
-136.3101 252.641 27.7577 -24.943393
-136.3201 251.3179 26.4825 -26.447829
-136.8701 249.6435 26.0944 -27.840212
-137.7175 248.1362 25.6627 -29.11573
-137.6045 246.4619 25.1316 -30.27248
-137.2893 245.0053 24.2243 -31.312841
-136.6215 243.4615 23.4192 -32.241114
-135.6446 241.9497 22.8735 -33.066173
-135.3758 240.4199 22.4018 -33.766165
-136.1869 239.3032 23.0344 -34.351863
-136.341 238.0644 24.2021 -34.822835
-136.433 236.6369 25.3143 -35.178442
-136.6008 234.8539 25.6617 -35.417389
-137.1474 233.4458 25.0869 -35.538444
-10.2537 234.1313 -65.7936 -3.34582
-11.9535 235.2244 -65.4206 -1.094602
-13.2513 236.4124 -64.5554 0.953011
-13.9825 238.2182 -64.0036 2.820594
-13.9675 239.4333 -65.1657 4.531239
-14.1745 240.8047 -66.5759 6.093542
-14.74 242.3781 -67.763 7.528186
-15.0167 243.3075 -69.5586 8.85262
-14.9973 244.3966 -71.2899 10.07511
-15.4806 245.6013 -72.6631 11.209656
-16.6681 247.206 -72.2066 12.267237
-17.3029 249.0449 -71.7718 13.259078
-18.6676 250.382 -71.3338 14.192537
-19.6799 251.0982 -72.0439 15.076124
-20.4939 252.2385 -73.4165 15.917963
-21.5912 252.7618 -72.8895 16.620118
-21.9596 252.8176 -71.2713 17.186275
-22.6797 254.2973 -71.5196 17.72625
-23.6039 255.7577 -72.0067 18.240214
-24.5721 257.236 -72.2298 18.729037
-26.0105 258.3101 -72.2446 19.192423
-27.3761 259.4599 -72.2196 19.629622
-28.9516 260.3257 -72.2375 20.043768
-30.5102 261.2195 -72.2945 20.423244
-31.595 262.5637 -72.7018 20.770727
-32.6547 263.9941 -72.7006 21.083883
-33.5598 265.5319 -72.4801 21.359621
-34.5952 266.9872 -72.4053 21.594765
-35.2782 268.5959 -72.3691 21.785687
-36.5462 269.7783 -72.1737 21.926654
-37.8737 270.872 -71.8225 22.01319
-38.8876 272.2418 -71.3145 22.039986
-39.6217 273.7558 -70.7585 22.00124
-40.6535 274.9959 -70.0158 21.890866
-42.0534 275.9829 -69.5331 21.701797
-43.5846 276.8719 -69.3005 21.427244
-45.0655 277.8565 -69.4958 21.058837
-45.946 279.1186 -68.7677 20.589674
-45.8345 280.5644 -67.9551 20.011763
-46.196 282.2235 -68.3906 19.318452
-46.2456 283.784 -69.1293 18.501567
-45.9356 284.9029 -69.4775 17.553126
-46.3572 283.3243 -69.8414 16.464895
-47.6385 284.0096 -69.6263 15.23115
-47.8598 285.27 -68.7781 13.859814
-47.9763 286.6481 -67.6615 12.343557
-48.0018 287.8134 -66.394 10.684113
-49.296 287.3623 -65.4888 8.88806
-50.1432 286.6731 -64.1653 6.96812
-50.2434 286.1704 -62.4405 4.924595
-51.2742 284.9264 -61.8207 2.78912
-52.8421 284.4426 -61.0987 0.569613
-53.9107 283.6653 -60.0279 -1.7135
-54.752 283.3629 -58.5184 -4.046336
-55.6511 282.4981 -57.2933 -6.395557
-56.6242 281.93 -56.0196 -8.744876
-57.9991 281.9695 -54.8908 -11.083849
-59.0837 282.3361 -53.8941 -13.390165
-60.0943 282.1643 -52.7677 -15.656766
-61.4419 281.5155 -51.8651 -17.863667
-62.8626 280.827 -51.0501 -20.008123
-64.2795 280.6349 -50.0042 -22.081838
-65.804 280.5238 -49.0693 -24.079298
-66.7885 280.054 -47.7484 -26.004862
-67.9789 279.2336 -46.7905 -27.852433
-68.6552 278.446 -45.3481 -29.622785
-69.0138 277.9753 -43.6489 -31.316246
-69.4167 276.9949 -42.4398 -32.93125
-69.8247 275.5947 -42.5008 -34.474307
-70.268 276.0815 -42.6582 -35.944618
-70.9242 276.409 -41.0457 -37.356086
-71.4032 276.5871 -39.3203 -38.69374
-72.2724 276.7647 -38.0281 -39.96311
-73.2041 276.1685 -36.6914 -41.171613
-74.2918 275.5936 -35.4399 -42.319511
-75.425 274.8456 -34.2803 -43.411961
-76.9255 274.2886 -33.5609 -44.449322
-77.3251 274.3933 -31.9623 -45.435065
-77.3839 274.0953 -31.6173 -46.380234
-77.9259 274.1693 -30.1943 -47.275101
-79.5493 274.0847 -29.6223 -48.122353
-80.9279 274.149 -28.5263 -48.926449
-82.1503 274.2888 -27.2947 -49.687141
-83.1333 274.5631 -25.8399 -50.408962
-83.3586 274.0993 -24.1212 -51.094476
-83.4086 273.3363 -22.4949 -51.741453
-83.5601 272.816 -20.7795 -52.355224
-83.7705 272.4678 -19.0265 -52.935386
-84.0593 272.0789 -17.2937 -53.480932
-84.2893 271.7437 -15.5414 -53.996245
-84.9661 271.1706 -14.2656 -54.478567
-86.4465 270.5588 -13.5443 -54.930996
-87.5224 269.4821 -12.7644 -55.355392
-88.5863 270.2836 -13.3628 -55.751628
-89.344 271.7765 -13.8414 -56.121569
-90.7295 272.8654 -14.017 -56.471075
-92.0012 274.1345 -14.1202 -56.793112
-93.0728 275.5655 -14.188 -57.08782
-94.4803 276.5793 -14.1262 -57.35871
-96.2029 276.3016 -13.7358 -57.606337
-97.8612 276.4416 -13.1634 -57.830768
-99.2225 277.2086 -12.3487 -58.032134
-100.7724 276.7787 -11.5881 -58.211724
-102.4856 276.8416 -11.2384 -58.368718
-104.2435 277.0799 -11.3594 -58.503571
-105.8758 277.7134 -11.5089 -58.616053
-106.978 278.2571 -10.6069 -58.706617
-108.7214 278.4008 -10.5748 -58.774847
-110.1714 278.7473 -11.3411 -58.820612
-111.6618 279.6815 -11.4564 -58.843444
-21.5015 253.5088 -73.309 16.450023
-22.5942 254.3623 -72.684 16.667767
-23.4363 255.5756 -72.2611 16.850876
-23.7952 256.2196 -73.6016 17.004563
-24.1958 256.9175 -74.8973 17.130796
-24.5102 257.2028 -76.431 17.233968
-25.2575 257.9568 -77.5755 17.315874
-25.9832 258.9049 -78.6121 17.3793
-26.7351 259.8964 -79.3372 17.42565
-27.7754 261.0706 -79.3699 17.45628
-28.1276 262.1418 -78.3341 17.471656
-14.415 228.9869 -63.4499 -4.029493
-16.1331 229.4489 -63.5343 -2.125761
-17.7421 230.1331 -63.7219 -0.414656
-19.4067 230.7023 -63.8399 1.12173
-20.8995 231.6241 -63.8754 2.503306
-22.4197 232.5434 -63.927 3.74988
-23.9779 232.9794 -64.5409 4.875718
-25.5926 233.2447 -65.0739 5.898557
-27.3372 233.3731 -65.393 6.828532
-29.108 233.4677 -65.4659 7.678817
-30.8642 233.5427 -65.402 8.460354
-32.3482 234.4256 -65.4518 9.182068
-33.9347 234.8444 -64.9779 9.85346
-35.6107 235.0483 -64.5372 10.481479
-37.2988 235.2219 -64.5195 11.072551
-38.3854 235.5894 -65.5655 11.634791
-39.1438 235.7555 -64.0699 12.171709
-40.4342 236.3585 -64.9633 12.686398
-41.6538 237.408 -65.4996 13.184
-43.3197 237.9738 -65.7908 13.666207
-45.0712 238.2644 -65.9288 14.135885
-46.7994 238.6788 -65.9135 14.595235
-48.5481 238.9796 -65.7557 15.046451
-50.2593 239.3638 -65.4708 15.489543
-51.9541 239.818 -65.3779 15.92689
-53.6581 240.3081 -65.5616 16.358364
-55.3649 240.7618 -65.7517 16.784831
-56.9242 241.5359 -65.9538 17.207242
-58.6438 241.8319 -66.2728 17.624233
-59.9936 242.7156 -66.7405 18.03681
-60.984 243.7818 -67.5294 18.443589
-62.0855 245.146 -67.6347 18.843726
-62.592 246.8516 -67.5474 19.236788
-63.6958 248.1812 -67.3534 19.621983
-65.3602 248.1365 -67.1819 19.998661
-66.6185 247.2528 -66.7907 20.365742
-68.2827 246.701 -66.9975 20.725635
-69.0056 246.5375 -67.1182 21.071364
-69.4149 247.1923 -66.2178 21.406078
-70.5685 248.2104 -65.6787 21.72624
-72.1021 248.9573 -65.1628 22.030661
-73.5226 249.8734 -64.6789 22.318491
-74.9049 250.917 -64.2744 22.588133
-76.1941 252.0464 -63.8017 22.83807
-77.6751 252.694 -63.2164 23.067722
-78.9054 253.7897 -63.1101 23.275979
-80.0531 255.1107 -63.1909 23.462109
-81.4092 256.2087 -63.4316 23.624889
-83.1166 256.5971 -63.7243 23.763005
-84.8053 256.9649 -63.8465 23.875613
-86.3232 257.8036 -63.7447 23.961553
-88.0463 257.7843 -63.4146 24.019517
-89.5568 258.6367 -63.0658 24.0492
-79.8558 209.6969 -1.6956 -43.705576
-80.9345 210.9313 -0.8747 -42.788693
-81.8718 212.3265 -0.0936 -41.888318
-83.0145 213.649 0.4105 -41.006757
-83.35 215.4299 0.5242 -40.145325
-84.7236 216.0877 0.5245 -39.306088
-85.8365 216.8501 1.5461 -38.488263
-86.4751 218.3432 2.3648 -37.696809
-87.6889 219.3419 3.0091 -36.930488
-89.3832 219.625 3.5112 -36.190234
-90.5679 220.9942 3.9392 -35.474042
-91.9993 222.1339 4.2769 -34.782653
-93.1066 223.0567 5.3451 -34.113194
-94.2451 224.3484 6.04 -33.465862
-95.1955 225.7846 6.6504 -32.840964
-96.1469 227.1811 6.1703 -32.237613
-97.5307 228.1499 5.5656 -31.652801
-97.6555 229.6726 4.5217 -31.085069
-98.2632 230.7709 4.9578 -30.53341
-99.4213 231.1534 5.7424 -29.999243
-100.7458 231.4122 4.7237 -29.479631
-101.8502 232.6408 4.2535 -28.974114
-103.1436 233.9354 4.0273 -28.481364
-104.4921 234.4164 4.8558 -28.000773
-105.6117 233.6885 5.7966 -27.528542
-106.7274 232.3194 6.4016 -27.062132
-107.441 230.7522 6.8747 -26.611663
-107.4488 229.0255 7.5014 -26.17051
-107.9411 227.3511 8.131 -25.737537
-107.0902 226.8712 8.9862 -25.311161
-106.1496 226.513 10.1833 -24.886538
-105.9516 226.2598 12.0223 -24.468394
-105.4787 225.2922 12.0054 -24.058604
-105.2249 224.5846 10.2988 -23.653345
-104.7784 223.6625 9.5999 -23.255199
-104.7066 222.6921 11.0296 -22.861059
-105.026 220.965 11.6033 -22.473505
-104.6066 219.9029 12.8153 -22.089321
-103.3942 219.8352 14.0764 -21.7091
-104.3073 219.9043 13.553 -21.333884
-105.885 218.9419 13.3792 -20.963501
-107.2676 218.4747 12.6842 -20.59772
-108.1193 218.5469 11.0406 -20.235732
-108.3962 219.4541 11.7193 -19.879143
-109.0143 219.6825 13.4653 -19.5271
-109.7221 219.9831 15.1561 -19.183131
-110.6667 219.9703 16.4989 -18.847374
-112.0003 218.9022 16.8845 -18.518886
-113.4433 217.9794 16.4775 -18.198263
-114.7081 217.1333 15.6968 -17.885892
-115.2947 216.7255 13.9743 -17.582642
-115.5962 216.7912 12.1637 -17.287131
-115.7677 217.1126 10.3327 -17.003605
-115.4309 217.0746 11.1227 -16.733908
-116.1181 217.6962 12.116 -16.46917
-117.3855 218.3763 13.3061 -16.221994
-118.8798 218.8959 14.099 -15.99372
-120.5533 219.5755 14.5055 -15.781956
-122.3465 220.0233 14.7431 -15.588148
-124.1585 220.1151 14.949 -15.412768
-125.565 221.2324 14.8597 -15.256262
-126.6064 222.7478 14.7267 -15.119535
-127.1945 224.5052 14.537 -15.002786
-127.9351 226.1832 14.2547 -14.907518
-129.0224 227.5634 14.5865 -14.834572
-130.1181 229.0198 14.5982 -14.78495
-131.2201 230.4645 14.2522 -14.759586
47.5528 -96.076 13.5667 -75.759618
47.0015 -95.2803 13.5986 -75.758903
46.7344 -94.3274 13.6342 -75.758367
27.7081 -94.2683 18.8592 -76.006617
26.226 -93.6204 19.8024 -76.003124
24.7439 -92.9726 20.7456 -76.000361
23.2618 -92.3248 21.6888 -75.998414
23.8038 -92.3745 21.7835 -75.997547
54.7481 -88.0637 17.871 -75.594035
97.3169 -66.6493 31.3652 -75.44721
99.3506 -67.4491 30.897 -75.433887
101.3843 -68.2489 30.4289 -75.422689
103.4181 -69.0488 29.9607 -75.413707
105.4518 -69.8486 29.4925 -75.406995
104.935 -70.7499 28.9784 -75.402619
104.6139 -70.6388 26.7694 -75.400253
96.937 -66.473 30.8282 -75.454224
44.0154 -65.7095 15.6069 -75.061912
44.0102 -66.3692 14.8486 -75.061501
44.1586 -67.2141 14.3402 -75.061445
-4.665 -9.0685 -0.0051 -61.33922
-3.3078 -10.3003 -0.0154 -61.194662
-1.9532 -11.5348 -0.0257 -61.045156
-0.7426 -12.7803 -0.0459 -60.772674
0.4334 -13.9291 -0.0935 -61.350317
1.4466 -15.2471 -0.185 -63.175245
3.5554 -27.7322 1.4257 -66.8306
8.6107 -41.3653 6.7974 -69.243206
22.8794 -62.2772 10.5055 -73.12521
26.4745 -64.8588 13.9793 -73.59516
29.0535 -67.1183 14.3116 -73.88797
42.1418 -73.5431 16.2509 -74.878713
47.2069 -85.1931 18.1557 -75.476412
44.6639 -89.9679 15.7857 -75.673099
47.7449 -96.3203 13.6398 -75.753986
78.4149 -177.3628 14.5582 -76.268268
95.2227 -265.7699 17.0719 -76.51748
48.1056 -320.1106 18.1187 -76.629551
-10.9476 -383.6056 22.9817 -76.682946
-40.36 -432.7473 17.7175 -76.700621
28.7834 -94.5812 17.274 -75.985515
14.3097 -106.6143 20.8227 -76.204941
2.7577 -126.0427 26.0848 -76.340615
-45.0792 -189.1405 27.4734 -76.515888
30.9775 -170.2053 31.4202 -76.424939
28.3969 -94.5693 18.0599 -76.004363
-40.2348 -104.2908 -5.8163 -76.379502
-111.9958 -139.102 2.509 -76.533092
54.6562 -87.9717 17.7384 -75.586119
111.8824 -135.9529 29.1893 -76.207052
164.8572 -185.7356 20.1853 -76.481497
213.7243 -226.7876 32.011 -76.589617
43.9697 -65.4565 15.7766 -75.050614
45.5333 -62.1584 17.8534 -75.124836
96.2419 -66.2233 31.6259 -75.454372
2.1326 -22.0656 -2.5814 -65.828927
6.2653 -35.3706 6.4938 -68.214393
8.3143 -40.7868 6.7183 -70.087384
15.4942 -50.7521 4.9673 -71.385966
19.5156 -57.7327 7.1557 -72.549652
24.2121 -63.3654 12.9105 -73.367839
27.7984 -65.9637 14.1964 -73.744975
35.2991 -71.3414 15.5234 -74.409016
45.9552 -78.4006 18.2802 -75.199081
45.9541 -87.9136 17.638 -75.579454
46.0845 -93.1486 14.7482 -75.723015
52.1518 -103.9606 11.3242 -75.83254
58.8833 -119.603 12.0998 -75.950621
62.6461 -133.0235 18.7767 -76.053724
68.7987 -150.479 18.27 -76.147441
75.478 -168.4071 16.0379 -76.230954
80.7201 -186.7623 13.7215 -76.305833
86.0397 -202.1519 18.4658 -76.361905
88.9594 -219.8372 14.0604 -76.412247
92.3483 -238.1707 14.3683 -76.458102
94.4112 -256.1543 16.5595 -76.49918
95.282 -267.4858 16.3224 -76.533382
95.3059 -280.3632 10.9397 -76.559203
82.392 -291.8157 13.1552 -76.58186
66.6134 -301.8126 13.5179 -76.60233
55.8832 -314.8401 17.1156 -76.621783
42.621 -325.3136 19.0805 -76.637294
32.9705 -340.7608 23.6528 -76.649661
23.9361 -354.8041 21.203 -76.660602
9.6225 -366.7531 22.7517 -76.670551
-4.6074 -378.3071 21.4152 -76.679716
-16.9731 -389.755 18.9726 -76.686424
-27.5688 -401.1213 14.9527 -76.690399
-39.573 -411.7299 14.9204 -76.693927
-40.6381 -420.4638 25.2112 -76.697169
-40.4069 -426.6412 14.8914 -76.699565
-41.6738 -434.0686 12.5022 -76.70017
-35.1298 -447.795 10.0223 -76.700931
-30.511 -455.7937 6.7671 -76.700155
-26.4654 -460.7911 2.4423 -76.69934
-24.2919 -464.5784 0.2402 -76.699284
37.1249 -94.0849 14.9718 -75.843745
20.7736 -99.7756 22.2184 -76.106598
11.0172 -108.5614 18.7473 -76.236512
5.909 -113.1292 24.1737 -76.28023
4.7649 -121.3499 27.2758 -76.320312
-3.9067 -133.7894 26.1237 -76.369878
-16.2236 -149.0836 26.7198 -76.412722
-17.7909 -159.6216 22.5822 -76.448153
-30.8645 -168.2845 21.4997 -76.478438
-40.3768 -181.2163 24.3391 -76.505249
-50.8898 -195.8899 27.7601 -76.526114
-59.8432 -207.2909 27.0024 -76.537654
-63.453 -209.2381 15.4152 -76.543098
-64.2909 -212.4765 11.1044 -76.546944
-69.7086 -217.4653 14.9612 -76.549807
-1.3141 -131.2728 34.9295 -76.351884
15.7442 -115.5027 24.1983 -76.246593
21.9499 -133.9863 25.1312 -76.301522
26.8898 -147.4387 25.6301 -76.34642
28.6429 -155.1273 32.7495 -76.383005
28.6017 -167.7997 33.6747 -76.41453
33.7647 -170.9041 21.6446 -76.435196
35.3986 -176.6564 11.4651 -76.446326
39.8278 -180.409 -7.3747 -76.451583
28.4843 -94.572 17.6083 -75.999041
24.075 -93.3058 9.4058 -76.062605
15.5128 -90.8025 -8.4542 -76.149764
-0.0475 -89.6597 -13.0268 -76.225379
-13.9393 -94.7328 -4.0497 -76.293737
-31.0534 -101.5497 -4.3571 -76.353797
-48.3446 -108.1087 -4.4853 -76.405648
-60.3769 -111.0796 -1.1234 -76.441657
-77.9711 -113.5102 3.296 -76.47182
-92.0999 -121.9743 4.6219 -76.499612
-105.6825 -132.44 0.8972 -76.523644
-119.8735 -141.3568 5.959 -76.540686
-132.8113 -151.1601 6.979 -76.550367
-147.2952 -155.5423 4.0924 -76.555659
-153.368 -158.2725 7.6335 -76.558793
-168.793 -159.6906 7.6228 -76.560298
50.8433 -86.5895 17.9535 -75.543609
61.2357 -92.3404 14.5899 -75.685384
72.1897 -102.125 21.0158 -75.831109
85.4059 -115.7278 22.6939 -75.957851
96.1046 -123.0147 27.5352 -76.067789
106.3877 -128.7142 28.8233 -76.163454
119.3522 -141.0891 32.8119 -76.250084
133.3865 -151.0456 27.4274 -76.314077
140.4642 -156.8554 25.7903 -76.368504
152.3124 -169.1266 29.8767 -76.418764
161.5491 -182.1636 26.4505 -76.463255
167.3763 -187.9265 20.8501 -76.499311
178.0174 -198.4202 27.7655 -76.526009
190.5879 -201.853 17.5881 -76.546649
198.4764 -209.0366 23.2285 -76.565671
206.4978 -222.3967 29.9785 -76.583635
216.4485 -231.2363 29.6641 -76.595415
219.3592 -241.6667 28.5636 -76.602286
217.6919 -257.4839 32.1794 -76.608939
212.7961 -271.781 39.8533 -76.614186
208.8344 -287.7139 39.3838 -76.619418
43.1478 -69.6198 16.0595 -74.98731
45.0982 -63.5211 16.1223 -75.090853
50.7937 -61.6079 11.0465 -75.1964
63.7547 -58.5312 9.7712 -75.287666
75.049 -60.4617 16.3877 -75.357343
83.0968 -60.7333 25.9161 -75.408271
91.3447 -63.64 26.8113 -75.443741
106.4082 -69.1292 24.6495 -75.497088
123.1559 -72.5629 28.9251 -75.55108
143.1961 -75.9244 28.8652 -75.578014
46.1286 -55.224 14.5026 -75.177745
37.6417 -45.2763 18.4222 -75.227857
22.8448 -43.0894 21.8828 -75.251813
