-0.8015 -1.2678 -0 -73.155383
-3.2062 -5.0715 -0 -73.153975
-5.0765 -8.0299 -0 -73.153017
-6.4123 -10.1429 0.0262 -73.152739
-8.0143 -12.677 0.1283 -73.152373
-8.8146 -13.9429 0.1666 -73.152102
-8.2187 -14.5214 0.2948 -73.151811
-8.7411 -16.3672 0.5247 -73.151042
-10.0309 -17.8905 1.1419 -73.150064
-11.386 -19.3222 1.89 -73.149116
-12.7254 -20.8552 2.392 -73.148223
-14.0432 -22.4116 2.6217 -73.14716
-14.6972 -24.3185 2.0715 -73.145868
-15.5306 -26.234 2.0482 -73.144463
-16.1094 -27.8038 2.3068 -73.143247
-14.7796 -28.9827 3.1257 -73.142227
-13.6062 -30.5844 3.6202 -73.141203
-12.2537 -32.1091 3.9089 -73.140177
-11.1222 -33.7683 4.2796 -73.139145
-10.1932 -35.2295 5.196 -73.13811
-9.3619 -36.7283 6.3117 -73.13707
-8.5851 -38.2492 7.4144 -73.136028
-7.5935 -39.8435 8.2499 -73.134982
-6.8916 -41.4349 9.2193 -73.133927
-6.2727 -43.3267 9.6108 -73.132871
-5.7427 -44.6215 10.9758 -73.131804
-5.2774 -45.3085 12.8612 -73.130734
-4.5701 -46.2857 12.7646 -73.12966
-3.9187 -47.0128 11.0346 -73.12858
-3.487 -47.3534 9.0584 -73.127492
-3.1601 -48.3203 10.2056 -73.126398
-2.5906 -49.7167 11.29 -73.125311
-2.064 -51.2649 10.2609 -73.124217
-1.9023 -53.0628 10.2828 -73.123119
-1.2374 -53.7481 8.8883 -73.12201
-0.2338 -55.4757 8.438 -73.120902
0.9268 -57.1391 8.1846 -73.11979
2.1659 -58.7648 8.26 -73.118673
2.7966 -60.3652 9.2072 -73.11755
3.5606 -62.0815 8.7826 -73.116423
4.1051 -63.9769 8.2533 -73.115289
4.7728 -65.8913 8.0534 -73.114153
5.555 -67.7898 8.1794 -73.113015
5.4215 -69.7319 8.5591 -73.111873
5.3722 -71.1779 9.39 -73.110722
6.6015 -72.8224 9.4344 -73.10957
7.9091 -74.3345 9.4579 -73.108412
9.1469 -75.9691 9.4502 -73.107251
10.0298 -77.8076 9.4917 -73.106088
10.7723 -79.6982 9.5101 -73.104918
12.3735 -80.8411 9.4583 -73.103747
13.4145 -82.6176 9.4397 -73.102571
14.1594 -84.5026 9.6273 -73.10139
14.908 -86.352 10.0263 -73.100205
15.6285 -88.1574 10.421 -73.099018
16.2688 -90.0988 10.1972 -73.097826
16.8061 -92.0324 10.2983 -73.096632
18.0591 -93.5211 10.9131 -73.095434
19.0692 -95.1762 11.592 -73.094233
20.0514 -96.8019 12.3554 -73.093031
20.7986 -98.4251 13.1509 -73.091823
22.3425 -99.643 13.6764 -73.090613
23.1324 -101.4525 13.8694 -73.0894
24.2278 -103.1764 13.8286 -73.088184
25.7948 -104.4654 13.8973 -73.086966
27.3532 -105.7951 13.951 -73.085747
28.4996 -107.4233 13.9547 -73.084524
30.0108 -108.56 13.6639 -73.083298
31.1081 -108.6091 12.0588 -73.08205
29.9694 -109.9097 10.9348 -73.080706
28.8308 -111.2104 9.8109 -73.079393
27.6922 -112.511 8.6869 -73.078112
26.8377 -113.4766 7.7017 -73.076846
28.1153 -111.9666 8.2837 -73.075504
29.3929 -110.4565 8.8658 -73.074195
30.6706 -108.9464 9.4479 -73.072918
31.1787 -108.9746 10.7509 -73.071631
31.0798 -109.3078 12.7833 -73.07034
31.1974 -110.3892 14.0207 -73.069072
31.8589 -112.2436 14.4776 -73.067811
32.2207 -114.0808 14.8897 -73.066549
32.3754 -116.0895 14.7382 -73.065287
33.2282 -117.7627 14.1097 -73.064024
34.0263 -119.6079 13.7086 -73.062762
34.4263 -121.5938 13.4703 -73.0615
34.6735 -123.5948 13.4834 -73.06024
34.4631 -125.6138 13.6554 -73.058982
35.477 -127.1975 13.9548 -73.057728
36.4488 -128.3733 14.9241 -73.056468
36.0423 -130.1872 15.3722 -73.055205
35.1621 -131.5518 15.4371 -73.053949
35.6418 -129.8523 14.8263 -73.052706
35.0348 -128.0619 14.2107 -73.051465
35.5446 -129.8444 14.1534 -73.050226
35.6291 -131.8577 14.0497 -73.048995
34.8485 -133.6181 13.7199 -73.04777
34.2995 -135.3089 12.7219 -73.046551
33.9891 -137.2127 12.2496 -73.04534
34.6951 -139.1364 12.158 -73.044138
34.4342 -141.0719 12.4762 -73.042945
34.9496 -142.8915 13.1328 -73.041759
35.1207 -144.6736 12.8365 -73.040585
36.0553 -146.4708 12.5635 -73.039422
36.5162 -147.9232 11.2272 -73.038266
37.0821 -149.6924 10.5935 -73.037129
38.1845 -151.3675 10.8233 -73.036006
38.9786 -152.5573 11.4668 -73.034895
38.5512 -154.4927 11.7745 -73.033795
38.9845 -156.4817 12.0272 -73.03271
38.8087 -158.4686 12.102 -73.031645
39.4316 -160.3993 12.1561 -73.0306
40.017 -162.1492 11.7738 -73.029572
39.9044 -164.0643 11.3068 -73.028569
40.4166 -165.9089 10.6066 -73.027587
41.3853 -167.5493 10.7632 -73.026632
42.1247 -169.1267 11.6727 -73.025701
42.1485 -170.8263 12.6221 -73.024796
41.2541 -172.1527 13.7028 -73.023923
41.3329 -173.6405 14.3131 -73.02308
41.6008 -174.8677 12.6805 -73.022266
41.8738 -176.7997 12.275 -73.02149
42.7438 -178.5456 11.9564 -73.020751
43.2439 -180.4578 12.0397 -73.02005
43.3656 -182.4295 12.4106 -73.019389
43.6747 -184.2146 13.2717 -73.018769
44.1736 -186.1236 13.8383 -73.018195
44.3535 -187.9066 14.7675 -73.017667
44.8726 -189.5685 15.6922 -73.017187
45.4404 -191.1005 14.5715 -73.016759
46.1386 -192.9259 14.1459 -73.016385
46.6287 -194.8895 13.783 -73.016067
47.9055 -196.4354 13.3908 -73.015807
49.0241 -197.9564 13.467 -73.015608
49.8322 -199.3762 13.2319 -73.015473
51.04 -200.3986 12.0409 -73.015404
-16.8109 -27.3553 2.8101 -73.143379
-17.497 -28.3029 4.2038 -73.142641
-18.1984 -29.271 5.5067 -73.141921
-18.2577 -29.3412 3.7473 -73.141084
-18.2679 -29.344 1.9276 -73.140267
-18.2781 -29.3467 0.108 -73.139471
-18.2883 -29.3494 -1.7116 -73.138698
-18.2985 -29.3522 -3.5313 -73.137947
-18.8534 -30.5664 -3.9808 -73.137207
-18.8107 -32.318 -3.8597 -73.136461
-19.3066 -34.0554 -3.7456 -73.135713
-18.9488 -34.5418 -2.2544 -73.134958
-18.3075 -35.7012 -1.0566 -73.1342
-18.003 -37.2922 -0.254 -73.133441
-17.2153 -38.7422 0.5062 -73.132679
-17.2992 -40.1694 1.5541 -73.131914
-17.1185 -41.7267 2.3954 -73.131144
-17.083 -42.8762 3.6698 -73.130367
-17.3639 -44.4413 4.545 -73.12959
-18.2212 -45.6938 5.2818 -73.128813
-18.9632 -46.7735 4.1464 -73.128033
-19.2427 -47.6114 2.5633 -73.127245
-19.7572 -49.1601 2.2576 -73.126461
-20.0441 -50.8741 2.5491 -73.125677
-20.3286 -52.4364 3.2684 -73.124893
-19.8077 -53.8024 3.6098 -73.124107
-19.2008 -54.6661 2.2731 -73.123314
-18.7221 -56.0354 2.9434 -73.122519
-18.7365 -56.729 4.1896 -73.121725
-18.8997 -58.1413 5.2798 -73.120935
-18.8149 -59.8936 5.7078 -73.120148
-18.9822 -61.072 7.0484 -73.11936
-19.3934 -62.5349 8.0119 -73.11858
-19.547 -63.8484 9.0694 -73.117799
-19.5772 -65.5723 8.63 -73.117027
-19.258 -67.3139 8.3405 -73.116261
-19.7508 -69.0603 8.364 -73.115504
-19.9946 -70.8175 8.7102 -73.11475
-19.8037 -72.5539 9.1873 -73.114006
-19.7201 -74.3251 9.5635 -73.11327
-20.2567 -75.9938 9.7611 -73.112543
-19.7758 -77.7066 9.8918 -73.111828
-19.8692 -79.394 10.0722 -73.111125
-20.6153 -80.6503 10.7965 -73.110436
-20.8101 -82.0334 11.1362 -73.109764
-21.8468 -83.2751 10.5156 -73.109109
-22.3598 -84.646 11.4203 -73.108471
-22.8139 -86.2646 12.0203 -73.107854
-22.9433 -87.4114 13.1988 -73.107253
-23.2601 -88.7922 14.1473 -73.106678
-23.5187 -90.5915 14.1567 -73.106132
-23.7693 -92.3875 14.2837 -73.105613
-23.9193 -94.161 14.5659 -73.105123
-24.765 -95.4177 14.2775 -73.104665
-25.6946 -96.5629 13.7452 -73.104242
-26.3361 -98.2508 13.7081 -73.103856
-26.22 -99.6251 14.4174 -73.103503
-26.029 -100.2322 16.1217 -73.103192
-25.98 -100.9366 17.7977 -73.102925
-26.1774 -101.1961 19.58 -73.102699
-26.4133 -101.3806 21.3748 -73.10253
-26.5757 -102.9017 22.0388 -73.102416
-26.565 -104.1061 22.8298 -73.102357
-10.4886 -18.1238 0.6694 -73.149261
-10.4015 -18.057 0.4643 -73.148688
-11.3637 -19.3353 1.4826 -73.148001
-12.4409 -20.4928 2.3203 -73.14719
-13.7335 -21.882 2.6066 -73.146309
-14.3525 -23.4451 1.6476 -73.145423
-14.7639 -24.7529 0.4153 -73.144533
-15.0123 -25.6795 -1.2982 -73.143637
-14.7483 -27.3027 -2.2341 -73.142738
-14.1682 -28.7546 -3.3613 -73.141832
-14.1335 -30.3237 -2.5621 -73.140921
-14.176 -32.0715 -1.7097 -73.140007
-14.076 -33.7889 -0.9359 -73.139089
-13.8862 -35.6563 -1.4771 -73.138167
-13.5408 -37.5381 -1.8551 -73.137241
-12.9254 -39.3671 -2.0095 -73.136309
-12.8947 -41.2639 -2.5483 -73.135374
-12.5093 -43.0891 -2.3969 -73.134434
-11.8636 -44.7358 -1.5183 -73.133485
-11.3409 -46.4019 -0.6056 -73.132532
-11.0233 -47.5467 0.9658 -73.131569
-10.5913 -48.4457 2.6789 -73.130607
-10.1405 -50.0833 3.3431 -73.129643
-10.2934 -51.7904 2.9275 -73.128674
-10.88 -52.8858 1.4404 -73.127696
-11.0363 -54.4811 1.7038 -73.126718
-11.1458 -56.3254 2.378 -73.125735
-10.357 -57.7555 3.4384 -73.124748
-10.1358 -58.8326 4.9901 -73.123755
-10.3077 -60.6124 5.6598 -73.122758
-11.2813 -62.2927 6.0116 -73.121757
-11.7958 -64.1934 6.181 -73.120753
-12.4342 -66.0517 6.3974 -73.119743
-11.9522 -67.7789 6.8906 -73.118729
-11.6762 -69.0382 8.2561 -73.117711
-11.713 -70.0381 9.9612 -73.11669
-11.8555 -70.9146 11.6774 -73.115658
-12.8132 -71.5235 13.2459 -73.114628
-13.5753 -72.2336 12.7301 -73.113594
-14.1638 -73.7043 11.8882 -73.112558
-14.4131 -75.2707 10.815 -73.11152
-13.5782 -77.0011 10.3425 -73.110478
-13.3259 -78.9499 10.1371 -73.109433
-13.3622 -80.9141 10.3308 -73.108387
-14.2376 -82.5066 10.9807 -73.107342
-14.7845 -84.1023 11.9265 -73.106292
-15.3519 -85.4422 12.6525 -73.105239
-15.7865 -86.6616 12.098 -73.104184
-16.5522 -87.7496 13.5364 -73.103128
-17.1687 -89.5648 13.8022 -73.102073
-18.2162 -91.1682 13.885 -73.101018
-19.5493 -92.634 13.9514 -73.099964
-20.3209 -94.4426 13.8656 -73.098909
-21.0095 -96.2837 13.6721 -73.097855
-21.3384 -97.8523 13.9673 -73.096791
-21.6939 -97.8965 15.9193 -73.095717
-22.3276 -98.0602 17.7316 -73.094659
-21.887 -98.9874 16.7979 -73.093594
-22.8153 -99.7306 15.3374 -73.092544
-24.3779 -100.6691 14.7056 -73.0915
-24.3457 -102.6276 14.3888 -73.090464
-24.5768 -104.5617 14.2213 -73.089433
-24.8282 -106.5067 14.2205 -73.088407
-25.0574 -108.4614 14.1941 -73.08739
-25.5558 -110.3378 14.0236 -73.086379
-26.9412 -111.6652 13.5497 -73.085377
-27.6548 -113.1993 12.651 -73.084385
-27.9593 -114.1646 11.0361 -73.083391
-28.3565 -115.3746 10.0919 -73.082424
-29.1471 -116.4978 9.0352 -73.081464
-29.5399 -117.0458 7.1689 -73.08051
-29.9596 -117.6548 5.3281 -73.079577
-30.9613 -118.935 4.5188 -73.078667
-32.1435 -120.2324 4.6581 -73.077773
-32.9363 -121.0473 6.2793 -73.076895
-33.621 -122.2206 7.5953 -73.076041
-33.9105 -123.585 8.7937 -73.075207
-34.4873 -124.3869 10.3397 -73.074397
-35.0405 -125.7656 11.4307 -73.073616
-34.701 -127.6323 11.772 -73.072863
-35.3063 -129.4991 11.9181 -73.072137
-35.9903 -131.3268 11.7835 -73.071444
-37.6819 -132.1342 11.31 -73.070784
-38.5009 -133.4806 10.3217 -73.070159
-38.4967 -134.7419 8.9782 -73.069569
-39.2613 -136.1191 9.0235 -73.069022
-39.6486 -137.8732 9.0943 -73.068517
-40.3927 -139.5578 8.4232 -73.068058
-41.3357 -141.2284 8.0319 -73.067647
-41.7461 -143.1332 7.6854 -73.067286
-42.0138 -145.0056 7.4829 -73.066978
-41.9887 -146.6225 8.5512 -73.066725
-43.1363 -148.1444 8.915 -73.066531
-43.8626 -149.8828 8.3731 -73.066399
-44.926 -151.4033 7.7386 -73.066331
-9.353 -14.8211 0.2731 -73.151679
-11.0559 -15.5864 0.7158 -73.150921
-12.8605 -15.9487 1.177 -73.149987
-14.323 -16.6873 2.6356 -73.148256
-15.6273 -17.7486 4.2904 -73.146806
-16.5612 -19.3299 4.837 -73.146149
-17.0333 -20.2944 6.2453 -73.145412
-17.8874 -21.5361 7.3823 -73.144655
-18.8508 -22.9769 8.1796 -73.143897
-19.5099 -24.5801 8.9543 -73.143134
-19.7318 -25.6734 10.3712 -73.142361
-19.6375 -26.5275 11.987 -73.14158
-20.9183 -27.5166 12.4491 -73.140802
-21.2964 -29.0814 13.3143 -73.140017
-21.83 -30.7644 14.0149 -73.139227
-22.4092 -32.288 14.7504 -73.138432
-23.1716 -32.8787 16.4102 -73.137624
-23.4458 -33.3976 17.1662 -73.136822
-23.9797 -35.1098 17.8018 -73.136013
-25.2888 -36.4276 18.1128 -73.135202
-26.4013 -37.9363 18.2431 -73.134388
-27.2908 -39.5473 18.3867 -73.133568
-28.9068 -40.2841 18.3568 -73.132745
-28.8386 -41.8551 18.071 -73.131917
-30.0593 -43.3052 18.0707 -73.131087
-30.6546 -44.9959 18.2212 -73.13025
-31.4097 -46.5757 18.3297 -73.129411
-32.6885 -47.8644 18.2798 -73.128568
-33.6705 -49.4532 18.3794 -73.127726
-34.3435 -51.1833 18.7706 -73.126882
-35.0428 -52.643 19.7515 -73.126034
-35.9334 -53.9164 20.8542 -73.125186
-36.4958 -55.5633 21.6175 -73.124338
-37.1515 -57.2664 22.1901 -73.123491
-37.503 -58.9135 22.7742 -73.122639
-37.2767 -60.629 23.5408 -73.121787
-38.3487 -62.1152 24.0868 -73.120939
-38.7835 -63.8894 24.6417 -73.120092
-39.0307 -65.5698 25.4324 -73.119249
-39.2448 -67.4312 25.7075 -73.118406
-39.4113 -69.2406 26.1323 -73.117568
-38.2265 -70.1613 27.1367 -73.116734
-37.9293 -71.6381 28.1838 -73.115901
-36.7386 -72.8721 28.5562 -73.115076
-35.4143 -74.1273 28.8617 -73.114259
-33.8413 -75.1427 29.2839 -73.113431
-32.9832 -76.7229 29.5771 -73.112628
-33.6399 -75.092 29.1649 -73.111821
-33.1635 -76.3575 28.5144 -73.11103
-32.6394 -77.9449 29.3953 -73.110252
-31.5586 -79.4236 29.8926 -73.109473
-30.8094 -81.0765 30.3763 -73.108713
-31.5811 -82.6547 30.6865 -73.107979
-31.7168 -84.5489 30.8274 -73.107263
-31.5105 -86.4537 30.8357 -73.106567
-31.5377 -88.3667 30.7633 -73.105893
-31.4829 -90.279 30.6456 -73.105242
-31.9235 -92.1277 30.4947 -73.104618
-32.2806 -93.9944 30.2829 -73.104022
-33.2826 -95.4749 30.073 -73.103455
-34.2923 -96.3147 29.212 -73.102919
-33.7984 -97.5646 29.0456 -73.102416
-33.365 -98.5644 30.3242 -73.101947
-34.9529 -99.5888 30.5864 -73.10152
-35.3561 -101.2379 30.5528 -73.101135
-35.425 -102.1901 29.7785 -73.100793
-35.4381 -103.6106 30.0236 -73.1005
-35.4329 -104.9525 28.8355 -73.100259
-35.4888 -106.6151 28.0477 -73.100074
-35.1318 -108.0258 29.2064 -73.099946
-34.5346 -109.5447 30.0645 -73.09988
-15.445 -16.6758 3.4162 -73.146799
-17.1123 -16.5493 2.7023 -73.146152
-18.8242 -16.1183 2.2844 -73.145425
-20.5247 -15.3962 2.2003 -73.144684
-22.3116 -15.3473 2.4856 -73.14394
-24.0423 -14.9367 2.9859 -73.143189
-25.7912 -14.8802 3.5418 -73.142431
-27.6376 -14.8877 3.7424 -73.14167
-29.4617 -14.8882 3.7168 -73.140905
-31.2202 -15.3922 3.5297 -73.140131
-32.7539 -15.8243 2.9445 -73.139348
-34.0829 -16.2305 1.7975 -73.138563
-35.3566 -17.1047 0.7776 -73.137774
-36.7811 -17.3591 0.0703 -73.136983
-38.4049 -17.2529 0.8951 -73.136188
-40.1857 -16.9717 1.2216 -73.135388
-41.9745 -17.3706 1.348 -73.134583
-43.6645 -17.7288 1.1737 -73.133772
-45.1638 -16.9527 0.472 -73.132959
-46.3865 -16.2335 -0.6264 -73.132139
-48.1583 -16.038 -0.1893 -73.131314
-49.5586 -16.5997 0.7893 -73.130484
-50.6275 -17.7832 1.5574 -73.129652
-52.4581 -17.9497 1.6886 -73.128816
-54.2203 -17.8442 1.1278 -73.127978
-55.6575 -18.4041 0.1681 -73.127134
-57.139 -19.2179 -0.5793 -73.126287
-58.8775 -19.6978 -0.9928 -73.125439
-60.4992 -20.5497 -0.8751 -73.12459
-62.2699 -20.9516 -0.784 -73.123739
-63.9605 -21.4851 -1.2025 -73.122879
-65.769 -21.6468 -1.2364 -73.122024
-67.4074 -21.948 -2.0416 -73.121168
-69.2303 -22.0478 -2.2783 -73.120313
-71.0405 -22.3933 -2.2 -73.119456
-72.76 -22.6876 -1.8978 -73.1186
-74.4248 -22.1245 -1.3042 -73.117746
-75.468 -21.5676 0.0962 -73.116892
-76.805 -21.0117 0.8974 -73.116039
-78.6304 -21.1688 0.7939 -73.115195
-80.2126 -21.6023 1.4208 -73.114353
-81.9055 -21.4802 1.8938 -73.113517
-83.3789 -20.5725 2.4839 -73.112686
-84.8475 -20.092 3.3977 -73.111863
-85.8797 -19.4106 4.4732 -73.111045
-86.9877 -17.9771 4.3817 -73.110238
-88.4094 -16.917 4.436 -73.109442
-89.1332 -16.2863 5.8123 -73.108649
-89.6827 -16.0961 7.5766 -73.10787
-90.6073 -14.9923 8.5732 -73.107112
-91.6573 -14.5236 9.9347 -73.10637
-92.216 -13.6924 11.4126 -73.105639
-93.3323 -12.5367 11.3011 -73.104936
-94.3529 -11.3333 10.4637 -73.104255
-95.9243 -11.359 10.3327 -73.103596
-97.085 -12.6874 10.4076 -73.102963
-98.637 -11.9209 10.4364 -73.102358
-99.8512 -10.5582 10.1484 -73.101784
-101.1467 -9.2581 9.9913 -73.101241
-102.9108 -8.8466 10.0308 -73.100734
-104.2043 -7.6318 10.4372 -73.100266
-105.7848 -7.7377 11.2376 -73.099838
-107.5295 -7.7352 11.7584 -73.099454
-108.7114 -6.5165 12.2914 -73.099116
-108.6826 -5.013 12.9437 -73.098825
-109.4316 -4.9691 14.0337 -73.098586
-110.9911 -5.321 13.2911 -73.098402
-112.3812 -4.7789 12.2565 -73.098276
-113.4541 -4.4164 10.8172 -73.098212
-15.5545 -17.632 4.3033 -73.146845
-16.8149 -18.3686 5.0193 -73.146311
-18.1535 -17.7371 5.9254 -73.145702
-19.3957 -17.6568 7.1162 -73.14508
-20.6245 -17.4395 8.329 -73.144455
-21.4073 -17.0773 9.8446 -73.143822
-22.3291 -16.4593 11.1562 -73.143189
-23.7986 -16.4039 12.1053 -73.142553
-24.636 -16.4397 13.5353 -73.141905
-26.0492 -16.413 14.4153 -73.141262
-26.5091 -16.6788 16.0866 -73.140602
-27.6416 -17.5424 16.452 -73.139953
-28.9683 -17.6171 17.1518 -73.1393
-30.2529 -16.8642 18.0015 -73.138647
-31.8112 -16.9615 18.7079 -73.137987
-32.7125 -16.0015 17.8716 -73.137329
-33.9732 -15.3124 17.8919 -73.136667
-35.5154 -14.9405 18.541 -73.136004
-36.8148 -15.2621 19.6037 -73.135338
-38.1095 -15.3947 20.6532 -73.134674
-39.3709 -15.3085 20.5665 -73.134003
-39.9084 -15.4165 22.2463 -73.133325
-41.4898 -16.1032 22.568 -73.13266
-43.1935 -16.3081 22.9719 -73.131997
-44.8671 -16.1005 23.426 -73.131336
-46.5874 -16.255 23.8037 -73.130676
-48.2806 -16.146 24.1613 -73.130024
-49.8848 -15.6408 24.6252 -73.129376
-51.569 -15.5809 25.1077 -73.128735
-53.1934 -15.8717 25.7123 -73.128102
-54.8397 -16.0518 26.2602 -73.127474
-56.4663 -15.7486 26.8593 -73.126861
-57.6381 -14.8744 27.7621 -73.126259
-58.8394 -13.7889 28.4214 -73.125669
-60.1932 -13.1386 29.3328 -73.125091
-61.8304 -12.6017 29.6751 -73.124531
-63.5039 -12.1508 29.7076 -73.123989
-64.8861 -11.121 29.4315 -73.123466
-65.5954 -10.0293 28.2627 -73.122962
-66.3587 -9.069 29.1123 -73.122481
-67.3994 -7.9254 29.8988 -73.122026
-68.8854 -7.8686 29.963 -73.121599
-70.5505 -7.352 29.9726 -73.121202
-72.0497 -6.4284 30.0037 -73.120838
-73.5599 -5.5098 29.9785 -73.120508
-74.8786 -4.3323 29.9264 -73.120206
-76.2236 -3.1844 29.9023 -73.119955
-77.2186 -1.7362 29.9278 -73.119748
-78.2778 -0.5048 29.7779 -73.119589
-79.9939 -0.3567 29.5292 -73.119479
-81.6519 -0.1123 29.479 -73.119422
-15.2282 -17.1379 4 -73.147076
-15.8134 -17.8487 4 -73.147047
-16.4306 -18.5318 4 -73.147032
-13.8552 -16.3527 0.6773 -73.149413
-6.8126 -12.9962 0.0714 -73.152203
-5.8684 -15.48 0.0572 -73.151532
-5.4058 -18.0693 0.0621 -73.150676
-4.8048 -20.6622 0.1442 -73.1496
-4.2378 -23.1032 0.3354 -73.148265
-4.2185 -23.3173 3.0099 -73.146099
-4.1991 -23.5292 5.6846 -73.143923
-3.9404 -24.0329 8.0609 -73.14178
-2.9465 -26.4423 7.8893 -73.13961
-2.9898 -29.1239 7.9366 -73.137389
-2.8312 -31.7921 8.079 -73.135111
-2.7737 -34.4658 8.0848 -73.132775
-3.1335 -36.1267 6.8772 -73.13034
-2.9668 -36.5649 4.2354 -73.127839
-3.5563 -38.3842 2.8887 -73.125314
-4.3063 -40.3834 1.497 -73.122711
-4.1208 -42.6459 0.2252 -73.120046
-4.2362 -43.7827 0.8959 -73.117924
-3.8312 -43.4159 2.8085 -73.116423
-3.4263 -43.0492 4.7211 -73.11495
-3.0214 -42.6825 6.6338 -73.113506
-2.6164 -42.3158 8.5464 -73.112091
-2.2115 -41.949 10.459 -73.110703
-1.8006 -41.5642 12.3611 -73.109345
-1.0504 -39.8462 12.7392 -73.107958
0.1758 -38.6585 13.5417 -73.106567
1.5902 -38.0395 13.8599 -73.105142
3.2347 -39.0768 14.2093 -73.10371
3.2862 -40.8715 14.6526 -73.102257
3.0921 -42.2179 15.9515 -73.100786
3.289 -43.8273 17.0278 -73.099296
3.7676 -45.0577 18.3989 -73.097778
5.3853 -45.2551 17.5078 -73.096239
6.4565 -45.5185 16.2146 -73.094651
6.4601 -45.5688 14.2263 -73.093036
7.3041 -46.1013 15.3965 -73.091406
7.7212 -46.6728 17.2551 -73.089743
8.2906 -47.8462 18.7417 -73.08807
8.7291 -49.4862 19.2615 -73.086838
9.1255 -50.9461 19.7272 -73.086085
10.0364 -52.2198 19.9693 -73.085334
10.7133 -53.6545 20.0389 -73.084583
11.8089 -54.3454 19.5071 -73.083826
12.1976 -54.6669 17.9921 -73.083068
13.1099 -54.8336 16.8714 -73.082314
13.5838 -54.6626 15.3738 -73.081516
13.6588 -54.6533 13.7788 -73.080608
13.7337 -54.644 12.1838 -73.079728
13.8087 -54.6347 10.5888 -73.078878
13.8837 -54.6254 8.9938 -73.078057
13.9586 -54.6161 7.3988 -73.077264
14.0336 -54.6068 5.8038 -73.0765
14.1085 -54.5975 4.2088 -73.075765
14.1663 -54.5744 2.6132 -73.074951
14.2206 -54.5486 1.0176 -73.074135
14.2749 -54.5228 -0.5781 -73.07335
14.3293 -54.497 -2.1737 -73.072597
14.3836 -54.4712 -3.7694 -73.071876
14.4379 -54.4454 -5.365 -73.071185
13.7113 -55.8095 -5.5929 -73.070514
13.1825 -57.2536 -6.0072 -73.069852
12.9567 -58.7053 -6.561 -73.069203
12.6682 -60.0281 -7.37 -73.068566
12.3514 -61.5353 -7.7387 -73.067942
11.9771 -63.0578 -7.8716 -73.067333
11.7617 -64.6275 -7.7751 -73.06674
11.4655 -65.9109 -8.3481 -73.066162
11.6675 -66.9063 -9.5712 -73.065602
11.728 -68.3207 -9.6289 -73.065058
11.6975 -68.4625 -8.07 -73.064535
11.4235 -69.5735 -7.0162 -73.064037
11.1196 -70.8404 -6.109 -73.063562
11.0275 -71.8722 -4.9846 -73.063109
11.2426 -73.2528 -4.3725 -73.062682
10.7531 -74.6674 -3.9199 -73.062283
10.425 -76.2016 -3.7062 -73.061911
10.77 -77.7411 -3.6532 -73.061569
11.0786 -79.2552 -3.6604 -73.061259
11.425 -80.7723 -3.755 -73.060982
11.2996 -82.2807 -4.0128 -73.06074
11.9706 -83.6675 -4.3963 -73.060534
12.7118 -84.5829 -3.8154 -73.060364
13.1706 -85.4159 -2.5821 -73.060235
13.3664 -86.853 -1.9391 -73.060147
13.3682 -87.667 -0.8755 -73.060102
8.6263 -48.9248 19.7774 -73.086876
8.971 -49.5407 20.9869 -73.086204
9.2099 -51.0475 20.8184 -73.085537
10.0927 -52.2943 20.5532 -73.084875
10.6868 -53.724 20.4404 -73.084217
11.4461 -54.1517 19.6321 -73.083552
11.5442 -54.2966 18.1881 -73.082894
12.9332 -54.8812 18.406 -73.082248
13.2774 -55.294 19.8309 -73.08159
13.7729 -56.2787 20.5319 -73.080954
14.3885 -57.7019 20.5127 -73.080323
15.16 -59.0485 20.6431 -73.079701
15.6443 -60.0525 21.5504 -73.079084
16.2084 -60.988 22.5631 -73.078476
17.2577 -61.2039 23.519 -73.07788
18.4454 -61.8839 23.9975 -73.077297
19.1422 -63.2514 24.2481 -73.076723
19.671 -63.8624 25.3071 -73.076154
20.2623 -64.3588 26.3522 -73.075603
21.638 -65.0559 26.1487 -73.07507
22.7173 -66.1327 25.8633 -73.074521
23.7256 -67.2733 25.5197 -73.073999
24.6112 -68.47 25.1932 -73.073509
24.9681 -69.954 24.971 -73.073041
24.9964 -70.9802 24.2159 -73.07257
24.9684 -71.117 22.6615 -73.0721
24.9404 -71.2538 21.1072 -73.071666
24.9124 -71.3907 19.5528 -73.071269
24.8648 -71.4567 17.9963 -73.070903
24.9221 -71.7069 16.7213 -73.070565
25.4185 -72.6144 17.5247 -73.070247
25.5779 -72.8182 19.0637 -73.069955
25.6724 -73.1458 20.5059 -73.0697
25.5385 -73.7136 21.7923 -73.06947
25.5469 -73.9336 23.3373 -73.069272
25.5553 -74.1535 24.8823 -73.069115
26.4257 -75.2629 24.9859 -73.068996
26.2037 -76.801 24.991 -73.068915
26.3234 -78.3421 25.0702 -73.068874
-4.7208 -44.7161 -0.023 -73.118283
-5.1299 -46.1818 0.6944 -73.11747
-5.3697 -46.9913 2.259 -73.116653
-5.7718 -48.0995 3.5791 -73.115836
-6.3113 -49.4357 4.5711 -73.115013
-6.1052 -51.0319 5.3148 -73.114188
-5.9754 -52.7323 5.8136 -73.11336
-5.3005 -54.3124 6.0843 -73.112528
-5.5666 -55.9139 6.2159 -73.111691
-6.3626 -57.4622 6.4728 -73.110852
-7.4327 -58.7683 6.9386 -73.110009
-8.3123 -60.0607 7.6969 -73.109162
-9.2075 -61.5771 7.5449 -73.108315
-10.0182 -63.1512 7.7642 -73.107463
-10.4982 -64.8336 7.9938 -73.10661
-11.098 -66.494 8.2496 -73.105753
-11.5795 -68.0917 8.8213 -73.104893
-11.4778 -69.48 9.814 -73.104034
-11.3768 -70.9824 10.6772 -73.10317
-11.1615 -72.6665 10.9417 -73.102303
-11.9531 -74.0675 10.3517 -73.101434
-12.2253 -75.2856 9.1163 -73.100565
-12.386 -76.5528 7.8889 -73.099696
-12.4919 -77.8973 6.8778 -73.098824
-12.6418 -79.6702 6.7282 -73.097953
-12.8923 -81.2283 7.3625 -73.097081
-13.0636 -82.0267 8.8276 -73.096201
-12.8375 -83.2389 8.8894 -73.09533
-12.4716 -84.694 8.0205 -73.094457
-12.6797 -85.5671 7.0599 -73.093584
-12.5183 -84.1321 6.1622 -73.092706
-12.5292 -84.0813 7.3739 -73.091828
-11.895 -85.6688 7.8198 -73.090953
-11.5229 -87.2946 8.4116 -73.090083
-10.3324 -88.1124 9.2259 -73.089216
-10.675 -89.8262 9.467 -73.08835
-11.2148 -91.4903 9.7261 -73.087493
-11.4919 -93.2205 9.9224 -73.086642
-11.8689 -94.9605 9.9938 -73.085795
-12.2215 -96.7085 9.9892 -73.084958
-12.5548 -98.4528 9.9031 -73.084127
-13.101 -100.1246 9.6027 -73.083307
-13.6123 -101.6942 9.0552 -73.082495
-14.5178 -102.8115 8.0351 -73.081691
-14.732 -103.8321 6.6289 -73.080897
-14.736 -104.949 5.3416 -73.080113
-14.7897 -105.5564 3.6632 -73.07934
-14.9175 -106.1934 2.0059 -73.078584
-14.8119 -107.3154 0.66 -73.077852
-14.3904 -108.3157 -0.7477 -73.077132
-14.0768 -109.6227 -1.5126 -73.076436
-14.1581 -111.3783 -1.2027 -73.07576
-14.4574 -112.7137 -0.3129 -73.075101
-14.5581 -113.8268 1.0481 -73.074469
-14.5629 -114.7419 2.5821 -73.073858
-14.3372 -115.8187 3.9677 -73.073276
-14.0073 -116.8255 5.38 -73.072721
-13.5104 -118.0936 6.4955 -73.072197
-13.0668 -119.695 6.5246 -73.071705
-12.4966 -121.0534 5.5568 -73.071248
-12.0851 -122.6625 5.1356 -73.070825
-12.5004 -124.2153 4.474 -73.07044
-12.6759 -125.9354 4.076 -73.070097
-13.0189 -127.5669 3.9008 -73.069794
-13.6129 -129.2115 3.7998 -73.069537
-14.5095 -130.7248 3.617 -73.069326
-15.1909 -132.314 3.2206 -73.069165
-16.0458 -133.6469 2.4524 -73.069055
-17.0046 -135.0632 2.0492 -73.068998
-3.6471 -8.0538 -0.0157 -73.152859
-1.3228 -8.9468 -0.0471 -73.152326
0.9314 -9.9936 -0.0832 -73.151753
2.6625 -11.7633 -0.1495 -73.151043
3.884 -13.4015 -0.8686 -73.149916
4.2751 -14.1359 -3.2157 -73.147422
4.6663 -14.8703 -5.5627 -73.144962
5.0575 -15.6047 -7.9097 -73.142537
5.4487 -16.3392 -10.2567 -73.140146
5.5082 -15.6747 -11.481 -73.138346
5.7528 -14.1284 -10.9972 -73.137227
5.1317 -14.013 -9.0503 -73.136075
5.6382 -14.026 -8.2186 -73.134858
7.6439 -14.2766 -7.8039 -73.13362
9.6042 -14.0356 -7.3728 -73.1324
11.4824 -13.5321 -6.7322 -73.131153
12.4397 -13.1153 -5.3274 -73.129876
13.1732 -12.7275 -3.4442 -73.128557
14.0029 -12.5015 -1.5695 -73.127206
14.9232 -12.6143 0.2611 -73.125828
16.0509 -12.8503 1.9217 -73.12442
17.2291 -12.7352 3.6117 -73.122964
18.6969 -13.072 4.9744 -73.121507
20.4387 -12.843 5.9867 -73.120017
22.2399 -12.9948 6.2182 -73.118935
23.7688 -13.3762 5.9788 -73.118291
25.0057 -12.6222 5.3936 -73.117646
26.3571 -12.2571 4.8087 -73.117001
27.8738 -11.9691 4.5669 -73.116353
29.2461 -11.1445 4.4391 -73.115705
30.8012 -10.7714 4.3716 -73.11506
32.3851 -10.5715 4.2891 -73.114414
33.2233 -10.1298 4.9983 -73.113765
34.0663 -9.8024 5.9221 -73.113118
35.5597 -9.845 6.5062 -73.112475
36.9026 -9.7278 7.2501 -73.111832
38.2463 -9.5474 7.9246 -73.111196
39.7277 -9.1425 8.3952 -73.110565
41.1759 -8.7377 8.951 -73.109938
42.5633 -8.3419 9.5488 -73.109314
43.7337 -8.1277 8.583 -73.108697
45.1311 -8.0308 7.9631 -73.10809
46.5242 -8.3092 7.3517 -73.107492
47.4104 -8.3281 6.0274 -73.106899
48.547 -8.1523 4.9694 -73.10632
50.1277 -8.0481 4.8161 -73.105754
51.0302 -8.412 5.9293 -73.10519
52.4231 -8.5023 6.17 -73.104649
53.895 -8.5955 6.6905 -73.10412
54.9911 -8.7652 7.7616 -73.103609
56.4893 -8.9904 7.679 -73.103118
57.587 -10.1308 7.9043 -73.102648
59.0801 -10.6364 8.1455 -73.102197
60.6014 -11.0022 8.4608 -73.101771
61.9959 -11.5958 8.0265 -73.10137
62.9752 -11.9724 7.058 -73.10099
63.4644 -12.0743 5.5381 -73.100639
64.0395 -11.9612 4.047 -73.100314
64.4337 -11.9546 2.4888 -73.10002
64.823 -11.932 0.9297 -73.099763
65.2041 -11.8836 -0.6309 -73.099545
65.5558 -11.8356 -2.1985 -73.099365
65.8976 -11.7879 -3.7682 -73.099228
66.4194 -11.7876 -5.282 -73.099135
66.4944 -12.5596 -6.6605 -73.099088
21.8035 -12.9643 5.5087 -73.118818
22.2928 -12.8975 4.0421 -73.117961
22.782 -12.8307 2.5755 -73.117131
23.2713 -12.7639 1.1089 -73.116329
23.7606 -12.6971 -0.3578 -73.115555
24.2499 -12.6303 -1.8244 -73.114808
24.7391 -12.5635 -3.291 -73.114089
25.2284 -12.4967 -4.7576 -73.113398
25.7177 -12.4299 -6.2242 -73.112734
26.2069 -12.363 -7.6908 -73.112098
26.8935 -12.3131 -8.9994 -73.111485
27.9931 -12.1349 -10.0456 -73.11088
29.4155 -12.0244 -10.5719 -73.11028
30.9321 -12.139 -10.7879 -73.109688
32.4337 -12.4908 -10.7732 -73.109099
33.7283 -13.0404 -10.3346 -73.108519
34.9591 -13.7394 -9.781 -73.107948
36.3049 -14.3754 -9.3611 -73.107382
37.7863 -14.4064 -8.971 -73.106818
38.9765 -14.4204 -8.3072 -73.106265
39.509 -14.5028 -6.8771 -73.105727
40.803 -14.1184 -7.3333 -73.105208
42.1172 -13.7343 -7.9502 -73.104703
43.481 -14.2451 -8.4653 -73.104216
44.8322 -14.6862 -9.0455 -73.103745
46.2199 -15.1571 -9.5418 -73.103293
47.4998 -15.7968 -10.1041 -73.102864
48.4919 -16.341 -10.9949 -73.102454
49.2648 -16.5571 -12.2212 -73.102067
50.6437 -17.0063 -12.5265 -73.101707
52.1626 -17.2199 -12.7123 -73.101375
53.5098 -17.9199 -12.5815 -73.101072
54.8261 -18.5114 -12.0649 -73.1008
56.0144 -19.3898 -11.6485 -73.100561
57.1511 -20.3793 -11.2981 -73.100357
58.5784 -20.83 -11.009 -73.10019
59.5198 -21.3446 -11.6244 -73.10006
59.9152 -21.5013 -13.1121 -73.099971
60.3293 -21.6363 -14.5919 -73.099926
5.542 -17.4481 -11.9734 -73.138526
5.2752 -19.0549 -12.8511 -73.137787
4.5319 -20.5356 -13.6308 -73.137041
4.2842 -21.2679 -12.1504 -73.136279
4.5234 -21.5541 -11.2061 -73.135524
5.0916 -22.5097 -9.9139 -73.134759
5.6355 -23.6108 -8.5295 -73.13399
6.4022 -24.9693 -7.5369 -73.133215
6.6335 -26.3097 -6.3211 -73.132438
7.1852 -27.3717 -7.4784 -73.13165
7.7638 -28.2275 -9.037 -73.130858
9.1599 -28.8455 -10.0123 -73.130069
10.2945 -29.4271 -11.2255 -73.129275
12.0307 -29.9265 -10.7637 -73.128474
13.7255 -30.5864 -10.4924 -73.127671
15.1918 -31.515 -11.0288 -73.126865
16.7178 -31.6949 -12.0524 -73.126054
18.2188 -31.9125 -13.1144 -73.125239
19.9511 -32.1969 -13.7295 -73.124421
21.5074 -33.0418 -14.1745 -73.12357
22.8543 -34.2615 -14.6414 -73.122715
24.0059 -35.5947 -15.1729 -73.121885
24.5296 -37.1036 -15.7174 -73.121052
24.7232 -37.5624 -17.5262 -73.120207
25.1008 -38.2263 -19.2142 -73.119362
26.3789 -39.4506 -19.5884 -73.118526
28.1291 -39.8596 -20.0602 -73.117689
29.3513 -39.6098 -21.3429 -73.116848
30.6809 -38.9744 -22.3478 -73.116006
31.8544 -39.4408 -23.699 -73.115161
32.7072 -40.1312 -24.5207 -73.114318
34.1875 -40.0661 -24.2388 -73.113474
35.3747 -39.954 -25.6606 -73.112631
36.0556 -40.1808 -27.3735 -73.111777
37.1117 -40.5409 -28.8636 -73.110935
37.9499 -40.8975 -30.5002 -73.110096
38.8019 -40.6861 -32.1277 -73.109258
39.8174 -40.5169 -33.6425 -73.108428
40.8901 -40.7217 -35.068 -73.107606
42.5305 -41.61 -35.2384 -73.10679
44.3755 -41.8861 -35.4176 -73.105982
45.9871 -42.2694 -36.0731 -73.105181
47.4878 -43.2765 -36.1873 -73.104375
49.3319 -43.6209 -36.2065 -73.103564
51.1887 -43.712 -36.2324 -73.102788
53.0372 -43.4731 -36.3042 -73.102027
54.8899 -43.6769 -36.497 -73.101282
56.6959 -43.5991 -36.9065 -73.100551
58.2639 -44.1277 -37.6876 -73.099838
59.5341 -44.5902 -38.7803 -73.099137
60.5988 -45.0677 -39.8571 -73.098462
61.8729 -46.2433 -40.1922 -73.097809
63.3313 -46.5896 -41.0735 -73.097176
64.0217 -46.6763 -42.7931 -73.096565
64.5704 -46.7494 -44.583 -73.095981
64.8703 -46.6711 -46.4334 -73.095406
65.1687 -46.5915 -48.2839 -73.09488
65.5964 -46.5388 -50.1097 -73.094387
65.7108 -46.4215 -51.9702 -73.093894
65.6981 -46.2783 -53.8407 -73.093444
65.6854 -46.1351 -55.7113 -73.093053
65.6727 -45.9919 -57.5819 -73.09272
65.7296 -45.7497 -59.4403 -73.092429
65.8135 -45.4694 -61.2934 -73.092194
66.0243 -45.0935 -63.1166 -73.092015
66.1717 -44.6856 -64.9394 -73.091891
66.3305 -44.1781 -66.4646 -73.091828
5.6517 -16.7814 -12.2027 -73.138097
5.689 -16.9607 -13.7308 -73.136529
5.7263 -17.14 -15.259 -73.134994
5.7636 -17.3194 -16.7872 -73.133493
5.8009 -17.4987 -18.3154 -73.132024
5.8383 -17.678 -19.8436 -73.130587
5.8756 -17.8574 -21.3717 -73.129184
5.9129 -18.0367 -22.8999 -73.127813
5.9502 -18.216 -24.4281 -73.126475
5.9875 -18.3954 -25.9563 -73.125169
6.0248 -18.5747 -27.4845 -73.123896
6.0621 -18.754 -29.0126 -73.122655
6.0994 -18.9334 -30.5408 -73.121447
6.1367 -19.1127 -32.069 -73.120271
6.1741 -19.292 -33.5972 -73.119127
6.2114 -19.4714 -35.1254 -73.118016
6.2487 -19.6507 -36.6536 -73.116937
6.286 -19.83 -38.1817 -73.11589
6.3233 -20.0094 -39.7099 -73.114875
6.3606 -20.1887 -41.2381 -73.113892
6.3979 -20.368 -42.7663 -73.112942
6.4352 -20.5474 -44.2945 -73.112023
6.4725 -20.7267 -45.8226 -73.111137
6.5099 -20.906 -47.3508 -73.110282
6.5472 -21.0854 -48.879 -73.10946
6.5845 -21.2647 -50.4072 -73.108669
6.6218 -21.444 -51.9354 -73.10791
6.6591 -21.6234 -53.4635 -73.107183
6.6964 -21.8027 -54.9917 -73.106488
6.7337 -21.982 -56.5199 -73.105825
6.771 -22.1614 -58.0481 -73.105193
6.8083 -22.3407 -59.5763 -73.104594
6.8457 -22.52 -61.1045 -73.104026
6.883 -22.6994 -62.6326 -73.103489
6.9394 -22.8766 -64.1572 -73.102985
8.1498 -22.8799 -64.1006 -73.102499
8.9886 -23.516 -62.989 -73.102024
9.9314 -24.3205 -62.1091 -73.101567
10.5435 -25.411 -61.3105 -73.101124
11.1641 -26.7642 -60.9602 -73.100698
11.7371 -28.177 -61.0516 -73.100293
12.2468 -29.4991 -61.4619 -73.099908
12.6299 -30.7915 -61.1111 -73.099542
13.0367 -32.212 -60.6823 -73.099201
13.4206 -33.6473 -60.2909 -73.098884
13.672 -35.0666 -59.8345 -73.098595
13.7802 -36.5811 -60.0484 -73.098335
13.7177 -38.0731 -60.4184 -73.098108
13.5658 -39.5761 -60.7091 -73.097912
13.3014 -41.0704 -60.6511 -73.097752
13.3571 -42.0105 -59.4467 -73.097627
13.5377 -43.0476 -58.3404 -73.097543
13.6333 -44.0606 -57.3331 -73.097499
-2.4565 -0.91 0.0523 -73.157575
-2.8293 2.667 0.2464 -73.162013
-3.0866 6.216 0.7208 -73.16656
-2.2413 9.6979 1.5153 -73.171236
-0.7404 12.7593 0.9662 -73.176005
0.227 15.8879 -1.0884 -73.181091
0.5524 20.1154 -1.9386 -73.186516
0.4575 24.418 -2.5408 -73.192103
0.4389 27.3767 -5.5178 -73.197871
-0.013 29.9656 -8.7108 -73.203816
-0.1419 14.3216 0.264 -73.178552
0.8616 14.8245 1.2959 -73.179921
2.5303 15.409 3.4469 -73.182505
5.0961 15.9466 3.8822 -73.185218
7.8356 16.5695 3.9069 -73.188084
10.5566 17.2922 4.0994 -73.191072
13.2701 17.9524 4.5537 -73.194212
15.8121 18.8134 4.7988 -73.197507
17.2134 19.7132 4.344 -73.199861
17.5574 19.3689 4.0634 -73.199681
-0.9274 14.3109 0.2417 -73.178497
-2.5488 14.1754 0.0246 -73.178196
-4.1702 14.04 -0.1925 -73.177929
-5.6969 13.9854 -0.1496 -73.177693
-6.0083 14.0245 0.9686 -73.177481
-4.7591 13.8534 0.1003 -73.177293
-4.5248 13.8442 -1.5168 -73.177092
-4.3735 13.8457 -3.1513 -73.176928
-4.2222 13.8471 -4.7858 -73.176807
-4.0708 13.8486 -6.4202 -73.176729
-3.7648 13.9278 -8.018 -73.176693
-3.1571 14.1597 -9.5252 -73.1767
-2.5409 14.9686 -10.6984 -73.176754
-0.6612 32.5013 -8.9792 -73.207562
-1.3441 34.6869 -8.6538 -73.210386
-2.5162 37.7967 -7.959 -73.214668
-4.0883 40.798 -9.2426 -73.21902
-6.1771 43.4321 -10.5669 -73.223438
-7.4526 45.9637 -12.4793 -73.227932
-8.199 48.9959 -14.3148 -73.23255
-8.488 52.2581 -16.0262 -73.237293
-8.9751 55.6713 -17.3793 -73.242109
-8.9724 59.3456 -17.9864 -73.246996
-8.8355 62.9598 -18.9326 -73.251956
-8.1651 65.7964 -21.101 -73.256994
-8.071 69.4931 -21.2598 -73.262102
-8.0725 72.7987 -19.5494 -73.266891
-8.8931 75.9303 -20.6534 -73.270799
-9.8467 77.8663 -22.8286 -73.274208
-10.916 79.9845 -24.8489 -73.277648
-11.8107 82.572 -26.461 -73.281335
-13.9622 85.1541 -28.0376 -73.285266
-15.428 87.4195 -30.0798 -73.289246
-16.2874 89.1284 -32.8169 -73.292647
-17.1302 91.8068 -33.4334 -73.295454
-16.6579 94.7355 -33.3269 -73.298276
-16.2793 97.4317 -32.2507 -73.301111
-16.0966 100.3779 -31.8618 -73.303959
-15.6048 103.2146 -31.8672 -73.30766
-15.0646 104.6984 -30.0846 -73.312224
-14.4099 106.6313 -31.3901 -73.316788
-13.9013 109.3975 -31.7321 -73.32136
-13.1382 112.1018 -31.8855 -73.325938
-12.0288 114.6912 -32.2205 -73.330526
-9.9615 116.491 -32.7147 -73.335117
-8.3964 118.5551 -33.6954 -73.339712
-7.0441 120.3709 -35.2413 -73.344315
-16.3107 103.1222 -31.2609 -73.307716
-17.0106 105.6108 -30.0258 -73.312302
-17.7104 108.0993 -28.7907 -73.316811
-18.4103 110.5878 -27.5556 -73.32124
-19.1321 113.0846 -26.3544 -73.32559
-20.0839 115.6275 -25.7828 -73.329915
-21.6544 117.8269 -26.4818 -73.334246
-22.4041 120.0541 -28.0006 -73.33859
-23.8204 121.9956 -29.2918 -73.342934
-16.2837 88.4956 -30.6847 -73.293747
-16.9057 88.45 -28.8674 -73.298694
-17.5277 88.4044 -27.0501 -73.303576
-18.1496 88.3588 -25.2328 -73.308394
-18.7716 88.3131 -23.4155 -73.313145
-19.3936 88.2675 -21.5982 -73.317829
-20.0155 88.2219 -19.7808 -73.322446
-20.6375 88.1763 -17.9635 -73.326993
-21.2595 88.1307 -16.1462 -73.33147
-21.8814 88.0851 -14.3289 -73.335877
-22.5034 88.0394 -12.5116 -73.340213
-23.1253 87.9938 -10.6943 -73.344476
-23.7473 87.9482 -8.8769 -73.348666
-24.3693 87.9026 -7.0596 -73.352782
-24.9912 87.857 -5.2423 -73.356822
-25.6132 87.8114 -3.425 -73.360787
-26.2352 87.7657 -1.6077 -73.364674
-26.8571 87.7201 0.2096 -73.368484
-27.4791 87.6745 2.0269 -73.372216
-28.1011 87.6289 3.8443 -73.375868
-28.723 87.5833 5.6616 -73.379439
-10.6474 82.0467 -25.97 -73.280529
-9.8973 83.5702 -26.7997 -73.282802
-8.9166 84.4636 -28.1497 -73.285094
-7.9416 85.635 -29.2349 -73.287404
-6.7633 86.7616 -30.2244 -73.289726
-5.9934 87.8877 -31.5 -73.292063
-4.805 89.0805 -31.9871 -73.294414
-4.0074 90.0975 -33.2964 -73.296794
-3.642 91.5318 -34.1524 -73.299174
-3.5504 92.2381 -35.0395 -73.301569
-2.6112 93.3175 -34.37 -73.30398
-1.4138 94.7914 -34.5426 -73.30639
-0.1697 96.0984 -35.117 -73.308808
0.8889 97.112 -35.3375 -73.311233
1.8787 97.6218 -33.8386 -73.313667
3.297 98.6527 -34.2066 -73.316089
4.478 100.1526 -34.2331 -73.318502
5.7259 101.6013 -34.2783 -73.320915
6.9236 103.076 -34.3329 -73.323313
8.2378 104.4594 -34.2789 -73.325702
9.708 105.6324 -34.1824 -73.328069
11.0242 106.9149 -34.1788 -73.330423
12.03 108.5293 -34.2938 -73.332755
12.8387 110.237 -34.4028 -73.335061
13.6986 111.9172 -34.2947 -73.337338
14.9808 113.3035 -34.0183 -73.339579
16.3534 114.5382 -33.5266 -73.341782
-8.0122 74.6652 -19.0128 -73.270203
-7.3733 74.7434 -17.1393 -73.272351
-6.2129 74.8717 -15.5661 -73.274494
-4.6588 75.1485 -14.4836 -73.276648
-2.9313 75.2005 -13.5318 -73.278818
-1.1908 75.5548 -14.025 -73.281006
0.2492 75.4182 -15.2751 -73.283213
1.6994 75.2949 -16.4498 -73.285429
3.456 75.8724 -16.5978 -73.287661
4.909 77.061 -16.0201 -73.289905
6.3489 78.0205 -15.2054 -73.292157
7.6777 78.1558 -16.557 -73.294433
9.1932 78.8939 -17.1669 -73.29671
10.3243 80.3116 -17.9293 -73.298992
11.8031 81.2429 -18.8099 -73.301275
13.3202 82.0201 -19.7154 -73.303561
14.672 82.8734 -20.8357 -73.305844
15.8195 84.0369 -21.4716 -73.308121
17.3968 85.0052 -21.5241 -73.310393
19.1523 85.9091 -21.6233 -73.312656
20.835 86.8367 -21.5731 -73.314907
22.3782 87.6805 -22.4819 -73.317149
23.6336 88.6822 -23.6145 -73.31937
25.3121 89.236 -24.4178 -73.321569
26.9271 90.1776 -25.069 -73.323789
28.5711 91.1435 -25.6063 -73.326005
30.1849 92.1759 -26.0934 -73.328129
31.906 93.0582 -26.3886 -73.330205
33.349 94.3802 -26.2354 -73.332239
34.682 95.7638 -25.7885 -73.334226
36.0698 96.9946 -25.1164 -73.336162
-9.1332 71.1226 -19.9391 -73.26737
-11.2049 71.3971 -19.3463 -73.27271
-12.2503 72.1505 -17.4371 -73.278161
-13.2771 72.9723 -16.3017 -73.283712
-15.0629 74.4381 -16.0237 -73.289357
-17.1889 75.3374 -15.9102 -73.295117
-18.7708 76.7954 -16.5998 -73.300991
-20.2396 77.7578 -18.0502 -73.306992
-21.4318 79.2493 -19.3169 -73.313097
-22.4493 80.8848 -20.0685 -73.317716
-23.644 82.5321 -19.9209 -73.320765
-25.2693 83.8199 -19.7197 -73.323839
-26.4282 85.5474 -19.5741 -73.326943
-27.4271 87.2915 -19.7394 -73.330082
-28.2555 88.0894 -18.5764 -73.333279
-28.4362 88.7812 -16.6121 -73.33652
-28.7184 89.4709 -14.6555 -73.339757
-28.5952 90.5234 -12.9306 -73.343007
-28.0087 92.2281 -11.8717 -73.346279
-28.1824 93.3344 -10.523 -73.349583
-28.881 94.9101 -9.3484 -73.35291
-29.1637 96.6406 -8.2343 -73.356254
-29.7507 98.589 -7.8416 -73.359618
-31.2546 100.014 -7.7767 -73.363001
-32.9856 101.1833 -7.8435 -73.366393
-34.438 102.6859 -7.93 -73.369807
-35.8645 104.1959 -8.077 -73.373232
-37.7492 105.0636 -8.2888 -73.376663
-39.7252 105.5106 -8.4883 -73.380112
-41.4274 106.5542 -8.4275 -73.383577
-22.5697 79.9845 -21.0657 -73.317951
-23.5049 79.5868 -23.0086 -73.321116
-24.7357 79.2357 -23.1851 -73.323981
-26.0186 79.7983 -22.2548 -73.326863
-27.6912 80.6895 -21.9109 -73.329767
-29.3246 81.7314 -21.4655 -73.33269
-31.1306 82.4861 -21.4143 -73.335632
-32.9071 83.2024 -21.5235 -73.338604
-34.8537 83.2248 -21.3716 -73.341594
-36.6622 83.819 -20.8419 -73.344607
-38.0322 83.5029 -19.5874 -73.347647
-39.4902 83.5562 -18.2934 -73.3507
-40.9141 84.0358 -17.0459 -73.353772
-42.4783 85.0996 -16.5078 -73.35685
-44.0118 86.2891 -16.2793 -73.359942
-45.0805 86.8165 -17.3328 -73.36311
-45.3985 87.0849 -19.2874 -73.366267
-46.0085 87.5938 -21.1008 -73.36944
-46.5256 87.8633 -23.0125 -73.372622
-47.0124 88.1443 -24.9307 -73.375811
-48.0466 88.8001 -25.8124 -73.378963
-49.3531 89.8139 -24.8517 -73.382118
-23.4169 79.5945 -22.041 -73.319683
-7.4755 47.1812 -14.128 -73.230484
-6.6397 46.9581 -15.442 -73.231018
-6.0885 47.0624 -16.854 -73.231533
-5.6785 47.4504 -18.3124 -73.232041
-5.0375 48.1975 -19.4234 -73.232534
-4.9376 48.8586 -20.8471 -73.233017
-4.8994 49.5688 -22.2208 -73.233485
-4.8067 50.8524 -23.1201 -73.233934
-4.348 52.1399 -23.896 -73.234384
-3.8636 53.4258 -24.6617 -73.234796
-3.2759 54.7308 -25.2965 -73.235171
-2.6137 56.0992 -25.6637 -73.235515
-1.9972 57.5231 -25.7699 -73.235828
-0.7472 58.4335 -25.8246 -73.236107
0.1834 59.5702 -25.9895 -73.236349
1.0556 60.8294 -26.3063 -73.236548
1.4265 62.1744 -26.9168 -73.236703
1.2466 63.3678 -27.9187 -73.23681
0.8615 64.5278 -28.8693 -73.236865
-1.2039 34.2315 -8.7378 -73.210428
-2.1645 36.692 -8.3921 -73.214773
-3.11 39.1845 -8.3928 -73.219219
-3.9026 40.3411 -6.7187 -73.223775
-4.4638 40.8393 -4.1593 -73.228454
-5.2514 41.2336 -1.6507 -73.233235
-6.4986 41.3875 0.6577 -73.238115
-6.9016 41.3668 3.1344 -73.243137
-8.3244 41.1475 5.0228 -73.248222
-9.0777 42.2825 6.6587 -73.252849
-10.4818 44.1286 6.7312 -73.25698
-12.0542 45.877 6.472 -73.261186
-13.7926 47.4551 6.7415 -73.265471
-14.3287 48.7274 8.6097 -73.269853
-14.2892 50.0448 10.5825 -73.274305
-14.3831 52.2013 11.5125 -73.278829
-15.4653 54.1641 11.5993 -73.283432
-15.9872 56.1264 10.7348 -73.288121
-15.9935 58.493 10.4465 -73.292889
-16.6674 59.2873 8.5547 -73.297771
-17.4698 59.7595 6.3608 -73.302731
-17.8092 61.9411 6.2291 -73.307755
-19.8136 62.8997 6.5069 -73.312882
-21.3274 63.1601 7.9551 -73.318122
-22.8218 64.0013 9.1439 -73.322564
-24.7396 64.6596 9.7419 -73.326169
-25.9313 65.6939 8.2209 -73.32982
-27.3521 67.091 7.1443 -73.33352
-27.8515 68.7801 5.7356 -73.337268
-28.9706 70.1238 4.2552 -73.341053
-29.8302 71.1977 2.3661 -73.344892
-30.5772 72.9481 2.3143 -73.348778
-31.2511 73.9836 4.3225 -73.352705
-31.8836 74.7971 6.3519 -73.356683
-33.4979 76.3178 6.0157 -73.360683
-35.3494 77.7054 5.6794 -73.364721
-36.2359 77.7987 3.4859 -73.368827
-36.823 78.2142 1.2302 -73.372974
-37.2962 78.8752 -1.0041 -73.377156
-38.0777 79.5243 -3.1351 -73.381351
-38.5828 79.8578 -5.4262 -73.385612
-40.1286 80.7679 -6.86 -73.389873
-41.8887 81.3717 -5.9333 -73.394175
-43.201 81.2826 -4.0378 -73.398525
-44.3102 81.7185 -2.0187 -73.402892
-23.2557 64.0561 8.131 -73.321982
-24.9649 64.9635 8.1844 -73.324419
-26.0616 65.9005 8.9001 -73.326926
-26.305 66.1448 10.8713 -73.329472
-26.4364 66.2766 12.8582 -73.331993
-26.7662 66.3845 14.8041 -73.334527
-28.2543 66.3369 15.7942 -73.337068
-29.7596 66.2207 16.7645 -73.339639
-29.8152 66.2528 18.7633 -73.342226
-30.2709 66.9957 19.6957 -73.344826
-31.7156 67.9135 20.4594 -73.347456
-32.1409 69.5247 21.5115 -73.350096
-33.0427 71.1208 22.2483 -73.35274
-33.7682 72.7602 23.0868 -73.355393
-34.714 74.4169 23.6586 -73.358046
-35.5114 76.0162 24.4887 -73.360704
-35.8784 77.7991 25.2812 -73.363369
-36.6919 79.4931 25.9091 -73.366032
-37.5921 81.2366 26.1638 -73.368686
-37.9648 82.9348 26.6532 -73.37135
-38.1232 84.1537 28.0096 -73.373993
-37.4894 85.6297 29.04 -73.376625
-37.0034 87.4849 29.1485 -73.379239
-36.7841 89.4485 29.2879 -73.381921
-36.3959 91.4052 29.448 -73.384573
-9.6387 41.5186 6.3846 -73.251453
-11.2133 41.8239 6.3128 -73.252736
-12.0979 42.4791 4.8865 -73.254046
-13.2557 43.35 3.9751 -73.255363
-14.2423 43.577 2.4577 -73.256697
-15.3556 43.71 1.0276 -73.25804
-15.9894 44.5732 -0.4476 -73.259397
-16.6871 45.12 -2.0478 -73.260763
-17.7188 45.8368 -3.2857 -73.262143
-18.5783 46.8498 -4.5254 -73.26353
-19.9074 47.2662 -5.6939 -73.264923
-21.5852 47.5437 -6.3542 -73.266319
-22.9761 48.6597 -6.3259 -73.267714
-24.3563 49.8697 -6.2079 -73.269113
-25.8552 50.8966 -6.0169 -73.270507
-27.0962 51.9486 -5.4199 -73.271905
-27.9482 52.3876 -3.9646 -73.273304
-29.654 52.5789 -3.9322 -73.274689
-30.6445 52.9077 -5.3714 -73.276069
-32.0441 53.5066 -6.2656 -73.277435
-33.4656 54.634 -6.5349 -73.278786
-34.9544 55.5474 -7.0531 -73.280116
-36.2819 56.6634 -7.6004 -73.281425
-37.6486 57.8611 -7.7756 -73.282712
-38.5034 59.4777 -7.6459 -73.283971
-39.3718 61.0534 -7.2838 -73.285192
-40.2991 62.551 -6.7638 -73.286377
-41.2384 64.045 -6.261 -73.287522
-41.8614 65.6914 -5.7694 -73.288619
-42.4591 67.2851 -5.1652 -73.289667
-43.3383 68.5969 -4.4191 -73.290659
-44.4522 70.0317 -4.1392 -73.291587
-45.5063 71.5345 -4.0501 -73.29245
-46.5569 73.035 -4.1531 -73.293241
-47.8716 74.2263 -4.5515 -73.293953
-48.8625 75.1738 -5.5759 -73.294582
-49.2408 75.7623 -7.2733 -73.295126
-49.4584 77.0985 -8.4631 -73.29557
-49.9501 78.752 -8.946 -73.295914
-51.026 79.8745 -9.2484 -73.296149
-51.28 79.9424 -10.8927 -73.296272
17.7044 20.951 4.9703 -73.201156
18.2015 22.2043 5.6044 -73.20246
18.6985 23.4577 6.2386 -73.203756
19.0912 25.152 6.8819 -73.205391
19.429 27.2733 6.757 -73.207395
20.0937 28.9393 5.4586 -73.209437
20.5192 30.5261 4.0181 -73.211518
21.7848 31.8769 2.8501 -73.213642
22.0977 33.1829 1.0434 -73.215808
23.2662 34.71 0.0406 -73.218005
23.7528 35.2305 -1.9989 -73.22025
24.4415 36.3316 -0.4475 -73.22254
25.2156 37.3871 1.3732 -73.224866
25.5431 38.1412 3.4507 -73.227237
26.3109 39.4951 5.0553 -73.229635
27.3125 40.7429 3.9319 -73.232072
27.6125 41.5008 5.9749 -73.234565
27.8649 42.4672 7.8245 -73.237091
28.5761 44.0126 9.106 -73.239645
29.3017 45.8785 9.8466 -73.242232
29.8444 47.4239 10.9837 -73.244873
29.8427 48.4745 12.9418 -73.247542
30.4043 50.5089 13.6559 -73.250241
32.2661 51.6774 14.0416 -73.252977
33.7432 53.3643 13.9508 -73.255746
35.3704 54.8773 13.6311 -73.258552
36.404 56.7929 13.1328 -73.261393
37.9566 57.9008 12.228 -73.264259
39.1636 59.6692 11.6914 -73.267161
40.7811 61.2139 11.412 -73.270096
42.5407 62.5144 11.7504 -73.273054
43.9242 63.8221 12.81 -73.276048
45.3908 65.165 13.6376 -73.279067
45.9271 67.2097 14.1714 -73.282101
46.6355 69.1359 14.3788 -73.285159
48.3635 70.1089 14.8857 -73.288242
49.6569 71.9103 15.1633 -73.291404
50.9513 73.7475 15.4455 -73.294585
52.8054 74.9337 15.6383 -73.29772
54.7263 75.5702 15.6827 -73.300867
56.0864 76.9982 15.657 -73.304027
57.1449 78.0802 14.4904 -73.307208
58.894 79.349 14.0314 -73.310387
60.9129 80.2627 14.3307 -73.313569
62.6887 81.5896 14.007 -73.316756
64.1912 82.1373 14.8133 -73.31996
65.3934 82.3955 16.5144 -73.323153
66.9021 83.2776 17.6975 -73.326328
67.4164 84.9808 18.6495 -73.32949
68.0681 86.9646 19.2519 -73.332622
18.9087 24.0362 7.1126 -73.204409
19.1476 18.9083 3.9431 -73.200755
20.9905 18.3979 3.8423 -73.201995
22.9152 18.2333 3.6481 -73.203261
24.7758 17.8958 3.3306 -73.204549
26.5871 18.0132 3.1308 -73.205862
28.3023 18.6484 3.6845 -73.2072
29.9424 18.8206 4.6508 -73.208562
31.2866 18.6601 5.9911 -73.209952
32.7096 18.1098 7.1234 -73.211365
34.1103 16.8391 7.543 -73.212799
35.4164 15.4177 7.7072 -73.214259
36.5618 14.0174 7.4707 -73.215741
38.0589 13.6462 6.35 -73.217245
39.8047 13.3092 5.8907 -73.21877
41.5119 12.7068 5.2455 -73.220317
42.8693 12.0614 4.0202 -73.221889
44.4573 11.3345 3.2295 -73.223479
45.9294 10.8303 2.4767 -73.225093
47.1014 10.1377 3.6205 -73.226723
48.3849 9.3089 4.6779 -73.228368
49.394 9.6773 6.2389 -73.23004
50.6478 10.0528 7.6185 -73.231726
51.9327 9.8336 9.0023 -73.233422
53.4883 10.1208 10.104 -73.23513
55.2334 9.8227 9.9071 -73.236848
57.0597 9.924 9.3135 -73.238678
58.8743 9.6526 8.6558 -73.24056
60.689 9.3812 7.9981 -73.242386
62.4959 9.1815 7.3186 -73.24416
64.0964 9.6659 6.3822 -73.245918
65.6128 10.0298 5.5676 -73.247678
66.3879 8.7348 6.61 -73.249443
67.0408 7.9267 8.2378 -73.251201
67.6184 7.3624 10.0083 -73.252962
68.2214 6.7991 11.7671 -73.254718
68.8557 6.3245 13.5452 -73.256453
69.5936 6.0215 15.3177 -73.258184
70.6128 5.6939 16.9232 -73.259888
71.846 5.1297 18.3139 -73.261559
73.446 5.6128 19.1551 -73.26321
75.1394 5.1362 19.9892 -73.264858
76.7792 5.1163 20.887 -73.266444
78.3203 5.541 21.9782 -73.267994
79.5543 6.0354 23.1887 -73.2695
80.477 6.477 24.7608 -73.270952
82.1371 6.4027 25.3832 -73.272351
83.992 6.8997 25.7174 -73.273692
85.8702 6.8251 26.0726 -73.274968
87.7509 6.7088 26.4848 -73.276174
89.6348 6.7028 26.6547 -73.277301
91.0074 6.4378 25.4152 -73.278341
92.1971 6.0461 24.0228 -73.279296
93.1627 5.5053 22.7795 -73.280174
93.4181 5.3578 20.8527 -73.280945
93.6827 5.205 18.9277 -73.2816
93.9559 5.0473 17.0042 -73.282133
94.7999 4.5071 17.8661 -73.282531
-1.9865 16.2264 -10.9822 -73.176843
-1.6114 17.3396 -11.0385 -73.176905
-1.1973 18.2526 -10.4886 -73.176953
-0.4899 18.8695 -10.968 -73.176986
0.4947 18.656 -11.4238 -73.177004
-5.9486 122.6202 -36.4545 -73.348923
-4.8563 124.4889 -38.1946 -73.353536
-3.4433 126.1431 -39.8024 -73.358143
-2.2407 128.597 -40.3971 -73.362742
-1.5188 131.295 -40.1613 -73.367337
-1.6696 134.0734 -40.2753 -73.371925
-2.517 136.7345 -40.7076 -73.376505
-3.2762 139.4376 -41.1589 -73.381075
-4.1563 142.1305 -41.3938 -73.385629
-4.9956 144.8475 -41.5126 -73.39017
-4.2109 147.46 -41.641 -73.394688
-3.9407 150.1251 -41.6099 -73.39919
-3.8535 152.9656 -41.6389 -73.403664
-3.8797 155.8081 -41.7765 -73.408118
-3.362 158.4701 -41.8809 -73.412546
-3.9026 161.1882 -41.8597 -73.416944
-4.6546 163.8938 -41.7416 -73.421309
-4.458 166.7321 -41.7051 -73.425638
-4.7248 169.4267 -41.9823 -73.42993
-5.9516 171.9513 -42.4086 -73.434182
-6.8697 174.6164 -42.5236 -73.438389
-7.1469 177.3942 -42.5991 -73.44255
-8.5483 179.5426 -43.6297 -73.446662
-9.0965 181.9163 -44.9846 -73.45073
-9.3572 184.5276 -45.8738 -73.454735
-10.3037 185.8819 -45.5629 -73.457627
-12.6165 185.7411 -44.527 -73.459375
-14.6492 185.7303 -43.1953 -73.461017
-16.2496 187.2653 -42.1906 -73.462569
-17.9145 189.1431 -41.8854 -73.464034
-19.4479 191.0685 -41.5909 -73.465409
-21.0169 192.9475 -41.0017 -73.466691
-22.4125 194.4386 -40.3024 -73.467876
-23.7068 195.9472 -39.0039 -73.46896
-25.0392 197.7028 -39.8911 -73.46994
-25.8175 200.0563 -40.2799 -73.470809
-26.6369 201.4551 -41.5533 -73.471568
-27.5289 202.2594 -40.2727 -73.472208
-29.472 203.3638 -40.3713 -73.472725
-31.4096 204.4733 -39.3932 -73.473116
-31.9894 205.4816 -37.1556 -73.473376
-32.896 206.6385 -35.2063 -73.4735
-33.7738 206.9925 -32.8727 -73.473482
-35.326 208.2821 -31.3862 -73.473318
-36.5537 210.18 -30.3332 -73.473002
-37.6503 212.1937 -29.5135 -73.47253
-38.7499 214.0475 -28.2022 -73.471894
-38.8366 216.2339 -27.1303 -73.471091
-39.8429 217.9451 -25.6872 -73.470112
-40.3547 220.3663 -25.6679 -73.468954
-9.0607 186.6005 -47.0068 -73.457813
-8.6412 188.5188 -48.1723 -73.459958
-7.9227 189.8909 -49.7878 -73.462037
-7.3389 191.2666 -51.5099 -73.464044
-6.8689 192.8579 -53.067 -73.465973
-6.5717 194.5306 -54.6272 -73.467824
-6.699 195.7688 -56.5782 -73.469596
-6.6007 197.3796 -57.9455 -73.47128
-5.361 198.4457 -59.4593 -73.472876
-4.0706 199.0919 -61.2062 -73.47438
-2.56 200.3359 -61.9713 -73.475783
-1.1767 202.1203 -62.473 -73.477086
0.1257 203.765 -63.1817 -73.478282
0.5779 205.9809 -62.9411 -73.479372
1.7705 207.8999 -62.7909 -73.480347
1.7806 210.0234 -63.3852 -73.481206
1.251 212.0868 -62.5412 -73.481943
0.3882 214.2228 -62.3899 -73.482552
-0.4598 216.2968 -62.9067 -73.483029
-1.2479 218.4121 -63.4146 -73.483369
-2.0973 220.5416 -63.7457 -73.483567
-3.4118 222.4275 -63.923 -73.483617
-5.2388 223.8332 -64.0726 -73.483514
-7.0057 225.2983 -64.337 -73.483252
-8.1122 227.0393 -64.9339 -73.482826
-8.3675 229.0243 -65.402 -73.482327
-8.7031 230.7886 -65.6689 -73.481817
-9.2813 232.5101 -65.8231 -73.481195
-9.2237 228.2929 -64.8468 -73.482467
-10.9382 228.5001 -64.259 -73.482209
-12.6565 228.7042 -63.682 -73.481814
-25.5183 124.0162 -29.3962 -73.346962
-26.4756 125.8583 -28.1987 -73.350676
-27.6755 127.8327 -27.6028 -73.354388
-27.9279 128.8492 -29.077 -73.358104
-28.5728 129.8586 -27.39 -73.361831
-29.4951 131.5172 -26.0388 -73.36553
-30.3172 133.5583 -25.0126 -73.369223
-30.9903 134.755 -23.0132 -73.372905
-31.8576 136.0757 -21.167 -73.376574
-32.9249 137.8539 -19.8699 -73.380226
-34.7749 138.8966 -19.3111 -73.383865
-36.3176 139.9122 -18.0849 -73.387481
-37.4604 141.3871 -16.8864 -73.391074
-38.6623 143.1941 -16.0632 -73.394649
-40.1691 144.5551 -14.9429 -73.398205
-41.2877 146.3296 -14.9203 -73.401736
-42.5778 148.1549 -14.027 -73.405234
-43.9866 149.9737 -13.1872 -73.408695
-45.0144 151.7833 -12.0503 -73.412124
-45.5532 153.8159 -10.8393 -73.415517
-46.3861 156.0367 -10.2537 -73.41887
-46.9837 158.3901 -9.9517 -73.422175
-47.8117 160.6751 -9.7756 -73.425438
-49.0447 162.6915 -9.706 -73.428649
-50.015 164.9082 -9.8518 -73.431808
-51.5234 166.8379 -9.9384 -73.434912
-52.9161 168.8061 -9.9279 -73.437956
-54.0733 170.9215 -9.7859 -73.44094
-55.7453 172.652 -9.5467 -73.443857
-57.6094 174.1497 -9.6472 -73.446706
-59.246 175.273 -8.9172 -73.449483
-60.6519 176.3429 -7.7572 -73.452183
-61.8971 178.3631 -7.4187 -73.454802
-62.7492 180.6081 -7.5045 -73.457339
-63.9736 182.7158 -7.7021 -73.459783
-65.2308 184.8141 -7.6187 -73.462132
-66.7492 186.7003 -7.6491 -73.464381
-68.417 188.4651 -7.7574 -73.466527
-69.4591 190.6092 -7.7695 -73.468563
-69.6776 192.1396 -9.5531 -73.470492
-70.6232 193.0213 -8.854 -73.472322
-70.9662 193.1386 -6.4297 -73.474025
-71.4596 193.5338 -4.0639 -73.475593
-72.1758 195.2071 -3.9513 -73.477011
-73.6159 196.7389 -5.1111 -73.478284
-74.8609 198.522 -6.148 -73.479406
-75.7426 199.5734 -7.6936 -73.480374
-75.3694 199.5725 -10.1146 -73.481192
-74.4019 199.6256 -11.6143 -73.481828
-73.8016 200.0979 -9.3728 -73.482287
-74.5843 201.3776 -7.8285 -73.482558
-75.66 202.8847 -6.3385 -73.482635
-76.7569 204.7933 -5.2692 -73.482509
-77.7876 206.5222 -4.0466 -73.482172
-78.7815 208.5213 -3.0989 -73.481615
-29.3228 87.5393 7.4141 -73.382804
-29.9005 87.4969 9.1019 -73.385974
-30.4781 87.4545 10.7898 -73.389073
-31.0558 87.4122 12.4776 -73.392099
-32.2782 87.1841 13.3671 -73.395068
-33.8866 86.6278 13.8875 -73.398041
-35.2533 87.1539 14.4242 -73.401012
-35.8481 87.8038 15.3321 -73.403975
-36.8463 86.9864 16.4788 -73.406937
-38.3951 86.3544 16.7879 -73.409885
-40.0436 86.842 16.4412 -73.41282
-41.676 86.6973 15.7688 -73.415746
-43.0795 86.67 14.6822 -73.418654
-44.7397 86.6061 14.8133 -73.421543
-46.2784 86.3685 14.6265 -73.424413
-47.931 85.969 14.7511 -73.427257
-49.3382 85.0184 15.2541 -73.430077
-51.0157 84.5548 15.4912 -73.432871
-52.76 84.3802 15.7377 -73.435626
-54.4766 84.1118 16.1326 -73.438345
-56.1575 83.722 16.5614 -73.441031
-57.6854 83.1665 17.2616 -73.443679
-59.449 83.0129 17.2864 -73.446276
-61.2047 83.1213 17.0316 -73.448822
-62.4985 83.4162 16.057 -73.45132
-64.2493 83.561 15.9695 -73.453762
-65.9938 83.4285 15.6473 -73.456147
-67.7202 83.5173 15.2308 -73.458468
-69.055 83.036 14.2322 -73.460722
-69.8653 82.2066 12.9383 -73.462907
-71.0115 81.258 11.9738 -73.465012
-72.4278 80.4398 11.5445 -73.46704
-73.698 79.222 11.6667 -73.468979
-74.8344 77.8746 11.8888 -73.470821
-76.1909 76.8138 12.1994 -73.472576
-77.7152 76.0674 12.6693 -73.474231
-79.2241 75.3783 13.2714 -73.475779
-80.5771 74.3384 13.7242 -73.477216
-81.948 73.2954 14.1285 -73.478536
-83.3128 72.1963 14.4348 -73.479733
-84.2563 70.7511 14.49 -73.480803
-85.9688 70.3467 14.3507 -73.48174
-87.6869 70.083 14.43 -73.482535
-89.1236 69.3762 14.9056 -73.483185
-90.0942 69.1674 16.3612 -73.483684
-91.4773 68.4273 17.0893 -73.484022
-93.1744 68.4543 17.5737 -73.484195
17.4714 115.5383 -32.7054 -73.34376
18.7181 116.515 -32.6736 -73.345529
19.4474 117.9165 -32.6863 -73.347258
20.2746 119.2604 -32.6312 -73.348953
21.0837 120.5882 -32.4636 -73.350607
21.7758 121.9988 -32.2416 -73.352218
22.3094 123.4582 -32.1155 -73.353785
23.1409 124.8071 -32.0128 -73.355301
23.9385 126.1782 -31.9172 -73.35677
25.0849 127.2066 -31.902 -73.358179
25.7601 127.3047 -33.2559 -73.359544
26.628 127.211 -34.5602 -73.360849
27.4583 127.1967 -35.7592 -73.362081
28.395 127.5305 -34.6253 -73.363244
29.5644 128.205 -33.8463 -73.364329
30.5696 128.6374 -32.8152 -73.365342
32.0051 129.043 -32.2921 -73.366271
33.4128 129.4399 -31.6761 -73.367114
34.7649 130.0848 -31.1622 -73.367865
36.07 130.7044 -30.5266 -73.368521
37.2954 130.2845 -29.7509 -73.36908
38.6668 129.8544 -29.4393 -73.369536
40.0959 129.824 -28.9371 -73.369885
41.6596 129.7812 -29.1527 -73.370123
43.163 129.7557 -29.5887 -73.370244
37.3605 97.6671 -24.1386 -73.337859
38.5247 98.3419 -23.3011 -73.339331
39.4075 98.7958 -22.0704 -73.340764
39.7833 99.3954 -20.6642 -73.342155
39.86 99.407 -19.0804 -73.343515
40.1939 99.8932 -18.7303 -73.344807
40.4963 100.318 -20.2174 -73.346054
41.4643 101.4944 -20.1061 -73.347235
42.3976 102.7119 -19.7798 -73.348354
43.1049 104.0833 -19.5568 -73.34941
44.0865 105.3182 -19.6544 -73.350396
44.7899 106.7249 -19.7113 -73.351311
45.9094 107.8469 -19.694 -73.35215
47.0015 108.9935 -19.6267 -73.35291
47.4874 110.1272 -19.5101 -73.353607
47.4694 110.2183 -21.0953 -73.354281
47.4514 110.3094 -22.6805 -73.354845
47.4334 110.4005 -24.2657 -73.355299
47.4153 110.4915 -25.8509 -73.35564
47.3973 110.5826 -27.4361 -73.355869
47.3793 110.6737 -29.0213 -73.355984
-43.1464 107.2097 -8.6051 -73.386783
-44.2349 108.3552 -9.2701 -73.389731
-45.5183 109.1815 -10.1573 -73.392684
-46.5455 110.332 -10.9218 -73.395638
-47.6198 111.4497 -11.7523 -73.398591
-48.7733 112.6103 -11.9929 -73.401545
-49.0763 114.3515 -11.8794 -73.4045
-49.3422 116.0762 -11.586 -73.407445
-49.7822 117.0822 -10.2937 -73.410391
-50.4256 118.2912 -9.1739 -73.41333
-50.9978 119.2379 -7.7863 -73.416262
-51.2625 120.0244 -6.2601 -73.419191
-51.6654 121.1492 -4.9912 -73.422096
-51.9476 122.7357 -4.2703 -73.424986
-52.5998 124.2212 -3.6393 -73.427856
-53.274 125.7541 -3.0637 -73.4307
-53.9887 127.1954 -2.3704 -73.433519
-53.963 128.1021 -0.9245 -73.436341
-54.6255 128.6873 -0.6995 -73.439143
-55.0557 128.8462 -2.4173 -73.441924
-55.7093 129.6088 -3.8029 -73.444641
-56.3904 130.5701 -3.4395 -73.447324
-57.2397 131.7558 -2.5815 -73.449971
-57.7383 132.4193 -1.0375 -73.452601
-58.1997 132.8604 0.5026 -73.455176
-59.135 134.2149 0.2827 -73.457693
-59.5411 135.9385 0.3726 -73.460153
-60.3211 137.5272 0.4547 -73.462556
-61.5615 138.7924 0.4272 -73.464898
-62.8427 140.0202 0.4049 -73.46718
-63.9756 141.337 0.4784 -73.469393
-65.5415 142.0698 0.6041 -73.471536
-66.8201 143.3029 0.6105 -73.473604
-67.9523 144.6731 0.6097 -73.475645
-69.0106 146.0943 0.6091 -73.47756
-69.7753 147.6531 0.6561 -73.479373
-69.9859 148.4831 2.1055 -73.481106
-70.4429 149.3779 3.3991 -73.482732
-71.6135 150.4383 2.691 -73.48425
-72.4835 151.5429 1.7355 -73.485658
-72.9227 152.8592 2.7049 -73.486954
-72.5877 154.4469 3.3601 -73.488128
-73.0119 156.1489 3.5593 -73.489177
-73.1545 157.8864 3.5882 -73.490093
-74.1953 159.319 3.6169 -73.49087
-74.932 160.9303 3.7174 -73.491505
-75.2192 162.6661 3.8423 -73.491989
-75.4158 163.3004 5.1393 -73.492324
-75.4017 163.5667 6.8972 -73.492495
-50.1374 90.531 -23.3634 -73.385093
-51.2673 90.8857 -22.5511 -73.387859
-52.7159 91.6607 -23.1098 -73.390617
-54.0702 92.6015 -23.357 -73.393372
-55.4386 93.0469 -22.4458 -73.39612
-56.998 93.6059 -21.9041 -73.398862
-58.5673 94.2413 -21.5078 -73.401591
-59.4515 94.8578 -20.2839 -73.404329
-60.3751 95.9904 -19.3491 -73.407031
-61.639 96.317 -18.2753 -73.409721
-62.5765 96.8459 -17.7339 -73.412392
-63.9654 97.6322 -17.7098 -73.415049
-65.6166 98.1559 -17.9424 -73.417681
-67.3141 98.5251 -18.0363 -73.42029
-68.9906 98.999 -17.9141 -73.422864
-70.4527 99.8368 -17.5623 -73.425411
-71.8636 100.5751 -16.8437 -73.427922
-73.2945 101.1084 -16.0241 -73.430394
-74.8032 101.5319 -15.3155 -73.432826
-76.2937 102.0431 -14.7677 -73.435215
-76.9439 103.3194 -13.9021 -73.437559
-77.7853 104.5384 -13.0235 -73.439853
-79.1174 105.4827 -13.5256 -73.442086
-80.5678 106.3785 -13.889 -73.444262
-81.9123 107.4474 -14.0602 -73.446368
-82.892 108.884 -14.1362 -73.448412
-83.7902 110.3676 -14.0768 -73.450387
-84.9748 111.6284 -13.8567 -73.45228
-86.2002 112.6963 -13.3076 -73.454102
-87.0479 113.9279 -12.479 -73.45584
-87.7411 115.4304 -11.9657 -73.457485
-88.823 116.6812 -11.5653 -73.459035
-89.4834 118.0465 -10.8065 -73.460489
-90.0558 119.4566 -9.9504 -73.46184
-90.8226 120.9302 -9.4429 -73.463078
-91.9586 122.2396 -9.3374 -73.4642
-92.8888 123.6775 -9.6286 -73.465203
-93.6083 125.2344 -9.9613 -73.46608
-94.4583 126.6908 -10.3334 -73.466825
-95.6371 127.179 -11.2403 -73.467436
-96.5223 128.3643 -11.7434 -73.467902
-97.3565 129.8343 -11.9607 -73.468218
-98.0187 131.4271 -12.0082 -73.46838
-44.8397 82.3848 -0.1022 -73.406777
-45.6858 82.6745 1.4762 -73.410185
-47.0854 83.466 2.0376 -73.41359
-47.9154 84.1261 0.6038 -73.417023
-48.4536 84.4912 -1.1078 -73.420457
-49.4629 84.7481 -2.3216 -73.423897
-50.8487 85.4683 -2.9272 -73.427351
-51.3634 86.2483 -4.138 -73.430844
-51.1604 85.8865 -5.9031 -73.43434
-51.4147 86.3329 -4.63 -73.437853
-51.3753 86.9211 -3.2026 -73.441346
-51.6511 88.546 -2.6095 -73.444838
-52.0008 89.4665 -3.9264 -73.448361
-52.6137 90.8015 -4.1725 -73.451872
-53.4473 92.4123 -3.9386 -73.455387
-53.8653 94.1635 -3.6555 -73.458905
-53.9519 95.9277 -3.215 -73.462426
-54.3051 97.4953 -2.5507 -73.465948
-54.5625 98.6898 -1.1952 -73.469457
-54.547 99.8234 0.1762 -73.47297
-54.2907 100.3598 1.9096 -73.476486
-54.7709 101.2087 3.4194 -73.479966
-54.4328 101.9413 3.8933 -73.483423
-53.0212 101.1678 3.092 -73.486863
-52.5222 101.109 4.5528 -73.490309
-54.1846 101.7537 4.4499 -73.493715
-55.6576 102.8136 4.5394 -73.497094
-56.499 104.3974 4.7059 -73.50045
-56.8786 106.1716 4.8788 -73.503779
-56.4546 107.8733 4.5587 -73.507075
-55.6814 109.1098 4.4339 -73.510365
-55.7928 109.3656 6.2457 -73.513673
-56.2213 109.7146 7.7986 -73.516869
-55.5336 111.171 7.9788 -73.520017
-57.2605 111.7016 8.1166 -73.523112
-58.1121 113.2561 8.4551 -73.52616
-58.5985 114.919 9.0311 -73.529157
-59.6859 116.036 9.8099 -73.532083
-59.434 116.5435 10.5662 -73.534956
-59.3051 118.1105 11.4366 -73.537758
-59.9415 119.6907 12.0733 -73.540496
-60.8614 121.156 12.3489 -73.543151
-61.607 122.4945 11.39 -73.545735
-62.1797 124.0961 10.8491 -73.548228
-62.6253 125.8486 10.8404 -73.550628
-62.2188 127.4063 11.6395 -73.552933
-61.8461 129.0333 12.3882 -73.555135
-62.5327 130.6886 12.3999 -73.557231
-62.936 132.4579 12.2088 -73.55922
-63.3234 134.2117 11.8803 -73.561095
-63.6303 135.945 11.5157 -73.562847
-63.951 136.5199 9.8435 -73.564483
-64.1784 137.2406 8.1925 -73.56598
-64.0694 138.3872 6.7995 -73.56733
-64.3697 140.0086 6.0583 -73.568538
-64.8732 141.6033 5.322 -73.569591
-65.5178 142.5596 4.0703 -73.570488
-65.7682 143.1976 5.3492 -73.571221
-66.7186 144.3442 5.8832 -73.57178
-67.5125 145.9488 6.0337 -73.57216
-68.2142 147.6123 6.0332 -73.572354
-36.2134 93.2108 29.5751 -73.386918
-36.6635 94.7733 29.8902 -73.389019
-36.9263 96.2364 30.4302 -73.391095
-37.1622 97.773 30.8495 -73.39315
-37.5529 99.3568 31.1525 -73.395183
-37.9173 100.9487 31.3678 -73.397179
-38.3971 102.525 31.406 -73.399148
-38.3118 104.182 31.3802 -73.401079
-38.3833 105.841 31.3619 -73.402971
-38.5184 107.493 31.3513 -73.404823
-38.1793 109.1047 31.3065 -73.406633
-37.694 110.6348 31.1726 -73.408392
-37.4366 112.1749 31.1742 -73.410104
-36.4341 113.3684 31.2349 -73.411768
-35.2673 114.4885 31.1966 -73.413372
-35.1913 116.0244 31.322 -73.414916
-36.1323 117.264 31.8032 -73.416398
-36.1013 118.8174 31.8898 -73.417813
-35.2737 120.1279 31.585 -73.419157
-34.1912 121.3196 31.36 -73.420426
-33.7141 122.9011 31.2289 -73.421611
-33.0667 124.4147 31.1658 -73.422714
-32.8786 126.0601 31.1275 -73.423727
-32.0835 127.4884 31.1247 -73.424645
-31.8296 129.12 31.1246 -73.425466
-31.1422 130.5851 30.9859 -73.426184
-30.3228 131.8477 30.3079 -73.426796
-29.6856 132.4849 28.9766 -73.427297
-29.0719 133.0333 27.5676 -73.427681
-28.0844 133.7856 27.8775 -73.427943
-27.152 134.469 28.6173 -73.428076
68.8569 88.73 19.5506 -73.33534
69.4626 89.4871 18.5505 -73.337686
69.8694 90.2922 17.5312 -73.340006
70.1133 90.9732 19.0619 -73.342312
70.2522 92.4115 19.6157 -73.344583
70.8156 93.9888 19.8859 -73.346825
70.9233 95.5529 19.5992 -73.349042
71.3862 97.0655 19.4044 -73.351225
72.5006 98.2929 19.6588 -73.353368
72.7344 99.9408 19.94 -73.355477
72.932 101.5833 19.995 -73.357548
72.4313 103.198 19.9089 -73.359577
71.8799 104.7873 20.0008 -73.361553
71.5282 106.416 19.8144 -73.363484
71.2624 108.037 19.4849 -73.36536
70.3107 109.3594 19.2993 -73.367173
69.2896 110.7156 19.219 -73.368924
68.8552 112.3448 19.1576 -73.370608
68.8224 113.8606 18.9579 -73.372222
69.0085 114.8834 18.0264 -73.373767
68.8524 116.0924 16.8932 -73.375234
69.7271 117.2159 15.9694 -73.37662
70.0973 118.581 15.0882 -73.377915
70.8674 119.2691 13.939 -73.379126
70.3855 118.9765 13.515 -73.380234
69.9666 118.6726 13.3866 -73.381251
70.2125 118.847 11.7059 -73.382174
70.4357 118.9096 10.8982 -73.382968
70.1867 118.7318 12.5649 -73.383654
69.521 118.6003 13.8778 -73.384206
69.0153 119.2849 13.1332 -73.384628
69.8993 119.8704 11.9133 -73.384915
70.2963 119.9515 10.2866 -73.385063
95.5228 3.6634 18.9207 -73.282741
95.9521 3.5018 19.9853 -73.282848
96.3294 3.3373 21.069 -73.282902
-41.3421 222.5153 -25.6062 -73.467698
-42.702 224.1478 -25.2091 -73.466525
-44.2458 225.1088 -24.0553 -73.465344
-45.8189 226.0665 -23.0056 -73.464158
-47.3319 227.1224 -21.9872 -73.462966
-48.8138 228.7344 -21.8003 -73.461768
-50.1281 230.4969 -21.9165 -73.460565
-51.8278 231.7383 -22.0527 -73.459356
-52.8158 233.6774 -22.1145 -73.45814
-53.0724 235.6787 -22.1684 -73.457182
-53.6815 237.6012 -22.215 -73.456486
-54.8336 239.2327 -22.1693 -73.455791
-55.9455 240.9107 -22.1307 -73.455097
-56.8959 242.6769 -22.2538 -73.454403
-57.6448 244.0732 -23.1351 -73.453709
-57.9004 245.3567 -24.6431 -73.453015
-58.5973 247.0318 -25.4177 -73.452324
-59.3933 248.8468 -25.6686 -73.451633
-60.5485 250.492 -25.7129 -73.450943
-62.0102 251.8694 -25.795 -73.450254
-63.5819 251.7041 -25.7766 -73.449566
-65.1861 252.5294 -25.4878 -73.448878
-66.5361 253.7075 -24.6451 -73.448191
-67.4482 255.4346 -24.2826 -73.447504
-68.0616 257.3349 -24.0645 -73.446818
-69.279 258.781 -24.0213 -73.446135
-70.6709 260.1778 -24.061 -73.445451
-71.4436 262.0159 -24.0595 -73.444769
-72.8554 263.4363 -23.888 -73.444089
-74.3055 264.6952 -23.3614 -73.44341
-75.6104 266.0079 -22.6232 -73.442733
-76.4194 267.7709 -22.2236 -73.442055
-77.0046 269.6763 -21.989 -73.44138
-77.6943 271.5617 -21.8675 -73.440706
-78.0414 273.5421 -21.7862 -73.440034
-78.9873 275.301 -21.7403 -73.439364
-80.3424 276.7952 -21.6879 -73.438695
-81.6546 278.3163 -21.6068 -73.438029
-83.1583 279.5974 -21.7854 -73.437365
-84.8953 280.6045 -21.8472 -73.436703
-86.7025 281.4584 -21.6828 -73.436042
-87.8751 282.8646 -21.0904 -73.435383
-89.4892 283.7967 -20.5891 -73.434726
-91.1007 284.9601 -20.5677 -73.434072
-92.4107 286.2858 -21.1453 -73.433419
-94.0557 286.9976 -21.9919 -73.43277
-95.7101 288.0996 -22.2545 -73.432122
-97.3406 289.2852 -22.2657 -73.431478
-98.976 289.9877 -22.9029 -73.430835
-100.2796 290.7986 -23.6291 -73.430195
-101.4799 291.8038 -22.4899 -73.429557
-103.036 292.9887 -22.0284 -73.428923
-104.6892 294.1312 -21.8834 -73.428291
-106.3559 295.2232 -22.151 -73.427663
-107.8941 296.3493 -22.6692 -73.427038
-109.1385 297.4951 -23.597 -73.426415
-110.8652 298.494 -23.4597 -73.425797
-112.4721 299.5248 -23.016 -73.425182
-113.8772 300.6139 -22.2042 -73.42457
-115.339 301.8994 -21.8314 -73.423962
-116.6463 303.427 -21.784 -73.423358
-117.9037 305.0024 -21.8441 -73.422757
-119.0254 306.6607 -22.003 -73.42216
-119.7365 308.5266 -22.2827 -73.421567
-120.0458 309.7921 -21.1758 -73.420975
-120.3335 310.3959 -19.2752 -73.420389
-120.8092 311.2425 -17.5331 -73.419809
-121.3861 312.9361 -16.6595 -73.419233
-122.3666 314.5966 -16.303 -73.418664
-123.445 316.2788 -16.4754 -73.418098
-124.5125 317.8962 -16.7048 -73.417539
-124.8879 318.6378 -14.9021 -73.41698
-124.9811 319.1413 -12.9496 -73.416427
-125.2786 319.7061 -11.0358 -73.415879
-125.7833 320.5605 -9.2875 -73.415339
-126.7853 321.2272 -7.7186 -73.414807
-128.1198 321.7372 -6.5853 -73.414279
-129.5338 322.6762 -5.6435 -73.413758
-130.8033 322.8583 -4.1103 -73.413242
-132.3486 322.5617 -2.9424 -73.412733
-133.5223 321.7567 -2.2514 -73.412231
-134.4075 321.0203 -3.7194 -73.411735
-136.141 320.0633 -3.704 -73.411247
-137.9234 319.2453 -3.5128 -73.410766
-139.8153 319.4438 -3.03 -73.410287
-141.7336 319.7231 -2.5415 -73.40982
-143.2992 318.8382 -1.8198 -73.409362
-143.6324 318.198 -3.1912 -73.408909
-144.6494 318.183 -2.5451 -73.408465
-145.6029 318.7473 -1.0864 -73.40803
-147.1116 319.1677 -0.0827 -73.407603
-149.0143 318.6505 0.3041 -73.407186
-150.835 317.9416 0.6531 -73.406778
-152.6003 318.3043 1.3039 -73.406379
-154.255 319.2248 1.8195 -73.405991
-156.1347 319.0641 1.3765 -73.405612
-157.9479 318.8394 0.6505 -73.405243
-159.8193 318.2421 0.4855 -73.404884
-161.6982 318.4908 0.8126 -73.404536
-163.3502 318.4678 1.946 -73.404199
-164.7917 318.8721 3.1901 -73.403873
-166.0348 318.4651 4.5448 -73.403558
-167.2051 317.7036 5.9108 -73.403256
-168.6856 318.3603 6.972 -73.402965
-170.5746 318.3686 7.6324 -73.402687
-172.4422 318.8037 8.0573 -73.402422
-173.7745 319.4811 7.41 -73.402169
-175.2708 319.8181 6.8918 -73.40193
-176.3866 321.0401 7.8064 -73.401704
-178.1084 321.388 8.4289 -73.401492
-179.8667 322.3331 8.1901 -73.401294
-181.7338 322.9719 7.9865 -73.401111
-183.2047 324.2061 7.6173 -73.400943
-184.6529 324.5109 6.7583 -73.40079
-186.4765 324.882 7.4149 -73.400653
-188.3601 325.5005 7.7542 -73.400531
-190.207 326.2741 7.8586 -73.400426
-191.8555 326.4884 7.2737 -73.400338
-192.3011 326.2807 5.3327 -73.400265
-192.4569 326.3027 3.3202 -73.400208
-192.6127 326.3246 1.3078 -73.400171
-192.7684 326.3466 -0.7047 -73.400152
-53.5618 234.7518 -22.4056 -73.457211
-55.3696 234.7358 -22.9279 -73.45658
-57.1775 234.7198 -23.4502 -73.45596
-58.9758 234.7413 -23.9753 -73.455352
-60.5834 235.6616 -24.1049 -73.454749
-62.2107 236.6032 -24.0421 -73.454147
-63.9306 237.3539 -24.0447 -73.453548
-65.5569 238.2591 -24.1396 -73.452949
-67.3063 238.9314 -24.1596 -73.452355
-68.8366 239.9978 -24.0522 -73.451761
-70.5332 240.314 -23.7713 -73.45117
-72.1779 239.7124 -23.3677 -73.450581
-73.9055 239.067 -23.0743 -73.449995
-75.764 238.9129 -23.0612 -73.449412
-77.5069 238.4311 -23.4834 -73.448831
-79.2728 238.5078 -23.5052 -73.448252
-81.0101 239.1307 -23.2489 -73.447677
-82.8258 239.4159 -22.9537 -73.447105
-84.5254 239.9346 -22.4418 -73.446536
-86.2406 240.0396 -21.7161 -73.44597
-87.8568 239.8217 -20.9364 -73.445407
-89.3552 239.6723 -19.8507 -73.444847
-90.7771 239.8281 -18.7653 -73.444291
-92.3262 239.5258 -18.0598 -73.443739
-94.0855 240.1028 -17.7873 -73.443191
-95.877 240.5966 -17.5579 -73.442647
-97.6988 241.0591 -17.507 -73.442106
-99.53 241.4724 -17.4393 -73.44157
-101.2527 242.1681 -17.1773 -73.441039
-102.8299 242.815 -16.4434 -73.440512
-104.4569 243.5931 -15.9937 -73.43999
-106.2956 243.7075 -16.104 -73.439472
-107.1732 243.8399 -14.6775 -73.438956
-108.3872 244.3725 -13.7017 -73.438447
-109.3454 245.4642 -12.5807 -73.437944
-110.5466 246.5332 -11.6213 -73.437446
-112.0874 247.1 -10.9503 -73.436953
-112.6927 248.1713 -9.7197 -73.436465
-113.85 248.7857 -8.6033 -73.435983
-114.9422 250.1535 -8.2414 -73.435507
-115.3929 251.8689 -7.6387 -73.435037
-116.4822 252.9605 -6.8157 -73.434575
-117.371 253.2374 -5.1806 -73.434118
-118.358 253.8356 -3.7152 -73.433668
-119.4595 254.4678 -2.3971 -73.433226
-120.9563 255.2641 -1.6822 -73.432791
-122.5163 255.9458 -1.0086 -73.432364
-123.9831 256.9071 -0.452 -73.431944
-124.7954 257.8348 0.9161 -73.431531
-125.65 259.0549 2.0473 -73.431127
-126.8265 260.4562 2.1583 -73.430731
-128.2898 261.2032 2.616 -73.430342
-129.0334 261.3894 4.2611 -73.429961
-129.2473 261.2649 6.1105 -73.429576
-129.4022 261.1437 7.9821 -73.429207
-129.5576 261.0229 9.8536 -73.428852
-129.7512 260.9235 11.7229 -73.428499
-129.9463 260.825 13.592 -73.428159
-130.1515 260.7135 15.4586 -73.427835
-130.5488 260.346 17.2477 -73.427521
-131.604 259.0778 18.099 -73.42722
-132.4067 258.2916 19.5872 -73.426929
-133.3932 257.3081 20.8241 -73.42665
-133.8044 256.3522 22.376 -73.426383
-134.6418 255.2368 23.5911 -73.426128
-135.4197 253.8392 24.4892 -73.425885
-135.7 253.4829 26.3153 -73.425653
-136.3101 252.641 27.7577 -73.425435
-136.3201 251.3179 26.4825 -73.425231
-136.8701 249.6435 26.0944 -73.42504
-137.7175 248.1362 25.6627 -73.424862
-137.6045 246.4619 25.1316 -73.4247
-137.2893 245.0053 24.2243 -73.424552
-136.6215 243.4615 23.4192 -73.424418
-135.6446 241.9497 22.8735 -73.424299
-135.3758 240.4199 22.4018 -73.424197
-136.1869 239.3032 23.0344 -73.42411
-136.341 238.0644 24.2021 -73.424041
-136.433 236.6369 25.3143 -73.423988
-136.6008 234.8539 25.6617 -73.423952
-137.1474 233.4458 25.0869 -73.423934
-10.2537 234.1313 -65.7936 -73.480413
-11.9535 235.2244 -65.4206 -73.479583
-13.2513 236.4124 -64.5554 -73.478753
-13.9825 238.2182 -64.0036 -73.477922
-13.9675 239.4333 -65.1657 -73.477088
-14.1745 240.8047 -66.5759 -73.476256
-14.74 242.3781 -67.763 -73.475423
-15.0167 243.3075 -69.5586 -73.474588
-14.9973 244.3966 -71.2899 -73.473754
-15.4806 245.6013 -72.6631 -73.47292
-16.6681 247.206 -72.2066 -73.472087
-17.3029 249.0449 -71.7718 -73.471252
-18.6676 250.382 -71.3338 -73.470418
-19.6799 251.0982 -72.0439 -73.469583
-20.4939 252.2385 -73.4165 -73.468747
-21.5912 252.7618 -72.8895 -73.467991
-21.9596 252.8176 -71.2713 -73.467323
-22.6797 254.2973 -71.5196 -73.466656
-23.6039 255.7577 -72.0067 -73.465992
-24.5721 257.236 -72.2298 -73.465327
-26.0105 258.3101 -72.2446 -73.464664
-27.3761 259.4599 -72.2196 -73.464002
-28.9516 260.3257 -72.2375 -73.463333
-30.5102 261.2195 -72.2945 -73.462674
-31.595 262.5637 -72.7018 -73.462017
-32.6547 263.9941 -72.7006 -73.461361
-33.5598 265.5319 -72.4801 -73.460706
-34.5952 266.9872 -72.4053 -73.460054
-35.2782 268.5959 -72.3691 -73.459401
-36.5462 269.7783 -72.1737 -73.458752
-37.8737 270.872 -71.8225 -73.458105
-38.8876 272.2418 -71.3145 -73.457459
-39.6217 273.7558 -70.7585 -73.456816
-40.6535 274.9959 -70.0158 -73.456174
-42.0534 275.9829 -69.5331 -73.455535
-43.5846 276.8719 -69.3005 -73.454898
-45.0655 277.8565 -69.4958 -73.454263
-45.946 279.1186 -68.7677 -73.453631
-45.8345 280.5644 -67.9551 -73.453001
-46.196 282.2235 -68.3906 -73.452373
-46.2456 283.784 -69.1293 -73.451749
-45.9356 284.9029 -69.4775 -73.451126
-46.3572 283.3243 -69.8414 -73.450504
-47.6385 284.0096 -69.6263 -73.449883
-47.8598 285.27 -68.7781 -73.449267
-47.9763 286.6481 -67.6615 -73.448653
-48.0018 287.8134 -66.394 -73.448042
-49.296 287.3623 -65.4888 -73.447434
-50.1432 286.6731 -64.1653 -73.446831
-50.2434 286.1704 -62.4405 -73.446228
-51.2742 284.9264 -61.8207 -73.445632
-52.8421 284.4426 -61.0987 -73.445039
-53.9107 283.6653 -60.0279 -73.444451
-54.752 283.3629 -58.5184 -73.443865
-55.6511 282.4981 -57.2933 -73.443285
-56.6242 281.93 -56.0196 -73.44271
-57.9991 281.9695 -54.8908 -73.442139
-59.0837 282.3361 -53.8941 -73.441573
-60.0943 282.1643 -52.7677 -73.441012
-61.4419 281.5155 -51.8651 -73.440456
-62.8626 280.827 -51.0501 -73.439905
-64.2795 280.6349 -50.0042 -73.43936
-65.804 280.5238 -49.0693 -73.438821
-66.7885 280.054 -47.7484 -73.438287
-67.9789 279.2336 -46.7905 -73.437758
-68.6552 278.446 -45.3481 -73.437235
-69.0138 277.9753 -43.6489 -73.436718
-69.4167 276.9949 -42.4398 -73.436208
-69.8247 275.5947 -42.5008 -73.435705
-70.268 276.0815 -42.6582 -73.435208
-70.9242 276.409 -41.0457 -73.434715
-71.4032 276.5871 -39.3203 -73.434231
-72.2724 276.7647 -38.0281 -73.433756
-73.2041 276.1685 -36.6914 -73.433288
-74.2918 275.5936 -35.4399 -73.432829
-75.425 274.8456 -34.2803 -73.432377
-76.9255 274.2886 -33.5609 -73.431934
-77.3251 274.3933 -31.9623 -73.431499
-77.3839 274.0953 -31.6173 -73.431069
-77.9259 274.1693 -30.1943 -73.430648
-79.5493 274.0847 -29.6223 -73.430238
-80.9279 274.149 -28.5263 -73.429837
-82.1503 274.2888 -27.2947 -73.429447
-83.1333 274.5631 -25.8399 -73.429065
-83.3586 274.0993 -24.1212 -73.428693
-83.4086 273.3363 -22.4949 -73.428333
-83.5601 272.816 -20.7795 -73.427982
-83.7705 272.4678 -19.0265 -73.427641
-84.0593 272.0789 -17.2937 -73.427313
-84.2893 271.7437 -15.5414 -73.426996
-84.9661 271.1706 -14.2656 -73.426693
-86.4465 270.5588 -13.5443 -73.426402
-87.5224 269.4821 -12.7644 -73.426123
-88.5863 270.2836 -13.3628 -73.425857
-89.344 271.7765 -13.8414 -73.425604
-90.7295 272.8654 -14.017 -73.425361
-92.0012 274.1345 -14.1202 -73.425133
-93.0728 275.5655 -14.188 -73.424921
-94.4803 276.5793 -14.1262 -73.424723
-96.2029 276.3016 -13.7358 -73.42454
-97.8612 276.4416 -13.1634 -73.424373
-99.2225 277.2086 -12.3487 -73.42422
-100.7724 276.7787 -11.5881 -73.424083
-102.4856 276.8416 -11.2384 -73.423962
-104.2435 277.0799 -11.3594 -73.423857
-105.8758 277.7134 -11.5089 -73.423768
-106.978 278.2571 -10.6069 -73.423697
-108.7214 278.4008 -10.5748 -73.423643
-110.1714 278.7473 -11.3411 -73.423607
-111.6618 279.6815 -11.4564 -73.423588
-21.5015 253.5088 -73.309 -73.468256
-22.5942 254.3623 -72.684 -73.468123
-23.4363 255.5756 -72.2611 -73.468001
-23.7952 256.2196 -73.6016 -73.46789
-24.1958 256.9175 -74.8973 -73.467793
-24.5102 257.2028 -76.431 -73.467708
-25.2575 257.9568 -77.5755 -73.467637
-25.9832 258.9049 -78.6121 -73.46758
-26.7351 259.8964 -79.3372 -73.467536
-27.7754 261.0706 -79.3699 -73.467507
-28.1276 262.1418 -78.3341 -73.467492
-14.415 228.9869 -63.4499 -73.481283
-16.1331 229.4489 -63.5343 -73.480761
-17.7421 230.1331 -63.7219 -73.480243
-19.4067 230.7023 -63.8399 -73.47973
-20.8995 231.6241 -63.8754 -73.479222
-22.4197 232.5434 -63.927 -73.478718
-23.9779 232.9794 -64.5409 -73.478219
-25.5926 233.2447 -65.0739 -73.477724
-27.3372 233.3731 -65.393 -73.477234
-29.108 233.4677 -65.4659 -73.476749
-30.8642 233.5427 -65.402 -73.47627
-32.3482 234.4256 -65.4518 -73.475797
-33.9347 234.8444 -64.9779 -73.475329
-35.6107 235.0483 -64.5372 -73.474867
-37.2988 235.2219 -64.5195 -73.474411
-38.3854 235.5894 -65.5655 -73.47396
-39.1438 235.7555 -64.0699 -73.473516
-40.4342 236.3585 -64.9633 -73.473079
-41.6538 237.408 -65.4996 -73.472649
-43.3197 237.9738 -65.7908 -73.472227
-45.0712 238.2644 -65.9288 -73.471812
-46.7994 238.6788 -65.9135 -73.471405
-48.5481 238.9796 -65.7557 -73.471006
-50.2593 239.3638 -65.4708 -73.470615
-51.9541 239.818 -65.3779 -73.470233
-53.6581 240.3081 -65.5616 -73.469859
-55.3649 240.7618 -65.7517 -73.469495
-56.9242 241.5359 -65.9538 -73.469139
-58.6438 241.8319 -66.2728 -73.468794
-59.9936 242.7156 -66.7405 -73.468458
-60.984 243.7818 -67.5294 -73.468132
-62.0855 245.146 -67.6347 -73.467816
-62.592 246.8516 -67.5474 -73.467511
-63.6958 248.1812 -67.3534 -73.467217
-65.3602 248.1365 -67.1819 -73.466934
-66.6185 247.2528 -66.7907 -73.466663
-68.2827 246.701 -66.9975 -73.466402
-69.0056 246.5375 -67.1182 -73.466154
-69.4149 247.1923 -66.2178 -73.465918
-70.5685 248.2104 -65.6787 -73.465696
-72.1021 248.9573 -65.1628 -73.465486
-73.5226 249.8734 -64.6789 -73.465291
-74.9049 250.917 -64.2744 -73.465109
-76.1941 252.0464 -63.8017 -73.464942
-77.6751 252.694 -63.2164 -73.46479
-78.9054 253.7897 -63.1101 -73.464653
-80.0531 255.1107 -63.1909 -73.464532
-81.4092 256.2087 -63.4316 -73.464427
-83.1166 256.5971 -63.7243 -73.464338
-84.8053 256.9649 -63.8465 -73.464266
-86.3232 257.8036 -63.7447 -73.464212
-88.0463 257.7843 -63.4146 -73.464175
-89.5568 258.6367 -63.0658 -73.464157
-79.8558 209.6969 -1.6956 -73.480923
-80.9345 210.9313 -0.8747 -73.480328
-81.8718 212.3265 -0.0936 -73.479736
-83.0145 213.649 0.4105 -73.479146
-83.35 215.4299 0.5242 -73.47856
-84.7236 216.0877 0.5245 -73.477975
-85.8365 216.8501 1.5461 -73.477392
-86.4751 218.3432 2.3648 -73.476814
-87.6889 219.3419 3.0091 -73.47624
-89.3832 219.625 3.5112 -73.475669
-90.5679 220.9942 3.9392 -73.475103
-91.9993 222.1339 4.2769 -73.47454
-93.1066 223.0567 5.3451 -73.473981
-94.2451 224.3484 6.04 -73.473425
-95.1955 225.7846 6.6504 -73.472873
-96.1469 227.1811 6.1703 -73.472327
-97.5307 228.1499 5.5656 -73.471785
-97.6555 229.6726 4.5217 -73.471246
-98.2632 230.7709 4.9578 -73.470711
-99.4213 231.1534 5.7424 -73.470182
-100.7458 231.4122 4.7237 -73.469657
-101.8502 232.6408 4.2535 -73.469138
-103.1436 233.9354 4.0273 -73.468625
-104.4921 234.4164 4.8558 -73.468117
-105.6117 233.6885 5.7966 -73.467612
-106.7274 232.3194 6.4016 -73.467108
-107.441 230.7522 6.8747 -73.466617
-107.4488 229.0255 7.5014 -73.466134
-107.9411 227.3511 8.131 -73.465657
-107.0902 226.8712 8.9862 -73.465188
-106.1496 226.513 10.1833 -73.464719
-105.9516 226.2598 12.0223 -73.464258
-105.4787 225.2922 12.0054 -73.463807
-105.2249 224.5846 10.2988 -73.463363
-104.7784 223.6625 9.5999 -73.462929
-104.7066 222.6921 11.0296 -73.462502
-105.026 220.965 11.6033 -73.462085
-104.6066 219.9029 12.8153 -73.461676
-103.3942 219.8352 14.0764 -73.461275
-104.3073 219.9043 13.553 -73.460884
-105.885 218.9419 13.3792 -73.460502
-107.2676 218.4747 12.6842 -73.460129
-108.1193 218.5469 11.0406 -73.459765
-108.3962 219.4541 11.7193 -73.459412
-109.0143 219.6825 13.4653 -73.459068
-109.7221 219.9831 15.1561 -73.458737
-110.6667 219.9703 16.4989 -73.458417
-112.0003 218.9022 16.8845 -73.458109
-113.4433 217.9794 16.4775 -73.457812
-114.7081 217.1333 15.6968 -73.457528
-115.2947 216.7255 13.9743 -73.457256
-115.5962 216.7912 12.1637 -73.456994
-115.7677 217.1126 10.3327 -73.456746
-115.4309 217.0746 11.1227 -73.456513
-116.1181 217.6962 12.116 -73.456288
-117.3855 218.3763 13.3061 -73.45608
-118.8798 218.8959 14.099 -73.45589
-120.5533 219.5755 14.5055 -73.455715
-122.3465 220.0233 14.7431 -73.455556
-124.1585 220.1151 14.949 -73.455413
-125.565 221.2324 14.8597 -73.455286
-126.6064 222.7478 14.7267 -73.455176
-127.1945 224.5052 14.537 -73.455083
-127.9351 226.1832 14.2547 -73.455008
-129.0224 227.5634 14.5865 -73.454951
-130.1181 229.0198 14.5982 -73.454913
-131.2201 230.4645 14.2522 -73.454893
47.5528 -96.076 13.5667 -72.208587
47.0015 -95.2803 13.5986 -72.208674
46.7344 -94.3274 13.6342 -72.208717
27.7081 -94.2683 18.8592 -72.183409
26.226 -93.6204 19.8024 -72.183957
24.7439 -92.9726 20.7456 -72.18437
23.2618 -92.3248 21.6888 -72.184647
23.8038 -92.3745 21.7835 -72.184786
54.7481 -88.0637 17.871 -72.233021
97.3169 -66.6493 31.3652 -72.289936
99.3506 -67.4491 30.897 -72.291396
101.3843 -68.2489 30.4289 -72.292618
103.4181 -69.0488 29.9607 -72.293599
105.4518 -69.8486 29.4925 -72.294338
104.935 -70.7499 28.9784 -72.294833
104.6139 -70.6388 26.7694 -72.295082
96.937 -66.473 30.8282 -72.289177
44.0154 -65.7095 15.6069 -72.299699
44.0102 -66.3692 14.8486 -72.299766
44.1586 -67.2141 14.3402 -72.2998
-4.665 -9.0685 -0.0051 -73.136754
-3.3078 -10.3003 -0.0154 -73.104483
-1.9532 -11.5348 -0.0257 -73.072236
-0.7426 -12.7803 -0.0459 -73.018641
0.4334 -13.9291 -0.0935 -72.94414
1.4466 -15.2471 -0.185 -72.870112
3.5554 -27.7322 1.4257 -72.761154
8.6107 -41.3653 6.7974 -72.660873
22.8794 -62.2772 10.5055 -72.438409
26.4745 -64.8588 13.9793 -72.405578
29.0535 -67.1183 14.3116 -72.384205
42.1418 -73.5431 16.2509 -72.307392
47.2069 -85.1931 18.1557 -72.244995
44.6639 -89.9679 15.7857 -72.22162
47.7449 -96.3203 13.6398 -72.209555
78.4149 -177.3628 14.5582 -72.099212
95.2227 -265.7699 17.0719 -72.013238
48.1056 -320.1106 18.1187 -71.949029
-10.9476 -383.6056 22.9817 -71.904787
-40.36 -432.7473 17.7175 -71.87911
28.7834 -94.5812 17.274 -72.185889
14.3097 -106.6143 20.8227 -72.159335
2.7577 -126.0427 26.0848 -72.139836
-45.0792 -189.1405 27.4734 -72.104085
30.9775 -170.2053 31.4202 -72.130909
28.3969 -94.5693 18.0599 -72.183591
-40.2348 -104.2908 -5.8163 -72.12475
-111.9958 -139.102 2.509 -72.091011
54.6562 -87.9717 17.7384 -72.23384
111.8824 -135.9529 29.1893 -72.150873
164.8572 -185.7356 20.1853 -72.094011
213.7243 -226.7876 32.011 -72.061562
43.9697 -65.4565 15.7766 -72.299974
45.5333 -62.1584 17.8534 -72.297724
96.2419 -66.2233 31.6259 -72.289074
2.1326 -22.0656 -2.5814 -72.799155
6.2653 -35.3706 6.4938 -72.710651
8.3143 -40.7868 6.7183 -72.620368
15.4942 -50.7521 4.9673 -72.548554
19.5156 -57.7327 7.1557 -72.477556
24.2121 -63.3654 12.9105 -72.421961
27.7984 -65.9637 14.1964 -72.394826
35.2991 -71.3414 15.5234 -72.345655
45.9552 -78.4006 18.2802 -72.275618
45.9541 -87.9136 17.638 -72.233111
46.0845 -93.1486 14.7482 -72.214788
52.1518 -103.9606 11.3242 -72.19648
58.8833 -119.603 12.0998 -72.173379
62.6461 -133.0235 18.7767 -72.151243
68.7987 -150.479 18.27 -72.130049
75.478 -168.4071 16.0379 -72.109769
80.7201 -186.7623 13.7215 -72.088881
86.0397 -202.1519 18.4658 -72.070751
88.9594 -219.8372 14.0604 -72.053463
92.3483 -238.1707 14.3683 -72.036999
94.4112 -256.1543 16.5595 -72.021339
95.282 -267.4858 16.3224 -72.005361
95.3059 -280.3632 10.9397 -71.991639
82.392 -291.8157 13.1552 -71.978668
66.6134 -301.8126 13.5179 -71.966432
55.8832 -314.8401 17.1156 -71.954917
42.621 -325.3136 19.0805 -71.943381
32.9705 -340.7608 23.6528 -71.933683
23.9361 -354.8041 21.203 -71.924663
9.6225 -366.7531 22.7517 -71.916314
-4.6074 -378.3071 21.4152 -71.908624
-16.9731 -389.755 18.9726 -71.901184
-27.5688 -401.1213 14.9527 -71.895192
-39.573 -411.7299 14.9204 -71.889836
-40.6381 -420.4638 25.2112 -71.885111
-40.4069 -426.6412 14.8914 -71.88101
-41.6738 -434.0686 12.5022 -71.877459
-35.1298 -447.795 10.0223 -71.875026
-30.511 -455.7937 6.7671 -71.8732
-26.4654 -460.7911 2.4423 -71.871983
-24.2919 -464.5784 0.2402 -71.871374
37.1249 -94.0849 14.9718 -72.203008
20.7736 -99.7756 22.2184 -72.172001
11.0172 -108.5614 18.7473 -72.155229
5.909 -113.1292 24.1737 -72.149037
4.7649 -121.3499 27.2758 -72.143107
-3.9067 -133.7894 26.1237 -72.134763
-16.2236 -149.0836 26.7198 -72.126375
-17.7909 -159.6216 22.5822 -72.118904
-30.8645 -168.2845 21.4997 -72.112343
-40.3768 -181.2163 24.3391 -72.106683
-50.8898 -195.8899 27.7601 -72.101733
-59.8432 -207.2909 27.0024 -72.098272
-63.453 -209.2381 15.4152 -72.095676
-64.2909 -212.4765 11.1044 -72.093946
-69.7086 -217.4653 14.9612 -72.093081
-1.3141 -131.2728 34.9295 -72.13887
15.7442 -115.5027 24.1983 -72.154544
21.9499 -133.9863 25.1312 -72.147657
26.8898 -147.4387 25.6301 -72.141709
28.6429 -155.1273 32.7495 -72.136696
28.6017 -167.7997 33.6747 -72.13261
33.7647 -170.9041 21.6446 -72.129338
35.3986 -176.6564 11.4651 -72.127376
39.8278 -180.409 -7.3747 -72.126394
28.4843 -94.572 17.6083 -72.184267
24.075 -93.3058 9.4058 -72.176088
15.5128 -90.8025 -8.4542 -72.163092
-0.0475 -89.6597 -13.0268 -72.151052
-13.9393 -94.7328 -4.0497 -72.139956
-31.0534 -101.5497 -4.3571 -72.129788
-48.3446 -108.1087 -4.4853 -72.119928
-60.3769 -111.0796 -1.1234 -72.11196
-77.9711 -113.5102 3.296 -72.104891
-92.0999 -121.9743 4.6219 -72.098714
-105.6825 -132.44 0.8972 -72.09342
-119.8735 -141.3568 5.959 -72.088979
-132.8113 -151.1601 6.979 -72.086003
-147.2952 -155.5423 4.0924 -72.083771
-153.368 -158.2725 7.6335 -72.082283
-168.793 -159.6906 7.6228 -72.081539
50.8433 -86.5895 17.9535 -72.238323
61.2357 -92.3404 14.5899 -72.223614
72.1897 -102.125 21.0158 -72.205822
85.4059 -115.7278 22.6939 -72.189037
96.1046 -123.0147 27.5352 -72.173245
106.3877 -128.7142 28.8233 -72.158423
119.3522 -141.0891 32.8119 -72.143552
133.3865 -151.0456 27.4274 -72.131017
140.4642 -156.8554 25.7903 -72.119402
152.3124 -169.1266 29.8767 -72.108693
161.5491 -182.1636 26.4505 -72.098878
167.3763 -187.9265 20.8501 -72.089381
178.0174 -198.4202 27.7655 -72.081726
190.5879 -201.853 17.5881 -72.074926
198.4764 -209.0366 23.2285 -72.068976
206.4978 -222.3967 29.9785 -72.063867
216.4485 -231.2363 29.6641 -72.059549
219.3592 -241.6667 28.5636 -72.056562
217.6919 -257.4839 32.1794 -72.054322
212.7961 -271.781 39.8533 -72.052829
208.8344 -287.7139 39.3838 -72.052083
43.1478 -69.6198 16.0595 -72.301877
45.0982 -63.5211 16.1223 -72.298787
50.7937 -61.6079 11.0465 -72.295614
63.7547 -58.5312 9.7712 -72.292668
75.049 -60.4617 16.3877 -72.29056
83.0968 -60.7333 25.9161 -72.28929
91.3447 -63.64 26.8113 -72.28886
106.4082 -69.1292 24.6495 -72.286457
123.1559 -72.5629 28.9251 -72.282954
143.1961 -75.9244 28.8652 -72.281204
46.1286 -55.224 14.5026 -72.29605
37.6417 -45.2763 18.4222 -72.294108
22.8448 -43.0894 21.8828 -72.293136
