-0.8015 -1.2678 -0 -72.966494
-3.2062 -5.0715 -0 -72.965066
-5.0765 -8.0299 -0 -72.964097
-6.4123 -10.1429 0.0262 -72.96379
-8.0143 -12.677 0.1283 -72.963356
-8.8146 -13.9429 0.1666 -72.963035
-8.2187 -14.5214 0.2948 -72.962689
-8.7411 -16.3672 0.5247 -72.961777
-10.0309 -17.8905 1.1419 -72.960617
-11.386 -19.3222 1.89 -72.959491
-12.7254 -20.8552 2.392 -72.958429
-14.0432 -22.4116 2.6217 -72.957165
-14.6972 -24.3185 2.0715 -72.955629
-15.5306 -26.234 2.0482 -72.953957
-16.1094 -27.8038 2.3068 -72.952508
-14.7796 -28.9827 3.1257 -72.951292
-13.6062 -30.5844 3.6202 -72.950069
-12.2537 -32.1091 3.9089 -72.948843
-11.1222 -33.7683 4.2796 -72.947611
-10.1932 -35.2295 5.196 -72.946375
-9.3619 -36.7283 6.3117 -72.945132
-8.5851 -38.2492 7.4144 -72.943886
-7.5935 -39.8435 8.2499 -72.942636
-6.8916 -41.4349 9.2193 -72.941374
-6.2727 -43.3267 9.6108 -72.940111
-5.7427 -44.6215 10.9758 -72.938835
-5.2774 -45.3085 12.8612 -72.937553
-4.5701 -46.2857 12.7646 -72.936268
-3.9187 -47.0128 11.0346 -72.934974
-3.487 -47.3534 9.0584 -72.93367
-3.1601 -48.3203 10.2056 -72.93236
-2.5906 -49.7167 11.29 -72.931057
-2.064 -51.2649 10.2609 -72.929744
-1.9023 -53.0628 10.2828 -72.928429
-1.2374 -53.7481 8.8883 -72.927098
-0.2338 -55.4757 8.438 -72.925768
0.9268 -57.1391 8.1846 -72.924433
2.1659 -58.7648 8.26 -72.923092
2.7966 -60.3652 9.2072 -72.921743
3.5606 -62.0815 8.7826 -72.920389
4.1051 -63.9769 8.2533 -72.919026
4.7728 -65.8913 8.0534 -72.917661
5.555 -67.7898 8.1794 -72.916292
5.4215 -69.7319 8.5591 -72.914918
5.3722 -71.1779 9.39 -72.913534
6.6015 -72.8224 9.4344 -72.912147
7.9091 -74.3345 9.4579 -72.910754
9.1469 -75.9691 9.4502 -72.909355
10.0298 -77.8076 9.4917 -72.907954
10.7723 -79.6982 9.5101 -72.906544
12.3735 -80.8411 9.4583 -72.905133
13.4145 -82.6176 9.4397 -72.903715
14.1594 -84.5026 9.6273 -72.90229
14.908 -86.352 10.0263 -72.900861
15.6285 -88.1574 10.421 -72.899428
16.2688 -90.0988 10.1972 -72.897989
16.8061 -92.0324 10.2983 -72.896547
18.0591 -93.5211 10.9131 -72.8951
19.0692 -95.1762 11.592 -72.89365
20.0514 -96.8019 12.3554 -72.892196
20.7986 -98.4251 13.1509 -72.890736
22.3425 -99.643 13.6764 -72.889272
23.1324 -101.4525 13.8694 -72.887805
24.2278 -103.1764 13.8286 -72.886333
25.7948 -104.4654 13.8973 -72.884859
27.3532 -105.7951 13.951 -72.883383
28.4996 -107.4233 13.9547 -72.881902
30.0108 -108.56 13.6639 -72.880417
31.1081 -108.6091 12.0588 -72.878903
29.9694 -109.9097 10.9348 -72.877274
28.8308 -111.2104 9.8109 -72.875682
27.6922 -112.511 8.6869 -72.874128
26.8377 -113.4766 7.7017 -72.872592
28.1153 -111.9666 8.2837 -72.870963
29.3929 -110.4565 8.8658 -72.869372
30.6706 -108.9464 9.4479 -72.867822
31.1787 -108.9746 10.7509 -72.866258
31.0798 -109.3078 12.7833 -72.864689
31.1974 -110.3892 14.0207 -72.863148
31.8589 -112.2436 14.4776 -72.861615
32.2207 -114.0808 14.8897 -72.860079
32.3754 -116.0895 14.7382 -72.858543
33.2282 -117.7627 14.1097 -72.857006
34.0263 -119.6079 13.7086 -72.855469
34.4263 -121.5938 13.4703 -72.853933
34.6735 -123.5948 13.4834 -72.852398
34.4631 -125.6138 13.6554 -72.850864
35.477 -127.1975 13.9548 -72.849336
36.4488 -128.3733 14.9241 -72.8478
36.0423 -130.1872 15.3722 -72.846259
35.1621 -131.5518 15.4371 -72.844727
35.6418 -129.8523 14.8263 -72.843209
35.0348 -128.0619 14.2107 -72.841694
35.5446 -129.8444 14.1534 -72.840181
35.6291 -131.8577 14.0497 -72.838677
34.8485 -133.6181 13.7199 -72.837181
34.2995 -135.3089 12.7219 -72.835691
33.9891 -137.2127 12.2496 -72.834211
34.6951 -139.1364 12.158 -72.832741
34.4342 -141.0719 12.4762 -72.831282
34.9496 -142.8915 13.1328 -72.82983
35.1207 -144.6736 12.8365 -72.828393
36.0553 -146.4708 12.5635 -72.82697
36.5162 -147.9232 11.2272 -72.825553
37.0821 -149.6924 10.5935 -72.824161
38.1845 -151.3675 10.8233 -72.822785
38.9786 -152.5573 11.4668 -72.821424
38.5512 -154.4927 11.7745 -72.820075
38.9845 -156.4817 12.0272 -72.818745
38.8087 -158.4686 12.102 -72.817438
39.4316 -160.3993 12.1561 -72.816156
40.017 -162.1492 11.7738 -72.814895
39.9044 -164.0643 11.3068 -72.813664
40.4166 -165.9089 10.6066 -72.812458
41.3853 -167.5493 10.7632 -72.811285
42.1247 -169.1267 11.6727 -72.810142
42.1485 -170.8263 12.6221 -72.80903
41.2541 -172.1527 13.7028 -72.807957
41.3329 -173.6405 14.3131 -72.806921
41.6008 -174.8677 12.6805 -72.80592
41.8738 -176.7997 12.275 -72.804966
42.7438 -178.5456 11.9564 -72.804057
43.2439 -180.4578 12.0397 -72.803195
43.3656 -182.4295 12.4106 -72.802382
43.6747 -184.2146 13.2717 -72.801618
44.1736 -186.1236 13.8383 -72.800912
44.3535 -187.9066 14.7675 -72.800262
44.8726 -189.5685 15.6922 -72.799672
45.4404 -191.1005 14.5715 -72.799144
46.1386 -192.9259 14.1459 -72.798683
46.6287 -194.8895 13.783 -72.798292
47.9055 -196.4354 13.3908 -72.797972
49.0241 -197.9564 13.467 -72.797727
49.8322 -199.3762 13.2319 -72.79756
51.04 -200.3986 12.0409 -72.797475
-16.8109 -27.3553 2.8101 -72.952671
-17.497 -28.3029 4.2038 -72.951799
-18.1984 -29.271 5.5067 -72.950949
-18.2577 -29.3412 3.7473 -72.949959
-18.2679 -29.344 1.9276 -72.948994
-18.2781 -29.3467 0.108 -72.948054
-18.2883 -29.3494 -1.7116 -72.94714
-18.2985 -29.3522 -3.5313 -72.946252
-18.8534 -30.5664 -3.9808 -72.945377
-18.8107 -32.318 -3.8597 -72.944495
-19.3066 -34.0554 -3.7456 -72.94361
-18.9488 -34.5418 -2.2544 -72.942718
-18.3075 -35.7012 -1.0566 -72.941821
-18.003 -37.2922 -0.254 -72.940923
-17.2153 -38.7422 0.5062 -72.940021
-17.2992 -40.1694 1.5541 -72.939115
-17.1185 -41.7267 2.3954 -72.938204
-17.083 -42.8762 3.6698 -72.937284
-17.3639 -44.4413 4.545 -72.936363
-18.2212 -45.6938 5.2818 -72.935444
-18.9632 -46.7735 4.1464 -72.93452
-19.2427 -47.6114 2.5633 -72.933586
-19.7572 -49.1601 2.2576 -72.932658
-20.0441 -50.8741 2.5491 -72.931729
-20.3286 -52.4364 3.2684 -72.9308
-19.8077 -53.8024 3.6098 -72.929867
-19.2008 -54.6661 2.2731 -72.928927
-18.7221 -56.0354 2.9434 -72.927985
-18.7365 -56.729 4.1896 -72.927043
-18.8997 -58.1413 5.2798 -72.926106
-18.8149 -59.8936 5.7078 -72.925173
-18.9822 -61.072 7.0484 -72.924238
-19.3934 -62.5349 8.0119 -72.923312
-19.547 -63.8484 9.0694 -72.922385
-19.5772 -65.5723 8.63 -72.921469
-19.258 -67.3139 8.3405 -72.92056
-19.7508 -69.0603 8.364 -72.91966
-19.9946 -70.8175 8.7102 -72.918766
-19.8037 -72.5539 9.1873 -72.917882
-19.7201 -74.3251 9.5635 -72.917007
-20.2567 -75.9938 9.7611 -72.916145
-19.7758 -77.7066 9.8918 -72.915294
-19.8692 -79.394 10.0722 -72.914459
-20.6153 -80.6503 10.7965 -72.91364
-20.8101 -82.0334 11.1362 -72.912842
-21.8468 -83.2751 10.5156 -72.912063
-22.3598 -84.646 11.4203 -72.911305
-22.8139 -86.2646 12.0203 -72.910571
-22.9433 -87.4114 13.1988 -72.909856
-23.2601 -88.7922 14.1473 -72.909172
-23.5187 -90.5915 14.1567 -72.908523
-23.7693 -92.3875 14.2837 -72.907906
-23.9193 -94.161 14.5659 -72.907323
-24.765 -95.4177 14.2775 -72.906778
-25.6946 -96.5629 13.7452 -72.906275
-26.3361 -98.2508 13.7081 -72.905815
-26.22 -99.6251 14.4174 -72.905395
-26.029 -100.2322 16.1217 -72.905025
-25.98 -100.9366 17.7977 -72.904708
-26.1774 -101.1961 19.58 -72.904439
-26.4133 -101.3806 21.3748 -72.904237
-26.5757 -102.9017 22.0388 -72.904101
-26.565 -104.1061 22.8298 -72.904031
-10.4886 -18.1238 0.6694 -72.959664
-10.4015 -18.057 0.4643 -72.958986
-11.3637 -19.3353 1.4826 -72.958173
-12.4409 -20.4928 2.3203 -72.957211
-13.7335 -21.882 2.6066 -72.956168
-14.3525 -23.4451 1.6476 -72.955118
-14.7639 -24.7529 0.4153 -72.954063
-15.0123 -25.6795 -1.2982 -72.953001
-14.7483 -27.3027 -2.2341 -72.951935
-14.1682 -28.7546 -3.3613 -72.95086
-14.1335 -30.3237 -2.5621 -72.949779
-14.176 -32.0715 -1.7097 -72.948695
-14.076 -33.7889 -0.9359 -72.947606
-13.8862 -35.6563 -1.4771 -72.946511
-13.5408 -37.5381 -1.8551 -72.945412
-12.9254 -39.3671 -2.0095 -72.944305
-12.8947 -41.2639 -2.5483 -72.943194
-12.5093 -43.0891 -2.3969 -72.942078
-11.8636 -44.7358 -1.5183 -72.94095
-11.3409 -46.4019 -0.6056 -72.939817
-11.0233 -47.5467 0.9658 -72.938672
-10.5913 -48.4457 2.6789 -72.937528
-10.1405 -50.0833 3.3431 -72.936381
-10.2934 -51.7904 2.9275 -72.935229
-10.88 -52.8858 1.4404 -72.934065
-11.0363 -54.4811 1.7038 -72.932902
-11.1458 -56.3254 2.378 -72.931732
-10.357 -57.7555 3.4384 -72.930556
-10.1358 -58.8326 4.9901 -72.929374
-10.3077 -60.6124 5.6598 -72.928186
-11.2813 -62.2927 6.0116 -72.926993
-11.7958 -64.1934 6.181 -72.925797
-12.4342 -66.0517 6.3974 -72.924594
-11.9522 -67.7789 6.8906 -72.923384
-11.6762 -69.0382 8.2561 -72.92217
-11.713 -70.0381 9.9612 -72.920953
-11.8555 -70.9146 11.6774 -72.919722
-12.8132 -71.5235 13.2459 -72.918493
-13.5753 -72.2336 12.7301 -72.917258
-14.1638 -73.7043 11.8882 -72.916021
-14.4131 -75.2707 10.815 -72.914782
-13.5782 -77.0011 10.3425 -72.913538
-13.3259 -78.9499 10.1371 -72.91229
-13.3622 -80.9141 10.3308 -72.911041
-14.2376 -82.5066 10.9807 -72.909791
-14.7845 -84.1023 11.9265 -72.908536
-15.3519 -85.4422 12.6525 -72.907277
-15.7865 -86.6616 12.098 -72.906015
-16.5522 -87.7496 13.5364 -72.904752
-17.1687 -89.5648 13.8022 -72.903491
-18.2162 -91.1682 13.885 -72.902228
-19.5493 -92.634 13.9514 -72.900966
-20.3209 -94.4426 13.8656 -72.899703
-21.0095 -96.2837 13.6721 -72.898441
-21.3384 -97.8523 13.9673 -72.897167
-21.6939 -97.8965 15.9193 -72.89588
-22.3276 -98.0602 17.7316 -72.894613
-21.887 -98.9874 16.7979 -72.893336
-22.8153 -99.7306 15.3374 -72.892078
-24.3779 -100.6691 14.7056 -72.890827
-24.3457 -102.6276 14.3888 -72.889583
-24.5768 -104.5617 14.2213 -72.888347
-24.8282 -106.5067 14.2205 -72.887117
-25.0574 -108.4614 14.1941 -72.885896
-25.5558 -110.3378 14.0236 -72.884683
-26.9412 -111.6652 13.5497 -72.88348
-27.6548 -113.1993 12.651 -72.882289
-27.9593 -114.1646 11.0361 -72.881095
-28.3565 -115.3746 10.0919 -72.879934
-29.1471 -116.4978 9.0352 -72.87878
-29.5399 -117.0458 7.1689 -72.877634
-29.9596 -117.6548 5.3281 -72.876513
-30.9613 -118.935 4.5188 -72.875419
-32.1435 -120.2324 4.6581 -72.874343
-32.9363 -121.0473 6.2793 -72.873288
-33.621 -122.2206 7.5953 -72.87226
-33.9105 -123.585 8.7937 -72.871257
-34.4873 -124.3869 10.3397 -72.870283
-35.0405 -125.7656 11.4307 -72.869343
-34.701 -127.6323 11.772 -72.868436
-35.3063 -129.4991 11.9181 -72.867563
-35.9903 -131.3268 11.7835 -72.866728
-37.6819 -132.1342 11.31 -72.865934
-38.5009 -133.4806 10.3217 -72.865181
-38.4967 -134.7419 8.9782 -72.86447
-39.2613 -136.1191 9.0235 -72.863811
-39.6486 -137.8732 9.0943 -72.863203
-40.3927 -139.5578 8.4232 -72.86265
-41.3357 -141.2284 8.0319 -72.862154
-41.7461 -143.1332 7.6854 -72.861719
-42.0138 -145.0056 7.4829 -72.861348
-41.9887 -146.6225 8.5512 -72.861043
-43.1363 -148.1444 8.915 -72.86081
-43.8626 -149.8828 8.3731 -72.86065
-44.926 -151.4033 7.7386 -72.860569
-9.353 -14.8211 0.2731 -72.962537
-11.0559 -15.5864 0.7158 -72.961643
-12.8605 -15.9487 1.177 -72.960541
-14.323 -16.6873 2.6356 -72.9585
-15.6273 -17.7486 4.2904 -72.956789
-16.5612 -19.3299 4.837 -72.956014
-17.0333 -20.2944 6.2453 -72.955144
-17.8874 -21.5361 7.3823 -72.954251
-18.8508 -22.9769 8.1796 -72.953355
-19.5099 -24.5801 8.9543 -72.952454
-19.7318 -25.6734 10.3712 -72.951541
-19.6375 -26.5275 11.987 -72.950619
-20.9183 -27.5166 12.4491 -72.949699
-21.2964 -29.0814 13.3143 -72.948771
-21.83 -30.7644 14.0149 -72.947838
-22.4092 -32.288 14.7504 -72.946898
-23.1716 -32.8787 16.4102 -72.945942
-23.4458 -33.3976 17.1662 -72.944993
-23.9797 -35.1098 17.8018 -72.944037
-25.2888 -36.4276 18.1128 -72.943077
-26.4013 -37.9363 18.2431 -72.942113
-27.2908 -39.5473 18.3867 -72.941144
-28.9068 -40.2841 18.3568 -72.940169
-28.8386 -41.8551 18.071 -72.939189
-30.0593 -43.3052 18.0707 -72.938206
-30.6546 -44.9959 18.2212 -72.937215
-31.4097 -46.5757 18.3297 -72.936221
-32.6885 -47.8644 18.2798 -72.935223
-33.6705 -49.4532 18.3794 -72.934226
-34.3435 -51.1833 18.7706 -72.933225
-35.0428 -52.643 19.7515 -72.93222
-35.9334 -53.9164 20.8542 -72.931215
-36.4958 -55.5633 21.6175 -72.93021
-37.1515 -57.2664 22.1901 -72.929206
-37.503 -58.9135 22.7742 -72.928195
-37.2767 -60.629 23.5408 -72.927184
-38.3487 -62.1152 24.0868 -72.926178
-38.7835 -63.8894 24.6417 -72.925174
-39.0307 -65.5698 25.4324 -72.924173
-39.2448 -67.4312 25.7075 -72.923172
-39.4113 -69.2406 26.1323 -72.922178
-38.2265 -70.1613 27.1367 -72.921188
-37.9293 -71.6381 28.1838 -72.920198
-36.7386 -72.8721 28.5562 -72.919218
-35.4143 -74.1273 28.8617 -72.918248
-33.8413 -75.1427 29.2839 -72.917264
-32.9832 -76.7229 29.5771 -72.91631
-33.6399 -75.092 29.1649 -72.915352
-33.1635 -76.3575 28.5144 -72.914411
-32.6394 -77.9449 29.3953 -72.913486
-31.5586 -79.4236 29.8926 -72.912561
-30.8094 -81.0765 30.3763 -72.911657
-31.5811 -82.6547 30.6865 -72.910783
-31.7168 -84.5489 30.8274 -72.909931
-31.5105 -86.4537 30.8357 -72.909104
-31.5377 -88.3667 30.7633 -72.908302
-31.4829 -90.279 30.6456 -72.907528
-31.9235 -92.1277 30.4947 -72.906784
-32.2806 -93.9944 30.2829 -72.906076
-33.2826 -95.4749 30.073 -72.905401
-34.2923 -96.3147 29.212 -72.904763
-33.7984 -97.5646 29.0456 -72.904164
-33.365 -98.5644 30.3242 -72.903606
-34.9529 -99.5888 30.5864 -72.903097
-35.3561 -101.2379 30.5528 -72.902638
-35.425 -102.1901 29.7785 -72.902231
-35.4381 -103.6106 30.0236 -72.901882
-35.4329 -104.9525 28.8355 -72.901595
-35.4888 -106.6151 28.0477 -72.901374
-35.1318 -108.0258 29.2064 -72.901222
-34.5346 -109.5447 30.0645 -72.901144
-15.445 -16.6758 3.4162 -72.956781
-17.1123 -16.5493 2.7023 -72.956018
-18.8242 -16.1183 2.2844 -72.955159
-20.5247 -15.3962 2.2003 -72.954284
-22.3116 -15.3473 2.4856 -72.953406
-24.0423 -14.9367 2.9859 -72.952518
-25.7912 -14.8802 3.5418 -72.951623
-27.6376 -14.8877 3.7424 -72.950724
-29.4617 -14.8882 3.7168 -72.949819
-31.2202 -15.3922 3.5297 -72.948905
-32.7539 -15.8243 2.9445 -72.94798
-34.0829 -16.2305 1.7975 -72.947051
-35.3566 -17.1047 0.7776 -72.946117
-36.7811 -17.3591 0.0703 -72.945182
-38.4049 -17.2529 0.8951 -72.944242
-40.1857 -16.9717 1.2216 -72.943295
-41.9745 -17.3706 1.348 -72.942342
-43.6645 -17.7288 1.1737 -72.941383
-45.1638 -16.9527 0.472 -72.94042
-46.3865 -16.2335 -0.6264 -72.939449
-48.1583 -16.038 -0.1893 -72.938473
-49.5586 -16.5997 0.7893 -72.937489
-50.6275 -17.7832 1.5574 -72.936504
-52.4581 -17.9497 1.6886 -72.935514
-54.2203 -17.8442 1.1278 -72.93452
-55.6575 -18.4041 0.1681 -72.93352
-57.139 -19.2179 -0.5793 -72.932516
-58.8775 -19.6978 -0.9928 -72.93151
-60.4992 -20.5497 -0.8751 -72.930504
-62.2699 -20.9516 -0.784 -72.929495
-63.9605 -21.4851 -1.2025 -72.928475
-65.769 -21.6468 -1.2364 -72.927461
-67.4074 -21.948 -2.0416 -72.926445
-69.2303 -22.0478 -2.2783 -72.92543
-71.0405 -22.3933 -2.2 -72.924413
-72.76 -22.6876 -1.8978 -72.923397
-74.4248 -22.1245 -1.3042 -72.922383
-75.468 -21.5676 0.0962 -72.921368
-76.805 -21.0117 0.8974 -72.920356
-78.6304 -21.1688 0.7939 -72.919353
-80.2126 -21.6023 1.4208 -72.918353
-81.9055 -21.4802 1.8938 -72.917359
-83.3789 -20.5725 2.4839 -72.916372
-84.8475 -20.092 3.3977 -72.915394
-85.8797 -19.4106 4.4732 -72.914421
-86.9877 -17.9771 4.3817 -72.913462
-88.4094 -16.917 4.436 -72.912515
-89.1332 -16.2863 5.8123 -72.911571
-89.6827 -16.0961 7.5766 -72.910645
-90.6073 -14.9923 8.5732 -72.909743
-91.6573 -14.5236 9.9347 -72.908861
-92.216 -13.6924 11.4126 -72.90799
-93.3323 -12.5367 11.3011 -72.907154
-94.3529 -11.3333 10.4637 -72.906343
-95.9243 -11.359 10.3327 -72.905559
-97.085 -12.6874 10.4076 -72.904805
-98.637 -11.9209 10.4364 -72.904084
-99.8512 -10.5582 10.1484 -72.903401
-101.1467 -9.2581 9.9913 -72.902754
-102.9108 -8.8466 10.0308 -72.90215
-104.2043 -7.6318 10.4372 -72.901593
-105.7848 -7.7377 11.2376 -72.901083
-107.5295 -7.7352 11.7584 -72.900625
-108.7114 -6.5165 12.2914 -72.900223
-108.6826 -5.013 12.9437 -72.899876
-109.4316 -4.9691 14.0337 -72.89959
-110.9911 -5.321 13.2911 -72.899371
-112.3812 -4.7789 12.2565 -72.899222
-113.4541 -4.4164 10.8172 -72.899145
-15.5545 -17.632 4.3033 -72.956837
-16.8149 -18.3686 5.0193 -72.956207
-18.1535 -17.7371 5.9254 -72.95549
-19.3957 -17.6568 7.1162 -72.954757
-20.6245 -17.4395 8.329 -72.954021
-21.4073 -17.0773 9.8446 -72.953275
-22.3291 -16.4593 11.1562 -72.952529
-23.7986 -16.4039 12.1053 -72.951779
-24.636 -16.4397 13.5353 -72.951015
-26.0492 -16.413 14.4153 -72.950256
-26.5091 -16.6788 16.0866 -72.949478
-27.6416 -17.5424 16.452 -72.948712
-28.9683 -17.6171 17.1518 -72.947943
-30.2529 -16.8642 18.0015 -72.947172
-31.8112 -16.9615 18.7079 -72.946394
-32.7125 -16.0015 17.8716 -72.945617
-33.9732 -15.3124 17.8919 -72.944836
-35.5154 -14.9405 18.541 -72.944053
-36.8148 -15.2621 19.6037 -72.943267
-38.1095 -15.3947 20.6532 -72.942483
-39.3709 -15.3085 20.5665 -72.94169
-39.9084 -15.4165 22.2463 -72.94089
-41.4898 -16.1032 22.568 -72.940104
-43.1935 -16.3081 22.9719 -72.939321
-44.8671 -16.1005 23.426 -72.938541
-46.5874 -16.255 23.8037 -72.937761
-48.2806 -16.146 24.1613 -72.936991
-49.8848 -15.6408 24.6252 -72.936225
-51.569 -15.5809 25.1077 -72.935468
-53.1934 -15.8717 25.7123 -72.934719
-54.8397 -16.0518 26.2602 -72.933976
-56.4663 -15.7486 26.8593 -72.933251
-57.6381 -14.8744 27.7621 -72.932539
-58.8394 -13.7889 28.4214 -72.931842
-60.1932 -13.1386 29.3328 -72.931159
-61.8304 -12.6017 29.6751 -72.930496
-63.5039 -12.1508 29.7076 -72.929855
-64.8861 -11.121 29.4315 -72.929236
-65.5954 -10.0293 28.2627 -72.92864
-66.3587 -9.069 29.1123 -72.928071
-67.3994 -7.9254 29.8988 -72.927533
-68.8854 -7.8686 29.963 -72.927027
-70.5505 -7.352 29.9726 -72.926558
-72.0497 -6.4284 30.0037 -72.926126
-73.5599 -5.5098 29.9785 -72.925735
-74.8786 -4.3323 29.9264 -72.925378
-76.2236 -3.1844 29.9023 -72.925081
-77.2186 -1.7362 29.9278 -72.924836
-78.2778 -0.5048 29.7779 -72.924647
-79.9939 -0.3567 29.5292 -72.924518
-81.6519 -0.1123 29.479 -72.924451
-15.2282 -17.1379 4 -72.957108
-15.8134 -17.8487 4 -72.957075
-16.4306 -18.5318 4 -72.957057
-13.8552 -16.3527 0.6773 -72.959865
-6.8126 -12.9962 0.0714 -72.963154
-5.8684 -15.48 0.0572 -72.962356
-5.4058 -18.0693 0.0621 -72.961337
-4.8048 -20.6622 0.1442 -72.960057
-4.2378 -23.1032 0.3354 -72.958468
-4.2185 -23.3173 3.0099 -72.955889
-4.1991 -23.5292 5.6846 -72.953297
-3.9404 -24.0329 8.0609 -72.950744
-2.9465 -26.4423 7.8893 -72.948159
-2.9898 -29.1239 7.9366 -72.945511
-2.8312 -31.7921 8.079 -72.942796
-2.7737 -34.4658 8.0848 -72.940011
-3.1335 -36.1267 6.8772 -72.937106
-2.9668 -36.5649 4.2354 -72.934122
-3.5563 -38.3842 2.8887 -72.931109
-4.3063 -40.3834 1.497 -72.928003
-4.1208 -42.6459 0.2252 -72.924822
-4.2362 -43.7827 0.8959 -72.922286
-3.8312 -43.4159 2.8085 -72.920491
-3.4263 -43.0492 4.7211 -72.918729
-3.0214 -42.6825 6.6338 -72.917001
-2.6164 -42.3158 8.5464 -72.915307
-2.2115 -41.949 10.459 -72.913646
-1.8006 -41.5642 12.3611 -72.91202
-1.0504 -39.8462 12.7392 -72.910359
0.1758 -38.6585 13.5417 -72.908692
1.5902 -38.0395 13.8599 -72.906985
3.2347 -39.0768 14.2093 -72.90527
3.2862 -40.8715 14.6526 -72.903528
3.0921 -42.2179 15.9515 -72.901764
3.289 -43.8273 17.0278 -72.899978
3.7676 -45.0577 18.3989 -72.898156
5.3853 -45.2551 17.5078 -72.896311
6.4565 -45.5185 16.2146 -72.894405
6.4601 -45.5688 14.2263 -72.892468
7.3041 -46.1013 15.3965 -72.890512
7.7212 -46.6728 17.2551 -72.888516
8.2906 -47.8462 18.7417 -72.886507
8.7291 -49.4862 19.2615 -72.885027
9.1255 -50.9461 19.7272 -72.884123
10.0364 -52.2198 19.9693 -72.883221
10.7133 -53.6545 20.0389 -72.882317
11.8089 -54.3454 19.5071 -72.881407
12.1976 -54.6669 17.9921 -72.880496
13.1099 -54.8336 16.8714 -72.879589
13.5838 -54.6626 15.3738 -72.878629
13.6588 -54.6533 13.7788 -72.877536
13.7337 -54.644 12.1838 -72.876478
13.8087 -54.6347 10.5888 -72.875455
13.8837 -54.6254 8.9938 -72.874466
13.9586 -54.6161 7.3988 -72.873512
14.0336 -54.6068 5.8038 -72.872592
14.1085 -54.5975 4.2088 -72.871707
14.1663 -54.5744 2.6132 -72.870726
14.2206 -54.5486 1.0176 -72.869743
14.2749 -54.5228 -0.5781 -72.868798
14.3293 -54.497 -2.1737 -72.86789
14.3836 -54.4712 -3.7694 -72.86702
14.4379 -54.4454 -5.365 -72.866188
13.7113 -55.8095 -5.5929 -72.865379
13.1825 -57.2536 -6.0072 -72.864581
12.9567 -58.7053 -6.561 -72.863798
12.6682 -60.0281 -7.37 -72.863029
12.3514 -61.5353 -7.7387 -72.862277
11.9771 -63.0578 -7.8716 -72.861543
11.7617 -64.6275 -7.7751 -72.860827
11.4655 -65.9109 -8.3481 -72.86013
11.6675 -66.9063 -9.5712 -72.859453
11.728 -68.3207 -9.6289 -72.858797
11.6975 -68.4625 -8.07 -72.858166
11.4235 -69.5735 -7.0162 -72.857565
11.1196 -70.8404 -6.109 -72.856991
11.0275 -71.8722 -4.9846 -72.856444
11.2426 -73.2528 -4.3725 -72.855928
10.7531 -74.6674 -3.9199 -72.855446
10.425 -76.2016 -3.7062 -72.854997
10.77 -77.7411 -3.6532 -72.854584
11.0786 -79.2552 -3.6604 -72.854209
11.425 -80.7723 -3.755 -72.853874
11.2996 -82.2807 -4.0128 -72.853582
11.9706 -83.6675 -4.3963 -72.853333
12.7118 -84.5829 -3.8154 -72.853128
13.1706 -85.4159 -2.5821 -72.852971
13.3664 -86.853 -1.9391 -72.852865
13.3682 -87.667 -0.8755 -72.852811
8.6263 -48.9248 19.7774 -72.885074
8.971 -49.5407 20.9869 -72.884268
9.2099 -51.0475 20.8184 -72.883467
10.0927 -52.2943 20.5532 -72.882672
10.6868 -53.724 20.4404 -72.881883
11.4461 -54.1517 19.6321 -72.881084
11.5442 -54.2966 18.1881 -72.880294
12.9332 -54.8812 18.406 -72.879518
13.2774 -55.294 19.8309 -72.878728
13.7729 -56.2787 20.5319 -72.877964
14.3885 -57.7019 20.5127 -72.877206
15.16 -59.0485 20.6431 -72.876459
15.6443 -60.0525 21.5504 -72.875717
16.2084 -60.988 22.5631 -72.874986
17.2577 -61.2039 23.519 -72.87427
18.4454 -61.8839 23.9975 -72.873568
19.1422 -63.2514 24.2481 -72.872879
19.671 -63.8624 25.3071 -72.872194
20.2623 -64.3588 26.3522 -72.871532
21.638 -65.0559 26.1487 -72.870891
22.7173 -66.1327 25.8633 -72.87023
23.7256 -67.2733 25.5197 -72.869602
24.6112 -68.47 25.1932 -72.869013
24.9681 -69.954 24.971 -72.868449
24.9964 -70.9802 24.2159 -72.867882
24.9684 -71.117 22.6615 -72.867316
24.9404 -71.2538 21.1072 -72.866795
24.9124 -71.3907 19.5528 -72.866316
24.8648 -71.4567 17.9963 -72.865876
24.9221 -71.7069 16.7213 -72.865468
25.4185 -72.6144 17.5247 -72.865086
25.5779 -72.8182 19.0637 -72.864734
25.6724 -73.1458 20.5059 -72.864427
25.5385 -73.7136 21.7923 -72.864149
25.5469 -73.9336 23.3373 -72.863912
25.5553 -74.1535 24.8823 -72.863723
26.4257 -75.2629 24.9859 -72.863579
26.2037 -76.801 24.991 -72.863482
26.3234 -78.3421 25.0702 -72.863432
-4.7208 -44.7161 -0.023 -72.922717
-5.1299 -46.1818 0.6944 -72.921749
-5.3697 -46.9913 2.259 -72.920774
-5.7718 -48.0995 3.5791 -72.9198
-6.3113 -49.4357 4.5711 -72.918819
-6.1052 -51.0319 5.3148 -72.917835
-5.9754 -52.7323 5.8136 -72.916847
-5.3005 -54.3124 6.0843 -72.915854
-5.5666 -55.9139 6.2159 -72.914856
-6.3626 -57.4622 6.4728 -72.913855
-7.4327 -58.7683 6.9386 -72.912848
-8.3123 -60.0607 7.6969 -72.911836
-9.2075 -61.5771 7.5449 -72.910824
-10.0182 -63.1512 7.7642 -72.909807
-10.4982 -64.8336 7.9938 -72.908788
-11.098 -66.494 8.2496 -72.907764
-11.5795 -68.0917 8.8213 -72.906736
-11.4778 -69.48 9.814 -72.905709
-11.3768 -70.9824 10.6772 -72.904676
-11.1615 -72.6665 10.9417 -72.903639
-11.9531 -74.0675 10.3517 -72.9026
-12.2253 -75.2856 9.1163 -72.90156
-12.386 -76.5528 7.8889 -72.90052
-12.4919 -77.8973 6.8778 -72.899477
-12.6418 -79.6702 6.7282 -72.898434
-12.8923 -81.2283 7.3625 -72.89739
-13.0636 -82.0267 8.8276 -72.896337
-12.8375 -83.2389 8.8894 -72.895293
-12.4716 -84.694 8.0205 -72.894248
-12.6797 -85.5671 7.0599 -72.893201
-12.5183 -84.1321 6.1622 -72.892149
-12.5292 -84.0813 7.3739 -72.891097
-11.895 -85.6688 7.8198 -72.890048
-11.5229 -87.2946 8.4116 -72.889005
-10.3324 -88.1124 9.2259 -72.887966
-10.675 -89.8262 9.467 -72.886927
-11.2148 -91.4903 9.7261 -72.885899
-11.4919 -93.2205 9.9224 -72.884877
-11.8689 -94.9605 9.9938 -72.883861
-12.2215 -96.7085 9.9892 -72.882857
-12.5548 -98.4528 9.9031 -72.88186
-13.101 -100.1246 9.6027 -72.880875
-13.6123 -101.6942 9.0552 -72.879899
-14.5178 -102.8115 8.0351 -72.878935
-14.732 -103.8321 6.6289 -72.87798
-14.736 -104.949 5.3416 -72.877038
-14.7897 -105.5564 3.6632 -72.87611
-14.9175 -106.1934 2.0059 -72.875201
-14.8119 -107.3154 0.66 -72.874321
-14.3904 -108.3157 -0.7477 -72.873455
-14.0768 -109.6227 -1.5126 -72.872618
-14.1581 -111.3783 -1.2027 -72.871805
-14.4574 -112.7137 -0.3129 -72.871014
-14.5581 -113.8268 1.0481 -72.870253
-14.5629 -114.7419 2.5821 -72.869517
-14.3372 -115.8187 3.9677 -72.868818
-14.0073 -116.8255 5.38 -72.86815
-13.5104 -118.0936 6.4955 -72.867519
-13.0668 -119.695 6.5246 -72.866927
-12.4966 -121.0534 5.5568 -72.866376
-12.0851 -122.6625 5.1356 -72.865868
-12.5004 -124.2153 4.474 -72.865404
-12.6759 -125.9354 4.076 -72.864991
-13.0189 -127.5669 3.9008 -72.864626
-13.6129 -129.2115 3.7998 -72.864316
-14.5095 -130.7248 3.617 -72.864063
-15.1909 -132.314 3.2206 -72.863868
-16.0458 -133.6469 2.4524 -72.863736
-17.0046 -135.0632 2.0492 -72.863668
-3.6471 -8.0538 -0.0157 -72.963889
-1.3228 -8.9468 -0.0471 -72.963259
0.9314 -9.9936 -0.0832 -72.962581
2.6625 -11.7633 -0.1495 -72.961742
3.884 -13.4015 -0.8686 -72.960409
4.2751 -14.1359 -3.2157 -72.957457
4.6663 -14.8703 -5.5627 -72.954546
5.0575 -15.6047 -7.9097 -72.951675
5.4487 -16.3392 -10.2567 -72.948845
5.5082 -15.6747 -11.481 -72.946714
5.7528 -14.1284 -10.9972 -72.945388
5.1317 -14.013 -9.0503 -72.944023
5.6382 -14.026 -8.2186 -72.942581
7.6439 -14.2766 -7.8039 -72.941114
9.6042 -14.0356 -7.3728 -72.939668
11.4824 -13.5321 -6.7322 -72.93819
12.4397 -13.1153 -5.3274 -72.936676
13.1732 -12.7275 -3.4442 -72.935112
14.0029 -12.5015 -1.5695 -72.933509
14.9232 -12.6143 0.2611 -72.931875
16.0509 -12.8503 1.9217 -72.930205
17.2291 -12.7352 3.6117 -72.928477
18.6969 -13.072 4.9744 -72.926748
20.4387 -12.843 5.9867 -72.924979
22.2399 -12.9948 6.2182 -72.923695
23.7688 -13.3762 5.9788 -72.922931
25.0057 -12.6222 5.3936 -72.922165
26.3571 -12.2571 4.8087 -72.921399
27.8738 -11.9691 4.5669 -72.920629
29.2461 -11.1445 4.4391 -72.91986
30.8012 -10.7714 4.3716 -72.919093
32.3851 -10.5715 4.2891 -72.918326
33.2233 -10.1298 4.9983 -72.917554
34.0663 -9.8024 5.9221 -72.916786
35.5597 -9.845 6.5062 -72.916022
36.9026 -9.7278 7.2501 -72.915258
38.2463 -9.5474 7.9246 -72.914502
39.7277 -9.1425 8.3952 -72.913751
41.1759 -8.7377 8.951 -72.913006
42.5633 -8.3419 9.5488 -72.912264
43.7337 -8.1277 8.583 -72.91153
45.1311 -8.0308 7.9631 -72.910807
46.5242 -8.3092 7.3517 -72.910096
47.4104 -8.3281 6.0274 -72.90939
48.547 -8.1523 4.9694 -72.908702
50.1277 -8.0481 4.8161 -72.908028
51.0302 -8.412 5.9293 -72.907357
52.4231 -8.5023 6.17 -72.906712
53.895 -8.5955 6.6905 -72.906083
54.9911 -8.7652 7.7616 -72.905475
56.4893 -8.9904 7.679 -72.90489
57.587 -10.1308 7.9043 -72.90433
59.0801 -10.6364 8.1455 -72.903793
60.6014 -11.0022 8.4608 -72.903286
61.9959 -11.5958 8.0265 -72.902808
62.9752 -11.9724 7.058 -72.902355
63.4644 -12.0743 5.5381 -72.901937
64.0395 -11.9612 4.047 -72.90155
64.4337 -11.9546 2.4888 -72.9012
64.823 -11.932 0.9297 -72.900894
65.2041 -11.8836 -0.6309 -72.900634
65.5558 -11.8356 -2.1985 -72.900419
65.8976 -11.7879 -3.7682 -72.900256
66.4194 -11.7876 -5.282 -72.900146
66.4944 -12.5596 -6.6605 -72.900089
21.8035 -12.9643 5.5087 -72.923556
22.2928 -12.8975 4.0421 -72.922538
22.782 -12.8307 2.5755 -72.921553
23.2713 -12.7639 1.1089 -72.9206
23.7606 -12.6971 -0.3578 -72.919681
24.2499 -12.6303 -1.8244 -72.918794
24.7391 -12.5635 -3.291 -72.91794
25.2284 -12.4967 -4.7576 -72.917118
25.7177 -12.4299 -6.2242 -72.91633
26.2069 -12.363 -7.6908 -72.915574
26.8935 -12.3131 -8.9994 -72.914845
27.9931 -12.1349 -10.0456 -72.914126
29.4155 -12.0244 -10.5719 -72.913413
30.9321 -12.139 -10.7879 -72.912709
32.4337 -12.4908 -10.7732 -72.912008
33.7283 -13.0404 -10.3346 -72.911319
34.9591 -13.7394 -9.781 -72.910638
36.3049 -14.3754 -9.3611 -72.909966
37.7863 -14.4064 -8.971 -72.909295
38.9765 -14.4204 -8.3072 -72.908637
39.509 -14.5028 -6.8771 -72.907996
40.803 -14.1184 -7.3333 -72.907378
42.1172 -13.7343 -7.9502 -72.906778
43.481 -14.2451 -8.4653 -72.906198
44.8322 -14.6862 -9.0455 -72.905638
46.2199 -15.1571 -9.5418 -72.9051
47.4998 -15.7968 -10.1041 -72.904588
48.4919 -16.341 -10.9949 -72.9041
49.2648 -16.5571 -12.2212 -72.903639
50.6437 -17.0063 -12.5265 -72.903211
52.1626 -17.2199 -12.7123 -72.902815
53.5098 -17.9199 -12.5815 -72.902455
54.8261 -18.5114 -12.0649 -72.90213
56.0144 -19.3898 -11.6485 -72.901846
57.1511 -20.3793 -11.2981 -72.901603
58.5784 -20.83 -11.009 -72.901404
59.5198 -21.3446 -11.6244 -72.901249
59.9152 -21.5013 -13.1121 -72.901143
60.3293 -21.6363 -14.5919 -72.901089
5.542 -17.4481 -11.9734 -72.946927
5.2752 -19.0549 -12.8511 -72.946052
4.5319 -20.5356 -13.6308 -72.94517
4.2842 -21.2679 -12.1504 -72.944268
4.5234 -21.5541 -11.2061 -72.943375
5.0916 -22.5097 -9.9139 -72.942468
5.6355 -23.6108 -8.5295 -72.941557
6.4022 -24.9693 -7.5369 -72.940639
6.6335 -26.3097 -6.3211 -72.939719
7.1852 -27.3717 -7.4784 -72.938785
7.7638 -28.2275 -9.037 -72.937847
9.1599 -28.8455 -10.0123 -72.936911
10.2945 -29.4271 -11.2255 -72.93597
12.0307 -29.9265 -10.7637 -72.93502
13.7255 -30.5864 -10.4924 -72.934067
15.1918 -31.515 -11.0288 -72.933112
16.7178 -31.6949 -12.0524 -72.932149
18.2188 -31.9125 -13.1144 -72.931183
19.9511 -32.1969 -13.7295 -72.930212
21.5074 -33.0418 -14.1745 -72.929202
22.8543 -34.2615 -14.6414 -72.928186
24.0059 -35.5947 -15.1729 -72.927201
24.5296 -37.1036 -15.7174 -72.926212
24.7232 -37.5624 -17.5262 -72.925208
25.1008 -38.2263 -19.2142 -72.924204
26.3789 -39.4506 -19.5884 -72.923211
28.1291 -39.8596 -20.0602 -72.922216
29.3513 -39.6098 -21.3429 -72.921216
30.6809 -38.9744 -22.3478 -72.920215
31.8544 -39.4408 -23.699 -72.919211
32.7072 -40.1312 -24.5207 -72.918209
34.1875 -40.0661 -24.2388 -72.917205
35.3747 -39.954 -25.6606 -72.916202
36.0556 -40.1808 -27.3735 -72.915187
37.1117 -40.5409 -28.8636 -72.914185
37.9499 -40.8975 -30.5002 -72.913186
38.8019 -40.6861 -32.1277 -72.912188
39.8174 -40.5169 -33.6425 -72.9112
40.8901 -40.7217 -35.068 -72.910221
42.5305 -41.61 -35.2384 -72.90925
44.3755 -41.8861 -35.4176 -72.908287
45.9871 -42.2694 -36.0731 -72.907333
47.4878 -43.2765 -36.1873 -72.906372
49.3319 -43.6209 -36.2065 -72.905406
51.1887 -43.712 -36.2324 -72.904482
53.0372 -43.4731 -36.3042 -72.903574
54.8899 -43.6769 -36.497 -72.902686
56.6959 -43.5991 -36.9065 -72.901815
58.2639 -44.1277 -37.6876 -72.900964
59.5341 -44.5902 -38.7803 -72.900128
60.5988 -45.0677 -39.8571 -72.899323
61.8729 -46.2433 -40.1922 -72.898544
63.3313 -46.5896 -41.0735 -72.897789
64.0217 -46.6763 -42.7931 -72.897059
64.5704 -46.7494 -44.583 -72.896362
64.8703 -46.6711 -46.4334 -72.895677
65.1687 -46.5915 -48.2839 -72.895049
65.5964 -46.5388 -50.1097 -72.89446
65.7108 -46.4215 -51.9702 -72.893871
65.6981 -46.2783 -53.8407 -72.893334
65.6854 -46.1351 -55.7113 -72.892867
65.6727 -45.9919 -57.5819 -72.892469
65.7296 -45.7497 -59.4403 -72.892121
65.8135 -45.4694 -61.2934 -72.89184
66.0243 -45.0935 -63.1166 -72.891627
66.1717 -44.6856 -64.9394 -72.891479
66.3305 -44.1781 -66.4646 -72.891404
5.6517 -16.7814 -12.2027 -72.946418
5.689 -16.9607 -13.7308 -72.944559
5.7263 -17.14 -15.259 -72.94274
5.7636 -17.3194 -16.7872 -72.940959
5.8009 -17.4987 -18.3154 -72.939217
5.8383 -17.678 -19.8436 -72.937513
5.8756 -17.8574 -21.3717 -72.935848
5.9129 -18.0367 -22.8999 -72.934221
5.9502 -18.216 -24.4281 -72.932633
5.9875 -18.3954 -25.9563 -72.931083
6.0248 -18.5747 -27.4845 -72.929571
6.0621 -18.754 -29.0126 -72.928098
6.0994 -18.9334 -30.5408 -72.926663
6.1367 -19.1127 -32.069 -72.925266
6.1741 -19.292 -33.5972 -72.923907
6.2114 -19.4714 -35.1254 -72.922587
6.2487 -19.6507 -36.6536 -72.921304
6.286 -19.83 -38.1817 -72.92006
6.3233 -20.0094 -39.7099 -72.918854
6.3606 -20.1887 -41.2381 -72.917686
6.3979 -20.368 -42.7663 -72.916556
6.4352 -20.5474 -44.2945 -72.915463
6.4725 -20.7267 -45.8226 -72.914409
6.5099 -20.906 -47.3508 -72.913393
6.5472 -21.0854 -48.879 -72.912414
6.5845 -21.2647 -50.4072 -72.911473
6.6218 -21.444 -51.9354 -72.910571
6.6591 -21.6234 -53.4635 -72.909706
6.6964 -21.8027 -54.9917 -72.908878
6.7337 -21.982 -56.5199 -72.908089
6.771 -22.1614 -58.0481 -72.907337
6.8083 -22.3407 -59.5763 -72.906623
6.8457 -22.52 -61.1045 -72.905946
6.883 -22.6994 -62.6326 -72.905308
6.9394 -22.8766 -64.1572 -72.904707
8.1498 -22.8799 -64.1006 -72.904129
8.9886 -23.516 -62.989 -72.903563
9.9314 -24.3205 -62.1091 -72.903019
10.5435 -25.411 -61.3105 -72.90249
11.1641 -26.7642 -60.9602 -72.901983
11.7371 -28.177 -61.0516 -72.9015
12.2468 -29.4991 -61.4619 -72.901041
12.6299 -30.7915 -61.1111 -72.900605
13.0367 -32.212 -60.6823 -72.900198
13.4206 -33.6473 -60.2909 -72.899821
13.672 -35.0666 -59.8345 -72.899476
13.7802 -36.5811 -60.0484 -72.899167
13.7177 -38.0731 -60.4184 -72.898895
13.5658 -39.5761 -60.7091 -72.898662
13.3014 -41.0704 -60.6511 -72.898471
13.3571 -42.0105 -59.4467 -72.898323
13.5377 -43.0476 -58.3404 -72.898222
13.6333 -44.0606 -57.3331 -72.89817
-2.4565 -0.91 0.0523 -72.968721
-2.8293 2.667 0.2464 -72.973231
-3.0866 6.216 0.7208 -72.977856
-2.2413 9.6979 1.5153 -72.982615
-0.7404 12.7593 0.9662 -72.987472
0.227 15.8879 -1.0884 -72.992662
0.5524 20.1154 -1.9386 -72.998207
0.4575 24.418 -2.5408 -73.003924
0.4389 27.3767 -5.5178 -73.00983
-0.013 29.9656 -8.7108 -73.015922
-0.1419 14.3216 0.264 -72.990065
0.8616 14.8245 1.2959 -72.991437
2.5303 15.409 3.4469 -72.994033
5.0961 15.9466 3.8822 -72.996764
7.8356 16.5695 3.9069 -72.999656
10.5566 17.2922 4.0994 -73.002676
13.2701 17.9524 4.5537 -73.005857
15.8121 18.8134 4.7988 -73.0092
17.2134 19.7132 4.344 -73.011594
17.5574 19.3689 4.0634 -73.011405
-0.9274 14.3109 0.2417 -72.989979
-2.5488 14.1754 0.0246 -72.989621
-4.1702 14.04 -0.1925 -72.989302
-5.6969 13.9854 -0.1496 -72.989019
-6.0083 14.0245 0.9686 -72.988763
-4.7591 13.8534 0.1003 -72.988534
-4.5248 13.8442 -1.5168 -72.988284
-4.3735 13.8457 -3.1513 -72.988078
-4.2222 13.8471 -4.7858 -72.987921
-4.0708 13.8486 -6.4202 -72.987814
-3.7648 13.9278 -8.018 -72.987754
-3.1571 14.1597 -9.5252 -72.987742
-2.5409 14.9686 -10.6984 -72.987783
-0.6612 32.5013 -8.9792 -73.019763
-1.3441 34.6869 -8.6538 -73.022657
-2.5162 37.7967 -7.959 -73.027046
-4.0883 40.798 -9.2426 -73.031507
-6.1771 43.4321 -10.5669 -73.036038
-7.4526 45.9637 -12.4793 -73.040647
-8.199 48.9959 -14.3148 -73.045386
-8.488 52.2581 -16.0262 -73.050254
-8.9751 55.6713 -17.3793 -73.055198
-8.9724 59.3456 -17.9864 -73.060215
-8.8355 62.9598 -18.9326 -73.065309
-8.1651 65.7964 -21.101 -73.070484
-8.071 69.4931 -21.2598 -73.075731
-8.0725 72.7987 -19.5494 -73.080647
-8.8931 75.9303 -20.6534 -73.084653
-9.8467 77.8663 -22.8286 -73.088146
-10.916 79.9845 -24.8489 -73.091672
-11.8107 82.572 -26.461 -73.09545
-13.9622 85.1541 -28.0376 -73.099478
-15.428 87.4195 -30.0798 -73.103555
-16.2874 89.1284 -32.8169 -73.107036
-17.1302 91.8068 -33.4334 -73.109906
-16.6579 94.7355 -33.3269 -73.112791
-16.2793 97.4317 -32.2507 -73.115688
-16.0966 100.3779 -31.8618 -73.118599
-15.6048 103.2146 -31.8672 -73.122362
-15.0646 104.6984 -30.0846 -73.126984
-14.4099 106.6313 -31.3901 -73.131607
-13.9013 109.3975 -31.7321 -73.136235
-13.1382 112.1018 -31.8855 -73.140869
-12.0288 114.6912 -32.2205 -73.145511
-9.9615 116.491 -32.7147 -73.150155
-8.3964 118.5551 -33.6954 -73.154801
-7.0441 120.3709 -35.2413 -73.159453
-16.3107 103.1222 -31.2609 -73.12247
-17.0106 105.6108 -30.0258 -73.127219
-17.7104 108.0993 -28.7907 -73.131889
-18.4103 110.5878 -27.5556 -73.136476
-19.1321 113.0846 -26.3544 -73.140982
-20.0839 115.6275 -25.7828 -73.145461
-21.6544 117.8269 -26.4818 -73.149948
-22.4041 120.0541 -28.0006 -73.154446
-23.8204 121.9956 -29.2918 -73.158946
-16.2837 88.4956 -30.6847 -73.108207
-16.9057 88.45 -28.8674 -73.113358
-17.5277 88.4044 -27.0501 -73.118443
-18.1496 88.3588 -25.2328 -73.123461
-18.7716 88.3131 -23.4155 -73.128411
-19.3936 88.2675 -21.5982 -73.133292
-20.0155 88.2219 -19.7808 -73.138103
-20.6375 88.1763 -17.9635 -73.142843
-21.2595 88.1307 -16.1462 -73.147511
-21.8814 88.0851 -14.3289 -73.152106
-22.5034 88.0394 -12.5116 -73.156628
-23.1253 87.9938 -10.6943 -73.161075
-23.7473 87.9482 -8.8769 -73.165446
-24.3693 87.9026 -7.0596 -73.169741
-24.9912 87.857 -5.2423 -73.173958
-25.6132 87.8114 -3.425 -73.178096
-26.2352 87.7657 -1.6077 -73.182155
-26.8571 87.7201 0.2096 -73.186133
-27.4791 87.6745 2.0269 -73.19003
-28.1011 87.6289 3.8443 -73.193844
-28.723 87.5833 5.6616 -73.197575
-10.6474 82.0467 -25.97 -73.094636
-9.8973 83.5702 -26.7997 -73.096988
-8.9166 84.4636 -28.1497 -73.09936
-7.9416 85.635 -29.2349 -73.101752
-6.7633 86.7616 -30.2244 -73.104156
-5.9934 87.8877 -31.5 -73.106578
-4.805 89.0805 -31.9871 -73.109014
-4.0074 90.0975 -33.2964 -73.111481
-3.642 91.5318 -34.1524 -73.113949
-3.5504 92.2381 -35.0395 -73.116432
-2.6112 93.3175 -34.37 -73.118934
-1.4138 94.7914 -34.5426 -73.121434
-0.1697 96.0984 -35.117 -73.123943
0.8889 97.112 -35.3375 -73.126461
1.8787 97.6218 -33.8386 -73.128989
3.297 98.6527 -34.2066 -73.131504
4.478 100.1526 -34.2331 -73.13401
5.7259 101.6013 -34.2783 -73.136517
6.9236 103.076 -34.3329 -73.13901
8.2378 104.4594 -34.2789 -73.141493
9.708 105.6324 -34.1824 -73.143954
11.0242 106.9149 -34.1788 -73.146403
12.03 108.5293 -34.2938 -73.148828
12.8387 110.237 -34.4028 -73.151227
13.6986 111.9172 -34.2947 -73.153596
14.9808 113.3035 -34.0183 -73.155929
16.3534 114.5382 -33.5266 -73.158222
-8.0122 74.6652 -19.0128 -73.084049
-7.3733 74.7434 -17.1393 -73.086266
-6.2129 74.8717 -15.5661 -73.088479
-4.6588 75.1485 -14.4836 -73.090704
-2.9313 75.2005 -13.5318 -73.092947
-1.1908 75.5548 -14.025 -73.095208
0.2492 75.4182 -15.2751 -73.09749
1.6994 75.2949 -16.4498 -73.099782
3.456 75.8724 -16.5978 -73.102092
4.909 77.061 -16.0201 -73.104414
6.3489 78.0205 -15.2054 -73.106746
7.6777 78.1558 -16.557 -73.109103
9.1932 78.8939 -17.1669 -73.111462
10.3243 80.3116 -17.9293 -73.113826
11.8031 81.2429 -18.8099 -73.116192
13.3202 82.0201 -19.7154 -73.118562
14.672 82.8734 -20.8357 -73.12093
15.8195 84.0369 -21.4716 -73.123291
17.3968 85.0052 -21.5241 -73.125649
19.1523 85.9091 -21.6233 -73.127998
20.835 86.8367 -21.5731 -73.130334
22.3782 87.6805 -22.4819 -73.132662
23.6336 88.6822 -23.6145 -73.134968
25.3121 89.236 -24.4178 -73.137253
26.9271 90.1776 -25.069 -73.139559
28.5711 91.1435 -25.6063 -73.141862
30.1849 92.1759 -26.0934 -73.14407
31.906 93.0582 -26.3886 -73.146228
33.349 94.3802 -26.2354 -73.148344
34.682 95.7638 -25.7885 -73.15041
36.0698 96.9946 -25.1164 -73.152424
-9.1332 71.1226 -19.9391 -73.081171
-11.2049 71.3971 -19.3463 -73.086715
-12.2503 72.1505 -17.4371 -73.092375
-13.2771 72.9723 -16.3017 -73.098139
-15.0629 74.4381 -16.0237 -73.104002
-17.1889 75.3374 -15.9102 -73.109987
-18.7708 76.7954 -16.5998 -73.11609
-20.2396 77.7578 -18.0502 -73.122326
-21.4318 79.2493 -19.3169 -73.128672
-22.4493 80.8848 -20.0685 -73.133474
-23.644 82.5321 -19.9209 -73.136647
-25.2693 83.8199 -19.7197 -73.139845
-26.4282 85.5474 -19.5741 -73.143076
-27.4271 87.2915 -19.7394 -73.146343
-28.2555 88.0894 -18.5764 -73.149673
-28.4362 88.7812 -16.6121 -73.153049
-28.7184 89.4709 -14.6555 -73.156421
-28.5952 90.5234 -12.9306 -73.159808
-28.0087 92.2281 -11.8717 -73.163218
-28.1824 93.3344 -10.523 -73.166663
-28.881 94.9101 -9.3484 -73.170133
-29.1637 96.6406 -8.2343 -73.17362
-29.7507 98.589 -7.8416 -73.177129
-31.2546 100.014 -7.7767 -73.18066
-32.9856 101.1833 -7.8435 -73.184199
-34.438 102.6859 -7.93 -73.187763
-35.8645 104.1959 -8.077 -73.191339
-37.7492 105.0636 -8.2888 -73.194922
-39.7252 105.5106 -8.4883 -73.198524
-41.4274 106.5542 -8.4275 -73.202144
-22.5697 79.9845 -21.0657 -73.133717
-23.5049 79.5868 -23.0086 -73.137007
-24.7357 79.2357 -23.1851 -73.139985
-26.0186 79.7983 -22.2548 -73.142983
-27.6912 80.6895 -21.9109 -73.146004
-29.3246 81.7314 -21.4655 -73.149045
-31.1306 82.4861 -21.4143 -73.152107
-32.9071 83.2024 -21.5235 -73.1552
-34.8537 83.2248 -21.3716 -73.158314
-36.6622 83.819 -20.8419 -73.161452
-38.0322 83.5029 -19.5874 -73.164618
-39.4902 83.5562 -18.2934 -73.1678
-40.9141 84.0358 -17.0459 -73.171001
-42.4783 85.0996 -16.5078 -73.174209
-44.0118 86.2891 -16.2793 -73.177433
-45.0805 86.8165 -17.3328 -73.180736
-45.3985 87.0849 -19.2874 -73.184029
-46.0085 87.5938 -21.1008 -73.187339
-46.5256 87.8633 -23.0125 -73.190659
-47.0124 88.1443 -24.9307 -73.193987
-48.0466 88.8001 -25.8124 -73.197277
-49.3531 89.8139 -24.8517 -73.200571
-23.4169 79.5945 -22.041 -73.135518
-7.4755 47.1812 -14.128 -73.043257
-6.6397 46.9581 -15.442 -73.043792
-6.0885 47.0624 -16.854 -73.044307
-5.6785 47.4504 -18.3124 -73.044815
-5.0375 48.1975 -19.4234 -73.04531
-4.9376 48.8586 -20.8471 -73.045794
-4.8994 49.5688 -22.2208 -73.046264
-4.8067 50.8524 -23.1201 -73.046715
-4.348 52.1399 -23.896 -73.047168
-3.8636 53.4258 -24.6617 -73.047583
-3.2759 54.7308 -25.2965 -73.04796
-2.6137 56.0992 -25.6637 -73.048307
-1.9972 57.5231 -25.7699 -73.048623
-0.7472 58.4335 -25.8246 -73.048904
0.1834 59.5702 -25.9895 -73.049148
1.0556 60.8294 -26.3063 -73.049349
1.4265 62.1744 -26.9168 -73.049506
1.2466 63.3678 -27.9187 -73.049614
0.8615 64.5278 -28.8693 -73.04967
-1.2039 34.2315 -8.7378 -73.022711
-2.1645 36.692 -8.3921 -73.027188
-3.11 39.1845 -8.3928 -73.03177
-3.9026 40.3411 -6.7187 -73.036466
-4.4638 40.8393 -4.1593 -73.041292
-5.2514 41.2336 -1.6507 -73.046226
-6.4986 41.3875 0.6577 -73.051262
-6.9016 41.3668 3.1344 -73.056447
-8.3244 41.1475 5.0228 -73.061699
-9.0777 42.2825 6.6587 -73.066484
-10.4818 44.1286 6.7312 -73.070762
-12.0542 45.877 6.472 -73.075119
-13.7926 47.4551 6.7415 -73.07956
-14.3287 48.7274 8.6097 -73.084102
-14.2892 50.0448 10.5825 -73.088718
-14.3831 52.2013 11.5125 -73.09341
-15.4653 54.1641 11.5993 -73.098185
-15.9872 56.1264 10.7348 -73.103051
-15.9935 58.493 10.4465 -73.107999
-16.6674 59.2873 8.5547 -73.113068
-17.4698 59.7595 6.3608 -73.118217
-17.8092 61.9411 6.2291 -73.123435
-19.8136 62.8997 6.5069 -73.128762
-21.3274 63.1601 7.9551 -73.134206
-22.8218 64.0013 9.1439 -73.138826
-24.7396 64.6596 9.7419 -73.142579
-25.9313 65.6939 8.2209 -73.146381
-27.3521 67.091 7.1443 -73.150236
-27.8515 68.7801 5.7356 -73.154141
-28.9706 70.1238 4.2552 -73.158086
-29.8302 71.1977 2.3661 -73.162088
-30.5772 72.9481 2.3143 -73.166141
-31.2511 73.9836 4.3225 -73.170238
-31.8836 74.7971 6.3519 -73.174389
-33.4979 76.3178 6.0157 -73.178564
-35.3494 77.7054 5.6794 -73.182779
-36.2359 77.7987 3.4859 -73.187066
-36.823 78.2142 1.2302 -73.191397
-37.2962 78.8752 -1.0041 -73.195766
-38.0777 79.5243 -3.1351 -73.20015
-38.5828 79.8578 -5.4262 -73.204602
-40.1286 80.7679 -6.86 -73.209056
-41.8887 81.3717 -5.9333 -73.213554
-43.201 81.2826 -4.0378 -73.218103
-44.3102 81.7185 -2.0187 -73.222671
-23.2557 64.0561 8.131 -73.138213
-24.9649 64.9635 8.1844 -73.140738
-26.0616 65.9005 8.9001 -73.143337
-26.305 66.1448 10.8713 -73.145977
-26.4364 66.2766 12.8582 -73.148591
-26.7662 66.3845 14.8041 -73.15122
-28.2543 66.3369 15.7942 -73.153857
-29.7596 66.2207 16.7645 -73.156525
-29.8152 66.2528 18.7633 -73.159211
-30.2709 66.9957 19.6957 -73.161911
-31.7156 67.9135 20.4594 -73.164642
-32.1409 69.5247 21.5115 -73.167385
-33.0427 71.1208 22.2483 -73.170133
-33.7682 72.7602 23.0868 -73.172891
-34.714 74.4169 23.6586 -73.17565
-35.5114 76.0162 24.4887 -73.178414
-35.8784 77.7991 25.2812 -73.181186
-36.6919 79.4931 25.9091 -73.183957
-37.5921 81.2366 26.1638 -73.186719
-37.9648 82.9348 26.6532 -73.189492
-38.1232 84.1537 28.0096 -73.192244
-37.4894 85.6297 29.04 -73.194984
-37.0034 87.4849 29.1485 -73.197707
-36.7841 89.4485 29.2879 -73.2005
-36.3959 91.4052 29.448 -73.203263
-9.6387 41.5186 6.3846 -73.065027
-11.2133 41.8239 6.3128 -73.066333
-12.0979 42.4791 4.8865 -73.067668
-13.2557 43.35 3.9751 -73.069011
-14.2423 43.577 2.4577 -73.070372
-15.3556 43.71 1.0276 -73.071743
-15.9894 44.5732 -0.4476 -73.073129
-16.6871 45.12 -2.0478 -73.074525
-17.7188 45.8368 -3.2857 -73.075936
-18.5783 46.8498 -4.5254 -73.077355
-19.9074 47.2662 -5.6939 -73.078781
-21.5852 47.5437 -6.3542 -73.08021
-22.9761 48.6597 -6.3259 -73.081639
-24.3563 49.8697 -6.2079 -73.083073
-25.8552 50.8966 -6.0169 -73.084502
-27.0962 51.9486 -5.4199 -73.085936
-27.9482 52.3876 -3.9646 -73.087371
-29.654 52.5789 -3.9322 -73.088793
-30.6445 52.9077 -5.3714 -73.09021
-32.0441 53.5066 -6.2656 -73.091614
-33.4656 54.634 -6.5349 -73.093002
-34.9544 55.5474 -7.0531 -73.094369
-36.2819 56.6634 -7.6004 -73.095716
-37.6486 57.8611 -7.7756 -73.09704
-38.5034 59.4777 -7.6459 -73.098336
-39.3718 61.0534 -7.2838 -73.099593
-40.2991 62.551 -6.7638 -73.100812
-41.2384 64.045 -6.261 -73.101992
-41.8614 65.6914 -5.7694 -73.103123
-42.4591 67.2851 -5.1652 -73.104203
-43.3383 68.5969 -4.4191 -73.105226
-44.4522 70.0317 -4.1392 -73.106182
-45.5063 71.5345 -4.0501 -73.107073
-46.5569 73.035 -4.1531 -73.107889
-47.8716 74.2263 -4.5515 -73.108625
-48.8625 75.1738 -5.5759 -73.109274
-49.2408 75.7623 -7.2733 -73.109836
-49.4584 77.0985 -8.4631 -73.110295
-49.9501 78.752 -8.946 -73.11065
-51.026 79.8745 -9.2484 -73.110892
-51.28 79.9424 -10.8927 -73.11102
17.7044 20.951 4.9703 -73.012917
18.2015 22.2043 5.6044 -73.01425
18.6985 23.4577 6.2386 -73.015575
19.0912 25.152 6.8819 -73.017247
19.429 27.2733 6.757 -73.019299
20.0937 28.9393 5.4586 -73.021391
20.5192 30.5261 4.0181 -73.023524
21.7848 31.8769 2.8501 -73.025703
22.0977 33.1829 1.0434 -73.027926
23.2662 34.71 0.0406 -73.030182
23.7528 35.2305 -1.9989 -73.032489
24.4415 36.3316 -0.4475 -73.034844
25.2156 37.3871 1.3732 -73.037236
25.5431 38.1412 3.4507 -73.039676
26.3109 39.4951 5.0553 -73.042145
27.3125 40.7429 3.9319 -73.044656
27.6125 41.5008 5.9749 -73.047226
27.8649 42.4672 7.8245 -73.04983
28.5761 44.0126 9.106 -73.052465
29.3017 45.8785 9.8466 -73.055135
29.8444 47.4239 10.9837 -73.057862
29.8427 48.4745 12.9418 -73.060619
30.4043 50.5089 13.6559 -73.063408
32.2661 51.6774 14.0416 -73.066237
33.7432 53.3643 13.9508 -73.0691
35.3704 54.8773 13.6311 -73.072003
36.404 56.7929 13.1328 -73.074943
37.9566 57.9008 12.228 -73.077911
39.1636 59.6692 11.6914 -73.080916
40.7811 61.2139 11.412 -73.083958
42.5407 62.5144 11.7504 -73.087023
43.9242 63.8221 12.81 -73.090127
45.3908 65.165 13.6376 -73.093258
45.9271 67.2097 14.1714 -73.096405
46.6355 69.1359 14.3788 -73.099578
48.3635 70.1089 14.8857 -73.102779
49.6569 71.9103 15.1633 -73.106062
50.9513 73.7475 15.4455 -73.109365
52.8054 74.9337 15.6383 -73.112623
54.7263 75.5702 15.6827 -73.115893
56.0864 76.9982 15.657 -73.119177
57.1449 78.0802 14.4904 -73.122485
58.894 79.349 14.0314 -73.125791
60.9129 80.2627 14.3307 -73.129101
62.6887 81.5896 14.007 -73.132417
64.1912 82.1373 14.8133 -73.135751
65.3934 82.3955 16.5144 -73.139075
66.9021 83.2776 17.6975 -73.142381
67.4164 84.9808 18.6495 -73.145673
68.0681 86.9646 19.2519 -73.148935
18.9087 24.0362 7.1126 -73.016242
19.1476 18.9083 3.9431 -73.012491
20.9905 18.3979 3.8423 -73.013745
22.9152 18.2333 3.6481 -73.015027
24.7758 17.8958 3.3306 -73.016332
26.5871 18.0132 3.1308 -73.017664
28.3023 18.6484 3.6845 -73.019023
29.9424 18.8206 4.6508 -73.020405
31.2866 18.6601 5.9911 -73.021818
32.7096 18.1098 7.1234 -73.023256
34.1103 16.8391 7.543 -73.024716
35.4164 15.4177 7.7072 -73.026203
36.5618 14.0174 7.4707 -73.027714
38.0589 13.6462 6.35 -73.029248
39.8047 13.3092 5.8907 -73.030804
41.5119 12.7068 5.2455 -73.032384
42.8693 12.0614 4.0202 -73.03399
44.4573 11.3345 3.2295 -73.035616
45.9294 10.8303 2.4767 -73.037267
47.1014 10.1377 3.6205 -73.038935
48.3849 9.3089 4.6779 -73.04062
49.394 9.6773 6.2389 -73.042333
50.6478 10.0528 7.6185 -73.044061
51.9327 9.8336 9.0023 -73.0458
53.4883 10.1208 10.104 -73.047552
55.2334 9.8227 9.9071 -73.049316
57.0597 9.924 9.3135 -73.051195
58.8743 9.6526 8.6558 -73.053128
60.689 9.3812 7.9981 -73.055005
62.4959 9.1815 7.3186 -73.056829
64.0964 9.6659 6.3822 -73.058637
65.6128 10.0298 5.5676 -73.060449
66.3879 8.7348 6.61 -73.062265
67.0408 7.9267 8.2378 -73.064076
67.6184 7.3624 10.0083 -73.06589
68.2214 6.7991 11.7671 -73.067698
68.8557 6.3245 13.5452 -73.069487
69.5936 6.0215 15.3177 -73.071272
70.6128 5.6939 16.9232 -73.073029
71.846 5.1297 18.3139 -73.074753
73.446 5.6128 19.1551 -73.076458
75.1394 5.1362 19.9892 -73.078159
76.7792 5.1163 20.887 -73.079796
78.3203 5.541 21.9782 -73.081398
79.5543 6.0354 23.1887 -73.082954
80.477 6.477 24.7608 -73.084455
82.1371 6.4027 25.3832 -73.085901
83.992 6.8997 25.7174 -73.087287
85.8702 6.8251 26.0726 -73.088608
87.7509 6.7088 26.4848 -73.089855
89.6348 6.7028 26.6547 -73.091021
91.0074 6.4378 25.4152 -73.092099
92.1971 6.0461 24.0228 -73.093086
93.1627 5.5053 22.7795 -73.093996
93.4181 5.3578 20.8527 -73.094795
93.6827 5.205 18.9277 -73.095474
93.9559 5.0473 17.0042 -73.096025
94.7999 4.5071 17.8661 -73.096439
-1.9865 16.2264 -10.9822 -72.987867
-1.6114 17.3396 -11.0385 -72.987925
-1.1973 18.2526 -10.4886 -72.987971
-0.4899 18.8695 -10.968 -72.988003
0.4947 18.656 -11.4238 -72.98802
-5.9486 122.6202 -36.4545 -73.164108
-4.8563 124.4889 -38.1946 -73.168765
-3.4433 126.1431 -39.8024 -73.173414
-2.2407 128.597 -40.3971 -73.178053
-1.5188 131.295 -40.1613 -73.182686
-1.6696 134.0734 -40.2753 -73.187307
-2.517 136.7345 -40.7076 -73.191918
-3.2762 139.4376 -41.1589 -73.196516
-4.1563 142.1305 -41.3938 -73.201095
-4.9956 144.8475 -41.5126 -73.205656
-4.2109 147.46 -41.641 -73.21019
-3.9407 150.1251 -41.6099 -73.214704
-3.8535 152.9656 -41.6389 -73.219186
-3.8797 155.8081 -41.7765 -73.223643
-3.362 158.4701 -41.8809 -73.22807
-3.9026 161.1882 -41.8597 -73.232461
-4.6546 163.8938 -41.7416 -73.236814
-4.458 166.7321 -41.7051 -73.241126
-4.7248 169.4267 -41.9823 -73.245394
-5.9516 171.9513 -42.4086 -73.249617
-6.8697 174.6164 -42.5236 -73.253787
-7.1469 177.3942 -42.5991 -73.257905
-8.5483 179.5426 -43.6297 -73.261968
-9.0965 181.9163 -44.9846 -73.265978
-9.3572 184.5276 -45.8738 -73.269918
-10.3037 185.8819 -45.5629 -73.272744
-12.6165 185.7411 -44.527 -73.274427
-14.6492 185.7303 -43.1953 -73.275998
-16.2496 187.2653 -42.1906 -73.277474
-17.9145 189.1431 -41.8854 -73.278855
-19.4479 191.0685 -41.5909 -73.280137
-21.0169 192.9475 -41.0017 -73.281319
-22.4125 194.4386 -40.3024 -73.282396
-23.7068 195.9472 -39.0039 -73.283364
-25.0392 197.7028 -39.8911 -73.284218
-25.8175 200.0563 -40.2799 -73.284953
-26.6369 201.4551 -41.5533 -73.285567
-27.5289 202.2594 -40.2727 -73.286054
-29.472 203.3638 -40.3713 -73.286407
-31.4096 204.4733 -39.3932 -73.286623
-31.9894 205.4816 -37.1556 -73.286698
-32.896 206.6385 -35.2063 -73.286625
-33.7738 206.9925 -32.8727 -73.286399
-35.326 208.2821 -31.3862 -73.286015
-36.5537 210.18 -30.3332 -73.285467
-37.6503 212.1937 -29.5135 -73.28475
-38.7499 214.0475 -28.2022 -73.283857
-38.8366 216.2339 -27.1303 -73.282781
-39.8429 217.9451 -25.6872 -73.281517
-40.3547 220.3663 -25.6679 -73.280058
-9.0607 186.6005 -47.0068 -73.272954
-8.6412 188.5188 -48.1723 -73.275083
-7.9227 189.8909 -49.7878 -73.277139
-7.3389 191.2666 -51.5099 -73.279118
-6.8689 192.8579 -53.067 -73.281012
-6.5717 194.5306 -54.6272 -73.282821
-6.699 195.7688 -56.5782 -73.284544
-6.6007 197.3796 -57.9455 -73.286171
-5.361 198.4457 -59.4593 -73.287704
-4.0706 199.0919 -61.2062 -73.289136
-2.56 200.3359 -61.9713 -73.29046
-1.1767 202.1203 -62.473 -73.291675
0.1257 203.765 -63.1817 -73.292775
0.5779 205.9809 -62.9411 -73.293758
1.7705 207.8999 -62.7909 -73.294619
1.7806 210.0234 -63.3852 -73.295353
1.251 212.0868 -62.5412 -73.295954
0.3882 214.2228 -62.3899 -73.296418
-0.4598 216.2968 -62.9067 -73.296738
-1.2479 218.4121 -63.4146 -73.29691
-2.0973 220.5416 -63.7457 -73.296929
-3.4118 222.4275 -63.923 -73.296787
-5.2388 223.8332 -64.0726 -73.296481
-7.0057 225.2983 -64.337 -73.296003
-8.1122 227.0393 -64.9339 -73.295346
-8.3675 229.0243 -65.402 -73.294655
-8.7031 230.7886 -65.6689 -73.293995
-9.2813 232.5101 -65.8231 -73.293216
-9.2237 228.2929 -64.8468 -73.294821
-10.9382 228.5001 -64.259 -73.294464
-12.6565 228.7042 -63.682 -73.293963
-25.5183 124.0162 -29.3962 -73.163117
-26.4756 125.8583 -28.1987 -73.166965
-27.6755 127.8327 -27.6028 -73.170808
-27.9279 128.8492 -29.077 -73.174656
-28.5728 129.8586 -27.39 -73.178515
-29.4951 131.5172 -26.0388 -73.182345
-30.3172 133.5583 -25.0126 -73.186168
-30.9903 134.755 -23.0132 -73.18998
-31.8576 136.0757 -21.167 -73.193777
-32.9249 137.8539 -19.8699 -73.197556
-34.7749 138.8966 -19.3111 -73.20132
-36.3176 139.9122 -18.0849 -73.20506
-37.4604 141.3871 -16.8864 -73.208776
-38.6623 143.1941 -16.0632 -73.212473
-40.1691 144.5551 -14.9429 -73.216147
-41.2877 146.3296 -14.9203 -73.219796
-42.5778 148.1549 -14.027 -73.22341
-43.9866 149.9737 -13.1872 -73.226983
-45.0144 151.7833 -12.0503 -73.230523
-45.5532 153.8159 -10.8393 -73.234023
-46.3861 156.0367 -10.2537 -73.237481
-46.9837 158.3901 -9.9517 -73.240888
-47.8117 160.6751 -9.7756 -73.24425
-49.0447 162.6915 -9.706 -73.247556
-50.015 164.9082 -9.8518 -73.250807
-51.5234 166.8379 -9.9384 -73.253998
-52.9161 168.8061 -9.9279 -73.257126
-54.0733 170.9215 -9.7859 -73.260188
-55.7453 172.652 -9.5467 -73.26318
-57.6094 174.1497 -9.6472 -73.266098
-59.246 175.273 -8.9172 -73.26894
-60.6519 176.3429 -7.7572 -73.271699
-61.8971 178.3631 -7.4187 -73.274372
-62.7492 180.6081 -7.5045 -73.276956
-63.9736 182.7158 -7.7021 -73.279442
-65.2308 184.8141 -7.6187 -73.281826
-66.7492 186.7003 -7.6491 -73.284103
-68.417 188.4651 -7.7574 -73.28627
-69.4591 190.6092 -7.7695 -73.288319
-69.6776 192.1396 -9.5531 -73.290253
-70.6232 193.0213 -8.854 -73.292081
-70.9662 193.1386 -6.4297 -73.293772
-71.4596 193.5338 -4.0639 -73.29532
-72.1758 195.2071 -3.9513 -73.296708
-73.6159 196.7389 -5.1111 -73.297941
-74.8609 198.522 -6.148 -73.299014
-75.7426 199.5734 -7.6936 -73.299921
-75.3694 199.5725 -10.1146 -73.300665
-74.4019 199.6256 -11.6143 -73.301218
-73.8016 200.0979 -9.3728 -73.301581
-74.5843 201.3776 -7.8285 -73.301744
-75.66 202.8847 -6.3385 -73.301699
-76.7569 204.7933 -5.2692 -73.301437
-77.7876 206.5222 -4.0466 -73.30095
-78.7815 208.5213 -3.0989 -73.300229
-29.3228 87.5393 7.4141 -73.201092
-29.9005 87.4969 9.1019 -73.204404
-30.4781 87.4545 10.7898 -73.207643
-31.0558 87.4122 12.4776 -73.210805
-32.2782 87.1841 13.3671 -73.21391
-33.8866 86.6278 13.8875 -73.217018
-35.2533 87.1539 14.4242 -73.220125
-35.8481 87.8038 15.3321 -73.223224
-36.8463 86.9864 16.4788 -73.226322
-38.3951 86.3544 16.7879 -73.229407
-40.0436 86.842 16.4412 -73.232478
-41.676 86.6973 15.7688 -73.235539
-43.0795 86.67 14.6822 -73.238583
-44.7397 86.6061 14.8133 -73.241607
-46.2784 86.3685 14.6265 -73.244611
-47.931 85.969 14.7511 -73.247588
-49.3382 85.0184 15.2541 -73.250541
-51.0157 84.5548 15.4912 -73.253467
-52.76 84.3802 15.7377 -73.256352
-54.4766 84.1118 16.1326 -73.259201
-56.1575 83.722 16.5614 -73.262014
-57.6854 83.1665 17.2616 -73.264788
-59.449 83.0129 17.2864 -73.267509
-61.2047 83.1213 17.0316 -73.270177
-62.4985 83.4162 16.057 -73.272795
-64.2493 83.561 15.9695 -73.275354
-65.9938 83.4285 15.6473 -73.277854
-67.7202 83.5173 15.2308 -73.280287
-69.055 83.036 14.2322 -73.282651
-69.8653 82.2066 12.9383 -73.284941
-71.0115 81.258 11.9738 -73.287149
-72.4278 80.4398 11.5445 -73.289275
-73.698 79.222 11.6667 -73.291309
-74.8344 77.8746 11.8888 -73.293241
-76.1909 76.8138 12.1994 -73.295082
-77.7152 76.0674 12.6693 -73.296819
-79.2241 75.3783 13.2714 -73.298442
-80.5771 74.3384 13.7242 -73.29995
-81.948 73.2954 14.1285 -73.301336
-83.3128 72.1963 14.4348 -73.302591
-84.2563 70.7511 14.49 -73.303714
-85.9688 70.3467 14.3507 -73.304698
-87.6869 70.083 14.43 -73.305532
-89.1236 69.3762 14.9056 -73.306215
-90.0942 69.1674 16.3612 -73.306738
-91.4773 68.4273 17.0893 -73.307093
-93.1744 68.4543 17.5737 -73.307275
17.4714 115.5383 -32.7054 -73.160282
18.7181 116.515 -32.6736 -73.162123
19.4474 117.9165 -32.6863 -73.163924
20.2746 119.2604 -32.6312 -73.165689
21.0837 120.5882 -32.4636 -73.167413
21.7758 121.9988 -32.2416 -73.169092
22.3094 123.4582 -32.1155 -73.170724
23.1409 124.8071 -32.0128 -73.172304
23.9385 126.1782 -31.9172 -73.173835
25.0849 127.2066 -31.902 -73.175304
25.7601 127.3047 -33.2559 -73.176726
26.628 127.211 -34.5602 -73.178088
27.4583 127.1967 -35.7592 -73.179373
28.395 127.5305 -34.6253 -73.180585
29.5644 128.205 -33.8463 -73.181717
30.5696 128.6374 -32.8152 -73.182774
32.0051 129.043 -32.2921 -73.183743
33.4128 129.4399 -31.6761 -73.184622
34.7649 130.0848 -31.1622 -73.185407
36.07 130.7044 -30.5266 -73.186091
37.2954 130.2845 -29.7509 -73.186674
38.6668 129.8544 -29.4393 -73.187151
40.0959 129.824 -28.9371 -73.187515
41.6596 129.7812 -29.1527 -73.187763
43.163 129.7557 -29.5887 -73.18789
37.3605 97.6671 -24.1386 -73.15419
38.5247 98.3419 -23.3011 -73.155721
39.4075 98.7958 -22.0704 -73.157213
39.7833 99.3954 -20.6642 -73.158661
39.86 99.407 -19.0804 -73.160077
40.1939 99.8932 -18.7303 -73.161422
40.4963 100.318 -20.2174 -73.162721
41.4643 101.4944 -20.1061 -73.163951
42.3976 102.7119 -19.7798 -73.165117
43.1049 104.0833 -19.5568 -73.166217
44.0865 105.3182 -19.6544 -73.167244
44.7899 106.7249 -19.7113 -73.168197
45.9094 107.8469 -19.694 -73.169072
47.0015 108.9935 -19.6267 -73.169864
47.4874 110.1272 -19.5101 -73.170591
47.4694 110.2183 -21.0953 -73.171293
47.4514 110.3094 -22.6805 -73.171882
47.4334 110.4005 -24.2657 -73.172355
47.4153 110.4915 -25.8509 -73.172711
47.3973 110.5826 -27.4361 -73.172949
47.3793 110.6737 -29.0213 -73.173069
-43.1464 107.2097 -8.6051 -73.205494
-44.2349 108.3552 -9.2701 -73.208575
-45.5183 109.1815 -10.1573 -73.21166
-46.5455 110.332 -10.9218 -73.214748
-47.6198 111.4497 -11.7523 -73.217836
-48.7733 112.6103 -11.9929 -73.220924
-49.0763 114.3515 -11.8794 -73.224014
-49.3422 116.0762 -11.586 -73.227094
-49.7822 117.0822 -10.2937 -73.230176
-50.4256 118.2912 -9.1739 -73.233251
-50.9978 119.2379 -7.7863 -73.236318
-51.2625 120.0244 -6.2601 -73.239383
-51.6654 121.1492 -4.9912 -73.242424
-51.9476 122.7357 -4.2703 -73.245449
-52.5998 124.2212 -3.6393 -73.248453
-53.274 125.7541 -3.0637 -73.25143
-53.9887 127.1954 -2.3704 -73.254382
-53.963 128.1021 -0.9245 -73.257337
-54.6255 128.6873 -0.6995 -73.260272
-55.0557 128.8462 -2.4173 -73.263184
-55.7093 129.6088 -3.8029 -73.266031
-56.3904 130.5701 -3.4395 -73.268842
-57.2397 131.7558 -2.5815 -73.271615
-57.7383 132.4193 -1.0375 -73.274371
-58.1997 132.8604 0.5026 -73.277069
-59.135 134.2149 0.2827 -73.279707
-59.5411 135.9385 0.3726 -73.282286
-60.3211 137.5272 0.4547 -73.284805
-61.5615 138.7924 0.4272 -73.28726
-62.8427 140.0202 0.4049 -73.289652
-63.9756 141.337 0.4784 -73.291973
-65.5415 142.0698 0.6041 -73.29422
-66.8201 143.3029 0.6105 -73.296389
-67.9523 144.6731 0.6097 -73.29853
-69.0106 146.0943 0.6091 -73.300539
-69.7753 147.6531 0.6561 -73.30244
-69.9859 148.4831 2.1055 -73.304259
-70.4429 149.3779 3.3991 -73.305965
-71.6135 150.4383 2.691 -73.307558
-72.4835 151.5429 1.7355 -73.309035
-72.9227 152.8592 2.7049 -73.310396
-72.5877 154.4469 3.3601 -73.311628
-73.0119 156.1489 3.5593 -73.312729
-73.1545 157.8864 3.5882 -73.31369
-74.1953 159.319 3.6169 -73.314506
-74.932 160.9303 3.7174 -73.315172
-75.2192 162.6661 3.8423 -73.315681
-75.4158 163.3004 5.1393 -73.316032
-75.4017 163.5667 6.8972 -73.316212
-50.1374 90.531 -23.3634 -73.203677
-51.2673 90.8857 -22.5511 -73.206566
-52.7159 91.6607 -23.1098 -73.209446
-54.0702 92.6015 -23.357 -73.212324
-55.4386 93.0469 -22.4458 -73.215195
-56.998 93.6059 -21.9041 -73.21806
-58.5673 94.2413 -21.5078 -73.220912
-59.4515 94.8578 -20.2839 -73.223774
-60.3751 95.9904 -19.3491 -73.226598
-61.639 96.317 -18.2753 -73.229411
-62.5765 96.8459 -17.7339 -73.232204
-63.9654 97.6322 -17.7098 -73.234982
-65.6166 98.1559 -17.9424 -73.237734
-67.3141 98.5251 -18.0363 -73.240464
-68.9906 98.999 -17.9141 -73.243156
-70.4527 99.8368 -17.5623 -73.245821
-71.8636 100.5751 -16.8437 -73.248448
-73.2945 101.1084 -16.0241 -73.251035
-74.8032 101.5319 -15.3155 -73.25358
-76.2937 102.0431 -14.7677 -73.256081
-76.9439 103.3194 -13.9021 -73.258535
-77.7853 104.5384 -13.0235 -73.260936
-79.1174 105.4827 -13.5256 -73.263275
-80.5678 106.3785 -13.889 -73.265554
-81.9123 107.4474 -14.0602 -73.267759
-82.892 108.884 -14.1362 -73.269899
-83.7902 110.3676 -14.0768 -73.271968
-84.9748 111.6284 -13.8567 -73.273952
-86.2002 112.6963 -13.3076 -73.275861
-87.0479 113.9279 -12.479 -73.277682
-87.7411 115.4304 -11.9657 -73.279405
-88.823 116.6812 -11.5653 -73.28103
-89.4834 118.0465 -10.8065 -73.282554
-90.0558 119.4566 -9.9504 -73.283969
-90.8226 120.9302 -9.4429 -73.285268
-91.9586 122.2396 -9.3374 -73.286444
-92.8888 123.6775 -9.6286 -73.287495
-93.6083 125.2344 -9.9613 -73.288415
-94.4583 126.6908 -10.3334 -73.289196
-95.6371 127.179 -11.2403 -73.289837
-96.5223 128.3643 -11.7434 -73.290325
-97.3565 129.8343 -11.9607 -73.290658
-98.0187 131.4271 -12.0082 -73.290827
-44.8397 82.3848 -0.1022 -73.226736
-45.6858 82.6745 1.4762 -73.230301
-47.0854 83.466 2.0376 -73.233865
-47.9154 84.1261 0.6038 -73.237458
-48.4536 84.4912 -1.1078 -73.241052
-49.4629 84.7481 -2.3216 -73.244653
-50.8487 85.4683 -2.9272 -73.24827
-51.3634 86.2483 -4.138 -73.251929
-51.1604 85.8865 -5.9031 -73.255589
-51.4147 86.3329 -4.63 -73.259269
-51.3753 86.9211 -3.2026 -73.262929
-51.6511 88.546 -2.6095 -73.266587
-52.0008 89.4665 -3.9264 -73.270279
-52.6137 90.8015 -4.1725 -73.273958
-53.4473 92.4123 -3.9386 -73.277644
-53.8653 94.1635 -3.6555 -73.281331
-53.9519 95.9277 -3.215 -73.285022
-54.3051 97.4953 -2.5507 -73.288715
-54.5625 98.6898 -1.1952 -73.292395
-54.547 99.8234 0.1762 -73.296079
-54.2907 100.3598 1.9096 -73.299766
-54.7709 101.2087 3.4194 -73.303417
-54.4328 101.9413 3.8933 -73.307044
-53.0212 101.1678 3.092 -73.310653
-52.5222 101.109 4.5528 -73.314269
-54.1846 101.7537 4.4499 -73.317843
-55.6576 102.8136 4.5394 -73.32139
-56.499 104.3974 4.7059 -73.324912
-56.8786 106.1716 4.8788 -73.328407
-56.4546 107.8733 4.5587 -73.331867
-55.6814 109.1098 4.4339 -73.335321
-55.7928 109.3656 6.2457 -73.338795
-56.2213 109.7146 7.7986 -73.34215
-55.5336 111.171 7.9788 -73.345457
-57.2605 111.7016 8.1166 -73.348707
-58.1121 113.2561 8.4551 -73.351909
-58.5985 114.919 9.0311 -73.355057
-59.6859 116.036 9.8099 -73.358131
-59.434 116.5435 10.5662 -73.36115
-59.3051 118.1105 11.4366 -73.364094
-59.9415 119.6907 12.0733 -73.366971
-60.8614 121.156 12.3489 -73.369761
-61.607 122.4945 11.39 -73.372476
-62.1797 124.0961 10.8491 -73.375097
-62.6253 125.8486 10.8404 -73.37762
-62.2188 127.4063 11.6395 -73.380042
-61.8461 129.0333 12.3882 -73.382358
-62.5327 130.6886 12.3999 -73.384562
-62.936 132.4579 12.2088 -73.386652
-63.3234 134.2117 11.8803 -73.388624
-63.6303 135.945 11.5157 -73.390466
-63.951 136.5199 9.8435 -73.392187
-64.1784 137.2406 8.1925 -73.393761
-64.0694 138.3872 6.7995 -73.395181
-64.3697 140.0086 6.0583 -73.396452
-64.8732 141.6033 5.322 -73.397559
-65.5178 142.5596 4.0703 -73.398503
-65.7682 143.1976 5.3492 -73.399274
-66.7186 144.3442 5.8832 -73.399862
-67.5125 145.9488 6.0337 -73.400262
-68.2142 147.6123 6.0332 -73.400466
-36.2134 93.2108 29.5751 -73.205707
-36.6635 94.7733 29.8902 -73.207897
-36.9263 96.2364 30.4302 -73.210062
-37.1622 97.773 30.8495 -73.212204
-37.5529 99.3568 31.1525 -73.214324
-37.9173 100.9487 31.3678 -73.216406
-38.3971 102.525 31.406 -73.21846
-38.3118 104.182 31.3802 -73.220474
-38.3833 105.841 31.3619 -73.222448
-38.5184 107.493 31.3513 -73.224381
-38.1793 109.1047 31.3065 -73.226269
-37.694 110.6348 31.1726 -73.228105
-37.4366 112.1749 31.1742 -73.229892
-36.4341 113.3684 31.2349 -73.231629
-35.2673 114.4885 31.1966 -73.233304
-35.1913 116.0244 31.322 -73.234916
-36.1323 117.264 31.8032 -73.236464
-36.1013 118.8174 31.8898 -73.237942
-35.2737 120.1279 31.585 -73.239346
-34.1912 121.3196 31.36 -73.240671
-33.7141 122.9011 31.2289 -73.24191
-33.0667 124.4147 31.1658 -73.243062
-32.8786 126.0601 31.1275 -73.244121
-32.0835 127.4884 31.1247 -73.24508
-31.8296 129.12 31.1246 -73.245939
-31.1422 130.5851 30.9859 -73.246689
-30.3228 131.8477 30.3079 -73.247329
-29.6856 132.4849 28.9766 -73.247853
-29.0719 133.0333 27.5676 -73.248255
-28.0844 133.7856 27.8775 -73.248528
-27.152 134.469 28.6173 -73.248667
68.8569 88.73 19.5506 -73.151767
69.4626 89.4871 18.5505 -73.154212
69.8694 90.2922 17.5312 -73.15663
70.1133 90.9732 19.0619 -73.159033
70.2522 92.4115 19.6157 -73.161401
70.8156 93.9888 19.8859 -73.163738
70.9233 95.5529 19.5992 -73.166051
71.3862 97.0655 19.4044 -73.168327
72.5006 98.2929 19.6588 -73.170562
72.7344 99.9408 19.94 -73.172763
72.932 101.5833 19.995 -73.174923
72.4313 103.198 19.9089 -73.17704
71.8799 104.7873 20.0008 -73.179103
71.5282 106.416 19.8144 -73.181118
71.2624 108.037 19.4849 -73.183077
70.3107 109.3594 19.2993 -73.18497
69.2896 110.7156 19.219 -73.186798
68.8552 112.3448 19.1576 -73.188557
68.8224 113.8606 18.9579 -73.190242
69.0085 114.8834 18.0264 -73.191856
68.8524 116.0924 16.8932 -73.193388
69.7271 117.2159 15.9694 -73.194836
70.0973 118.581 15.0882 -73.196189
70.8674 119.2691 13.939 -73.197454
70.3855 118.9765 13.515 -73.198613
69.9666 118.6726 13.3866 -73.199675
70.2125 118.847 11.7059 -73.20064
70.4357 118.9096 10.8982 -73.201471
70.1867 118.7318 12.5649 -73.202188
69.521 118.6003 13.8778 -73.202765
69.0153 119.2849 13.1332 -73.203206
69.8993 119.8704 11.9133 -73.203507
70.2963 119.9515 10.2866 -73.203661
95.5228 3.6634 18.9207 -73.096657
95.9521 3.5018 19.9853 -73.096767
96.3294 3.3373 21.069 -73.096823
-41.3421 222.5153 -25.6062 -73.278508
-42.702 224.1478 -25.2091 -73.277059
-44.2458 225.1088 -24.0553 -73.2756
-45.8189 226.0665 -23.0056 -73.274134
-47.3319 227.1224 -21.9872 -73.272661
-48.8138 228.7344 -21.8003 -73.271181
-50.1281 230.4969 -21.9165 -73.269694
-51.8278 231.7383 -22.0527 -73.268198
-52.8158 233.6774 -22.1145 -73.266695
-53.0724 235.6787 -22.1684 -73.265509
-53.6815 237.6012 -22.215 -73.264646
-54.8336 239.2327 -22.1693 -73.263785
-55.9455 240.9107 -22.1307 -73.262924
-56.8959 242.6769 -22.2538 -73.262064
-57.6448 244.0732 -23.1351 -73.261203
-57.9004 245.3567 -24.6431 -73.260343
-58.5973 247.0318 -25.4177 -73.259484
-59.3933 248.8468 -25.6686 -73.258627
-60.5485 250.492 -25.7129 -73.257771
-62.0102 251.8694 -25.795 -73.256915
-63.5819 251.7041 -25.7766 -73.25606
-65.1861 252.5294 -25.4878 -73.255206
-66.5361 253.7075 -24.6451 -73.254352
-67.4482 255.4346 -24.2826 -73.253498
-68.0616 257.3349 -24.0645 -73.252646
-69.279 258.781 -24.0213 -73.251796
-70.6709 260.1778 -24.061 -73.250946
-71.4436 262.0159 -24.0595 -73.250098
-72.8554 263.4363 -23.888 -73.249252
-74.3055 264.6952 -23.3614 -73.248408
-75.6104 266.0079 -22.6232 -73.247564
-76.4194 267.7709 -22.2236 -73.246721
-77.0046 269.6763 -21.989 -73.24588
-77.6943 271.5617 -21.8675 -73.245041
-78.0414 273.5421 -21.7862 -73.244204
-78.9873 275.301 -21.7403 -73.243369
-80.3424 276.7952 -21.6879 -73.242536
-81.6546 278.3163 -21.6068 -73.241706
-83.1583 279.5974 -21.7854 -73.240879
-84.8953 280.6045 -21.8472 -73.240053
-86.7025 281.4584 -21.6828 -73.23923
-87.8751 282.8646 -21.0904 -73.238408
-89.4892 283.7967 -20.5891 -73.237588
-91.1007 284.9601 -20.5677 -73.236773
-92.4107 286.2858 -21.1453 -73.235959
-94.0557 286.9976 -21.9919 -73.235148
-95.7101 288.0996 -22.2545 -73.23434
-97.3406 289.2852 -22.2657 -73.233535
-98.976 289.9877 -22.9029 -73.232733
-100.2796 290.7986 -23.6291 -73.231934
-101.4799 291.8038 -22.4899 -73.231137
-103.036 292.9887 -22.0284 -73.230345
-104.6892 294.1312 -21.8834 -73.229556
-106.3559 295.2232 -22.151 -73.228771
-107.8941 296.3493 -22.6692 -73.22799
-109.1385 297.4951 -23.597 -73.227212
-110.8652 298.494 -23.4597 -73.226439
-112.4721 299.5248 -23.016 -73.225669
-113.8772 300.6139 -22.2042 -73.224904
-115.339 301.8994 -21.8314 -73.224144
-116.6463 303.427 -21.784 -73.223388
-117.9037 305.0024 -21.8441 -73.222637
-119.0254 306.6607 -22.003 -73.221889
-119.7365 308.5266 -22.2827 -73.221147
-120.0458 309.7921 -21.1758 -73.220406
-120.3335 310.3959 -19.2752 -73.219673
-120.8092 311.2425 -17.5331 -73.218946
-121.3861 312.9361 -16.6595 -73.218225
-122.3666 314.5966 -16.303 -73.217512
-123.445 316.2788 -16.4754 -73.216803
-124.5125 317.8962 -16.7048 -73.216102
-124.8879 318.6378 -14.9021 -73.215402
-124.9811 319.1413 -12.9496 -73.214708
-125.2786 319.7061 -11.0358 -73.214021
-125.7833 320.5605 -9.2875 -73.213345
-126.7853 321.2272 -7.7186 -73.212677
-128.1198 321.7372 -6.5853 -73.212015
-129.5338 322.6762 -5.6435 -73.211361
-130.8033 322.8583 -4.1103 -73.210713
-132.3486 322.5617 -2.9424 -73.210075
-133.5223 321.7567 -2.2514 -73.209444
-134.4075 321.0203 -3.7194 -73.208822
-136.141 320.0633 -3.704 -73.208209
-137.9234 319.2453 -3.5128 -73.207605
-139.8153 319.4438 -3.03 -73.207003
-141.7336 319.7231 -2.5415 -73.206416
-143.2992 318.8382 -1.8198 -73.205841
-143.6324 318.198 -3.1912 -73.205272
-144.6494 318.183 -2.5451 -73.204713
-145.6029 318.7473 -1.0864 -73.204166
-147.1116 319.1677 -0.0827 -73.20363
-149.0143 318.6505 0.3041 -73.203105
-150.835 317.9416 0.6531 -73.202591
-152.6003 318.3043 1.3039 -73.20209
-154.255 319.2248 1.8195 -73.201601
-156.1347 319.0641 1.3765 -73.201124
-157.9479 318.8394 0.6505 -73.20066
-159.8193 318.2421 0.4855 -73.200208
-161.6982 318.4908 0.8126 -73.19977
-163.3502 318.4678 1.946 -73.199345
-164.7917 318.8721 3.1901 -73.198934
-166.0348 318.4651 4.5448 -73.198537
-167.2051 317.7036 5.9108 -73.198156
-168.6856 318.3603 6.972 -73.197789
-170.5746 318.3686 7.6324 -73.197439
-172.4422 318.8037 8.0573 -73.197104
-173.7745 319.4811 7.41 -73.196785
-175.2708 319.8181 6.8918 -73.196483
-176.3866 321.0401 7.8064 -73.196198
-178.1084 321.388 8.4289 -73.19593
-179.8667 322.3331 8.1901 -73.19568
-181.7338 322.9719 7.9865 -73.195449
-183.2047 324.2061 7.6173 -73.195237
-184.6529 324.5109 6.7583 -73.195044
-186.4765 324.882 7.4149 -73.19487
-188.3601 325.5005 7.7542 -73.194717
-190.207 326.2741 7.8586 -73.194584
-191.8555 326.4884 7.2737 -73.194472
-192.3011 326.2807 5.3327 -73.19438
-192.4569 326.3027 3.3202 -73.194309
-192.6127 326.3246 1.3078 -73.194261
-192.7684 326.3466 -0.7047 -73.194237
-53.5618 234.7518 -22.4056 -73.265545
-55.3696 234.7358 -22.9279 -73.264766
-57.1775 234.7198 -23.4502 -73.264001
-58.9758 234.7413 -23.9753 -73.263249
-60.5834 235.6616 -24.1049 -73.262504
-62.2107 236.6032 -24.0421 -73.261759
-63.9306 237.3539 -24.0447 -73.261018
-65.5569 238.2591 -24.1396 -73.260278
-67.3063 238.9314 -24.1596 -73.259542
-68.8366 239.9978 -24.0522 -73.258807
-70.5332 240.314 -23.7713 -73.258076
-72.1779 239.7124 -23.3677 -73.257347
-73.9055 239.067 -23.0743 -73.256621
-75.764 238.9129 -23.0612 -73.255899
-77.5069 238.4311 -23.4834 -73.255179
-79.2728 238.5078 -23.5052 -73.254463
-81.0101 239.1307 -23.2489 -73.25375
-82.8258 239.4159 -22.9537 -73.25304
-84.5254 239.9346 -22.4418 -73.252335
-86.2406 240.0396 -21.7161 -73.251633
-87.8568 239.8217 -20.9364 -73.250935
-89.3552 239.6723 -19.8507 -73.250241
-90.7771 239.8281 -18.7653 -73.249551
-92.3262 239.5258 -18.0598 -73.248866
-94.0855 240.1028 -17.7873 -73.248186
-95.877 240.5966 -17.5579 -73.24751
-97.6988 241.0591 -17.507 -73.246839
-99.53 241.4724 -17.4393 -73.246174
-101.2527 242.1681 -17.1773 -73.245514
-102.8299 242.815 -16.4434 -73.244859
-104.4569 243.5931 -15.9937 -73.244211
-106.2956 243.7075 -16.104 -73.243568
-107.1732 243.8399 -14.6775 -73.242926
-108.3872 244.3725 -13.7017 -73.242294
-109.3454 245.4642 -12.5807 -73.241668
-110.5466 246.5332 -11.6213 -73.241048
-112.0874 247.1 -10.9503 -73.240436
-112.6927 248.1713 -9.7197 -73.239829
-113.85 248.7857 -8.6033 -73.239229
-114.9422 250.1535 -8.2414 -73.238637
-115.3929 251.8689 -7.6387 -73.238053
-116.4822 252.9605 -6.8157 -73.237477
-117.371 253.2374 -5.1806 -73.236909
-118.358 253.8356 -3.7152 -73.236349
-119.4595 254.4678 -2.3971 -73.235799
-120.9563 255.2641 -1.6822 -73.235256
-122.5163 255.9458 -1.0086 -73.234724
-123.9831 256.9071 -0.452 -73.234201
-124.7954 257.8348 0.9161 -73.233687
-125.65 259.0549 2.0473 -73.233183
-126.8265 260.4562 2.1583 -73.232689
-128.2898 261.2032 2.616 -73.232205
-129.0334 261.3894 4.2611 -73.23173
-129.2473 261.2649 6.1105 -73.23125
-129.4022 261.1437 7.9821 -73.230789
-129.5576 261.0229 9.8536 -73.230347
-129.7512 260.9235 11.7229 -73.229906
-129.9463 260.825 13.592 -73.229481
-130.1515 260.7135 15.4586 -73.229077
-130.5488 260.346 17.2477 -73.228685
-131.604 259.0778 18.099 -73.228309
-132.4067 258.2916 19.5872 -73.227946
-133.3932 257.3081 20.8241 -73.227598
-133.8044 256.3522 22.376 -73.227264
-134.6418 255.2368 23.5911 -73.226945
-135.4197 253.8392 24.4892 -73.226641
-135.7 253.4829 26.3153 -73.226352
-136.3101 252.641 27.7577 -73.22608
-136.3201 251.3179 26.4825 -73.225824
-136.8701 249.6435 26.0944 -73.225585
-137.7175 248.1362 25.6627 -73.225363
-137.6045 246.4619 25.1316 -73.225159
-137.2893 245.0053 24.2243 -73.224975
-136.6215 243.4615 23.4192 -73.224808
-135.6446 241.9497 22.8735 -73.224658
-135.3758 240.4199 22.4018 -73.22453
-136.1869 239.3032 23.0344 -73.224422
-136.341 238.0644 24.2021 -73.224335
-136.433 236.6369 25.3143 -73.224269
-136.6008 234.8539 25.6617 -73.224225
-137.1474 233.4458 25.0869 -73.224202
-10.2537 234.1313 -65.7936 -73.292256
-11.9535 235.2244 -65.4206 -73.291238
-13.2513 236.4124 -64.5554 -73.29022
-13.9825 238.2182 -64.0036 -73.2892
-13.9675 239.4333 -65.1657 -73.288176
-14.1745 240.8047 -66.5759 -73.287154
-14.74 242.3781 -67.763 -73.286131
-15.0167 243.3075 -69.5586 -73.285104
-14.9973 244.3966 -71.2899 -73.284079
-15.4806 245.6013 -72.6631 -73.283054
-16.6681 247.206 -72.2066 -73.282028
-17.3029 249.0449 -71.7718 -73.281001
-18.6676 250.382 -71.3338 -73.279974
-19.6799 251.0982 -72.0439 -73.278947
-20.4939 252.2385 -73.4165 -73.277917
-21.5912 252.7618 -72.8895 -73.276985
-21.9596 252.8176 -71.2713 -73.276161
-22.6797 254.2973 -71.5196 -73.275339
-23.6039 255.7577 -72.0067 -73.274519
-24.5721 257.236 -72.2298 -73.273699
-26.0105 258.3101 -72.2446 -73.272881
-27.3761 259.4599 -72.2196 -73.272063
-28.9516 260.3257 -72.2375 -73.271237
-30.5102 261.2195 -72.2945 -73.270423
-31.595 262.5637 -72.7018 -73.269611
-32.6547 263.9941 -72.7006 -73.268801
-33.5598 265.5319 -72.4801 -73.267992
-34.5952 266.9872 -72.4053 -73.267185
-35.2782 268.5959 -72.3691 -73.266379
-36.5462 269.7783 -72.1737 -73.265576
-37.8737 270.872 -71.8225 -73.264775
-38.8876 272.2418 -71.3145 -73.263977
-39.6217 273.7558 -70.7585 -73.263181
-40.6535 274.9959 -70.0158 -73.262387
-42.0534 275.9829 -69.5331 -73.261596
-43.5846 276.8719 -69.3005 -73.260808
-45.0655 277.8565 -69.4958 -73.260022
-45.946 279.1186 -68.7677 -73.259239
-45.8345 280.5644 -67.9551 -73.258458
-46.196 282.2235 -68.3906 -73.257681
-46.2456 283.784 -69.1293 -73.256907
-45.9356 284.9029 -69.4775 -73.256135
-46.3572 283.3243 -69.8414 -73.255365
-47.6385 284.0096 -69.6263 -73.254594
-47.8598 285.27 -68.7781 -73.253831
-47.9763 286.6481 -67.6615 -73.25307
-48.0018 287.8134 -66.394 -73.252312
-49.296 287.3623 -65.4888 -73.251558
-50.1432 286.6731 -64.1653 -73.250809
-50.2434 286.1704 -62.4405 -73.250062
-51.2742 284.9264 -61.8207 -73.249322
-52.8421 284.4426 -61.0987 -73.248586
-53.9107 283.6653 -60.0279 -73.247856
-54.752 283.3629 -58.5184 -73.247128
-55.6511 282.4981 -57.2933 -73.246408
-56.6242 281.93 -56.0196 -73.245694
-57.9991 281.9695 -54.8908 -73.244984
-59.0837 282.3361 -53.8941 -73.244281
-60.0943 282.1643 -52.7677 -73.243583
-61.4419 281.5155 -51.8651 -73.242892
-62.8626 280.827 -51.0501 -73.242208
-64.2795 280.6349 -50.0042 -73.24153
-65.804 280.5238 -49.0693 -73.24086
-66.7885 280.054 -47.7484 -73.240195
-67.9789 279.2336 -46.7905 -73.239537
-68.6552 278.446 -45.3481 -73.238886
-69.0138 277.9753 -43.6489 -73.238243
-69.4167 276.9949 -42.4398 -73.237609
-69.8247 275.5947 -42.5008 -73.236982
-70.268 276.0815 -42.6582 -73.236363
-70.9242 276.409 -41.0457 -73.235748
-71.4032 276.5871 -39.3203 -73.235146
-72.2724 276.7647 -38.0281 -73.234554
-73.2041 276.1685 -36.6914 -73.233971
-74.2918 275.5936 -35.4399 -73.233399
-75.425 274.8456 -34.2803 -73.232836
-76.9255 274.2886 -33.5609 -73.232283
-77.3251 274.3933 -31.9623 -73.231741
-77.3839 274.0953 -31.6173 -73.231204
-77.9259 274.1693 -30.1943 -73.23068
-79.5493 274.0847 -29.6223 -73.230168
-80.9279 274.149 -28.5263 -73.229668
-82.1503 274.2888 -27.2947 -73.22918
-83.1333 274.5631 -25.8399 -73.228704
-83.3586 274.0993 -24.1212 -73.22824
-83.4086 273.3363 -22.4949 -73.227789
-83.5601 272.816 -20.7795 -73.227351
-83.7705 272.4678 -19.0265 -73.226926
-84.0593 272.0789 -17.2937 -73.226516
-84.2893 271.7437 -15.5414 -73.226119
-84.9661 271.1706 -14.2656 -73.22574
-86.4465 270.5588 -13.5443 -73.225376
-87.5224 269.4821 -12.7644 -73.225028
-88.5863 270.2836 -13.3628 -73.224695
-89.344 271.7765 -13.8414 -73.224379
-90.7295 272.8654 -14.017 -73.224075
-92.0012 274.1345 -14.1202 -73.223789
-93.0728 275.5655 -14.188 -73.223524
-94.4803 276.5793 -14.1262 -73.223277
-96.2029 276.3016 -13.7358 -73.223048
-97.8612 276.4416 -13.1634 -73.222837
-99.2225 277.2086 -12.3487 -73.222646
-100.7724 276.7787 -11.5881 -73.222474
-102.4856 276.8416 -11.2384 -73.222323
-104.2435 277.0799 -11.3594 -73.222191
-105.8758 277.7134 -11.5089 -73.22208
-106.978 278.2571 -10.6069 -73.221991
-108.7214 278.4008 -10.5748 -73.221923
-110.1714 278.7473 -11.3411 -73.221878
-111.6618 279.6815 -11.4564 -73.221855
-21.5015 253.5088 -73.309 -73.277313
-22.5942 254.3623 -72.684 -73.277151
-23.4363 255.5756 -72.2611 -73.277002
-23.7952 256.2196 -73.6016 -73.276868
-24.1958 256.9175 -74.8973 -73.276749
-24.5102 257.2028 -76.431 -73.276646
-25.2575 257.9568 -77.5755 -73.276559
-25.9832 258.9049 -78.6121 -73.276489
-26.7351 259.8964 -79.3372 -73.276436
-27.7754 261.0706 -79.3699 -73.2764
-28.1276 262.1418 -78.3341 -73.276382
-14.415 228.9869 -63.4499 -73.293317
-16.1331 229.4489 -63.5343 -73.292682
-17.7421 230.1331 -63.7219 -73.292052
-19.4067 230.7023 -63.8399 -73.291427
-20.8995 231.6241 -63.8754 -73.290808
-22.4197 232.5434 -63.927 -73.290194
-23.9779 232.9794 -64.5409 -73.289586
-25.5926 233.2447 -65.0739 -73.288982
-27.3372 233.3731 -65.393 -73.288385
-29.108 233.4677 -65.4659 -73.287794
-30.8642 233.5427 -65.402 -73.287209
-32.3482 234.4256 -65.4518 -73.286632
-33.9347 234.8444 -64.9779 -73.28606
-35.6107 235.0483 -64.5372 -73.285496
-37.2988 235.2219 -64.5195 -73.28494
-38.3854 235.5894 -65.5655 -73.284389
-39.1438 235.7555 -64.0699 -73.283845
-40.4342 236.3585 -64.9633 -73.283311
-41.6538 237.408 -65.4996 -73.282785
-43.3197 237.9738 -65.7908 -73.282269
-45.0712 238.2644 -65.9288 -73.281762
-46.7994 238.6788 -65.9135 -73.281264
-48.5481 238.9796 -65.7557 -73.280776
-50.2593 239.3638 -65.4708 -73.280298
-51.9541 239.818 -65.3779 -73.27983
-53.6581 240.3081 -65.5616 -73.279373
-55.3649 240.7618 -65.7517 -73.278926
-56.9242 241.5359 -65.9538 -73.278491
-58.6438 241.8319 -66.2728 -73.278068
-59.9936 242.7156 -66.7405 -73.277656
-60.984 243.7818 -67.5294 -73.277257
-62.0855 245.146 -67.6347 -73.27687
-62.592 246.8516 -67.5474 -73.276497
-63.6958 248.1812 -67.3534 -73.276136
-65.3602 248.1365 -67.1819 -73.275789
-66.6185 247.2528 -66.7907 -73.275457
-68.2827 246.701 -66.9975 -73.275136
-69.0056 246.5375 -67.1182 -73.274833
-69.4149 247.1923 -66.2178 -73.274544
-70.5685 248.2104 -65.6787 -73.274271
-72.1021 248.9573 -65.1628 -73.274014
-73.5226 249.8734 -64.6789 -73.273774
-74.9049 250.917 -64.2744 -73.273551
-76.1941 252.0464 -63.8017 -73.273346
-77.6751 252.694 -63.2164 -73.27316
-78.9054 253.7897 -63.1101 -73.272992
-80.0531 255.1107 -63.1909 -73.272843
-81.4092 256.2087 -63.4316 -73.272714
-83.1166 256.5971 -63.7243 -73.272606
-84.8053 256.9649 -63.8465 -73.272517
-86.3232 257.8036 -63.7447 -73.272451
-88.0463 257.7843 -63.4146 -73.272406
-89.5568 258.6367 -63.0658 -73.272383
-79.8558 209.6969 -1.6956 -73.299379
-80.9345 210.9313 -0.8747 -73.298647
-81.8718 212.3265 -0.0936 -73.297918
-83.0145 213.649 0.4105 -73.297193
-83.35 215.4299 0.5242 -73.296471
-84.7236 216.0877 0.5245 -73.295751
-85.8365 216.8501 1.5461 -73.295033
-86.4751 218.3432 2.3648 -73.294321
-87.6889 219.3419 3.0091 -73.293613
-89.3832 219.625 3.5112 -73.29291
-90.5679 220.9942 3.9392 -73.29221
-91.9993 222.1339 4.2769 -73.291516
-93.1066 223.0567 5.3451 -73.290826
-94.2451 224.3484 6.04 -73.290139
-95.1955 225.7846 6.6504 -73.289458
-96.1469 227.1811 6.1703 -73.288784
-97.5307 228.1499 5.5656 -73.288113
-97.6555 229.6726 4.5217 -73.287448
-98.2632 230.7709 4.9578 -73.286786
-99.4213 231.1534 5.7424 -73.286132
-100.7458 231.4122 4.7237 -73.285483
-101.8502 232.6408 4.2535 -73.284841
-103.1436 233.9354 4.0273 -73.284206
-104.4921 234.4164 4.8558 -73.283577
-105.6117 233.6885 5.7966 -73.282952
-106.7274 232.3194 6.4016 -73.282328
-107.441 230.7522 6.8747 -73.28172
-107.4488 229.0255 7.5014 -73.281121
-107.9411 227.3511 8.131 -73.280531
-107.0902 226.8712 8.9862 -73.279949
-106.1496 226.513 10.1833 -73.279368
-105.9516 226.2598 12.0223 -73.278796
-105.4787 225.2922 12.0054 -73.278237
-105.2249 224.5846 10.2988 -73.277686
-104.7784 223.6625 9.5999 -73.277148
-104.7066 222.6921 11.0296 -73.276618
-105.026 220.965 11.6033 -73.276101
-104.6066 219.9029 12.8153 -73.275592
-103.3942 219.8352 14.0764 -73.275095
-104.3073 219.9043 13.553 -73.27461
-105.885 218.9419 13.3792 -73.274135
-107.2676 218.4747 12.6842 -73.273672
-108.1193 218.5469 11.0406 -73.27322
-108.3962 219.4541 11.7193 -73.272781
-109.0143 219.6825 13.4653 -73.272354
-109.7221 219.9831 15.1561 -73.271941
-110.6667 219.9703 16.4989 -73.271544
-112.0003 218.9022 16.8845 -73.271161
-113.4433 217.9794 16.4775 -73.270792
-114.7081 217.1333 15.6968 -73.270439
-115.2947 216.7255 13.9743 -73.2701
-115.5962 216.7912 12.1637 -73.269774
-115.7677 217.1126 10.3327 -73.269466
-115.4309 217.0746 11.1227 -73.269176
-116.1181 217.6962 12.116 -73.268895
-117.3855 218.3763 13.3061 -73.268637
-118.8798 218.8959 14.099 -73.2684
-120.5533 219.5755 14.5055 -73.268182
-122.3465 220.0233 14.7431 -73.267984
-124.1585 220.1151 14.949 -73.267806
-125.565 221.2324 14.8597 -73.267648
-126.6064 222.7478 14.7267 -73.267511
-127.1945 224.5052 14.537 -73.267395
-127.9351 226.1832 14.2547 -73.267302
-129.0224 227.5634 14.5865 -73.267231
-130.1181 229.0198 14.5982 -73.267183
-131.2201 230.4645 14.2522 -73.267159
47.5528 -96.076 13.5667 -72.100691
47.0015 -95.2803 13.5986 -72.100779
46.7344 -94.3274 13.6342 -72.100822
27.7081 -94.2683 18.8592 -72.077786
26.226 -93.6204 19.8024 -72.078339
24.7439 -92.9726 20.7456 -72.078755
23.2618 -92.3248 21.6888 -72.079035
23.8038 -92.3745 21.7835 -72.079175
54.7481 -88.0637 17.871 -72.122968
97.3169 -66.6493 31.3652 -72.177932
99.3506 -67.4491 30.897 -72.179417
101.3843 -68.2489 30.4289 -72.18066
103.4181 -69.0488 29.9607 -72.181659
105.4518 -69.8486 29.4925 -72.182411
104.935 -70.7499 28.9784 -72.182914
104.6139 -70.6388 26.7694 -72.183167
96.937 -66.473 30.8282 -72.17716
44.0154 -65.7095 15.6069 -72.184234
44.0102 -66.3692 14.8486 -72.184301
44.1586 -67.2141 14.3402 -72.184335
-4.665 -9.0685 -0.0051 -72.949147
-3.3078 -10.3003 -0.0154 -72.919507
-1.9532 -11.5348 -0.0257 -72.889895
-0.7426 -12.7803 -0.0459 -72.84069
0.4334 -13.9291 -0.0935 -72.77237
1.4466 -15.2471 -0.185 -72.704568
3.5554 -27.7322 1.4257 -72.604912
8.6107 -41.3653 6.7974 -72.513296
22.8794 -62.2772 10.5055 -72.310278
26.4745 -64.8588 13.9793 -72.280349
29.0535 -67.1183 14.3116 -72.260882
42.1418 -73.5431 16.2509 -72.190986
47.2069 -85.1931 18.1557 -72.133926
44.6639 -89.9679 15.7857 -72.112574
47.7449 -96.3203 13.6398 -72.101566
78.4149 -177.3628 14.5582 -72.000797
95.2227 -265.7699 17.0719 -71.922331
48.1056 -320.1106 18.1187 -71.86379
-10.9476 -383.6056 22.9817 -71.82353
-40.36 -432.7473 17.7175 -71.800272
28.7834 -94.5812 17.274 -72.079993
14.3097 -106.6143 20.8227 -72.0557
2.7577 -126.0427 26.0848 -72.037889
-45.0792 -189.1405 27.4734 -72.005381
30.9775 -170.2053 31.4202 -72.029781
28.3969 -94.5693 18.0599 -72.07791
-40.2348 -104.2908 -5.8163 -72.024196
-111.9958 -139.102 2.509 -71.993493
54.6562 -87.9717 17.7384 -72.123715
111.8824 -135.9529 29.1893 -72.047921
164.8572 -185.7356 20.1853 -71.996075
213.7243 -226.7876 32.011 -71.966605
43.9697 -65.4565 15.7766 -72.184455
45.5333 -62.1584 17.8534 -72.182556
96.2419 -66.2233 31.6259 -72.177044
2.1326 -22.0656 -2.5814 -72.639657
6.2653 -35.3706 6.4938 -72.558764
8.3143 -40.7868 6.7183 -72.476321
15.4942 -50.7521 4.9673 -72.41078
19.5156 -57.7327 7.1557 -72.345992
24.2121 -63.3654 12.9105 -72.295282
27.7984 -65.9637 14.1964 -72.270555
35.2991 -71.3414 15.5234 -72.225796
45.9552 -78.4006 18.2802 -72.161936
45.9541 -87.9136 17.638 -72.123068
46.0845 -93.1486 14.7482 -72.10634
52.1518 -103.9606 11.3242 -72.08964
58.8833 -119.603 12.0998 -72.068561
62.6461 -133.0235 18.7767 -72.048353
68.7987 -150.479 18.27 -72.02899
75.478 -168.4071 16.0379 -72.01045
80.7201 -186.7623 13.7215 -71.99138
86.0397 -202.1519 18.4658 -71.974851
88.9594 -219.8372 14.0604 -71.95908
92.3483 -238.1707 14.3683 -71.944048
94.4112 -256.1543 16.5595 -71.929736
95.282 -267.4858 16.3224 -71.91516
95.3059 -280.3632 10.9397 -71.902668
82.392 -291.8157 13.1552 -71.890848
66.6134 -301.8126 13.5179 -71.879686
55.8832 -314.8401 17.1156 -71.869169
42.621 -325.3136 19.0805 -71.85866
32.9705 -340.7608 23.6528 -71.849851
23.9361 -354.8041 21.203 -71.841649
9.6225 -366.7531 22.7517 -71.834046
-4.6074 -378.3071 21.4152 -71.827031
-16.9731 -389.755 18.9726 -71.820272
-27.5688 -401.1213 14.9527 -71.814858
-39.573 -411.7299 14.9204 -71.810012
-40.6381 -420.4638 25.2112 -71.805727
-40.4069 -426.6412 14.8914 -71.802
-41.6738 -434.0686 12.5022 -71.798803
-35.1298 -447.795 10.0223 -71.796646
-30.511 -455.7937 6.7671 -71.795032
-26.4654 -460.7911 2.4423 -71.793956
-24.2919 -464.5784 0.2402 -71.793418
37.1249 -94.0849 14.9718 -72.095598
20.7736 -99.7756 22.2184 -72.067289
11.0172 -108.5614 18.7473 -72.051949
5.909 -113.1292 24.1737 -72.046293
4.7649 -121.3499 27.2758 -72.040876
-3.9067 -133.7894 26.1237 -72.033283
-16.2236 -149.0836 26.7198 -72.025669
-17.7909 -159.6216 22.5822 -72.01888
-30.8645 -168.2845 21.4997 -72.01291
-40.3768 -181.2163 24.3391 -72.00775
-50.8898 -195.8899 27.7601 -72.003268
-59.8432 -207.2909 27.0024 -72.000166
-63.453 -209.2381 15.4152 -71.997843
-64.2909 -212.4765 11.1044 -71.996295
-69.7086 -217.4653 14.9612 -71.995522
-1.3141 -131.2728 34.9295 -72.03701
15.7442 -115.5027 24.1983 -72.051339
21.9499 -133.9863 25.1312 -72.045075
26.8898 -147.4387 25.6301 -72.039659
28.6429 -155.1273 32.7495 -72.035083
28.6017 -167.7997 33.6747 -72.031341
33.7647 -170.9041 21.6446 -72.028365
35.3986 -176.6564 11.4651 -72.026602
39.8278 -180.409 -7.3747 -72.025721
28.4843 -94.572 17.6083 -72.078519
24.075 -93.3058 9.4058 -72.071078
15.5128 -90.8025 -8.4542 -72.059228
-0.0475 -89.6597 -13.0268 -72.048241
-13.9393 -94.7328 -4.0497 -72.038104
-31.0534 -101.5497 -4.3571 -72.028805
-48.3446 -108.1087 -4.4853 -72.019814
-60.3769 -111.0796 -1.1234 -72.012576
-77.9711 -113.5102 3.296 -72.006148
-92.0999 -121.9743 4.6219 -72.000522
-105.6825 -132.44 0.8972 -71.995691
-119.8735 -141.3568 5.959 -71.991665
-132.8113 -151.1601 6.979 -71.988999
-147.2952 -155.5423 4.0924 -71.987001
-153.368 -158.2725 7.6335 -71.985671
-168.793 -159.6906 7.6228 -71.985006
50.8433 -86.5895 17.9535 -72.127819
61.2357 -92.3404 14.5899 -72.11438
72.1897 -102.125 21.0158 -72.098141
85.4059 -115.7278 22.6939 -72.082815
96.1046 -123.0147 27.5352 -72.068383
106.3877 -128.7142 28.8233 -72.054827
119.3522 -141.0891 32.8119 -72.041254
133.3865 -151.0456 27.4274 -72.029841
140.4642 -156.8554 25.7903 -72.019256
152.3124 -169.1266 29.8767 -72.009486
161.5491 -182.1636 26.4505 -72.000521
167.3763 -187.9265 20.8501 -71.991874
178.0174 -198.4202 27.7655 -71.984934
190.5879 -201.853 17.5881 -71.978763
198.4764 -209.0366 23.2285 -71.973355
206.4978 -222.3967 29.9785 -71.968704
216.4485 -231.2363 29.6641 -71.964797
219.3592 -241.6667 28.5636 -71.962124
217.6919 -257.4839 32.1794 -71.960121
212.7961 -271.781 39.8533 -71.958787
208.8344 -287.7139 39.3838 -71.958121
43.1478 -69.6198 16.0595 -72.186066
45.0982 -63.5211 16.1223 -72.183454
50.7937 -61.6079 11.0465 -72.180887
63.7547 -58.5312 9.7712 -72.17868
75.049 -60.4617 16.3877 -72.177233
83.0968 -60.7333 25.9161 -72.176543
91.3447 -63.64 26.8113 -72.176611
106.4082 -69.1292 24.6495 -72.174695
123.1559 -72.5629 28.9251 -72.171535
143.1961 -75.9244 28.8652 -72.169957
46.1286 -55.224 14.5026 -72.181052
37.6417 -45.2763 18.4222 -72.179294
22.8448 -43.0894 21.8828 -72.178416
