-0.8015 -1.2678 -0 -74.001848
-3.2062 -5.0715 -0 -74.003349
-5.0765 -8.0299 -0 -74.004383
-6.4123 -10.1429 0.0262 -74.004624
-8.0143 -12.677 0.1283 -74.004888
-8.8146 -13.9429 0.1666 -74.005082
-8.2187 -14.5214 0.2948 -74.005302
-8.7411 -16.3672 0.5247 -74.005877
-10.0309 -17.8905 1.1419 -74.006615
-11.386 -19.3222 1.89 -74.007346
-12.7254 -20.8552 2.392 -74.008058
-14.0432 -22.4116 2.6217 -74.008911
-14.6972 -24.3185 2.0715 -74.009955
-15.5306 -26.234 2.0482 -74.011097
-16.1094 -27.8038 2.3068 -74.012103
-14.7796 -28.9827 3.1257 -74.012968
-13.6062 -30.5844 3.6202 -74.013842
-12.2537 -32.1091 3.9089 -74.014725
-11.1222 -33.7683 4.2796 -74.015617
-10.1932 -35.2295 5.196 -74.016518
-9.3619 -36.7283 6.3117 -74.017429
-8.5851 -38.2492 7.4144 -74.018348
-7.5935 -39.8435 8.2499 -74.019276
-6.8916 -41.4349 9.2193 -74.020217
-6.2727 -43.3267 9.6108 -74.021166
-5.7427 -44.6215 10.9758 -74.022129
-5.2774 -45.3085 12.8612 -74.023102
-4.5701 -46.2857 12.7646 -74.024083
-3.9187 -47.0128 11.0346 -74.025077
-3.487 -47.3534 9.0584 -74.026084
-3.1601 -48.3203 10.2056 -74.027102
-2.5906 -49.7167 11.29 -74.028121
-2.064 -51.2649 10.2609 -74.029152
-1.9023 -53.0628 10.2828 -74.030192
-1.2374 -53.7481 8.8883 -74.031251
-0.2338 -55.4757 8.438 -74.032315
0.9268 -57.1391 8.1846 -74.033389
2.1659 -58.7648 8.26 -74.034475
2.7966 -60.3652 9.2072 -74.035574
3.5606 -62.0815 8.7826 -74.036684
4.1051 -63.9769 8.2533 -74.037809
4.7728 -65.8913 8.0534 -74.038943
5.555 -67.7898 8.1794 -74.040087
5.4215 -69.7319 8.5591 -74.041243
5.3722 -71.1779 9.39 -74.042415
6.6015 -72.8224 9.4344 -74.043598
7.9091 -74.3345 9.4579 -74.044794
9.1469 -75.9691 9.4502 -74.046003
10.0298 -77.8076 9.4917 -74.047222
10.7723 -79.6982 9.5101 -74.048457
12.3735 -80.8411 9.4583 -74.049703
13.4145 -82.6176 9.4397 -74.050963
14.1594 -84.5026 9.6273 -74.052239
14.908 -86.352 10.0263 -74.053527
15.6285 -88.1574 10.421 -74.054828
16.2688 -90.0988 10.1972 -74.056145
16.8061 -92.0324 10.2983 -74.057474
18.0591 -93.5211 10.9131 -74.058818
19.0692 -95.1762 11.592 -74.060175
20.0514 -96.8019 12.3554 -74.061545
20.7986 -98.4251 13.1509 -74.062933
22.3425 -99.643 13.6764 -74.064334
23.1324 -101.4525 13.8694 -74.06575
24.2278 -103.1764 13.8286 -74.067182
25.7948 -104.4654 13.8973 -74.068628
27.3532 -105.7951 13.951 -74.070088
28.4996 -107.4233 13.9547 -74.071564
30.0108 -108.56 13.6639 -74.073057
31.1081 -108.6091 12.0588 -74.074591
29.9694 -109.9097 10.9348 -74.076256
28.8308 -111.2104 9.8109 -74.077896
27.6922 -112.511 8.6869 -74.079511
26.8377 -113.4766 7.7017 -74.081122
28.1153 -111.9666 8.2837 -74.082845
29.3929 -110.4565 8.8658 -74.08454
30.6706 -108.9464 9.4479 -74.086208
31.1787 -108.9746 10.7509 -74.087904
31.0798 -109.3078 12.7833 -74.089621
31.1974 -110.3892 14.0207 -74.091322
31.8589 -112.2436 14.4776 -74.09303
32.2207 -114.0808 14.8897 -74.094755
32.3754 -116.0895 14.7382 -74.096496
33.2282 -117.7627 14.1097 -74.098254
34.0263 -119.6079 13.7086 -74.100027
34.4263 -121.5938 13.4703 -74.101816
34.6735 -123.5948 13.4834 -74.10362
34.4631 -125.6138 13.6554 -74.105439
35.477 -127.1975 13.9548 -74.107269
36.4488 -128.3733 14.9241 -74.109126
36.0423 -130.1872 15.3722 -74.111006
35.1621 -131.5518 15.4371 -74.112893
35.6418 -129.8523 14.8263 -74.114781
35.0348 -128.0619 14.2107 -74.116683
35.5446 -129.8444 14.1534 -74.118602
35.6291 -131.8577 14.0497 -74.120528
34.8485 -133.6181 13.7199 -74.122464
34.2995 -135.3089 12.7219 -74.124411
33.9891 -137.2127 12.2496 -74.126364
34.6951 -139.1364 12.158 -74.128325
34.4342 -141.0719 12.4762 -74.130291
34.9496 -142.8915 13.1328 -74.132269
35.1207 -144.6736 12.8365 -74.134247
36.0553 -146.4708 12.5635 -74.136228
36.5162 -147.9232 11.2272 -74.138222
37.0821 -149.6924 10.5935 -74.140203
38.1845 -151.3675 10.8233 -74.142184
38.9786 -152.5573 11.4668 -74.144165
38.5512 -154.4927 11.7745 -74.14615
38.9845 -156.4817 12.0272 -74.148133
38.8087 -158.4686 12.102 -74.150102
39.4316 -160.3993 12.1561 -74.152058
40.017 -162.1492 11.7738 -74.154005
39.9044 -164.0643 11.3068 -74.155929
40.4166 -165.9089 10.6066 -74.157836
41.3853 -167.5493 10.7632 -74.159715
42.1247 -169.1267 11.6727 -74.161568
42.1485 -170.8263 12.6221 -74.163392
41.2541 -172.1527 13.7028 -74.165173
41.3329 -173.6405 14.3131 -74.166914
41.6008 -174.8677 12.6805 -74.168615
41.8738 -176.7997 12.275 -74.170256
42.7438 -178.5456 11.9564 -74.171837
43.2439 -180.4578 12.0397 -74.173352
43.3656 -182.4295 12.4106 -74.174797
43.6747 -184.2146 13.2717 -74.176167
44.1736 -186.1236 13.8383 -74.177446
44.3535 -187.9066 14.7675 -74.178634
44.8726 -189.5685 15.6922 -74.179721
45.4404 -191.1005 14.5715 -74.180699
46.1386 -192.9259 14.1459 -74.18156
46.6287 -194.8895 13.783 -74.182295
47.9055 -196.4354 13.3908 -74.182899
49.0241 -197.9564 13.467 -74.183362
49.8322 -199.3762 13.2319 -74.183679
51.04 -200.3986 12.0409 -74.183841
-16.8109 -27.3553 2.8101 -74.011956
-17.497 -28.3029 4.2038 -74.012513
-18.1984 -29.271 5.5067 -74.01306
-18.2577 -29.3412 3.7473 -74.013702
-18.2679 -29.344 1.9276 -74.014333
-18.2781 -29.3467 0.108 -74.014952
-18.2883 -29.3494 -1.7116 -74.015557
-18.2985 -29.3522 -3.5313 -74.016149
-18.8534 -30.5664 -3.9808 -74.016736
-18.8107 -32.318 -3.8597 -74.017331
-19.3066 -34.0554 -3.7456 -74.017931
-18.9488 -34.5418 -2.2544 -74.018539
-18.3075 -35.7012 -1.0566 -74.019154
-18.003 -37.2922 -0.254 -74.019774
-17.2153 -38.7422 0.5062 -74.020399
-17.2992 -40.1694 1.5541 -74.021031
-17.1185 -41.7267 2.3954 -74.02167
-17.083 -42.8762 3.6698 -74.022318
-17.3639 -44.4413 4.545 -74.022971
-18.2212 -45.6938 5.2818 -74.023627
-18.9632 -46.7735 4.1464 -74.024291
-19.2427 -47.6114 2.5633 -74.024965
-19.7572 -49.1601 2.2576 -74.02564
-20.0441 -50.8741 2.5491 -74.02632
-20.3286 -52.4364 3.2684 -74.027005
-19.8077 -53.8024 3.6098 -74.027698
-19.2008 -54.6661 2.2731 -74.028401
-18.7221 -56.0354 2.9434 -74.029113
-18.7365 -56.729 4.1896 -74.029828
-18.8997 -58.1413 5.2798 -74.030547
-18.8149 -59.8936 5.7078 -74.031269
-18.9822 -61.072 7.0484 -74.031999
-19.3934 -62.5349 8.0119 -74.032729
-19.547 -63.8484 9.0694 -74.033467
-19.5772 -65.5723 8.63 -74.034202
-19.258 -67.3139 8.3405 -74.034941
-19.7508 -69.0603 8.364 -74.035679
-19.9946 -70.8175 8.7102 -74.03642
-19.8037 -72.5539 9.1873 -74.037162
-19.7201 -74.3251 9.5635 -74.037903
-20.2567 -75.9938 9.7611 -74.038643
-19.7758 -77.7066 9.8918 -74.03938
-19.8692 -79.394 10.0722 -74.040113
-20.6153 -80.6503 10.7965 -74.040841
-20.8101 -82.0334 11.1362 -74.041558
-21.8468 -83.2751 10.5156 -74.042267
-22.3598 -84.646 11.4203 -74.042964
-22.8139 -86.2646 12.0203 -74.043647
-22.9433 -87.4114 13.1988 -74.04432
-23.2601 -88.7922 14.1473 -74.04497
-23.5187 -90.5915 14.1567 -74.045595
-23.7693 -92.3875 14.2837 -74.046195
-23.9193 -94.161 14.5659 -74.046767
-24.765 -95.4177 14.2775 -74.047306
-25.6946 -96.5629 13.7452 -74.04781
-26.3361 -98.2508 13.7081 -74.048273
-26.22 -99.6251 14.4174 -74.0487
-26.029 -100.2322 16.1217 -74.049078
-25.98 -100.9366 17.7977 -74.049404
-26.1774 -101.1961 19.58 -74.049682
-26.4133 -101.3806 21.3748 -74.049892
-26.5757 -102.9017 22.0388 -74.050033
-26.565 -104.1061 22.8298 -74.050106
-10.4886 -18.1238 0.6694 -74.007207
-10.4015 -18.057 0.4643 -74.00761
-11.3637 -19.3353 1.4826 -74.008098
-12.4409 -20.4928 2.3203 -74.00868
-13.7335 -21.882 2.6066 -74.009317
-14.3525 -23.4451 1.6476 -74.009963
-14.7639 -24.7529 0.4153 -74.010616
-15.0123 -25.6795 -1.2982 -74.011279
-14.7483 -27.3027 -2.2341 -74.011948
-14.1682 -28.7546 -3.3613 -74.012626
-14.1335 -30.3237 -2.5621 -74.013313
-14.176 -32.0715 -1.7097 -74.014005
-14.076 -33.7889 -0.9359 -74.014705
-13.8862 -35.6563 -1.4771 -74.015411
-13.5408 -37.5381 -1.8551 -74.016124
-12.9254 -39.3671 -2.0095 -74.016846
-12.8947 -41.2639 -2.5483 -74.017574
-12.5093 -43.0891 -2.3969 -74.018309
-11.8636 -44.7358 -1.5183 -74.019055
-11.3409 -46.4019 -0.6056 -74.019808
-11.0233 -47.5467 0.9658 -74.020573
-10.5913 -48.4457 2.6789 -74.02134
-10.1405 -50.0833 3.3431 -74.022113
-10.2934 -51.7904 2.9275 -74.022894
-10.88 -52.8858 1.4404 -74.023686
-11.0363 -54.4811 1.7038 -74.024482
-11.1458 -56.3254 2.378 -74.025287
-10.357 -57.7555 3.4384 -74.0261
-10.1358 -58.8326 4.9901 -74.026921
-10.3077 -60.6124 5.6598 -74.027752
-11.2813 -62.2927 6.0116 -74.02859
-11.7958 -64.1934 6.181 -74.029435
-12.4342 -66.0517 6.3974 -74.03029
-11.9522 -67.7789 6.8906 -74.031156
-11.6762 -69.0382 8.2561 -74.032029
-11.713 -70.0381 9.9612 -74.032911
-11.8555 -70.9146 11.6774 -74.033808
-12.8132 -71.5235 13.2459 -74.03471
-13.5753 -72.2336 12.7301 -74.035622
-14.1638 -73.7043 11.8882 -74.036542
-14.4131 -75.2707 10.815 -74.037471
-13.5782 -77.0011 10.3425 -74.03841
-13.3259 -78.9499 10.1371 -74.039359
-13.3622 -80.9141 10.3308 -74.040317
-14.2376 -82.5066 10.9807 -74.041282
-14.7845 -84.1023 11.9265 -74.04226
-15.3519 -85.4422 12.6525 -74.043248
-15.7865 -86.6616 12.098 -74.044248
-16.5522 -87.7496 13.5364 -74.045257
-17.1687 -89.5648 13.8022 -74.046274
-18.2162 -91.1682 13.885 -74.047302
-19.5493 -92.634 13.9514 -74.048339
-20.3209 -94.4426 13.8656 -74.049386
-21.0095 -96.2837 13.6721 -74.050443
-21.3384 -97.8523 13.9673 -74.051522
-21.6939 -97.8965 15.9193 -74.052622
-22.3276 -98.0602 17.7316 -74.053718
-21.887 -98.9874 16.7979 -74.054833
-22.8153 -99.7306 15.3374 -74.055944
-24.3779 -100.6691 14.7056 -74.057062
-24.3457 -102.6276 14.3888 -74.058186
-24.5768 -104.5617 14.2213 -74.059316
-24.8282 -106.5067 14.2205 -74.060454
-25.0574 -108.4614 14.1941 -74.061598
-25.5558 -110.3378 14.0236 -74.062748
-26.9412 -111.6652 13.5497 -74.063904
-27.6548 -113.1993 12.651 -74.065063
-27.9593 -114.1646 11.0361 -74.066239
-28.3565 -115.3746 10.0919 -74.0674
-29.1471 -116.4978 9.0352 -74.068569
-29.5399 -117.0458 7.1689 -74.069746
-29.9596 -117.6548 5.3281 -74.070913
-30.9613 -118.935 4.5188 -74.072068
-32.1435 -120.2324 4.6581 -74.073219
-32.9363 -121.0473 6.2793 -74.074366
-33.621 -122.2206 7.5953 -74.075497
-33.9105 -123.585 8.7937 -74.076617
-34.4873 -124.3869 10.3397 -74.07772
-35.0405 -125.7656 11.4307 -74.078799
-34.701 -127.6323 11.772 -74.079855
-35.3063 -129.4991 11.9181 -74.080885
-35.9903 -131.3268 11.7835 -74.081882
-37.6819 -132.1342 11.31 -74.082843
-38.5009 -133.4806 10.3217 -74.083765
-38.4967 -134.7419 8.9782 -74.084645
-39.2613 -136.1191 9.0235 -74.085471
-39.6486 -137.8732 9.0943 -74.08624
-40.3927 -139.5578 8.4232 -74.086946
-41.3357 -141.2284 8.0319 -74.087583
-41.7461 -143.1332 7.6854 -74.088148
-42.0138 -145.0056 7.4829 -74.088632
-41.9887 -146.6225 8.5512 -74.089032
-43.1363 -148.1444 8.915 -74.089339
-43.8626 -149.8828 8.3731 -74.089549
-44.926 -151.4033 7.7386 -74.089657
-9.353 -14.8211 0.2731 -74.005378
-11.0559 -15.5864 0.7158 -74.005912
-12.8605 -15.9487 1.177 -74.006576
-14.323 -16.6873 2.6356 -74.007815
-15.6273 -17.7486 4.2904 -74.008858
-16.5612 -19.3299 4.837 -74.00933
-17.0333 -20.2944 6.2453 -74.009864
-17.8874 -21.5361 7.3823 -74.010417
-18.8508 -22.9769 8.1796 -74.010975
-19.5099 -24.5801 8.9543 -74.011541
-19.7318 -25.6734 10.3712 -74.012117
-19.6375 -26.5275 11.987 -74.012704
-20.9183 -27.5166 12.4491 -74.013292
-21.2964 -29.0814 13.3143 -74.013888
-21.83 -30.7644 14.0149 -74.014492
-22.4092 -32.288 14.7504 -74.015103
-23.1716 -32.8787 16.4102 -74.015728
-23.4458 -33.3976 17.1662 -74.016352
-23.9797 -35.1098 17.8018 -74.016984
-25.2888 -36.4276 18.1128 -74.017621
-26.4013 -37.9363 18.2431 -74.018264
-27.2908 -39.5473 18.3867 -74.018915
-28.9068 -40.2841 18.3568 -74.019573
-28.8386 -41.8551 18.071 -74.020237
-30.0593 -43.3052 18.0707 -74.020908
-30.6546 -44.9959 18.2212 -74.021588
-31.4097 -46.5757 18.3297 -74.022274
-32.6885 -47.8644 18.2798 -74.022968
-33.6705 -49.4532 18.3794 -74.023665
-34.3435 -51.1833 18.7706 -74.024369
-35.0428 -52.643 19.7515 -74.025082
-35.9334 -53.9164 20.8542 -74.025799
-36.4958 -55.5633 21.6175 -74.026522
-37.1515 -57.2664 22.1901 -74.027251
-37.503 -58.9135 22.7742 -74.027989
-37.2767 -60.629 23.5408 -74.028735
-38.3487 -62.1152 24.0868 -74.029483
-38.7835 -63.8894 24.6417 -74.030237
-39.0307 -65.5698 25.4324 -74.030995
-39.2448 -67.4312 25.7075 -74.031761
-39.4113 -69.2406 26.1323 -74.032529
-38.2265 -70.1613 27.1367 -74.033304
-37.9293 -71.6381 28.1838 -74.034085
-36.7386 -72.8721 28.5562 -74.034868
-35.4143 -74.1273 28.8617 -74.035652
-33.8413 -75.1427 29.2839 -74.036457
-32.9832 -76.7229 29.5771 -74.037247
-33.6399 -75.092 29.1649 -74.03805
-33.1635 -76.3575 28.5144 -74.038848
-32.6394 -77.9449 29.3953 -74.039644
-31.5586 -79.4236 29.8926 -74.04045
-30.8094 -81.0765 30.3763 -74.041247
-31.5811 -82.6547 30.6865 -74.042027
-31.7168 -84.5489 30.8274 -74.042798
-31.5105 -86.4537 30.8357 -74.043556
-31.5377 -88.3667 30.7633 -74.044302
-31.4829 -90.279 30.6456 -74.04503
-31.9235 -92.1277 30.4947 -74.045738
-32.2806 -93.9944 30.2829 -74.046421
-33.2826 -95.4749 30.073 -74.04708
-34.2923 -96.3147 29.212 -74.047709
-33.7984 -97.5646 29.0456 -74.048307
-33.365 -98.5644 30.3242 -74.048869
-34.9529 -99.5888 30.5864 -74.049386
-35.3561 -101.2379 30.5528 -74.049857
-35.425 -102.1901 29.7785 -74.050277
-35.4381 -103.6106 30.0236 -74.05064
-35.4329 -104.9525 28.8355 -74.05094
-35.4888 -106.6151 28.0477 -74.051172
-35.1318 -108.0258 29.2064 -74.051332
-34.5346 -109.5447 30.0645 -74.051414
-15.445 -16.6758 3.4162 -74.008864
-17.1123 -16.5493 2.7023 -74.009329
-18.8242 -16.1183 2.2844 -74.009857
-20.5247 -15.3962 2.2003 -74.010399
-22.3116 -15.3473 2.4856 -74.010948
-24.0423 -14.9367 2.9859 -74.011506
-25.7912 -14.8802 3.5418 -74.012071
-27.6376 -14.8877 3.7424 -74.012643
-29.4617 -14.8882 3.7168 -74.013222
-31.2202 -15.3922 3.5297 -74.01381
-32.7539 -15.8243 2.9445 -74.014408
-34.0829 -16.2305 1.7975 -74.015011
-35.3566 -17.1047 0.7776 -74.015621
-36.7811 -17.3591 0.0703 -74.016235
-38.4049 -17.2529 0.8951 -74.016855
-40.1857 -16.9717 1.2216 -74.017482
-41.9745 -17.3706 1.348 -74.018116
-43.6645 -17.7288 1.1737 -74.018758
-45.1638 -16.9527 0.472 -74.019405
-46.3865 -16.2335 -0.6264 -74.020061
-48.1583 -16.038 -0.1893 -74.020724
-49.5586 -16.5997 0.7893 -74.021396
-50.6275 -17.7832 1.5574 -74.022072
-52.4581 -17.9497 1.6886 -74.022755
-54.2203 -17.8442 1.1278 -74.023445
-55.6575 -18.4041 0.1681 -74.024143
-57.139 -19.2179 -0.5793 -74.024849
-58.8775 -19.6978 -0.9928 -74.025561
-60.4992 -20.5497 -0.8751 -74.026278
-62.2699 -20.9516 -0.784 -74.027002
-63.9605 -21.4851 -1.2025 -74.027739
-65.769 -21.6468 -1.2364 -74.028479
-67.4074 -21.948 -2.0416 -74.029225
-69.2303 -22.0478 -2.2783 -74.029977
-71.0405 -22.3933 -2.2 -74.030738
-72.76 -22.6876 -1.8978 -74.031504
-74.4248 -22.1245 -1.3042 -74.032277
-75.468 -21.5676 0.0962 -74.033058
-76.805 -21.0117 0.8974 -74.033845
-78.6304 -21.1688 0.7939 -74.034633
-80.2126 -21.6023 1.4208 -74.035428
-81.9055 -21.4802 1.8938 -74.036226
-83.3789 -20.5725 2.4839 -74.037029
-84.8475 -20.092 3.3977 -74.037833
-85.8797 -19.4106 4.4732 -74.038644
-86.9877 -17.9771 4.3817 -74.039452
-88.4094 -16.917 4.436 -74.04026
-89.1332 -16.2863 5.8123 -74.041076
-89.6827 -16.0961 7.5766 -74.041888
-90.6073 -14.9923 8.5732 -74.042688
-91.6573 -14.5236 9.9347 -74.043482
-92.216 -13.6924 11.4126 -74.044275
-93.3323 -12.5367 11.3011 -74.045046
-94.3529 -11.3333 10.4637 -74.045805
-95.9243 -11.359 10.3327 -74.046546
-97.085 -12.6874 10.4076 -74.047269
-98.637 -11.9209 10.4364 -74.047969
-99.8512 -10.5582 10.1484 -74.04864
-101.1467 -9.2581 9.9913 -74.049282
-102.9108 -8.8466 10.0308 -74.049888
-104.2043 -7.6318 10.4372 -74.050453
-105.7848 -7.7377 11.2376 -74.050975
-107.5295 -7.7352 11.7584 -74.051447
-108.7114 -6.5165 12.2914 -74.051866
-108.6826 -5.013 12.9437 -74.052229
-109.4316 -4.9691 14.0337 -74.052529
-110.9911 -5.321 13.2911 -74.052761
-112.3812 -4.7789 12.2565 -74.052919
-113.4541 -4.4164 10.8172 -74.053001
-15.5545 -17.632 4.3033 -74.00884
-16.8149 -18.3686 5.0193 -74.009248
-18.1535 -17.7371 5.9254 -74.009718
-19.3957 -17.6568 7.1162 -74.010204
-20.6245 -17.4395 8.329 -74.010697
-21.4073 -17.0773 9.8446 -74.011202
-22.3291 -16.4593 11.1562 -74.011711
-23.7986 -16.4039 12.1053 -74.012228
-24.636 -16.4397 13.5353 -74.012758
-26.0492 -16.413 14.4153 -74.013289
-26.5091 -16.6788 16.0866 -74.013838
-27.6416 -17.5424 16.452 -74.014382
-28.9683 -17.6171 17.1518 -74.014933
-30.2529 -16.8642 18.0015 -74.01549
-31.8112 -16.9615 18.7079 -74.016055
-32.7125 -16.0015 17.8716 -74.016624
-33.9732 -15.3124 17.8919 -74.0172
-35.5154 -14.9405 18.541 -74.017781
-36.8148 -15.2621 19.6037 -74.018369
-38.1095 -15.3947 20.6532 -74.01896
-39.3709 -15.3085 20.5665 -74.019561
-39.9084 -15.4165 22.2463 -74.020173
-41.4898 -16.1032 22.568 -74.020778
-43.1935 -16.3081 22.9719 -74.021386
-44.8671 -16.1005 23.426 -74.021996
-46.5874 -16.255 23.8037 -74.022612
-48.2806 -16.146 24.1613 -74.023224
-49.8848 -15.6408 24.6252 -74.023839
-51.569 -15.5809 25.1077 -74.024452
-53.1934 -15.8717 25.7123 -74.025063
-54.8397 -16.0518 26.2602 -74.025674
-56.4663 -15.7486 26.8593 -74.026277
-57.6381 -14.8744 27.7621 -74.026874
-58.8394 -13.7889 28.4214 -74.027464
-60.1932 -13.1386 29.3328 -74.028049
-61.8304 -12.6017 29.6751 -74.02862
-63.5039 -12.1508 29.7076 -74.029178
-64.8861 -11.121 29.4315 -74.029721
-65.5954 -10.0293 28.2627 -74.03025
-66.3587 -9.069 29.1123 -74.030758
-67.3994 -7.9254 29.8988 -74.031243
-68.8854 -7.8686 29.963 -74.031702
-70.5505 -7.352 29.9726 -74.032132
-72.0497 -6.4284 30.0037 -74.032529
-73.5599 -5.5098 29.9785 -74.032891
-74.8786 -4.3323 29.9264 -74.033225
-76.2236 -3.1844 29.9023 -74.033503
-77.2186 -1.7362 29.9278 -74.033734
-78.2778 -0.5048 29.7779 -74.033912
-79.9939 -0.3567 29.5292 -74.034035
-81.6519 -0.1123 29.479 -74.034099
-15.2282 -17.1379 4 -74.008661
-15.8134 -17.8487 4 -74.008674
-16.4306 -18.5318 4 -74.008681
-13.8552 -16.3527 0.6773 -74.006982
-6.8126 -12.9962 0.0714 -74.005012
-5.8684 -15.48 0.0572 -74.005508
-5.4058 -18.0693 0.0621 -74.006151
-4.8048 -20.6622 0.1442 -74.006972
-4.2378 -23.1032 0.3354 -74.008004
-4.2185 -23.3173 3.0099 -74.009699
-4.1991 -23.5292 5.6846 -74.01142
-3.9404 -24.0329 8.0609 -74.013133
-2.9465 -26.4423 7.8893 -74.014887
-2.9898 -29.1239 7.9366 -74.016702
-2.8312 -31.7921 8.079 -74.018585
-2.7737 -34.4658 8.0848 -74.020537
-3.1335 -36.1267 6.8772 -74.022594
-2.9668 -36.5649 4.2354 -74.02473
-3.5563 -38.3842 2.8887 -74.026909
-4.3063 -40.3834 1.497 -74.029176
-4.1208 -42.6459 0.2252 -74.03152
-4.2362 -43.7827 0.8959 -74.033418
-3.8312 -43.4159 2.8085 -74.034793
-3.4263 -43.0492 4.7211 -74.036154
-3.0214 -42.6825 6.6338 -74.037503
-2.6164 -42.3158 8.5464 -74.038838
-2.2115 -41.949 10.459 -74.04016
-1.8006 -41.5642 12.3611 -74.04147
-1.0504 -39.8462 12.7392 -74.04282
0.1758 -38.6585 13.5417 -74.044191
1.5902 -38.0395 13.8599 -74.045612
3.2347 -39.0768 14.2093 -74.047055
3.2862 -40.8715 14.6526 -74.048538
3.0921 -42.2179 15.9515 -74.050058
3.289 -43.8273 17.0278 -74.051615
3.7676 -45.0577 18.3989 -74.053223
5.3853 -45.2551 17.5078 -74.054871
6.4565 -45.5185 16.2146 -74.056593
6.4601 -45.5688 14.2263 -74.058364
7.3041 -46.1013 15.3965 -74.06017
7.7212 -46.6728 17.2551 -74.062033
8.2906 -47.8462 18.7417 -74.063925
8.7291 -49.4862 19.2615 -74.065326
9.1255 -50.9461 19.7272 -74.066185
10.0364 -52.2198 19.9693 -74.06705
10.7133 -53.6545 20.0389 -74.067926
11.8089 -54.3454 19.5071 -74.068818
12.1976 -54.6669 17.9921 -74.069719
13.1099 -54.8336 16.8714 -74.070626
13.5838 -54.6626 15.3738 -74.071595
13.6588 -54.6533 13.7788 -74.07271
13.7337 -54.644 12.1838 -74.073799
13.8087 -54.6347 10.5888 -74.074863
13.8837 -54.6254 8.9938 -74.075901
13.9586 -54.6161 7.3988 -74.076912
14.0336 -54.6068 5.8038 -74.077897
14.1085 -54.5975 4.2088 -74.078855
14.1663 -54.5744 2.6132 -74.079927
14.2206 -54.5486 1.0176 -74.081013
14.2749 -54.5228 -0.5781 -74.082067
14.3293 -54.497 -2.1737 -74.083089
14.3836 -54.4712 -3.7694 -74.084079
14.4379 -54.4454 -5.365 -74.085036
13.7113 -55.8095 -5.5929 -74.085975
13.1825 -57.2536 -6.0072 -74.086911
12.9567 -58.7053 -6.561 -74.08784
12.6682 -60.0281 -7.37 -74.08876
12.3514 -61.5353 -7.7387 -74.089671
11.9771 -63.0578 -7.8716 -74.090568
11.7617 -64.6275 -7.7751 -74.091451
11.4655 -65.9109 -8.3481 -74.09232
11.6675 -66.9063 -9.5712 -74.093172
11.728 -68.3207 -9.6289 -74.094005
11.6975 -68.4625 -8.07 -74.094814
11.4235 -69.5735 -7.0162 -74.095592
11.1196 -70.8404 -6.109 -74.096341
11.0275 -71.8722 -4.9846 -74.097061
11.2426 -73.2528 -4.3725 -74.097745
10.7531 -74.6674 -3.9199 -74.098389
10.425 -76.2016 -3.7062 -74.098993
10.77 -77.7411 -3.6532 -74.099553
11.0786 -79.2552 -3.6604 -74.100063
11.425 -80.7723 -3.755 -74.100521
11.2996 -82.2807 -4.0128 -74.100924
11.9706 -83.6675 -4.3963 -74.101268
12.7118 -84.5829 -3.8154 -74.101553
13.1706 -85.4159 -2.5821 -74.10177
13.3664 -86.853 -1.9391 -74.101918
13.3682 -87.667 -0.8755 -74.101993
8.6263 -48.9248 19.7774 -74.065292
8.971 -49.5407 20.9869 -74.066077
9.2099 -51.0475 20.8184 -74.066868
10.0927 -52.2943 20.5532 -74.067661
10.6868 -53.724 20.4404 -74.068457
11.4461 -54.1517 19.6321 -74.069273
11.5442 -54.2966 18.1881 -74.070088
12.9332 -54.8812 18.406 -74.070897
13.2774 -55.294 19.8309 -74.071729
13.7729 -56.2787 20.5319 -74.072542
14.3885 -57.7019 20.5127 -74.073356
15.16 -59.0485 20.6431 -74.074168
15.6443 -60.0525 21.5504 -74.074981
16.2084 -60.988 22.5631 -74.07579
17.2577 -61.2039 23.519 -74.07659
18.4454 -61.8839 23.9975 -74.077382
19.1422 -63.2514 24.2481 -74.078168
19.671 -63.8624 25.3071 -74.078956
20.2623 -64.3588 26.3522 -74.079725
21.638 -65.0559 26.1487 -74.080477
22.7173 -66.1327 25.8633 -74.081259
23.7256 -67.2733 25.5197 -74.082009
24.6112 -68.47 25.1932 -74.082718
24.9681 -69.954 24.971 -74.083403
24.9964 -70.9802 24.2159 -74.084098
24.9684 -71.117 22.6615 -74.084797
24.9404 -71.2538 21.1072 -74.085447
24.9124 -71.3907 19.5528 -74.086047
24.8648 -71.4567 17.9963 -74.086603
24.9221 -71.7069 16.7213 -74.087121
25.4185 -72.6144 17.5247 -74.087611
25.5779 -72.8182 19.0637 -74.088064
25.6724 -73.1458 20.5059 -74.088461
25.5385 -73.7136 21.7923 -74.088821
25.5469 -73.9336 23.3373 -74.089131
25.5553 -74.1535 24.8823 -74.089378
26.4257 -75.2629 24.9859 -74.089566
26.2037 -76.801 24.991 -74.089694
26.3234 -78.3421 25.0702 -74.08976
-4.7208 -44.7161 -0.023 -74.033073
-5.1299 -46.1818 0.6944 -74.03378
-5.3697 -46.9913 2.259 -74.034499
-5.7718 -48.0995 3.5791 -74.035224
-6.3113 -49.4357 4.5711 -74.035961
-6.1052 -51.0319 5.3148 -74.036707
-5.9754 -52.7323 5.8136 -74.037462
-5.3005 -54.3124 6.0843 -74.038226
-5.5666 -55.9139 6.2159 -74.039001
-6.3626 -57.4622 6.4728 -74.039783
-7.4327 -58.7683 6.9386 -74.040576
-8.3123 -60.0607 7.6969 -74.041378
-9.2075 -61.5771 7.5449 -74.042185
-10.0182 -63.1512 7.7642 -74.043003
-10.4982 -64.8336 7.9938 -74.043827
-11.098 -66.494 8.2496 -74.044662
-11.5795 -68.0917 8.8213 -74.045504
-11.4778 -69.48 9.814 -74.046353
-11.3768 -70.9824 10.6772 -74.047212
-11.1615 -72.6665 10.9417 -74.048081
-11.9531 -74.0675 10.3517 -74.048956
-12.2253 -75.2856 9.1163 -74.049841
-12.386 -76.5528 7.8889 -74.05073
-12.4919 -77.8973 6.8778 -74.05163
-12.6418 -79.6702 6.7282 -74.052537
-12.8923 -81.2283 7.3625 -74.053452
-13.0636 -82.0267 8.8276 -74.054382
-12.8375 -83.2389 8.8894 -74.055311
-12.4716 -84.694 8.0205 -74.05625
-12.6797 -85.5671 7.0599 -74.057199
-12.5183 -84.1321 6.1622 -74.058161
-12.5292 -84.0813 7.3739 -74.059132
-11.895 -85.6688 7.8198 -74.060108
-11.5229 -87.2946 8.4116 -74.061089
-10.3324 -88.1124 9.2259 -74.062075
-10.675 -89.8262 9.467 -74.063071
-11.2148 -91.4903 9.7261 -74.064068
-11.4919 -93.2205 9.9224 -74.065067
-11.8689 -94.9605 9.9938 -74.066072
-12.2215 -96.7085 9.9892 -74.067076
-12.5548 -98.4528 9.9031 -74.068085
-13.101 -100.1246 9.6027 -74.069092
-13.6123 -101.6942 9.0552 -74.070101
-14.5178 -102.8115 8.0351 -74.071111
-14.732 -103.8321 6.6289 -74.072122
-14.736 -104.949 5.3416 -74.073131
-14.7897 -105.5564 3.6632 -74.074137
-14.9175 -106.1934 2.0059 -74.075135
-14.8119 -107.3154 0.66 -74.076113
-14.3904 -108.3157 -0.7477 -74.077085
-14.0768 -109.6227 -1.5126 -74.078037
-14.1581 -111.3783 -1.2027 -74.078973
-14.4574 -112.7137 -0.3129 -74.079895
-14.5581 -113.8268 1.0481 -74.080791
-14.5629 -114.7419 2.5821 -74.081667
-14.3372 -115.8187 3.9677 -74.082509
-14.0073 -116.8255 5.38 -74.083321
-13.5104 -118.0936 6.4955 -74.084096
-13.0668 -119.695 6.5246 -74.084832
-12.4966 -121.0534 5.5568 -74.08552
-12.0851 -122.6625 5.1356 -74.086162
-12.5004 -124.2153 4.474 -74.086751
-12.6759 -125.9354 4.076 -74.087281
-13.0189 -127.5669 3.9008 -74.08775
-13.6129 -129.2115 3.7998 -74.088152
-14.5095 -130.7248 3.617 -74.088482
-15.1909 -132.314 3.2206 -74.088735
-16.0458 -133.6469 2.4524 -74.088909
-17.0046 -135.0632 2.0492 -74.088998
-3.6471 -8.0538 -0.0157 -74.004446
-1.3228 -8.9468 -0.0471 -74.004823
0.9314 -9.9936 -0.0832 -74.005236
2.6625 -11.7633 -0.1495 -74.005755
3.884 -13.4015 -0.8686 -74.006591
4.2751 -14.1359 -3.2157 -74.008463
4.6663 -14.8703 -5.5627 -74.010322
5.0575 -15.6047 -7.9097 -74.01217
5.4487 -16.3392 -10.2567 -74.014004
5.5082 -15.6747 -11.481 -74.015401
5.7528 -14.1284 -10.9972 -74.01629
5.1317 -14.013 -9.0503 -74.017216
5.6382 -14.026 -8.2186 -74.018204
7.6439 -14.2766 -7.8039 -74.01922
9.6042 -14.0356 -7.3728 -74.020232
11.4824 -13.5321 -6.7322 -74.021278
12.4397 -13.1153 -5.3274 -74.022363
13.1732 -12.7275 -3.4442 -74.023495
14.0029 -12.5015 -1.5695 -74.024668
14.9232 -12.6143 0.2611 -74.025878
16.0509 -12.8503 1.9217 -74.027129
17.2291 -12.7352 3.6117 -74.028436
18.6969 -13.072 4.9744 -74.029758
20.4387 -12.843 5.9867 -74.031123
22.2399 -12.9948 6.2182 -74.03212
23.7688 -13.3762 5.9788 -74.032716
25.0057 -12.6222 5.3936 -74.03332
26.3571 -12.2571 4.8087 -74.03393
27.8738 -11.9691 4.5669 -74.03455
29.2461 -11.1445 4.4391 -74.035176
30.8012 -10.7714 4.3716 -74.035805
32.3851 -10.5715 4.2891 -74.036441
33.2233 -10.1298 4.9983 -74.037087
34.0663 -9.8024 5.9221 -74.037737
35.5597 -9.845 6.5062 -74.038388
36.9026 -9.7278 7.2501 -74.039046
38.2463 -9.5474 7.9246 -74.039702
39.7277 -9.1425 8.3952 -74.040361
41.1759 -8.7377 8.951 -74.041021
42.5633 -8.3419 9.5488 -74.041685
43.7337 -8.1277 8.583 -74.042347
45.1311 -8.0308 7.9631 -74.043006
46.5242 -8.3092 7.3517 -74.04366
47.4104 -8.3281 6.0274 -74.044317
48.547 -8.1523 4.9694 -74.044963
50.1277 -8.0481 4.8161 -74.045601
51.0302 -8.412 5.9293 -74.046243
52.4231 -8.5023 6.17 -74.046866
53.895 -8.5955 6.6905 -74.04748
54.9911 -8.7652 7.7616 -74.048078
56.4893 -8.9904 7.679 -74.048659
57.587 -10.1308 7.9043 -74.04922
59.0801 -10.6364 8.1455 -74.049763
60.6014 -11.0022 8.4608 -74.05028
61.9959 -11.5958 8.0265 -74.050771
62.9752 -11.9724 7.058 -74.05124
63.4644 -12.0743 5.5381 -74.051676
64.0395 -11.9612 4.047 -74.052082
64.4337 -11.9546 2.4888 -74.052452
64.823 -11.932 0.9297 -74.052777
65.2041 -11.8836 -0.6309 -74.053054
65.5558 -11.8356 -2.1985 -74.053284
65.8976 -11.7879 -3.7682 -74.053459
66.4194 -11.7876 -5.282 -74.053578
66.4944 -12.5596 -6.6605 -74.053639
21.8035 -12.9643 5.5087 -74.032234
22.2928 -12.8975 4.0421 -74.033043
22.782 -12.8307 2.5755 -74.033834
23.2713 -12.7639 1.1089 -74.034607
23.7606 -12.6971 -0.3578 -74.03536
24.2499 -12.6303 -1.8244 -74.036093
24.7391 -12.5635 -3.291 -74.036807
25.2284 -12.4967 -4.7576 -74.037499
25.7177 -12.4299 -6.2242 -74.038171
26.2069 -12.363 -7.6908 -74.038821
26.8935 -12.3131 -8.9994 -74.039453
27.9931 -12.1349 -10.0456 -74.040084
29.4155 -12.0244 -10.5719 -74.040716
30.9321 -12.139 -10.7879 -74.041345
32.4337 -12.4908 -10.7732 -74.041978
33.7283 -13.0404 -10.3346 -74.042606
34.9591 -13.7394 -9.781 -74.043232
36.3049 -14.3754 -9.3611 -74.043857
37.7863 -14.4064 -8.971 -74.044487
38.9765 -14.4204 -8.3072 -74.04511
39.509 -14.5028 -6.8771 -74.045723
40.803 -14.1184 -7.3333 -74.04632
42.1172 -13.7343 -7.9502 -74.046904
43.481 -14.2451 -8.4653 -74.047475
44.8322 -14.6862 -9.0455 -74.04803
46.2199 -15.1571 -9.5418 -74.048568
47.4998 -15.7968 -10.1041 -74.049084
48.4919 -16.341 -10.9949 -74.04958
49.2648 -16.5571 -12.2212 -74.050052
50.6437 -17.0063 -12.5265 -74.050493
52.1626 -17.2199 -12.7123 -74.050904
53.5098 -17.9199 -12.5815 -74.051281
54.8261 -18.5114 -12.0649 -74.051621
56.0144 -19.3898 -11.6485 -74.051921
57.1511 -20.3793 -11.2981 -74.052179
58.5784 -20.83 -11.009 -74.05239
59.5198 -21.3446 -11.6244 -74.052556
59.9152 -21.5013 -13.1121 -74.052669
60.3293 -21.6363 -14.5919 -74.052726
5.542 -17.4481 -11.9734 -74.015246
5.2752 -19.0549 -12.8511 -74.015807
4.5319 -20.5356 -13.6308 -74.016378
4.2842 -21.2679 -12.1504 -74.016967
4.5234 -21.5541 -11.2061 -74.017555
5.0916 -22.5097 -9.9139 -74.018156
5.6355 -23.6108 -8.5295 -74.018765
6.4022 -24.9693 -7.5369 -74.019383
6.6335 -26.3097 -6.3211 -74.020007
7.1852 -27.3717 -7.4784 -74.020644
7.7638 -28.2275 -9.037 -74.021287
9.1599 -28.8455 -10.0123 -74.021933
10.2945 -29.4271 -11.2255 -74.022587
12.0307 -29.9265 -10.7637 -74.02325
13.7255 -30.5864 -10.4924 -74.02392
15.1918 -31.515 -11.0288 -74.024595
16.7178 -31.6949 -12.0524 -74.025279
18.2188 -31.9125 -13.1144 -74.02597
19.9511 -32.1969 -13.7295 -74.026669
21.5074 -33.0418 -14.1745 -74.0274
22.8543 -34.2615 -14.6414 -74.028139
24.0059 -35.5947 -15.1729 -74.028861
24.5296 -37.1036 -15.7174 -74.02959
24.7232 -37.5624 -17.5262 -74.030336
25.1008 -38.2263 -19.2142 -74.031086
26.3789 -39.4506 -19.5884 -74.031834
28.1291 -39.8596 -20.0602 -74.032589
29.3513 -39.6098 -21.3429 -74.033353
30.6809 -38.9744 -22.3478 -74.034124
31.8544 -39.4408 -23.699 -74.034905
32.7072 -40.1312 -24.5207 -74.03569
34.1875 -40.0661 -24.2388 -74.036483
35.3747 -39.954 -25.6606 -74.037284
36.0556 -40.1808 -27.3735 -74.038101
37.1117 -40.5409 -28.8636 -74.038915
37.9499 -40.8975 -30.5002 -74.039736
38.8019 -40.6861 -32.1277 -74.040563
39.8174 -40.5169 -33.6425 -74.041391
40.8901 -40.7217 -35.068 -74.04222
42.5305 -41.61 -35.2384 -74.043052
44.3755 -41.8861 -35.4176 -74.043886
45.9871 -42.2694 -36.0731 -74.044721
47.4878 -43.2765 -36.1873 -74.045573
49.3319 -43.6209 -36.2065 -74.04644
51.1887 -43.712 -36.2324 -74.04728
53.0372 -43.4731 -36.3042 -74.048114
54.8899 -43.6769 -36.497 -74.04894
56.6959 -43.5991 -36.9065 -74.049761
58.2639 -44.1277 -37.6876 -74.050573
59.5341 -44.5902 -38.7803 -74.05138
60.5988 -45.0677 -39.8571 -74.052168
61.8729 -46.2433 -40.1922 -74.05294
63.3313 -46.5896 -41.0735 -74.053697
64.0217 -46.6763 -42.7931 -74.054437
64.5704 -46.7494 -44.583 -74.055152
64.8703 -46.6711 -46.4334 -74.055864
65.1687 -46.5915 -48.2839 -74.056524
65.5964 -46.5388 -50.1097 -74.057149
65.7108 -46.4215 -51.9702 -74.057779
65.6981 -46.2783 -53.8407 -74.05836
65.6854 -46.1351 -55.7113 -74.058869
65.6727 -45.9919 -57.5819 -74.059305
65.7296 -45.7497 -59.4403 -74.059689
65.8135 -45.4694 -61.2934 -74.060001
66.0243 -45.0935 -63.1166 -74.06024
66.1717 -44.6856 -64.9394 -74.060405
66.3305 -44.1781 -66.4646 -74.060489
5.6517 -16.7814 -12.2027 -74.015599
5.689 -16.9607 -13.7308 -74.016847
5.7263 -17.14 -15.259 -74.01808
5.7636 -17.3194 -16.7872 -74.019299
5.8009 -17.4987 -18.3154 -74.020504
5.8383 -17.678 -19.8436 -74.021694
5.8756 -17.8574 -21.3717 -74.02287
5.9129 -18.0367 -22.8999 -74.024031
5.9502 -18.216 -24.4281 -74.025178
5.9875 -18.3954 -25.9563 -74.026309
6.0248 -18.5747 -27.4845 -74.027425
6.0621 -18.754 -29.0126 -74.028526
6.0994 -18.9334 -30.5408 -74.02961
6.1367 -19.1127 -32.069 -74.030678
6.1741 -19.292 -33.5972 -74.03173
6.2114 -19.4714 -35.1254 -74.032764
6.2487 -19.6507 -36.6536 -74.033781
6.286 -19.83 -38.1817 -74.034779
6.3233 -20.0094 -39.7099 -74.035759
6.3606 -20.1887 -41.2381 -74.036719
6.3979 -20.368 -42.7663 -74.03766
6.4352 -20.5474 -44.2945 -74.038579
6.4725 -20.7267 -45.8226 -74.039477
6.5099 -20.906 -47.3508 -74.040353
6.5472 -21.0854 -48.879 -74.041207
6.5845 -21.2647 -50.4072 -74.042036
6.6218 -21.444 -51.9354 -74.042842
6.6591 -21.6234 -53.4635 -74.043622
6.6964 -21.8027 -54.9917 -74.044376
6.7337 -21.982 -56.5199 -74.045104
6.771 -22.1614 -58.0481 -74.045804
6.8083 -22.3407 -59.5763 -74.046476
6.8457 -22.52 -61.1045 -74.047119
6.883 -22.6994 -62.6326 -74.047732
6.9394 -22.8766 -64.1572 -74.048315
8.1498 -22.8799 -64.1006 -74.048881
8.9886 -23.516 -62.989 -74.049439
9.9314 -24.3205 -62.1091 -74.049982
10.5435 -25.411 -61.3105 -74.050513
11.1641 -26.7642 -60.9602 -74.051027
11.7371 -28.177 -61.0516 -74.05152
12.2468 -29.4991 -61.4619 -74.051992
12.6299 -30.7915 -61.1111 -74.052443
13.0367 -32.212 -60.6823 -74.052868
13.4206 -33.6473 -60.2909 -74.053264
13.672 -35.0666 -59.8345 -74.053628
13.7802 -36.5811 -60.0484 -74.053956
13.7177 -38.0731 -60.4184 -74.054245
13.5658 -39.5761 -60.7091 -74.054494
13.3014 -41.0704 -60.6511 -74.054699
13.3571 -42.0105 -59.4467 -74.054859
13.5377 -43.0476 -58.3404 -74.054967
13.6333 -44.0606 -57.3331 -74.055023
-2.4565 -0.91 0.0523 -73.999532
-2.8293 2.667 0.2464 -73.994859
-3.0866 6.216 0.7208 -73.9901
-2.2413 9.6979 1.5153 -73.98524
-0.7404 12.7593 0.9662 -73.980322
0.227 15.8879 -1.0884 -73.975142
0.5524 20.1154 -1.9386 -73.969704
0.4575 24.418 -2.5408 -73.964179
0.4389 27.3767 -5.5178 -73.95856
-0.013 29.9656 -8.7108 -73.952864
-0.1419 14.3216 0.264 -73.97771
0.8616 14.8245 1.2959 -73.976288
2.5303 15.409 3.4469 -73.973692
5.0961 15.9466 3.8822 -73.971046
7.8356 16.5695 3.9069 -73.968335
10.5566 17.2922 4.0994 -73.9656
13.2701 17.9524 4.5537 -73.962824
15.8121 18.8134 4.7988 -73.96002
17.2134 19.7132 4.344 -73.958133
17.5574 19.3689 4.0634 -73.958197
-0.9274 14.3109 0.2417 -73.977471
-2.5488 14.1754 0.0246 -73.977266
-4.1702 14.04 -0.1925 -73.977082
-5.6969 13.9854 -0.1496 -73.976913
-6.0083 14.0245 0.9686 -73.976752
-4.7591 13.8534 0.1003 -73.976596
-4.5248 13.8442 -1.5168 -73.976408
-4.3735 13.8457 -3.1513 -73.976233
-4.2222 13.8471 -4.7858 -73.976075
-4.0708 13.8486 -6.4202 -73.975938
-3.7648 13.9278 -8.018 -73.975821
-3.1571 14.1597 -9.5252 -73.975726
-2.5409 14.9686 -10.6984 -73.975667
-0.6612 32.5013 -8.9792 -73.949338
-1.3441 34.6869 -8.6538 -73.946592
-2.5162 37.7967 -7.959 -73.942389
-4.0883 40.798 -9.2426 -73.938126
-6.1771 43.4321 -10.5669 -73.933807
-7.4526 45.9637 -12.4793 -73.929425
-8.199 48.9959 -14.3148 -73.924934
-8.488 52.2581 -16.0262 -73.920335
-8.9751 55.6713 -17.3793 -73.915676
-8.9724 59.3456 -17.9864 -73.910959
-8.8355 62.9598 -18.9326 -73.906181
-8.1651 65.7964 -21.101 -73.901337
-8.071 69.4931 -21.2598 -73.896434
-8.0725 72.7987 -19.5494 -73.891665
-8.8931 75.9303 -20.6534 -73.887561
-9.8467 77.8663 -22.8286 -73.883928
-10.916 79.9845 -24.8489 -73.880261
-11.8107 82.572 -26.461 -73.876261
-13.9622 85.1541 -28.0376 -73.871924
-15.428 87.4195 -30.0798 -73.867524
-16.2874 89.1284 -32.8169 -73.863641
-17.1302 91.8068 -33.4334 -73.860293
-16.6579 94.7355 -33.3269 -73.856912
-16.2793 97.4317 -32.2507 -73.8535
-16.0966 100.3779 -31.8618 -73.850054
-15.6048 103.2146 -31.8672 -73.844824
-15.0646 104.6984 -30.0846 -73.837761
-14.4099 106.6313 -31.3901 -73.830642
-13.9013 109.3975 -31.7321 -73.823455
-13.1382 112.1018 -31.8855 -73.816197
-12.0288 114.6912 -32.2205 -73.808859
-9.9615 116.491 -32.7147 -73.801449
-8.3964 118.5551 -33.6954 -73.79396
-7.0441 120.3709 -35.2413 -73.786384
-16.3107 103.1222 -31.2609 -73.846642
-17.0106 105.6108 -30.0258 -73.843338
-17.7104 108.0993 -28.7907 -73.840087
-18.4103 110.5878 -27.5556 -73.836887
-19.1321 113.0846 -26.3544 -73.833737
-20.0839 115.6275 -25.7828 -73.830597
-21.6544 117.8269 -26.4818 -73.827442
-22.4041 120.0541 -28.0006 -73.824266
-23.8204 121.9956 -29.2918 -73.821075
-16.2837 88.4956 -30.6847 -73.864032
-16.9057 88.45 -28.8674 -73.861527
-17.5277 88.4044 -27.0501 -73.859076
-18.1496 88.3588 -25.2328 -73.856678
-18.7716 88.3131 -23.4155 -73.854334
-19.3936 88.2675 -21.5982 -73.852044
-20.0155 88.2219 -19.7808 -73.849809
-20.6375 88.1763 -17.9635 -73.847628
-21.2595 88.1307 -16.1462 -73.845502
-21.8814 88.0851 -14.3289 -73.84343
-22.5034 88.0394 -12.5116 -73.841412
-23.1253 87.9938 -10.6943 -73.839449
-23.7473 87.9482 -8.8769 -73.83754
-24.3693 87.9026 -7.0596 -73.835685
-24.9912 87.857 -5.2423 -73.833884
-25.6132 87.8114 -3.425 -73.832137
-26.2352 87.7657 -1.6077 -73.830443
-26.8571 87.7201 0.2096 -73.828802
-27.4791 87.6745 2.0269 -73.827213
-28.1011 87.6289 3.8443 -73.825678
-28.723 87.5833 5.6616 -73.824194
-10.6474 82.0467 -25.97 -73.877741
-9.8973 83.5702 -26.7997 -73.876422
-8.9166 84.4636 -28.1497 -73.87511
-7.9416 85.635 -29.2349 -73.873805
-6.7633 86.7616 -30.2244 -73.87251
-5.9934 87.8877 -31.5 -73.871225
-4.805 89.0805 -31.9871 -73.869949
-4.0074 90.0975 -33.2964 -73.868674
-3.642 91.5318 -34.1524 -73.867417
-3.5504 92.2381 -35.0395 -73.866168
-2.6112 93.3175 -34.37 -73.864928
-1.4138 94.7914 -34.5426 -73.863707
-0.1697 96.0984 -35.117 -73.862497
0.8889 97.112 -35.3375 -73.861301
1.8787 97.6218 -33.8386 -73.860116
3.297 98.6527 -34.2066 -73.858955
4.478 100.1526 -34.2331 -73.857814
5.7259 101.6013 -34.2783 -73.85669
6.9236 103.076 -34.3329 -73.855589
8.2378 104.4594 -34.2789 -73.854507
9.708 105.6324 -34.1824 -73.853452
11.0242 106.9149 -34.1788 -73.852417
12.03 108.5293 -34.2938 -73.851408
12.8387 110.237 -34.4028 -73.850424
13.6986 111.9172 -34.2947 -73.849469
14.9808 113.3035 -34.0183 -73.848543
16.3534 114.5382 -33.5266 -73.847646
-8.0122 74.6652 -19.0128 -73.888668
-7.3733 74.7434 -17.1393 -73.887321
-6.2129 74.8717 -15.5661 -73.885997
-4.6588 75.1485 -14.4836 -73.884685
-2.9313 75.2005 -13.5318 -73.883381
-1.1908 75.5548 -14.025 -73.882086
0.2492 75.4182 -15.2751 -73.880797
1.6994 75.2949 -16.4498 -73.879522
3.456 75.8724 -16.5978 -73.878257
4.909 77.061 -16.0201 -73.877003
6.3489 78.0205 -15.2054 -73.875762
7.6777 78.1558 -16.557 -73.874526
9.1932 78.8939 -17.1669 -73.873308
10.3243 80.3116 -17.9293 -73.872105
11.8031 81.2429 -18.8099 -73.870919
13.3202 82.0201 -19.7154 -73.869748
14.672 82.8734 -20.8357 -73.868596
15.8195 84.0369 -21.4716 -73.867465
17.3968 85.0052 -21.5241 -73.866353
19.1523 85.9091 -21.6233 -73.865262
20.835 86.8367 -21.5731 -73.864193
22.3782 87.6805 -22.4819 -73.863145
23.6336 88.6822 -23.6145 -73.862123
25.3121 89.236 -24.4178 -73.861127
26.9271 90.1776 -25.069 -73.860137
28.5711 91.1435 -25.6063 -73.859165
30.1849 92.1759 -26.0934 -73.858248
31.906 93.0582 -26.3886 -73.857367
33.349 94.3802 -26.2354 -73.856518
34.682 95.7638 -25.7885 -73.855703
36.0698 96.9946 -25.1164 -73.854923
-9.1332 71.1226 -19.9391 -73.892366
-11.2049 71.3971 -19.3463 -73.88922
-12.2503 72.1505 -17.4371 -73.886035
-13.2771 72.9723 -16.3017 -73.882817
-15.0629 74.4381 -16.0237 -73.879571
-17.1889 75.3374 -15.9102 -73.876285
-18.7708 76.7954 -16.5998 -73.872961
-20.2396 77.7578 -18.0502 -73.869593
-21.4318 79.2493 -19.3169 -73.866194
-22.4493 80.8848 -20.0685 -73.863657
-23.644 82.5321 -19.9209 -73.862023
-25.2693 83.8199 -19.7197 -73.860398
-26.4282 85.5474 -19.5741 -73.85878
-27.4271 87.2915 -19.7394 -73.857166
-28.2555 88.0894 -18.5764 -73.855543
-28.4362 88.7812 -16.6121 -73.85392
-28.7184 89.4709 -14.6555 -73.852322
-28.5952 90.5234 -12.9306 -73.850738
-28.0087 92.2281 -11.8717 -73.849165
-28.1824 93.3344 -10.523 -73.847597
-28.881 94.9101 -9.3484 -73.84604
-29.1637 96.6406 -8.2343 -73.844496
-29.7507 98.589 -7.8416 -73.842964
-31.2546 100.014 -7.7767 -73.841443
-32.9856 101.1833 -7.8435 -73.83994
-34.438 102.6859 -7.93 -73.838447
-35.8645 104.1959 -8.077 -73.836969
-37.7492 105.0636 -8.2888 -73.83551
-39.7252 105.5106 -8.4883 -73.834062
-41.4274 106.5542 -8.4275 -73.832628
-22.5697 79.9845 -21.0657 -73.863495
-23.5049 79.5868 -23.0086 -73.861743
-24.7357 79.2357 -23.1851 -73.86018
-26.0186 79.7983 -22.2548 -73.858627
-27.6912 80.6895 -21.9109 -73.857084
-29.3246 81.7314 -21.4655 -73.85555
-31.1306 82.4861 -21.4143 -73.854027
-32.9071 83.2024 -21.5235 -73.852508
-34.8537 83.2248 -21.3716 -73.851
-36.6622 83.819 -20.8419 -73.8495
-38.0322 83.5029 -19.5874 -73.848006
-39.4902 83.5562 -18.2934 -73.846525
-40.9141 84.0358 -17.0459 -73.845055
-42.4783 85.0996 -16.5078 -73.843601
-44.0118 86.2891 -16.2793 -73.84216
-45.0805 86.8165 -17.3328 -73.840703
-45.3985 87.0849 -19.2874 -73.83927
-46.0085 87.5938 -21.1008 -73.837849
-46.5256 87.8633 -23.0125 -73.836443
-47.0124 88.1443 -24.9307 -73.835053
-48.0466 88.8001 -25.8124 -73.833697
-49.3531 89.8139 -24.8517 -73.832359
-23.4169 79.5945 -22.041 -73.862534
-7.4755 47.1812 -14.128 -73.9269
-6.6397 46.9581 -15.442 -73.926308
-6.0885 47.0624 -16.854 -73.925746
-5.6785 47.4504 -18.3124 -73.9252
-5.0375 48.1975 -19.4234 -73.924676
-4.9376 48.8586 -20.8471 -73.924171
-4.8994 49.5688 -22.2208 -73.923688
-4.8067 50.8524 -23.1201 -73.923233
-4.348 52.1399 -23.896 -73.922783
-3.8636 53.4258 -24.6617 -73.922376
-3.2759 54.7308 -25.2965 -73.922012
-2.6137 56.0992 -25.6637 -73.921684
-1.9972 57.5231 -25.7699 -73.921389
-0.7472 58.4335 -25.8246 -73.921131
0.1834 59.5702 -25.9895 -73.920911
1.0556 60.8294 -26.3063 -73.920732
1.4265 62.1744 -26.9168 -73.920596
1.2466 63.3678 -27.9187 -73.920503
0.8615 64.5278 -28.8693 -73.920456
-1.2039 34.2315 -8.7378 -73.947051
-2.1645 36.692 -8.3921 -73.9438
-3.11 39.1845 -8.3928 -73.940493
-3.9026 40.3411 -6.7187 -73.937125
-4.4638 40.8393 -4.1593 -73.93369
-5.2514 41.2336 -1.6507 -73.930204
-6.4986 41.3875 0.6577 -73.926675
-6.9016 41.3668 3.1344 -73.923072
-8.3244 41.1475 5.0228 -73.919452
-9.0777 42.2825 6.6587 -73.916251
-10.4818 44.1286 6.7312 -73.913492
-12.0542 45.877 6.472 -73.910709
-13.7926 47.4551 6.7415 -73.9079
-14.3287 48.7274 8.6097 -73.905055
-14.2892 50.0448 10.5825 -73.902193
-14.3831 52.2013 11.5125 -73.899311
-15.4653 54.1641 11.5993 -73.896408
-15.9872 56.1264 10.7348 -73.893478
-15.9935 58.493 10.4465 -73.890527
-16.6674 59.2873 8.5547 -73.887534
-17.4698 59.7595 6.3608 -73.884523
-17.8092 61.9411 6.2291 -73.8815
-19.8136 62.8997 6.5069 -73.878444
-21.3274 63.1601 7.9551 -73.87535
-22.8218 64.0013 9.1439 -73.872804
-24.7396 64.6596 9.7419 -73.87083
-25.9313 65.6939 8.2209 -73.86886
-27.3521 67.091 7.1443 -73.866893
-27.8515 68.7801 5.7356 -73.864929
-28.9706 70.1238 4.2552 -73.862974
-29.8302 71.1977 2.3661 -73.86102
-30.5772 72.9481 2.3143 -73.85907
-31.2511 73.9836 4.3225 -73.857127
-31.8836 74.7971 6.3519 -73.855187
-33.4979 76.3178 6.0157 -73.853264
-35.3494 77.7054 5.6794 -73.851351
-36.2359 77.7987 3.4859 -73.849433
-36.823 78.2142 1.2302 -73.847524
-37.2962 78.8752 -1.0041 -73.845625
-38.0777 79.5243 -3.1351 -73.843748
-38.5828 79.8578 -5.4262 -73.841868
-40.1286 80.7679 -6.86 -73.840015
-41.8887 81.3717 -5.9333 -73.838172
-43.201 81.2826 -4.0378 -73.836334
-44.3102 81.7185 -2.0187 -73.834516
-23.2557 64.0561 8.131 -73.873016
-24.9649 64.9635 8.1844 -73.871462
-26.0616 65.9005 8.9001 -73.869887
-26.305 66.1448 10.8713 -73.868309
-26.4364 66.2766 12.8582 -73.866768
-26.7662 66.3845 14.8041 -73.865241
-28.2543 66.3369 15.7942 -73.863731
-29.7596 66.2207 16.7645 -73.862225
-29.8152 66.2528 18.7633 -73.86073
-30.2709 66.9957 19.6957 -73.859249
-31.7156 67.9135 20.4594 -73.857771
-32.1409 69.5247 21.5115 -73.856309
-33.0427 71.1208 22.2483 -73.854864
-33.7682 72.7602 23.0868 -73.853435
-34.714 74.4169 23.6586 -73.852026
-35.5114 76.0162 24.4887 -73.850634
-35.8784 77.7991 25.2812 -73.849258
-36.6919 79.4931 25.9091 -73.847903
-37.5921 81.2366 26.1638 -73.846572
-37.9648 82.9348 26.6532 -73.845255
-38.1232 84.1537 28.0096 -73.843967
-37.4894 85.6297 29.04 -73.842703
-37.0034 87.4849 29.1485 -73.841466
-36.7841 89.4485 29.2879 -73.840216
-36.3959 91.4052 29.448 -73.838999
-9.6387 41.5186 6.3846 -73.917034
-11.2133 41.8239 6.3128 -73.915874
-12.0979 42.4791 4.8865 -73.914707
-13.2557 43.35 3.9751 -73.913552
-14.2423 43.577 2.4577 -73.9124
-15.3556 43.71 1.0276 -73.911258
-15.9894 44.5732 -0.4476 -73.910122
-16.6871 45.12 -2.0478 -73.908996
-17.7188 45.8368 -3.2857 -73.907875
-18.5783 46.8498 -4.5254 -73.906766
-19.9074 47.2662 -5.6939 -73.905669
-21.5852 47.5437 -6.3542 -73.904587
-22.9761 48.6597 -6.3259 -73.903522
-24.3563 49.8697 -6.2079 -73.902471
-25.8552 50.8966 -6.0169 -73.90144
-27.0962 51.9486 -5.4199 -73.900421
-27.9482 52.3876 -3.9646 -73.899418
-29.654 52.5789 -3.9322 -73.89844
-30.6445 52.9077 -5.3714 -73.897481
-32.0441 53.5066 -6.2656 -73.896545
-33.4656 54.634 -6.5349 -73.895635
-34.9544 55.5474 -7.0531 -73.894754
-36.2819 56.6634 -7.6004 -73.8939
-37.6486 57.8611 -7.7756 -73.893073
-38.5034 59.4777 -7.6459 -73.892277
-39.3718 61.0534 -7.2838 -73.891518
-40.2991 62.551 -6.7638 -73.890794
-41.2384 64.045 -6.261 -73.890104
-41.8614 65.6914 -5.7694 -73.889455
-42.4591 67.2851 -5.1652 -73.888845
-43.3383 68.5969 -4.4191 -73.888277
-44.4522 70.0317 -4.1392 -73.887754
-45.5063 71.5345 -4.0501 -73.887276
-46.5569 73.035 -4.1531 -73.886845
-47.8716 74.2263 -4.5515 -73.886463
-48.8625 75.1738 -5.5759 -73.886132
-49.2408 75.7623 -7.2733 -73.88585
-49.4584 77.0985 -8.4631 -73.885624
-49.9501 78.752 -8.946 -73.885453
-51.026 79.8745 -9.2484 -73.885338
-51.28 79.9424 -10.8927 -73.885278
17.7044 20.951 4.9703 -73.957178
18.2015 22.2043 5.6044 -73.956222
18.6985 23.4577 6.2386 -73.955277
19.0912 25.152 6.8819 -73.954094
19.429 27.2733 6.757 -73.95266
20.0937 28.9393 5.4586 -73.951215
20.5192 30.5261 4.0181 -73.949761
21.7848 31.8769 2.8501 -73.948295
22.0977 33.1829 1.0434 -73.946819
23.2662 34.71 0.0406 -73.945342
23.7528 35.2305 -1.9989 -73.943853
24.4415 36.3316 -0.4475 -73.942356
25.2156 37.3871 1.3732 -73.940857
25.5431 38.1412 3.4507 -73.939351
26.3109 39.4951 5.0553 -73.93785
27.3125 40.7429 3.9319 -73.936346
27.6125 41.5008 5.9749 -73.934831
27.8649 42.4672 7.8245 -73.933319
28.5761 44.0126 9.106 -73.931812
29.3017 45.8785 9.8466 -73.93031
29.8444 47.4239 10.9837 -73.928799
29.8427 48.4745 12.9418 -73.927296
30.4043 50.5089 13.6559 -73.9258
32.2661 51.6774 14.0416 -73.924305
33.7432 53.3643 13.9508 -73.922817
35.3704 54.8773 13.6311 -73.921332
36.404 56.7929 13.1328 -73.919852
37.9566 57.9008 12.228 -73.918382
39.1636 59.6692 11.6914 -73.916918
40.7811 61.2139 11.412 -73.915459
42.5407 62.5144 11.7504 -73.914012
43.9242 63.8221 12.81 -73.912572
45.3908 65.165 13.6376 -73.911142
45.9271 67.2097 14.1714 -73.909728
46.6355 69.1359 14.3788 -73.908325
48.3635 70.1089 14.8857 -73.906934
49.6569 71.9103 15.1633 -73.90553
50.9513 73.7475 15.4455 -73.904141
52.8054 74.9337 15.6383 -73.902794
54.7263 75.5702 15.6827 -73.901464
56.0864 76.9982 15.657 -73.900151
57.1449 78.0802 14.4904 -73.898851
58.894 79.349 14.0314 -73.897574
60.9129 80.2627 14.3307 -73.896318
62.6887 81.5896 14.007 -73.895081
64.1912 82.1373 14.8133 -73.893859
65.3934 82.3955 16.5144 -73.892662
66.9021 83.2776 17.6975 -73.891493
67.4164 84.9808 18.6495 -73.89035
68.0681 86.9646 19.2519 -73.889238
18.9087 24.0362 7.1126 -73.9548
19.1476 18.9083 3.9431 -73.957255
20.9905 18.3979 3.8423 -73.956176
22.9152 18.2333 3.6481 -73.955085
24.7758 17.8958 3.3306 -73.953986
26.5871 18.0132 3.1308 -73.952877
28.3023 18.6484 3.6845 -73.95176
29.9424 18.8206 4.6508 -73.950637
31.2866 18.6601 5.9911 -73.949505
32.7096 18.1098 7.1234 -73.948369
34.1103 16.8391 7.543 -73.94723
35.4164 15.4177 7.7072 -73.946087
36.5618 14.0174 7.4707 -73.944943
38.0589 13.6462 6.35 -73.943798
39.8047 13.3092 5.8907 -73.942653
41.5119 12.7068 5.2455 -73.941508
42.8693 12.0614 4.0202 -73.940361
44.4573 11.3345 3.2295 -73.939218
45.9294 10.8303 2.4767 -73.938074
47.1014 10.1377 3.6205 -73.936937
48.3849 9.3089 4.6779 -73.935806
49.394 9.6773 6.2389 -73.934675
50.6478 10.0528 7.6185 -73.933551
51.9327 9.8336 9.0023 -73.932438
53.4883 10.1208 10.104 -73.931334
55.2334 9.8227 9.9071 -73.930241
57.0597 9.924 9.3135 -73.929095
58.8743 9.6526 8.6558 -73.927934
60.689 9.3812 7.9981 -73.926824
62.4959 9.1815 7.3186 -73.925764
64.0964 9.6659 6.3822 -73.924729
65.6128 10.0298 5.5676 -73.923709
66.3879 8.7348 6.61 -73.922703
67.0408 7.9267 8.2378 -73.921717
67.6184 7.3624 10.0083 -73.920746
68.2214 6.7991 11.7671 -73.919794
68.8557 6.3245 13.5452 -73.918868
69.5936 6.0215 15.3177 -73.91796
70.6128 5.6939 16.9232 -73.917081
71.846 5.1297 18.3139 -73.916234
73.446 5.6128 19.1551 -73.915411
75.1394 5.1362 19.9892 -73.914604
76.7792 5.1163 20.887 -73.913841
78.3203 5.541 21.9782 -73.913108
79.5543 6.0354 23.1887 -73.912408
80.477 6.477 24.7608 -73.911745
82.1371 6.4027 25.3832 -73.911118
83.992 6.8997 25.7174 -73.910528
85.8702 6.8251 26.0726 -73.909976
87.7509 6.7088 26.4848 -73.909465
89.6348 6.7028 26.6547 -73.908997
91.0074 6.4378 25.4152 -73.908572
92.1971 6.0461 24.0228 -73.908191
93.1627 5.5053 22.7795 -73.907846
93.4181 5.3578 20.8527 -73.90755
93.6827 5.205 18.9277 -73.907303
93.9559 5.0473 17.0042 -73.907107
94.7999 4.5071 17.8661 -73.906963
-1.9865 16.2264 -10.9822 -73.975653
-1.6114 17.3396 -11.0385 -73.975641
-1.1973 18.2526 -10.4886 -73.975629
-0.4899 18.8695 -10.968 -73.975621
0.4947 18.656 -11.4238 -73.975616
-5.9486 122.6202 -36.4545 -73.778718
-4.8563 124.4889 -38.1946 -73.770962
-3.4433 126.1431 -39.8024 -73.763127
-2.2407 128.597 -40.3971 -73.755211
-1.5188 131.295 -40.1613 -73.747204
-1.6696 134.0734 -40.2753 -73.739107
-2.517 136.7345 -40.7076 -73.730915
-3.2762 139.4376 -41.1589 -73.722627
-4.1563 142.1305 -41.3938 -73.714247
-4.9956 144.8475 -41.5126 -73.705765
-4.2109 147.46 -41.641 -73.697194
-3.9407 150.1251 -41.6099 -73.688514
-3.8535 152.9656 -41.6389 -73.67974
-3.8797 155.8081 -41.7765 -73.670852
-3.362 158.4701 -41.8809 -73.661852
-3.9026 161.1882 -41.8597 -73.652743
-4.6546 163.8938 -41.7416 -73.643523
-4.458 166.7321 -41.7051 -73.634189
-4.7248 169.4267 -41.9823 -73.624739
-5.9516 171.9513 -42.4086 -73.615164
-6.8697 174.6164 -42.5236 -73.605472
-7.1469 177.3942 -42.5991 -73.595651
-8.5483 179.5426 -43.6297 -73.585699
-9.0965 181.9163 -44.9846 -73.575595
-9.3572 184.5276 -45.8738 -73.565374
-10.3037 185.8819 -45.5629 -73.557399
-12.6165 185.7411 -44.527 -73.551803
-14.6492 185.7303 -43.1953 -73.546234
-16.2496 187.2653 -42.1906 -73.540628
-17.9145 189.1431 -41.8854 -73.534965
-19.4479 191.0685 -41.5909 -73.529241
-21.0169 192.9475 -41.0017 -73.523451
-22.4125 194.4386 -40.3024 -73.517591
-23.7068 195.9472 -39.0039 -73.511657
-25.0392 197.7028 -39.8911 -73.505652
-25.8175 200.0563 -40.2799 -73.499576
-26.6369 201.4551 -41.5533 -73.493408
-27.5289 202.2594 -40.2727 -73.48716
-29.472 203.3638 -40.3713 -73.480845
-31.4096 204.4733 -39.3932 -73.474443
-31.9894 205.4816 -37.1556 -73.467925
-32.896 206.6385 -35.2063 -73.461335
-33.7738 206.9925 -32.8727 -73.454635
-35.326 208.2821 -31.3862 -73.447864
-36.5537 210.18 -30.3332 -73.440993
-37.6503 212.1937 -29.5135 -73.434021
-38.7499 214.0475 -28.2022 -73.426934
-38.8366 216.2339 -27.1303 -73.419731
-39.8429 217.9451 -25.6872 -73.412406
-40.3547 220.3663 -25.6679 -73.404958
-9.0607 186.6005 -47.0068 -73.557765
-8.6412 188.5188 -48.1723 -73.552847
-7.9227 189.8909 -49.7878 -73.547869
-7.3389 191.2666 -51.5099 -73.542836
-6.8689 192.8579 -53.067 -73.537753
-6.5717 194.5306 -54.6272 -73.532609
-6.699 195.7688 -56.5782 -73.527394
-6.6007 197.3796 -57.9455 -73.522127
-5.361 198.4457 -59.4593 -73.516789
-4.0706 199.0919 -61.2062 -73.51138
-2.56 200.3359 -61.9713 -73.505919
-1.1767 202.1203 -62.473 -73.500387
0.1257 203.765 -63.1817 -73.494786
0.5779 205.9809 -62.9411 -73.489104
1.7705 207.8999 -62.7909 -73.483344
1.7806 210.0234 -63.3852 -73.477499
1.251 212.0868 -62.5412 -73.471565
0.3882 214.2228 -62.3899 -73.465551
-0.4598 216.2968 -62.9067 -73.459449
-1.2479 218.4121 -63.4146 -73.453251
-2.0973 220.5416 -63.7457 -73.446955
-3.4118 222.4275 -63.923 -73.440562
-5.2388 223.8332 -64.0726 -73.434064
-7.0057 225.2983 -64.337 -73.427457
-8.1122 227.0393 -64.9339 -73.420722
-8.3675 229.0243 -65.402 -73.415393
-8.7031 230.7886 -65.6689 -73.411523
-9.2813 232.5101 -65.8231 -73.40759
-9.2237 228.2929 -64.8468 -73.415895
-10.9382 228.5001 -64.259 -73.413061
-12.6565 228.7042 -63.682 -73.410218
-25.5183 124.0162 -29.3962 -73.818101
-26.4756 125.8583 -28.1987 -73.815343
-27.6755 127.8327 -27.6028 -73.812574
-27.9279 128.8492 -29.077 -73.809784
-28.5728 129.8586 -27.39 -73.806967
-29.4951 131.5172 -26.0388 -73.804151
-30.3172 133.5583 -25.0126 -73.801318
-30.9903 134.755 -23.0132 -73.798468
-31.8576 136.0757 -21.167 -73.795603
-32.9249 137.8539 -19.8699 -73.792722
-34.7749 138.8966 -19.3111 -73.789822
-36.3176 139.9122 -18.0849 -73.786909
-37.4604 141.3871 -16.8864 -73.783978
-38.6623 143.1941 -16.0632 -73.781024
-40.1691 144.5551 -14.9429 -73.778047
-41.2877 146.3296 -14.9203 -73.775046
-42.5778 148.1549 -14.027 -73.772026
-43.9866 149.9737 -13.1872 -73.76899
-45.0144 151.7833 -12.0503 -73.765928
-45.5532 153.8159 -10.8393 -73.76284
-46.3861 156.0367 -10.2537 -73.759729
-46.9837 158.3901 -9.9517 -73.756596
-47.8117 160.6751 -9.7756 -73.753432
-49.0447 162.6915 -9.706 -73.750245
-50.015 164.9082 -9.8518 -73.747028
-51.5234 166.8379 -9.9384 -73.743782
-52.9161 168.8061 -9.9279 -73.740505
-54.0733 170.9215 -9.7859 -73.737195
-55.7453 172.652 -9.5467 -73.733851
-57.6094 174.1497 -9.6472 -73.730472
-59.246 175.273 -8.9172 -73.727054
-60.6519 176.3429 -7.7572 -73.723599
-61.8971 178.3631 -7.4187 -73.720104
-62.7492 180.6081 -7.5045 -73.716564
-63.9736 182.7158 -7.7021 -73.712985
-65.2308 184.8141 -7.6187 -73.709363
-66.7492 186.7003 -7.6491 -73.705696
-68.417 188.4651 -7.7574 -73.701979
-69.4591 190.6092 -7.7695 -73.698216
-69.6776 192.1396 -9.5531 -73.694387
-70.6232 193.0213 -8.854 -73.690456
-70.9662 193.1386 -6.4297 -73.686474
-71.4596 193.5338 -4.0639 -73.682438
-72.1758 195.2071 -3.9513 -73.678375
-73.6159 196.7389 -5.1111 -73.674252
-74.8609 198.522 -6.148 -73.670062
-75.7426 199.5734 -7.6936 -73.665795
-75.3694 199.5725 -10.1146 -73.661385
-74.4019 199.6256 -11.6143 -73.656958
-73.8016 200.0979 -9.3728 -73.652436
-74.5843 201.3776 -7.8285 -73.647845
-75.66 202.8847 -6.3385 -73.643167
-76.7569 204.7933 -5.2692 -73.6384
-77.7876 206.5222 -4.0466 -73.633529
-78.7815 208.5213 -3.0989 -73.628562
-29.3228 87.5393 7.4141 -73.822813
-29.9005 87.4969 9.1019 -73.821527
-30.4781 87.4545 10.7898 -73.820285
-31.0558 87.4122 12.4776 -73.819087
-32.2782 87.1841 13.3671 -73.817926
-33.8866 86.6278 13.8875 -73.816777
-35.2533 87.1539 14.4242 -73.815644
-35.8481 87.8038 15.3321 -73.814528
-36.8463 86.9864 16.4788 -73.813426
-38.3951 86.3544 16.7879 -73.812343
-40.0436 86.842 16.4412 -73.811279
-41.676 86.6973 15.7688 -73.810232
-43.0795 86.67 14.6822 -73.809205
-44.7397 86.6061 14.8133 -73.808198
-46.2784 86.3685 14.6265 -73.807211
-47.931 85.969 14.7511 -73.806246
-49.3382 85.0184 15.2541 -73.805302
-51.0157 84.5548 15.4912 -73.80438
-52.76 84.3802 15.7377 -73.803483
-54.4766 84.1118 16.1326 -73.80261
-56.1575 83.722 16.5614 -73.801761
-57.6854 83.1665 17.2616 -73.800936
-59.449 83.0129 17.2864 -73.800138
-61.2047 83.1213 17.0316 -73.799368
-62.4985 83.4162 16.057 -73.798623
-64.2493 83.561 15.9695 -73.797907
-65.9938 83.4285 15.6473 -73.797218
-67.7202 83.5173 15.2308 -73.796558
-69.055 83.036 14.2322 -73.795927
-69.8653 82.2066 12.9383 -73.795326
-71.0115 81.258 11.9738 -73.794757
-72.4278 80.4398 11.5445 -73.794217
-73.698 79.222 11.6667 -73.793711
-74.8344 77.8746 11.8888 -73.793237
-76.1909 76.8138 12.1994 -73.792794
-77.7152 76.0674 12.6693 -73.792384
-79.2241 75.3783 13.2714 -73.792008
-80.5771 74.3384 13.7242 -73.791665
-81.948 73.2954 14.1285 -73.791355
-83.3128 72.1963 14.4348 -73.79108
-84.2563 70.7511 14.49 -73.790839
-85.9688 70.3467 14.3507 -73.790632
-87.6869 70.083 14.43 -73.79046
-89.1236 69.3762 14.9056 -73.790323
-90.0942 69.1674 16.3612 -73.790219
-91.4773 68.4273 17.0893 -73.790151
-93.1744 68.4543 17.5737 -73.790116
17.4714 115.5383 -32.7054 -73.846853
18.7181 116.515 -32.6736 -73.846154
19.4474 117.9165 -32.6863 -73.84548
20.2746 119.2604 -32.6312 -73.844828
21.0837 120.5882 -32.4636 -73.8442
21.7758 121.9988 -32.2416 -73.843597
22.3094 123.4582 -32.1155 -73.843019
23.1409 124.8071 -32.0128 -73.842468
23.9385 126.1782 -31.9172 -73.841941
25.0849 127.2066 -31.902 -73.841443
25.7601 127.3047 -33.2559 -73.840968
26.628 127.211 -34.5602 -73.84052
27.4583 127.1967 -35.7592 -73.840104
28.395 127.5305 -34.6253 -73.839716
29.5644 128.205 -33.8463 -73.839361
30.5696 128.6374 -32.8152 -73.839034
32.0051 129.043 -32.2921 -73.838739
33.4128 129.4399 -31.6761 -73.838475
34.7649 130.0848 -31.1622 -73.838244
36.07 130.7044 -30.5266 -73.838045
37.2954 130.2845 -29.7509 -73.837879
38.6668 129.8544 -29.4393 -73.837745
40.0959 129.824 -28.9371 -73.837644
41.6596 129.7812 -29.1527 -73.837577
43.163 129.7557 -29.5887 -73.837543
37.3605 97.6671 -24.1386 -73.85425
38.5247 98.3419 -23.3011 -73.853675
39.4075 98.7958 -22.0704 -73.853123
39.7833 99.3954 -20.6642 -73.852595
39.86 99.407 -19.0804 -73.852086
40.1939 99.8932 -18.7303 -73.85161
40.4963 100.318 -20.2174 -73.851156
41.4643 101.4944 -20.1061 -73.850734
42.3976 102.7119 -19.7798 -73.85034
43.1049 104.0833 -19.5568 -73.849973
44.0865 105.3182 -19.6544 -73.849636
44.7899 106.7249 -19.7113 -73.849328
45.9094 107.8469 -19.694 -73.84905
47.0015 108.9935 -19.6267 -73.848803
47.4874 110.1272 -19.5101 -73.848579
47.4694 110.2183 -21.0953 -73.848367
47.4514 110.3094 -22.6805 -73.848191
47.4334 110.4005 -24.2657 -73.848053
47.4153 110.4915 -25.8509 -73.84795
47.3973 110.5826 -27.4361 -73.847882
47.3793 110.6737 -29.0213 -73.847849
-43.1464 107.2097 -8.6051 -73.83132
-44.2349 108.3552 -9.2701 -73.83013
-45.5183 109.1815 -10.1573 -73.828954
-46.5455 110.332 -10.9218 -73.82779
-47.6198 111.4497 -11.7523 -73.826641
-48.7733 112.6103 -11.9929 -73.825506
-49.0763 114.3515 -11.8794 -73.824384
-49.3422 116.0762 -11.586 -73.82328
-49.7822 117.0822 -10.2937 -73.822189
-50.4256 118.2912 -9.1739 -73.821114
-50.9978 119.2379 -7.7863 -73.820055
-51.2625 120.0244 -6.2601 -73.819011
-51.6654 121.1492 -4.9912 -73.817988
-51.9476 122.7357 -4.2703 -73.816984
-52.5998 124.2212 -3.6393 -73.816
-53.274 125.7541 -3.0637 -73.815038
-53.9887 127.1954 -2.3704 -73.814097
-53.963 128.1021 -0.9245 -73.813168
-54.6255 128.6873 -0.6995 -73.812257
-55.0557 128.8462 -2.4173 -73.811367
-55.7093 129.6088 -3.8029 -73.810508
-56.3904 130.5701 -3.4395 -73.809673
-57.2397 131.7558 -2.5815 -73.80886
-57.7383 132.4193 -1.0375 -73.808065
-58.1997 132.8604 0.5026 -73.807298
-59.135 134.2149 0.2827 -73.806559
-59.5411 135.9385 0.3726 -73.805848
-60.3211 137.5272 0.4547 -73.805165
-61.5615 138.7924 0.4272 -73.804509
-62.8427 140.0202 0.4049 -73.80388
-63.9756 141.337 0.4784 -73.80328
-65.5415 142.0698 0.6041 -73.802709
-66.8201 143.3029 0.6105 -73.802167
-67.9523 144.6731 0.6097 -73.801641
-69.0106 146.0943 0.6091 -73.801156
-69.7753 147.6531 0.6561 -73.800705
-69.9859 148.4831 2.1055 -73.800282
-70.4429 149.3779 3.3991 -73.799892
-71.6135 150.4383 2.691 -73.799535
-72.4835 151.5429 1.7355 -73.79921
-72.9227 152.8592 2.7049 -73.798916
-72.5877 154.4469 3.3601 -73.798655
-73.0119 156.1489 3.5593 -73.798427
-73.1545 157.8864 3.5882 -73.798231
-74.1953 159.319 3.6169 -73.798069
-74.932 160.9303 3.7174 -73.797939
-75.2192 162.6661 3.8423 -73.797842
-75.4158 163.3004 5.1393 -73.797777
-75.4017 163.5667 6.8972 -73.797744
-50.1374 90.531 -23.3634 -73.831114
-51.2673 90.8857 -22.5511 -73.82997
-52.7159 91.6607 -23.1098 -73.828844
-54.0702 92.6015 -23.357 -73.827733
-55.4386 93.0469 -22.4458 -73.826638
-56.998 93.6059 -21.9041 -73.825558
-58.5673 94.2413 -21.5078 -73.824498
-59.4515 94.8578 -20.2839 -73.823447
-60.3751 95.9904 -19.3491 -73.822423
-61.639 96.317 -18.2753 -73.821417
-62.5765 96.8459 -17.7339 -73.820431
-63.9654 97.6322 -17.7098 -73.819462
-65.6166 98.1559 -17.9424 -73.818516
-67.3141 98.5251 -18.0363 -73.81759
-68.9906 98.999 -17.9141 -73.816689
-70.4527 99.8368 -17.5623 -73.81581
-71.8636 100.5751 -16.8437 -73.814955
-73.2945 101.1084 -16.0241 -73.814125
-74.8032 101.5319 -15.3155 -73.81332
-76.2937 102.0431 -14.7677 -73.812541
-76.9439 103.3194 -13.9021 -73.811787
-77.7853 104.5384 -13.0235 -73.811061
-79.1174 105.4827 -13.5256 -73.810364
-80.5678 106.3785 -13.889 -73.809695
-81.9123 107.4474 -14.0602 -73.809058
-82.892 108.884 -14.1362 -73.808449
-83.7902 110.3676 -14.0768 -73.80787
-84.9748 111.6284 -13.8567 -73.807324
-86.2002 112.6963 -13.3076 -73.806807
-87.0479 113.9279 -12.479 -73.806323
-87.7411 115.4304 -11.9657 -73.805872
-88.823 116.6812 -11.5653 -73.805454
-89.4834 118.0465 -10.8065 -73.805069
-90.0558 119.4566 -9.9504 -73.804717
-90.8226 120.9302 -9.4429 -73.8044
-91.9586 122.2396 -9.3374 -73.804119
-92.8888 123.6775 -9.6286 -73.803872
-93.6083 125.2344 -9.9613 -73.803659
-94.4583 126.6908 -10.3334 -73.803483
-95.6371 127.179 -11.2403 -73.80334
-96.5223 128.3643 -11.7434 -73.803234
-97.3565 129.8343 -11.9607 -73.803163
-98.0187 131.4271 -12.0082 -73.803128
-44.8397 82.3848 -0.1022 -73.832921
-45.6858 82.6745 1.4762 -73.831538
-47.0854 83.466 2.0376 -73.830171
-47.9154 84.1261 0.6038 -73.828809
-48.4536 84.4912 -1.1078 -73.827462
-49.4629 84.7481 -2.3216 -73.826128
-50.8487 85.4683 -2.9272 -73.824803
-51.3634 86.2483 -4.138 -73.823479
-51.1604 85.8865 -5.9031 -73.82217
-51.4147 86.3329 -4.63 -73.820869
-51.3753 86.9211 -3.2026 -73.81959
-51.6511 88.546 -2.6095 -73.818327
-52.0008 89.4665 -3.9264 -73.817068
-52.6137 90.8015 -4.1725 -73.815828
-53.4473 92.4123 -3.9386 -73.814601
-53.8653 94.1635 -3.6555 -73.813388
-53.9519 95.9277 -3.215 -73.812189
-54.3051 97.4953 -2.5507 -73.811005
-54.5625 98.6898 -1.1952 -73.809839
-54.547 99.8234 0.1762 -73.808686
-54.2907 100.3598 1.9096 -73.807547
-54.7709 101.2087 3.4194 -73.806434
-54.4328 101.9413 3.8933 -73.805343
-53.0212 101.1678 3.092 -73.804271
-52.5222 101.109 4.5528 -73.803211
-54.1846 101.7537 4.4499 -73.802177
-55.6576 102.8136 4.5394 -73.801165
-56.499 104.3974 4.7059 -73.800174
-56.8786 106.1716 4.8788 -73.799204
-56.4546 107.8733 4.5587 -73.798258
-55.6814 109.1098 4.4339 -73.797327
-55.7928 109.3656 6.2457 -73.796404
-56.2213 109.7146 7.7986 -73.795525
-55.5336 111.171 7.9788 -73.794672
-57.2605 111.7016 8.1166 -73.793846
-58.1121 113.2561 8.4551 -73.793045
-58.5985 114.919 9.0311 -73.79227
-59.6859 116.036 9.8099 -73.791525
-59.434 116.5435 10.5662 -73.790805
-59.3051 118.1105 11.4366 -73.790115
-59.9415 119.6907 12.0733 -73.789452
-60.8614 121.156 12.3489 -73.78882
-61.607 122.4945 11.39 -73.788216
-62.1797 124.0961 10.8491 -73.787643
-62.6253 125.8486 10.8404 -73.787102
-62.2188 127.4063 11.6395 -73.786592
-61.8461 129.0333 12.3882 -73.786113
-62.5327 130.6886 12.3999 -73.785667
-62.936 132.4579 12.2088 -73.785252
-63.3234 134.2117 11.8803 -73.784868
-63.6303 135.945 11.5157 -73.784517
-63.951 136.5199 9.8435 -73.784196
-64.1784 137.2406 8.1925 -73.783908
-64.0694 138.3872 6.7995 -73.783655
-64.3697 140.0086 6.0583 -73.783433
-64.8732 141.6033 5.322 -73.783244
-65.5178 142.5596 4.0703 -73.783086
-65.7682 143.1976 5.3492 -73.782961
-66.7186 144.3442 5.8832 -73.782867
-67.5125 145.9488 6.0337 -73.782806
-68.2142 147.6123 6.0332 -73.782775
-36.2134 93.2108 29.5751 -73.837938
-36.6635 94.7733 29.8902 -73.836999
-36.9263 96.2364 30.4302 -73.836083
-37.1622 97.773 30.8495 -73.835188
-37.5529 99.3568 31.1525 -73.834314
-37.9173 100.9487 31.3678 -73.833467
-38.3971 102.525 31.406 -73.832643
-38.3118 104.182 31.3802 -73.831845
-38.3833 105.841 31.3619 -73.831073
-38.5184 107.493 31.3513 -73.830328
-38.1793 109.1047 31.3065 -73.829609
-37.694 110.6348 31.1726 -73.828921
-37.4366 112.1749 31.1742 -73.82826
-36.4341 113.3684 31.2349 -73.827627
-35.2673 114.4885 31.1966 -73.827025
-35.1913 116.0244 31.322 -73.826454
-36.1323 117.264 31.8032 -73.825914
-36.1013 118.8174 31.8898 -73.825406
-35.2737 120.1279 31.585 -73.824931
-34.1912 121.3196 31.36 -73.824489
-33.7141 122.9011 31.2289 -73.824082
-33.0667 124.4147 31.1658 -73.823709
-32.8786 126.0601 31.1275 -73.823373
-32.0835 127.4884 31.1247 -73.823072
-31.8296 129.12 31.1246 -73.822808
-31.1422 130.5851 30.9859 -73.82258
-30.3228 131.8477 30.3079 -73.82239
-29.6856 132.4849 28.9766 -73.822236
-29.0719 133.0333 27.5676 -73.82212
-28.0844 133.7856 27.8775 -73.822043
-27.152 134.469 28.6173 -73.822004
68.8569 88.73 19.5506 -73.888291
69.4626 89.4871 18.5505 -73.887485
69.8694 90.2922 17.5312 -73.886699
70.1133 90.9732 19.0619 -73.885929
70.2522 92.4115 19.6157 -73.885182
70.8156 93.9888 19.8859 -73.884455
70.9233 95.5529 19.5992 -73.883747
71.3862 97.0655 19.4044 -73.88306
72.5006 98.2929 19.6588 -73.882396
72.7344 99.9408 19.94 -73.881753
72.932 101.5833 19.995 -73.881131
72.4313 103.198 19.9089 -73.880531
71.8799 104.7873 20.0008 -73.879956
71.5282 106.416 19.8144 -73.879404
71.2624 108.037 19.4849 -73.878876
70.3107 109.3594 19.2993 -73.878374
69.2896 110.7156 19.219 -73.877898
68.8552 112.3448 19.1576 -73.877447
68.8224 113.8606 18.9579 -73.877024
69.0085 114.8834 18.0264 -73.876625
68.8524 116.0924 16.8932 -73.876253
69.7271 117.2159 15.9694 -73.875909
70.0973 118.581 15.0882 -73.875593
70.8674 119.2691 13.939 -73.875303
70.3855 118.9765 13.515 -73.875042
69.9666 118.6726 13.3866 -73.874808
70.2125 118.847 11.7059 -73.8746
70.4357 118.9096 10.8982 -73.874424
70.1867 118.7318 12.5649 -73.874275
69.521 118.6003 13.8778 -73.874158
69.0153 119.2849 13.1332 -73.874071
69.8993 119.8704 11.9133 -73.874012
70.2963 119.9515 10.2866 -73.873983
95.5228 3.6634 18.9207 -73.906888
95.9521 3.5018 19.9853 -73.906851
96.3294 3.3373 21.069 -73.906832
-41.3421 222.5153 -25.6062 -73.397878
-42.702 224.1478 -25.2091 -73.391321
-44.2458 225.1088 -24.0553 -73.384781
-45.8189 226.0665 -23.0056 -73.378268
-47.3319 227.1224 -21.9872 -73.371775
-48.8138 228.7344 -21.8003 -73.365303
-50.1281 230.4969 -21.9165 -73.358847
-51.8278 231.7383 -22.0527 -73.352401
-52.8158 233.6774 -22.1145 -73.345958
-53.0724 235.6787 -22.1684 -73.340881
-53.6815 237.6012 -22.215 -73.337185
-54.8336 239.2327 -22.1693 -73.333517
-55.9455 240.9107 -22.1307 -73.329873
-56.8959 242.6769 -22.2538 -73.326251
-57.6448 244.0732 -23.1351 -73.322643
-57.9004 245.3567 -24.6431 -73.319055
-58.5973 247.0318 -25.4177 -73.31549
-59.3933 248.8468 -25.6686 -73.311943
-60.5485 250.492 -25.7129 -73.308412
-62.0102 251.8694 -25.795 -73.304894
-63.5819 251.7041 -25.7766 -73.301391
-65.1861 252.5294 -25.4878 -73.297896
-66.5361 253.7075 -24.6451 -73.294413
-67.4482 255.4346 -24.2826 -73.29094
-68.0616 257.3349 -24.0645 -73.287479
-69.279 258.781 -24.0213 -73.284032
-70.6709 260.1778 -24.061 -73.280592
-71.4436 262.0159 -24.0595 -73.277163
-72.8554 263.4363 -23.888 -73.273748
-74.3055 264.6952 -23.3614 -73.270345
-75.6104 266.0079 -22.6232 -73.26695
-76.4194 267.7709 -22.2236 -73.263559
-77.0046 269.6763 -21.989 -73.260182
-77.6943 271.5617 -21.8675 -73.256818
-78.0414 273.5421 -21.7862 -73.253463
-78.9873 275.301 -21.7403 -73.25012
-80.3424 276.7952 -21.6879 -73.246791
-81.6546 278.3163 -21.6068 -73.243475
-83.1583 279.5974 -21.7854 -73.240173
-84.8953 280.6045 -21.8472 -73.236883
-86.7025 281.4584 -21.6828 -73.233604
-87.8751 282.8646 -21.0904 -73.230338
-89.4892 283.7967 -20.5891 -73.227084
-91.1007 284.9601 -20.5677 -73.22385
-92.4107 286.2858 -21.1453 -73.220625
-94.0557 286.9976 -21.9919 -73.21742
-95.7101 288.0996 -22.2545 -73.21423
-97.3406 289.2852 -22.2657 -73.211059
-98.976 289.9877 -22.9029 -73.207903
-100.2796 290.7986 -23.6291 -73.204764
-101.4799 291.8038 -22.4899 -73.201639
-103.036 292.9887 -22.0284 -73.198538
-104.6892 294.1312 -21.8834 -73.195458
-106.3559 295.2232 -22.151 -73.192398
-107.8941 296.3493 -22.6692 -73.189362
-109.1385 297.4951 -23.597 -73.186344
-110.8652 298.494 -23.4597 -73.183355
-112.4721 299.5248 -23.016 -73.180386
-113.8772 300.6139 -22.2042 -73.177442
-115.339 301.8994 -21.8314 -73.174524
-116.6463 303.427 -21.784 -73.171635
-117.9037 305.0024 -21.8441 -73.168771
-119.0254 306.6607 -22.003 -73.165932
-119.7365 308.5266 -22.2827 -73.163123
-120.0458 309.7921 -21.1758 -73.160328
-120.3335 310.3959 -19.2752 -73.157572
-120.8092 311.2425 -17.5331 -73.154851
-121.3861 312.9361 -16.6595 -73.152166
-122.3666 314.5966 -16.303 -73.149522
-123.445 316.2788 -16.4754 -73.146906
-124.5125 317.8962 -16.7048 -73.144329
-124.8879 318.6378 -14.9021 -73.141772
-124.9811 319.1413 -12.9496 -73.13925
-125.2786 319.7061 -11.0358 -73.136768
-125.7833 320.5605 -9.2875 -73.134337
-126.7853 321.2272 -7.7186 -73.131951
-128.1198 321.7372 -6.5853 -73.129602
-129.5338 322.6762 -5.6435 -73.127299
-130.8033 322.8583 -4.1103 -73.125033
-132.3486 322.5617 -2.9424 -73.122815
-133.5223 321.7567 -2.2514 -73.120643
-134.4075 321.0203 -3.7194 -73.118516
-136.141 320.0633 -3.704 -73.11644
-137.9234 319.2453 -3.5128 -73.114411
-139.8153 319.4438 -3.03 -73.112408
-141.7336 319.7231 -2.5415 -73.110475
-143.2992 318.8382 -1.8198 -73.108598
-143.6324 318.198 -3.1912 -73.106765
-144.6494 318.183 -2.5451 -73.104981
-145.6029 318.7473 -1.0864 -73.103258
-147.1116 319.1677 -0.0827 -73.10159
-149.0143 318.6505 0.3041 -73.099977
-150.835 317.9416 0.6531 -73.098422
-152.6003 318.3043 1.3039 -73.096924
-154.255 319.2248 1.8195 -73.095486
-156.1347 319.0641 1.3765 -73.094105
-157.9479 318.8394 0.6505 -73.092782
-159.8193 318.2421 0.4855 -73.091516
-161.6982 318.4908 0.8126 -73.090311
-163.3502 318.4678 1.946 -73.089164
-164.7917 318.8721 3.1901 -73.088075
-166.0348 318.4651 4.5448 -73.087045
-167.2051 317.7036 5.9108 -73.086074
-168.6856 318.3603 6.972 -73.085161
-170.5746 318.3686 7.6324 -73.084305
-172.4422 318.8037 8.0573 -73.083506
-173.7745 319.4811 7.41 -73.082761
-175.2708 319.8181 6.8918 -73.082072
-176.3866 321.0401 7.8064 -73.081436
-178.1084 321.388 8.4289 -73.080851
-179.8667 322.3331 8.1901 -73.080318
-181.7338 322.9719 7.9865 -73.079836
-183.2047 324.2061 7.6173 -73.079401
-184.6529 324.5109 6.7583 -73.079013
-186.4765 324.882 7.4149 -73.078671
-188.3601 325.5005 7.7542 -73.078375
-190.207 326.2741 7.8586 -73.078122
-191.8555 326.4884 7.2737 -73.077911
-192.3011 326.2807 5.3327 -73.077741
-192.4569 326.3027 3.3202 -73.077609
-192.6127 326.3246 1.3078 -73.077522
-192.7684 326.3466 -0.7047 -73.077479
-53.5618 234.7518 -22.4056 -73.341096
-55.3696 234.7358 -22.9279 -73.337874
-57.1775 234.7198 -23.4502 -73.334737
-58.9758 234.7413 -23.9753 -73.331679
-60.5834 235.6616 -24.1049 -73.328672
-62.2107 236.6032 -24.0421 -73.325689
-63.9306 237.3539 -24.0447 -73.322739
-65.5569 238.2591 -24.1396 -73.319811
-67.3063 238.9314 -24.1596 -73.316916
-68.8366 239.9978 -24.0522 -73.314041
-70.5332 240.314 -23.7713 -73.311192
-72.1779 239.7124 -23.3677 -73.308365
-73.9055 239.067 -23.0743 -73.305564
-75.764 238.9129 -23.0612 -73.302785
-77.5069 238.4311 -23.4834 -73.300027
-79.2728 238.5078 -23.5052 -73.297292
-81.0101 239.1307 -23.2489 -73.294578
-82.8258 239.4159 -22.9537 -73.291888
-84.5254 239.9346 -22.4418 -73.289221
-86.2406 240.0396 -21.7161 -73.286574
-87.8568 239.8217 -20.9364 -73.28395
-89.3552 239.6723 -19.8507 -73.281346
-90.7771 239.8281 -18.7653 -73.278768
-92.3262 239.5258 -18.0598 -73.276213
-94.0855 240.1028 -17.7873 -73.273685
-95.877 240.5966 -17.5579 -73.271182
-97.6988 241.0591 -17.507 -73.268702
-99.53 241.4724 -17.4393 -73.266251
-101.2527 242.1681 -17.1773 -73.263825
-102.8299 242.815 -16.4434 -73.261428
-104.4569 243.5931 -15.9937 -73.259063
-106.2956 243.7075 -16.104 -73.256723
-107.1732 243.8399 -14.6775 -73.254398
-108.3872 244.3725 -13.7017 -73.252115
-109.3454 245.4642 -12.5807 -73.249865
-110.5466 246.5332 -11.6213 -73.247646
-112.0874 247.1 -10.9503 -73.245463
-112.6927 248.1713 -9.7197 -73.243306
-113.85 248.7857 -8.6033 -73.241187
-114.9422 250.1535 -8.2414 -73.239106
-115.3929 251.8689 -7.6387 -73.237061
-116.4822 252.9605 -6.8157 -73.235059
-117.371 253.2374 -5.1806 -73.233092
-118.358 253.8356 -3.7152 -73.231167
-119.4595 254.4678 -2.3971 -73.229287
-120.9563 255.2641 -1.6822 -73.227448
-122.5163 255.9458 -1.0086 -73.225653
-123.9831 256.9071 -0.452 -73.223903
-124.7954 257.8348 0.9161 -73.222198
-125.65 259.0549 2.0473 -73.22054
-126.8265 260.4562 2.1583 -73.218927
-128.2898 261.2032 2.616 -73.21736
-129.0334 261.3894 4.2611 -73.215837
-129.2473 261.2649 6.1105 -73.214314
-129.4022 261.1437 7.9821 -73.212866
-129.5576 261.0229 9.8536 -73.211491
-129.7512 260.9235 11.7229 -73.210135
-129.9463 260.825 13.592 -73.208845
-130.1515 260.7135 15.4586 -73.207628
-130.5488 260.346 17.2477 -73.206465
-131.604 259.0778 18.099 -73.205362
-132.4067 258.2916 19.5872 -73.204311
-133.3932 257.3081 20.8241 -73.203314
-133.8044 256.3522 22.376 -73.202372
-134.6418 255.2368 23.5911 -73.201483
-135.4197 253.8392 24.4892 -73.200648
-135.7 253.4829 26.3153 -73.199863
-136.3101 252.641 27.7577 -73.199133
-136.3201 251.3179 26.4825 -73.198457
-136.8701 249.6435 26.0944 -73.197832
-137.7175 248.1362 25.6627 -73.19726
-137.6045 246.4619 25.1316 -73.196741
-137.2893 245.0053 24.2243 -73.196274
-136.6215 243.4615 23.4192 -73.195858
-135.6446 241.9497 22.8735 -73.195488
-135.3758 240.4199 22.4018 -73.195174
-136.1869 239.3032 23.0344 -73.194912
-136.341 238.0644 24.2021 -73.1947
-136.433 236.6369 25.3143 -73.194541
-136.6008 234.8539 25.6617 -73.194434
-137.1474 233.4458 25.0869 -73.19438
-10.2537 234.1313 -65.7936 -73.40334
-11.9535 235.2244 -65.4206 -73.398893
-13.2513 236.4124 -64.5554 -73.394504
-13.9825 238.2182 -64.0036 -73.390164
-13.9675 239.4333 -65.1657 -73.385859
-14.1745 240.8047 -66.5759 -73.381612
-14.74 242.3781 -67.763 -73.377407
-15.0167 243.3075 -69.5586 -73.373233
-14.9973 244.3966 -71.2899 -73.369103
-15.4806 245.6013 -72.6631 -73.365008
-16.6681 247.206 -72.2066 -73.360947
-17.3029 249.0449 -71.7718 -73.356909
-18.6676 250.382 -71.3338 -73.352899
-19.6799 251.0982 -72.0439 -73.348909
-20.4939 252.2385 -73.4165 -73.344932
-21.5912 252.7618 -72.8895 -73.341355
-21.9596 252.8176 -71.2713 -73.338213
-22.6797 254.2973 -71.5196 -73.335087
-23.6039 255.7577 -72.0067 -73.331978
-24.5721 257.236 -72.2298 -73.32888
-26.0105 258.3101 -72.2446 -73.325794
-27.3761 259.4599 -72.2196 -73.32272
-28.9516 260.3257 -72.2375 -73.319622
-30.5102 261.2195 -72.2945 -73.316574
-31.595 262.5637 -72.7018 -73.313539
-32.6547 263.9941 -72.7006 -73.310515
-33.5598 265.5319 -72.4801 -73.307504
-34.5952 266.9872 -72.4053 -73.304505
-35.2782 268.5959 -72.3691 -73.301511
-36.5462 269.7783 -72.1737 -73.298537
-37.8737 270.872 -71.8225 -73.295575
-38.8876 272.2418 -71.3145 -73.292625
-39.6217 273.7558 -70.7585 -73.289688
-40.6535 274.9959 -70.0158 -73.286765
-42.0534 275.9829 -69.5331 -73.283852
-43.5846 276.8719 -69.3005 -73.280959
-45.0655 277.8565 -69.4958 -73.278076
-45.946 279.1186 -68.7677 -73.27521
-45.8345 280.5644 -67.9551 -73.272356
-46.196 282.2235 -68.3906 -73.26952
-46.2456 283.784 -69.1293 -73.266701
-45.9356 284.9029 -69.4775 -73.263895
-46.3572 283.3243 -69.8414 -73.2611
-47.6385 284.0096 -69.6263 -73.258309
-47.8598 285.27 -68.7781 -73.255548
-47.9763 286.6481 -67.6615 -73.252804
-48.0018 287.8134 -66.394 -73.250077
-49.296 287.3623 -65.4888 -73.247371
-50.1432 286.6731 -64.1653 -73.244691
-50.2434 286.1704 -62.4405 -73.242023
-51.2742 284.9264 -61.8207 -73.239389
-52.8421 284.4426 -61.0987 -73.236778
-53.9107 283.6653 -60.0279 -73.234193
-54.752 283.3629 -58.5184 -73.231628
-55.6511 282.4981 -57.2933 -73.229096
-56.6242 281.93 -56.0196 -73.226597
-57.9991 281.9695 -54.8908 -73.224123
-59.0837 282.3361 -53.8941 -73.221681
-60.0943 282.1643 -52.7677 -73.219266
-61.4419 281.5155 -51.8651 -73.216888
-62.8626 280.827 -51.0501 -73.214542
-64.2795 280.6349 -50.0042 -73.21223
-65.804 280.5238 -49.0693 -73.209956
-66.7885 280.054 -47.7484 -73.207712
-67.9789 279.2336 -46.7905 -73.205505
-68.6552 278.446 -45.3481 -73.203335
-69.0138 277.9753 -43.6489 -73.201203
-69.4167 276.9949 -42.4398 -73.199114
-69.8247 275.5947 -42.5008 -73.197064
-70.268 276.0815 -42.6582 -73.195056
-70.9242 276.409 -41.0457 -73.193076
-71.4032 276.5871 -39.3203 -73.19115
-72.2724 276.7647 -38.0281 -73.189275
-73.2041 276.1685 -36.6914 -73.187444
-74.2918 275.5936 -35.4399 -73.185663
-75.425 274.8456 -34.2803 -73.183927
-76.9255 274.2886 -33.5609 -73.182241
-77.3251 274.3933 -31.9623 -73.180604
-77.3839 274.0953 -31.6173 -73.179001
-77.9259 274.1693 -30.1943 -73.177454
-79.5493 274.0847 -29.6223 -73.175962
-80.9279 274.149 -28.5263 -73.174521
-82.1503 274.2888 -27.2947 -73.173137
-83.1333 274.5631 -25.8399 -73.171803
-83.3586 274.0993 -24.1212 -73.170521
-83.4086 273.3363 -22.4949 -73.169296
-83.5601 272.816 -20.7795 -73.168121
-83.7705 272.4678 -19.0265 -73.167
-84.0593 272.0789 -17.2937 -73.165937
-84.2893 271.7437 -15.5414 -73.164927
-84.9661 271.1706 -14.2656 -73.163977
-86.4465 270.5588 -13.5443 -73.163081
-87.5224 269.4821 -12.7644 -73.16224
-88.5863 270.2836 -13.3628 -73.161452
-89.344 271.7765 -13.8414 -73.160715
-90.7295 272.8654 -14.017 -73.160019
-92.0012 274.1345 -14.1202 -73.15938
-93.0728 275.5655 -14.188 -73.158795
-94.4803 276.5793 -14.1262 -73.15826
-96.2029 276.3016 -13.7358 -73.157773
-97.8612 276.4416 -13.1634 -73.157333
-99.2225 277.2086 -12.3487 -73.15694
-100.7724 276.7787 -11.5881 -73.156592
-102.4856 276.8416 -11.2384 -73.156288
-104.2435 277.0799 -11.3594 -73.156028
-105.8758 277.7134 -11.5089 -73.155812
-106.978 278.2571 -10.6069 -73.155638
-108.7214 278.4008 -10.5748 -73.155508
-110.1714 278.7473 -11.3411 -73.155421
-111.6618 279.6815 -11.4564 -73.155377
-21.5015 253.5088 -73.309 -73.34259
-22.5942 254.3623 -72.684 -73.341938
-23.4363 255.5756 -72.2611 -73.341352
-23.7952 256.2196 -73.6016 -73.340827
-24.1958 256.9175 -74.8973 -73.34037
-24.5102 257.2028 -76.431 -73.339975
-25.2575 257.9568 -77.5755 -73.339647
-25.9832 258.9049 -78.6121 -73.339383
-26.7351 259.8964 -79.3372 -73.339184
-27.7754 261.0706 -79.3699 -73.33905
-28.1276 262.1418 -78.3341 -73.338983
-14.415 228.9869 -63.4499 -73.407362
-16.1331 229.4489 -63.5343 -73.404618
-17.7421 230.1331 -63.7219 -73.40195
-19.4067 230.7023 -63.8399 -73.399361
-20.8995 231.6241 -63.8754 -73.396848
-22.4197 232.5434 -63.927 -73.394404
-23.9779 232.9794 -64.5409 -73.392031
-25.5926 233.2447 -65.0739 -73.389721
-27.3372 233.3731 -65.393 -73.387477
-29.108 233.4677 -65.4659 -73.385296
-30.8642 233.5427 -65.402 -73.383174
-32.3482 234.4256 -65.4518 -73.381111
-33.9347 234.8444 -64.9779 -73.379103
-35.6107 235.0483 -64.5372 -73.377149
-37.2988 235.2219 -64.5195 -73.375249
-38.3854 235.5894 -65.5655 -73.373393
-39.1438 235.7555 -64.0699 -73.371586
-40.4342 236.3585 -64.9633 -73.369831
-41.6538 237.408 -65.4996 -73.368123
-43.3197 237.9738 -65.7908 -73.366464
-45.0712 238.2644 -65.9288 -73.364852
-46.7994 238.6788 -65.9135 -73.363286
-48.5481 238.9796 -65.7557 -73.361764
-50.2593 239.3638 -65.4708 -73.360289
-51.9541 239.818 -65.3779 -73.358857
-53.6581 240.3081 -65.5616 -73.357471
-55.3649 240.7618 -65.7517 -73.356129
-56.9242 241.5359 -65.9538 -73.354832
-58.6438 241.8319 -66.2728 -73.353581
-59.9936 242.7156 -66.7405 -73.352373
-60.984 243.7818 -67.5294 -73.35121
-62.0855 245.146 -67.6347 -73.350094
-62.592 246.8516 -67.5474 -73.349024
-63.6958 248.1812 -67.3534 -73.348
-65.3602 248.1365 -67.1819 -73.34702
-66.6185 247.2528 -66.7907 -73.346088
-68.2827 246.701 -66.9975 -73.345196
-69.0056 246.5375 -67.1182 -73.344359
-69.4149 247.1923 -66.2178 -73.343565
-70.5685 248.2104 -65.6787 -73.34282
-72.1021 248.9573 -65.1628 -73.342125
-73.5226 249.8734 -64.6789 -73.341478
-74.9049 250.917 -64.2744 -73.340881
-76.1941 252.0464 -63.8017 -73.340336
-77.6751 252.694 -63.2164 -73.339841
-78.9054 253.7897 -63.1101 -73.339398
-80.0531 255.1107 -63.1909 -73.339008
-81.4092 256.2087 -63.4316 -73.33867
-83.1166 256.5971 -63.7243 -73.338387
-84.8053 256.9649 -63.8465 -73.338158
-86.3232 257.8036 -63.7447 -73.337985
-88.0463 257.7843 -63.4146 -73.337868
-89.5568 258.6367 -63.0658 -73.337809
-79.8558 209.6969 -1.6956 -73.624087
-80.9345 210.9313 -0.8747 -73.620279
-81.8718 212.3265 -0.0936 -73.616528
-83.0145 213.649 0.4105 -73.612832
-83.35 215.4299 0.5242 -73.609189
-84.7236 216.0877 0.5245 -73.605597
-85.8365 216.8501 1.5461 -73.602047
-86.4751 218.3432 2.3648 -73.598558
-87.6889 219.3419 3.0091 -73.59512
-89.3832 219.625 3.5112 -73.591736
-90.5679 220.9942 3.9392 -73.5884
-91.9993 222.1339 4.2769 -73.585114
-93.1066 223.0567 5.3451 -73.581868
-94.2451 224.3484 6.04 -73.578665
-95.1955 225.7846 6.6504 -73.57551
-96.1469 227.1811 6.1703 -73.572403
-97.5307 228.1499 5.5656 -73.569335
-97.6555 229.6726 4.5217 -73.566304
-98.2632 230.7709 4.9578 -73.56331
-99.4213 231.1534 5.7424 -73.560364
-100.7458 231.4122 4.7237 -73.557456
-101.8502 232.6408 4.2535 -73.554593
-103.1436 233.9354 4.0273 -73.551773
-104.4921 234.4164 4.8558 -73.548997
-105.6117 233.6885 5.7966 -73.546246
-106.7274 232.3194 6.4016 -73.543511
-107.441 230.7522 6.8747 -73.540858
-107.4488 229.0255 7.5014 -73.538254
-107.9411 227.3511 8.131 -73.5357
-107.0902 226.8712 8.9862 -73.53319
-106.1496 226.513 10.1833 -73.530697
-105.9516 226.2598 12.0223 -73.528252
-105.4787 225.2922 12.0054 -73.525871
-105.2249 224.5846 10.2988 -73.523538
-104.7784 223.6625 9.5999 -73.521266
-104.7066 222.6921 11.0296 -73.51904
-105.026 220.965 11.6033 -73.516874
-104.6066 219.9029 12.8153 -73.514758
-103.3942 219.8352 14.0764 -73.512698
-104.3073 219.9043 13.553 -73.510696
-105.885 218.9419 13.3792 -73.508749
-107.2676 218.4747 12.6842 -73.506859
-108.1193 218.5469 11.0406 -73.505023
-108.3962 219.4541 11.7193 -73.503251
-109.0143 219.6825 13.4653 -73.501534
-109.7221 219.9831 15.1561 -73.499887
-110.6667 219.9703 16.4989 -73.49831
-112.0003 218.9022 16.8845 -73.496796
-113.4433 217.9794 16.4775 -73.49535
-114.7081 217.1333 15.6968 -73.49397
-115.2947 216.7255 13.9743 -73.492656
-115.5962 216.7912 12.1637 -73.4914
-115.7677 217.1126 10.3327 -73.490217
-115.4309 217.0746 11.1227 -73.489112
-116.1181 217.6962 12.116 -73.488049
-117.3855 218.3763 13.3061 -73.487073
-118.8798 218.8959 14.099 -73.486186
-120.5533 219.5755 14.5055 -73.485374
-122.3465 220.0233 14.7431 -73.484638
-124.1585 220.1151 14.949 -73.483978
-125.565 221.2324 14.8597 -73.483396
-126.6064 222.7478 14.7267 -73.482894
-127.1945 224.5052 14.537 -73.482471
-127.9351 226.1832 14.2547 -73.48213
-129.0224 227.5634 14.5865 -73.481871
-130.1181 229.0198 14.5982 -73.481697
-131.2201 230.4645 14.2522 -73.481609
47.5528 -96.076 13.5667 -74.981121
47.0015 -95.2803 13.5986 -74.981269
46.7344 -94.3274 13.6342 -74.981342
27.7081 -94.2683 18.8592 -75.00096
26.226 -93.6204 19.8024 -75.001555
24.7439 -92.9726 20.7456 -75.001983
23.2618 -92.3248 21.6888 -75.002262
23.8038 -92.3745 21.7835 -75.0024
54.7481 -88.0637 17.871 -74.969614
97.3169 -66.6493 31.3652 -74.937324
99.3506 -67.4491 30.897 -74.938278
101.3843 -68.2489 30.4289 -74.939058
103.4181 -69.0488 29.9607 -74.939675
105.4518 -69.8486 29.4925 -74.940134
104.935 -70.7499 28.9784 -74.940439
104.6139 -70.6388 26.7694 -74.940592
96.937 -66.473 30.8282 -74.936829
44.0154 -65.7095 15.6069 -74.930676
44.0102 -66.3692 14.8486 -74.930822
44.1586 -67.2141 14.3402 -74.930895
-4.665 -9.0685 -0.0051 -74.025184
-3.3078 -10.3003 -0.0154 -74.066504
-1.9532 -11.5348 -0.0257 -74.107737
-0.7426 -12.7803 -0.0459 -74.175999
0.4334 -13.9291 -0.0935 -74.270786
1.4466 -15.2471 -0.185 -74.364481
3.5554 -27.7322 1.4257 -74.496994
8.6107 -41.3653 6.7974 -74.60505
22.8794 -62.2772 10.5055 -74.817014
26.4745 -64.8588 13.9793 -74.845255
29.0535 -67.1183 14.3116 -74.862932
42.1418 -73.5431 16.2509 -74.922716
47.2069 -85.1931 18.1557 -74.962797
44.6639 -89.9679 15.7857 -74.97634
47.7449 -96.3203 13.6398 -74.980728
78.4149 -177.3628 14.5582 -75.000039
95.2227 -265.7699 17.0719 -75.01012
48.1056 -320.1106 18.1187 -75.012925
-10.9476 -383.6056 22.9817 -75.009533
-40.36 -432.7473 17.7175 -75.000268
28.7834 -94.5812 17.274 -74.9989
14.3097 -106.6143 20.8227 -75.012466
2.7577 -126.0427 26.0848 -75.019531
-45.0792 -189.1405 27.4734 -75.018336
30.9775 -170.2053 31.4202 -75.019205
28.3969 -94.5693 18.0599 -75.000249
-40.2348 -104.2908 -5.8163 -75.015829
-111.9958 -139.102 2.509 -75.016708
54.6562 -87.9717 17.7384 -74.969195
111.8824 -135.9529 29.1893 -75.000082
164.8572 -185.7356 20.1853 -75.012345
213.7243 -226.7876 32.011 -75.011659
43.9697 -65.4565 15.7766 -74.930181
45.5333 -62.1584 17.8534 -74.932198
96.2419 -66.2233 31.6259 -74.936725
2.1326 -22.0656 -2.5814 -74.454072
6.2653 -35.3706 6.4938 -74.554134
8.3143 -40.7868 6.7183 -74.646585
15.4942 -50.7521 4.9673 -74.716229
19.5156 -57.7327 7.1557 -74.782574
24.2121 -63.3654 12.9105 -74.831518
27.7984 -65.9637 14.1964 -74.854287
35.2991 -71.3414 15.5234 -74.894367
45.9552 -78.4006 18.2802 -74.944207
45.9541 -87.9136 17.638 -74.96993
46.0845 -93.1486 14.7482 -74.979331
52.1518 -103.9606 11.3242 -74.983577
58.8833 -119.603 12.0998 -74.986977
62.6461 -133.0235 18.7767 -74.99046
68.7987 -150.479 18.27 -74.9944
75.478 -168.4071 16.0379 -74.998505
80.7201 -186.7623 13.7215 -75.001556
86.0397 -202.1519 18.4658 -75.003121
88.9594 -219.8372 14.0604 -75.004864
92.3483 -238.1707 14.3683 -75.007065
94.4112 -256.1543 16.5595 -75.009451
95.282 -267.4858 16.3224 -75.010772
95.3059 -280.3632 10.9397 -75.010845
82.392 -291.8157 13.1552 -75.011149
66.6134 -301.8126 13.5179 -75.011949
55.8832 -314.8401 17.1156 -75.012967
42.621 -325.3136 19.0805 -75.012865
32.9705 -340.7608 23.6528 -75.011691
23.9361 -354.8041 21.203 -75.010781
9.6225 -366.7531 22.7517 -75.010388
-4.6074 -378.3071 21.4152 -75.010222
-16.9731 -389.755 18.9726 -75.008824
-27.5688 -401.1213 14.9527 -75.006454
-39.573 -411.7299 14.9204 -75.004352
-40.6381 -420.4638 25.2112 -75.002797
-40.4069 -426.6412 14.8914 -75.001523
-41.6738 -434.0686 12.5022 -74.998999
-35.1298 -447.795 10.0223 -74.995682
-30.511 -455.7937 6.7671 -74.992774
-26.4654 -460.7911 2.4423 -74.990706
-24.2919 -464.5784 0.2402 -74.989641
37.1249 -94.0849 14.9718 -74.988949
20.7736 -99.7756 22.2184 -75.006978
11.0172 -108.5614 18.7473 -75.014519
5.909 -113.1292 24.1737 -75.017011
4.7649 -121.3499 27.2758 -75.018881
-3.9067 -133.7894 26.1237 -75.019921
-16.2236 -149.0836 26.7198 -75.019443
-17.7909 -159.6216 22.5822 -75.019066
-30.8645 -168.2845 21.4997 -75.019032
-40.3768 -181.2163 24.3391 -75.019048
-50.8898 -195.8899 27.7601 -75.017614
-59.8432 -207.2909 27.0024 -75.015029
-63.453 -209.2381 15.4152 -75.012648
-64.2909 -212.4765 11.1044 -75.010921
-69.7086 -217.4653 14.9612 -75.010022
-1.3141 -131.2728 34.9295 -75.020435
15.7442 -115.5027 24.1983 -75.014118
21.9499 -133.9863 25.1312 -75.015211
26.8898 -147.4387 25.6301 -75.016278
28.6429 -155.1273 32.7495 -75.017636
28.6017 -167.7997 33.6747 -75.019053
33.7647 -170.9041 21.6446 -75.019352
35.3986 -176.6564 11.4651 -75.018501
39.8278 -180.409 -7.3747 -75.017888
28.4843 -94.572 17.6083 -74.999852
24.075 -93.3058 9.4058 -75.002941
15.5128 -90.8025 -8.4542 -75.00603
-0.0475 -89.6597 -13.0268 -75.008952
-13.9393 -94.7328 -4.0497 -75.012031
-31.0534 -101.5497 -4.3571 -75.015016
-48.3446 -108.1087 -4.4853 -75.016625
-60.3769 -111.0796 -1.1234 -75.016625
-77.9711 -113.5102 3.296 -75.016614
-92.0999 -121.9743 4.6219 -75.016902
-105.6825 -132.44 0.8972 -75.017238
-119.8735 -141.3568 5.959 -75.016198
-132.8113 -151.1601 6.979 -75.014074
-147.2952 -155.5423 4.0924 -75.012064
-153.368 -158.2725 7.6335 -75.010595
-168.793 -159.6906 7.6228 -75.00983
50.8433 -86.5895 17.9535 -74.966986
61.2357 -92.3404 14.5899 -74.974173
72.1897 -102.125 21.0158 -74.980596
85.4059 -115.7278 22.6939 -74.986476
96.1046 -123.0147 27.5352 -74.992325
106.3877 -128.7142 28.8233 -74.997934
119.3522 -141.0891 32.8119 -75.002209
133.3865 -151.0456 27.4274 -75.004527
140.4642 -156.8554 25.7903 -75.006767
152.3124 -169.1266 29.8767 -75.009256
161.5491 -182.1636 26.4505 -75.011746
167.3763 -187.9265 20.8501 -75.012925
178.0174 -198.4202 27.7655 -75.012576
190.5879 -201.853 17.5881 -75.012242
198.4764 -209.0366 23.2285 -75.012217
206.4978 -222.3967 29.9785 -75.01226
216.4485 -231.2363 29.6641 -75.011075
219.3592 -241.6667 28.5636 -75.008901
217.6919 -257.4839 32.1794 -75.006855
212.7961 -271.781 39.8533 -75.005355
208.8344 -287.7139 39.3838 -75.004565
43.1478 -69.6198 16.0595 -74.92804
45.0982 -63.5211 16.1223 -74.931372
50.7937 -61.6079 11.0465 -74.933695
63.7547 -58.5312 9.7712 -74.934548
75.049 -60.4617 16.3877 -74.934982
83.0968 -60.7333 25.9161 -74.935481
91.3447 -63.64 26.8113 -74.936215
106.4082 -69.1292 24.6495 -74.935344
123.1559 -72.5629 28.9251 -74.933324
143.1961 -75.9244 28.8652 -74.93228
46.1286 -55.224 14.5026 -74.933741
37.6417 -45.2763 18.4222 -74.934466
22.8448 -43.0894 21.8828 -74.934622
