-0.8015 -1.2678 -0 -73.357858
-3.2062 -5.0715 -0 -73.356509
-5.0765 -8.0299 -0 -73.355587
-6.4123 -10.1429 0.0262 -73.355345
-8.0143 -12.677 0.1283 -73.35505
-8.8146 -13.9429 0.1666 -73.354831
-8.2187 -14.5214 0.2948 -73.354597
-8.7411 -16.3672 0.5247 -73.353979
-10.0309 -17.8905 1.1419 -73.353194
-11.386 -19.3222 1.89 -73.352433
-12.7254 -20.8552 2.392 -73.351717
-14.0432 -22.4116 2.6217 -73.350865
-14.6972 -24.3185 2.0715 -73.34983
-15.5306 -26.234 2.0482 -73.348705
-16.1094 -27.8038 2.3068 -73.347733
-14.7796 -28.9827 3.1257 -73.346919
-13.6062 -30.5844 3.6202 -73.346102
-12.2537 -32.1091 3.9089 -73.345284
-11.1222 -33.7683 4.2796 -73.344461
-10.1932 -35.2295 5.196 -73.343637
-9.3619 -36.7283 6.3117 -73.342808
-8.5851 -38.2492 7.4144 -73.341978
-7.5935 -39.8435 8.2499 -73.341146
-6.8916 -41.4349 9.2193 -73.340307
-6.2727 -43.3267 9.6108 -73.339466
-5.7427 -44.6215 10.9758 -73.338619
-5.2774 -45.3085 12.8612 -73.337768
-4.5701 -46.2857 12.7646 -73.336915
-3.9187 -47.0128 11.0346 -73.336057
-3.487 -47.3534 9.0584 -73.335193
-3.1601 -48.3203 10.2056 -73.334325
-2.5906 -49.7167 11.29 -73.333462
-2.064 -51.2649 10.2609 -73.332595
-1.9023 -53.0628 10.2828 -73.331725
-1.2374 -53.7481 8.8883 -73.330846
-0.2338 -55.4757 8.438 -73.329968
0.9268 -57.1391 8.1846 -73.329087
2.1659 -58.7648 8.26 -73.328203
2.7966 -60.3652 9.2072 -73.327315
3.5606 -62.0815 8.7826 -73.326423
4.1051 -63.9769 8.2533 -73.325527
4.7728 -65.8913 8.0534 -73.324629
5.555 -67.7898 8.1794 -73.32373
5.4215 -69.7319 8.5591 -73.322828
5.3722 -71.1779 9.39 -73.32192
6.6015 -72.8224 9.4344 -73.321011
7.9091 -74.3345 9.4579 -73.320097
9.1469 -75.9691 9.4502 -73.319182
10.0298 -77.8076 9.4917 -73.318265
10.7723 -79.6982 9.5101 -73.317344
12.3735 -80.8411 9.4583 -73.316421
13.4145 -82.6176 9.4397 -73.315496
14.1594 -84.5026 9.6273 -73.314566
14.908 -86.352 10.0263 -73.313635
15.6285 -88.1574 10.421 -73.312702
16.2688 -90.0988 10.1972 -73.311765
16.8061 -92.0324 10.2983 -73.310827
18.0591 -93.5211 10.9131 -73.309887
19.0692 -95.1762 11.592 -73.308944
20.0514 -96.8019 12.3554 -73.308001
20.7986 -98.4251 13.1509 -73.307054
22.3425 -99.643 13.6764 -73.306106
23.1324 -101.4525 13.8694 -73.305156
24.2278 -103.1764 13.8286 -73.304203
25.7948 -104.4654 13.8973 -73.30325
27.3532 -105.7951 13.951 -73.302296
28.4996 -107.4233 13.9547 -73.30134
30.0108 -108.56 13.6639 -73.300382
31.1081 -108.6091 12.0588 -73.299406
29.9694 -109.9097 10.9348 -73.298357
28.8308 -111.2104 9.8109 -73.297333
27.6922 -112.511 8.6869 -73.296333
26.8377 -113.4766 7.7017 -73.295346
28.1153 -111.9666 8.2837 -73.2943
29.3929 -110.4565 8.8658 -73.29328
30.6706 -108.9464 9.4479 -73.292285
31.1787 -108.9746 10.7509 -73.291284
31.0798 -109.3078 12.7833 -73.290279
31.1974 -110.3892 14.0207 -73.289294
31.8589 -112.2436 14.4776 -73.288314
32.2207 -114.0808 14.8897 -73.287333
32.3754 -116.0895 14.7382 -73.286353
33.2282 -117.7627 14.1097 -73.285372
34.0263 -119.6079 13.7086 -73.284393
34.4263 -121.5938 13.4703 -73.283415
34.6735 -123.5948 13.4834 -73.282439
34.4631 -125.6138 13.6554 -73.281464
35.477 -127.1975 13.9548 -73.280493
36.4488 -128.3733 14.9241 -73.279518
36.0423 -130.1872 15.3722 -73.278541
35.1621 -131.5518 15.4371 -73.277571
35.6418 -129.8523 14.8263 -73.27661
35.0348 -128.0619 14.2107 -73.275651
35.5446 -129.8444 14.1534 -73.274695
35.6291 -131.8577 14.0497 -73.273745
34.8485 -133.6181 13.7199 -73.2728
34.2995 -135.3089 12.7219 -73.271861
33.9891 -137.2127 12.2496 -73.270929
34.6951 -139.1364 12.158 -73.270003
34.4342 -141.0719 12.4762 -73.269085
34.9496 -142.8915 13.1328 -73.268173
35.1207 -144.6736 12.8365 -73.26727
36.0553 -146.4708 12.5635 -73.266377
36.5162 -147.9232 11.2272 -73.265489
37.0821 -149.6924 10.5935 -73.264616
38.1845 -151.3675 10.8233 -73.263755
38.9786 -152.5573 11.4668 -73.262904
38.5512 -154.4927 11.7745 -73.262061
38.9845 -156.4817 12.0272 -73.26123
38.8087 -158.4686 12.102 -73.260415
39.4316 -160.3993 12.1561 -73.259616
40.017 -162.1492 11.7738 -73.25883
39.9044 -164.0643 11.3068 -73.258064
40.4166 -165.9089 10.6066 -73.257314
41.3853 -167.5493 10.7632 -73.256585
42.1247 -169.1267 11.6727 -73.255875
42.1485 -170.8263 12.6221 -73.255186
41.2541 -172.1527 13.7028 -73.254521
41.3329 -173.6405 14.3131 -73.253879
41.6008 -174.8677 12.6805 -73.25326
41.8738 -176.7997 12.275 -73.25267
42.7438 -178.5456 11.9564 -73.252108
43.2439 -180.4578 12.0397 -73.251576
43.3656 -182.4295 12.4106 -73.251074
43.6747 -184.2146 13.2717 -73.250603
44.1736 -186.1236 13.8383 -73.250168
44.3535 -187.9066 14.7675 -73.249768
44.8726 -189.5685 15.6922 -73.249404
45.4404 -191.1005 14.5715 -73.24908
46.1386 -192.9259 14.1459 -73.248796
46.6287 -194.8895 13.783 -73.248556
47.9055 -196.4354 13.3908 -73.248359
49.0241 -197.9564 13.467 -73.248209
49.8322 -199.3762 13.2319 -73.248106
51.04 -200.3986 12.0409 -73.248054
-16.8109 -27.3553 2.8101 -73.347835
-17.497 -28.3029 4.2038 -73.347239
-18.1984 -29.271 5.5067 -73.346658
-18.2577 -29.3412 3.7473 -73.345982
-18.2679 -29.344 1.9276 -73.345323
-18.2781 -29.3467 0.108 -73.344682
-18.2883 -29.3494 -1.7116 -73.344059
-18.2985 -29.3522 -3.5313 -73.343453
-18.8534 -30.5664 -3.9808 -73.342857
-18.8107 -32.318 -3.8597 -73.342256
-19.3066 -34.0554 -3.7456 -73.341653
-18.9488 -34.5418 -2.2544 -73.341046
-18.3075 -35.7012 -1.0566 -73.340436
-18.003 -37.2922 -0.254 -73.339825
-17.2153 -38.7422 0.5062 -73.339212
-17.2992 -40.1694 1.5541 -73.338596
-17.1185 -41.7267 2.3954 -73.337977
-17.083 -42.8762 3.6698 -73.337352
-17.3639 -44.4413 4.545 -73.336727
-18.2212 -45.6938 5.2818 -73.336103
-18.9632 -46.7735 4.1464 -73.335476
-19.2427 -47.6114 2.5633 -73.334842
-19.7572 -49.1601 2.2576 -73.334213
-20.0441 -50.8741 2.5491 -73.333584
-20.3286 -52.4364 3.2684 -73.332954
-19.8077 -53.8024 3.6098 -73.332323
-19.2008 -54.6661 2.2731 -73.331687
-18.7221 -56.0354 2.9434 -73.331049
-18.7365 -56.729 4.1896 -73.330413
-18.8997 -58.1413 5.2798 -73.329779
-18.8149 -59.8936 5.7078 -73.329149
-18.9822 -61.072 7.0484 -73.328517
-19.3934 -62.5349 8.0119 -73.327892
-19.547 -63.8484 9.0694 -73.327266
-19.5772 -65.5723 8.63 -73.326649
-19.258 -67.3139 8.3405 -73.326035
-19.7508 -69.0603 8.364 -73.325429
-19.9946 -70.8175 8.7102 -73.324827
-19.8037 -72.5539 9.1873 -73.324231
-19.7201 -74.3251 9.5635 -73.323642
-20.2567 -75.9938 9.7611 -73.323062
-19.7758 -77.7066 9.8918 -73.32249
-19.8692 -79.394 10.0722 -73.321929
-20.6153 -80.6503 10.7965 -73.321379
-20.8101 -82.0334 11.1362 -73.320842
-21.8468 -83.2751 10.5156 -73.320319
-22.3598 -84.646 11.4203 -73.319811
-22.8139 -86.2646 12.0203 -73.319318
-22.9433 -87.4114 13.1988 -73.318839
-23.2601 -88.7922 14.1473 -73.318381
-23.5187 -90.5915 14.1567 -73.317945
-23.7693 -92.3875 14.2837 -73.317532
-23.9193 -94.161 14.5659 -73.317142
-24.765 -95.4177 14.2775 -73.316778
-25.6946 -96.5629 13.7452 -73.316441
-26.3361 -98.2508 13.7081 -73.316133
-26.22 -99.6251 14.4174 -73.315852
-26.029 -100.2322 16.1217 -73.315605
-25.98 -100.9366 17.7977 -73.315393
-26.1774 -101.1961 19.58 -73.315213
-26.4133 -101.3806 21.3748 -73.315078
-26.5757 -102.9017 22.0388 -73.314987
-26.565 -104.1061 22.8298 -73.31494
-10.4886 -18.1238 0.6694 -73.352548
-10.4015 -18.057 0.4643 -73.352086
-11.3637 -19.3353 1.4826 -73.351533
-12.4409 -20.4928 2.3203 -73.35088
-13.7335 -21.882 2.6066 -73.350172
-14.3525 -23.4451 1.6476 -73.349458
-14.7639 -24.7529 0.4153 -73.348743
-15.0123 -25.6795 -1.2982 -73.348022
-14.7483 -27.3027 -2.2341 -73.347299
-14.1682 -28.7546 -3.3613 -73.346571
-14.1335 -30.3237 -2.5621 -73.345839
-14.176 -32.0715 -1.7097 -73.345106
-14.076 -33.7889 -0.9359 -73.344368
-13.8862 -35.6563 -1.4771 -73.343628
-13.5408 -37.5381 -1.8551 -73.342886
-12.9254 -39.3671 -2.0095 -73.342137
-12.8947 -41.2639 -2.5483 -73.341387
-12.5093 -43.0891 -2.3969 -73.340634
-11.8636 -44.7358 -1.5183 -73.339873
-11.3409 -46.4019 -0.6056 -73.33911
-11.0233 -47.5467 0.9658 -73.338338
-10.5913 -48.4457 2.6789 -73.337568
-10.1405 -50.0833 3.3431 -73.336796
-10.2934 -51.7904 2.9275 -73.33602
-10.88 -52.8858 1.4404 -73.335238
-11.0363 -54.4811 1.7038 -73.334456
-11.1458 -56.3254 2.378 -73.33367
-10.357 -57.7555 3.4384 -73.33288
-10.1358 -58.8326 4.9901 -73.332087
-10.3077 -60.6124 5.6598 -73.33129
-11.2813 -62.2927 6.0116 -73.330491
-11.7958 -64.1934 6.181 -73.329689
-12.4342 -66.0517 6.3974 -73.328883
-11.9522 -67.7789 6.8906 -73.328074
-11.6762 -69.0382 8.2561 -73.327261
-11.713 -70.0381 9.9612 -73.326447
-11.8555 -70.9146 11.6774 -73.325625
-12.8132 -71.5235 13.2459 -73.324804
-13.5753 -72.2336 12.7301 -73.32398
-14.1638 -73.7043 11.8882 -73.323154
-14.4131 -75.2707 10.815 -73.322328
-13.5782 -77.0011 10.3425 -73.321498
-13.3259 -78.9499 10.1371 -73.320667
-13.3622 -80.9141 10.3308 -73.319835
-14.2376 -82.5066 10.9807 -73.319004
-14.7845 -84.1023 11.9265 -73.318169
-15.3519 -85.4422 12.6525 -73.317333
-15.7865 -86.6616 12.098 -73.316494
-16.5522 -87.7496 13.5364 -73.315656
-17.1687 -89.5648 13.8022 -73.314819
-18.2162 -91.1682 13.885 -73.313982
-19.5493 -92.634 13.9514 -73.313145
-20.3209 -94.4426 13.8656 -73.312308
-21.0095 -96.2837 13.6721 -73.311473
-21.3384 -97.8523 13.9673 -73.31063
-21.6939 -97.8965 15.9193 -73.309779
-22.3276 -98.0602 17.7316 -73.308942
-21.887 -98.9874 16.7979 -73.308098
-22.8153 -99.7306 15.3374 -73.307268
-24.3779 -100.6691 14.7056 -73.306443
-24.3457 -102.6276 14.3888 -73.305623
-24.5768 -104.5617 14.2213 -73.304808
-24.8282 -106.5067 14.2205 -73.303998
-25.0574 -108.4614 14.1941 -73.303195
-25.5558 -110.3378 14.0236 -73.302397
-26.9412 -111.6652 13.5497 -73.301606
-27.6548 -113.1993 12.651 -73.300824
-27.9593 -114.1646 11.0361 -73.30004
-28.3565 -115.3746 10.0919 -73.299278
-29.1471 -116.4978 9.0352 -73.298522
-29.5399 -117.0458 7.1689 -73.297771
-29.9596 -117.6548 5.3281 -73.297037
-30.9613 -118.935 4.5188 -73.296321
-32.1435 -120.2324 4.6581 -73.295618
-32.9363 -121.0473 6.2793 -73.294928
-33.621 -122.2206 7.5953 -73.294257
-33.9105 -123.585 8.7937 -73.293602
-34.4873 -124.3869 10.3397 -73.292966
-35.0405 -125.7656 11.4307 -73.292354
-34.701 -127.6323 11.772 -73.291762
-35.3063 -129.4991 11.9181 -73.291194
-35.9903 -131.3268 11.7835 -73.29065
-37.6819 -132.1342 11.31 -73.290134
-38.5009 -133.4806 10.3217 -73.289644
-38.4967 -134.7419 8.9782 -73.289182
-39.2613 -136.1191 9.0235 -73.288754
-39.6486 -137.8732 9.0943 -73.288359
-40.3927 -139.5578 8.4232 -73.288
-41.3357 -141.2284 8.0319 -73.287679
-41.7461 -143.1332 7.6854 -73.287397
-42.0138 -145.0056 7.4829 -73.287156
-41.9887 -146.6225 8.5512 -73.286958
-43.1363 -148.1444 8.915 -73.286807
-43.8626 -149.8828 8.3731 -73.286704
-44.926 -151.4033 7.7386 -73.286651
-9.353 -14.8211 0.2731 -73.354489
-11.0559 -15.5864 0.7158 -73.353876
-12.8605 -15.9487 1.177 -73.35312
-14.323 -16.6873 2.6356 -73.35172
-15.6273 -17.7486 4.2904 -73.350547
-16.5612 -19.3299 4.837 -73.350017
-17.0333 -20.2944 6.2453 -73.349421
-17.8874 -21.5361 7.3823 -73.34881
-18.8508 -22.9769 8.1796 -73.348198
-19.5099 -24.5801 8.9543 -73.347582
-19.7318 -25.6734 10.3712 -73.346958
-19.6375 -26.5275 11.987 -73.346328
-20.9183 -27.5166 12.4491 -73.3457
-21.2964 -29.0814 13.3143 -73.345068
-21.83 -30.7644 14.0149 -73.344431
-22.4092 -32.288 14.7504 -73.34379
-23.1716 -32.8787 16.4102 -73.343139
-23.4458 -33.3976 17.1662 -73.342493
-23.9797 -35.1098 17.8018 -73.341841
-25.2888 -36.4276 18.1128 -73.341188
-26.4013 -37.9363 18.2431 -73.340532
-27.2908 -39.5473 18.3867 -73.339873
-28.9068 -40.2841 18.3568 -73.33921
-28.8386 -41.8551 18.071 -73.338545
-30.0593 -43.3052 18.0707 -73.337877
-30.6546 -44.9959 18.2212 -73.337204
-31.4097 -46.5757 18.3297 -73.336529
-32.6885 -47.8644 18.2798 -73.335852
-33.6705 -49.4532 18.3794 -73.335176
-34.3435 -51.1833 18.7706 -73.334497
-35.0428 -52.643 19.7515 -73.333816
-35.9334 -53.9164 20.8542 -73.333136
-36.4958 -55.5633 21.6175 -73.332455
-37.1515 -57.2664 22.1901 -73.331776
-37.503 -58.9135 22.7742 -73.331092
-37.2767 -60.629 23.5408 -73.330409
-38.3487 -62.1152 24.0868 -73.329729
-38.7835 -63.8894 24.6417 -73.32905
-39.0307 -65.5698 25.4324 -73.328374
-39.2448 -67.4312 25.7075 -73.327699
-39.4113 -69.2406 26.1323 -73.327028
-38.2265 -70.1613 27.1367 -73.32636
-37.9293 -71.6381 28.1838 -73.325693
-36.7386 -72.8721 28.5562 -73.325034
-35.4143 -74.1273 28.8617 -73.32438
-33.8413 -75.1427 29.2839 -73.323718
-32.9832 -76.7229 29.5771 -73.323076
-33.6399 -75.092 29.1649 -73.322432
-33.1635 -76.3575 28.5144 -73.3218
-32.6394 -77.9449 29.3953 -73.321178
-31.5586 -79.4236 29.8926 -73.320557
-30.8094 -81.0765 30.3763 -73.31995
-31.5811 -82.6547 30.6865 -73.319364
-31.7168 -84.5489 30.8274 -73.318793
-31.5105 -86.4537 30.8357 -73.318239
-31.5377 -88.3667 30.7633 -73.317701
-31.4829 -90.279 30.6456 -73.317183
-31.9235 -92.1277 30.4947 -73.316685
-32.2806 -93.9944 30.2829 -73.316211
-33.2826 -95.4749 30.073 -73.31576
-34.2923 -96.3147 29.212 -73.315334
-33.7984 -97.5646 29.0456 -73.314933
-33.365 -98.5644 30.3242 -73.314561
-34.9529 -99.5888 30.5864 -73.314221
-35.3561 -101.2379 30.5528 -73.313914
-35.425 -102.1901 29.7785 -73.313643
-35.4381 -103.6106 30.0236 -73.31341
-35.4329 -104.9525 28.8355 -73.313219
-35.4888 -106.6151 28.0477 -73.313071
-35.1318 -108.0258 29.2064 -73.312969
-34.5346 -109.5447 30.0645 -73.312918
-15.445 -16.6758 3.4162 -73.350541
-17.1123 -16.5493 2.7023 -73.350019
-18.8242 -16.1183 2.2844 -73.349431
-20.5247 -15.3962 2.2003 -73.348833
-22.3116 -15.3473 2.4856 -73.348233
-24.0423 -14.9367 2.9859 -73.347626
-25.7912 -14.8802 3.5418 -73.347015
-27.6376 -14.8877 3.7424 -73.346401
-29.4617 -14.8882 3.7168 -73.345784
-31.2202 -15.3922 3.5297 -73.34516
-32.7539 -15.8243 2.9445 -73.344529
-34.0829 -16.2305 1.7975 -73.343897
-35.3566 -17.1047 0.7776 -73.343261
-36.7811 -17.3591 0.0703 -73.342623
-38.4049 -17.2529 0.8951 -73.341983
-40.1857 -16.9717 1.2216 -73.341339
-41.9745 -17.3706 1.348 -73.340691
-43.6645 -17.7288 1.1737 -73.340039
-45.1638 -16.9527 0.472 -73.339385
-46.3865 -16.2335 -0.6264 -73.338725
-48.1583 -16.038 -0.1893 -73.338062
-49.5586 -16.5997 0.7893 -73.337394
-50.6275 -17.7832 1.5574 -73.336725
-52.4581 -17.9497 1.6886 -73.336054
-54.2203 -17.8442 1.1278 -73.33538
-55.6575 -18.4041 0.1681 -73.334703
-57.139 -19.2179 -0.5793 -73.334023
-58.8775 -19.6978 -0.9928 -73.333342
-60.4992 -20.5497 -0.8751 -73.33266
-62.2699 -20.9516 -0.784 -73.331978
-63.9605 -21.4851 -1.2025 -73.331288
-65.769 -21.6468 -1.2364 -73.330602
-67.4074 -21.948 -2.0416 -73.329916
-69.2303 -22.0478 -2.2783 -73.329231
-71.0405 -22.3933 -2.2 -73.328544
-72.76 -22.6876 -1.8978 -73.327859
-74.4248 -22.1245 -1.3042 -73.327175
-75.468 -21.5676 0.0962 -73.326491
-76.805 -21.0117 0.8974 -73.325808
-78.6304 -21.1688 0.7939 -73.325133
-80.2126 -21.6023 1.4208 -73.32446
-81.9055 -21.4802 1.8938 -73.323791
-83.3789 -20.5725 2.4839 -73.323127
-84.8475 -20.092 3.3977 -73.322469
-85.8797 -19.4106 4.4732 -73.321815
-86.9877 -17.9771 4.3817 -73.321171
-88.4094 -16.917 4.436 -73.320536
-89.1332 -16.2863 5.8123 -73.319903
-89.6827 -16.0961 7.5766 -73.319281
-90.6073 -14.9923 8.5732 -73.318677
-91.6573 -14.5236 9.9347 -73.318085
-92.216 -13.6924 11.4126 -73.317503
-93.3323 -12.5367 11.3011 -73.316943
-94.3529 -11.3333 10.4637 -73.3164
-95.9243 -11.359 10.3327 -73.315876
-97.085 -12.6874 10.4076 -73.315372
-98.637 -11.9209 10.4364 -73.31489
-99.8512 -10.5582 10.1484 -73.314434
-101.1467 -9.2581 9.9913 -73.314002
-102.9108 -8.8466 10.0308 -73.313599
-104.2043 -7.6318 10.4372 -73.313228
-105.7848 -7.7377 11.2376 -73.312887
-107.5295 -7.7352 11.7584 -73.312582
-108.7114 -6.5165 12.2914 -73.312314
-108.6826 -5.013 12.9437 -73.312082
-109.4316 -4.9691 14.0337 -73.311892
-110.9911 -5.321 13.2911 -73.311746
-112.3812 -4.7789 12.2565 -73.311647
-113.4541 -4.4164 10.8172 -73.311596
-15.5545 -17.632 4.3033 -73.350579
-16.8149 -18.3686 5.0193 -73.350146
-18.1535 -17.7371 5.9254 -73.349654
-19.3957 -17.6568 7.1162 -73.34915
-20.6245 -17.4395 8.329 -73.348645
-21.4073 -17.0773 9.8446 -73.348133
-22.3291 -16.4593 11.1562 -73.347621
-23.7986 -16.4039 12.1053 -73.347107
-24.636 -16.4397 13.5353 -73.346583
-26.0492 -16.413 14.4153 -73.346063
-26.5091 -16.6788 16.0866 -73.345531
-27.6416 -17.5424 16.452 -73.345006
-28.9683 -17.6171 17.1518 -73.34448
-30.2529 -16.8642 18.0015 -73.343952
-31.8112 -16.9615 18.7079 -73.34342
-32.7125 -16.0015 17.8716 -73.342889
-33.9732 -15.3124 17.8919 -73.342355
-35.5154 -14.9405 18.541 -73.34182
-36.8148 -15.2621 19.6037 -73.341283
-38.1095 -15.3947 20.6532 -73.340748
-39.3709 -15.3085 20.5665 -73.340207
-39.9084 -15.4165 22.2463 -73.339661
-41.4898 -16.1032 22.568 -73.339125
-43.1935 -16.3081 22.9719 -73.338591
-44.8671 -16.1005 23.426 -73.33806
-46.5874 -16.255 23.8037 -73.337528
-48.2806 -16.146 24.1613 -73.337004
-49.8848 -15.6408 24.6252 -73.336482
-51.569 -15.5809 25.1077 -73.335967
-53.1934 -15.8717 25.7123 -73.335457
-54.8397 -16.0518 26.2602 -73.334952
-56.4663 -15.7486 26.8593 -73.334459
-57.6381 -14.8744 27.7621 -73.333975
-58.8394 -13.7889 28.4214 -73.333502
-60.1932 -13.1386 29.3328 -73.333037
-61.8304 -12.6017 29.6751 -73.332587
-63.5039 -12.1508 29.7076 -73.332152
-64.8861 -11.121 29.4315 -73.331732
-65.5954 -10.0293 28.2627 -73.331328
-66.3587 -9.069 29.1123 -73.330942
-67.3994 -7.9254 29.8988 -73.330577
-68.8854 -7.8686 29.963 -73.330234
-70.5505 -7.352 29.9726 -73.329916
-72.0497 -6.4284 30.0037 -73.329624
-73.5599 -5.5098 29.9785 -73.329359
-74.8786 -4.3323 29.9264 -73.329117
-76.2236 -3.1844 29.9023 -73.328916
-77.2186 -1.7362 29.9278 -73.32875
-78.2778 -0.5048 29.7779 -73.328623
-79.9939 -0.3567 29.5292 -73.328535
-81.6519 -0.1123 29.479 -73.32849
-15.2282 -17.1379 4 -73.350765
-15.8134 -17.8487 4 -73.350742
-16.4306 -18.5318 4 -73.35073
-13.8552 -16.3527 0.6773 -73.352656
-6.8126 -12.9962 0.0714 -73.354914
-5.8684 -15.48 0.0572 -73.354376
-5.4058 -18.0693 0.0621 -73.35369
-4.8048 -20.6622 0.1442 -73.352828
-4.2378 -23.1032 0.3354 -73.351759
-4.2185 -23.3173 3.0099 -73.350027
-4.1991 -23.5292 5.6846 -73.348286
-3.9404 -24.0329 8.0609 -73.346573
-2.9465 -26.4423 7.8893 -73.344839
-2.9898 -29.1239 7.9366 -73.343065
-2.8312 -31.7921 8.079 -73.341247
-2.7737 -34.4658 8.0848 -73.339382
-3.1335 -36.1267 6.8772 -73.337439
-2.9668 -36.5649 4.2354 -73.335445
-3.5563 -38.3842 2.8887 -73.333431
-4.3063 -40.3834 1.497 -73.331357
-4.1208 -42.6459 0.2252 -73.329233
-4.2362 -43.7827 0.8959 -73.327544
-3.8312 -43.4159 2.8085 -73.326351
-3.4263 -43.0492 4.7211 -73.325181
-3.0214 -42.6825 6.6338 -73.324034
-2.6164 -42.3158 8.5464 -73.32291
-2.2115 -41.949 10.459 -73.321809
-1.8006 -41.5642 12.3611 -73.320731
-1.0504 -39.8462 12.7392 -73.319632
0.1758 -38.6585 13.5417 -73.318528
1.5902 -38.0395 13.8599 -73.317399
3.2347 -39.0768 14.2093 -73.316265
3.2862 -40.8715 14.6526 -73.315114
3.0921 -42.2179 15.9515 -73.31395
3.289 -43.8273 17.0278 -73.312771
3.7676 -45.0577 18.3989 -73.31157
5.3853 -45.2551 17.5078 -73.310353
6.4565 -45.5185 16.2146 -73.309098
6.4601 -45.5688 14.2263 -73.307821
7.3041 -46.1013 15.3965 -73.306534
7.7212 -46.6728 17.2551 -73.305221
8.2906 -47.8462 18.7417 -73.3039
8.7291 -49.4862 19.2615 -73.302927
9.1255 -50.9461 19.7272 -73.302334
10.0364 -52.2198 19.9693 -73.301742
10.7133 -53.6545 20.0389 -73.30115
11.8089 -54.3454 19.5071 -73.300553
12.1976 -54.6669 17.9921 -73.299957
13.1099 -54.8336 16.8714 -73.299363
13.5838 -54.6626 15.3738 -73.298735
13.6588 -54.6533 13.7788 -73.298021
13.7337 -54.644 12.1838 -73.297329
13.8087 -54.6347 10.5888 -73.296661
13.8837 -54.6254 8.9938 -73.296015
13.9586 -54.6161 7.3988 -73.295393
14.0336 -54.6068 5.8038 -73.294793
14.1085 -54.5975 4.2088 -73.294216
14.1663 -54.5744 2.6132 -73.293577
14.2206 -54.5486 1.0176 -73.292937
14.2749 -54.5228 -0.5781 -73.292321
14.3293 -54.497 -2.1737 -73.291731
14.3836 -54.4712 -3.7694 -73.291165
14.4379 -54.4454 -5.365 -73.290625
13.7113 -55.8095 -5.5929 -73.290099
13.1825 -57.2536 -6.0072 -73.289581
12.9567 -58.7053 -6.561 -73.289072
12.6682 -60.0281 -7.37 -73.288574
12.3514 -61.5353 -7.7387 -73.288086
11.9771 -63.0578 -7.8716 -73.28761
11.7617 -64.6275 -7.7751 -73.287147
11.4655 -65.9109 -8.3481 -73.286696
11.6675 -66.9063 -9.5712 -73.286258
11.728 -68.3207 -9.6289 -73.285833
11.6975 -68.4625 -8.07 -73.285425
11.4235 -69.5735 -7.0162 -73.285037
11.1196 -70.8404 -6.109 -73.284666
11.0275 -71.8722 -4.9846 -73.284313
11.2426 -73.2528 -4.3725 -73.28398
10.7531 -74.6674 -3.9199 -73.283669
10.425 -76.2016 -3.7062 -73.283379
10.77 -77.7411 -3.6532 -73.283113
11.0786 -79.2552 -3.6604 -73.282871
11.425 -80.7723 -3.755 -73.282656
11.2996 -82.2807 -4.0128 -73.282467
11.9706 -83.6675 -4.3963 -73.282307
12.7118 -84.5829 -3.8154 -73.282174
13.1706 -85.4159 -2.5821 -73.282074
13.3664 -86.853 -1.9391 -73.282005
13.3682 -87.667 -0.8755 -73.28197
8.6263 -48.9248 19.7774 -73.302957
8.971 -49.5407 20.9869 -73.302427
9.2099 -51.0475 20.8184 -73.3019
10.0927 -52.2943 20.5532 -73.301378
10.6868 -53.724 20.4404 -73.300859
11.4461 -54.1517 19.6321 -73.300335
11.5442 -54.2966 18.1881 -73.299816
12.9332 -54.8812 18.406 -73.299307
13.2774 -55.294 19.8309 -73.298789
13.7729 -56.2787 20.5319 -73.298288
14.3885 -57.7019 20.5127 -73.297791
15.16 -59.0485 20.6431 -73.297302
15.6443 -60.0525 21.5504 -73.296817
16.2084 -60.988 22.5631 -73.296338
17.2577 -61.2039 23.519 -73.29587
18.4454 -61.8839 23.9975 -73.295411
19.1422 -63.2514 24.2481 -73.294961
19.671 -63.8624 25.3071 -73.294513
20.2623 -64.3588 26.3522 -73.294081
21.638 -65.0559 26.1487 -73.293663
22.7173 -66.1327 25.8633 -73.293232
23.7256 -67.2733 25.5197 -73.292822
24.6112 -68.47 25.1932 -73.292438
24.9681 -69.954 24.971 -73.292071
24.9964 -70.9802 24.2159 -73.291702
24.9684 -71.117 22.6615 -73.291334
24.9404 -71.2538 21.1072 -73.290994
24.9124 -71.3907 19.5528 -73.290683
24.8648 -71.4567 17.9963 -73.290396
24.9221 -71.7069 16.7213 -73.290131
25.4185 -72.6144 17.5247 -73.289883
25.5779 -72.8182 19.0637 -73.289654
25.6724 -73.1458 20.5059 -73.289454
25.5385 -73.7136 21.7923 -73.289274
25.5469 -73.9336 23.3373 -73.28912
25.5553 -74.1535 24.8823 -73.288997
26.4257 -75.2629 24.9859 -73.288904
26.2037 -76.801 24.991 -73.288841
26.3234 -78.3421 25.0702 -73.288808
-4.7208 -44.7161 -0.023 -73.327828
-5.1299 -46.1818 0.6944 -73.327179
-5.3697 -46.9913 2.259 -73.326527
-5.7718 -48.0995 3.5791 -73.325875
-6.3113 -49.4357 4.5711 -73.325219
-6.1052 -51.0319 5.3148 -73.324561
-5.9754 -52.7323 5.8136 -73.323901
-5.3005 -54.3124 6.0843 -73.323238
-5.5666 -55.9139 6.2159 -73.322572
-6.3626 -57.4622 6.4728 -73.321904
-7.4327 -58.7683 6.9386 -73.321233
-8.3123 -60.0607 7.6969 -73.320558
-9.2075 -61.5771 7.5449 -73.319884
-10.0182 -63.1512 7.7642 -73.319207
-10.4982 -64.8336 7.9938 -73.318529
-11.098 -66.494 8.2496 -73.317847
-11.5795 -68.0917 8.8213 -73.317164
-11.4778 -69.48 9.814 -73.316481
-11.3768 -70.9824 10.6772 -73.315795
-11.1615 -72.6665 10.9417 -73.315107
-11.9531 -74.0675 10.3517 -73.314418
-12.2253 -75.2856 9.1163 -73.313728
-12.386 -76.5528 7.8889 -73.313038
-12.4919 -77.8973 6.8778 -73.312347
-12.6418 -79.6702 6.7282 -73.311656
-12.8923 -81.2283 7.3625 -73.310965
-13.0636 -82.0267 8.8276 -73.310268
-12.8375 -83.2389 8.8894 -73.309578
-12.4716 -84.694 8.0205 -73.308887
-12.6797 -85.5671 7.0599 -73.308196
-12.5183 -84.1321 6.1622 -73.307501
-12.5292 -84.0813 7.3739 -73.306807
-11.895 -85.6688 7.8198 -73.306115
-11.5229 -87.2946 8.4116 -73.305427
-10.3324 -88.1124 9.2259 -73.304742
-10.675 -89.8262 9.467 -73.304058
-11.2148 -91.4903 9.7261 -73.303381
-11.4919 -93.2205 9.9224 -73.302709
-11.8689 -94.9605 9.9938 -73.302041
-12.2215 -96.7085 9.9892 -73.301381
-12.5548 -98.4528 9.9031 -73.300726
-13.101 -100.1246 9.6027 -73.300079
-13.6123 -101.6942 9.0552 -73.299439
-14.5178 -102.8115 8.0351 -73.298806
-14.732 -103.8321 6.6289 -73.298181
-14.736 -104.949 5.3416 -73.297563
-14.7897 -105.5564 3.6632 -73.296956
-14.9175 -106.1934 2.0059 -73.296361
-14.8119 -107.3154 0.66 -73.295785
-14.3904 -108.3157 -0.7477 -73.295219
-14.0768 -109.6227 -1.5126 -73.294673
-14.1581 -111.3783 -1.2027 -73.294142
-14.4574 -112.7137 -0.3129 -73.293625
-14.5581 -113.8268 1.0481 -73.293129
-14.5629 -114.7419 2.5821 -73.292649
-14.3372 -115.8187 3.9677 -73.292193
-14.0073 -116.8255 5.38 -73.291758
-13.5104 -118.0936 6.4955 -73.291347
-13.0668 -119.695 6.5246 -73.290962
-12.4966 -121.0534 5.5568 -73.290603
-12.0851 -122.6625 5.1356 -73.290273
-12.5004 -124.2153 4.474 -73.289971
-12.6759 -125.9354 4.076 -73.289702
-13.0189 -127.5669 3.9008 -73.289466
-13.6129 -129.2115 3.7998 -73.289264
-14.5095 -130.7248 3.617 -73.2891
-15.1909 -132.314 3.2206 -73.288973
-16.0458 -133.6469 2.4524 -73.288887
-17.0046 -135.0632 2.0492 -73.288843
-3.6471 -8.0538 -0.0157 -73.355479
-1.3228 -8.9468 -0.0471 -73.355049
0.9314 -9.9936 -0.0832 -73.354587
2.6625 -11.7633 -0.1495 -73.354014
3.884 -13.4015 -0.8686 -73.353107
4.2751 -14.1359 -3.2157 -73.351098
4.6663 -14.8703 -5.5627 -73.349117
5.0575 -15.6047 -7.9097 -73.347164
5.4487 -16.3392 -10.2567 -73.34524
5.5082 -15.6747 -11.481 -73.343792
5.7528 -14.1284 -10.9972 -73.342892
5.1317 -14.013 -9.0503 -73.341966
5.6382 -14.026 -8.2186 -73.340988
7.6439 -14.2766 -7.8039 -73.339993
9.6042 -14.0356 -7.3728 -73.339013
11.4824 -13.5321 -6.7322 -73.338012
12.4397 -13.1153 -5.3274 -73.336987
13.1732 -12.7275 -3.4442 -73.335929
14.0029 -12.5015 -1.5695 -73.334845
14.9232 -12.6143 0.2611 -73.33374
16.0509 -12.8503 1.9217 -73.332611
17.2291 -12.7352 3.6117 -73.331445
18.6969 -13.072 4.9744 -73.330277
20.4387 -12.843 5.9867 -73.329083
22.2399 -12.9948 6.2182 -73.328217
23.7688 -13.3762 5.9788 -73.327701
25.0057 -12.6222 5.3936 -73.327185
26.3571 -12.2571 4.8087 -73.326668
27.8738 -11.9691 4.5669 -73.32615
29.2461 -11.1445 4.4391 -73.325632
30.8012 -10.7714 4.3716 -73.325116
32.3851 -10.5715 4.2891 -73.324599
33.2233 -10.1298 4.9983 -73.32408
34.0663 -9.8024 5.9221 -73.323563
35.5597 -9.845 6.5062 -73.323049
36.9026 -9.7278 7.2501 -73.322536
38.2463 -9.5474 7.9246 -73.322029
39.7277 -9.1425 8.3952 -73.321524
41.1759 -8.7377 8.951 -73.321024
42.5633 -8.3419 9.5488 -73.320526
43.7337 -8.1277 8.583 -73.320034
45.1311 -8.0308 7.9631 -73.31955
46.5242 -8.3092 7.3517 -73.319073
47.4104 -8.3281 6.0274 -73.3186
48.547 -8.1523 4.9694 -73.318139
50.1277 -8.0481 4.8161 -73.317688
51.0302 -8.412 5.9293 -73.317239
52.4231 -8.5023 6.17 -73.316808
53.895 -8.5955 6.6905 -73.316388
54.9911 -8.7652 7.7616 -73.315981
56.4893 -8.9904 7.679 -73.315591
57.587 -10.1308 7.9043 -73.315216
59.0801 -10.6364 8.1455 -73.314858
60.6014 -11.0022 8.4608 -73.314519
61.9959 -11.5958 8.0265 -73.3142
62.9752 -11.9724 7.058 -73.313898
63.4644 -12.0743 5.5381 -73.313619
64.0395 -11.9612 4.047 -73.313361
64.4337 -11.9546 2.4888 -73.313128
64.823 -11.932 0.9297 -73.312924
65.2041 -11.8836 -0.6309 -73.312751
65.5558 -11.8356 -2.1985 -73.312608
65.8976 -11.7879 -3.7682 -73.312499
66.4194 -11.7876 -5.282 -73.312425
66.4944 -12.5596 -6.6605 -73.312387
21.8035 -12.9643 5.5087 -73.328123
22.2928 -12.8975 4.0421 -73.327437
22.782 -12.8307 2.5755 -73.326773
23.2713 -12.7639 1.1089 -73.326131
23.7606 -12.6971 -0.3578 -73.325512
24.2499 -12.6303 -1.8244 -73.324915
24.7391 -12.5635 -3.291 -73.32434
25.2284 -12.4967 -4.7576 -73.323787
25.7177 -12.4299 -6.2242 -73.323257
26.2069 -12.363 -7.6908 -73.322749
26.8935 -12.3131 -8.9994 -73.32226
27.9931 -12.1349 -10.0456 -73.321776
29.4155 -12.0244 -10.5719 -73.321298
30.9321 -12.139 -10.7879 -73.320825
32.4337 -12.4908 -10.7732 -73.320355
33.7283 -13.0404 -10.3346 -73.319893
34.9591 -13.7394 -9.781 -73.319437
36.3049 -14.3754 -9.3611 -73.318986
37.7863 -14.4064 -8.971 -73.318537
38.9765 -14.4204 -8.3072 -73.318096
39.509 -14.5028 -6.8771 -73.317667
40.803 -14.1184 -7.3333 -73.317254
42.1172 -13.7343 -7.9502 -73.316852
43.481 -14.2451 -8.4653 -73.316464
44.8322 -14.6862 -9.0455 -73.31609
46.2199 -15.1571 -9.5418 -73.31573
47.4998 -15.7968 -10.1041 -73.315388
48.4919 -16.341 -10.9949 -73.315062
49.2648 -16.5571 -12.2212 -73.314754
50.6437 -17.0063 -12.5265 -73.314469
52.1626 -17.2199 -12.7123 -73.314205
53.5098 -17.9199 -12.5815 -73.313964
54.8261 -18.5114 -12.0649 -73.313748
56.0144 -19.3898 -11.6485 -73.313558
57.1511 -20.3793 -11.2981 -73.313396
58.5784 -20.83 -11.009 -73.313263
59.5198 -21.3446 -11.6244 -73.31316
59.9152 -21.5013 -13.1121 -73.313089
60.3293 -21.6363 -14.5919 -73.313053
5.542 -17.4481 -11.9734 -73.343936
5.2752 -19.0549 -12.8511 -73.343341
4.5319 -20.5356 -13.6308 -73.34274
4.2842 -21.2679 -12.1504 -73.342127
4.5234 -21.5541 -11.2061 -73.34152
5.0916 -22.5097 -9.9139 -73.340904
5.6355 -23.6108 -8.5295 -73.340285
6.4022 -24.9693 -7.5369 -73.339662
6.6335 -26.3097 -6.3211 -73.339038
7.1852 -27.3717 -7.4784 -73.338404
7.7638 -28.2275 -9.037 -73.337769
9.1599 -28.8455 -10.0123 -73.337135
10.2945 -29.4271 -11.2255 -73.336497
12.0307 -29.9265 -10.7637 -73.335854
13.7255 -30.5864 -10.4924 -73.335209
15.1918 -31.515 -11.0288 -73.334563
16.7178 -31.6949 -12.0524 -73.333912
18.2188 -31.9125 -13.1144 -73.333259
19.9511 -32.1969 -13.7295 -73.332603
21.5074 -33.0418 -14.1745 -73.331921
22.8543 -34.2615 -14.6414 -73.331235
24.0059 -35.5947 -15.1729 -73.33057
24.5296 -37.1036 -15.7174 -73.329903
24.7232 -37.5624 -17.5262 -73.329226
25.1008 -38.2263 -19.2142 -73.32855
26.3789 -39.4506 -19.5884 -73.327881
28.1291 -39.8596 -20.0602 -73.327211
29.3513 -39.6098 -21.3429 -73.326538
30.6809 -38.9744 -22.3478 -73.325865
31.8544 -39.4408 -23.699 -73.32519
32.7072 -40.1312 -24.5207 -73.324516
34.1875 -40.0661 -24.2388 -73.323842
35.3747 -39.954 -25.6606 -73.323168
36.0556 -40.1808 -27.3735 -73.322487
37.1117 -40.5409 -28.8636 -73.321814
37.9499 -40.8975 -30.5002 -73.321144
38.8019 -40.6861 -32.1277 -73.320476
39.8174 -40.5169 -33.6425 -73.319814
40.8901 -40.7217 -35.068 -73.319158
42.5305 -41.61 -35.2384 -73.318508
44.3755 -41.8861 -35.4176 -73.317864
45.9871 -42.2694 -36.0731 -73.317227
47.4878 -43.2765 -36.1873 -73.316584
49.3319 -43.6209 -36.2065 -73.315939
51.1887 -43.712 -36.2324 -73.315322
53.0372 -43.4731 -36.3042 -73.314716
54.8899 -43.6769 -36.497 -73.314124
56.6959 -43.5991 -36.9065 -73.313543
58.2639 -44.1277 -37.6876 -73.312976
59.5341 -44.5902 -38.7803 -73.312419
60.5988 -45.0677 -39.8571 -73.311883
61.8729 -46.2433 -40.1922 -73.311365
63.3313 -46.5896 -41.0735 -73.310863
64.0217 -46.6763 -42.7931 -73.310377
64.5704 -46.7494 -44.583 -73.309915
64.8703 -46.6711 -46.4334 -73.309459
65.1687 -46.5915 -48.2839 -73.309042
65.5964 -46.5388 -50.1097 -73.308651
65.7108 -46.4215 -51.9702 -73.308261
65.6981 -46.2783 -53.8407 -73.307904
65.6854 -46.1351 -55.7113 -73.307595
65.6727 -45.9919 -57.5819 -73.307331
65.7296 -45.7497 -59.4403 -73.307101
65.8135 -45.4694 -61.2934 -73.306914
66.0243 -45.0935 -63.1166 -73.306773
66.1717 -44.6856 -64.9394 -73.306675
66.3305 -44.1781 -66.4646 -73.306625
5.6517 -16.7814 -12.2027 -73.343592
5.689 -16.9607 -13.7308 -73.342333
5.7263 -17.14 -15.259 -73.3411
5.7636 -17.3194 -16.7872 -73.339894
5.8009 -17.4987 -18.3154 -73.338715
5.8383 -17.678 -19.8436 -73.337563
5.8756 -17.8574 -21.3717 -73.336437
5.9129 -18.0367 -22.8999 -73.335337
5.9502 -18.216 -24.4281 -73.334265
5.9875 -18.3954 -25.9563 -73.333218
6.0248 -18.5747 -27.4845 -73.332198
6.0621 -18.754 -29.0126 -73.331204
6.0994 -18.9334 -30.5408 -73.330237
6.1367 -19.1127 -32.069 -73.329295
6.1741 -19.292 -33.5972 -73.32838
6.2114 -19.4714 -35.1254 -73.327491
6.2487 -19.6507 -36.6536 -73.326628
6.286 -19.83 -38.1817 -73.325791
6.3233 -20.0094 -39.7099 -73.32498
6.3606 -20.1887 -41.2381 -73.324195
6.3979 -20.368 -42.7663 -73.323435
6.4352 -20.5474 -44.2945 -73.322702
6.4725 -20.7267 -45.8226 -73.321994
6.5099 -20.906 -47.3508 -73.321312
6.5472 -21.0854 -48.879 -73.320656
6.5845 -21.2647 -50.4072 -73.320025
6.6218 -21.444 -51.9354 -73.31942
6.6591 -21.6234 -53.4635 -73.318841
6.6964 -21.8027 -54.9917 -73.318287
6.7337 -21.982 -56.5199 -73.317758
6.771 -22.1614 -58.0481 -73.317255
6.8083 -22.3407 -59.5763 -73.316778
6.8457 -22.52 -61.1045 -73.316325
6.883 -22.6994 -62.6326 -73.315899
6.9394 -22.8766 -64.1572 -73.315497
8.1498 -22.8799 -64.1006 -73.315111
8.9886 -23.516 -62.989 -73.314733
9.9314 -24.3205 -62.1091 -73.31437
10.5435 -25.411 -61.3105 -73.314017
11.1641 -26.7642 -60.9602 -73.313679
11.7371 -28.177 -61.0516 -73.313357
12.2468 -29.4991 -61.4619 -73.313051
12.6299 -30.7915 -61.1111 -73.312761
13.0367 -32.212 -60.6823 -73.31249
13.4206 -33.6473 -60.2909 -73.312238
13.672 -35.0666 -59.8345 -73.312008
13.7802 -36.5811 -60.0484 -73.311803
13.7177 -38.0731 -60.4184 -73.311622
13.5658 -39.5761 -60.7091 -73.311467
13.3014 -41.0704 -60.6511 -73.311339
13.3571 -42.0105 -59.4467 -73.311241
13.5377 -43.0476 -58.3404 -73.311173
13.6333 -44.0606 -57.3331 -73.311139
-2.4565 -0.91 0.0523 -73.359956
-2.8293 2.667 0.2464 -73.364202
-3.0866 6.216 0.7208 -73.368549
-2.2413 9.6979 1.5153 -73.373017
-0.7404 12.7593 0.9662 -73.377571
0.227 15.8879 -1.0884 -73.382417
0.5524 20.1154 -1.9386 -73.387574
0.4575 24.418 -2.5408 -73.392883
0.4389 27.3767 -5.5178 -73.398361
-0.013 29.9656 -8.7108 -73.404003
-0.1419 14.3216 0.264 -73.380004
0.8616 14.8245 1.2959 -73.381344
2.5303 15.409 3.4469 -73.383865
5.0961 15.9466 3.8822 -73.386506
7.8356 16.5695 3.9069 -73.389292
10.5566 17.2922 4.0994 -73.392191
13.2701 17.9524 4.5537 -73.395233
15.8121 18.8134 4.7988 -73.398421
17.2134 19.7132 4.344 -73.400691
17.5574 19.3689 4.0634 -73.400523
-0.9274 14.3109 0.2417 -73.379979
-2.5488 14.1754 0.0246 -73.379734
-4.1702 14.04 -0.1925 -73.379519
-5.6969 13.9854 -0.1496 -73.379329
-6.0083 14.0245 0.9686 -73.379161
-4.7591 13.8534 0.1003 -73.379015
-4.5248 13.8442 -1.5168 -73.37886
-4.3735 13.8457 -3.1513 -73.378738
-4.2222 13.8471 -4.7858 -73.378652
-4.0708 13.8486 -6.4202 -73.378602
-3.7648 13.9278 -8.018 -73.378589
-3.1571 14.1597 -9.5252 -73.378614
-2.5409 14.9686 -10.6984 -73.378678
-0.6612 32.5013 -8.9792 -73.407556
-1.3441 34.6869 -8.6538 -73.410232
-2.5162 37.7967 -7.959 -73.414287
-4.0883 40.798 -9.2426 -73.418408
-6.1771 43.4321 -10.5669 -73.42259
-7.4526 45.9637 -12.4793 -73.426842
-8.199 48.9959 -14.3148 -73.43121
-8.488 52.2581 -16.0262 -73.435694
-8.9751 55.6713 -17.3793 -73.440246
-8.9724 59.3456 -17.9864 -73.444864
-8.8355 62.9598 -18.9326 -73.449551
-8.1651 65.7964 -21.101 -73.454309
-8.071 69.4931 -21.2598 -73.459133
-8.0725 72.7987 -19.5494 -73.463654
-8.8931 75.9303 -20.6534 -73.46734
-9.8467 77.8663 -22.8286 -73.470554
-10.916 79.9845 -24.8489 -73.473795
-11.8107 82.572 -26.461 -73.477269
-13.9622 85.1541 -28.0376 -73.480971
-15.428 87.4195 -30.0798 -73.484717
-16.2874 89.1284 -32.8169 -73.487917
-17.1302 91.8068 -33.4334 -73.490558
-16.6579 94.7355 -33.3269 -73.493212
-16.2793 97.4317 -32.2507 -73.495877
-16.0966 100.3779 -31.8618 -73.498554
-15.6048 103.2146 -31.8672 -73.502026
-15.0646 104.6984 -30.0846 -73.506299
-14.4099 106.6313 -31.3901 -73.510573
-13.9013 109.3975 -31.7321 -73.514853
-13.1382 112.1018 -31.8855 -73.519138
-12.0288 114.6912 -32.2205 -73.523431
-9.9615 116.491 -32.7147 -73.527726
-8.3964 118.5551 -33.6954 -73.532025
-7.0441 120.3709 -35.2413 -73.53633
-16.3107 103.1222 -31.2609 -73.502096
-17.0106 105.6108 -30.0258 -73.506429
-17.7104 108.0993 -28.7907 -73.510687
-18.4103 110.5878 -27.5556 -73.514871
-19.1321 113.0846 -26.3544 -73.518978
-20.0839 115.6275 -25.7828 -73.523062
-21.6544 117.8269 -26.4818 -73.527151
-22.4041 120.0541 -28.0006 -73.531252
-23.8204 121.9956 -29.2918 -73.535353
-16.2837 88.4956 -30.6847 -73.48896
-16.9057 88.45 -28.8674 -73.493629
-17.5277 88.4044 -27.0501 -73.498237
-18.1496 88.3588 -25.2328 -73.502782
-18.7716 88.3131 -23.4155 -73.507265
-19.3936 88.2675 -21.5982 -73.511683
-20.0155 88.2219 -19.7808 -73.516037
-20.6375 88.1763 -17.9635 -73.520325
-21.2595 88.1307 -16.1462 -73.524546
-21.8814 88.0851 -14.3289 -73.528701
-22.5034 88.0394 -12.5116 -73.532787
-23.1253 87.9938 -10.6943 -73.536805
-23.7473 87.9482 -8.8769 -73.540753
-24.3693 87.9026 -7.0596 -73.544631
-24.9912 87.857 -5.2423 -73.548437
-25.6132 87.8114 -3.425 -73.552171
-26.2352 87.7657 -1.6077 -73.555833
-26.8571 87.7201 0.2096 -73.559421
-27.4791 87.6745 2.0269 -73.562934
-28.1011 87.6289 3.8443 -73.566372
-28.723 87.5833 5.6616 -73.569734
-10.6474 82.0467 -25.97 -73.476519
-9.8973 83.5702 -26.7997 -73.478678
-8.9166 84.4636 -28.1497 -73.480853
-7.9416 85.635 -29.2349 -73.483046
-6.7633 86.7616 -30.2244 -73.485249
-5.9934 87.8877 -31.5 -73.487466
-4.805 89.0805 -31.9871 -73.489696
-4.0074 90.0975 -33.2964 -73.491953
-3.642 91.5318 -34.1524 -73.494209
-3.5504 92.2381 -35.0395 -73.496479
-2.6112 93.3175 -34.37 -73.498764
-1.4138 94.7914 -34.5426 -73.501047
-0.1697 96.0984 -35.117 -73.503337
0.8889 97.112 -35.3375 -73.505634
1.8787 97.6218 -33.8386 -73.507939
3.297 98.6527 -34.2066 -73.510231
4.478 100.1526 -34.2331 -73.512515
5.7259 101.6013 -34.2783 -73.514799
6.9236 103.076 -34.3329 -73.517068
8.2378 104.4594 -34.2789 -73.519328
9.708 105.6324 -34.1824 -73.521567
11.0242 106.9149 -34.1788 -73.523794
12.03 108.5293 -34.2938 -73.525999
12.8387 110.237 -34.4028 -73.528179
13.6986 111.9172 -34.2947 -73.530331
14.9808 113.3035 -34.0183 -73.53245
16.3534 114.5382 -33.5266 -73.534532
-8.0122 74.6652 -19.0128 -73.466787
-7.3733 74.7434 -17.1393 -73.468832
-6.2129 74.8717 -15.5661 -73.470871
-4.6588 75.1485 -14.4836 -73.472919
-2.9313 75.2005 -13.5318 -73.474983
-1.1908 75.5548 -14.025 -73.477062
0.2492 75.4182 -15.2751 -73.47916
1.6994 75.2949 -16.4498 -73.481265
3.456 75.8724 -16.5978 -73.483385
4.909 77.061 -16.0201 -73.485515
6.3489 78.0205 -15.2054 -73.487653
7.6777 78.1558 -16.557 -73.489814
9.1932 78.8939 -17.1669 -73.491974
10.3243 80.3116 -17.9293 -73.494139
11.8031 81.2429 -18.8099 -73.496304
13.3202 82.0201 -19.7154 -73.498472
14.672 82.8734 -20.8357 -73.500637
15.8195 84.0369 -21.4716 -73.502795
17.3968 85.0052 -21.5241 -73.504948
19.1523 85.9091 -21.6233 -73.507092
20.835 86.8367 -21.5731 -73.509224
22.3782 87.6805 -22.4819 -73.511348
23.6336 88.6822 -23.6145 -73.513451
25.3121 89.236 -24.4178 -73.515534
26.9271 90.1776 -25.069 -73.517635
28.5711 91.1435 -25.6063 -73.519733
30.1849 92.1759 -26.0934 -73.521743
31.906 93.0582 -26.3886 -73.523707
33.349 94.3802 -26.2354 -73.525632
34.682 95.7638 -25.7885 -73.527511
36.0698 96.9946 -25.1164 -73.529343
-9.1332 71.1226 -19.9391 -73.464113
-11.2049 71.3971 -19.3463 -73.469167
-12.2503 72.1505 -17.4371 -73.474324
-13.2771 72.9723 -16.3017 -73.479575
-15.0629 74.4381 -16.0237 -73.484913
-17.1889 75.3374 -15.9102 -73.490361
-18.7708 76.7954 -16.5998 -73.495915
-20.2396 77.7578 -18.0502 -73.501588
-21.4318 79.2493 -19.3169 -73.507359
-22.4493 80.8848 -20.0685 -73.511724
-23.644 82.5321 -19.9209 -73.514604
-25.2693 83.8199 -19.7197 -73.517507
-26.4282 85.5474 -19.5741 -73.520438
-27.4271 87.2915 -19.7394 -73.523401
-28.2555 88.0894 -18.5764 -73.526419
-28.4362 88.7812 -16.6121 -73.529477
-28.7184 89.4709 -14.6555 -73.53253
-28.5952 90.5234 -12.9306 -73.535596
-28.0087 92.2281 -11.8717 -73.538682
-28.1824 93.3344 -10.523 -73.541798
-28.881 94.9101 -9.3484 -73.544935
-29.1637 96.6406 -8.2343 -73.548087
-29.7507 98.589 -7.8416 -73.551257
-31.2546 100.014 -7.7767 -73.554446
-32.9856 101.1833 -7.8435 -73.557641
-34.438 102.6859 -7.93 -73.560857
-35.8645 104.1959 -8.077 -73.564084
-37.7492 105.0636 -8.2888 -73.567315
-39.7252 105.5106 -8.4883 -73.570563
-41.4274 106.5542 -8.4275 -73.573825
-22.5697 79.9845 -21.0657 -73.511947
-23.5049 79.5868 -23.0086 -73.514938
-24.7357 79.2357 -23.1851 -73.517646
-26.0186 79.7983 -22.2548 -73.520369
-27.6912 80.6895 -21.9109 -73.523113
-29.3246 81.7314 -21.4655 -73.525874
-31.1306 82.4861 -21.4143 -73.528652
-32.9071 83.2024 -21.5235 -73.531458
-34.8537 83.2248 -21.3716 -73.53428
-36.6622 83.819 -20.8419 -73.537124
-38.0322 83.5029 -19.5874 -73.539993
-39.4902 83.5562 -18.2934 -73.542874
-40.9141 84.0358 -17.0459 -73.545771
-42.4783 85.0996 -16.5078 -73.548674
-44.0118 86.2891 -16.2793 -73.55159
-45.0805 86.8165 -17.3328 -73.554577
-45.3985 87.0849 -19.2874 -73.557553
-46.0085 87.5938 -21.1008 -73.560544
-46.5256 87.8633 -23.0125 -73.563543
-47.0124 88.1443 -24.9307 -73.566548
-48.0466 88.8001 -25.8124 -73.569519
-49.3531 89.8139 -24.8517 -73.572491
-23.4169 79.5945 -22.041 -73.513584
-7.4755 47.1812 -14.128 -73.429265
-6.6397 46.9581 -15.442 -73.429788
-6.0885 47.0624 -16.854 -73.430292
-5.6785 47.4504 -18.3124 -73.430788
-5.0375 48.1975 -19.4234 -73.43127
-4.9376 48.8586 -20.8471 -73.431741
-4.8994 49.5688 -22.2208 -73.432198
-4.8067 50.8524 -23.1201 -73.432636
-4.348 52.1399 -23.896 -73.433074
-3.8636 53.4258 -24.6617 -73.433476
-3.2759 54.7308 -25.2965 -73.433841
-2.6137 56.0992 -25.6637 -73.434176
-1.9972 57.5231 -25.7699 -73.434481
-0.7472 58.4335 -25.8246 -73.434752
0.1834 59.5702 -25.9895 -73.434986
1.0556 60.8294 -26.3063 -73.43518
1.4265 62.1744 -26.9168 -73.43533
1.2466 63.3678 -27.9187 -73.435434
0.8615 64.5278 -28.8693 -73.435488
-1.2039 34.2315 -8.7378 -73.410284
-2.1645 36.692 -8.3921 -73.414424
-3.11 39.1845 -8.3928 -73.418658
-3.9026 40.3411 -6.7187 -73.422995
-4.4638 40.8393 -4.1593 -73.427448
-5.2514 41.2336 -1.6507 -73.431997
-6.4986 41.3875 0.6577 -73.436637
-6.9016 41.3668 3.1344 -73.441412
-8.3244 41.1475 5.0228 -73.446246
-9.0777 42.2825 6.6587 -73.450639
-10.4818 44.1286 6.7312 -73.454555
-12.0542 45.877 6.472 -73.458541
-13.7926 47.4551 6.7415 -73.462602
-14.3287 48.7274 8.6097 -73.466753
-14.2892 50.0448 10.5825 -73.47097
-14.3831 52.2013 11.5125 -73.475254
-15.4653 54.1641 11.5993 -73.479611
-15.9872 56.1264 10.7348 -73.48405
-15.9935 58.493 10.4465 -73.488562
-16.6674 59.2873 8.5547 -73.493181
-17.4698 59.7595 6.3608 -73.497872
-17.8092 61.9411 6.2291 -73.502624
-19.8136 62.8997 6.5069 -73.507473
-21.3274 63.1601 7.9551 -73.512426
-22.8218 64.0013 9.1439 -73.516624
-24.7396 64.6596 9.7419 -73.520026
-25.9313 65.6939 8.2209 -73.52347
-27.3521 67.091 7.1443 -73.526961
-27.8515 68.7801 5.7356 -73.530495
-28.9706 70.1238 4.2552 -73.534064
-29.8302 71.1977 2.3661 -73.537683
-30.5772 72.9481 2.3143 -73.541346
-31.2511 73.9836 4.3225 -73.545046
-31.8836 74.7971 6.3519 -73.548794
-33.4979 76.3178 6.0157 -73.552562
-35.3494 77.7054 5.6794 -73.556365
-36.2359 77.7987 3.4859 -73.56023
-36.823 78.2142 1.2302 -73.564134
-37.2962 78.8752 -1.0041 -73.56807
-38.0777 79.5243 -3.1351 -73.572018
-38.5828 79.8578 -5.4262 -73.576026
-40.1286 80.7679 -6.86 -73.580035
-41.8887 81.3717 -5.9333 -73.584081
-43.201 81.2826 -4.0378 -73.588172
-44.3102 81.7185 -2.0187 -73.592277
-23.2557 64.0561 8.131 -73.516079
-24.9649 64.9635 8.1844 -73.518389
-26.0616 65.9005 8.9001 -73.520765
-26.305 66.1448 10.8713 -73.523177
-26.4364 66.2766 12.8582 -73.525565
-26.7662 66.3845 14.8041 -73.527965
-28.2543 66.3369 15.7942 -73.530371
-29.7596 66.2207 16.7645 -73.532804
-29.8152 66.2528 18.7633 -73.535252
-30.2709 66.9957 19.6957 -73.537712
-31.7156 67.9135 20.4594 -73.5402
-32.1409 69.5247 21.5115 -73.542697
-33.0427 71.1208 22.2483 -73.545198
-33.7682 72.7602 23.0868 -73.547705
-34.714 74.4169 23.6586 -73.550214
-35.5114 76.0162 24.4887 -73.552726
-35.8784 77.7991 25.2812 -73.555244
-36.6919 79.4931 25.9091 -73.557761
-37.5921 81.2366 26.1638 -73.560268
-37.9648 82.9348 26.6532 -73.562784
-38.1232 84.1537 28.0096 -73.56528
-37.4894 85.6297 29.04 -73.567765
-37.0034 87.4849 29.1485 -73.570233
-36.7841 89.4485 29.2879 -73.572764
-36.3959 91.4052 29.448 -73.575267
-9.6387 41.5186 6.3846 -73.449324
-11.2133 41.8239 6.3128 -73.45056
-12.0979 42.4791 4.8865 -73.45182
-13.2557 43.35 3.9751 -73.453087
-14.2423 43.577 2.4577 -73.45437
-15.3556 43.71 1.0276 -73.455661
-15.9894 44.5732 -0.4476 -73.456964
-16.6871 45.12 -2.0478 -73.458276
-17.7188 45.8368 -3.2857 -73.4596
-18.5783 46.8498 -4.5254 -73.460931
-19.9074 47.2662 -5.6939 -73.462267
-21.5852 47.5437 -6.3542 -73.463606
-22.9761 48.6597 -6.3259 -73.464943
-24.3563 49.8697 -6.2079 -73.466283
-25.8552 50.8966 -6.0169 -73.467618
-27.0962 51.9486 -5.4199 -73.468956
-27.9482 52.3876 -3.9646 -73.470295
-29.654 52.5789 -3.9322 -73.47162
-30.6445 52.9077 -5.3714 -73.47294
-32.0441 53.5066 -6.2656 -73.474246
-33.4656 54.634 -6.5349 -73.475537
-34.9544 55.5474 -7.0531 -73.476808
-36.2819 56.6634 -7.6004 -73.478059
-37.6486 57.8611 -7.7756 -73.479288
-38.5034 59.4777 -7.6459 -73.48049
-39.3718 61.0534 -7.2838 -73.481656
-40.2991 62.551 -6.7638 -73.482786
-41.2384 64.045 -6.261 -73.483879
-41.8614 65.6914 -5.7694 -73.484926
-42.4591 67.2851 -5.1652 -73.485925
-43.3383 68.5969 -4.4191 -73.486871
-44.4522 70.0317 -4.1392 -73.487755
-45.5063 71.5345 -4.0501 -73.488578
-46.5569 73.035 -4.1531 -73.489332
-47.8716 74.2263 -4.5515 -73.490011
-48.8625 75.1738 -5.5759 -73.49061
-49.2408 75.7623 -7.2733 -73.491128
-49.4584 77.0985 -8.4631 -73.491551
-49.9501 78.752 -8.946 -73.491878
-51.026 79.8745 -9.2484 -73.492101
-51.28 79.9424 -10.8927 -73.492219
17.7044 20.951 4.9703 -73.401937
18.2015 22.2043 5.6044 -73.40319
18.6985 23.4577 6.2386 -73.404435
19.0912 25.152 6.8819 -73.406005
19.429 27.2733 6.757 -73.407928
20.0937 28.9393 5.4586 -73.409886
20.5192 30.5261 4.0181 -73.411881
21.7848 31.8769 2.8501 -73.413915
22.0977 33.1829 1.0434 -73.415989
23.2662 34.71 0.0406 -73.41809
23.7528 35.2305 -1.9989 -73.420238
24.4415 36.3316 -0.4475 -73.422427
25.2156 37.3871 1.3732 -73.424649
25.5431 38.1412 3.4507 -73.426913
26.3109 39.4951 5.0553 -73.429201
27.3125 40.7429 3.9319 -73.431527
27.6125 41.5008 5.9749 -73.433905
27.8649 42.4672 7.8245 -73.436312
28.5761 44.0126 9.106 -73.438746
29.3017 45.8785 9.8466 -73.441211
29.8444 47.4239 10.9837 -73.443725
29.8427 48.4745 12.9418 -73.446266
30.4043 50.5089 13.6559 -73.448834
32.2661 51.6774 14.0416 -73.451437
33.7432 53.3643 13.9508 -73.454069
35.3704 54.8773 13.6311 -73.456736
36.404 56.7929 13.1328 -73.459436
37.9566 57.9008 12.228 -73.462159
39.1636 59.6692 11.6914 -73.464914
40.7811 61.2139 11.412 -73.467702
42.5407 62.5144 11.7504 -73.470509
43.9242 63.8221 12.81 -73.47335
45.3908 65.165 13.6376 -73.476214
45.9271 67.2097 14.1714 -73.479091
46.6355 69.1359 14.3788 -73.481991
48.3635 70.1089 14.8857 -73.484913
49.6569 71.9103 15.1633 -73.487909
50.9513 73.7475 15.4455 -73.490923
52.8054 74.9337 15.6383 -73.493893
54.7263 75.5702 15.6827 -73.496873
56.0864 76.9982 15.657 -73.499865
57.1449 78.0802 14.4904 -73.502877
58.894 79.349 14.0314 -73.505885
60.9129 80.2627 14.3307 -73.508896
62.6887 81.5896 14.007 -73.511911
64.1912 82.1373 14.8133 -73.514941
65.3934 82.3955 16.5144 -73.517961
66.9021 83.2776 17.6975 -73.520963
67.4164 84.9808 18.6495 -73.523952
68.0681 86.9646 19.2519 -73.526912
18.9087 24.0362 7.1126 -73.405062
19.1476 18.9083 3.9431 -73.401566
20.9905 18.3979 3.8423 -73.402769
22.9152 18.2333 3.6481 -73.403996
24.7758 17.8958 3.3306 -73.405243
26.5871 18.0132 3.1308 -73.406514
28.3023 18.6484 3.6845 -73.407808
29.9424 18.8206 4.6508 -73.409124
31.2866 18.6601 5.9911 -73.410466
32.7096 18.1098 7.1234 -73.41183
34.1103 16.8391 7.543 -73.413214
35.4164 15.4177 7.7072 -73.414621
36.5618 14.0174 7.4707 -73.416049
38.0589 13.6462 6.35 -73.417497
39.8047 13.3092 5.8907 -73.418964
41.5119 12.7068 5.2455 -73.420452
42.8693 12.0614 4.0202 -73.421963
44.4573 11.3345 3.2295 -73.423492
45.9294 10.8303 2.4767 -73.425042
47.1014 10.1377 3.6205 -73.426606
48.3849 9.3089 4.6779 -73.428185
49.394 9.6773 6.2389 -73.429789
50.6478 10.0528 7.6185 -73.431405
51.9327 9.8336 9.0023 -73.43303
53.4883 10.1208 10.104 -73.434666
55.2334 9.8227 9.9071 -73.436312
57.0597 9.924 9.3135 -73.438063
58.8743 9.6526 8.6558 -73.439864
60.689 9.3812 7.9981 -73.441612
62.4959 9.1815 7.3186 -73.443308
64.0964 9.6659 6.3822 -73.444988
65.6128 10.0298 5.5676 -73.446671
66.3879 8.7348 6.61 -73.448357
67.0408 7.9267 8.2378 -73.450036
67.6184 7.3624 10.0083 -73.451718
68.2214 6.7991 11.7671 -73.453393
68.8557 6.3245 13.5452 -73.455049
69.5936 6.0215 15.3177 -73.456701
70.6128 5.6939 16.9232 -73.458326
71.846 5.1297 18.3139 -73.459919
73.446 5.6128 19.1551 -73.461494
75.1394 5.1362 19.9892 -73.463064
76.7792 5.1163 20.887 -73.464575
78.3203 5.541 21.9782 -73.466052
79.5543 6.0354 23.1887 -73.467487
80.477 6.477 24.7608 -73.468869
82.1371 6.4027 25.3832 -73.470202
83.992 6.8997 25.7174 -73.471477
85.8702 6.8251 26.0726 -73.472692
87.7509 6.7088 26.4848 -73.473839
89.6348 6.7028 26.6547 -73.474911
91.0074 6.4378 25.4152 -73.475901
92.1971 6.0461 24.0228 -73.476809
93.1627 5.5053 22.7795 -73.477644
93.4181 5.3578 20.8527 -73.478377
93.6827 5.205 18.9277 -73.478999
93.9559 5.0473 17.0042 -73.479505
94.7999 4.5071 17.8661 -73.479884
-1.9865 16.2264 -10.9822 -73.378771
-1.6114 17.3396 -11.0385 -73.378835
-1.1973 18.2526 -10.4886 -73.378885
-0.4899 18.8695 -10.968 -73.37892
0.4947 18.656 -11.4238 -73.378938
-5.9486 122.6202 -36.4545 -73.540639
-4.8563 124.4889 -38.1946 -73.544952
-3.4433 126.1431 -39.8024 -73.549258
-2.2407 128.597 -40.3971 -73.553556
-1.5188 131.295 -40.1613 -73.557851
-1.6696 134.0734 -40.2753 -73.562137
-2.517 136.7345 -40.7076 -73.566416
-3.2762 139.4376 -41.1589 -73.570685
-4.1563 142.1305 -41.3938 -73.574938
-4.9956 144.8475 -41.5126 -73.579179
-4.2109 147.46 -41.641 -73.583397
-3.9407 150.1251 -41.6099 -73.587599
-3.8535 152.9656 -41.6389 -73.591776
-3.8797 155.8081 -41.7765 -73.595933
-3.362 158.4701 -41.8809 -73.600066
-3.9026 161.1882 -41.8597 -73.60417
-4.6546 163.8938 -41.7416 -73.608243
-4.458 166.7321 -41.7051 -73.612283
-4.7248 169.4267 -41.9823 -73.616287
-5.9516 171.9513 -42.4086 -73.620254
-6.8697 174.6164 -42.5236 -73.624178
-7.1469 177.3942 -42.5991 -73.62806
-8.5483 179.5426 -43.6297 -73.631895
-9.0965 181.9163 -44.9846 -73.63569
-9.3572 184.5276 -45.8738 -73.639425
-10.3037 185.8819 -45.5629 -73.64212
-12.6165 185.7411 -44.527 -73.643745
-14.6492 185.7303 -43.1953 -73.645271
-16.2496 187.2653 -42.1906 -73.646713
-17.9145 189.1431 -41.8854 -73.648075
-19.4479 191.0685 -41.5909 -73.649351
-21.0169 192.9475 -41.0017 -73.650541
-22.4125 194.4386 -40.3024 -73.651641
-23.7068 195.9472 -39.0039 -73.652648
-25.0392 197.7028 -39.8911 -73.653556
-25.8175 200.0563 -40.2799 -73.654362
-26.6369 201.4551 -41.5533 -73.655064
-27.5289 202.2594 -40.2727 -73.655657
-29.472 203.3638 -40.3713 -73.656134
-31.4096 204.4733 -39.3932 -73.656494
-31.9894 205.4816 -37.1556 -73.656733
-32.896 206.6385 -35.2063 -73.656844
-33.7738 206.9925 -32.8727 -73.656823
-35.326 208.2821 -31.3862 -73.656667
-36.5537 210.18 -30.3332 -73.656369
-37.6503 212.1937 -29.5135 -73.655926
-38.7499 214.0475 -28.2022 -73.65533
-38.8366 216.2339 -27.1303 -73.654578
-39.8429 217.9451 -25.6872 -73.653664
-40.3547 220.3663 -25.6679 -73.652582
-9.0607 186.6005 -47.0068 -73.642299
-8.6412 188.5188 -48.1723 -73.644307
-7.9227 189.8909 -49.7878 -73.646253
-7.3389 191.2666 -51.5099 -73.648131
-6.8689 192.8579 -53.067 -73.649938
-6.5717 194.5306 -54.6272 -73.651671
-6.699 195.7688 -56.5782 -73.653332
-6.6007 197.3796 -57.9455 -73.65491
-5.361 198.4457 -59.4593 -73.656406
-4.0706 199.0919 -61.2062 -73.657817
-2.56 200.3359 -61.9713 -73.659135
-1.1767 202.1203 -62.473 -73.660359
0.1257 203.765 -63.1817 -73.661484
0.5779 205.9809 -62.9411 -73.66251
1.7705 207.8999 -62.7909 -73.66343
1.7806 210.0234 -63.3852 -73.664242
1.251 212.0868 -62.5412 -73.66494
0.3882 214.2228 -62.3899 -73.66552
-0.4598 216.2968 -62.9067 -73.665976
-1.2479 218.4121 -63.4146 -73.666306
-2.0973 220.5416 -63.7457 -73.666504
-3.4118 222.4275 -63.923 -73.666564
-5.2388 223.8332 -64.0726 -73.666483
-7.0057 225.2983 -64.337 -73.666254
-8.1122 227.0393 -64.9339 -73.665872
-8.3675 229.0243 -65.402 -73.665417
-8.7031 230.7886 -65.6689 -73.664948
-9.2813 232.5101 -65.8231 -73.664374
-9.2237 228.2929 -64.8468 -73.665552
-10.9382 228.5001 -64.259 -73.665325
-12.6565 228.7042 -63.682 -73.664971
-25.5183 124.0162 -29.3962 -73.539155
-26.4756 125.8583 -28.1987 -73.542661
-27.6755 127.8327 -27.6028 -73.546164
-27.9279 128.8492 -29.077 -73.549671
-28.5728 129.8586 -27.39 -73.553189
-29.4951 131.5172 -26.0388 -73.55668
-30.3172 133.5583 -25.0126 -73.560165
-30.9903 134.755 -23.0132 -73.563641
-31.8576 136.0757 -21.167 -73.567103
-32.9249 137.8539 -19.8699 -73.57055
-34.7749 138.8966 -19.3111 -73.573985
-36.3176 139.9122 -18.0849 -73.577397
-37.4604 141.3871 -16.8864 -73.580789
-38.6623 143.1941 -16.0632 -73.584164
-40.1691 144.5551 -14.9429 -73.587521
-41.2877 146.3296 -14.9203 -73.590854
-42.5778 148.1549 -14.027 -73.594158
-43.9866 149.9737 -13.1872 -73.597426
-45.0144 151.7833 -12.0503 -73.600664
-45.5532 153.8159 -10.8393 -73.603869
-46.3861 156.0367 -10.2537 -73.607036
-46.9837 158.3901 -9.9517 -73.610159
-47.8117 160.6751 -9.7756 -73.613243
-49.0447 162.6915 -9.706 -73.616278
-50.015 164.9082 -9.8518 -73.619265
-51.5234 166.8379 -9.9384 -73.622201
-52.9161 168.8061 -9.9279 -73.625081
-54.0733 170.9215 -9.7859 -73.627905
-55.7453 172.652 -9.5467 -73.630666
-57.6094 174.1497 -9.6472 -73.633364
-59.246 175.273 -8.9172 -73.635996
-60.6519 176.3429 -7.7572 -73.638556
-61.8971 178.3631 -7.4187 -73.641041
-62.7492 180.6081 -7.5045 -73.643449
-63.9736 182.7158 -7.7021 -73.645771
-65.2308 184.8141 -7.6187 -73.648005
-66.7492 186.7003 -7.6491 -73.650145
-68.417 188.4651 -7.7574 -73.65219
-69.4591 190.6092 -7.7695 -73.654132
-69.6776 192.1396 -9.5531 -73.655976
-70.6232 193.0213 -8.854 -73.657728
-70.9662 193.1386 -6.4297 -73.659362
-71.4596 193.5338 -4.0639 -73.66087
-72.1758 195.2071 -3.9513 -73.662239
-73.6159 196.7389 -5.1111 -73.663472
-74.8609 198.522 -6.148 -73.664566
-75.7426 199.5734 -7.6936 -73.665516
-75.3694 199.5725 -10.1146 -73.666328
-74.4019 199.6256 -11.6143 -73.66697
-73.8016 200.0979 -9.3728 -73.667448
-74.5843 201.3776 -7.8285 -73.667752
-75.66 202.8847 -6.3385 -73.667874
-76.7569 204.7933 -5.2692 -73.667808
-77.7876 206.5222 -4.0466 -73.667546
-78.7815 208.5213 -3.0989 -73.66708
-29.3228 87.5393 7.4141 -73.572902
-29.9005 87.4969 9.1019 -73.575885
-30.4781 87.4545 10.7898 -73.578801
-31.0558 87.4122 12.4776 -73.581648
-32.2782 87.1841 13.3671 -73.584442
-33.8866 86.6278 13.8875 -73.587238
-35.2533 87.1539 14.4242 -73.590033
-35.8481 87.8038 15.3321 -73.59282
-36.8463 86.9864 16.4788 -73.595605
-38.3951 86.3544 16.7879 -73.598378
-40.0436 86.842 16.4412 -73.601137
-41.676 86.6973 15.7688 -73.603888
-43.0795 86.67 14.6822 -73.606622
-44.7397 86.6061 14.8133 -73.609338
-46.2784 86.3685 14.6265 -73.612035
-47.931 85.969 14.7511 -73.614708
-49.3382 85.0184 15.2541 -73.617358
-51.0157 84.5548 15.4912 -73.619983
-52.76 84.3802 15.7377 -73.622572
-54.4766 84.1118 16.1326 -73.625127
-56.1575 83.722 16.5614 -73.62765
-57.6854 83.1665 17.2616 -73.630138
-59.449 83.0129 17.2864 -73.632578
-61.2047 83.1213 17.0316 -73.634969
-62.4985 83.4162 16.057 -73.637315
-64.2493 83.561 15.9695 -73.639609
-65.9938 83.4285 15.6473 -73.641848
-67.7202 83.5173 15.2308 -73.644028
-69.055 83.036 14.2322 -73.646145
-69.8653 82.2066 12.9383 -73.648196
-71.0115 81.258 11.9738 -73.650172
-72.4278 80.4398 11.5445 -73.652076
-73.698 79.222 11.6667 -73.653896
-74.8344 77.8746 11.8888 -73.655626
-76.1909 76.8138 12.1994 -73.657273
-77.7152 76.0674 12.6693 -73.658827
-79.2241 75.3783 13.2714 -73.66028
-80.5771 74.3384 13.7242 -73.661628
-81.948 73.2954 14.1285 -73.662868
-83.3128 72.1963 14.4348 -73.66399
-84.2563 70.7511 14.49 -73.664995
-85.9688 70.3467 14.3507 -73.665874
-87.6869 70.083 14.43 -73.66662
-89.1236 69.3762 14.9056 -73.66723
-90.0942 69.1674 16.3612 -73.667698
-91.4773 68.4273 17.0893 -73.668016
-93.1744 68.4543 17.5737 -73.668177
17.4714 115.5383 -32.7054 -73.536401
18.7181 116.515 -32.6736 -73.538072
19.4474 117.9165 -32.6863 -73.539706
20.2746 119.2604 -32.6312 -73.541307
21.0837 120.5882 -32.4636 -73.542869
21.7758 121.9988 -32.2416 -73.544392
22.3094 123.4582 -32.1155 -73.545871
23.1409 124.8071 -32.0128 -73.547303
23.9385 126.1782 -31.9172 -73.548689
25.0849 127.2066 -31.902 -73.55002
25.7601 127.3047 -33.2559 -73.551308
26.628 127.211 -34.5602 -73.55254
27.4583 127.1967 -35.7592 -73.553704
28.395 127.5305 -34.6253 -73.554801
29.5644 128.205 -33.8463 -73.555825
30.5696 128.6374 -32.8152 -73.556781
32.0051 129.043 -32.2921 -73.557657
33.4128 129.4399 -31.6761 -73.558453
34.7649 130.0848 -31.1622 -73.559161
36.07 130.7044 -30.5266 -73.559781
37.2954 130.2845 -29.7509 -73.560307
38.6668 129.8544 -29.4393 -73.560738
40.0959 129.824 -28.9371 -73.561067
41.6596 129.7812 -29.1527 -73.561291
43.163 129.7557 -29.5887 -73.561406
37.3605 97.6671 -24.1386 -73.530947
38.5247 98.3419 -23.3011 -73.532339
39.4075 98.7958 -22.0704 -73.533694
39.7833 99.3954 -20.6642 -73.535009
39.86 99.407 -19.0804 -73.536295
40.1939 99.8932 -18.7303 -73.537516
40.4963 100.318 -20.2174 -73.538695
41.4643 101.4944 -20.1061 -73.539811
42.3976 102.7119 -19.7798 -73.540868
43.1049 104.0833 -19.5568 -73.541866
44.0865 105.3182 -19.6544 -73.542797
44.7899 106.7249 -19.7113 -73.543662
45.9094 107.8469 -19.694 -73.544454
47.0015 108.9935 -19.6267 -73.545172
47.4874 110.1272 -19.5101 -73.54583
47.4694 110.2183 -21.0953 -73.546467
47.4514 110.3094 -22.6805 -73.547
47.4334 110.4005 -24.2657 -73.547428
47.4153 110.4915 -25.8509 -73.547751
47.3973 110.5826 -27.4361 -73.547967
47.3793 110.6737 -29.0213 -73.548075
-43.1464 107.2097 -8.6051 -73.576843
-44.2349 108.3552 -9.2701 -73.579618
-45.5183 109.1815 -10.1573 -73.582397
-46.5455 110.332 -10.9218 -73.585177
-47.6198 111.4497 -11.7523 -73.587956
-48.7733 112.6103 -11.9929 -73.590735
-49.0763 114.3515 -11.8794 -73.593514
-49.3422 116.0762 -11.586 -73.596284
-49.7822 117.0822 -10.2937 -73.599056
-50.4256 118.2912 -9.1739 -73.60182
-50.9978 119.2379 -7.7863 -73.604577
-51.2625 120.0244 -6.2601 -73.607331
-51.6654 121.1492 -4.9912 -73.610063
-51.9476 122.7357 -4.2703 -73.61278
-52.5998 124.2212 -3.6393 -73.615478
-53.274 125.7541 -3.0637 -73.61815
-53.9887 127.1954 -2.3704 -73.6208
-53.963 128.1021 -0.9245 -73.623452
-54.6255 128.6873 -0.6995 -73.626086
-55.0557 128.8462 -2.4173 -73.628698
-55.7093 129.6088 -3.8029 -73.631252
-56.3904 130.5701 -3.4395 -73.633773
-57.2397 131.7558 -2.5815 -73.636259
-57.7383 132.4193 -1.0375 -73.63873
-58.1997 132.8604 0.5026 -73.641148
-59.135 134.2149 0.2827 -73.643512
-59.5411 135.9385 0.3726 -73.645823
-60.3211 137.5272 0.4547 -73.64808
-61.5615 138.7924 0.4272 -73.650278
-62.8427 140.0202 0.4049 -73.652421
-63.9756 141.337 0.4784 -73.6545
-65.5415 142.0698 0.6041 -73.656512
-66.8201 143.3029 0.6105 -73.658453
-67.9523 144.6731 0.6097 -73.660369
-69.0106 146.0943 0.6091 -73.662167
-69.7753 147.6531 0.6561 -73.663869
-69.9859 148.4831 2.1055 -73.665496
-70.4429 149.3779 3.3991 -73.667022
-71.6135 150.4383 2.691 -73.668447
-72.4835 151.5429 1.7355 -73.669768
-72.9227 152.8592 2.7049 -73.670985
-72.5877 154.4469 3.3601 -73.672087
-73.0119 156.1489 3.5593 -73.673071
-73.1545 157.8864 3.5882 -73.673931
-74.1953 159.319 3.6169 -73.67466
-74.932 160.9303 3.7174 -73.675255
-75.2192 162.6661 3.8423 -73.675709
-75.4158 163.3004 5.1393 -73.676024
-75.4017 163.5667 6.8972 -73.676184
-50.1374 90.531 -23.3634 -73.575292
-51.2673 90.8857 -22.5511 -73.577898
-52.7159 91.6607 -23.1098 -73.580495
-54.0702 92.6015 -23.357 -73.583089
-55.4386 93.0469 -22.4458 -73.585677
-56.998 93.6059 -21.9041 -73.588258
-58.5673 94.2413 -21.5078 -73.590827
-59.4515 94.8578 -20.2839 -73.593405
-60.3751 95.9904 -19.3491 -73.595947
-61.639 96.317 -18.2753 -73.598479
-62.5765 96.8459 -17.7339 -73.600992
-63.9654 97.6322 -17.7098 -73.603492
-65.6166 98.1559 -17.9424 -73.605968
-67.3141 98.5251 -18.0363 -73.608423
-68.9906 98.999 -17.9141 -73.610844
-70.4527 99.8368 -17.5623 -73.613239
-71.8636 100.5751 -16.8437 -73.615601
-73.2945 101.1084 -16.0241 -73.617925
-74.8032 101.5319 -15.3155 -73.620212
-76.2937 102.0431 -14.7677 -73.622459
-76.9439 103.3194 -13.9021 -73.624663
-77.7853 104.5384 -13.0235 -73.626819
-79.1174 105.4827 -13.5256 -73.628918
-80.5678 106.3785 -13.889 -73.630964
-81.9123 107.4474 -14.0602 -73.632944
-82.892 108.884 -14.1362 -73.634864
-83.7902 110.3676 -14.0768 -73.63672
-84.9748 111.6284 -13.8567 -73.6385
-86.2002 112.6963 -13.3076 -73.640212
-87.0479 113.9279 -12.479 -73.641845
-87.7411 115.4304 -11.9657 -73.64339
-88.823 116.6812 -11.5653 -73.644847
-89.4834 118.0465 -10.8065 -73.646213
-90.0558 119.4566 -9.9504 -73.647482
-90.8226 120.9302 -9.4429 -73.648645
-91.9586 122.2396 -9.3374 -73.649699
-92.8888 123.6775 -9.6286 -73.650641
-93.6083 125.2344 -9.9613 -73.651465
-94.4583 126.6908 -10.3334 -73.652164
-95.6371 127.179 -11.2403 -73.652738
-96.5223 128.3643 -11.7434 -73.653176
-97.3565 129.8343 -11.9607 -73.653473
-98.0187 131.4271 -12.0082 -73.653625
-44.8397 82.3848 -0.1022 -73.59593
-45.6858 82.6745 1.4762 -73.599133
-47.0854 83.466 2.0376 -73.602334
-47.9154 84.1261 0.6038 -73.60556
-48.4536 84.4912 -1.1078 -73.608786
-49.4629 84.7481 -2.3216 -73.612018
-50.8487 85.4683 -2.9272 -73.615264
-51.3634 86.2483 -4.138 -73.618545
-51.1604 85.8865 -5.9031 -73.621828
-51.4147 86.3329 -4.63 -73.625127
-51.3753 86.9211 -3.2026 -73.628408
-51.6511 88.546 -2.6095 -73.631686
-52.0008 89.4665 -3.9264 -73.634994
-52.6137 90.8015 -4.1725 -73.63829
-53.4473 92.4123 -3.9386 -73.64159
-53.8653 94.1635 -3.6555 -73.644892
-53.9519 95.9277 -3.215 -73.648196
-54.3051 97.4953 -2.5507 -73.651502
-54.5625 98.6898 -1.1952 -73.654795
-54.547 99.8234 0.1762 -73.658091
-54.2907 100.3598 1.9096 -73.661389
-54.7709 101.2087 3.4194 -73.664655
-54.4328 101.9413 3.8933 -73.667898
-53.0212 101.1678 3.092 -73.671124
-52.5222 101.109 4.5528 -73.674356
-54.1846 101.7537 4.4499 -73.67755
-55.6576 102.8136 4.5394 -73.68072
-56.499 104.3974 4.7059 -73.683867
-56.8786 106.1716 4.8788 -73.686988
-56.4546 107.8733 4.5587 -73.690078
-55.6814 109.1098 4.4339 -73.693163
-55.7928 109.3656 6.2457 -73.696264
-56.2213 109.7146 7.7986 -73.69926
-55.5336 111.171 7.9788 -73.702211
-57.2605 111.7016 8.1166 -73.705112
-58.1121 113.2561 8.4551 -73.707969
-58.5985 114.919 9.0311 -73.710778
-59.6859 116.036 9.8099 -73.71352
-59.434 116.5435 10.5662 -73.716212
-59.3051 118.1105 11.4366 -73.718838
-59.9415 119.6907 12.0733 -73.721404
-60.8614 121.156 12.3489 -73.723892
-61.607 122.4945 11.39 -73.726312
-62.1797 124.0961 10.8491 -73.728648
-62.6253 125.8486 10.8404 -73.730897
-62.2188 127.4063 11.6395 -73.733056
-61.8461 129.0333 12.3882 -73.735119
-62.5327 130.6886 12.3999 -73.737083
-62.936 132.4579 12.2088 -73.738945
-63.3234 134.2117 11.8803 -73.740702
-63.6303 135.945 11.5157 -73.742343
-63.951 136.5199 9.8435 -73.743875
-64.1784 137.2406 8.1925 -73.745277
-64.0694 138.3872 6.7995 -73.746542
-64.3697 140.0086 6.0583 -73.747673
-64.8732 141.6033 5.322 -73.748659
-65.5178 142.5596 4.0703 -73.7495
-65.7682 143.1976 5.3492 -73.750186
-66.7186 144.3442 5.8832 -73.75071
-67.5125 145.9488 6.0337 -73.751065
-68.2142 147.6123 6.0332 -73.751246
-36.2134 93.2108 29.5751 -73.57748
-36.6635 94.7733 29.8902 -73.579462
-36.9263 96.2364 30.4302 -73.581421
-37.1622 97.773 30.8495 -73.58336
-37.5529 99.3568 31.1525 -73.585278
-37.9173 100.9487 31.3678 -73.587161
-38.3971 102.525 31.406 -73.589018
-38.3118 104.182 31.3802 -73.590838
-38.3833 105.841 31.3619 -73.592622
-38.5184 107.493 31.3513 -73.594369
-38.1793 109.1047 31.3065 -73.596075
-37.694 110.6348 31.1726 -73.597733
-37.4366 112.1749 31.1742 -73.599347
-36.4341 113.3684 31.2349 -73.600915
-35.2673 114.4885 31.1966 -73.602427
-35.1913 116.0244 31.322 -73.603882
-36.1323 117.264 31.8032 -73.605278
-36.1013 118.8174 31.8898 -73.606612
-35.2737 120.1279 31.585 -73.607877
-34.1912 121.3196 31.36 -73.609073
-33.7141 122.9011 31.2289 -73.61019
-33.0667 124.4147 31.1658 -73.611228
-32.8786 126.0601 31.1275 -73.612182
-32.0835 127.4884 31.1247 -73.613047
-31.8296 129.12 31.1246 -73.61382
-31.1422 130.5851 30.9859 -73.614496
-30.3228 131.8477 30.3079 -73.615072
-29.6856 132.4849 28.9766 -73.615544
-29.0719 133.0333 27.5676 -73.615906
-28.0844 133.7856 27.8775 -73.616152
-27.152 134.469 28.6173 -73.616278
68.8569 88.73 19.5506 -73.52948
69.4626 89.4871 18.5505 -73.531697
69.8694 90.2922 17.5312 -73.53389
70.1133 90.9732 19.0619 -73.536068
70.2522 92.4115 19.6157 -73.538213
70.8156 93.9888 19.8859 -73.54033
70.9233 95.5529 19.5992 -73.542425
71.3862 97.0655 19.4044 -73.544486
72.5006 98.2929 19.6588 -73.546509
72.7344 99.9408 19.94 -73.5485
72.932 101.5833 19.995 -73.550455
72.4313 103.198 19.9089 -73.55237
71.8799 104.7873 20.0008 -73.554235
71.5282 106.416 19.8144 -73.556057
71.2624 108.037 19.4849 -73.557828
70.3107 109.3594 19.2993 -73.559538
69.2896 110.7156 19.219 -73.56119
68.8552 112.3448 19.1576 -73.562779
68.8224 113.8606 18.9579 -73.564301
69.0085 114.8834 18.0264 -73.565759
68.8524 116.0924 16.8932 -73.567142
69.7271 117.2159 15.9694 -73.568449
70.0973 118.581 15.0882 -73.569671
70.8674 119.2691 13.939 -73.570812
70.3855 118.9765 13.515 -73.571857
69.9666 118.6726 13.3866 -73.572815
70.2125 118.847 11.7059 -73.573686
70.4357 118.9096 10.8982 -73.574435
70.1867 118.7318 12.5649 -73.575081
69.521 118.6003 13.8778 -73.575602
69.0153 119.2849 13.1332 -73.575999
69.8993 119.8704 11.9133 -73.57627
70.2963 119.9515 10.2866 -73.576409
95.5228 3.6634 18.9207 -73.480084
95.9521 3.5018 19.9853 -73.480185
96.3294 3.3373 21.069 -73.480236
-41.3421 222.5153 -25.6062 -73.65141
-42.702 224.1478 -25.2091 -73.650315
-44.2458 225.1088 -24.0553 -73.649213
-45.8189 226.0665 -23.0056 -73.648106
-47.3319 227.1224 -21.9872 -73.646994
-48.8138 228.7344 -21.8003 -73.645878
-50.1281 230.4969 -21.9165 -73.644756
-51.8278 231.7383 -22.0527 -73.643628
-52.8158 233.6774 -22.1145 -73.642494
-53.0724 235.6787 -22.1684 -73.641598
-53.6815 237.6012 -22.215 -73.640944
-54.8336 239.2327 -22.1693 -73.640291
-55.9455 240.9107 -22.1307 -73.639638
-56.8959 242.6769 -22.2538 -73.638986
-57.6448 244.0732 -23.1351 -73.638333
-57.9004 245.3567 -24.6431 -73.637681
-58.5973 247.0318 -25.4177 -73.63703
-59.3933 248.8468 -25.6686 -73.63638
-60.5485 250.492 -25.7129 -73.63573
-62.0102 251.8694 -25.795 -73.635081
-63.5819 251.7041 -25.7766 -73.634432
-65.1861 252.5294 -25.4878 -73.633784
-66.5361 253.7075 -24.6451 -73.633136
-67.4482 255.4346 -24.2826 -73.632488
-68.0616 257.3349 -24.0645 -73.631841
-69.279 258.781 -24.0213 -73.631195
-70.6709 260.1778 -24.061 -73.63055
-71.4436 262.0159 -24.0595 -73.629905
-72.8554 263.4363 -23.888 -73.629262
-74.3055 264.6952 -23.3614 -73.62862
-75.6104 266.0079 -22.6232 -73.627979
-76.4194 267.7709 -22.2236 -73.627338
-77.0046 269.6763 -21.989 -73.626698
-77.6943 271.5617 -21.8675 -73.62606
-78.0414 273.5421 -21.7862 -73.625423
-78.9873 275.301 -21.7403 -73.624787
-80.3424 276.7952 -21.6879 -73.624153
-81.6546 278.3163 -21.6068 -73.623521
-83.1583 279.5974 -21.7854 -73.62289
-84.8953 280.6045 -21.8472 -73.622261
-86.7025 281.4584 -21.6828 -73.621633
-87.8751 282.8646 -21.0904 -73.621007
-89.4892 283.7967 -20.5891 -73.620382
-91.1007 284.9601 -20.5677 -73.619759
-92.4107 286.2858 -21.1453 -73.619138
-94.0557 286.9976 -21.9919 -73.618519
-95.7101 288.0996 -22.2545 -73.617902
-97.3406 289.2852 -22.2657 -73.617288
-98.976 289.9877 -22.9029 -73.616675
-100.2796 290.7986 -23.6291 -73.616065
-101.4799 291.8038 -22.4899 -73.615456
-103.036 292.9887 -22.0284 -73.61485
-104.6892 294.1312 -21.8834 -73.614247
-106.3559 295.2232 -22.151 -73.613647
-107.8941 296.3493 -22.6692 -73.613049
-109.1385 297.4951 -23.597 -73.612454
-110.8652 298.494 -23.4597 -73.611863
-112.4721 299.5248 -23.016 -73.611274
-113.8772 300.6139 -22.2042 -73.610688
-115.339 301.8994 -21.8314 -73.610106
-116.6463 303.427 -21.784 -73.609527
-117.9037 305.0024 -21.8441 -73.608952
-119.0254 306.6607 -22.003 -73.60838
-119.7365 308.5266 -22.2827 -73.607812
-120.0458 309.7921 -21.1758 -73.607244
-120.3335 310.3959 -19.2752 -73.606682
-120.8092 311.2425 -17.5331 -73.606125
-121.3861 312.9361 -16.6595 -73.605572
-122.3666 314.5966 -16.303 -73.605026
-123.445 316.2788 -16.4754 -73.604483
-124.5125 317.8962 -16.7048 -73.603946
-124.8879 318.6378 -14.9021 -73.603409
-124.9811 319.1413 -12.9496 -73.602877
-125.2786 319.7061 -11.0358 -73.602351
-125.7833 320.5605 -9.2875 -73.601833
-126.7853 321.2272 -7.7186 -73.601321
-128.1198 321.7372 -6.5853 -73.600813
-129.5338 322.6762 -5.6435 -73.600312
-130.8033 322.8583 -4.1103 -73.599816
-132.3486 322.5617 -2.9424 -73.599327
-133.5223 321.7567 -2.2514 -73.598844
-134.4075 321.0203 -3.7194 -73.598367
-136.141 320.0633 -3.704 -73.597898
-137.9234 319.2453 -3.5128 -73.597435
-139.8153 319.4438 -3.03 -73.596975
-141.7336 319.7231 -2.5415 -73.596525
-143.2992 318.8382 -1.8198 -73.596085
-143.6324 318.198 -3.1912 -73.59565
-144.6494 318.183 -2.5451 -73.595222
-145.6029 318.7473 -1.0864 -73.594804
-147.1116 319.1677 -0.0827 -73.594394
-149.0143 318.6505 0.3041 -73.593993
-150.835 317.9416 0.6531 -73.593601
-152.6003 318.3043 1.3039 -73.593218
-154.255 319.2248 1.8195 -73.592845
-156.1347 319.0641 1.3765 -73.592481
-157.9479 318.8394 0.6505 -73.592127
-159.8193 318.2421 0.4855 -73.591782
-161.6982 318.4908 0.8126 -73.591449
-163.3502 318.4678 1.946 -73.591125
-164.7917 318.8721 3.1901 -73.590812
-166.0348 318.4651 4.5448 -73.590511
-167.2051 317.7036 5.9108 -73.590221
-168.6856 318.3603 6.972 -73.589943
-170.5746 318.3686 7.6324 -73.589676
-172.4422 318.8037 8.0573 -73.589423
-173.7745 319.4811 7.41 -73.58918
-175.2708 319.8181 6.8918 -73.588952
-176.3866 321.0401 7.8064 -73.588736
-178.1084 321.388 8.4289 -73.588533
-179.8667 322.3331 8.1901 -73.588344
-181.7338 322.9719 7.9865 -73.58817
-183.2047 324.2061 7.6173 -73.588009
-184.6529 324.5109 6.7583 -73.587863
-186.4765 324.882 7.4149 -73.587732
-188.3601 325.5005 7.7542 -73.587616
-190.207 326.2741 7.8586 -73.587516
-191.8555 326.4884 7.2737 -73.587432
-192.3011 326.2807 5.3327 -73.587363
-192.4569 326.3027 3.3202 -73.587309
-192.6127 326.3246 1.3078 -73.587273
-192.7684 326.3466 -0.7047 -73.587255
-53.5618 234.7518 -22.4056 -73.641631
-55.3696 234.7358 -22.9279 -73.64105
-57.1775 234.7198 -23.4502 -73.64048
-58.9758 234.7413 -23.9753 -73.63992
-60.5834 235.6616 -24.1049 -73.639365
-62.2107 236.6032 -24.0421 -73.638811
-63.9306 237.3539 -24.0447 -73.63826
-65.5569 238.2591 -24.1396 -73.637709
-67.3063 238.9314 -24.1596 -73.637162
-68.8366 239.9978 -24.0522 -73.636615
-70.5332 240.314 -23.7713 -73.636072
-72.1779 239.7124 -23.3677 -73.63553
-73.9055 239.067 -23.0743 -73.63499
-75.764 238.9129 -23.0612 -73.634453
-77.5069 238.4311 -23.4834 -73.633918
-79.2728 238.5078 -23.5052 -73.633386
-81.0101 239.1307 -23.2489 -73.632856
-82.8258 239.4159 -22.9537 -73.632329
-84.5254 239.9346 -22.4418 -73.631805
-86.2406 240.0396 -21.7161 -73.631284
-87.8568 239.8217 -20.9364 -73.630765
-89.3552 239.6723 -19.8507 -73.63025
-90.7771 239.8281 -18.7653 -73.629737
-92.3262 239.5258 -18.0598 -73.629228
-94.0855 240.1028 -17.7873 -73.628723
-95.877 240.5966 -17.5579 -73.628221
-97.6988 241.0591 -17.507 -73.627723
-99.53 241.4724 -17.4393 -73.627229
-101.2527 242.1681 -17.1773 -73.626739
-102.8299 242.815 -16.4434 -73.626253
-104.4569 243.5931 -15.9937 -73.625771
-106.2956 243.7075 -16.104 -73.625294
-107.1732 243.8399 -14.6775 -73.624818
-108.3872 244.3725 -13.7017 -73.624348
-109.3454 245.4642 -12.5807 -73.623884
-110.5466 246.5332 -11.6213 -73.623424
-112.0874 247.1 -10.9503 -73.62297
-112.6927 248.1713 -9.7197 -73.622519
-113.85 248.7857 -8.6033 -73.622074
-114.9422 250.1535 -8.2414 -73.621635
-115.3929 251.8689 -7.6387 -73.621202
-116.4822 252.9605 -6.8157 -73.620775
-117.371 253.2374 -5.1806 -73.620353
-118.358 253.8356 -3.7152 -73.619938
-119.4595 254.4678 -2.3971 -73.619531
-120.9563 255.2641 -1.6822 -73.619129
-122.5163 255.9458 -1.0086 -73.618735
-123.9831 256.9071 -0.452 -73.618347
-124.7954 257.8348 0.9161 -73.617967
-125.65 259.0549 2.0473 -73.617594
-126.8265 260.4562 2.1583 -73.617229
-128.2898 261.2032 2.616 -73.616871
-129.0334 261.3894 4.2611 -73.616519
-129.2473 261.2649 6.1105 -73.616165
-129.4022 261.1437 7.9821 -73.615824
-129.5576 261.0229 9.8536 -73.615498
-129.7512 260.9235 11.7229 -73.615172
-129.9463 260.825 13.592 -73.614859
-130.1515 260.7135 15.4586 -73.614561
-130.5488 260.346 17.2477 -73.614272
-131.604 259.0778 18.099 -73.613995
-132.4067 258.2916 19.5872 -73.613728
-133.3932 257.3081 20.8241 -73.613472
-133.8044 256.3522 22.376 -73.613226
-134.6418 255.2368 23.5911 -73.612991
-135.4197 253.8392 24.4892 -73.612768
-135.7 253.4829 26.3153 -73.612556
-136.3101 252.641 27.7577 -73.612356
-136.3201 251.3179 26.4825 -73.612168
-136.8701 249.6435 26.0944 -73.611993
-137.7175 248.1362 25.6627 -73.61183
-137.6045 246.4619 25.1316 -73.611681
-137.2893 245.0053 24.2243 -73.611545
-136.6215 243.4615 23.4192 -73.611423
-135.6446 241.9497 22.8735 -73.611314
-135.3758 240.4199 22.4018 -73.61122
-136.1869 239.3032 23.0344 -73.611141
-136.341 238.0644 24.2021 -73.611077
-136.433 236.6369 25.3143 -73.611029
-136.6008 234.8539 25.6617 -73.610996
-137.1474 233.4458 25.0869 -73.61098
-10.2537 234.1313 -65.7936 -73.663651
-11.9535 235.2244 -65.4206 -73.662885
-13.2513 236.4124 -64.5554 -73.662119
-13.9825 238.2182 -64.0036 -73.661352
-13.9675 239.4333 -65.1657 -73.660582
-14.1745 240.8047 -66.5759 -73.659815
-14.74 242.3781 -67.763 -73.659047
-15.0167 243.3075 -69.5586 -73.658276
-14.9973 244.3966 -71.2899 -73.657508
-15.4806 245.6013 -72.6631 -73.656739
-16.6681 247.206 -72.2066 -73.65597
-17.3029 249.0449 -71.7718 -73.655201
-18.6676 250.382 -71.3338 -73.654431
-19.6799 251.0982 -72.0439 -73.653662
-20.4939 252.2385 -73.4165 -73.652891
-21.5912 252.7618 -72.8895 -73.652193
-21.9596 252.8176 -71.2713 -73.651576
-22.6797 254.2973 -71.5196 -73.65096
-23.6039 255.7577 -72.0067 -73.650345
-24.5721 257.236 -72.2298 -73.649731
-26.0105 258.3101 -72.2446 -73.649118
-27.3761 259.4599 -72.2196 -73.648505
-28.9516 260.3257 -72.2375 -73.647886
-30.5102 261.2195 -72.2945 -73.647276
-31.595 262.5637 -72.7018 -73.646668
-32.6547 263.9941 -72.7006 -73.64606
-33.5598 265.5319 -72.4801 -73.645454
-34.5952 266.9872 -72.4053 -73.644849
-35.2782 268.5959 -72.3691 -73.644245
-36.5462 269.7783 -72.1737 -73.643643
-37.8737 270.872 -71.8225 -73.643043
-38.8876 272.2418 -71.3145 -73.642444
-39.6217 273.7558 -70.7585 -73.641847
-40.6535 274.9959 -70.0158 -73.641252
-42.0534 275.9829 -69.5331 -73.640658
-43.5846 276.8719 -69.3005 -73.640067
-45.0655 277.8565 -69.4958 -73.639477
-45.946 279.1186 -68.7677 -73.63889
-45.8345 280.5644 -67.9551 -73.638304
-46.196 282.2235 -68.3906 -73.637721
-46.2456 283.784 -69.1293 -73.63714
-45.9356 284.9029 -69.4775 -73.636561
-46.3572 283.3243 -69.8414 -73.635982
-47.6385 284.0096 -69.6263 -73.635404
-47.8598 285.27 -68.7781 -73.63483
-47.9763 286.6481 -67.6615 -73.634259
-48.0018 287.8134 -66.394 -73.63369
-49.296 287.3623 -65.4888 -73.633124
-50.1432 286.6731 -64.1653 -73.632561
-50.2434 286.1704 -62.4405 -73.632
-51.2742 284.9264 -61.8207 -73.631444
-52.8421 284.4426 -61.0987 -73.630892
-53.9107 283.6653 -60.0279 -73.630343
-54.752 283.3629 -58.5184 -73.629797
-55.6511 282.4981 -57.2933 -73.629256
-56.6242 281.93 -56.0196 -73.62872
-57.9991 281.9695 -54.8908 -73.628187
-59.0837 282.3361 -53.8941 -73.627659
-60.0943 282.1643 -52.7677 -73.627134
-61.4419 281.5155 -51.8651 -73.626616
-62.8626 280.827 -51.0501 -73.626102
-64.2795 280.6349 -50.0042 -73.625593
-65.804 280.5238 -49.0693 -73.62509
-66.7885 280.054 -47.7484 -73.624591
-67.9789 279.2336 -46.7905 -73.624097
-68.6552 278.446 -45.3481 -73.623608
-69.0138 277.9753 -43.6489 -73.623126
-69.4167 276.9949 -42.4398 -73.62265
-69.8247 275.5947 -42.5008 -73.622179
-70.268 276.0815 -42.6582 -73.621715
-70.9242 276.409 -41.0457 -73.621255
-71.4032 276.5871 -39.3203 -73.620803
-72.2724 276.7647 -38.0281 -73.620359
-73.2041 276.1685 -36.6914 -73.619923
-74.2918 275.5936 -35.4399 -73.619494
-75.425 274.8456 -34.2803 -73.619072
-76.9255 274.2886 -33.5609 -73.618658
-77.3251 274.3933 -31.9623 -73.618252
-77.3839 274.0953 -31.6173 -73.617851
-77.9259 274.1693 -30.1943 -73.617459
-79.5493 274.0847 -29.6223 -73.617076
-80.9279 274.149 -28.5263 -73.616702
-82.1503 274.2888 -27.2947 -73.616338
-83.1333 274.5631 -25.8399 -73.615983
-83.3586 274.0993 -24.1212 -73.615636
-83.4086 273.3363 -22.4949 -73.6153
-83.5601 272.816 -20.7795 -73.614973
-83.7705 272.4678 -19.0265 -73.614656
-84.0593 272.0789 -17.2937 -73.614351
-84.2893 271.7437 -15.5414 -73.614056
-84.9661 271.1706 -14.2656 -73.613773
-86.4465 270.5588 -13.5443 -73.613503
-87.5224 269.4821 -12.7644 -73.613244
-88.5863 270.2836 -13.3628 -73.612997
-89.344 271.7765 -13.8414 -73.612762
-90.7295 272.8654 -14.017 -73.612536
-92.0012 274.1345 -14.1202 -73.612325
-93.0728 275.5655 -14.188 -73.612128
-94.4803 276.5793 -14.1262 -73.611945
-96.2029 276.3016 -13.7358 -73.611775
-97.8612 276.4416 -13.1634 -73.61162
-99.2225 277.2086 -12.3487 -73.611478
-100.7724 276.7787 -11.5881 -73.611351
-102.4856 276.8416 -11.2384 -73.611239
-104.2435 277.0799 -11.3594 -73.611142
-105.8758 277.7134 -11.5089 -73.61106
-106.978 278.2571 -10.6069 -73.610994
-108.7214 278.4008 -10.5748 -73.610944
-110.1714 278.7473 -11.3411 -73.610911
-111.6618 279.6815 -11.4564 -73.610894
-21.5015 253.5088 -73.309 -73.652439
-22.5942 254.3623 -72.684 -73.652318
-23.4363 255.5756 -72.2611 -73.652208
-23.7952 256.2196 -73.6016 -73.652108
-24.1958 256.9175 -74.8973 -73.65202
-24.5102 257.2028 -76.431 -73.651944
-25.2575 257.9568 -77.5755 -73.65188
-25.9832 258.9049 -78.6121 -73.651828
-26.7351 259.8964 -79.3372 -73.651788
-27.7754 261.0706 -79.3699 -73.651762
-28.1276 262.1418 -78.3341 -73.651748
-14.415 228.9869 -63.4499 -73.664489
-16.1331 229.4489 -63.5343 -73.664017
-17.7421 230.1331 -63.7219 -73.663549
-19.4067 230.7023 -63.8399 -73.663085
-20.8995 231.6241 -63.8754 -73.662627
-22.4197 232.5434 -63.927 -73.662172
-23.9779 232.9794 -64.5409 -73.661723
-25.5926 233.2447 -65.0739 -73.661277
-27.3372 233.3731 -65.393 -73.660836
-29.108 233.4677 -65.4659 -73.660401
-30.8642 233.5427 -65.402 -73.65997
-32.3482 234.4256 -65.4518 -73.659546
-33.9347 234.8444 -64.9779 -73.659126
-35.6107 235.0483 -64.5372 -73.658711
-37.2988 235.2219 -64.5195 -73.658303
-38.3854 235.5894 -65.5655 -73.657899
-39.1438 235.7555 -64.0699 -73.657501
-40.4342 236.3585 -64.9633 -73.65711
-41.6538 237.408 -65.4996 -73.656725
-43.3197 237.9738 -65.7908 -73.656348
-45.0712 238.2644 -65.9288 -73.655977
-46.7994 238.6788 -65.9135 -73.655613
-48.5481 238.9796 -65.7557 -73.655257
-50.2593 239.3638 -65.4708 -73.654908
-51.9541 239.818 -65.3779 -73.654566
-53.6581 240.3081 -65.5616 -73.654233
-55.3649 240.7618 -65.7517 -73.653908
-56.9242 241.5359 -65.9538 -73.65359
-58.6438 241.8319 -66.2728 -73.653282
-59.9936 242.7156 -66.7405 -73.652982
-60.984 243.7818 -67.5294 -73.652691
-62.0855 245.146 -67.6347 -73.65241
-62.592 246.8516 -67.5474 -73.652138
-63.6958 248.1812 -67.3534 -73.651876
-65.3602 248.1365 -67.1819 -73.651624
-66.6185 247.2528 -66.7907 -73.651383
-68.2827 246.701 -66.9975 -73.65115
-69.0056 246.5375 -67.1182 -73.65093
-69.4149 247.1923 -66.2178 -73.65072
-70.5685 248.2104 -65.6787 -73.650521
-72.1021 248.9573 -65.1628 -73.650335
-73.5226 249.8734 -64.6789 -73.650161
-74.9049 250.917 -64.2744 -73.649999
-76.1941 252.0464 -63.8017 -73.649851
-77.6751 252.694 -63.2164 -73.649715
-78.9054 253.7897 -63.1101 -73.649594
-80.0531 255.1107 -63.1909 -73.649486
-81.4092 256.2087 -63.4316 -73.649393
-83.1166 256.5971 -63.7243 -73.649314
-84.8053 256.9649 -63.8465 -73.64925
-86.3232 257.8036 -63.7447 -73.649202
-88.0463 257.7843 -63.4146 -73.649169
-89.5568 258.6367 -63.0658 -73.649152
-79.8558 209.6969 -1.6956 -73.666482
-80.9345 210.9313 -0.8747 -73.665968
-81.8718 212.3265 -0.0936 -73.665457
-83.0145 213.649 0.4105 -73.664949
-83.35 215.4299 0.5242 -73.664443
-84.7236 216.0877 0.5245 -73.66394
-85.8365 216.8501 1.5461 -73.663439
-86.4751 218.3432 2.3648 -73.662941
-87.6889 219.3419 3.0091 -73.662448
-89.3832 219.625 3.5112 -73.661958
-90.5679 220.9942 3.9392 -73.661471
-91.9993 222.1339 4.2769 -73.660988
-93.1066 223.0567 5.3451 -73.660508
-94.2451 224.3484 6.04 -73.660032
-95.1955 225.7846 6.6504 -73.659559
-96.1469 227.1811 6.1703 -73.659091
-97.5307 228.1499 5.5656 -73.658627
-97.6555 229.6726 4.5217 -73.658166
-98.2632 230.7709 4.9578 -73.657708
-99.4213 231.1534 5.7424 -73.657255
-100.7458 231.4122 4.7237 -73.656806
-101.8502 232.6408 4.2535 -73.656363
-103.1436 233.9354 4.0273 -73.655924
-104.4921 234.4164 4.8558 -73.65549
-105.6117 233.6885 5.7966 -73.655059
-106.7274 232.3194 6.4016 -73.654628
-107.441 230.7522 6.8747 -73.654209
-107.4488 229.0255 7.5014 -73.653796
-107.9411 227.3511 8.131 -73.65339
-107.0902 226.8712 8.9862 -73.652989
-106.1496 226.513 10.1833 -73.652589
-105.9516 226.2598 12.0223 -73.652196
-105.4787 225.2922 12.0054 -73.651811
-105.2249 224.5846 10.2988 -73.651433
-104.7784 223.6625 9.5999 -73.651063
-104.7066 222.6921 11.0296 -73.650699
-105.026 220.965 11.6033 -73.650344
-104.6066 219.9029 12.8153 -73.649995
-103.3942 219.8352 14.0764 -73.649654
-104.3073 219.9043 13.553 -73.649321
-105.885 218.9419 13.3792 -73.648996
-107.2676 218.4747 12.6842 -73.648679
-108.1193 218.5469 11.0406 -73.648369
-108.3962 219.4541 11.7193 -73.648069
-109.0143 219.6825 13.4653 -73.647776
-109.7221 219.9831 15.1561 -73.647495
-110.6667 219.9703 16.4989 -73.647223
-112.0003 218.9022 16.8845 -73.646961
-113.4433 217.9794 16.4775 -73.64671
-114.7081 217.1333 15.6968 -73.646468
-115.2947 216.7255 13.9743 -73.646237
-115.5962 216.7912 12.1637 -73.646015
-115.7677 217.1126 10.3327 -73.645805
-115.4309 217.0746 11.1227 -73.645607
-116.1181 217.6962 12.116 -73.645416
-117.3855 218.3763 13.3061 -73.64524
-118.8798 218.8959 14.099 -73.645079
-120.5533 219.5755 14.5055 -73.644931
-122.3465 220.0233 14.7431 -73.644796
-124.1585 220.1151 14.949 -73.644675
-125.565 221.2324 14.8597 -73.644568
-126.6064 222.7478 14.7267 -73.644475
-127.1945 224.5052 14.537 -73.644396
-127.9351 226.1832 14.2547 -73.644333
-129.0224 227.5634 14.5865 -73.644285
-130.1181 229.0198 14.5982 -73.644252
-131.2201 230.4645 14.2522 -73.644236
47.5528 -96.076 13.5667 -72.362706
47.0015 -95.2803 13.5986 -72.362795
46.7344 -94.3274 13.6342 -72.36284
27.7081 -94.2683 18.8592 -72.336056
26.226 -93.6204 19.8024 -72.336607
24.7439 -92.9726 20.7456 -72.337022
23.2618 -92.3248 21.6888 -72.337299
23.8038 -92.3745 21.7835 -72.337438
54.7481 -88.0637 17.871 -72.388606
97.3169 -66.6493 31.3652 -72.445919
99.3506 -67.4491 30.897 -72.447357
101.3843 -68.2489 30.4289 -72.44856
103.4181 -69.0488 29.9607 -72.449526
105.4518 -69.8486 29.4925 -72.450254
104.935 -70.7499 28.9784 -72.450741
104.6139 -70.6388 26.7694 -72.450985
96.937 -66.473 30.8282 -72.445171
44.0154 -65.7095 15.6069 -72.458777
44.0102 -66.3692 14.8486 -72.458847
44.1586 -67.2141 14.3402 -72.458882
-4.665 -9.0685 -0.0051 -73.338609
-3.3078 -10.3003 -0.0154 -73.304896
-1.9532 -11.5348 -0.0257 -73.271201
-0.7426 -12.7803 -0.0459 -73.215187
0.4334 -13.9291 -0.0935 -73.137249
1.4466 -15.2471 -0.185 -73.059727
3.5554 -27.7322 1.4257 -72.94544
8.6107 -41.3653 6.7974 -72.840021
22.8794 -62.2772 10.5055 -72.60567
26.4745 -64.8588 13.9793 -72.571018
29.0535 -67.1183 14.3116 -72.548431
42.1418 -73.5431 16.2509 -72.46714
47.2069 -85.1931 18.1557 -72.401264
44.6639 -89.9679 15.7857 -72.376546
47.7449 -96.3203 13.6398 -72.363741
78.4149 -177.3628 14.5582 -72.246387
95.2227 -265.7699 17.0719 -72.154877
48.1056 -320.1106 18.1187 -72.086422
-10.9476 -383.6056 22.9817 -72.039091
-40.36 -432.7473 17.7175 -72.011375
28.7834 -94.5812 17.274 -72.338721
14.3097 -106.6143 20.8227 -72.310615
2.7577 -126.0427 26.0848 -72.289902
-45.0792 -189.1405 27.4734 -72.25153
30.9775 -170.2053 31.4202 -72.2803
28.3969 -94.5693 18.0599 -72.336275
-40.2348 -104.2908 -5.8163 -72.273642
-111.9958 -139.102 2.509 -72.237498
54.6562 -87.9717 17.7384 -72.389475
111.8824 -135.9529 29.1893 -72.301363
164.8572 -185.7356 20.1853 -72.240751
213.7243 -226.7876 32.011 -72.205913
43.9697 -65.4565 15.7766 -72.459092
45.5333 -62.1584 17.8534 -72.456561
96.2419 -66.2233 31.6259 -72.445078
2.1326 -22.0656 -2.5814 -72.985343
6.2653 -35.3706 6.4938 -72.892386
8.3143 -40.7868 6.7183 -72.797392
15.4942 -50.7521 4.9673 -72.721757
19.5156 -57.7327 7.1557 -72.646951
24.2121 -63.3654 12.9105 -72.588316
27.7984 -65.9637 14.1964 -72.559658
35.2991 -71.3414 15.5234 -72.507662
45.9552 -78.4006 18.2802 -72.433604
45.9541 -87.9136 17.638 -72.388703
46.0845 -93.1486 14.7482 -72.369303
52.1518 -103.9606 11.3242 -72.349826
58.8833 -119.603 12.0998 -72.32522
62.6461 -133.0235 18.7767 -72.301662
68.7987 -150.479 18.27 -72.279135
75.478 -168.4071 16.0379 -72.257602
80.7201 -186.7623 13.7215 -72.23538
86.0397 -202.1519 18.4658 -72.216049
88.9594 -219.8372 14.0604 -72.197635
92.3483 -238.1707 14.3683 -72.180125
94.4112 -256.1543 16.5595 -72.163489
95.282 -267.4858 16.3224 -72.14647
95.3059 -280.3632 10.9397 -72.131811
82.392 -291.8157 13.1552 -72.11797
66.6134 -301.8126 13.5179 -72.104938
55.8832 -314.8401 17.1156 -72.092691
42.621 -325.3136 19.0805 -72.080375
32.9705 -340.7608 23.6528 -72.069973
23.9361 -354.8041 21.203 -72.060314
9.6225 -366.7531 22.7517 -72.051394
-4.6074 -378.3071 21.4152 -72.043192
-16.9731 -389.755 18.9726 -72.035205
-27.5688 -401.1213 14.9527 -72.02872
-39.573 -411.7299 14.9204 -72.02293
-40.6381 -420.4638 25.2112 -72.017838
-40.4069 -426.6412 14.8914 -72.013429
-41.6738 -434.0686 12.5022 -72.009553
-35.1298 -447.795 10.0223 -72.006831
-30.511 -455.7937 6.7671 -72.004777
-26.4654 -460.7911 2.4423 -72.003405
-24.2919 -464.5784 0.2402 -72.002718
37.1249 -94.0849 14.9718 -72.356863
20.7736 -99.7756 22.2184 -72.324037
11.0172 -108.5614 18.7473 -72.306263
5.909 -113.1292 24.1737 -72.299691
4.7649 -121.3499 27.2758 -72.293387
-3.9067 -133.7894 26.1237 -72.284459
-16.2236 -149.0836 26.7198 -72.275439
-17.7909 -159.6216 22.5822 -72.267413
-30.8645 -168.2845 21.4997 -72.26038
-40.3768 -181.2163 24.3391 -72.254322
-50.8898 -195.8899 27.7601 -72.248969
-59.8432 -207.2909 27.0024 -72.245162
-63.453 -209.2381 15.4152 -72.242297
-64.2909 -212.4765 11.1044 -72.240384
-69.7086 -217.4653 14.9612 -72.239427
-1.3141 -131.2728 34.9295 -72.288881
15.7442 -115.5027 24.1983 -72.305506
21.9499 -133.9863 25.1312 -72.298135
26.8898 -147.4387 25.6301 -72.291779
28.6429 -155.1273 32.7495 -72.286442
28.6017 -167.7997 33.6747 -72.282108
33.7647 -170.9041 21.6446 -72.278605
35.3986 -176.6564 11.4651 -72.276462
39.8278 -180.409 -7.3747 -72.275385
28.4843 -94.572 17.6083 -72.336998
24.075 -93.3058 9.4058 -72.328283
15.5128 -90.8025 -8.4542 -72.314427
-0.0475 -89.6597 -13.0268 -72.301601
-13.9393 -94.7328 -4.0497 -72.2898
-31.0534 -101.5497 -4.3571 -72.279002
-48.3446 -108.1087 -4.4853 -72.26848
-60.3769 -111.0796 -1.1234 -72.259926
-77.9711 -113.5102 3.296 -72.252344
-92.0999 -121.9743 4.6219 -72.245734
-105.6825 -132.44 0.8972 -72.240081
-119.8735 -141.3568 5.959 -72.235287
-132.8113 -151.1601 6.979 -72.232017
-147.2952 -155.5423 4.0924 -72.229554
-153.368 -158.2725 7.6335 -72.227909
-168.793 -159.6906 7.6228 -72.227086
50.8433 -86.5895 17.9535 -72.39422
61.2357 -92.3404 14.5899 -72.378624
72.1897 -102.125 21.0158 -72.359705
85.4059 -115.7278 22.6939 -72.341866
96.1046 -123.0147 27.5352 -72.3251
106.3877 -128.7142 28.8233 -72.30938
119.3522 -141.0891 32.8119 -72.293557
133.3865 -151.0456 27.4274 -72.280172
140.4642 -156.8554 25.7903 -72.267779
152.3124 -169.1266 29.8767 -72.256374
161.5491 -182.1636 26.4505 -72.245935
167.3763 -187.9265 20.8501 -72.235786
178.0174 -198.4202 27.7655 -72.227552
190.5879 -201.853 17.5881 -72.220243
198.4764 -209.0366 23.2285 -72.213862
206.4978 -222.3967 29.9785 -72.208392
216.4485 -231.2363 29.6641 -72.203721
219.3592 -241.6667 28.5636 -72.200437
217.6919 -257.4839 32.1794 -72.197964
212.7961 -271.781 39.8533 -72.196312
208.8344 -287.7139 39.3838 -72.195485
43.1478 -69.6198 16.0595 -72.461218
45.0982 -63.5211 16.1223 -72.45776
50.7937 -61.6079 11.0465 -72.454075
63.7547 -58.5312 9.7712 -72.450466
75.049 -60.4617 16.3877 -72.447755
83.0968 -60.7333 25.9161 -72.445954
91.3447 -63.64 26.8113 -72.445065
106.4082 -69.1292 24.6495 -72.442206
123.1559 -72.5629 28.9251 -72.438373
143.1961 -75.9244 28.8652 -72.436457
46.1286 -55.224 14.5026 -72.454766
37.6417 -45.2763 18.4222 -72.452676
22.8448 -43.0894 21.8828 -72.451626
