-0.8015 -1.2678 -0 -73.017375
-3.2062 -5.0715 -0 -73.01595
-5.0765 -8.0299 -0 -73.014982
-6.4123 -10.1429 0.0262 -73.014682
-8.0143 -12.677 0.1283 -73.014267
-8.8146 -13.9429 0.1666 -73.013959
-8.2187 -14.5214 0.2948 -73.013628
-8.7411 -16.3672 0.5247 -73.012755
-10.0309 -17.8905 1.1419 -73.011644
-11.386 -19.3222 1.89 -73.010566
-12.7254 -20.8552 2.392 -73.009549
-14.0432 -22.4116 2.6217 -73.008339
-14.6972 -24.3185 2.0715 -73.006869
-15.5306 -26.234 2.0482 -73.00527
-16.1094 -27.8038 2.3068 -73.003884
-14.7796 -28.9827 3.1257 -73.002721
-13.6062 -30.5844 3.6202 -73.001552
-12.2537 -32.1091 3.9089 -73.00038
-11.1222 -33.7683 4.2796 -72.999202
-10.1932 -35.2295 5.196 -72.99802
-9.3619 -36.7283 6.3117 -72.996832
-8.5851 -38.2492 7.4144 -72.995641
-7.5935 -39.8435 8.2499 -72.994446
-6.8916 -41.4349 9.2193 -72.99324
-6.2727 -43.3267 9.6108 -72.992033
-5.7427 -44.6215 10.9758 -72.990814
-5.2774 -45.3085 12.8612 -72.989589
-4.5701 -46.2857 12.7646 -72.988361
-3.9187 -47.0128 11.0346 -72.987126
-3.487 -47.3534 9.0584 -72.98588
-3.1601 -48.3203 10.2056 -72.984628
-2.5906 -49.7167 11.29 -72.983383
-2.064 -51.2649 10.2609 -72.98213
-1.9023 -53.0628 10.2828 -72.980873
-1.2374 -53.7481 8.8883 -72.979602
-0.2338 -55.4757 8.438 -72.978332
0.9268 -57.1391 8.1846 -72.977058
2.1659 -58.7648 8.26 -72.975778
2.7966 -60.3652 9.2072 -72.97449
3.5606 -62.0815 8.7826 -72.973197
4.1051 -63.9769 8.2533 -72.971896
4.7728 -65.8913 8.0534 -72.970594
5.555 -67.7898 8.1794 -72.969287
5.4215 -69.7319 8.5591 -72.967976
5.3722 -71.1779 9.39 -72.966655
6.6015 -72.8224 9.4344 -72.965332
7.9091 -74.3345 9.4579 -72.964002
9.1469 -75.9691 9.4502 -72.962668
10.0298 -77.8076 9.4917 -72.961331
10.7723 -79.6982 9.5101 -72.959986
12.3735 -80.8411 9.4583 -72.95864
13.4145 -82.6176 9.4397 -72.957287
14.1594 -84.5026 9.6273 -72.955929
14.908 -86.352 10.0263 -72.954566
15.6285 -88.1574 10.421 -72.9532
16.2688 -90.0988 10.1972 -72.951827
16.8061 -92.0324 10.2983 -72.950452
18.0591 -93.5211 10.9131 -72.949073
19.0692 -95.1762 11.592 -72.94769
20.0514 -96.8019 12.3554 -72.946305
20.7986 -98.4251 13.1509 -72.944913
22.3425 -99.643 13.6764 -72.943518
23.1324 -101.4525 13.8694 -72.94212
24.2278 -103.1764 13.8286 -72.940717
25.7948 -104.4654 13.8973 -72.939312
27.3532 -105.7951 13.951 -72.937906
28.4996 -107.4233 13.9547 -72.936495
30.0108 -108.56 13.6639 -72.93508
31.1081 -108.6091 12.0588 -72.933638
29.9694 -109.9097 10.9348 -72.932086
28.8308 -111.2104 9.8109 -72.93057
27.6922 -112.511 8.6869 -72.92909
26.8377 -113.4766 7.7017 -72.927627
28.1153 -111.9666 8.2837 -72.926076
29.3929 -110.4565 8.8658 -72.924562
30.6706 -108.9464 9.4479 -72.923085
31.1787 -108.9746 10.7509 -72.921596
31.0798 -109.3078 12.7833 -72.920103
31.1974 -110.3892 14.0207 -72.918636
31.8589 -112.2436 14.4776 -72.917176
32.2207 -114.0808 14.8897 -72.915715
32.3754 -116.0895 14.7382 -72.914253
33.2282 -117.7627 14.1097 -72.91279
34.0263 -119.6079 13.7086 -72.911328
34.4263 -121.5938 13.4703 -72.909866
34.6735 -123.5948 13.4834 -72.908405
34.4631 -125.6138 13.6554 -72.906946
35.477 -127.1975 13.9548 -72.905492
36.4488 -128.3733 14.9241 -72.904031
36.0423 -130.1872 15.3722 -72.902565
35.1621 -131.5518 15.4371 -72.901109
35.6418 -129.8523 14.8263 -72.899665
35.0348 -128.0619 14.2107 -72.898224
35.5446 -129.8444 14.1534 -72.896786
35.6291 -131.8577 14.0497 -72.895355
34.8485 -133.6181 13.7199 -72.893932
34.2995 -135.3089 12.7219 -72.892516
33.9891 -137.2127 12.2496 -72.891109
34.6951 -139.1364 12.158 -72.889712
34.4342 -141.0719 12.4762 -72.888325
34.9496 -142.8915 13.1328 -72.886945
35.1207 -144.6736 12.8365 -72.885579
36.0553 -146.4708 12.5635 -72.884226
36.5162 -147.9232 11.2272 -72.88288
37.0821 -149.6924 10.5935 -72.881557
38.1845 -151.3675 10.8233 -72.880249
38.9786 -152.5573 11.4668 -72.878956
38.5512 -154.4927 11.7745 -72.877675
38.9845 -156.4817 12.0272 -72.876411
38.8087 -158.4686 12.102 -72.87517
39.4316 -160.3993 12.1561 -72.873951
40.017 -162.1492 11.7738 -72.872754
39.9044 -164.0643 11.3068 -72.871584
40.4166 -165.9089 10.6066 -72.870439
41.3853 -167.5493 10.7632 -72.869324
42.1247 -169.1267 11.6727 -72.868239
42.1485 -170.8263 12.6221 -72.867183
41.2541 -172.1527 13.7028 -72.866164
41.3329 -173.6405 14.3131 -72.86518
41.6008 -174.8677 12.6805 -72.86423
41.8738 -176.7997 12.275 -72.863324
42.7438 -178.5456 11.9564 -72.86246
43.2439 -180.4578 12.0397 -72.861642
43.3656 -182.4295 12.4106 -72.86087
43.6747 -184.2146 13.2717 -72.860145
44.1736 -186.1236 13.8383 -72.859475
44.3535 -187.9066 14.7675 -72.858857
44.8726 -189.5685 15.6922 -72.858297
45.4404 -191.1005 14.5715 -72.857796
46.1386 -192.9259 14.1459 -72.857359
46.6287 -194.8895 13.783 -72.856987
47.9055 -196.4354 13.3908 -72.856683
49.0241 -197.9564 13.467 -72.856451
49.8322 -199.3762 13.2319 -72.856292
51.04 -200.3986 12.0409 -72.856212
-16.8109 -27.3553 2.8101 -73.004038
-17.497 -28.3029 4.2038 -73.003202
-18.1984 -29.271 5.5067 -73.002387
-18.2577 -29.3412 3.7473 -73.001439
-18.2679 -29.344 1.9276 -73.000513
-18.2781 -29.3467 0.108 -72.999612
-18.2883 -29.3494 -1.7116 -72.998737
-18.2985 -29.3522 -3.5313 -72.997885
-18.8534 -30.5664 -3.9808 -72.997047
-18.8107 -32.318 -3.8597 -72.996201
-19.3066 -34.0554 -3.7456 -72.995353
-18.9488 -34.5418 -2.2544 -72.994498
-18.3075 -35.7012 -1.0566 -72.993638
-18.003 -37.2922 -0.254 -72.992777
-17.2153 -38.7422 0.5062 -72.991914
-17.2992 -40.1694 1.5541 -72.991045
-17.1185 -41.7267 2.3954 -72.990172
-17.083 -42.8762 3.6698 -72.989291
-17.3639 -44.4413 4.545 -72.988409
-18.2212 -45.6938 5.2818 -72.987528
-18.9632 -46.7735 4.1464 -72.986642
-19.2427 -47.6114 2.5633 -72.985748
-19.7572 -49.1601 2.2576 -72.984858
-20.0441 -50.8741 2.5491 -72.983969
-20.3286 -52.4364 3.2684 -72.983079
-19.8077 -53.8024 3.6098 -72.982185
-19.2008 -54.6661 2.2731 -72.981285
-18.7221 -56.0354 2.9434 -72.980382
-18.7365 -56.729 4.1896 -72.979481
-18.8997 -58.1413 5.2798 -72.978583
-18.8149 -59.8936 5.7078 -72.977689
-18.9822 -61.072 7.0484 -72.976793
-19.3934 -62.5349 8.0119 -72.975907
-19.547 -63.8484 9.0694 -72.975019
-19.5772 -65.5723 8.63 -72.974142
-19.258 -67.3139 8.3405 -72.973271
-19.7508 -69.0603 8.364 -72.97241
-19.9946 -70.8175 8.7102 -72.971554
-19.8037 -72.5539 9.1873 -72.970707
-19.7201 -74.3251 9.5635 -72.96987
-20.2567 -75.9938 9.7611 -72.969044
-19.7758 -77.7066 9.8918 -72.96823
-19.8692 -79.394 10.0722 -72.96743
-20.6153 -80.6503 10.7965 -72.966646
-20.8101 -82.0334 11.1362 -72.965882
-21.8468 -83.2751 10.5156 -72.965136
-22.3598 -84.646 11.4203 -72.96441
-22.8139 -86.2646 12.0203 -72.963707
-22.9433 -87.4114 13.1988 -72.963023
-23.2601 -88.7922 14.1473 -72.962369
-23.5187 -90.5915 14.1567 -72.961747
-23.7693 -92.3875 14.2837 -72.961156
-23.9193 -94.161 14.5659 -72.960599
-24.765 -95.4177 14.2775 -72.960078
-25.6946 -96.5629 13.7452 -72.959596
-26.3361 -98.2508 13.7081 -72.959156
-26.22 -99.6251 14.4174 -72.958753
-26.029 -100.2322 16.1217 -72.958399
-25.98 -100.9366 17.7977 -72.958096
-26.1774 -101.1961 19.58 -72.957838
-26.4133 -101.3806 21.3748 -72.957645
-26.5757 -102.9017 22.0388 -72.957515
-26.565 -104.1061 22.8298 -72.957448
-10.4886 -18.1238 0.6694 -73.010732
-10.4015 -18.057 0.4643 -73.010082
-11.3637 -19.3353 1.4826 -73.009302
-12.4409 -20.4928 2.3203 -73.008382
-13.7335 -21.882 2.6066 -73.007383
-14.3525 -23.4451 1.6476 -73.006376
-14.7639 -24.7529 0.4153 -73.005366
-15.0123 -25.6795 -1.2982 -73.004348
-14.7483 -27.3027 -2.2341 -73.003328
-14.1682 -28.7546 -3.3613 -73.002298
-14.1335 -30.3237 -2.5621 -73.001263
-14.176 -32.0715 -1.7097 -73.000225
-14.076 -33.7889 -0.9359 -72.999182
-13.8862 -35.6563 -1.4771 -72.998134
-13.5408 -37.5381 -1.8551 -72.997082
-12.9254 -39.3671 -2.0095 -72.996022
-12.8947 -41.2639 -2.5483 -72.994958
-12.5093 -43.0891 -2.3969 -72.993889
-11.8636 -44.7358 -1.5183 -72.99281
-11.3409 -46.4019 -0.6056 -72.991725
-11.0233 -47.5467 0.9658 -72.990629
-10.5913 -48.4457 2.6789 -72.989535
-10.1405 -50.0833 3.3431 -72.988437
-10.2934 -51.7904 2.9275 -72.987334
-10.88 -52.8858 1.4404 -72.986221
-11.0363 -54.4811 1.7038 -72.985108
-11.1458 -56.3254 2.378 -72.983988
-10.357 -57.7555 3.4384 -72.982863
-10.1358 -58.8326 4.9901 -72.981732
-10.3077 -60.6124 5.6598 -72.980595
-11.2813 -62.2927 6.0116 -72.979455
-11.7958 -64.1934 6.181 -72.978311
-12.4342 -66.0517 6.3974 -72.977159
-11.9522 -67.7789 6.8906 -72.976003
-11.6762 -69.0382 8.2561 -72.974841
-11.713 -70.0381 9.9612 -72.973677
-11.8555 -70.9146 11.6774 -72.9725
-12.8132 -71.5235 13.2459 -72.971325
-13.5753 -72.2336 12.7301 -72.970144
-14.1638 -73.7043 11.8882 -72.968961
-14.4131 -75.2707 10.815 -72.967777
-13.5782 -77.0011 10.3425 -72.966587
-13.3259 -78.9499 10.1371 -72.965394
-13.3622 -80.9141 10.3308 -72.9642
-14.2376 -82.5066 10.9807 -72.963005
-14.7845 -84.1023 11.9265 -72.961805
-15.3519 -85.4422 12.6525 -72.960602
-15.7865 -86.6616 12.098 -72.959396
-16.5522 -87.7496 13.5364 -72.958189
-17.1687 -89.5648 13.8022 -72.956983
-18.2162 -91.1682 13.885 -72.955777
-19.5493 -92.634 13.9514 -72.954571
-20.3209 -94.4426 13.8656 -72.953364
-21.0095 -96.2837 13.6721 -72.952158
-21.3384 -97.8523 13.9673 -72.950941
-21.6939 -97.8965 15.9193 -72.949711
-22.3276 -98.0602 17.7316 -72.948501
-21.887 -98.9874 16.7979 -72.947281
-22.8153 -99.7306 15.3374 -72.94608
-24.3779 -100.6691 14.7056 -72.944884
-24.3457 -102.6276 14.3888 -72.943696
-24.5768 -104.5617 14.2213 -72.942516
-24.8282 -106.5067 14.2205 -72.94134
-25.0574 -108.4614 14.1941 -72.940175
-25.5558 -110.3378 14.0236 -72.939016
-26.9412 -111.6652 13.5497 -72.937867
-27.6548 -113.1993 12.651 -72.93673
-27.9593 -114.1646 11.0361 -72.93559
-28.3565 -115.3746 10.0919 -72.934481
-29.1471 -116.4978 9.0352 -72.93338
-29.5399 -117.0458 7.1689 -72.932285
-29.9596 -117.6548 5.3281 -72.931215
-30.9613 -118.935 4.5188 -72.93017
-32.1435 -120.2324 4.6581 -72.929144
-32.9363 -121.0473 6.2793 -72.928136
-33.621 -122.2206 7.5953 -72.927155
-33.9105 -123.585 8.7937 -72.926198
-34.4873 -124.3869 10.3397 -72.925268
-35.0405 -125.7656 11.4307 -72.924371
-34.701 -127.6323 11.772 -72.923505
-35.3063 -129.4991 11.9181 -72.922672
-35.9903 -131.3268 11.7835 -72.921875
-37.6819 -132.1342 11.31 -72.921117
-38.5009 -133.4806 10.3217 -72.920399
-38.4967 -134.7419 8.9782 -72.91972
-39.2613 -136.1191 9.0235 -72.919091
-39.6486 -137.8732 9.0943 -72.918511
-40.3927 -139.5578 8.4232 -72.917983
-41.3357 -141.2284 8.0319 -72.91751
-41.7461 -143.1332 7.6854 -72.917095
-42.0138 -145.0056 7.4829 -72.916741
-41.9887 -146.6225 8.5512 -72.91645
-43.1363 -148.1444 8.915 -72.916227
-43.8626 -149.8828 8.3731 -72.916075
-44.926 -151.4033 7.7386 -72.915997
-9.353 -14.8211 0.2731 -73.013481
-11.0559 -15.5864 0.7158 -73.012625
-12.8605 -15.9487 1.177 -73.011568
-14.323 -16.6873 2.6356 -73.00961
-15.6273 -17.7486 4.2904 -73.007969
-16.5612 -19.3299 4.837 -73.007226
-17.0333 -20.2944 6.2453 -73.006392
-17.8874 -21.5361 7.3823 -73.005535
-18.8508 -22.9769 8.1796 -73.004677
-19.5099 -24.5801 8.9543 -73.003812
-19.7318 -25.6734 10.3712 -73.002938
-19.6375 -26.5275 11.987 -73.002053
-20.9183 -27.5166 12.4491 -73.001171
-21.2964 -29.0814 13.3143 -73.000282
-21.83 -30.7644 14.0149 -72.999387
-22.4092 -32.288 14.7504 -72.998486
-23.1716 -32.8787 16.4102 -72.99757
-23.4458 -33.3976 17.1662 -72.996661
-23.9797 -35.1098 17.8018 -72.995744
-25.2888 -36.4276 18.1128 -72.994824
-26.4013 -37.9363 18.2431 -72.993901
-27.2908 -39.5473 18.3867 -72.992972
-28.9068 -40.2841 18.3568 -72.992038
-28.8386 -41.8551 18.071 -72.991099
-30.0593 -43.3052 18.0707 -72.990157
-30.6546 -44.9959 18.2212 -72.989208
-31.4097 -46.5757 18.3297 -72.988255
-32.6885 -47.8644 18.2798 -72.987299
-33.6705 -49.4532 18.3794 -72.986344
-34.3435 -51.1833 18.7706 -72.985385
-35.0428 -52.643 19.7515 -72.984422
-35.9334 -53.9164 20.8542 -72.98346
-36.4958 -55.5633 21.6175 -72.982497
-37.1515 -57.2664 22.1901 -72.981535
-37.503 -58.9135 22.7742 -72.980567
-37.2767 -60.629 23.5408 -72.979599
-38.3487 -62.1152 24.0868 -72.978635
-38.7835 -63.8894 24.6417 -72.977673
-39.0307 -65.5698 25.4324 -72.976715
-39.2448 -67.4312 25.7075 -72.975757
-39.4113 -69.2406 26.1323 -72.974805
-38.2265 -70.1613 27.1367 -72.973856
-37.9293 -71.6381 28.1838 -72.972909
-36.7386 -72.8721 28.5562 -72.971971
-35.4143 -74.1273 28.8617 -72.971042
-33.8413 -75.1427 29.2839 -72.9701
-32.9832 -76.7229 29.5771 -72.969187
-33.6399 -75.092 29.1649 -72.968269
-33.1635 -76.3575 28.5144 -72.967369
-32.6394 -77.9449 29.3953 -72.966483
-31.5586 -79.4236 29.8926 -72.965597
-30.8094 -81.0765 30.3763 -72.964732
-31.5811 -82.6547 30.6865 -72.963896
-31.7168 -84.5489 30.8274 -72.96308
-31.5105 -86.4537 30.8357 -72.962289
-31.5377 -88.3667 30.7633 -72.961521
-31.4829 -90.279 30.6456 -72.960779
-31.9235 -92.1277 30.4947 -72.960068
-32.2806 -93.9944 30.2829 -72.95939
-33.2826 -95.4749 30.073 -72.958744
-34.2923 -96.3147 29.212 -72.958134
-33.7984 -97.5646 29.0456 -72.95756
-33.365 -98.5644 30.3242 -72.957026
-34.9529 -99.5888 30.5864 -72.95654
-35.3561 -101.2379 30.5528 -72.9561
-35.425 -102.1901 29.7785 -72.955711
-35.4381 -103.6106 30.0236 -72.955377
-35.4329 -104.9525 28.8355 -72.955102
-35.4888 -106.6151 28.0477 -72.954891
-35.1318 -108.0258 29.2064 -72.954745
-34.5346 -109.5447 30.0645 -72.95467
-15.445 -16.6758 3.4162 -73.007961
-17.1123 -16.5493 2.7023 -73.00723
-18.8242 -16.1183 2.2844 -73.006406
-20.5247 -15.3962 2.2003 -73.005567
-22.3116 -15.3473 2.4856 -73.004725
-24.0423 -14.9367 2.9859 -73.003874
-25.7912 -14.8802 3.5418 -73.003016
-27.6376 -14.8877 3.7424 -73.002154
-29.4617 -14.8882 3.7168 -73.001287
-31.2202 -15.3922 3.5297 -73.00041
-32.7539 -15.8243 2.9445 -72.999524
-34.0829 -16.2305 1.7975 -72.998634
-35.3566 -17.1047 0.7776 -72.997739
-36.7811 -17.3591 0.0703 -72.996842
-38.4049 -17.2529 0.8951 -72.995941
-40.1857 -16.9717 1.2216 -72.995034
-41.9745 -17.3706 1.348 -72.994121
-43.6645 -17.7288 1.1737 -72.993202
-45.1638 -16.9527 0.472 -72.99228
-46.3865 -16.2335 -0.6264 -72.991349
-48.1583 -16.038 -0.1893 -72.990413
-49.5586 -16.5997 0.7893 -72.989471
-50.6275 -17.7832 1.5574 -72.988527
-52.4581 -17.9497 1.6886 -72.987578
-54.2203 -17.8442 1.1278 -72.986626
-55.6575 -18.4041 0.1681 -72.985669
-57.139 -19.2179 -0.5793 -72.984707
-58.8775 -19.6978 -0.9928 -72.983744
-60.4992 -20.5497 -0.8751 -72.98278
-62.2699 -20.9516 -0.784 -72.981813
-63.9605 -21.4851 -1.2025 -72.980836
-65.769 -21.6468 -1.2364 -72.979865
-67.4074 -21.948 -2.0416 -72.978893
-69.2303 -22.0478 -2.2783 -72.977921
-71.0405 -22.3933 -2.2 -72.976946
-72.76 -22.6876 -1.8978 -72.975974
-74.4248 -22.1245 -1.3042 -72.975003
-75.468 -21.5676 0.0962 -72.974031
-76.805 -21.0117 0.8974 -72.973062
-78.6304 -21.1688 0.7939 -72.972102
-80.2126 -21.6023 1.4208 -72.971144
-81.9055 -21.4802 1.8938 -72.970193
-83.3789 -20.5725 2.4839 -72.969247
-84.8475 -20.092 3.3977 -72.968311
-85.8797 -19.4106 4.4732 -72.96738
-86.9877 -17.9771 4.3817 -72.966462
-88.4094 -16.917 4.436 -72.965556
-89.1332 -16.2863 5.8123 -72.964652
-89.6827 -16.0961 7.5766 -72.963765
-90.6073 -14.9923 8.5732 -72.962902
-91.6573 -14.5236 9.9347 -72.962058
-92.216 -13.6924 11.4126 -72.961225
-93.3323 -12.5367 11.3011 -72.960425
-94.3529 -11.3333 10.4637 -72.959648
-95.9243 -11.359 10.3327 -72.958898
-97.085 -12.6874 10.4076 -72.958177
-98.637 -11.9209 10.4364 -72.957487
-99.8512 -10.5582 10.1484 -72.956833
-101.1467 -9.2581 9.9913 -72.956214
-102.9108 -8.8466 10.0308 -72.955636
-104.2043 -7.6318 10.4372 -72.955103
-105.7848 -7.7377 11.2376 -72.954615
-107.5295 -7.7352 11.7584 -72.954177
-108.7114 -6.5165 12.2914 -72.953792
-108.6826 -5.013 12.9437 -72.95346
-109.4316 -4.9691 14.0337 -72.953187
-110.9911 -5.321 13.2911 -72.952977
-112.3812 -4.7789 12.2565 -72.952834
-113.4541 -4.4164 10.8172 -72.952761
-15.5545 -17.632 4.3033 -73.008014
-16.8149 -18.3686 5.0193 -73.00741
-18.1535 -17.7371 5.9254 -73.006723
-19.3957 -17.6568 7.1162 -73.006019
-20.6245 -17.4395 8.329 -73.005313
-21.4073 -17.0773 9.8446 -73.004597
-22.3291 -16.4593 11.1562 -73.003882
-23.7986 -16.4039 12.1053 -73.003162
-24.636 -16.4397 13.5353 -73.00243
-26.0492 -16.413 14.4153 -73.001702
-26.5091 -16.6788 16.0866 -73.000956
-27.6416 -17.5424 16.452 -73.000221
-28.9683 -17.6171 17.1518 -72.999483
-30.2529 -16.8642 18.0015 -72.998744
-31.8112 -16.9615 18.7079 -72.997998
-32.7125 -16.0015 17.8716 -72.997252
-33.9732 -15.3124 17.8919 -72.996504
-35.5154 -14.9405 18.541 -72.995753
-36.8148 -15.2621 19.6037 -72.994999
-38.1095 -15.3947 20.6532 -72.994247
-39.3709 -15.3085 20.5665 -72.993487
-39.9084 -15.4165 22.2463 -72.99272
-41.4898 -16.1032 22.568 -72.991967
-43.1935 -16.3081 22.9719 -72.991216
-44.8671 -16.1005 23.426 -72.990468
-46.5874 -16.255 23.8037 -72.98972
-48.2806 -16.146 24.1613 -72.988981
-49.8848 -15.6408 24.6252 -72.988247
-51.569 -15.5809 25.1077 -72.987521
-53.1934 -15.8717 25.7123 -72.986803
-54.8397 -16.0518 26.2602 -72.986092
-56.4663 -15.7486 26.8593 -72.985396
-57.6381 -14.8744 27.7621 -72.984714
-58.8394 -13.7889 28.4214 -72.984046
-60.1932 -13.1386 29.3328 -72.983391
-61.8304 -12.6017 29.6751 -72.982755
-63.5039 -12.1508 29.7076 -72.982141
-64.8861 -11.121 29.4315 -72.981548
-65.5954 -10.0293 28.2627 -72.980977
-66.3587 -9.069 29.1123 -72.980432
-67.3994 -7.9254 29.8988 -72.979915
-68.8854 -7.8686 29.963 -72.979431
-70.5505 -7.352 29.9726 -72.978981
-72.0497 -6.4284 30.0037 -72.978567
-73.5599 -5.5098 29.9785 -72.978193
-74.8786 -4.3323 29.9264 -72.97785
-76.2236 -3.1844 29.9023 -72.977566
-77.2186 -1.7362 29.9278 -72.977331
-78.2778 -0.5048 29.7779 -72.97715
-79.9939 -0.3567 29.5292 -72.977026
-81.6519 -0.1123 29.479 -72.976961
-15.2282 -17.1379 4 -73.008275
-15.8134 -17.8487 4 -73.008243
-16.4306 -18.5318 4 -73.008226
-13.8552 -16.3527 0.6773 -73.010919
-6.8126 -12.9962 0.0714 -73.014073
-5.8684 -15.48 0.0572 -73.01331
-5.4058 -18.0693 0.0621 -73.012335
-4.8048 -20.6622 0.1442 -73.01111
-4.2378 -23.1032 0.3354 -73.009589
-4.2185 -23.3173 3.0099 -73.007122
-4.1991 -23.5292 5.6846 -73.004642
-3.9404 -24.0329 8.0609 -73.0022
-2.9465 -26.4423 7.8893 -72.999727
-2.9898 -29.1239 7.9366 -72.997195
-2.8312 -31.7921 8.079 -72.994598
-2.7737 -34.4658 8.0848 -72.991934
-3.1335 -36.1267 6.8772 -72.989156
-2.9668 -36.5649 4.2354 -72.986303
-3.5563 -38.3842 2.8887 -72.983421
-4.3063 -40.3834 1.497 -72.980451
-4.1208 -42.6459 0.2252 -72.977409
-4.2362 -43.7827 0.8959 -72.974985
-3.8312 -43.4159 2.8085 -72.973269
-3.4263 -43.0492 4.7211 -72.971586
-3.0214 -42.6825 6.6338 -72.969935
-2.6164 -42.3158 8.5464 -72.968316
-2.2115 -41.949 10.459 -72.966729
-1.8006 -41.5642 12.3611 -72.965175
-1.0504 -39.8462 12.7392 -72.963588
0.1758 -38.6585 13.5417 -72.961996
1.5902 -38.0395 13.8599 -72.960365
3.2347 -39.0768 14.2093 -72.958726
3.2862 -40.8715 14.6526 -72.957062
3.0921 -42.2179 15.9515 -72.955378
3.289 -43.8273 17.0278 -72.953672
3.7676 -45.0577 18.3989 -72.951932
5.3853 -45.2551 17.5078 -72.950169
6.4565 -45.5185 16.2146 -72.948349
6.4601 -45.5688 14.2263 -72.946499
7.3041 -46.1013 15.3965 -72.944631
7.7212 -46.6728 17.2551 -72.942725
8.2906 -47.8462 18.7417 -72.940807
8.7291 -49.4862 19.2615 -72.939394
9.1255 -50.9461 19.7272 -72.93853
10.0364 -52.2198 19.9693 -72.937669
10.7133 -53.6545 20.0389 -72.936807
11.8089 -54.3454 19.5071 -72.935938
12.1976 -54.6669 17.9921 -72.935068
13.1099 -54.8336 16.8714 -72.934202
13.5838 -54.6626 15.3738 -72.933286
13.6588 -54.6533 13.7788 -72.932243
13.7337 -54.644 12.1838 -72.931233
13.8087 -54.6347 10.5888 -72.930257
13.8837 -54.6254 8.9938 -72.929313
13.9586 -54.6161 7.3988 -72.928402
14.0336 -54.6068 5.8038 -72.927525
14.1085 -54.5975 4.2088 -72.92668
14.1663 -54.5744 2.6132 -72.925744
14.2206 -54.5486 1.0176 -72.924806
14.2749 -54.5228 -0.5781 -72.923904
14.3293 -54.497 -2.1737 -72.923038
14.3836 -54.4712 -3.7694 -72.922208
14.4379 -54.4454 -5.365 -72.921415
13.7113 -55.8095 -5.5929 -72.920642
13.1825 -57.2536 -6.0072 -72.919881
12.9567 -58.7053 -6.561 -72.919134
12.6682 -60.0281 -7.37 -72.918401
12.3514 -61.5353 -7.7387 -72.917683
11.9771 -63.0578 -7.8716 -72.916983
11.7617 -64.6275 -7.7751 -72.9163
11.4655 -65.9109 -8.3481 -72.915635
11.6675 -66.9063 -9.5712 -72.91499
11.728 -68.3207 -9.6289 -72.914364
11.6975 -68.4625 -8.07 -72.913762
11.4235 -69.5735 -7.0162 -72.913188
11.1196 -70.8404 -6.109 -72.912641
11.0275 -71.8722 -4.9846 -72.912119
11.2426 -73.2528 -4.3725 -72.911627
10.7531 -74.6674 -3.9199 -72.911168
10.425 -76.2016 -3.7062 -72.91074
10.77 -77.7411 -3.6532 -72.910345
11.0786 -79.2552 -3.6604 -72.909988
11.425 -80.7723 -3.755 -72.909669
11.2996 -82.2807 -4.0128 -72.90939
11.9706 -83.6675 -4.3963 -72.909153
12.7118 -84.5829 -3.8154 -72.908957
13.1706 -85.4159 -2.5821 -72.908808
13.3664 -86.853 -1.9391 -72.908707
13.3682 -87.667 -0.8755 -72.908655
8.6263 -48.9248 19.7774 -72.939438
8.971 -49.5407 20.9869 -72.938668
9.2099 -51.0475 20.8184 -72.937903
10.0927 -52.2943 20.5532 -72.937144
10.6868 -53.724 20.4404 -72.936391
11.4461 -54.1517 19.6321 -72.935628
11.5442 -54.2966 18.1881 -72.934874
12.9332 -54.8812 18.406 -72.934132
13.2774 -55.294 19.8309 -72.933378
13.7729 -56.2787 20.5319 -72.932649
14.3885 -57.7019 20.5127 -72.931925
15.16 -59.0485 20.6431 -72.931211
15.6443 -60.0525 21.5504 -72.930503
16.2084 -60.988 22.5631 -72.929806
17.2577 -61.2039 23.519 -72.929122
18.4454 -61.8839 23.9975 -72.928452
19.1422 -63.2514 24.2481 -72.927794
19.671 -63.8624 25.3071 -72.92714
20.2623 -64.3588 26.3522 -72.926508
21.638 -65.0559 26.1487 -72.925895
22.7173 -66.1327 25.8633 -72.925265
23.7256 -67.2733 25.5197 -72.924665
24.6112 -68.47 25.1932 -72.924103
24.9681 -69.954 24.971 -72.923565
24.9964 -70.9802 24.2159 -72.923023
24.9684 -71.117 22.6615 -72.922484
24.9404 -71.2538 21.1072 -72.921986
24.9124 -71.3907 19.5528 -72.921529
24.8648 -71.4567 17.9963 -72.921109
24.9221 -71.7069 16.7213 -72.92072
25.4185 -72.6144 17.5247 -72.920355
25.5779 -72.8182 19.0637 -72.920019
25.6724 -73.1458 20.5059 -72.919726
25.5385 -73.7136 21.7923 -72.919461
25.5469 -73.9336 23.3373 -72.919235
25.5553 -74.1535 24.8823 -72.919054
26.4257 -75.2629 24.9859 -72.918917
26.2037 -76.801 24.991 -72.918824
26.3234 -78.3421 25.0702 -72.918776
-4.7208 -44.7161 -0.023 -72.975397
-5.1299 -46.1818 0.6944 -72.974471
-5.3697 -46.9913 2.259 -72.973539
-5.7718 -48.0995 3.5791 -72.972607
-6.3113 -49.4357 4.5711 -72.971668
-6.1052 -51.0319 5.3148 -72.970727
-5.9754 -52.7323 5.8136 -72.969782
-5.3005 -54.3124 6.0843 -72.968833
-5.5666 -55.9139 6.2159 -72.967879
-6.3626 -57.4622 6.4728 -72.966921
-7.4327 -58.7683 6.9386 -72.965958
-8.3123 -60.0607 7.6969 -72.964991
-9.2075 -61.5771 7.5449 -72.964023
-10.0182 -63.1512 7.7642 -72.963051
-10.4982 -64.8336 7.9938 -72.962077
-11.098 -66.494 8.2496 -72.961098
-11.5795 -68.0917 8.8213 -72.960116
-11.4778 -69.48 9.814 -72.959133
-11.3768 -70.9824 10.6772 -72.958146
-11.1615 -72.6665 10.9417 -72.957155
-11.9531 -74.0675 10.3517 -72.956162
-12.2253 -75.2856 9.1163 -72.955168
-12.386 -76.5528 7.8889 -72.954174
-12.4919 -77.8973 6.8778 -72.953177
-12.6418 -79.6702 6.7282 -72.952181
-12.8923 -81.2283 7.3625 -72.951183
-13.0636 -82.0267 8.8276 -72.950176
-12.8375 -83.2389 8.8894 -72.949179
-12.4716 -84.694 8.0205 -72.948181
-12.6797 -85.5671 7.0599 -72.947181
-12.5183 -84.1321 6.1622 -72.946176
-12.5292 -84.0813 7.3739 -72.94517
-11.895 -85.6688 7.8198 -72.944169
-11.5229 -87.2946 8.4116 -72.943172
-10.3324 -88.1124 9.2259 -72.94218
-10.675 -89.8262 9.467 -72.941188
-11.2148 -91.4903 9.7261 -72.940205
-11.4919 -93.2205 9.9224 -72.93923
-11.8689 -94.9605 9.9938 -72.938259
-12.2215 -96.7085 9.9892 -72.9373
-12.5548 -98.4528 9.9031 -72.936348
-13.101 -100.1246 9.6027 -72.935407
-13.6123 -101.6942 9.0552 -72.934476
-14.5178 -102.8115 8.0351 -72.933555
-14.732 -103.8321 6.6289 -72.932643
-14.736 -104.949 5.3416 -72.931744
-14.7897 -105.5564 3.6632 -72.930858
-14.9175 -106.1934 2.0059 -72.92999
-14.8119 -107.3154 0.66 -72.929149
-14.3904 -108.3157 -0.7477 -72.928323
-14.0768 -109.6227 -1.5126 -72.927524
-14.1581 -111.3783 -1.2027 -72.926748
-14.4574 -112.7137 -0.3129 -72.925992
-14.5581 -113.8268 1.0481 -72.925266
-14.5629 -114.7419 2.5821 -72.924564
-14.3372 -115.8187 3.9677 -72.923896
-14.0073 -116.8255 5.38 -72.923259
-13.5104 -118.0936 6.4955 -72.922657
-13.0668 -119.695 6.5246 -72.922091
-12.4966 -121.0534 5.5568 -72.921566
-12.0851 -122.6625 5.1356 -72.921081
-12.5004 -124.2153 4.474 -72.920638
-12.6759 -125.9354 4.076 -72.920243
-13.0189 -127.5669 3.9008 -72.919895
-13.6129 -129.2115 3.7998 -72.9196
-14.5095 -130.7248 3.617 -72.919358
-15.1909 -132.314 3.2206 -72.919172
-16.0458 -133.6469 2.4524 -72.919046
-17.0046 -135.0632 2.0492 -72.918981
-3.6471 -8.0538 -0.0157 -73.014787
-1.3228 -8.9468 -0.0471 -73.014184
0.9314 -9.9936 -0.0832 -73.013534
2.6625 -11.7633 -0.1495 -73.012729
3.884 -13.4015 -0.8686 -73.011452
4.2751 -14.1359 -3.2157 -73.008624
4.6663 -14.8703 -5.5627 -73.005834
5.0575 -15.6047 -7.9097 -73.003083
5.4487 -16.3392 -10.2567 -73.000371
5.5082 -15.6747 -11.481 -72.99833
5.7528 -14.1284 -10.9972 -72.99706
5.1317 -14.013 -9.0503 -72.995752
5.6382 -14.026 -8.2186 -72.994371
7.6439 -14.2766 -7.8039 -72.992965
9.6042 -14.0356 -7.3728 -72.99158
11.4824 -13.5321 -6.7322 -72.990165
12.4397 -13.1153 -5.3274 -72.988714
13.1732 -12.7275 -3.4442 -72.987216
14.0029 -12.5015 -1.5695 -72.985681
14.9232 -12.6143 0.2611 -72.984116
16.0509 -12.8503 1.9217 -72.982516
17.2291 -12.7352 3.6117 -72.980862
18.6969 -13.072 4.9744 -72.979206
20.4387 -12.843 5.9867 -72.977512
22.2399 -12.9948 6.2182 -72.976282
23.7688 -13.3762 5.9788 -72.97555
25.0057 -12.6222 5.3936 -72.974817
26.3571 -12.2571 4.8087 -72.974084
27.8738 -11.9691 4.5669 -72.973347
29.2461 -11.1445 4.4391 -72.97261
30.8012 -10.7714 4.3716 -72.971876
32.3851 -10.5715 4.2891 -72.971142
33.2233 -10.1298 4.9983 -72.970403
34.0663 -9.8024 5.9221 -72.969667
35.5597 -9.845 6.5062 -72.968935
36.9026 -9.7278 7.2501 -72.968204
38.2463 -9.5474 7.9246 -72.967481
39.7277 -9.1425 8.3952 -72.966762
41.1759 -8.7377 8.951 -72.966049
42.5633 -8.3419 9.5488 -72.965338
43.7337 -8.1277 8.583 -72.964636
45.1311 -8.0308 7.9631 -72.963944
46.5242 -8.3092 7.3517 -72.963264
47.4104 -8.3281 6.0274 -72.962588
48.547 -8.1523 4.9694 -72.961929
50.1277 -8.0481 4.8161 -72.961284
51.0302 -8.412 5.9293 -72.960642
52.4231 -8.5023 6.17 -72.960025
53.895 -8.5955 6.6905 -72.959423
54.9911 -8.7652 7.7616 -72.95884
56.4893 -8.9904 7.679 -72.958281
57.587 -10.1308 7.9043 -72.957745
59.0801 -10.6364 8.1455 -72.957231
60.6014 -11.0022 8.4608 -72.956746
61.9959 -11.5958 8.0265 -72.956289
62.9752 -11.9724 7.058 -72.955855
63.4644 -12.0743 5.5381 -72.955455
64.0395 -11.9612 4.047 -72.955085
64.4337 -11.9546 2.4888 -72.95475
64.823 -11.932 0.9297 -72.954457
65.2041 -11.8836 -0.6309 -72.954208
65.5558 -11.8356 -2.1985 -72.954003
65.8976 -11.7879 -3.7682 -72.953847
66.4194 -11.7876 -5.282 -72.953741
66.4944 -12.5596 -6.6605 -72.953687
21.8035 -12.9643 5.5087 -72.976149
22.2928 -12.8975 4.0421 -72.975174
22.782 -12.8307 2.5755 -72.974231
23.2713 -12.7639 1.1089 -72.973319
23.7606 -12.6971 -0.3578 -72.972439
24.2499 -12.6303 -1.8244 -72.971589
24.7391 -12.5635 -3.291 -72.970772
25.2284 -12.4967 -4.7576 -72.969985
25.7177 -12.4299 -6.2242 -72.96923
26.2069 -12.363 -7.6908 -72.968507
26.8935 -12.3131 -8.9994 -72.967809
27.9931 -12.1349 -10.0456 -72.967121
29.4155 -12.0244 -10.5719 -72.966438
30.9321 -12.139 -10.7879 -72.965764
32.4337 -12.4908 -10.7732 -72.965093
33.7283 -13.0404 -10.3346 -72.964433
34.9591 -13.7394 -9.781 -72.963782
36.3049 -14.3754 -9.3611 -72.963139
37.7863 -14.4064 -8.971 -72.962497
38.9765 -14.4204 -8.3072 -72.961866
39.509 -14.5028 -6.8771 -72.961253
40.803 -14.1184 -7.3333 -72.960662
42.1172 -13.7343 -7.9502 -72.960087
43.481 -14.2451 -8.4653 -72.959532
44.8322 -14.6862 -9.0455 -72.958996
46.2199 -15.1571 -9.5418 -72.958481
47.4998 -15.7968 -10.1041 -72.957992
48.4919 -16.341 -10.9949 -72.957525
49.2648 -16.5571 -12.2212 -72.957083
50.6437 -17.0063 -12.5265 -72.956674
52.1626 -17.2199 -12.7123 -72.956295
53.5098 -17.9199 -12.5815 -72.95595
54.8261 -18.5114 -12.0649 -72.95564
56.0144 -19.3898 -11.6485 -72.955368
57.1511 -20.3793 -11.2981 -72.955135
58.5784 -20.83 -11.009 -72.954945
59.5198 -21.3446 -11.6244 -72.954796
59.9152 -21.5013 -13.1121 -72.954695
60.3293 -21.6363 -14.5919 -72.954644
5.542 -17.4481 -11.9734 -72.998534
5.2752 -19.0549 -12.8511 -72.997696
4.5319 -20.5356 -13.6308 -72.99685
4.2842 -21.2679 -12.1504 -72.995986
4.5234 -21.5541 -11.2061 -72.99513
5.0916 -22.5097 -9.9139 -72.994261
5.6355 -23.6108 -8.5295 -72.993389
6.4022 -24.9693 -7.5369 -72.992509
6.6335 -26.3097 -6.3211 -72.991627
7.1852 -27.3717 -7.4784 -72.990732
7.7638 -28.2275 -9.037 -72.989834
9.1599 -28.8455 -10.0123 -72.988938
10.2945 -29.4271 -11.2255 -72.988036
12.0307 -29.9265 -10.7637 -72.987127
13.7255 -30.5864 -10.4924 -72.986214
15.1918 -31.515 -11.0288 -72.985299
16.7178 -31.6949 -12.0524 -72.984377
18.2188 -31.9125 -13.1144 -72.983452
19.9511 -32.1969 -13.7295 -72.982522
21.5074 -33.0418 -14.1745 -72.981555
22.8543 -34.2615 -14.6414 -72.980582
24.0059 -35.5947 -15.1729 -72.979639
24.5296 -37.1036 -15.7174 -72.978692
24.7232 -37.5624 -17.5262 -72.977731
25.1008 -38.2263 -19.2142 -72.97677
26.3789 -39.4506 -19.5884 -72.975819
28.1291 -39.8596 -20.0602 -72.974866
29.3513 -39.6098 -21.3429 -72.973909
30.6809 -38.9744 -22.3478 -72.972951
31.8544 -39.4408 -23.699 -72.97199
32.7072 -40.1312 -24.5207 -72.971031
34.1875 -40.0661 -24.2388 -72.97007
35.3747 -39.954 -25.6606 -72.96911
36.0556 -40.1808 -27.3735 -72.968138
37.1117 -40.5409 -28.8636 -72.967179
37.9499 -40.8975 -30.5002 -72.966223
38.8019 -40.6861 -32.1277 -72.965269
39.8174 -40.5169 -33.6425 -72.964324
40.8901 -40.7217 -35.068 -72.963386
42.5305 -41.61 -35.2384 -72.962457
44.3755 -41.8861 -35.4176 -72.961536
45.9871 -42.2694 -36.0731 -72.960623
47.4878 -43.2765 -36.1873 -72.959704
49.3319 -43.6209 -36.2065 -72.95878
51.1887 -43.712 -36.2324 -72.957895
53.0372 -43.4731 -36.3042 -72.957027
54.8899 -43.6769 -36.497 -72.956178
56.6959 -43.5991 -36.9065 -72.955344
58.2639 -44.1277 -37.6876 -72.95453
59.5341 -44.5902 -38.7803 -72.953731
60.5988 -45.0677 -39.8571 -72.95296
61.8729 -46.2433 -40.1922 -72.952215
63.3313 -46.5896 -41.0735 -72.951493
64.0217 -46.6763 -42.7931 -72.950795
64.5704 -46.7494 -44.583 -72.950129
64.8703 -46.6711 -46.4334 -72.949473
65.1687 -46.5915 -48.2839 -72.948872
65.5964 -46.5388 -50.1097 -72.948309
65.7108 -46.4215 -51.9702 -72.947746
65.6981 -46.2783 -53.8407 -72.947233
65.6854 -46.1351 -55.7113 -72.946786
65.6727 -45.9919 -57.5819 -72.946405
65.7296 -45.7497 -59.4403 -72.946073
65.8135 -45.4694 -61.2934 -72.945804
66.0243 -45.0935 -63.1166 -72.9456
66.1717 -44.6856 -64.9394 -72.945459
66.3305 -44.1781 -66.4646 -72.945387
5.6517 -16.7814 -12.2027 -72.998046
5.689 -16.9607 -13.7308 -72.996266
5.7263 -17.14 -15.259 -72.994523
5.7636 -17.3194 -16.7872 -72.992818
5.8009 -17.4987 -18.3154 -72.991149
5.8383 -17.678 -19.8436 -72.989517
5.8756 -17.8574 -21.3717 -72.987923
5.9129 -18.0367 -22.8999 -72.986365
5.9502 -18.216 -24.4281 -72.984844
5.9875 -18.3954 -25.9563 -72.98336
6.0248 -18.5747 -27.4845 -72.981912
6.0621 -18.754 -29.0126 -72.980502
6.0994 -18.9334 -30.5408 -72.979128
6.1367 -19.1127 -32.069 -72.97779
6.1741 -19.292 -33.5972 -72.97649
6.2114 -19.4714 -35.1254 -72.975226
6.2487 -19.6507 -36.6536 -72.973998
6.286 -19.83 -38.1817 -72.972807
6.3233 -20.0094 -39.7099 -72.971652
6.3606 -20.1887 -41.2381 -72.970534
6.3979 -20.368 -42.7663 -72.969452
6.4352 -20.5474 -44.2945 -72.968407
6.4725 -20.7267 -45.8226 -72.967397
6.5099 -20.906 -47.3508 -72.966425
6.5472 -21.0854 -48.879 -72.965488
6.5845 -21.2647 -50.4072 -72.964588
6.6218 -21.444 -51.9354 -72.963724
6.6591 -21.6234 -53.4635 -72.962896
6.6964 -21.8027 -54.9917 -72.962104
6.7337 -21.982 -56.5199 -72.961348
6.771 -22.1614 -58.0481 -72.960629
6.8083 -22.3407 -59.5763 -72.959946
6.8457 -22.52 -61.1045 -72.959298
6.883 -22.6994 -62.6326 -72.958687
6.9394 -22.8766 -64.1572 -72.958112
8.1498 -22.8799 -64.1006 -72.957559
8.9886 -23.516 -62.989 -72.957018
9.9314 -24.3205 -62.1091 -72.956497
10.5435 -25.411 -61.3105 -72.955991
11.1641 -26.7642 -60.9602 -72.955506
11.7371 -28.177 -61.0516 -72.955044
12.2468 -29.4991 -61.4619 -72.954604
12.6299 -30.7915 -61.1111 -72.954188
13.0367 -32.212 -60.6823 -72.953798
13.4206 -33.6473 -60.2909 -72.953437
13.672 -35.0666 -59.8345 -72.953107
13.7802 -36.5811 -60.0484 -72.952811
13.7177 -38.0731 -60.4184 -72.952552
13.5658 -39.5761 -60.7091 -72.952329
13.3014 -41.0704 -60.6511 -72.952146
13.3571 -42.0105 -59.4467 -72.952004
13.5377 -43.0476 -58.3404 -72.951907
13.6333 -44.0606 -57.3331 -72.951858
-2.4565 -0.91 0.0523 -73.019596
-2.8293 2.667 0.2464 -73.024095
-3.0866 6.216 0.7208 -73.028707
-2.2413 9.6979 1.5153 -73.033452
-0.7404 12.7593 0.9662 -73.038293
0.227 15.8879 -1.0884 -73.043463
0.5524 20.1154 -1.9386 -73.048986
0.4575 24.418 -2.5408 -73.054678
0.4389 27.3767 -5.5178 -73.060556
-0.013 29.9656 -8.7108 -73.066618
-0.1419 14.3216 0.264 -73.040878
0.8616 14.8245 1.2959 -73.04225
2.5303 15.409 3.4469 -73.044846
5.0961 15.9466 3.8822 -73.047575
7.8356 16.5695 3.9069 -73.050463
10.5566 17.2922 4.0994 -73.053478
13.2701 17.9524 4.5537 -73.056651
15.8121 18.8134 4.7988 -73.059985
17.2134 19.7132 4.344 -73.06237
17.5574 19.3689 4.0634 -73.062183
-0.9274 14.3109 0.2417 -73.040801
-2.5488 14.1754 0.0246 -73.040458
-4.1702 14.04 -0.1925 -73.040154
-5.6969 13.9854 -0.1496 -73.039883
-6.0083 14.0245 0.9686 -73.039639
-4.7591 13.8534 0.1003 -73.039421
-4.5248 13.8442 -1.5168 -73.039185
-4.3735 13.8457 -3.1513 -73.03899
-4.2222 13.8471 -4.7858 -73.038843
-4.0708 13.8486 -6.4202 -73.038744
-3.7648 13.9278 -8.018 -73.038691
-3.1571 14.1597 -9.5252 -73.038685
-2.5409 14.9686 -10.6984 -73.038729
-0.6612 32.5013 -8.9792 -73.070441
-1.3441 34.6869 -8.6538 -73.073321
-2.5162 37.7967 -7.959 -73.077689
-4.0883 40.798 -9.2426 -73.082128
-6.1771 43.4321 -10.5669 -73.086637
-7.4526 45.9637 -12.4793 -73.091224
-8.199 48.9959 -14.3148 -73.095939
-8.488 52.2581 -16.0262 -73.100782
-8.9751 55.6713 -17.3793 -73.1057
-8.9724 59.3456 -17.9864 -73.110692
-8.8355 62.9598 -18.9326 -73.115759
-8.1651 65.7964 -21.101 -73.120906
-8.071 69.4931 -21.2598 -73.126125
-8.0725 72.7987 -19.5494 -73.131017
-8.8931 75.9303 -20.6534 -73.135005
-9.8467 77.8663 -22.8286 -73.138483
-10.916 79.9845 -24.8489 -73.141993
-11.8107 82.572 -26.461 -73.145755
-13.9622 85.1541 -28.0376 -73.149766
-15.428 87.4195 -30.0798 -73.153827
-16.2874 89.1284 -32.8169 -73.157295
-17.1302 91.8068 -33.4334 -73.160155
-16.6579 94.7355 -33.3269 -73.163031
-16.2793 97.4317 -32.2507 -73.165919
-16.0966 100.3779 -31.8618 -73.168821
-15.6048 103.2146 -31.8672 -73.17258
-15.0646 104.6984 -30.0846 -73.177204
-14.4099 106.6313 -31.3901 -73.181828
-13.9013 109.3975 -31.7321 -73.18646
-13.1382 112.1018 -31.8855 -73.191097
-12.0288 114.6912 -32.2205 -73.195743
-9.9615 116.491 -32.7147 -73.200391
-8.3964 118.5551 -33.6954 -73.205043
-7.0441 120.3709 -35.2413 -73.209701
-16.3107 103.1222 -31.2609 -73.172667
-17.0106 105.6108 -30.0258 -73.177378
-17.7104 108.0993 -28.7907 -73.182009
-18.4103 110.5878 -27.5556 -73.186558
-19.1321 113.0846 -26.3544 -73.191027
-20.0839 115.6275 -25.7828 -73.195469
-21.6544 117.8269 -26.4818 -73.199918
-22.4041 120.0541 -28.0006 -73.20438
-23.8204 121.9956 -29.2918 -73.208843
-16.2837 88.4956 -30.6847 -73.158445
-16.9057 88.45 -28.8674 -73.163544
-17.5277 88.4044 -27.0501 -73.168578
-18.1496 88.3588 -25.2328 -73.173546
-18.7716 88.3131 -23.4155 -73.178445
-19.3936 88.2675 -21.5982 -73.183277
-20.0155 88.2219 -19.7808 -73.188038
-20.6375 88.1763 -17.9635 -73.19273
-21.2595 88.1307 -16.1462 -73.19735
-21.8814 88.0851 -14.3289 -73.201897
-22.5034 88.0394 -12.5116 -73.206372
-23.1253 87.9938 -10.6943 -73.210772
-23.7473 87.9482 -8.8769 -73.215097
-24.3693 87.9026 -7.0596 -73.219346
-24.9912 87.857 -5.2423 -73.223518
-25.6132 87.8114 -3.425 -73.227612
-26.2352 87.7657 -1.6077 -73.231628
-26.8571 87.7201 0.2096 -73.235563
-27.4791 87.6745 2.0269 -73.239418
-28.1011 87.6289 3.8443 -73.243191
-28.723 87.5833 5.6616 -73.246881
-10.6474 82.0467 -25.97 -73.14494
-9.8973 83.5702 -26.7997 -73.147273
-8.9166 84.4636 -28.1497 -73.149625
-7.9416 85.635 -29.2349 -73.151996
-6.7633 86.7616 -30.2244 -73.15438
-5.9934 87.8877 -31.5 -73.156781
-4.805 89.0805 -31.9871 -73.159196
-4.0074 90.0975 -33.2964 -73.161642
-3.642 91.5318 -34.1524 -73.164087
-3.5504 92.2381 -35.0395 -73.166549
-2.6112 93.3175 -34.37 -73.169028
-1.4138 94.7914 -34.5426 -73.171505
-0.1697 96.0984 -35.117 -73.173991
0.8889 97.112 -35.3375 -73.176486
1.8787 97.6218 -33.8386 -73.17899
3.297 98.6527 -34.2066 -73.181482
4.478 100.1526 -34.2331 -73.183965
5.7259 101.6013 -34.2783 -73.186448
6.9236 103.076 -34.3329 -73.188917
8.2378 104.4594 -34.2789 -73.191376
9.708 105.6324 -34.1824 -73.193814
11.0242 106.9149 -34.1788 -73.196239
12.03 108.5293 -34.2938 -73.19864
12.8387 110.237 -34.4028 -73.201016
13.6986 111.9172 -34.2947 -73.203361
14.9808 113.3035 -34.0183 -73.205671
16.3534 114.5382 -33.5266 -73.207942
-8.0122 74.6652 -19.0128 -73.1344
-7.3733 74.7434 -17.1393 -73.136601
-6.2129 74.8717 -15.5661 -73.138797
-4.6588 75.1485 -14.4836 -73.141004
-2.9313 75.2005 -13.5318 -73.143229
-1.1908 75.5548 -14.025 -73.145472
0.2492 75.4182 -15.2751 -73.147736
1.6994 75.2949 -16.4498 -73.150009
3.456 75.8724 -16.5978 -73.152299
4.909 77.061 -16.0201 -73.154602
6.3489 78.0205 -15.2054 -73.156914
7.6777 78.1558 -16.557 -73.159251
9.1932 78.8939 -17.1669 -73.16159
10.3243 80.3116 -17.9293 -73.163933
11.8031 81.2429 -18.8099 -73.166279
13.3202 82.0201 -19.7154 -73.168628
14.672 82.8734 -20.8357 -73.170975
15.8195 84.0369 -21.4716 -73.173315
17.3968 85.0052 -21.5241 -73.175651
19.1523 85.9091 -21.6233 -73.177978
20.835 86.8367 -21.5731 -73.180293
22.3782 87.6805 -22.4819 -73.1826
23.6336 88.6822 -23.6145 -73.184884
25.3121 89.236 -24.4178 -73.187147
26.9271 90.1776 -25.069 -73.189432
28.5711 91.1435 -25.6063 -73.191713
30.1849 92.1759 -26.0934 -73.1939
31.906 93.0582 -26.3886 -73.196037
33.349 94.3802 -26.2354 -73.198132
34.682 95.7638 -25.7885 -73.200178
36.0698 96.9946 -25.1164 -73.202173
-9.1332 71.1226 -19.9391 -73.131526
-11.2049 71.3971 -19.3463 -73.137019
-12.2503 72.1505 -17.4371 -73.142627
-13.2771 72.9723 -16.3017 -73.148338
-15.0629 74.4381 -16.0237 -73.154146
-17.1889 75.3374 -15.9102 -73.160075
-18.7708 76.7954 -16.5998 -73.166121
-20.2396 77.7578 -18.0502 -73.172298
-21.4318 79.2493 -19.3169 -73.178584
-22.4493 80.8848 -20.0685 -73.18334
-23.644 82.5321 -19.9209 -73.186481
-25.2693 83.8199 -19.7197 -73.189648
-26.4282 85.5474 -19.5741 -73.192847
-27.4271 87.2915 -19.7394 -73.196082
-28.2555 88.0894 -18.5764 -73.199379
-28.4362 88.7812 -16.6121 -73.20272
-28.7184 89.4709 -14.6555 -73.206058
-28.5952 90.5234 -12.9306 -73.20941
-28.0087 92.2281 -11.8717 -73.212785
-28.1824 93.3344 -10.523 -73.216195
-28.881 94.9101 -9.3484 -73.219628
-29.1637 96.6406 -8.2343 -73.223079
-29.7507 98.589 -7.8416 -73.226551
-31.2546 100.014 -7.7767 -73.230044
-32.9856 101.1833 -7.8435 -73.233546
-34.438 102.6859 -7.93 -73.237072
-35.8645 104.1959 -8.077 -73.240609
-37.7492 105.0636 -8.2888 -73.244153
-39.7252 105.5106 -8.4883 -73.247716
-41.4274 106.5542 -8.4275 -73.251296
-22.5697 79.9845 -21.0657 -73.18358
-23.5049 79.5868 -23.0086 -73.186839
-24.7357 79.2357 -23.1851 -73.189789
-26.0186 79.7983 -22.2548 -73.192757
-27.6912 80.6895 -21.9109 -73.195749
-29.3246 81.7314 -21.4655 -73.198761
-31.1306 82.4861 -21.4143 -73.201792
-32.9071 83.2024 -21.5235 -73.204855
-34.8537 83.2248 -21.3716 -73.207937
-36.6622 83.819 -20.8419 -73.211043
-38.0322 83.5029 -19.5874 -73.214178
-39.4902 83.5562 -18.2934 -73.217327
-40.9141 84.0358 -17.0459 -73.220495
-42.4783 85.0996 -16.5078 -73.223671
-44.0118 86.2891 -16.2793 -73.226861
-45.0805 86.8165 -17.3328 -73.23013
-45.3985 87.0849 -19.2874 -73.233388
-46.0085 87.5938 -21.1008 -73.236663
-46.5256 87.8633 -23.0125 -73.239948
-47.0124 88.1443 -24.9307 -73.243241
-48.0466 88.8001 -25.8124 -73.246496
-49.3531 89.8139 -24.8517 -73.249754
-23.4169 79.5945 -22.041 -73.185364
-7.4755 47.1812 -14.128 -73.093823
-6.6397 46.9581 -15.442 -73.094358
-6.0885 47.0624 -16.854 -73.094874
-5.6785 47.4504 -18.3124 -73.095383
-5.0375 48.1975 -19.4234 -73.095878
-4.9376 48.8586 -20.8471 -73.096362
-4.8994 49.5688 -22.2208 -73.096832
-4.8067 50.8524 -23.1201 -73.097283
-4.348 52.1399 -23.896 -73.097735
-3.8636 53.4258 -24.6617 -73.09815
-3.2759 54.7308 -25.2965 -73.098527
-2.6137 56.0992 -25.6637 -73.098873
-1.9972 57.5231 -25.7699 -73.099189
-0.7472 58.4335 -25.8246 -73.09947
0.1834 59.5702 -25.9895 -73.099713
1.0556 60.8294 -26.3063 -73.099915
1.4265 62.1744 -26.9168 -73.100071
1.2466 63.3678 -27.9187 -73.100179
0.8615 64.5278 -28.8693 -73.100234
-1.2039 34.2315 -8.7378 -73.07337
-2.1645 36.692 -8.3921 -73.077815
-3.11 39.1845 -8.3928 -73.082364
-3.9026 40.3411 -6.7187 -73.087026
-4.4638 40.8393 -4.1593 -73.091817
-5.2514 41.2336 -1.6507 -73.096713
-6.4986 41.3875 0.6577 -73.101711
-6.9016 41.3668 3.1344 -73.106856
-8.3244 41.1475 5.0228 -73.112068
-9.0777 42.2825 6.6587 -73.116814
-10.4818 44.1286 6.7312 -73.121056
-12.0542 45.877 6.472 -73.125375
-13.7926 47.4551 6.7415 -73.129778
-14.3287 48.7274 8.6097 -73.13428
-14.2892 50.0448 10.5825 -73.138855
-14.3831 52.2013 11.5125 -73.143506
-15.4653 54.1641 11.5993 -73.148237
-15.9872 56.1264 10.7348 -73.15306
-15.9935 58.493 10.4465 -73.157963
-16.6674 59.2873 8.5547 -73.162985
-17.4698 59.7595 6.3608 -73.168087
-17.8092 61.9411 6.2291 -73.173257
-19.8136 62.8997 6.5069 -73.178533
-21.3274 63.1601 7.9551 -73.183926
-22.8218 64.0013 9.1439 -73.188501
-24.7396 64.6596 9.7419 -73.192217
-25.9313 65.6939 8.2209 -73.195981
-27.3521 67.091 7.1443 -73.199796
-27.8515 68.7801 5.7356 -73.203661
-28.9706 70.1238 4.2552 -73.207567
-29.8302 71.1977 2.3661 -73.211527
-30.5772 72.9481 2.3143 -73.215538
-31.2511 73.9836 4.3225 -73.219592
-31.8836 74.7971 6.3519 -73.223698
-33.4979 76.3178 6.0157 -73.227828
-35.3494 77.7054 5.6794 -73.231999
-36.2359 77.7987 3.4859 -73.236239
-36.823 78.2142 1.2302 -73.240524
-37.2962 78.8752 -1.0041 -73.244845
-38.0777 79.5243 -3.1351 -73.24918
-38.5828 79.8578 -5.4262 -73.253584
-40.1286 80.7679 -6.86 -73.257989
-41.8887 81.3717 -5.9333 -73.262436
-43.201 81.2826 -4.0378 -73.266934
-44.3102 81.7185 -2.0187 -73.27145
-23.2557 64.0561 8.131 -73.187897
-24.9649 64.9635 8.1844 -73.1904
-26.0616 65.9005 8.9001 -73.192976
-26.305 66.1448 10.8713 -73.195592
-26.4364 66.2766 12.8582 -73.198184
-26.7662 66.3845 14.8041 -73.200788
-28.2543 66.3369 15.7942 -73.203401
-29.7596 66.2207 16.7645 -73.206045
-29.8152 66.2528 18.7633 -73.208706
-30.2709 66.9957 19.6957 -73.211381
-31.7156 67.9135 20.4594 -73.214087
-32.1409 69.5247 21.5115 -73.216804
-33.0427 71.1208 22.2483 -73.219526
-33.7682 72.7602 23.0868 -73.222257
-34.714 74.4169 23.6586 -73.22499
-35.5114 76.0162 24.4887 -73.227727
-35.8784 77.7991 25.2812 -73.230472
-36.6919 79.4931 25.9091 -73.233216
-37.5921 81.2366 26.1638 -73.235951
-37.9648 82.9348 26.6532 -73.238696
-38.1232 84.1537 28.0096 -73.24142
-37.4894 85.6297 29.04 -73.244133
-37.0034 87.4849 29.1485 -73.246829
-36.7841 89.4485 29.2879 -73.249594
-36.3959 91.4052 29.448 -73.252328
-9.6387 41.5186 6.3846 -73.115372
-11.2133 41.8239 6.3128 -73.116674
-12.0979 42.4791 4.8865 -73.118003
-13.2557 43.35 3.9751 -73.119341
-14.2423 43.577 2.4577 -73.120696
-15.3556 43.71 1.0276 -73.122061
-15.9894 44.5732 -0.4476 -73.12344
-16.6871 45.12 -2.0478 -73.124829
-17.7188 45.8368 -3.2857 -73.126233
-18.5783 46.8498 -4.5254 -73.127645
-19.9074 47.2662 -5.6939 -73.129063
-21.5852 47.5437 -6.3542 -73.130485
-22.9761 48.6597 -6.3259 -73.131906
-24.3563 49.8697 -6.2079 -73.133331
-25.8552 50.8966 -6.0169 -73.134753
-27.0962 51.9486 -5.4199 -73.136178
-27.9482 52.3876 -3.9646 -73.137605
-29.654 52.5789 -3.9322 -73.139018
-30.6445 52.9077 -5.3714 -73.140426
-32.0441 53.5066 -6.2656 -73.141821
-33.4656 54.634 -6.5349 -73.1432
-34.9544 55.5474 -7.0531 -73.144558
-36.2819 56.6634 -7.6004 -73.145896
-37.6486 57.8611 -7.7756 -73.147211
-38.5034 59.4777 -7.6459 -73.148498
-39.3718 61.0534 -7.2838 -73.149746
-40.2991 62.551 -6.7638 -73.150957
-41.2384 64.045 -6.261 -73.152129
-41.8614 65.6914 -5.7694 -73.153251
-42.4591 67.2851 -5.1652 -73.154324
-43.3383 68.5969 -4.4191 -73.155339
-44.4522 70.0317 -4.1392 -73.156288
-45.5063 71.5345 -4.0501 -73.157173
-46.5569 73.035 -4.1531 -73.157982
-47.8716 74.2263 -4.5515 -73.158712
-48.8625 75.1738 -5.5759 -73.159356
-49.2408 75.7623 -7.2733 -73.159914
-49.4584 77.0985 -8.4631 -73.160369
-49.9501 78.752 -8.946 -73.160721
-51.026 79.8745 -9.2484 -73.160962
-51.28 79.9424 -10.8927 -73.161089
17.7044 20.951 4.9703 -73.063687
18.2015 22.2043 5.6044 -73.065013
18.6985 23.4577 6.2386 -73.066331
19.0912 25.152 6.8819 -73.067995
19.429 27.2733 6.757 -73.070036
20.0937 28.9393 5.4586 -73.072116
20.5192 30.5261 4.0181 -73.074237
21.7848 31.8769 2.8501 -73.076402
22.0977 33.1829 1.0434 -73.078612
23.2662 34.71 0.0406 -73.080854
23.7528 35.2305 -1.9989 -73.083146
24.4415 36.3316 -0.4475 -73.085485
25.2156 37.3871 1.3732 -73.087862
25.5431 38.1412 3.4507 -73.090285
26.3109 39.4951 5.0553 -73.092736
27.3125 40.7429 3.9319 -73.09523
27.6125 41.5008 5.9749 -73.097781
27.8649 42.4672 7.8245 -73.100365
28.5761 44.0126 9.106 -73.102981
29.3017 45.8785 9.8466 -73.105631
29.8444 47.4239 10.9837 -73.108336
29.8427 48.4745 12.9418 -73.111071
30.4043 50.5089 13.6559 -73.113838
32.2661 51.6774 14.0416 -73.116644
33.7432 53.3643 13.9508 -73.119484
35.3704 54.8773 13.6311 -73.122363
36.404 56.7929 13.1328 -73.125278
37.9566 57.9008 12.228 -73.12822
39.1636 59.6692 11.6914 -73.131199
40.7811 61.2139 11.412 -73.134214
42.5407 62.5144 11.7504 -73.137253
43.9242 63.8221 12.81 -73.140329
45.3908 65.165 13.6376 -73.143432
45.9271 67.2097 14.1714 -73.146551
46.6355 69.1359 14.3788 -73.149695
48.3635 70.1089 14.8857 -73.152866
49.6569 71.9103 15.1633 -73.156118
50.9513 73.7475 15.4455 -73.159391
52.8054 74.9337 15.6383 -73.162617
54.7263 75.5702 15.6827 -73.165856
56.0864 76.9982 15.657 -73.169108
57.1449 78.0802 14.4904 -73.172384
58.894 79.349 14.0314 -73.175658
60.9129 80.2627 14.3307 -73.178935
62.6887 81.5896 14.007 -73.182218
64.1912 82.1373 14.8133 -73.185519
65.3934 82.3955 16.5144 -73.18881
66.9021 83.2776 17.6975 -73.192082
67.4164 84.9808 18.6495 -73.195341
68.0681 86.9646 19.2519 -73.19857
18.9087 24.0362 7.1126 -73.066995
19.1476 18.9083 3.9431 -73.063267
20.9905 18.3979 3.8423 -73.064519
22.9152 18.2333 3.6481 -73.065798
24.7758 17.8958 3.3306 -73.067099
26.5871 18.0132 3.1308 -73.068427
28.3023 18.6484 3.6845 -73.069782
29.9424 18.8206 4.6508 -73.07116
31.2866 18.6601 5.9911 -73.072568
32.7096 18.1098 7.1234 -73.074
34.1103 16.8391 7.543 -73.075455
35.4164 15.4177 7.7072 -73.076936
36.5618 14.0174 7.4707 -73.078441
38.0589 13.6462 6.35 -73.079968
39.8047 13.3092 5.8907 -73.081517
41.5119 12.7068 5.2455 -73.083089
42.8693 12.0614 4.0202 -73.084688
44.4573 11.3345 3.2295 -73.086306
45.9294 10.8303 2.4767 -73.087948
47.1014 10.1377 3.6205 -73.089607
48.3849 9.3089 4.6779 -73.091283
49.394 9.6773 6.2389 -73.092986
50.6478 10.0528 7.6185 -73.094704
51.9327 9.8336 9.0023 -73.096433
53.4883 10.1208 10.104 -73.098175
55.2334 9.8227 9.9071 -73.099927
57.0597 9.924 9.3135 -73.101795
58.8743 9.6526 8.6558 -73.103716
60.689 9.3812 7.9981 -73.105581
62.4959 9.1815 7.3186 -73.107392
64.0964 9.6659 6.3822 -73.109188
65.6128 10.0298 5.5676 -73.110987
66.3879 8.7348 6.61 -73.112791
67.0408 7.9267 8.2378 -73.114589
67.6184 7.3624 10.0083 -73.11639
68.2214 6.7991 11.7671 -73.118185
68.8557 6.3245 13.5452 -73.119961
69.5936 6.0215 15.3177 -73.121733
70.6128 5.6939 16.9232 -73.123477
71.846 5.1297 18.3139 -73.125188
73.446 5.6128 19.1551 -73.126879
75.1394 5.1362 19.9892 -73.128567
76.7792 5.1163 20.887 -73.130192
78.3203 5.541 21.9782 -73.13178
79.5543 6.0354 23.1887 -73.133324
80.477 6.477 24.7608 -73.134812
82.1371 6.4027 25.3832 -73.136247
83.992 6.8997 25.7174 -73.137622
85.8702 6.8251 26.0726 -73.138931
87.7509 6.7088 26.4848 -73.140168
89.6348 6.7028 26.6547 -73.141324
91.0074 6.4378 25.4152 -73.142393
92.1971 6.0461 24.0228 -73.143372
93.1627 5.5053 22.7795 -73.144274
93.4181 5.3578 20.8527 -73.145066
93.6827 5.205 18.9277 -73.145738
93.9559 5.0473 17.0042 -73.146285
94.7999 4.5071 17.8661 -73.146695
-1.9865 16.2264 -10.9822 -73.038814
-1.6114 17.3396 -11.0385 -73.038874
-1.1973 18.2526 -10.4886 -73.03892
-0.4899 18.8695 -10.968 -73.038953
0.4947 18.656 -11.4238 -73.038969
-5.9486 122.6202 -36.4545 -73.214363
-4.8563 124.4889 -38.1946 -73.219028
-3.4433 126.1431 -39.8024 -73.223686
-2.2407 128.597 -40.3971 -73.228334
-1.5188 131.295 -40.1613 -73.232977
-1.6696 134.0734 -40.2753 -73.237611
-2.517 136.7345 -40.7076 -73.242235
-3.2762 139.4376 -41.1589 -73.246846
-4.1563 142.1305 -41.3938 -73.25144
-4.9956 144.8475 -41.5126 -73.256018
-4.2109 147.46 -41.641 -73.26057
-3.9407 150.1251 -41.6099 -73.265103
-3.8535 152.9656 -41.6389 -73.269606
-3.8797 155.8081 -41.7765 -73.274086
-3.362 158.4701 -41.8809 -73.278537
-3.9026 161.1882 -41.8597 -73.282954
-4.6546 163.8938 -41.7416 -73.287334
-4.458 166.7321 -41.7051 -73.291675
-4.7248 169.4267 -41.9823 -73.295974
-5.9516 171.9513 -42.4086 -73.300231
-6.8697 174.6164 -42.5236 -73.304436
-7.1469 177.3942 -42.5991 -73.308592
-8.5483 179.5426 -43.6297 -73.312694
-9.0965 181.9163 -44.9846 -73.316747
-9.3572 184.5276 -45.8738 -73.320731
-10.3037 185.8819 -45.5629 -73.323597
-12.6165 185.7411 -44.527 -73.325313
-14.6492 185.7303 -43.1953 -73.326919
-16.2496 187.2653 -42.1906 -73.328431
-17.9145 189.1431 -41.8854 -73.329851
-19.4479 191.0685 -41.5909 -73.331174
-21.0169 192.9475 -41.0017 -73.332399
-22.4125 194.4386 -40.3024 -73.333521
-23.7068 195.9472 -39.0039 -73.334538
-25.0392 197.7028 -39.8911 -73.335442
-25.8175 200.0563 -40.2799 -73.336231
-26.6369 201.4551 -41.5533 -73.336901
-27.5289 202.2594 -40.2727 -73.337447
-29.472 203.3638 -40.3713 -73.337862
-31.4096 204.4733 -39.3932 -73.338143
-31.9894 205.4816 -37.1556 -73.338286
-32.896 206.6385 -35.2063 -73.338285
-33.7738 206.9925 -32.8727 -73.338133
-35.326 208.2821 -31.3862 -73.337828
-36.5537 210.18 -30.3332 -73.337362
-37.6503 212.1937 -29.5135 -73.33673
-38.7499 214.0475 -28.2022 -73.335926
-38.8366 216.2339 -27.1303 -73.334943
-39.8429 217.9451 -25.6872 -73.333776
-40.3547 220.3663 -25.6679 -73.332419
-9.0607 186.6005 -47.0068 -73.323798
-8.6412 188.5188 -48.1723 -73.325944
-7.9227 189.8909 -49.7878 -73.328019
-7.3389 191.2666 -51.5099 -73.330018
-6.8689 192.8579 -53.067 -73.331934
-6.5717 194.5306 -54.6272 -73.333767
-6.699 195.7688 -56.5782 -73.335516
-6.6007 197.3796 -57.9455 -73.337172
-5.361 198.4457 -59.4593 -73.338734
-4.0706 199.0919 -61.2062 -73.3402
-2.56 200.3359 -61.9713 -73.341558
-1.1767 202.1203 -62.473 -73.34281
0.1257 203.765 -63.1817 -73.34395
0.5779 205.9809 -62.9411 -73.344976
1.7705 207.8999 -62.7909 -73.345882
1.7806 210.0234 -63.3852 -73.346664
1.251 212.0868 -62.5412 -73.347317
0.3882 214.2228 -62.3899 -73.347834
-0.4598 216.2968 -62.9067 -73.348212
-1.2479 218.4121 -63.4146 -73.348444
-2.0973 220.5416 -63.7457 -73.348526
-3.4118 222.4275 -63.923 -73.348452
-5.2388 223.8332 -64.0726 -73.348216
-7.0057 225.2983 -64.337 -73.347812
-8.1122 227.0393 -64.9339 -73.347234
-8.3675 229.0243 -65.402 -73.346607
-8.7031 230.7886 -65.6689 -73.345998
-9.2813 232.5101 -65.8231 -73.345271
-9.2237 228.2929 -64.8468 -73.346764
-10.9382 228.5001 -64.259 -73.34644
-12.6565 228.7042 -63.682 -73.345974
-25.5183 124.0162 -29.3962 -73.21298
-26.4756 125.8583 -28.1987 -73.216795
-27.6755 127.8327 -27.6028 -73.220607
-27.9279 128.8492 -29.077 -73.224424
-28.5728 129.8586 -27.39 -73.228252
-29.4951 131.5172 -26.0388 -73.23205
-30.3172 133.5583 -25.0126 -73.235842
-30.9903 134.755 -23.0132 -73.239623
-31.8576 136.0757 -21.167 -73.24339
-32.9249 137.8539 -19.8699 -73.247139
-34.7749 138.8966 -19.3111 -73.250875
-36.3176 139.9122 -18.0849 -73.254585
-37.4604 141.3871 -16.8864 -73.258273
-38.6623 143.1941 -16.0632 -73.261941
-40.1691 144.5551 -14.9429 -73.265588
-41.2877 146.3296 -14.9203 -73.269209
-42.5778 148.1549 -14.027 -73.272796
-43.9866 149.9737 -13.1872 -73.276344
-45.0144 151.7833 -12.0503 -73.279858
-45.5532 153.8159 -10.8393 -73.283334
-46.3861 156.0367 -10.2537 -73.286768
-46.9837 158.3901 -9.9517 -73.290153
-47.8117 160.6751 -9.7756 -73.293492
-49.0447 162.6915 -9.706 -73.296777
-50.015 164.9082 -9.8518 -73.300008
-51.5234 166.8379 -9.9384 -73.30318
-52.9161 168.8061 -9.9279 -73.30629
-54.0733 170.9215 -9.7859 -73.309336
-55.7453 172.652 -9.5467 -73.312313
-57.6094 174.1497 -9.6472 -73.315217
-59.246 175.273 -8.9172 -73.318046
-60.6519 176.3429 -7.7572 -73.320794
-61.8971 178.3631 -7.4187 -73.323457
-62.7492 180.6081 -7.5045 -73.326033
-63.9736 182.7158 -7.7021 -73.328513
-65.2308 184.8141 -7.6187 -73.330892
-66.7492 186.7003 -7.6491 -73.333167
-68.417 188.4651 -7.7574 -73.335333
-69.4591 190.6092 -7.7695 -73.337384
-69.6776 192.1396 -9.5531 -73.339321
-70.6232 193.0213 -8.854 -73.341155
-70.9662 193.1386 -6.4297 -73.342855
-71.4596 193.5338 -4.0639 -73.344413
-72.1758 195.2071 -3.9513 -73.345814
-73.6159 196.7389 -5.1111 -73.347064
-74.8609 198.522 -6.148 -73.348155
-75.7426 199.5734 -7.6936 -73.349084
-75.3694 199.5725 -10.1146 -73.349854
-74.4019 199.6256 -11.6143 -73.350434
-73.8016 200.0979 -9.3728 -73.350828
-74.5843 201.3776 -7.8285 -73.351026
-75.66 202.8847 -6.3385 -73.351019
-76.7569 204.7933 -5.2692 -73.3508
-77.7876 206.5222 -4.0466 -73.350359
-78.7815 208.5213 -3.0989 -73.349688
-29.3228 87.5393 7.4141 -73.250359
-29.9005 87.4969 9.1019 -73.253635
-30.4781 87.4545 10.7898 -73.256837
-31.0558 87.4122 12.4776 -73.259965
-32.2782 87.1841 13.3671 -73.263035
-33.8866 86.6278 13.8875 -73.266109
-35.2533 87.1539 14.4242 -73.269181
-35.8481 87.8038 15.3321 -73.272245
-36.8463 86.9864 16.4788 -73.275308
-38.3951 86.3544 16.7879 -73.278358
-40.0436 86.842 16.4412 -73.281394
-41.676 86.6973 15.7688 -73.28442
-43.0795 86.67 14.6822 -73.287429
-44.7397 86.6061 14.8133 -73.290419
-46.2784 86.3685 14.6265 -73.293388
-47.931 85.969 14.7511 -73.296331
-49.3382 85.0184 15.2541 -73.29925
-51.0157 84.5548 15.4912 -73.302142
-52.76 84.3802 15.7377 -73.304994
-54.4766 84.1118 16.1326 -73.307809
-56.1575 83.722 16.5614 -73.310589
-57.6854 83.1665 17.2616 -73.31333
-59.449 83.0129 17.2864 -73.31602
-61.2047 83.1213 17.0316 -73.318656
-62.4985 83.4162 16.057 -73.321243
-64.2493 83.561 15.9695 -73.323772
-65.9938 83.4285 15.6473 -73.326243
-67.7202 83.5173 15.2308 -73.328647
-69.055 83.036 14.2322 -73.330982
-69.8653 82.2066 12.9383 -73.333245
-71.0115 81.258 11.9738 -73.335426
-72.4278 80.4398 11.5445 -73.337527
-73.698 79.222 11.6667 -73.339536
-74.8344 77.8746 11.8888 -73.341445
-76.1909 76.8138 12.1994 -73.343264
-77.7152 76.0674 12.6693 -73.344979
-79.2241 75.3783 13.2714 -73.346583
-80.5771 74.3384 13.7242 -73.348073
-81.948 73.2954 14.1285 -73.349441
-83.3128 72.1963 14.4348 -73.350681
-84.2563 70.7511 14.49 -73.351791
-85.9688 70.3467 14.3507 -73.352762
-87.6869 70.083 14.43 -73.353586
-89.1236 69.3762 14.9056 -73.354261
-90.0942 69.1674 16.3612 -73.354778
-91.4773 68.4273 17.0893 -73.355129
-93.1744 68.4543 17.5737 -73.355307
17.4714 115.5383 -32.7054 -73.20998
18.7181 116.515 -32.6736 -73.211803
19.4474 117.9165 -32.6863 -73.213586
20.2746 119.2604 -32.6312 -73.215333
21.0837 120.5882 -32.4636 -73.217039
21.7758 121.9988 -32.2416 -73.218701
22.3094 123.4582 -32.1155 -73.220317
23.1409 124.8071 -32.0128 -73.22188
23.9385 126.1782 -31.9172 -73.223395
25.0849 127.2066 -31.902 -73.224849
25.7601 127.3047 -33.2559 -73.226257
26.628 127.211 -34.5602 -73.227604
27.4583 127.1967 -35.7592 -73.228875
28.395 127.5305 -34.6253 -73.230075
29.5644 128.205 -33.8463 -73.231195
30.5696 128.6374 -32.8152 -73.23224
32.0051 129.043 -32.2921 -73.233199
33.4128 129.4399 -31.6761 -73.234069
34.7649 130.0848 -31.1622 -73.234845
36.07 130.7044 -30.5266 -73.235523
37.2954 130.2845 -29.7509 -73.236099
38.6668 129.8544 -29.4393 -73.236571
40.0959 129.824 -28.9371 -73.236931
41.6596 129.7812 -29.1527 -73.237177
43.163 129.7557 -29.5887 -73.237302
37.3605 97.6671 -24.1386 -73.203921
38.5247 98.3419 -23.3011 -73.205437
39.4075 98.7958 -22.0704 -73.206914
39.7833 99.3954 -20.6642 -73.208348
39.86 99.407 -19.0804 -73.209749
40.1939 99.8932 -18.7303 -73.211081
40.4963 100.318 -20.2174 -73.212367
41.4643 101.4944 -20.1061 -73.213584
42.3976 102.7119 -19.7798 -73.214738
43.1049 104.0833 -19.5568 -73.215827
44.0865 105.3182 -19.6544 -73.216843
44.7899 106.7249 -19.7113 -73.217787
45.9094 107.8469 -19.694 -73.218652
47.0015 108.9935 -19.6267 -73.219436
47.4874 110.1272 -19.5101 -73.220155
47.4694 110.2183 -21.0953 -73.220851
47.4514 110.3094 -22.6805 -73.221433
47.4334 110.4005 -24.2657 -73.221901
47.4153 110.4915 -25.8509 -73.222253
47.3973 110.5826 -27.4361 -73.222489
47.3793 110.6737 -29.0213 -73.222608
-43.1464 107.2097 -8.6051 -73.254609
-44.2349 108.3552 -9.2701 -73.257656
-45.5183 109.1815 -10.1573 -73.260708
-46.5455 110.332 -10.9218 -73.263762
-47.6198 111.4497 -11.7523 -73.266815
-48.7733 112.6103 -11.9929 -73.269869
-49.0763 114.3515 -11.8794 -73.272924
-49.3422 116.0762 -11.586 -73.275969
-49.7822 117.0822 -10.2937 -73.279017
-50.4256 118.2912 -9.1739 -73.282056
-50.9978 119.2379 -7.7863 -73.285089
-51.2625 120.0244 -6.2601 -73.288119
-51.6654 121.1492 -4.9912 -73.291125
-51.9476 122.7357 -4.2703 -73.294115
-52.5998 124.2212 -3.6393 -73.297085
-53.274 125.7541 -3.0637 -73.300027
-53.9887 127.1954 -2.3704 -73.302945
-53.963 128.1021 -0.9245 -73.305866
-54.6255 128.6873 -0.6995 -73.308767
-55.0557 128.8462 -2.4173 -73.311645
-55.7093 129.6088 -3.8029 -73.314458
-56.3904 130.5701 -3.4395 -73.317236
-57.2397 131.7558 -2.5815 -73.319977
-57.7383 132.4193 -1.0375 -73.3227
-58.1997 132.8604 0.5026 -73.325366
-59.135 134.2149 0.2827 -73.327973
-59.5411 135.9385 0.3726 -73.330521
-60.3211 137.5272 0.4547 -73.333011
-61.5615 138.7924 0.4272 -73.335436
-62.8427 140.0202 0.4049 -73.3378
-63.9756 141.337 0.4784 -73.340093
-65.5415 142.0698 0.6041 -73.342313
-66.8201 143.3029 0.6105 -73.344456
-67.9523 144.6731 0.6097 -73.346571
-69.0106 146.0943 0.6091 -73.348555
-69.7753 147.6531 0.6561 -73.350434
-69.9859 148.4831 2.1055 -73.35223
-70.4429 149.3779 3.3991 -73.353915
-71.6135 150.4383 2.691 -73.355489
-72.4835 151.5429 1.7355 -73.356948
-72.9227 152.8592 2.7049 -73.358292
-72.5877 154.4469 3.3601 -73.359509
-73.0119 156.1489 3.5593 -73.360597
-73.1545 157.8864 3.5882 -73.361546
-74.1953 159.319 3.6169 -73.362352
-74.932 160.9303 3.7174 -73.36301
-75.2192 162.6661 3.8423 -73.363512
-75.4158 163.3004 5.1393 -73.363859
-75.4017 163.5667 6.8972 -73.364037
-50.1374 90.531 -23.3634 -73.252826
-51.2673 90.8857 -22.5511 -73.255684
-52.7159 91.6607 -23.1098 -73.258533
-54.0702 92.6015 -23.357 -73.261379
-55.4386 93.0469 -22.4458 -73.264219
-56.998 93.6059 -21.9041 -73.267052
-58.5673 94.2413 -21.5078 -73.269873
-59.4515 94.8578 -20.2839 -73.272704
-60.3751 95.9904 -19.3491 -73.275497
-61.639 96.317 -18.2753 -73.278277
-62.5765 96.8459 -17.7339 -73.281039
-63.9654 97.6322 -17.7098 -73.283786
-65.6166 98.1559 -17.9424 -73.286508
-67.3141 98.5251 -18.0363 -73.289206
-68.9906 98.999 -17.9141 -73.291868
-70.4527 99.8368 -17.5623 -73.294503
-71.8636 100.5751 -16.8437 -73.2971
-73.2945 101.1084 -16.0241 -73.299657
-74.8032 101.5319 -15.3155 -73.302174
-76.2937 102.0431 -14.7677 -73.304646
-76.9439 103.3194 -13.9021 -73.307071
-77.7853 104.5384 -13.0235 -73.309445
-79.1174 105.4827 -13.5256 -73.311756
-80.5678 106.3785 -13.889 -73.314009
-81.9123 107.4474 -14.0602 -73.316188
-82.892 108.884 -14.1362 -73.318304
-83.7902 110.3676 -14.0768 -73.320348
-84.9748 111.6284 -13.8567 -73.322309
-86.2002 112.6963 -13.3076 -73.324195
-87.0479 113.9279 -12.479 -73.325994
-87.7411 115.4304 -11.9657 -73.327697
-88.823 116.6812 -11.5653 -73.329303
-89.4834 118.0465 -10.8065 -73.330809
-90.0558 119.4566 -9.9504 -73.332208
-90.8226 120.9302 -9.4429 -73.333491
-91.9586 122.2396 -9.3374 -73.334653
-92.8888 123.6775 -9.6286 -73.335691
-93.6083 125.2344 -9.9613 -73.3366
-94.4583 126.6908 -10.3334 -73.337371
-95.6371 127.179 -11.2403 -73.338004
-96.5223 128.3643 -11.7434 -73.338487
-97.3565 129.8343 -11.9607 -73.338816
-98.0187 131.4271 -12.0082 -73.338983
-44.8397 82.3848 -0.1022 -73.275469
-45.6858 82.6745 1.4762 -73.278994
-47.0854 83.466 2.0376 -73.282517
-47.9154 84.1261 0.6038 -73.286069
-48.4536 84.4912 -1.1078 -73.289622
-49.4629 84.7481 -2.3216 -73.293182
-50.8487 85.4683 -2.9272 -73.296757
-51.3634 86.2483 -4.138 -73.300373
-51.1604 85.8865 -5.9031 -73.303991
-51.4147 86.3329 -4.63 -73.307628
-51.3753 86.9211 -3.2026 -73.311245
-51.6511 88.546 -2.6095 -73.31486
-52.0008 89.4665 -3.9264 -73.318508
-52.6137 90.8015 -4.1725 -73.322144
-53.4473 92.4123 -3.9386 -73.325786
-53.8653 94.1635 -3.6555 -73.329429
-53.9519 95.9277 -3.215 -73.333076
-54.3051 97.4953 -2.5507 -73.336725
-54.5625 98.6898 -1.1952 -73.340361
-54.547 99.8234 0.1762 -73.344001
-54.2907 100.3598 1.9096 -73.347644
-54.7709 101.2087 3.4194 -73.351251
-54.4328 101.9413 3.8933 -73.354834
-53.0212 101.1678 3.092 -73.358399
-52.5222 101.109 4.5528 -73.36197
-54.1846 101.7537 4.4499 -73.365501
-55.6576 102.8136 4.5394 -73.369005
-56.499 104.3974 4.7059 -73.372484
-56.8786 106.1716 4.8788 -73.375936
-56.4546 107.8733 4.5587 -73.379353
-55.6814 109.1098 4.4339 -73.382764
-55.7928 109.3656 6.2457 -73.386195
-56.2213 109.7146 7.7986 -73.389509
-55.5336 111.171 7.9788 -73.392775
-57.2605 111.7016 8.1166 -73.395985
-58.1121 113.2561 8.4551 -73.399147
-58.5985 114.919 9.0311 -73.402255
-59.6859 116.036 9.8099 -73.405291
-59.434 116.5435 10.5662 -73.408272
-59.3051 118.1105 11.4366 -73.411179
-59.9415 119.6907 12.0733 -73.41402
-60.8614 121.156 12.3489 -73.416775
-61.607 122.4945 11.39 -73.419456
-62.1797 124.0961 10.8491 -73.422043
-62.6253 125.8486 10.8404 -73.424535
-62.2188 127.4063 11.6395 -73.426926
-61.8461 129.0333 12.3882 -73.429212
-62.5327 130.6886 12.3999 -73.431388
-62.936 132.4579 12.2088 -73.433452
-63.3234 134.2117 11.8803 -73.435398
-63.6303 135.945 11.5157 -73.437217
-63.951 136.5199 9.8435 -73.438916
-64.1784 137.2406 8.1925 -73.44047
-64.0694 138.3872 6.7995 -73.441872
-64.3697 140.0086 6.0583 -73.443126
-64.8732 141.6033 5.322 -73.444219
-65.5178 142.5596 4.0703 -73.445151
-65.7682 143.1976 5.3492 -73.445912
-66.7186 144.3442 5.8832 -73.446492
-67.5125 145.9488 6.0337 -73.446887
-68.2142 147.6123 6.0332 -73.447088
-36.2134 93.2108 29.5751 -73.254747
-36.6635 94.7733 29.8902 -73.256914
-36.9263 96.2364 30.4302 -73.259056
-37.1622 97.773 30.8495 -73.261177
-37.5529 99.3568 31.1525 -73.263274
-37.9173 100.9487 31.3678 -73.265334
-38.3971 102.525 31.406 -73.267366
-38.3118 104.182 31.3802 -73.269359
-38.3833 105.841 31.3619 -73.271312
-38.5184 107.493 31.3513 -73.273225
-38.1793 109.1047 31.3065 -73.275093
-37.694 110.6348 31.1726 -73.276909
-37.4366 112.1749 31.1742 -73.278677
-36.4341 113.3684 31.2349 -73.280395
-35.2673 114.4885 31.1966 -73.282052
-35.1913 116.0244 31.322 -73.283647
-36.1323 117.264 31.8032 -73.285177
-36.1013 118.8174 31.8898 -73.28664
-35.2737 120.1279 31.585 -73.288028
-34.1912 121.3196 31.36 -73.289339
-33.7141 122.9011 31.2289 -73.290564
-33.0667 124.4147 31.1658 -73.291704
-32.8786 126.0601 31.1275 -73.29275
-32.0835 127.4884 31.1247 -73.293699
-31.8296 129.12 31.1246 -73.294548
-31.1422 130.5851 30.9859 -73.29529
-30.3228 131.8477 30.3079 -73.295923
-29.6856 132.4849 28.9766 -73.296441
-29.0719 133.0333 27.5676 -73.296838
-28.0844 133.7856 27.8775 -73.297108
-27.152 134.469 28.6173 -73.297246
68.8569 88.73 19.5506 -73.201373
69.4626 89.4871 18.5505 -73.203792
69.8694 90.2922 17.5312 -73.206186
70.1133 90.9732 19.0619 -73.208564
70.2522 92.4115 19.6157 -73.210907
70.8156 93.9888 19.8859 -73.213219
70.9233 95.5529 19.5992 -73.215508
71.3862 97.0655 19.4044 -73.21776
72.5006 98.2929 19.6588 -73.219972
72.7344 99.9408 19.94 -73.222149
72.932 101.5833 19.995 -73.224286
72.4313 103.198 19.9089 -73.22638
71.8799 104.7873 20.0008 -73.228421
71.5282 106.416 19.8144 -73.230414
71.2624 108.037 19.4849 -73.232352
70.3107 109.3594 19.2993 -73.234224
69.2896 110.7156 19.219 -73.236032
68.8552 112.3448 19.1576 -73.237772
68.8224 113.8606 18.9579 -73.239438
69.0085 114.8834 18.0264 -73.241035
68.8524 116.0924 16.8932 -73.24255
69.7271 117.2159 15.9694 -73.243982
70.0973 118.581 15.0882 -73.24532
70.8674 119.2691 13.939 -73.246571
70.3855 118.9765 13.515 -73.247717
69.9666 118.6726 13.3866 -73.248767
70.2125 118.847 11.7059 -73.249722
70.4357 118.9096 10.8982 -73.250543
70.1867 118.7318 12.5649 -73.251252
69.521 118.6003 13.8778 -73.251823
69.0153 119.2849 13.1332 -73.252259
69.8993 119.8704 11.9133 -73.252556
70.2963 119.9515 10.2866 -73.252708
95.5228 3.6634 18.9207 -73.146911
95.9521 3.5018 19.9853 -73.14702
96.3294 3.3373 21.069 -73.147076
-41.3421 222.5153 -25.6062 -73.330967
-42.702 224.1478 -25.2091 -73.32961
-44.2458 225.1088 -24.0553 -73.328245
-45.8189 226.0665 -23.0056 -73.326873
-47.3319 227.1224 -21.9872 -73.325494
-48.8138 228.7344 -21.8003 -73.324109
-50.1281 230.4969 -21.9165 -73.322717
-51.8278 231.7383 -22.0527 -73.321317
-52.8158 233.6774 -22.1145 -73.31991
-53.0724 235.6787 -22.1684 -73.318801
-53.6815 237.6012 -22.215 -73.317995
-54.8336 239.2327 -22.1693 -73.31719
-55.9455 240.9107 -22.1307 -73.316386
-56.8959 242.6769 -22.2538 -73.315582
-57.6448 244.0732 -23.1351 -73.314778
-57.9004 245.3567 -24.6431 -73.313974
-58.5973 247.0318 -25.4177 -73.313172
-59.3933 248.8468 -25.6686 -73.312372
-60.5485 250.492 -25.7129 -73.311572
-62.0102 251.8694 -25.795 -73.310773
-63.5819 251.7041 -25.7766 -73.309975
-65.1861 252.5294 -25.4878 -73.309177
-66.5361 253.7075 -24.6451 -73.30838
-67.4482 255.4346 -24.2826 -73.307584
-68.0616 257.3349 -24.0645 -73.306788
-69.279 258.781 -24.0213 -73.305995
-70.6709 260.1778 -24.061 -73.305202
-71.4436 262.0159 -24.0595 -73.30441
-72.8554 263.4363 -23.888 -73.303621
-74.3055 264.6952 -23.3614 -73.302834
-75.6104 266.0079 -22.6232 -73.302047
-76.4194 267.7709 -22.2236 -73.30126
-77.0046 269.6763 -21.989 -73.300476
-77.6943 271.5617 -21.8675 -73.299694
-78.0414 273.5421 -21.7862 -73.298914
-78.9873 275.301 -21.7403 -73.298135
-80.3424 276.7952 -21.6879 -73.297359
-81.6546 278.3163 -21.6068 -73.296585
-83.1583 279.5974 -21.7854 -73.295814
-84.8953 280.6045 -21.8472 -73.295044
-86.7025 281.4584 -21.6828 -73.294277
-87.8751 282.8646 -21.0904 -73.293511
-89.4892 283.7967 -20.5891 -73.292748
-91.1007 284.9601 -20.5677 -73.291988
-92.4107 286.2858 -21.1453 -73.29123
-94.0557 286.9976 -21.9919 -73.290474
-95.7101 288.0996 -22.2545 -73.289722
-97.3406 289.2852 -22.2657 -73.288973
-98.976 289.9877 -22.9029 -73.288226
-100.2796 290.7986 -23.6291 -73.287482
-101.4799 291.8038 -22.4899 -73.28674
-103.036 292.9887 -22.0284 -73.286002
-104.6892 294.1312 -21.8834 -73.285268
-106.3559 295.2232 -22.151 -73.284537
-107.8941 296.3493 -22.6692 -73.28381
-109.1385 297.4951 -23.597 -73.283086
-110.8652 298.494 -23.4597 -73.282367
-112.4721 299.5248 -23.016 -73.281651
-113.8772 300.6139 -22.2042 -73.280939
-115.339 301.8994 -21.8314 -73.280232
-116.6463 303.427 -21.784 -73.279529
-117.9037 305.0024 -21.8441 -73.27883
-119.0254 306.6607 -22.003 -73.278135
-119.7365 308.5266 -22.2827 -73.277445
-120.0458 309.7921 -21.1758 -73.276756
-120.3335 310.3959 -19.2752 -73.276074
-120.8092 311.2425 -17.5331 -73.275398
-121.3861 312.9361 -16.6595 -73.274727
-122.3666 314.5966 -16.303 -73.274065
-123.445 316.2788 -16.4754 -73.273406
-124.5125 317.8962 -16.7048 -73.272754
-124.8879 318.6378 -14.9021 -73.272103
-124.9811 319.1413 -12.9496 -73.271459
-125.2786 319.7061 -11.0358 -73.27082
-125.7833 320.5605 -9.2875 -73.270192
-126.7853 321.2272 -7.7186 -73.269571
-128.1198 321.7372 -6.5853 -73.268956
-129.5338 322.6762 -5.6435 -73.268349
-130.8033 322.8583 -4.1103 -73.267747
-132.3486 322.5617 -2.9424 -73.267154
-133.5223 321.7567 -2.2514 -73.266569
-134.4075 321.0203 -3.7194 -73.265991
-136.141 320.0633 -3.704 -73.265422
-137.9234 319.2453 -3.5128 -73.264861
-139.8153 319.4438 -3.03 -73.264302
-141.7336 319.7231 -2.5415 -73.263757
-143.2992 318.8382 -1.8198 -73.263222
-143.6324 318.198 -3.1912 -73.262695
-144.6494 318.183 -2.5451 -73.262175
-145.6029 318.7473 -1.0864 -73.261668
-147.1116 319.1677 -0.0827 -73.26117
-149.0143 318.6505 0.3041 -73.260683
-150.835 317.9416 0.6531 -73.260206
-152.6003 318.3043 1.3039 -73.259741
-154.255 319.2248 1.8195 -73.259287
-156.1347 319.0641 1.3765 -73.258844
-157.9479 318.8394 0.6505 -73.258414
-159.8193 318.2421 0.4855 -73.257994
-161.6982 318.4908 0.8126 -73.257588
-163.3502 318.4678 1.946 -73.257194
-164.7917 318.8721 3.1901 -73.256812
-166.0348 318.4651 4.5448 -73.256445
-167.2051 317.7036 5.9108 -73.256091
-168.6856 318.3603 6.972 -73.255751
-170.5746 318.3686 7.6324 -73.255426
-172.4422 318.8037 8.0573 -73.255116
-173.7745 319.4811 7.41 -73.254819
-175.2708 319.8181 6.8918 -73.254539
-176.3866 321.0401 7.8064 -73.254275
-178.1084 321.388 8.4289 -73.254027
-179.8667 322.3331 8.1901 -73.253795
-181.7338 322.9719 7.9865 -73.253581
-183.2047 324.2061 7.6173 -73.253384
-184.6529 324.5109 6.7583 -73.253205
-186.4765 324.882 7.4149 -73.253044
-188.3601 325.5005 7.7542 -73.252902
-190.207 326.2741 7.8586 -73.252779
-191.8555 326.4884 7.2737 -73.252675
-192.3011 326.2807 5.3327 -73.25259
-192.4569 326.3027 3.3202 -73.252524
-192.6127 326.3246 1.3078 -73.252479
-192.7684 326.3466 -0.7047 -73.252457
-53.5618 234.7518 -22.4056 -73.318834
-55.3696 234.7358 -22.9279 -73.318104
-57.1775 234.7198 -23.4502 -73.317387
-58.9758 234.7413 -23.9753 -73.316682
-60.5834 235.6616 -24.1049 -73.315984
-62.2107 236.6032 -24.0421 -73.315287
-63.9306 237.3539 -24.0447 -73.314592
-65.5569 238.2591 -24.1396 -73.313899
-67.3063 238.9314 -24.1596 -73.31321
-68.8366 239.9978 -24.0522 -73.312522
-70.5332 240.314 -23.7713 -73.311837
-72.1779 239.7124 -23.3677 -73.311154
-73.9055 239.067 -23.0743 -73.310475
-75.764 238.9129 -23.0612 -73.309798
-77.5069 238.4311 -23.4834 -73.309125
-79.2728 238.5078 -23.5052 -73.308454
-81.0101 239.1307 -23.2489 -73.307786
-82.8258 239.4159 -22.9537 -73.307123
-84.5254 239.9346 -22.4418 -73.306463
-86.2406 240.0396 -21.7161 -73.305805
-87.8568 239.8217 -20.9364 -73.305152
-89.3552 239.6723 -19.8507 -73.304503
-90.7771 239.8281 -18.7653 -73.303857
-92.3262 239.5258 -18.0598 -73.303216
-94.0855 240.1028 -17.7873 -73.30258
-95.877 240.5966 -17.5579 -73.301948
-97.6988 241.0591 -17.507 -73.30132
-99.53 241.4724 -17.4393 -73.300698
-101.2527 242.1681 -17.1773 -73.30008
-102.8299 242.815 -16.4434 -73.299468
-104.4569 243.5931 -15.9937 -73.298862
-106.2956 243.7075 -16.104 -73.29826
-107.1732 243.8399 -14.6775 -73.29766
-108.3872 244.3725 -13.7017 -73.297069
-109.3454 245.4642 -12.5807 -73.296484
-110.5466 246.5332 -11.6213 -73.295905
-112.0874 247.1 -10.9503 -73.295333
-112.6927 248.1713 -9.7197 -73.294765
-113.85 248.7857 -8.6033 -73.294205
-114.9422 250.1535 -8.2414 -73.293651
-115.3929 251.8689 -7.6387 -73.293105
-116.4822 252.9605 -6.8157 -73.292567
-117.371 253.2374 -5.1806 -73.292036
-118.358 253.8356 -3.7152 -73.291512
-119.4595 254.4678 -2.3971 -73.290998
-120.9563 255.2641 -1.6822 -73.290492
-122.5163 255.9458 -1.0086 -73.289994
-123.9831 256.9071 -0.452 -73.289505
-124.7954 257.8348 0.9161 -73.289025
-125.65 259.0549 2.0473 -73.288555
-126.8265 260.4562 2.1583 -73.288094
-128.2898 261.2032 2.616 -73.287641
-129.0334 261.3894 4.2611 -73.287197
-129.2473 261.2649 6.1105 -73.286749
-129.4022 261.1437 7.9821 -73.286318
-129.5576 261.0229 9.8536 -73.285906
-129.7512 260.9235 11.7229 -73.285494
-129.9463 260.825 13.592 -73.285097
-130.1515 260.7135 15.4586 -73.284719
-130.5488 260.346 17.2477 -73.284354
-131.604 259.0778 18.099 -73.284003
-132.4067 258.2916 19.5872 -73.283664
-133.3932 257.3081 20.8241 -73.283339
-133.8044 256.3522 22.376 -73.283027
-134.6418 255.2368 23.5911 -73.282729
-135.4197 253.8392 24.4892 -73.282446
-135.7 253.4829 26.3153 -73.282176
-136.3101 252.641 27.7577 -73.281921
-136.3201 251.3179 26.4825 -73.281683
-136.8701 249.6435 26.0944 -73.281459
-137.7175 248.1362 25.6627 -73.281252
-137.6045 246.4619 25.1316 -73.281062
-137.2893 245.0053 24.2243 -73.28089
-136.6215 243.4615 23.4192 -73.280734
-135.6446 241.9497 22.8735 -73.280595
-135.3758 240.4199 22.4018 -73.280475
-136.1869 239.3032 23.0344 -73.280375
-136.341 238.0644 24.2021 -73.280293
-136.433 236.6369 25.3143 -73.280231
-136.6008 234.8539 25.6617 -73.28019
-137.1474 233.4458 25.0869 -73.280169
-10.2537 234.1313 -65.7936 -73.34437
-11.9535 235.2244 -65.4206 -73.343414
-13.2513 236.4124 -64.5554 -73.342457
-13.9825 238.2182 -64.0036 -73.3415
-13.9675 239.4333 -65.1657 -73.340538
-14.1745 240.8047 -66.5759 -73.339579
-14.74 242.3781 -67.763 -73.338618
-15.0167 243.3075 -69.5586 -73.337655
-14.9973 244.3966 -71.2899 -73.336692
-15.4806 245.6013 -72.6631 -73.33573
-16.6681 247.206 -72.2066 -73.334767
-17.3029 249.0449 -71.7718 -73.333804
-18.6676 250.382 -71.3338 -73.33284
-19.6799 251.0982 -72.0439 -73.331877
-20.4939 252.2385 -73.4165 -73.330911
-21.5912 252.7618 -72.8895 -73.330037
-21.9596 252.8176 -71.2713 -73.329265
-22.6797 254.2973 -71.5196 -73.328494
-23.6039 255.7577 -72.0067 -73.327725
-24.5721 257.236 -72.2298 -73.326957
-26.0105 258.3101 -72.2446 -73.32619
-27.3761 259.4599 -72.2196 -73.325424
-28.9516 260.3257 -72.2375 -73.32465
-30.5102 261.2195 -72.2945 -73.323888
-31.595 262.5637 -72.7018 -73.323127
-32.6547 263.9941 -72.7006 -73.322368
-33.5598 265.5319 -72.4801 -73.32161
-34.5952 266.9872 -72.4053 -73.320855
-35.2782 268.5959 -72.3691 -73.320099
-36.5462 269.7783 -72.1737 -73.319348
-37.8737 270.872 -71.8225 -73.318598
-38.8876 272.2418 -71.3145 -73.317851
-39.6217 273.7558 -70.7585 -73.317105
-40.6535 274.9959 -70.0158 -73.316363
-42.0534 275.9829 -69.5331 -73.315621
-43.5846 276.8719 -69.3005 -73.314884
-45.0655 277.8565 -69.4958 -73.314148
-45.946 279.1186 -68.7677 -73.313416
-45.8345 280.5644 -67.9551 -73.312685
-46.196 282.2235 -68.3906 -73.311958
-46.2456 283.784 -69.1293 -73.311234
-45.9356 284.9029 -69.4775 -73.310512
-46.3572 283.3243 -69.8414 -73.309792
-47.6385 284.0096 -69.6263 -73.309071
-47.8598 285.27 -68.7781 -73.308356
-47.9763 286.6481 -67.6615 -73.307645
-48.0018 287.8134 -66.394 -73.306936
-49.296 287.3623 -65.4888 -73.306231
-50.1432 286.6731 -64.1653 -73.305531
-50.2434 286.1704 -62.4405 -73.304832
-51.2742 284.9264 -61.8207 -73.30414
-52.8421 284.4426 -61.0987 -73.303453
-53.9107 283.6653 -60.0279 -73.30277
-54.752 283.3629 -58.5184 -73.30209
-55.6511 282.4981 -57.2933 -73.301417
-56.6242 281.93 -56.0196 -73.300749
-57.9991 281.9695 -54.8908 -73.300086
-59.0837 282.3361 -53.8941 -73.29943
-60.0943 282.1643 -52.7677 -73.298777
-61.4419 281.5155 -51.8651 -73.298132
-62.8626 280.827 -51.0501 -73.297492
-64.2795 280.6349 -50.0042 -73.296859
-65.804 280.5238 -49.0693 -73.296233
-66.7885 280.054 -47.7484 -73.295612
-67.9789 279.2336 -46.7905 -73.294998
-68.6552 278.446 -45.3481 -73.29439
-69.0138 277.9753 -43.6489 -73.293789
-69.4167 276.9949 -42.4398 -73.293197
-69.8247 275.5947 -42.5008 -73.292611
-70.268 276.0815 -42.6582 -73.292034
-70.9242 276.409 -41.0457 -73.29146
-71.4032 276.5871 -39.3203 -73.290897
-72.2724 276.7647 -38.0281 -73.290345
-73.2041 276.1685 -36.6914 -73.289801
-74.2918 275.5936 -35.4399 -73.289267
-75.425 274.8456 -34.2803 -73.288741
-76.9255 274.2886 -33.5609 -73.288225
-77.3251 274.3933 -31.9623 -73.287719
-77.3839 274.0953 -31.6173 -73.287218
-77.9259 274.1693 -30.1943 -73.286729
-79.5493 274.0847 -29.6223 -73.286252
-80.9279 274.149 -28.5263 -73.285785
-82.1503 274.2888 -27.2947 -73.28533
-83.1333 274.5631 -25.8399 -73.284886
-83.3586 274.0993 -24.1212 -73.284452
-83.4086 273.3363 -22.4949 -73.284032
-83.5601 272.816 -20.7795 -73.283623
-83.7705 272.4678 -19.0265 -73.283226
-84.0593 272.0789 -17.2937 -73.282844
-84.2893 271.7437 -15.5414 -73.282475
-84.9661 271.1706 -14.2656 -73.282121
-86.4465 270.5588 -13.5443 -73.281781
-87.5224 269.4821 -12.7644 -73.281456
-88.5863 270.2836 -13.3628 -73.281146
-89.344 271.7765 -13.8414 -73.280851
-90.7295 272.8654 -14.017 -73.280568
-92.0012 274.1345 -14.1202 -73.280302
-93.0728 275.5655 -14.188 -73.280054
-94.4803 276.5793 -14.1262 -73.279823
-96.2029 276.3016 -13.7358 -73.27961
-97.8612 276.4416 -13.1634 -73.279414
-99.2225 277.2086 -12.3487 -73.279236
-100.7724 276.7787 -11.5881 -73.279076
-102.4856 276.8416 -11.2384 -73.278934
-104.2435 277.0799 -11.3594 -73.278811
-105.8758 277.7134 -11.5089 -73.278708
-106.978 278.2571 -10.6069 -73.278625
-108.7214 278.4008 -10.5748 -73.278562
-110.1714 278.7473 -11.3411 -73.278519
-111.6618 279.6815 -11.4564 -73.278498
-21.5015 253.5088 -73.309 -73.330344
-22.5942 254.3623 -72.684 -73.330191
-23.4363 255.5756 -72.2611 -73.330051
-23.7952 256.2196 -73.6016 -73.329924
-24.1958 256.9175 -74.8973 -73.329812
-24.5102 257.2028 -76.431 -73.329715
-25.2575 257.9568 -77.5755 -73.329633
-25.9832 258.9049 -78.6121 -73.329567
-26.7351 259.8964 -79.3372 -73.329517
-27.7754 261.0706 -79.3699 -73.329483
-28.1276 262.1418 -78.3341 -73.329466
-14.415 228.9869 -63.4499 -73.345364
-16.1331 229.4489 -63.5343 -73.344766
-17.7421 230.1331 -63.7219 -73.344171
-19.4067 230.7023 -63.8399 -73.343582
-20.8995 231.6241 -63.8754 -73.342999
-22.4197 232.5434 -63.927 -73.34242
-23.9779 232.9794 -64.5409 -73.341846
-25.5926 233.2447 -65.0739 -73.341277
-27.3372 233.3731 -65.393 -73.340714
-29.108 233.4677 -65.4659 -73.340157
-30.8642 233.5427 -65.402 -73.339606
-32.3482 234.4256 -65.4518 -73.339061
-33.9347 234.8444 -64.9779 -73.338523
-35.6107 235.0483 -64.5372 -73.337991
-37.2988 235.2219 -64.5195 -73.337466
-38.3854 235.5894 -65.5655 -73.336947
-39.1438 235.7555 -64.0699 -73.336435
-40.4342 236.3585 -64.9633 -73.335932
-41.6538 237.408 -65.4996 -73.335437
-43.3197 237.9738 -65.7908 -73.33495
-45.0712 238.2644 -65.9288 -73.334472
-46.7994 238.6788 -65.9135 -73.334003
-48.5481 238.9796 -65.7557 -73.333543
-50.2593 239.3638 -65.4708 -73.333093
-51.9541 239.818 -65.3779 -73.332652
-53.6581 240.3081 -65.5616 -73.332222
-55.3649 240.7618 -65.7517 -73.331801
-56.9242 241.5359 -65.9538 -73.331391
-58.6438 241.8319 -66.2728 -73.330993
-59.9936 242.7156 -66.7405 -73.330605
-60.984 243.7818 -67.5294 -73.330229
-62.0855 245.146 -67.6347 -73.329865
-62.592 246.8516 -67.5474 -73.329513
-63.6958 248.1812 -67.3534 -73.329174
-65.3602 248.1365 -67.1819 -73.328847
-66.6185 247.2528 -66.7907 -73.328534
-68.2827 246.701 -66.9975 -73.328232
-69.0056 246.5375 -67.1182 -73.327947
-69.4149 247.1923 -66.2178 -73.327674
-70.5685 248.2104 -65.6787 -73.327417
-72.1021 248.9573 -65.1628 -73.327175
-73.5226 249.8734 -64.6789 -73.326949
-74.9049 250.917 -64.2744 -73.326739
-76.1941 252.0464 -63.8017 -73.326547
-77.6751 252.694 -63.2164 -73.326371
-78.9054 253.7897 -63.1101 -73.326213
-80.0531 255.1107 -63.1909 -73.326073
-81.4092 256.2087 -63.4316 -73.325952
-83.1166 256.5971 -63.7243 -73.325849
-84.8053 256.9649 -63.8465 -73.325766
-86.3232 257.8036 -63.7447 -73.325703
-88.0463 257.7843 -63.4146 -73.325661
-89.5568 258.6367 -63.0658 -73.325639
-79.8558 209.6969 -1.6956 -73.348885
-80.9345 210.9313 -0.8747 -73.348194
-81.8718 212.3265 -0.0936 -73.347507
-83.0145 213.649 0.4105 -73.346822
-83.35 215.4299 0.5242 -73.34614
-84.7236 216.0877 0.5245 -73.345462
-85.8365 216.8501 1.5461 -73.344784
-86.4751 218.3432 2.3648 -73.344112
-87.6889 219.3419 3.0091 -73.343444
-89.3832 219.625 3.5112 -73.342781
-90.5679 220.9942 3.9392 -73.342121
-91.9993 222.1339 4.2769 -73.341467
-93.1066 223.0567 5.3451 -73.340815
-94.2451 224.3484 6.04 -73.340168
-95.1955 225.7846 6.6504 -73.339526
-96.1469 227.1811 6.1703 -73.33889
-97.5307 228.1499 5.5656 -73.338258
-97.6555 229.6726 4.5217 -73.33763
-98.2632 230.7709 4.9578 -73.337006
-99.4213 231.1534 5.7424 -73.33639
-100.7458 231.4122 4.7237 -73.335778
-101.8502 232.6408 4.2535 -73.335173
-103.1436 233.9354 4.0273 -73.334574
-104.4921 234.4164 4.8558 -73.333982
-105.6117 233.6885 5.7966 -73.333393
-106.7274 232.3194 6.4016 -73.332805
-107.441 230.7522 6.8747 -73.332232
-107.4488 229.0255 7.5014 -73.331667
-107.9411 227.3511 8.131 -73.331111
-107.0902 226.8712 8.9862 -73.330563
-106.1496 226.513 10.1833 -73.330016
-105.9516 226.2598 12.0223 -73.329477
-105.4787 225.2922 12.0054 -73.32895
-105.2249 224.5846 10.2988 -73.328432
-104.7784 223.6625 9.5999 -73.327925
-104.7066 222.6921 11.0296 -73.327426
-105.026 220.965 11.6033 -73.326938
-104.6066 219.9029 12.8153 -73.32646
-103.3942 219.8352 14.0764 -73.325991
-104.3073 219.9043 13.553 -73.325534
-105.885 218.9419 13.3792 -73.325087
-107.2676 218.4747 12.6842 -73.324651
-108.1193 218.5469 11.0406 -73.324226
-108.3962 219.4541 11.7193 -73.323813
-109.0143 219.6825 13.4653 -73.32341
-109.7221 219.9831 15.1561 -73.323022
-110.6667 219.9703 16.4989 -73.322648
-112.0003 218.9022 16.8845 -73.322287
-113.4433 217.9794 16.4775 -73.32194
-114.7081 217.1333 15.6968 -73.321607
-115.2947 216.7255 13.9743 -73.321288
-115.5962 216.7912 12.1637 -73.320982
-115.7677 217.1126 10.3327 -73.320691
-115.4309 217.0746 11.1227 -73.320418
-116.1181 217.6962 12.116 -73.320154
-117.3855 218.3763 13.3061 -73.319911
-118.8798 218.8959 14.099 -73.319688
-120.5533 219.5755 14.5055 -73.319483
-122.3465 220.0233 14.7431 -73.319297
-124.1585 220.1151 14.949 -73.319129
-125.565 221.2324 14.8597 -73.31898
-126.6064 222.7478 14.7267 -73.318851
-127.1945 224.5052 14.537 -73.318743
-127.9351 226.1832 14.2547 -73.318655
-129.0224 227.5634 14.5865 -73.318588
-130.1181 229.0198 14.5982 -73.318543
-131.2201 230.4645 14.2522 -73.31852
47.5528 -96.076 13.5667 -72.127195
47.0015 -95.2803 13.5986 -72.127282
46.7344 -94.3274 13.6342 -72.127325
27.7081 -94.2683 18.8592 -72.103613
26.226 -93.6204 19.8024 -72.104164
24.7439 -92.9726 20.7456 -72.104579
23.2618 -92.3248 21.6888 -72.104858
23.8038 -92.3745 21.7835 -72.104997
54.7481 -88.0637 17.871 -72.150109
97.3169 -66.6493 31.3652 -72.205711
99.3506 -67.4491 30.897 -72.207189
101.3843 -68.2489 30.4289 -72.208426
103.4181 -69.0488 29.9607 -72.209419
105.4518 -69.8486 29.4925 -72.210168
104.935 -70.7499 28.9784 -72.210669
104.6139 -70.6388 26.7694 -72.210921
96.937 -66.473 30.8282 -72.204942
44.0154 -65.7095 15.6069 -72.212986
44.0102 -66.3692 14.8486 -72.213053
44.1586 -67.2141 14.3402 -72.213087
-4.665 -9.0685 -0.0051 -72.999632
-3.3078 -10.3003 -0.0154 -72.969192
-1.9532 -11.5348 -0.0257 -72.938778
-0.7426 -12.7803 -0.0459 -72.888239
0.4334 -13.9291 -0.0935 -72.818042
1.4466 -15.2471 -0.185 -72.748351
3.5554 -27.7322 1.4257 -72.64588
8.6107 -41.3653 6.7974 -72.551654
22.8794 -62.2772 10.5055 -72.342801
26.4745 -64.8588 13.9793 -72.312005
29.0535 -67.1183 14.3116 -72.291969
42.1418 -73.5431 16.2509 -72.220015
47.2069 -85.1931 18.1557 -72.161367
44.6639 -89.9679 15.7857 -72.139416
47.7449 -96.3203 13.6398 -72.128097
78.4149 -177.3628 14.5582 -72.024533
95.2227 -265.7699 17.0719 -71.943878
48.1056 -320.1106 18.1187 -71.883688
-10.9476 -383.6056 22.9817 -71.842277
-40.36 -432.7473 17.7175 -71.818331
28.7834 -94.5812 17.274 -72.105901
14.3097 -106.6143 20.8227 -72.08094
2.7577 -126.0427 26.0848 -72.062636
-45.0792 -189.1405 27.4734 -72.029198
30.9775 -170.2053 31.4202 -72.054294
28.3969 -94.5693 18.0599 -72.103754
-40.2348 -104.2908 -5.8163 -72.048547
-111.9958 -139.102 2.509 -72.016969
54.6562 -87.9717 17.7384 -72.150877
111.8824 -135.9529 29.1893 -72.072982
164.8572 -185.7356 20.1853 -72.019677
213.7243 -226.7876 32.011 -71.989351
43.9697 -65.4565 15.7766 -72.213223
45.5333 -62.1584 17.8534 -72.211223
96.2419 -66.2233 31.6259 -72.20483
2.1326 -22.0656 -2.5814 -72.681608
6.2653 -35.3706 6.4938 -72.598418
8.3143 -40.7868 6.7183 -72.513618
15.4942 -50.7521 4.9673 -72.446193
19.5156 -57.7327 7.1557 -72.379543
24.2121 -63.3654 12.9105 -72.327371
27.7984 -65.9637 14.1964 -72.301925
35.2991 -71.3414 15.5234 -72.25585
45.9552 -78.4006 18.2802 -72.190154
45.9541 -87.9136 17.638 -72.150205
46.0845 -93.1486 14.7482 -72.133005
52.1518 -103.9606 11.3242 -72.115835
58.8833 -119.603 12.0998 -72.094168
62.6461 -133.0235 18.7767 -72.073397
68.7987 -150.479 18.27 -72.053499
75.478 -168.4071 16.0379 -72.03445
80.7201 -186.7623 13.7215 -72.01485
86.0397 -202.1519 18.4658 -71.997855
88.9594 -219.8372 14.0604 -71.981642
92.3483 -238.1707 14.3683 -71.966192
94.4112 -256.1543 16.5595 -71.951486
95.282 -267.4858 16.3224 -71.936501
95.3059 -280.3632 10.9397 -71.923653
82.392 -291.8157 13.1552 -71.911498
66.6134 -301.8126 13.5179 -71.900024
55.8832 -314.8401 17.1156 -71.889215
42.621 -325.3136 19.0805 -71.878409
32.9705 -340.7608 23.6528 -71.869343
23.9361 -354.8041 21.203 -71.860906
9.6225 -366.7531 22.7517 -71.853086
-4.6074 -378.3071 21.4152 -71.845875
-16.9731 -389.755 18.9726 -71.838921
-27.5688 -401.1213 14.9527 -71.833343
-39.573 -411.7299 14.9204 -71.828352
-40.6381 -420.4638 25.2112 -71.823942
-40.4069 -426.6412 14.8914 -71.820107
-41.6738 -434.0686 12.5022 -71.816812
-35.1298 -447.795 10.0223 -71.81458
-30.511 -455.7937 6.7671 -71.812909
-26.4654 -460.7911 2.4423 -71.811795
-24.2919 -464.5784 0.2402 -71.811239
37.1249 -94.0849 14.9718 -72.121954
20.7736 -99.7756 22.2184 -72.092846
11.0172 -108.5614 18.7473 -72.077085
5.909 -113.1292 24.1737 -72.071272
4.7649 -121.3499 27.2758 -72.065705
-3.9067 -133.7894 26.1237 -72.057895
-16.2236 -149.0836 26.7198 -72.05006
-17.7909 -159.6216 22.5822 -72.043076
-30.8645 -168.2845 21.4997 -72.036935
-40.3768 -181.2163 24.3391 -72.031631
-50.8898 -195.8899 27.7601 -72.027017
-59.8432 -207.2909 27.0024 -72.023816
-63.453 -209.2381 15.4152 -72.021418
-64.2909 -212.4765 11.1044 -72.01982
-69.7086 -217.4653 14.9612 -72.019022
-1.3141 -131.2728 34.9295 -72.061731
15.7442 -115.5027 24.1983 -72.076454
21.9499 -133.9863 25.1312 -72.070011
26.8898 -147.4387 25.6301 -72.06444
28.6429 -155.1273 32.7495 -72.059737
28.6017 -167.7997 33.6747 -72.055895
33.7647 -170.9041 21.6446 -72.052833
35.3986 -176.6564 11.4651 -72.051014
39.8278 -180.409 -7.3747 -72.050105
28.4843 -94.572 17.6083 -72.104383
24.075 -93.3058 9.4058 -72.096727
15.5128 -90.8025 -8.4542 -72.084543
-0.0475 -89.6597 -13.0268 -72.07325
-13.9393 -94.7328 -4.0497 -72.062833
-31.0534 -101.5497 -4.3571 -72.05328
-48.3446 -108.1087 -4.4853 -72.044037
-60.3769 -111.0796 -1.1234 -72.03659
-77.9711 -113.5102 3.296 -72.029977
-92.0999 -121.9743 4.6219 -72.024192
-105.6825 -132.44 0.8972 -72.019228
-119.8735 -141.3568 5.959 -72.015084
-132.8113 -151.1601 6.979 -72.012332
-147.2952 -155.5423 4.0924 -72.01027
-153.368 -158.2725 7.6335 -72.008896
-168.793 -159.6906 7.6228 -72.008209
50.8433 -86.5895 17.9535 -72.155093
61.2357 -92.3404 14.5899 -72.14128
72.1897 -102.125 21.0158 -72.124587
85.4059 -115.7278 22.6939 -72.108834
96.1046 -123.0147 27.5352 -72.094003
106.3877 -128.7142 28.8233 -72.080076
119.3522 -141.0891 32.8119 -72.066125
133.3865 -151.0456 27.4274 -72.054386
140.4642 -156.8554 25.7903 -72.043502
152.3124 -169.1266 29.8767 -72.033459
161.5491 -182.1636 26.4505 -72.024245
167.3763 -187.9265 20.8501 -72.015352
178.0174 -198.4202 27.7655 -72.008207
190.5879 -201.853 17.5881 -72.001856
198.4764 -209.0366 23.2285 -71.996292
206.4978 -222.3967 29.9785 -71.991509
216.4485 -231.2363 29.6641 -71.987486
219.3592 -241.6667 28.5636 -71.984725
217.6919 -257.4839 32.1794 -71.982658
212.7961 -271.781 39.8533 -71.98128
208.8344 -287.7139 39.3838 -71.980592
43.1478 -69.6198 16.0595 -72.214919
45.0982 -63.5211 16.1223 -72.212168
50.7937 -61.6079 11.0465 -72.209429
63.7547 -58.5312 9.7712 -72.207015
75.049 -60.4617 16.3877 -72.205382
83.0968 -60.7333 25.9161 -72.20453
91.3447 -63.64 26.8113 -72.204458
106.4082 -69.1292 24.6495 -72.202407
123.1559 -72.5629 28.9251 -72.199152
143.1961 -75.9244 28.8652 -72.197526
46.1286 -55.224 14.5026 -72.209669
37.6417 -45.2763 18.4222 -72.207858
22.8448 -43.0894 21.8828 -72.206953
