-0.8015 -1.2678 -0 -74.034729
-3.2062 -5.0715 -0 -74.034296
-5.0765 -8.0299 -0 -74.034
-6.4123 -10.1429 0.0262 -74.033931
-8.0143 -12.677 0.1283 -74.033861
-8.8146 -13.9429 0.1666 -74.033809
-8.2187 -14.5214 0.2948 -74.033753
-8.7411 -16.3672 0.5247 -74.033607
-10.0309 -17.8905 1.1419 -74.033421
-11.386 -19.3222 1.89 -74.033245
-12.7254 -20.8552 2.392 -74.033082
-14.0432 -22.4116 2.6217 -74.032889
-14.6972 -24.3185 2.0715 -74.032656
-15.5306 -26.234 2.0482 -74.032404
-16.1094 -27.8038 2.3068 -74.032187
-14.7796 -28.9827 3.1257 -74.032005
-13.6062 -30.5844 3.6202 -74.031824
-12.2537 -32.1091 3.9089 -74.031643
-11.1222 -33.7683 4.2796 -74.031461
-10.1932 -35.2295 5.196 -74.03128
-9.3619 -36.7283 6.3117 -74.031099
-8.5851 -38.2492 7.4144 -74.030919
-7.5935 -39.8435 8.2499 -74.030738
-6.8916 -41.4349 9.2193 -74.030557
-6.2727 -43.3267 9.6108 -74.030376
-5.7427 -44.6215 10.9758 -74.030194
-5.2774 -45.3085 12.8612 -74.030013
-4.5701 -46.2857 12.7646 -74.029831
-3.9187 -47.0128 11.0346 -74.02965
-3.487 -47.3534 9.0584 -74.029467
-3.1601 -48.3203 10.2056 -74.029285
-2.5906 -49.7167 11.29 -74.029105
-2.064 -51.2649 10.2609 -74.028924
-1.9023 -53.0628 10.2828 -74.028744
-1.2374 -53.7481 8.8883 -74.028562
-0.2338 -55.4757 8.438 -74.028382
0.9268 -57.1391 8.1846 -74.028202
2.1659 -58.7648 8.26 -74.028023
2.7966 -60.3652 9.2072 -74.027843
3.5606 -62.0815 8.7826 -74.027664
4.1051 -63.9769 8.2533 -74.027485
4.7728 -65.8913 8.0534 -74.027306
5.555 -67.7898 8.1794 -74.027129
5.4215 -69.7319 8.5591 -74.026951
5.3722 -71.1779 9.39 -74.026774
6.6015 -72.8224 9.4344 -74.026598
7.9091 -74.3345 9.4579 -74.026423
9.1469 -75.9691 9.4502 -74.026248
10.0298 -77.8076 9.4917 -74.026074
10.7723 -79.6982 9.5101 -74.025901
12.3735 -80.8411 9.4583 -74.025729
13.4145 -82.6176 9.4397 -74.025558
14.1594 -84.5026 9.6273 -74.025388
14.908 -86.352 10.0263 -74.025219
15.6285 -88.1574 10.421 -74.025051
16.2688 -90.0988 10.1972 -74.024884
16.8061 -92.0324 10.2983 -74.024718
18.0591 -93.5211 10.9131 -74.024554
19.0692 -95.1762 11.592 -74.024391
20.0514 -96.8019 12.3554 -74.02423
20.7986 -98.4251 13.1509 -74.02407
22.3425 -99.643 13.6764 -74.023912
23.1324 -101.4525 13.8694 -74.023755
24.2278 -103.1764 13.8286 -74.023601
25.7948 -104.4654 13.8973 -74.023448
27.3532 -105.7951 13.951 -74.023297
28.4996 -107.4233 13.9547 -74.023148
30.0108 -108.56 13.6639 -74.023001
31.1081 -108.6091 12.0588 -74.022854
29.9694 -109.9097 10.9348 -74.022698
28.8308 -111.2104 9.8109 -74.022548
27.6922 -112.511 8.6869 -74.022405
26.8377 -113.4766 7.7017 -74.022266
28.1153 -111.9666 8.2837 -74.022122
29.3929 -110.4565 8.8658 -74.021984
30.6706 -108.9464 9.4479 -74.021853
31.1787 -108.9746 10.7509 -74.021723
31.0798 -109.3078 12.7833 -74.021596
31.1974 -110.3892 14.0207 -74.021474
31.8589 -112.2436 14.4776 -74.021356
32.2207 -114.0808 14.8897 -74.021241
32.3754 -116.0895 14.7382 -74.021129
33.2282 -117.7627 14.1097 -74.021021
34.0263 -119.6079 13.7086 -74.020916
34.4263 -121.5938 13.4703 -74.020814
34.6735 -123.5948 13.4834 -74.020716
34.4631 -125.6138 13.6554 -74.020622
35.477 -127.1975 13.9548 -74.020532
36.4488 -128.3733 14.9241 -74.020445
36.0423 -130.1872 15.3722 -74.020361
35.1621 -131.5518 15.4371 -74.020282
35.6418 -129.8523 14.8263 -74.020208
35.0348 -128.0619 14.2107 -74.020138
35.5446 -129.8444 14.1534 -74.020073
35.6291 -131.8577 14.0497 -74.020012
34.8485 -133.6181 13.7199 -74.019956
34.2995 -135.3089 12.7219 -74.019904
33.9891 -137.2127 12.2496 -74.019857
34.6951 -139.1364 12.158 -74.019816
34.4342 -141.0719 12.4762 -74.019779
34.9496 -142.8915 13.1328 -74.019747
35.1207 -144.6736 12.8365 -74.019721
36.0553 -146.4708 12.5635 -74.0197
36.5162 -147.9232 11.2272 -74.019684
37.0821 -149.6924 10.5935 -74.019674
38.1845 -151.3675 10.8233 -74.019669
38.9786 -152.5573 11.4668 -74.01967
38.5512 -154.4927 11.7745 -74.019676
38.9845 -156.4817 12.0272 -74.019687
38.8087 -158.4686 12.102 -74.019704
39.4316 -160.3993 12.1561 -74.019727
40.017 -162.1492 11.7738 -74.019754
39.9044 -164.0643 11.3068 -74.019787
40.4166 -165.9089 10.6066 -74.019825
41.3853 -167.5493 10.7632 -74.019867
42.1247 -169.1267 11.6727 -74.019914
42.1485 -170.8263 12.6221 -74.019965
41.2541 -172.1527 13.7028 -74.020019
41.3329 -173.6405 14.3131 -74.020077
41.6008 -174.8677 12.6805 -74.020138
41.8738 -176.7997 12.275 -74.020201
42.7438 -178.5456 11.9564 -74.020265
43.2439 -180.4578 12.0397 -74.02033
43.3656 -182.4295 12.4106 -74.020395
43.6747 -184.2146 13.2717 -74.02046
44.1736 -186.1236 13.8383 -74.020523
44.3535 -187.9066 14.7675 -74.020584
44.8726 -189.5685 15.6922 -74.020641
45.4404 -191.1005 14.5715 -74.020694
46.1386 -192.9259 14.1459 -74.020741
46.6287 -194.8895 13.783 -74.020783
47.9055 -196.4354 13.3908 -74.020818
49.0241 -197.9564 13.467 -74.020844
49.8322 -199.3762 13.2319 -74.020863
51.04 -200.3986 12.0409 -74.020873
-16.8109 -27.3553 2.8101 -74.032211
-17.497 -28.3029 4.2038 -74.03208
-18.1984 -29.271 5.5067 -74.031954
-18.2577 -29.3412 3.7473 -74.031808
-18.2679 -29.344 1.9276 -74.031666
-18.2781 -29.3467 0.108 -74.031529
-18.2883 -29.3494 -1.7116 -74.031397
-18.2985 -29.3522 -3.5313 -74.031269
-18.8534 -30.5664 -3.9808 -74.031143
-18.8107 -32.318 -3.8597 -74.031017
-19.3066 -34.0554 -3.7456 -74.030892
-18.9488 -34.5418 -2.2544 -74.030766
-18.3075 -35.7012 -1.0566 -74.03064
-18.003 -37.2922 -0.254 -74.030515
-17.2153 -38.7422 0.5062 -74.03039
-17.2992 -40.1694 1.5541 -74.030265
-17.1185 -41.7267 2.3954 -74.03014
-17.083 -42.8762 3.6698 -74.030014
-17.3639 -44.4413 4.545 -74.029889
-18.2212 -45.6938 5.2818 -74.029765
-18.9632 -46.7735 4.1464 -74.029641
-19.2427 -47.6114 2.5633 -74.029517
-19.7572 -49.1601 2.2576 -74.029395
-20.0441 -50.8741 2.5491 -74.029273
-20.3286 -52.4364 3.2684 -74.029152
-19.8077 -53.8024 3.6098 -74.029032
-19.2008 -54.6661 2.2731 -74.028912
-18.7221 -56.0354 2.9434 -74.028793
-18.7365 -56.729 4.1896 -74.028676
-18.8997 -58.1413 5.2798 -74.02856
-18.8149 -59.8936 5.7078 -74.028446
-18.9822 -61.072 7.0484 -74.028334
-19.3934 -62.5349 8.0119 -74.028224
-19.547 -63.8484 9.0694 -74.028116
-19.5772 -65.5723 8.63 -74.02801
-19.258 -67.3139 8.3405 -74.027907
-19.7508 -69.0603 8.364 -74.027807
-19.9946 -70.8175 8.7102 -74.027709
-19.8037 -72.5539 9.1873 -74.027614
-19.7201 -74.3251 9.5635 -74.027523
-20.2567 -75.9938 9.7611 -74.027434
-19.7758 -77.7066 9.8918 -74.027349
-19.8692 -79.394 10.0722 -74.027267
-20.6153 -80.6503 10.7965 -74.027189
-20.8101 -82.0334 11.1362 -74.027115
-21.8468 -83.2751 10.5156 -74.027044
-22.3598 -84.646 11.4203 -74.026978
-22.8139 -86.2646 12.0203 -74.026915
-22.9433 -87.4114 13.1988 -74.026856
-23.2601 -88.7922 14.1473 -74.026801
-23.5187 -90.5915 14.1567 -74.026751
-23.7693 -92.3875 14.2837 -74.026704
-23.9193 -94.161 14.5659 -74.026662
-24.765 -95.4177 14.2775 -74.026623
-25.6946 -96.5629 13.7452 -74.026589
-26.3361 -98.2508 13.7081 -74.026558
-26.22 -99.6251 14.4174 -74.026531
-26.029 -100.2322 16.1217 -74.026507
-25.98 -100.9366 17.7977 -74.026488
-26.1774 -101.1961 19.58 -74.026471
-26.4133 -101.3806 21.3748 -74.026459
-26.5757 -102.9017 22.0388 -74.026451
-26.565 -104.1061 22.8298 -74.026447
-10.4886 -18.1238 0.6694 -74.033267
-10.4015 -18.057 0.4643 -74.033153
-11.3637 -19.3353 1.4826 -74.033018
-12.4409 -20.4928 2.3203 -74.032859
-13.7335 -21.882 2.6066 -74.032688
-14.3525 -23.4451 1.6476 -74.032516
-14.7639 -24.7529 0.4153 -74.032345
-15.0123 -25.6795 -1.2982 -74.032172
-14.7483 -27.3027 -2.2341 -74.032
-14.1682 -28.7546 -3.3613 -74.031828
-14.1335 -30.3237 -2.5621 -74.031654
-14.176 -32.0715 -1.7097 -74.031481
-14.076 -33.7889 -0.9359 -74.031308
-13.8862 -35.6563 -1.4771 -74.031134
-13.5408 -37.5381 -1.8551 -74.03096
-12.9254 -39.3671 -2.0095 -74.030785
-12.8947 -41.2639 -2.5483 -74.03061
-12.5093 -43.0891 -2.3969 -74.030435
-11.8636 -44.7358 -1.5183 -74.030259
-11.3409 -46.4019 -0.6056 -74.030082
-11.0233 -47.5467 0.9658 -74.029903
-10.5913 -48.4457 2.6789 -74.029726
-10.1405 -50.0833 3.3431 -74.029548
-10.2934 -51.7904 2.9275 -74.02937
-10.88 -52.8858 1.4404 -74.029191
-11.0363 -54.4811 1.7038 -74.029013
-11.1458 -56.3254 2.378 -74.028834
-10.357 -57.7555 3.4384 -74.028655
-10.1358 -58.8326 4.9901 -74.028475
-10.3077 -60.6124 5.6598 -74.028295
-11.2813 -62.2927 6.0116 -74.028116
-11.7958 -64.1934 6.181 -74.027936
-12.4342 -66.0517 6.3974 -74.027756
-11.9522 -67.7789 6.8906 -74.027576
-11.6762 -69.0382 8.2561 -74.027397
-11.713 -70.0381 9.9612 -74.027217
-11.8555 -70.9146 11.6774 -74.027037
-12.8132 -71.5235 13.2459 -74.026858
-13.5753 -72.2336 12.7301 -74.026679
-14.1638 -73.7043 11.8882 -74.026502
-14.4131 -75.2707 10.815 -74.026325
-13.5782 -77.0011 10.3425 -74.026148
-13.3259 -78.9499 10.1371 -74.025972
-13.3622 -80.9141 10.3308 -74.025798
-14.2376 -82.5066 10.9807 -74.025625
-14.7845 -84.1023 11.9265 -74.025452
-15.3519 -85.4422 12.6525 -74.025281
-15.7865 -86.6616 12.098 -74.025111
-16.5522 -87.7496 13.5364 -74.024943
-17.1687 -89.5648 13.8022 -74.024776
-18.2162 -91.1682 13.885 -74.024612
-19.5493 -92.634 13.9514 -74.024449
-20.3209 -94.4426 13.8656 -74.024288
-21.0095 -96.2837 13.6721 -74.02413
-21.3384 -97.8523 13.9673 -74.023972
-21.6939 -97.8965 15.9193 -74.023816
-22.3276 -98.0602 17.7316 -74.023664
-21.887 -98.9874 16.7979 -74.023513
-22.8153 -99.7306 15.3374 -74.023368
-24.3779 -100.6691 14.7056 -74.023226
-24.3457 -102.6276 14.3888 -74.023087
-24.5768 -104.5617 14.2213 -74.022953
-24.8282 -106.5067 14.2205 -74.022822
-25.0574 -108.4614 14.1941 -74.022695
-25.5558 -110.3378 14.0236 -74.022572
-26.9412 -111.6652 13.5497 -74.022453
-27.6548 -113.1993 12.651 -74.02234
-27.9593 -114.1646 11.0361 -74.022229
-28.3565 -115.3746 10.0919 -74.022125
-29.1471 -116.4978 9.0352 -74.022025
-29.5399 -117.0458 7.1689 -74.02193
-29.9596 -117.6548 5.3281 -74.021841
-30.9613 -118.935 4.5188 -74.021757
-32.1435 -120.2324 4.6581 -74.021679
-32.9363 -121.0473 6.2793 -74.021606
-33.621 -122.2206 7.5953 -74.021538
-33.9105 -123.585 8.7937 -74.021476
-34.4873 -124.3869 10.3397 -74.02142
-35.0405 -125.7656 11.4307 -74.021369
-34.701 -127.6323 11.772 -74.021323
-35.3063 -129.4991 11.9181 -74.021282
-35.9903 -131.3268 11.7835 -74.021246
-37.6819 -132.1342 11.31 -74.021215
-38.5009 -133.4806 10.3217 -74.021188
-38.4967 -134.7419 8.9782 -74.021165
-39.2613 -136.1191 9.0235 -74.021146
-39.6486 -137.8732 9.0943 -74.02113
-40.3927 -139.5578 8.4232 -74.021118
-41.3357 -141.2284 8.0319 -74.021108
-41.7461 -143.1332 7.6854 -74.0211
-42.0138 -145.0056 7.4829 -74.021094
-41.9887 -146.6225 8.5512 -74.021089
-43.1363 -148.1444 8.915 -74.021086
-43.8626 -149.8828 8.3731 -74.021085
-44.926 -151.4033 7.7386 -74.021084
-9.353 -14.8211 0.2731 -74.03373
-11.0559 -15.5864 0.7158 -74.033589
-12.8605 -15.9487 1.177 -74.033416
-14.323 -16.6873 2.6356 -74.033098
-15.6273 -17.7486 4.2904 -74.032832
-16.5612 -19.3299 4.837 -74.032711
-17.0333 -20.2944 6.2453 -74.032576
-17.8874 -21.5361 7.3823 -74.032437
-18.8508 -22.9769 8.1796 -74.0323
-19.5099 -24.5801 8.9543 -74.032162
-19.7318 -25.6734 10.3712 -74.032023
-19.6375 -26.5275 11.987 -74.031884
-20.9183 -27.5166 12.4491 -74.031745
-21.2964 -29.0814 13.3143 -74.031606
-21.83 -30.7644 14.0149 -74.031467
-22.4092 -32.288 14.7504 -74.031327
-23.1716 -32.8787 16.4102 -74.031186
-23.4458 -33.3976 17.1662 -74.031046
-23.9797 -35.1098 17.8018 -74.030905
-25.2888 -36.4276 18.1128 -74.030765
-26.4013 -37.9363 18.2431 -74.030625
-27.2908 -39.5473 18.3867 -74.030485
-28.9068 -40.2841 18.3568 -74.030344
-28.8386 -41.8551 18.071 -74.030204
-30.0593 -43.3052 18.0707 -74.030063
-30.6546 -44.9959 18.2212 -74.029923
-31.4097 -46.5757 18.3297 -74.029782
-32.6885 -47.8644 18.2798 -74.029642
-33.6705 -49.4532 18.3794 -74.029503
-34.3435 -51.1833 18.7706 -74.029365
-35.0428 -52.643 19.7515 -74.029226
-35.9334 -53.9164 20.8542 -74.029089
-36.4958 -55.5633 21.6175 -74.028953
-37.1515 -57.2664 22.1901 -74.028819
-37.503 -58.9135 22.7742 -74.028684
-37.2767 -60.629 23.5408 -74.028551
-38.3487 -62.1152 24.0868 -74.02842
-38.7835 -63.8894 24.6417 -74.028291
-39.0307 -65.5698 25.4324 -74.028164
-39.2448 -67.4312 25.7075 -74.028039
-39.4113 -69.2406 26.1323 -74.027916
-38.2265 -70.1613 27.1367 -74.027795
-37.9293 -71.6381 28.1838 -74.027677
-36.7386 -72.8721 28.5562 -74.027561
-35.4143 -74.1273 28.8617 -74.027449
-33.8413 -75.1427 29.2839 -74.027338
-32.9832 -76.7229 29.5771 -74.027232
-33.6399 -75.092 29.1649 -74.027127
-33.1635 -76.3575 28.5144 -74.027028
-32.6394 -77.9449 29.3953 -74.026932
-31.5586 -79.4236 29.8926 -74.026838
-30.8094 -81.0765 30.3763 -74.026749
-31.5811 -82.6547 30.6865 -74.026666
-31.7168 -84.5489 30.8274 -74.026586
-31.5105 -86.4537 30.8357 -74.026512
-31.5377 -88.3667 30.7633 -74.026442
-31.4829 -90.279 30.6456 -74.026377
-31.9235 -92.1277 30.4947 -74.026316
-32.2806 -93.9944 30.2829 -74.02626
-33.2826 -95.4749 30.073 -74.026209
-34.2923 -96.3147 29.212 -74.026162
-33.7984 -97.5646 29.0456 -74.02612
-33.365 -98.5644 30.3242 -74.026082
-34.9529 -99.5888 30.5864 -74.026048
-35.3561 -101.2379 30.5528 -74.026019
-35.425 -102.1901 29.7785 -74.025994
-35.4381 -103.6106 30.0236 -74.025972
-35.4329 -104.9525 28.8355 -74.025956
-35.4888 -106.6151 28.0477 -74.025943
-35.1318 -108.0258 29.2064 -74.025934
-34.5346 -109.5447 30.0645 -74.02593
-15.445 -16.6758 3.4162 -74.032831
-17.1123 -16.5493 2.7023 -74.032712
-18.8242 -16.1183 2.2844 -74.032578
-20.5247 -15.3962 2.2003 -74.032443
-22.3116 -15.3473 2.4856 -74.032308
-24.0423 -14.9367 2.9859 -74.032172
-25.7912 -14.8802 3.5418 -74.032036
-27.6376 -14.8877 3.7424 -74.031899
-29.4617 -14.8882 3.7168 -74.031763
-31.2202 -15.3922 3.5297 -74.031625
-32.7539 -15.8243 2.9445 -74.031487
-34.0829 -16.2305 1.7975 -74.031349
-35.3566 -17.1047 0.7776 -74.03121
-36.7811 -17.3591 0.0703 -74.031072
-38.4049 -17.2529 0.8951 -74.030933
-40.1857 -16.9717 1.2216 -74.030794
-41.9745 -17.3706 1.348 -74.030655
-43.6645 -17.7288 1.1737 -74.030515
-45.1638 -16.9527 0.472 -74.030375
-46.3865 -16.2335 -0.6264 -74.030235
-48.1583 -16.038 -0.1893 -74.030094
-49.5586 -16.5997 0.7893 -74.029953
-50.6275 -17.7832 1.5574 -74.029813
-52.4581 -17.9497 1.6886 -74.029673
-54.2203 -17.8442 1.1278 -74.029532
-55.6575 -18.4041 0.1681 -74.029392
-57.139 -19.2179 -0.5793 -74.029252
-58.8775 -19.6978 -0.9928 -74.029113
-60.4992 -20.5497 -0.8751 -74.028975
-62.2699 -20.9516 -0.784 -74.028837
-63.9605 -21.4851 -1.2025 -74.028699
-65.769 -21.6468 -1.2364 -74.028563
-67.4074 -21.948 -2.0416 -74.028428
-69.2303 -22.0478 -2.2783 -74.028295
-71.0405 -22.3933 -2.2 -74.028162
-72.76 -22.6876 -1.8978 -74.028032
-74.4248 -22.1245 -1.3042 -74.027903
-75.468 -21.5676 0.0962 -74.027776
-76.805 -21.0117 0.8974 -74.027651
-78.6304 -21.1688 0.7939 -74.027529
-80.2126 -21.6023 1.4208 -74.027409
-81.9055 -21.4802 1.8938 -74.027293
-83.3789 -20.5725 2.4839 -74.027179
-84.8475 -20.092 3.3977 -74.027068
-85.8797 -19.4106 4.4732 -74.02696
-86.9877 -17.9771 4.3817 -74.026856
-88.4094 -16.917 4.436 -74.026756
-89.1332 -16.2863 5.8123 -74.026658
-89.6827 -16.0961 7.5766 -74.026565
-90.6073 -14.9923 8.5732 -74.026476
-91.6573 -14.5236 9.9347 -74.026392
-92.216 -13.6924 11.4126 -74.026312
-93.3323 -12.5367 11.3011 -74.026237
-94.3529 -11.3333 10.4637 -74.026167
-95.9243 -11.359 10.3327 -74.026101
-97.085 -12.6874 10.4076 -74.02604
-98.637 -11.9209 10.4364 -74.025983
-99.8512 -10.5582 10.1484 -74.025932
-101.1467 -9.2581 9.9913 -74.025885
-102.9108 -8.8466 10.0308 -74.025843
-104.2043 -7.6318 10.4372 -74.025805
-105.7848 -7.7377 11.2376 -74.025771
-107.5295 -7.7352 11.7584 -74.025743
-108.7114 -6.5165 12.2914 -74.025718
-108.6826 -5.013 12.9437 -74.025697
-109.4316 -4.9691 14.0337 -74.02568
-110.9911 -5.321 13.2911 -74.025668
-112.3812 -4.7789 12.2565 -74.02566
-113.4541 -4.4164 10.8172 -74.025655
-15.5545 -17.632 4.3033 -74.032844
-16.8149 -18.3686 5.0193 -74.032754
-18.1535 -17.7371 5.9254 -74.032653
-19.3957 -17.6568 7.1162 -74.03255
-20.6245 -17.4395 8.329 -74.032449
-21.4073 -17.0773 9.8446 -74.032347
-22.3291 -16.4593 11.1562 -74.032247
-23.7986 -16.4039 12.1053 -74.032146
-24.636 -16.4397 13.5353 -74.032045
-26.0492 -16.413 14.4153 -74.031946
-26.5091 -16.6788 16.0866 -74.031845
-27.6416 -17.5424 16.452 -74.031746
-28.9683 -17.6171 17.1518 -74.031648
-30.2529 -16.8642 18.0015 -74.031551
-31.8112 -16.9615 18.7079 -74.031454
-32.7125 -16.0015 17.8716 -74.031357
-33.9732 -15.3124 17.8919 -74.031262
-35.5154 -14.9405 18.541 -74.031166
-36.8148 -15.2621 19.6037 -74.031072
-38.1095 -15.3947 20.6532 -74.030978
-39.3709 -15.3085 20.5665 -74.030885
-39.9084 -15.4165 22.2463 -74.030791
-41.4898 -16.1032 22.568 -74.030701
-43.1935 -16.3081 22.9719 -74.030612
-44.8671 -16.1005 23.426 -74.030524
-46.5874 -16.255 23.8037 -74.030437
-48.2806 -16.146 24.1613 -74.030353
-49.8848 -15.6408 24.6252 -74.03027
-51.569 -15.5809 25.1077 -74.030189
-53.1934 -15.8717 25.7123 -74.030111
-54.8397 -16.0518 26.2602 -74.030035
-56.4663 -15.7486 26.8593 -74.029961
-57.6381 -14.8744 27.7621 -74.02989
-58.8394 -13.7889 28.4214 -74.029823
-60.1932 -13.1386 29.3328 -74.029757
-61.8304 -12.6017 29.6751 -74.029695
-63.5039 -12.1508 29.7076 -74.029636
-64.8861 -11.121 29.4315 -74.02958
-65.5954 -10.0293 28.2627 -74.029528
-66.3587 -9.069 29.1123 -74.029479
-67.3994 -7.9254 29.8988 -74.029433
-68.8854 -7.8686 29.963 -74.029391
-70.5505 -7.352 29.9726 -74.029353
-72.0497 -6.4284 30.0037 -74.029319
-73.5599 -5.5098 29.9785 -74.029288
-74.8786 -4.3323 29.9264 -74.029261
-76.2236 -3.1844 29.9023 -74.029238
-77.2186 -1.7362 29.9278 -74.02922
-78.2778 -0.5048 29.7779 -74.029206
-79.9939 -0.3567 29.5292 -74.029196
-81.6519 -0.1123 29.479 -74.029192
-15.2282 -17.1379 4 -74.032882
-15.8134 -17.8487 4 -74.032875
-16.4306 -18.5318 4 -74.032872
-13.8552 -16.3527 0.6773 -74.03331
-6.8126 -12.9962 0.0714 -74.033825
-5.8684 -15.48 0.0572 -74.033691
-5.4058 -18.0693 0.0621 -74.033521
-4.8048 -20.6622 0.1442 -74.03331
-4.2378 -23.1032 0.3354 -74.033051
-4.2185 -23.3173 3.0099 -74.032634
-4.1991 -23.5292 5.6846 -74.032218
-3.9404 -24.0329 8.0609 -74.031812
-2.9465 -26.4423 7.8893 -74.031404
-2.9898 -29.1239 7.9366 -74.030991
-2.8312 -31.7921 8.079 -74.03057
-2.7737 -34.4658 8.0848 -74.030144
-3.1335 -36.1267 6.8772 -74.029703
-2.9668 -36.5649 4.2354 -74.029255
-3.5563 -38.3842 2.8887 -74.028806
-4.3063 -40.3834 1.497 -74.028349
-4.1208 -42.6459 0.2252 -74.027884
-4.2362 -43.7827 0.8959 -74.027518
-3.8312 -43.4159 2.8085 -74.027263
-3.4263 -43.0492 4.7211 -74.027015
-3.0214 -42.6825 6.6338 -74.026774
-2.6164 -42.3158 8.5464 -74.026541
-2.2115 -41.949 10.459 -74.026315
-1.8006 -41.5642 12.3611 -74.026096
-1.0504 -39.8462 12.7392 -74.025877
0.1758 -38.6585 13.5417 -74.025659
1.5902 -38.0395 13.8599 -74.02544
3.2347 -39.0768 14.2093 -74.025223
3.2862 -40.8715 14.6526 -74.025007
3.0921 -42.2179 15.9515 -74.024792
3.289 -43.8273 17.0278 -74.024578
3.7676 -45.0577 18.3989 -74.024365
5.3853 -45.2551 17.5078 -74.024153
6.4565 -45.5185 16.2146 -74.023939
6.4601 -45.5688 14.2263 -74.023726
7.3041 -46.1013 15.3965 -74.023515
7.7212 -46.6728 17.2551 -74.023304
8.2906 -47.8462 18.7417 -74.023096
8.7291 -49.4862 19.2615 -74.022944
9.1255 -50.9461 19.7272 -74.02285
10.0364 -52.2198 19.9693 -74.022759
10.7133 -53.6545 20.0389 -74.022669
11.8089 -54.3454 19.5071 -74.022581
12.1976 -54.6669 17.9921 -74.022495
13.1099 -54.8336 16.8714 -74.022412
13.5838 -54.6626 15.3738 -74.022325
13.6588 -54.6533 13.7788 -74.02223
13.7337 -54.644 12.1838 -74.022139
13.8087 -54.6347 10.5888 -74.022054
13.8837 -54.6254 8.9938 -74.021974
13.9586 -54.6161 7.3988 -74.0219
14.0336 -54.6068 5.8038 -74.02183
14.1085 -54.5975 4.2088 -74.021765
14.1663 -54.5744 2.6132 -74.021696
14.2206 -54.5486 1.0176 -74.021629
14.2749 -54.5228 -0.5781 -74.021567
14.3293 -54.497 -2.1737 -74.02151
14.3836 -54.4712 -3.7694 -74.021458
14.4379 -54.4454 -5.365 -74.02141
13.7113 -55.8095 -5.5929 -74.021366
13.1825 -57.2536 -6.0072 -74.021325
12.9567 -58.7053 -6.561 -74.021287
12.6682 -60.0281 -7.37 -74.021252
12.3514 -61.5353 -7.7387 -74.02122
11.9771 -63.0578 -7.8716 -74.02119
11.7617 -64.6275 -7.7751 -74.021164
11.4655 -65.9109 -8.3481 -74.02114
11.6675 -66.9063 -9.5712 -74.021119
11.728 -68.3207 -9.6289 -74.021101
11.6975 -68.4625 -8.07 -74.021085
11.4235 -69.5735 -7.0162 -74.021071
11.1196 -70.8404 -6.109 -74.02106
11.0275 -71.8722 -4.9846 -74.021051
11.2426 -73.2528 -4.3725 -74.021043
10.7531 -74.6674 -3.9199 -74.021038
10.425 -76.2016 -3.7062 -74.021033
10.77 -77.7411 -3.6532 -74.02103
11.0786 -79.2552 -3.6604 -74.021028
11.425 -80.7723 -3.755 -74.021027
11.2996 -82.2807 -4.0128 -74.021026
11.9706 -83.6675 -4.3963 -74.021026
12.7118 -84.5829 -3.8154 -74.021026
13.1706 -85.4159 -2.5821 -74.021026
13.3664 -86.853 -1.9391 -74.021027
13.3682 -87.667 -0.8755 -74.021027
8.6263 -48.9248 19.7774 -74.022953
8.971 -49.5407 20.9869 -74.022877
9.2099 -51.0475 20.8184 -74.022804
10.0927 -52.2943 20.5532 -74.022734
10.6868 -53.724 20.4404 -74.022666
11.4461 -54.1517 19.6321 -74.0226
11.5442 -54.2966 18.1881 -74.022536
12.9332 -54.8812 18.406 -74.022476
13.2774 -55.294 19.8309 -74.022417
13.7729 -56.2787 20.5319 -74.022361
14.3885 -57.7019 20.5127 -74.022308
15.16 -59.0485 20.6431 -74.022257
15.6443 -60.0525 21.5504 -74.022209
16.2084 -60.988 22.5631 -74.022163
17.2577 -61.2039 23.519 -74.02212
18.4454 -61.8839 23.9975 -74.02208
19.1422 -63.2514 24.2481 -74.022042
19.671 -63.8624 25.3071 -74.022007
20.2623 -64.3588 26.3522 -74.021974
21.638 -65.0559 26.1487 -74.021944
22.7173 -66.1327 25.8633 -74.021915
23.7256 -67.2733 25.5197 -74.021888
24.6112 -68.47 25.1932 -74.021865
24.9681 -69.954 24.971 -74.021845
24.9964 -70.9802 24.2159 -74.021826
24.9684 -71.117 22.6615 -74.021808
24.9404 -71.2538 21.1072 -74.021793
24.9124 -71.3907 19.5528 -74.02178
24.8648 -71.4567 17.9963 -74.021769
24.9221 -71.7069 16.7213 -74.02176
25.4185 -72.6144 17.5247 -74.021752
25.5779 -72.8182 19.0637 -74.021745
25.6724 -73.1458 20.5059 -74.02174
25.5385 -73.7136 21.7923 -74.021735
25.5469 -73.9336 23.3373 -74.021732
25.5553 -74.1535 24.8823 -74.021729
26.4257 -75.2629 24.9859 -74.021728
26.2037 -76.801 24.991 -74.021726
26.3234 -78.3421 25.0702 -74.021726
-4.7208 -44.7161 -0.023 -74.027579
-5.1299 -46.1818 0.6944 -74.027439
-5.3697 -46.9913 2.259 -74.0273
-5.7718 -48.0995 3.5791 -74.027162
-6.3113 -49.4357 4.5711 -74.027025
-6.1052 -51.0319 5.3148 -74.026889
-5.9754 -52.7323 5.8136 -74.026753
-5.3005 -54.3124 6.0843 -74.026618
-5.5666 -55.9139 6.2159 -74.026483
-6.3626 -57.4622 6.4728 -74.026349
-7.4327 -58.7683 6.9386 -74.026215
-8.3123 -60.0607 7.6969 -74.026082
-9.2075 -61.5771 7.5449 -74.025949
-10.0182 -63.1512 7.7642 -74.025818
-10.4982 -64.8336 7.9938 -74.025687
-11.098 -66.494 8.2496 -74.025556
-11.5795 -68.0917 8.8213 -74.025426
-11.4778 -69.48 9.814 -74.025297
-11.3768 -70.9824 10.6772 -74.025169
-11.1615 -72.6665 10.9417 -74.025042
-11.9531 -74.0675 10.3517 -74.024915
-12.2253 -75.2856 9.1163 -74.02479
-12.386 -76.5528 7.8889 -74.024666
-12.4919 -77.8973 6.8778 -74.024543
-12.6418 -79.6702 6.7282 -74.024422
-12.8923 -81.2283 7.3625 -74.024302
-13.0636 -82.0267 8.8276 -74.024182
-12.8375 -83.2389 8.8894 -74.024065
-12.4716 -84.694 8.0205 -74.02395
-12.6797 -85.5671 7.0599 -74.023837
-12.5183 -84.1321 6.1622 -74.023724
-12.5292 -84.0813 7.3739 -74.023614
-11.895 -85.6688 7.8198 -74.023506
-11.5229 -87.2946 8.4116 -74.0234
-10.3324 -88.1124 9.2259 -74.023297
-10.675 -89.8262 9.467 -74.023197
-11.2148 -91.4903 9.7261 -74.023099
-11.4919 -93.2205 9.9224 -74.023005
-11.8689 -94.9605 9.9938 -74.022914
-12.2215 -96.7085 9.9892 -74.022826
-12.5548 -98.4528 9.9031 -74.022741
-13.101 -100.1246 9.6027 -74.02266
-13.6123 -101.6942 9.0552 -74.022583
-14.5178 -102.8115 8.0351 -74.022509
-14.732 -103.8321 6.6289 -74.022439
-14.736 -104.949 5.3416 -74.022372
-14.7897 -105.5564 3.6632 -74.022309
-14.9175 -106.1934 2.0059 -74.022251
-14.8119 -107.3154 0.66 -74.022196
-14.3904 -108.3157 -0.7477 -74.022146
-14.0768 -109.6227 -1.5126 -74.0221
-14.1581 -111.3783 -1.2027 -74.022058
-14.4574 -112.7137 -0.3129 -74.02202
-14.5581 -113.8268 1.0481 -74.021985
-14.5629 -114.7419 2.5821 -74.021955
-14.3372 -115.8187 3.9677 -74.021927
-14.0073 -116.8255 5.38 -74.021904
-13.5104 -118.0936 6.4955 -74.021883
-13.0668 -119.695 6.5246 -74.021865
-12.4966 -121.0534 5.5568 -74.02185
-12.0851 -122.6625 5.1356 -74.021838
-12.5004 -124.2153 4.474 -74.021827
-12.6759 -125.9354 4.076 -74.021819
-13.0189 -127.5669 3.9008 -74.021813
-13.6129 -129.2115 3.7998 -74.021807
-14.5095 -130.7248 3.617 -74.021804
-15.1909 -132.314 3.2206 -74.021801
-16.0458 -133.6469 2.4524 -74.021799
-17.0046 -135.0632 2.0492 -74.021798
-3.6471 -8.0538 -0.0157 -74.033983
-1.3228 -8.9468 -0.0471 -74.033881
0.9314 -9.9936 -0.0832 -74.033772
2.6625 -11.7633 -0.1495 -74.033639
3.884 -13.4015 -0.8686 -74.033431
4.2751 -14.1359 -3.2157 -74.032972
4.6663 -14.8703 -5.5627 -74.032524
5.0575 -15.6047 -7.9097 -74.032084
5.4487 -16.3392 -10.2567 -74.031653
5.5082 -15.6747 -11.481 -74.031332
5.7528 -14.1284 -10.9972 -74.031137
5.1317 -14.013 -9.0503 -74.030939
5.6382 -14.026 -8.2186 -74.030731
7.6439 -14.2766 -7.8039 -74.030522
9.6042 -14.0356 -7.3728 -74.030319
11.4824 -13.5321 -6.7322 -74.030113
12.4397 -13.1153 -5.3274 -74.029905
13.1732 -12.7275 -3.4442 -74.029693
14.0029 -12.5015 -1.5695 -74.029479
14.9232 -12.6143 0.2611 -74.029264
16.0509 -12.8503 1.9217 -74.029047
17.2291 -12.7352 3.6117 -74.028826
18.6969 -13.072 4.9744 -74.028607
20.4387 -12.843 5.9867 -74.028387
22.2399 -12.9948 6.2182 -74.028228
23.7688 -13.3762 5.9788 -74.028135
25.0057 -12.6222 5.3936 -74.028042
26.3571 -12.2571 4.8087 -74.027951
27.8738 -11.9691 4.5669 -74.027861
29.2461 -11.1445 4.4391 -74.027773
30.8012 -10.7714 4.3716 -74.027686
32.3851 -10.5715 4.2891 -74.0276
33.2233 -10.1298 4.9983 -74.027515
34.0663 -9.8024 5.9221 -74.027433
35.5597 -9.845 6.5062 -74.027352
36.9026 -9.7278 7.2501 -74.027272
38.2463 -9.5474 7.9246 -74.027195
39.7277 -9.1425 8.3952 -74.027119
41.1759 -8.7377 8.951 -74.027046
42.5633 -8.3419 9.5488 -74.026975
43.7337 -8.1277 8.583 -74.026905
45.1311 -8.0308 7.9631 -74.026839
46.5242 -8.3092 7.3517 -74.026774
47.4104 -8.3281 6.0274 -74.026712
48.547 -8.1523 4.9694 -74.026653
50.1277 -8.0481 4.8161 -74.026597
51.0302 -8.412 5.9293 -74.026542
52.4231 -8.5023 6.17 -74.026491
53.895 -8.5955 6.6905 -74.026442
54.9911 -8.7652 7.7616 -74.026397
56.4893 -8.9904 7.679 -74.026354
57.587 -10.1308 7.9043 -74.026314
59.0801 -10.6364 8.1455 -74.026277
60.6014 -11.0022 8.4608 -74.026244
61.9959 -11.5958 8.0265 -74.026213
62.9752 -11.9724 7.058 -74.026185
63.4644 -12.0743 5.5381 -74.026159
64.0395 -11.9612 4.047 -74.026136
64.4337 -11.9546 2.4888 -74.026116
64.823 -11.932 0.9297 -74.026099
65.2041 -11.8836 -0.6309 -74.026084
65.5558 -11.8356 -2.1985 -74.026073
65.8976 -11.7879 -3.7682 -74.026064
66.4194 -11.7876 -5.282 -74.026058
66.4944 -12.5596 -6.6605 -74.026055
21.8035 -12.9643 5.5087 -74.028213
22.2928 -12.8975 4.0421 -74.028091
22.782 -12.8307 2.5755 -74.027976
23.2713 -12.7639 1.1089 -74.027866
23.7606 -12.6971 -0.3578 -74.027761
24.2499 -12.6303 -1.8244 -74.027662
24.7391 -12.5635 -3.291 -74.027568
25.2284 -12.4967 -4.7576 -74.02748
25.7177 -12.4299 -6.2242 -74.027396
26.2069 -12.363 -7.6908 -74.027317
26.8935 -12.3131 -8.9994 -74.027243
27.9931 -12.1349 -10.0456 -74.027171
29.4155 -12.0244 -10.5719 -74.027101
30.9321 -12.139 -10.7879 -74.027033
32.4337 -12.4908 -10.7732 -74.026967
33.7283 -13.0404 -10.3346 -74.026904
34.9591 -13.7394 -9.781 -74.026843
36.3049 -14.3754 -9.3611 -74.026784
37.7863 -14.4064 -8.971 -74.026726
38.9765 -14.4204 -8.3072 -74.026672
39.509 -14.5028 -6.8771 -74.026619
40.803 -14.1184 -7.3333 -74.026571
42.1172 -13.7343 -7.9502 -74.026524
43.481 -14.2451 -8.4653 -74.026481
44.8322 -14.6862 -9.0455 -74.02644
46.2199 -15.1571 -9.5418 -74.026402
47.4998 -15.7968 -10.1041 -74.026367
48.4919 -16.341 -10.9949 -74.026334
49.2648 -16.5571 -12.2212 -74.026304
50.6437 -17.0063 -12.5265 -74.026277
52.1626 -17.2199 -12.7123 -74.026253
53.5098 -17.9199 -12.5815 -74.026231
54.8261 -18.5114 -12.0649 -74.026212
56.0144 -19.3898 -11.6485 -74.026196
57.1511 -20.3793 -11.2981 -74.026182
58.5784 -20.83 -11.009 -74.026171
59.5198 -21.3446 -11.6244 -74.026162
59.9152 -21.5013 -13.1121 -74.026157
60.3293 -21.6363 -14.5919 -74.026154
5.542 -17.4481 -11.9734 -74.031361
5.2752 -19.0549 -12.8511 -74.031227
4.5319 -20.5356 -13.6308 -74.031093
4.2842 -21.2679 -12.1504 -74.030957
4.5234 -21.5541 -11.2061 -74.030823
5.0916 -22.5097 -9.9139 -74.030688
5.6355 -23.6108 -8.5295 -74.030553
6.4022 -24.9693 -7.5369 -74.030418
6.6335 -26.3097 -6.3211 -74.030284
7.1852 -27.3717 -7.4784 -74.030148
7.7638 -28.2275 -9.037 -74.030012
9.1599 -28.8455 -10.0123 -74.029878
10.2945 -29.4271 -11.2255 -74.029743
12.0307 -29.9265 -10.7637 -74.029609
13.7255 -30.5864 -10.4924 -74.029474
15.1918 -31.515 -11.0288 -74.02934
16.7178 -31.6949 -12.0524 -74.029205
18.2188 -31.9125 -13.1144 -74.029071
19.9511 -32.1969 -13.7295 -74.028936
21.5074 -33.0418 -14.1745 -74.028798
22.8543 -34.2615 -14.6414 -74.028659
24.0059 -35.5947 -15.1729 -74.028525
24.5296 -37.1036 -15.7174 -74.028392
24.7232 -37.5624 -17.5262 -74.028258
25.1008 -38.2263 -19.2142 -74.028125
26.3789 -39.4506 -19.5884 -74.027994
28.1291 -39.8596 -20.0602 -74.027864
29.3513 -39.6098 -21.3429 -74.027735
30.6809 -38.9744 -22.3478 -74.027607
31.8544 -39.4408 -23.699 -74.02748
32.7072 -40.1312 -24.5207 -74.027355
34.1875 -40.0661 -24.2388 -74.027231
35.3747 -39.954 -25.6606 -74.027108
36.0556 -40.1808 -27.3735 -74.026986
37.1117 -40.5409 -28.8636 -74.026867
37.9499 -40.8975 -30.5002 -74.02675
38.8019 -40.6861 -32.1277 -74.026635
39.8174 -40.5169 -33.6425 -74.026524
40.8901 -40.7217 -35.068 -74.026415
42.5305 -41.61 -35.2384 -74.026309
44.3755 -41.8861 -35.4176 -74.026207
45.9871 -42.2694 -36.0731 -74.026107
47.4878 -43.2765 -36.1873 -74.026009
49.3319 -43.6209 -36.2065 -74.025913
51.1887 -43.712 -36.2324 -74.025823
53.0372 -43.4731 -36.3042 -74.025738
54.8899 -43.6769 -36.497 -74.025657
56.6959 -43.5991 -36.9065 -74.025579
58.2639 -44.1277 -37.6876 -74.025506
59.5341 -44.5902 -38.7803 -74.025436
60.5988 -45.0677 -39.8571 -74.025372
61.8729 -46.2433 -40.1922 -74.025311
63.3313 -46.5896 -41.0735 -74.025255
64.0217 -46.6763 -42.7931 -74.025203
64.5704 -46.7494 -44.583 -74.025155
64.8703 -46.6711 -46.4334 -74.02511
65.1687 -46.5915 -48.2839 -74.02507
65.5964 -46.5388 -50.1097 -74.025035
65.7108 -46.4215 -51.9702 -74.025001
65.6981 -46.2783 -53.8407 -74.024971
65.6854 -46.1351 -55.7113 -74.024946
65.6727 -45.9919 -57.5819 -74.024926
65.7296 -45.7497 -59.4403 -74.024908
65.8135 -45.4694 -61.2934 -74.024895
66.0243 -45.0935 -63.1166 -74.024885
66.1717 -44.6856 -64.9394 -74.024878
66.3305 -44.1781 -66.4646 -74.024875
5.6517 -16.7814 -12.2027 -74.031287
5.689 -16.9607 -13.7308 -74.031011
5.7263 -17.14 -15.259 -74.030743
5.7636 -17.3194 -16.7872 -74.030484
5.8009 -17.4987 -18.3154 -74.030232
5.8383 -17.678 -19.8436 -74.029989
5.8756 -17.8574 -21.3717 -74.029754
5.9129 -18.0367 -22.8999 -74.029527
5.9502 -18.216 -24.4281 -74.029308
5.9875 -18.3954 -25.9563 -74.029098
6.0248 -18.5747 -27.4845 -74.028895
6.0621 -18.754 -29.0126 -74.028701
6.0994 -18.9334 -30.5408 -74.028514
6.1367 -19.1127 -32.069 -74.028336
6.1741 -19.292 -33.5972 -74.028165
6.2114 -19.4714 -35.1254 -74.028002
6.2487 -19.6507 -36.6536 -74.027846
6.286 -19.83 -38.1817 -74.027698
6.3233 -20.0094 -39.7099 -74.027556
6.3606 -20.1887 -41.2381 -74.027422
6.3979 -20.368 -42.7663 -74.027295
6.4352 -20.5474 -44.2945 -74.027175
6.4725 -20.7267 -45.8226 -74.027062
6.5099 -20.906 -47.3508 -74.026955
6.5472 -21.0854 -48.879 -74.026854
6.5845 -21.2647 -50.4072 -74.02676
6.6218 -21.444 -51.9354 -74.026671
6.6591 -21.6234 -53.4635 -74.026588
6.6964 -21.8027 -54.9917 -74.026511
6.7337 -21.982 -56.5199 -74.026439
6.771 -22.1614 -58.0481 -74.026372
6.8083 -22.3407 -59.5763 -74.02631
6.8457 -22.52 -61.1045 -74.026253
6.883 -22.6994 -62.6326 -74.026201
6.9394 -22.8766 -64.1572 -74.026153
8.1498 -22.8799 -64.1006 -74.026108
8.9886 -23.516 -62.989 -74.026066
9.9314 -24.3205 -62.1091 -74.026026
10.5435 -25.411 -61.3105 -74.025988
11.1641 -26.7642 -60.9602 -74.025953
11.7371 -28.177 -61.0516 -74.025921
12.2468 -29.4991 -61.4619 -74.025891
12.6299 -30.7915 -61.1111 -74.025863
13.0367 -32.212 -60.6823 -74.025838
13.4206 -33.6473 -60.2909 -74.025815
13.672 -35.0666 -59.8345 -74.025795
13.7802 -36.5811 -60.0484 -74.025777
13.7177 -38.0731 -60.4184 -74.025762
13.5658 -39.5761 -60.7091 -74.025749
13.3014 -41.0704 -60.6511 -74.025738
13.3571 -42.0105 -59.4467 -74.02573
13.5377 -43.0476 -58.3404 -74.025725
13.6333 -44.0606 -57.3331 -74.025722
-2.4565 -0.91 0.0523 -74.035403
-2.8293 2.667 0.2464 -74.036769
-3.0866 6.216 0.7208 -74.038172
-2.2413 9.6979 1.5153 -74.039618
-0.7404 12.7593 0.9662 -74.041098
0.227 15.8879 -1.0884 -74.042664
0.5524 20.1154 -1.9386 -74.044327
0.4575 24.418 -2.5408 -74.046053
0.4389 27.3767 -5.5178 -74.047849
-0.013 29.9656 -8.7108 -74.049719
-0.1419 14.3216 0.264 -74.0419
0.8616 14.8245 1.2959 -74.042431
2.5303 15.409 3.4469 -74.043442
5.0961 15.9466 3.8822 -74.044514
7.8356 16.5695 3.9069 -74.045656
10.5566 17.2922 4.0994 -74.04686
13.2701 17.9524 4.5537 -74.04814
15.8121 18.8134 4.7988 -74.049499
17.2134 19.7132 4.344 -74.050487
17.5574 19.3689 4.0634 -74.050402
-0.9274 14.3109 0.2417 -74.041859
-2.5488 14.1754 0.0246 -74.041709
-4.1702 14.04 -0.1925 -74.041577
-5.6969 13.9854 -0.1496 -74.041462
-6.0083 14.0245 0.9686 -74.04136
-4.7591 13.8534 0.1003 -74.04127
-4.5248 13.8442 -1.5168 -74.041173
-4.3735 13.8457 -3.1513 -74.041096
-4.2222 13.8471 -4.7858 -74.04104
-4.0708 13.8486 -6.4202 -74.041007
-3.7648 13.9278 -8.018 -74.040996
-3.1571 14.1597 -9.5252 -74.041009
-2.5409 14.9686 -10.6984 -74.041051
-0.6612 32.5013 -8.9792 -74.05091
-1.3441 34.6869 -8.6538 -74.051764
-2.5162 37.7967 -7.959 -74.053035
-4.0883 40.798 -9.2426 -74.054326
-6.1771 43.4321 -10.5669 -74.055636
-7.4526 45.9637 -12.4793 -74.056967
-8.199 48.9959 -14.3148 -74.058332
-8.488 52.2581 -16.0262 -74.059732
-8.9751 55.6713 -17.3793 -74.061153
-8.9724 59.3456 -17.9864 -74.062593
-8.8355 62.9598 -18.9326 -74.064053
-8.1651 65.7964 -21.101 -74.065535
-8.071 69.4931 -21.2598 -74.067035
-8.0725 72.7987 -19.5494 -74.068371
-8.8931 75.9303 -20.6534 -74.069371
-9.8467 77.8663 -22.8286 -74.070218
-10.916 79.9845 -24.8489 -74.071069
-11.8107 82.572 -26.461 -74.07195
-13.9622 85.1541 -28.0376 -74.072855
-15.428 87.4195 -30.0798 -74.073764
-16.2874 89.1284 -32.8169 -74.074492
-17.1302 91.8068 -33.4334 -74.075037
-16.6579 94.7355 -33.3269 -74.075577
-16.2793 97.4317 -32.2507 -74.076111
-16.0966 100.3779 -31.8618 -74.076639
-15.6048 103.2146 -31.8672 -74.077031
-15.0646 104.6984 -30.0846 -74.077275
-14.4099 106.6313 -31.3901 -74.077495
-13.9013 109.3975 -31.7321 -74.077692
-13.1382 112.1018 -31.8855 -74.077864
-12.0288 114.6912 -32.2205 -74.07801
-9.9615 116.491 -32.7147 -74.078128
-8.3964 118.5551 -33.6954 -74.078217
-7.0441 120.3709 -35.2413 -74.078276
-16.3107 103.1222 -31.2609 -74.077773
-17.0106 105.6108 -30.0258 -74.079489
-17.7104 108.0993 -28.7907 -74.081171
-18.4103 110.5878 -27.5556 -74.08282
-19.1321 113.0846 -26.3544 -74.084434
-20.0839 115.6275 -25.7828 -74.086034
-21.6544 117.8269 -26.4818 -74.08763
-22.4041 120.0541 -28.0006 -74.089225
-23.8204 121.9956 -29.2918 -74.090813
-16.2837 88.4956 -30.6847 -74.075344
-16.9057 88.45 -28.8674 -74.077574
-17.5277 88.4044 -27.0501 -74.079779
-18.1496 88.3588 -25.2328 -74.081958
-18.7716 88.3131 -23.4155 -74.084111
-19.3936 88.2675 -21.5982 -74.086236
-20.0155 88.2219 -19.7808 -74.088335
-20.6375 88.1763 -17.9635 -74.090406
-21.2595 88.1307 -16.1462 -74.092449
-21.8814 88.0851 -14.3289 -74.094463
-22.5034 88.0394 -12.5116 -74.096449
-23.1253 87.9938 -10.6943 -74.098405
-23.7473 87.9482 -8.8769 -74.100331
-24.3693 87.9026 -7.0596 -74.102227
-24.9912 87.857 -5.2423 -74.104092
-25.6132 87.8114 -3.425 -74.105925
-26.2352 87.7657 -1.6077 -74.107727
-26.8571 87.7201 0.2096 -74.109496
-27.4791 87.6745 2.0269 -74.111232
-28.1011 87.6289 3.8443 -74.112935
-28.723 87.5833 5.6616 -74.114604
-10.6474 82.0467 -25.97 -74.072006
-9.8973 83.5702 -26.7997 -74.073016
-8.9166 84.4636 -28.1497 -74.074037
-7.9416 85.635 -29.2349 -74.07507
-6.7633 86.7616 -30.2244 -74.07611
-5.9934 87.8877 -31.5 -74.077161
-4.805 89.0805 -31.9871 -74.078221
-4.0074 90.0975 -33.2964 -74.079297
-3.642 91.5318 -34.1524 -74.080376
-3.5504 92.2381 -35.0395 -74.081465
-2.6112 93.3175 -34.37 -74.082565
-1.4138 94.7914 -34.5426 -74.083666
-0.1697 96.0984 -35.117 -74.084775
0.8889 97.112 -35.3375 -74.08589
1.8787 97.6218 -33.8386 -74.087012
3.297 98.6527 -34.2066 -74.088131
4.478 100.1526 -34.2331 -74.089249
5.7259 101.6013 -34.2783 -74.090371
6.9236 103.076 -34.3329 -74.091489
8.2378 104.4594 -34.2789 -74.092605
9.708 105.6324 -34.1824 -74.093714
11.0242 106.9149 -34.1788 -74.09482
12.03 108.5293 -34.2938 -74.095918
12.8387 110.237 -34.4028 -74.097007
13.6986 111.9172 -34.2947 -74.098085
14.9808 113.3035 -34.0183 -74.099149
16.3534 114.5382 -33.5266 -74.100198
-8.0122 74.6652 -19.0128 -74.069427
-7.3733 74.7434 -17.1393 -74.070366
-6.2129 74.8717 -15.5661 -74.071307
-4.6588 75.1485 -14.4836 -74.072255
-2.9313 75.2005 -13.5318 -74.073214
-1.1908 75.5548 -14.025 -74.074184
0.2492 75.4182 -15.2751 -74.075166
1.6994 75.2949 -16.4498 -74.076155
3.456 75.8724 -16.5978 -74.077154
4.909 77.061 -16.0201 -74.078162
6.3489 78.0205 -15.2054 -74.079177
7.6777 78.1558 -16.557 -74.080206
9.1932 78.8939 -17.1669 -74.081238
10.3243 80.3116 -17.9293 -74.082276
11.8031 81.2429 -18.8099 -74.083317
13.3202 82.0201 -19.7154 -74.084363
14.672 82.8734 -20.8357 -74.085411
15.8195 84.0369 -21.4716 -74.086459
17.3968 85.0052 -21.5241 -74.087508
19.1523 85.9091 -21.6233 -74.088556
20.835 86.8367 -21.5731 -74.089602
22.3782 87.6805 -22.4819 -74.090646
23.6336 88.6822 -23.6145 -74.091684
25.3121 89.236 -24.4178 -74.092714
26.9271 90.1776 -25.069 -74.093758
28.5711 91.1435 -25.6063 -74.094802
30.1849 92.1759 -26.0934 -74.095806
31.906 93.0582 -26.3886 -74.09679
33.349 94.3802 -26.2354 -74.097757
34.682 95.7638 -25.7885 -74.098704
36.0698 96.9946 -25.1164 -74.09963
-9.1332 71.1226 -19.9391 -74.068961
-11.2049 71.3971 -19.3463 -74.071288
-12.2503 72.1505 -17.4371 -74.073667
-13.2771 72.9723 -16.3017 -74.076094
-15.0629 74.4381 -16.0237 -74.078566
-17.1889 75.3374 -15.9102 -74.081094
-18.7708 76.7954 -16.5998 -74.083676
-20.2396 77.7578 -18.0502 -74.086318
-21.4318 79.2493 -19.3169 -74.089012
-22.4493 80.8848 -20.0685 -74.091055
-23.644 82.5321 -19.9209 -74.092412
-25.2693 83.8199 -19.7197 -74.093783
-26.4282 85.5474 -19.5741 -74.095172
-27.4271 87.2915 -19.7394 -74.096581
-28.2555 88.0894 -18.5764 -74.09802
-28.4362 88.7812 -16.6121 -74.099482
-28.7184 89.4709 -14.6555 -74.100947
-28.5952 90.5234 -12.9306 -74.102422
-28.0087 92.2281 -11.8717 -74.10391
-28.1824 93.3344 -10.523 -74.105417
-28.881 94.9101 -9.3484 -74.106939
-29.1637 96.6406 -8.2343 -74.108472
-29.7507 98.589 -7.8416 -74.110018
-31.2546 100.014 -7.7767 -74.111577
-32.9856 101.1833 -7.8435 -74.113143
-34.438 102.6859 -7.93 -74.114724
-35.8645 104.1959 -8.077 -74.116313
-37.7492 105.0636 -8.2888 -74.11791
-39.7252 105.5106 -8.4883 -74.119518
-41.4274 106.5542 -8.4275 -74.121138
-22.5697 79.9845 -21.0657 -74.091154
-23.5049 79.5868 -23.0086 -74.092552
-24.7357 79.2357 -23.1851 -74.093822
-26.0186 79.7983 -22.2548 -74.095104
-27.6912 80.6895 -21.9109 -74.096398
-29.3246 81.7314 -21.4655 -74.097706
-31.1306 82.4861 -21.4143 -74.099025
-32.9071 83.2024 -21.5235 -74.100361
-34.8537 83.2248 -21.3716 -74.101709
-36.6622 83.819 -20.8419 -74.103071
-38.0322 83.5029 -19.5874 -74.104449
-39.4902 83.5562 -18.2934 -74.105837
-40.9141 84.0358 -17.0459 -74.107236
-42.4783 85.0996 -16.5078 -74.108643
-44.0118 86.2891 -16.2793 -74.110059
-45.0805 86.8165 -17.3328 -74.111513
-45.3985 87.0849 -19.2874 -74.112966
-46.0085 87.5938 -21.1008 -74.114431
-46.5256 87.8633 -23.0125 -74.115902
-47.0124 88.1443 -24.9307 -74.117381
-48.0466 88.8001 -25.8124 -74.118846
-49.3531 89.8139 -24.8517 -74.120316
-23.4169 79.5945 -22.041 -74.091919
-7.4755 47.1812 -14.128 -74.057745
-6.6397 46.9581 -15.442 -74.057947
-6.0885 47.0624 -16.854 -74.058143
-5.6785 47.4504 -18.3124 -74.058337
-5.0375 48.1975 -19.4234 -74.058527
-4.9376 48.8586 -20.8471 -74.058714
-4.8994 49.5688 -22.2208 -74.058897
-4.8067 50.8524 -23.1201 -74.059073
-4.348 52.1399 -23.896 -74.059251
-3.8636 53.4258 -24.6617 -74.059415
-3.2759 54.7308 -25.2965 -74.059565
-2.6137 56.0992 -25.6637 -74.059703
-1.9972 57.5231 -25.7699 -74.05983
-0.7472 58.4335 -25.8246 -74.059944
0.1834 59.5702 -25.9895 -74.060043
1.0556 60.8294 -26.3063 -74.060126
1.4265 62.1744 -26.9168 -74.06019
1.2466 63.3678 -27.9187 -74.060235
0.8615 64.5278 -28.8693 -74.060258
-1.2039 34.2315 -8.7378 -74.052017
-2.1645 36.692 -8.3921 -74.053794
-3.11 39.1845 -8.3928 -74.055612
-3.9026 40.3411 -6.7187 -74.057478
-4.4638 40.8393 -4.1593 -74.059396
-5.2514 41.2336 -1.6507 -74.06136
-6.4986 41.3875 0.6577 -74.063368
-6.9016 41.3668 3.1344 -74.065438
-8.3244 41.1475 5.0228 -74.067539
-9.0777 42.2825 6.6587 -74.069461
-10.4818 44.1286 6.7312 -74.071189
-12.0542 45.877 6.472 -74.072953
-13.7926 47.4551 6.7415 -74.074755
-14.3287 48.7274 8.6097 -74.076601
-14.2892 50.0448 10.5825 -74.078481
-14.3831 52.2013 11.5125 -74.080397
-15.4653 54.1641 11.5993 -74.08235
-15.9872 56.1264 10.7348 -74.084345
-15.9935 58.493 10.4465 -74.086378
-16.6674 59.2873 8.5547 -74.088464
-17.4698 59.7595 6.3608 -74.090589
-17.8092 61.9411 6.2291 -74.092746
-19.8136 62.8997 6.5069 -74.094953
-21.3274 63.1601 7.9551 -74.097213
-22.8218 64.0013 9.1439 -74.099141
-24.7396 64.6596 9.7419 -74.10072
-25.9313 65.6939 8.2209 -74.102325
-27.3521 67.091 7.1443 -74.103957
-27.8515 68.7801 5.7356 -74.105614
-28.9706 70.1238 4.2552 -74.107294
-29.8302 71.1977 2.3661 -74.109002
-30.5772 72.9481 2.3143 -74.110736
-31.2511 73.9836 4.3225 -74.112494
-31.8836 74.7971 6.3519 -74.11428
-33.4979 76.3178 6.0157 -74.11608
-35.3494 77.7054 5.6794 -74.117903
-36.2359 77.7987 3.4859 -74.119761
-36.823 78.2142 1.2302 -74.121643
-37.2962 78.8752 -1.0041 -74.123546
-38.0777 79.5243 -3.1351 -74.12546
-38.5828 79.8578 -5.4262 -74.127408
-40.1286 80.7679 -6.86 -74.129362
-41.8887 81.3717 -5.9333 -74.131339
-43.201 81.2826 -4.0378 -74.133344
-44.3102 81.7185 -2.0187 -74.135361
-23.2557 64.0561 8.131 -74.09887
-24.9649 64.9635 8.1844 -74.099905
-26.0616 65.9005 8.9001 -74.100975
-26.305 66.1448 10.8713 -74.102065
-26.4364 66.2766 12.8582 -74.103148
-26.7662 66.3845 14.8041 -74.104241
-28.2543 66.3369 15.7942 -74.105341
-29.7596 66.2207 16.7645 -74.106458
-29.8152 66.2528 18.7633 -74.107586
-30.2709 66.9957 19.6957 -74.108723
-31.7156 67.9135 20.4594 -74.109877
-32.1409 69.5247 21.5115 -74.11104
-33.0427 71.1208 22.2483 -74.112208
-33.7682 72.7602 23.0868 -74.113384
-34.714 74.4169 23.6586 -74.114564
-35.5114 76.0162 24.4887 -74.11575
-35.8784 77.7991 25.2812 -74.116942
-36.6919 79.4931 25.9091 -74.118138
-37.5921 81.2366 26.1638 -74.119333
-37.9648 82.9348 26.6532 -74.120536
-38.1232 84.1537 28.0096 -74.121734
-37.4894 85.6297 29.04 -74.12293
-37.0034 87.4849 29.1485 -74.124122
-36.7841 89.4485 29.2879 -74.125348
-36.3959 91.4052 29.448 -74.126564
-9.6387 41.5186 6.3846 -74.068861
-11.2133 41.8239 6.3128 -74.069365
-12.0979 42.4791 4.8865 -74.069882
-13.2557 43.35 3.9751 -74.070406
-14.2423 43.577 2.4577 -74.070939
-15.3556 43.71 1.0276 -74.071479
-15.9894 44.5732 -0.4476 -74.072028
-16.6871 45.12 -2.0478 -74.072583
-17.7188 45.8368 -3.2857 -74.073147
-18.5783 46.8498 -4.5254 -74.073717
-19.9074 47.2662 -5.6939 -74.074292
-21.5852 47.5437 -6.3542 -74.074871
-22.9761 48.6597 -6.3259 -74.075453
-24.3563 49.8697 -6.2079 -74.076039
-25.8552 50.8966 -6.0169 -74.076626
-27.0962 51.9486 -5.4199 -74.077218
-27.9482 52.3876 -3.9646 -74.077813
-29.654 52.5789 -3.9322 -74.078405
-30.6445 52.9077 -5.3714 -74.078997
-32.0441 53.5066 -6.2656 -74.079586
-33.4656 54.634 -6.5349 -74.080171
-34.9544 55.5474 -7.0531 -74.08075
-36.2819 56.6634 -7.6004 -74.081322
-37.6486 57.8611 -7.7756 -74.081887
-38.5034 59.4777 -7.6459 -74.082442
-39.3718 61.0534 -7.2838 -74.082983
-40.2991 62.551 -6.7638 -74.08351
-41.2384 64.045 -6.261 -74.084021
-41.8614 65.6914 -5.7694 -74.084513
-42.4591 67.2851 -5.1652 -74.084985
-43.3383 68.5969 -4.4191 -74.085434
-44.4522 70.0317 -4.1392 -74.085855
-45.5063 71.5345 -4.0501 -74.086248
-46.5569 73.035 -4.1531 -74.08661
-47.8716 74.2263 -4.5515 -74.086937
-48.8625 75.1738 -5.5759 -74.087227
-49.2408 75.7623 -7.2733 -74.087479
-49.4584 77.0985 -8.4631 -74.087685
-49.9501 78.752 -8.946 -74.087846
-51.026 79.8745 -9.2484 -74.087956
-51.28 79.9424 -10.8927 -74.088014
17.7044 20.951 4.9703 -74.051041
18.2015 22.2043 5.6044 -74.0516
18.6985 23.4577 6.2386 -74.052155
19.0912 25.152 6.8819 -74.052856
19.429 27.2733 6.757 -74.053717
20.0937 28.9393 5.4586 -74.054596
20.5192 30.5261 4.0181 -74.055493
21.7848 31.8769 2.8501 -74.056411
22.0977 33.1829 1.0434 -74.05735
23.2662 34.71 0.0406 -74.058304
23.7528 35.2305 -1.9989 -74.059282
24.4415 36.3316 -0.4475 -74.060282
25.2156 37.3871 1.3732 -74.061301
25.5431 38.1412 3.4507 -74.062343
26.3109 39.4951 5.0553 -74.063399
27.3125 40.7429 3.9319 -74.064477
27.6125 41.5008 5.9749 -74.065582
27.8649 42.4672 7.8245 -74.066705
28.5761 44.0126 9.106 -74.067845
29.3017 45.8785 9.8466 -74.069002
29.8444 47.4239 10.9837 -74.070188
29.8427 48.4745 12.9418 -74.071389
30.4043 50.5089 13.6559 -74.072607
32.2661 51.6774 14.0416 -74.073846
33.7432 53.3643 13.9508 -74.075104
35.3704 54.8773 13.6311 -74.076382
36.404 56.7929 13.1328 -74.077679
37.9566 57.9008 12.228 -74.078992
39.1636 59.6692 11.6914 -74.080326
40.7811 61.2139 11.412 -74.081678
42.5407 62.5144 11.7504 -74.083045
43.9242 63.8221 12.81 -74.084432
45.3908 65.165 13.6376 -74.085834
45.9271 67.2097 14.1714 -74.087247
46.6355 69.1359 14.3788 -74.088676
48.3635 70.1089 14.8857 -74.09012
49.6569 71.9103 15.1633 -74.091604
50.9513 73.7475 15.4455 -74.093102
52.8054 74.9337 15.6383 -74.094582
54.7263 75.5702 15.6827 -74.096071
56.0864 76.9982 15.657 -74.09757
57.1449 78.0802 14.4904 -74.099084
58.894 79.349 14.0314 -74.1006
60.9129 80.2627 14.3307 -74.102121
62.6887 81.5896 14.007 -74.103649
64.1912 82.1373 14.8133 -74.105188
65.3934 82.3955 16.5144 -74.106727
66.9021 83.2776 17.6975 -74.10826
67.4164 84.9808 18.6495 -74.10979
68.0681 86.9646 19.2519 -74.11131
18.9087 24.0362 7.1126 -74.052435
19.1476 18.9083 3.9431 -74.050847
20.9905 18.3979 3.8423 -74.051361
22.9152 18.2333 3.6481 -74.051886
24.7758 17.8958 3.3306 -74.05242
26.5871 18.0132 3.1308 -74.052966
28.3023 18.6484 3.6845 -74.053524
29.9424 18.8206 4.6508 -74.054093
31.2866 18.6601 5.9911 -74.054676
32.7096 18.1098 7.1234 -74.05527
34.1103 16.8391 7.543 -74.055874
35.4164 15.4177 7.7072 -74.056492
36.5618 14.0174 7.4707 -74.057121
38.0589 13.6462 6.35 -74.057761
39.8047 13.3092 5.8907 -74.058413
41.5119 12.7068 5.2455 -74.059076
42.8693 12.0614 4.0202 -74.059753
44.4573 11.3345 3.2295 -74.06044
45.9294 10.8303 2.4767 -74.06114
47.1014 10.1377 3.6205 -74.061849
48.3849 9.3089 4.6779 -74.062567
49.394 9.6773 6.2389 -74.0633
50.6478 10.0528 7.6185 -74.064041
51.9327 9.8336 9.0023 -74.06479
53.4883 10.1208 10.104 -74.065547
55.2334 9.8227 9.9071 -74.066311
57.0597 9.924 9.3135 -74.067128
58.8743 9.6526 8.6558 -74.067971
60.689 9.3812 7.9981 -74.068792
62.4959 9.1815 7.3186 -74.069592
64.0964 9.6659 6.3822 -74.070388
65.6128 10.0298 5.5676 -74.071187
66.3879 8.7348 6.61 -74.071992
67.0408 7.9267 8.2378 -74.072796
67.6184 7.3624 10.0083 -74.073604
68.2214 6.7991 11.7671 -74.074412
68.8557 6.3245 13.5452 -74.075214
69.5936 6.0215 15.3177 -74.076017
70.6128 5.6939 16.9232 -74.076809
71.846 5.1297 18.3139 -74.077589
73.446 5.6128 19.1551 -74.078363
75.1394 5.1362 19.9892 -74.079137
76.7792 5.1163 20.887 -74.079885
78.3203 5.541 21.9782 -74.080618
79.5543 6.0354 23.1887 -74.081333
80.477 6.477 24.7608 -74.082024
82.1371 6.4027 25.3832 -74.082692
83.992 6.8997 25.7174 -74.083334
85.8702 6.8251 26.0726 -74.083947
87.7509 6.7088 26.4848 -74.084528
89.6348 6.7028 26.6547 -74.085073
91.0074 6.4378 25.4152 -74.085579
92.1971 6.0461 24.0228 -74.086043
93.1627 5.5053 22.7795 -74.086472
93.4181 5.3578 20.8527 -74.086849
93.6827 5.205 18.9277 -74.087171
93.9559 5.0473 17.0042 -74.087434
94.7999 4.5071 17.8661 -74.087631
-1.9865 16.2264 -10.9822 -74.041114
-1.6114 17.3396 -11.0385 -74.041157
-1.1973 18.2526 -10.4886 -74.04119
-0.4899 18.8695 -10.968 -74.041213
0.4947 18.656 -11.4238 -74.041225
-5.9486 122.6202 -36.4545 -74.078304
-4.8563 124.4889 -38.1946 -74.078298
-3.4433 126.1431 -39.8024 -74.078258
-2.2407 128.597 -40.3971 -74.078181
-1.5188 131.295 -40.1613 -74.078067
-1.6696 134.0734 -40.2753 -74.077913
-2.517 136.7345 -40.7076 -74.077717
-3.2762 139.4376 -41.1589 -74.077478
-4.1563 142.1305 -41.3938 -74.077195
-4.9956 144.8475 -41.5126 -74.076865
-4.2109 147.46 -41.641 -74.076487
-3.9407 150.1251 -41.6099 -74.076058
-3.8535 152.9656 -41.6389 -74.075576
-3.8797 155.8081 -41.7765 -74.07504
-3.362 158.4701 -41.8809 -74.074447
-3.9026 161.1882 -41.8597 -74.073794
-4.6546 163.8938 -41.7416 -74.073081
-4.458 166.7321 -41.7051 -74.072304
-4.7248 169.4267 -41.9823 -74.071461
-5.9516 171.9513 -42.4086 -74.07055
-6.8697 174.6164 -42.5236 -74.069568
-7.1469 177.3942 -42.5991 -74.068512
-8.5483 179.5426 -43.6297 -74.06738
-9.0965 181.9163 -44.9846 -74.066165
-9.3572 184.5276 -45.8738 -74.064872
-10.3037 185.8819 -45.5629 -74.063709
-12.6165 185.7411 -44.527 -74.062707
-14.6492 185.7303 -43.1953 -74.061653
-16.2496 187.2653 -42.1906 -74.060532
-17.9145 189.1431 -41.8854 -74.059339
-19.4479 191.0685 -41.5909 -74.058072
-21.0169 192.9475 -41.0017 -74.056726
-22.4125 194.4386 -40.3024 -74.055299
-23.7068 195.9472 -39.0039 -74.053787
-25.0392 197.7028 -39.8911 -74.052188
-25.8175 200.0563 -40.2799 -74.050501
-26.6369 201.4551 -41.5533 -74.048717
-27.5289 202.2594 -40.2727 -74.046836
-29.472 203.3638 -40.3713 -74.044861
-31.4096 204.4733 -39.3932 -74.042783
-31.9894 205.4816 -37.1556 -74.04059
-32.896 206.6385 -35.2063 -74.038293
-33.7738 206.9925 -32.8727 -74.035877
-35.326 208.2821 -31.3862 -74.033353
-36.5537 210.18 -30.3332 -74.030709
-37.6503 212.1937 -29.5135 -74.027941
-38.7499 214.0475 -28.2022 -74.025041
-38.8366 216.2339 -27.1303 -74.022007
-39.8429 217.9451 -25.6872 -74.018833
-40.3547 220.3663 -25.6679 -74.015516
-9.0607 186.6005 -47.0068 -74.063984
-8.6412 188.5188 -48.1723 -74.063529
-7.9227 189.8909 -49.7878 -74.063014
-7.3389 191.2666 -51.5099 -74.062438
-6.8689 192.8579 -53.067 -74.061798
-6.5717 194.5306 -54.6272 -74.061093
-6.699 195.7688 -56.5782 -74.060317
-6.6007 197.3796 -57.9455 -74.059471
-5.361 198.4457 -59.4593 -74.058551
-4.0706 199.0919 -61.2062 -74.057553
-2.56 200.3359 -61.9713 -74.056479
-1.1767 202.1203 -62.473 -74.055323
0.1257 203.765 -63.1817 -74.054083
0.5779 205.9809 -62.9411 -74.052754
1.7705 207.8999 -62.7909 -74.051333
1.7806 210.0234 -63.3852 -74.049817
1.251 212.0868 -62.5412 -74.048202
0.3882 214.2228 -62.3899 -74.046487
-0.4598 216.2968 -62.9067 -74.044668
-1.2479 218.4121 -63.4146 -74.042738
-2.0973 220.5416 -63.7457 -74.040696
-3.4118 222.4275 -63.923 -74.038539
-5.2388 223.8332 -64.0726 -74.036261
-7.0057 225.2983 -64.337 -74.033857
-8.1122 227.0393 -64.9339 -74.03132
-8.3675 229.0243 -65.402 -74.029207
-8.7031 230.7886 -65.6689 -74.027569
-9.2813 232.5101 -65.8231 -74.025849
-9.2237 228.2929 -64.8468 -74.029504
-10.9382 228.5001 -64.259 -74.028457
-12.6565 228.7042 -63.682 -74.027333
-25.5183 124.0162 -29.3962 -74.092279
-26.4756 125.8583 -28.1987 -74.093625
-27.6755 127.8327 -27.6028 -74.094963
-27.9279 128.8492 -29.077 -74.096297
-28.5728 129.8586 -27.39 -74.097628
-29.4951 131.5172 -26.0388 -74.09894
-30.3172 133.5583 -25.0126 -74.100243
-30.9903 134.755 -23.0132 -74.101534
-31.8576 136.0757 -21.167 -74.102811
-32.9249 137.8539 -19.8699 -74.104072
-34.7749 138.8966 -19.3111 -74.105319
-36.3176 139.9122 -18.0849 -74.106547
-37.4604 141.3871 -16.8864 -74.107755
-38.6623 143.1941 -16.0632 -74.108946
-40.1691 144.5551 -14.9429 -74.110117
-41.2877 146.3296 -14.9203 -74.111266
-42.5778 148.1549 -14.027 -74.11239
-43.9866 149.9737 -13.1872 -74.113487
-45.0144 151.7833 -12.0503 -74.114557
-45.5532 153.8159 -10.8393 -74.115598
-46.3861 156.0367 -10.2537 -74.116609
-46.9837 158.3901 -9.9517 -74.117585
-47.8117 160.6751 -9.7756 -74.118528
-49.0447 162.6915 -9.706 -74.119433
-50.015 164.9082 -9.8518 -74.1203
-51.5234 166.8379 -9.9384 -74.121127
-52.9161 168.8061 -9.9279 -74.12191
-54.0733 170.9215 -9.7859 -74.122649
-55.7453 172.652 -9.5467 -74.12334
-57.6094 174.1497 -9.6472 -74.123982
-59.246 175.273 -8.9172 -74.124572
-60.6519 176.3429 -7.7572 -74.125108
-61.8971 178.3631 -7.4187 -74.125586
-62.7492 180.6081 -7.5045 -74.126005
-63.9736 182.7158 -7.7021 -74.12636
-65.2308 184.8141 -7.6187 -74.12665
-66.7492 186.7003 -7.6491 -74.12687
-68.417 188.4651 -7.7574 -74.127019
-69.4591 190.6092 -7.7695 -74.127092
-69.6776 192.1396 -9.5531 -74.127087
-70.6232 193.0213 -8.854 -74.126998
-70.9662 193.1386 -6.4297 -74.126824
-71.4596 193.5338 -4.0639 -74.126559
-72.1758 195.2071 -3.9513 -74.126203
-73.6159 196.7389 -5.1111 -74.12575
-74.8609 198.522 -6.148 -74.125194
-75.7426 199.5734 -7.6936 -74.124532
-75.3694 199.5725 -10.1146 -74.123745
-74.4019 199.6256 -11.6143 -74.122854
-73.8016 200.0979 -9.3728 -74.121839
-74.5843 201.3776 -7.8285 -74.120701
-75.66 202.8847 -6.3385 -74.119432
-76.7569 204.7933 -5.2692 -74.118026
-77.7876 206.5222 -4.0466 -74.116476
-78.7815 208.5213 -3.0989 -74.11478
-29.3228 87.5393 7.4141 -74.11618
-29.9005 87.4969 9.1019 -74.117667
-30.4781 87.4545 10.7898 -74.119124
-31.0558 87.4122 12.4776 -74.120549
-32.2782 87.1841 13.3671 -74.121951
-33.8866 86.6278 13.8875 -74.123356
-35.2533 87.1539 14.4242 -74.124764
-35.8481 87.8038 15.3321 -74.126171
-36.8463 86.9864 16.4788 -74.12758
-38.3951 86.3544 16.7879 -74.128985
-40.0436 86.842 16.4412 -74.130387
-41.676 86.6973 15.7688 -74.131787
-43.0795 86.67 14.6822 -74.133181
-44.7397 86.6061 14.8133 -74.134569
-46.2784 86.3685 14.6265 -74.135951
-47.931 85.969 14.7511 -74.137322
-49.3382 85.0184 15.2541 -74.138685
-51.0157 84.5548 15.4912 -74.140037
-52.76 84.3802 15.7377 -74.141374
-54.4766 84.1118 16.1326 -74.142695
-56.1575 83.722 16.5614 -74.144003
-57.6854 83.1665 17.2616 -74.145294
-59.449 83.0129 17.2864 -74.146564
-61.2047 83.1213 17.0316 -74.147811
-62.4985 83.4162 16.057 -74.149037
-64.2493 83.561 15.9695 -74.150237
-65.9938 83.4285 15.6473 -74.151412
-67.7202 83.5173 15.2308 -74.152558
-69.055 83.036 14.2322 -74.153673
-69.8653 82.2066 12.9383 -74.154755
-71.0115 81.258 11.9738 -74.1558
-72.4278 80.4398 11.5445 -74.156809
-73.698 79.222 11.6667 -74.157775
-74.8344 77.8746 11.8888 -74.158695
-76.1909 76.8138 12.1994 -74.159574
-77.7152 76.0674 12.6693 -74.160404
-79.2241 75.3783 13.2714 -74.161181
-80.5771 74.3384 13.7242 -74.161904
-81.948 73.2954 14.1285 -74.16257
-83.3128 72.1963 14.4348 -74.163175
-84.2563 70.7511 14.49 -74.163717
-85.9688 70.3467 14.3507 -74.164192
-87.6869 70.083 14.43 -74.164596
-89.1236 69.3762 14.9056 -74.164927
-90.0942 69.1674 16.3612 -74.165181
-91.4773 68.4273 17.0893 -74.165354
-93.1744 68.4543 17.5737 -74.165443
17.4714 115.5383 -32.7054 -74.101142
18.7181 116.515 -32.6736 -74.101988
19.4474 117.9165 -32.6863 -74.102817
20.2746 119.2604 -32.6312 -74.103631
21.0837 120.5882 -32.4636 -74.104427
21.7758 121.9988 -32.2416 -74.105205
22.3094 123.4582 -32.1155 -74.105963
23.1409 124.8071 -32.0128 -74.106697
23.9385 126.1782 -31.9172 -74.10741
25.0849 127.2066 -31.902 -74.108096
25.7601 127.3047 -33.2559 -74.108762
26.628 127.211 -34.5602 -74.1094
27.4583 127.1967 -35.7592 -74.110003
28.395 127.5305 -34.6253 -74.110574
29.5644 128.205 -33.8463 -74.111108
30.5696 128.6374 -32.8152 -74.111607
32.0051 129.043 -32.2921 -74.112066
33.4128 129.4399 -31.6761 -74.112483
34.7649 130.0848 -31.1622 -74.112856
36.07 130.7044 -30.5266 -74.113182
37.2954 130.2845 -29.7509 -74.11346
38.6668 129.8544 -29.4393 -74.113688
40.0959 129.824 -28.9371 -74.113863
41.6596 129.7812 -29.1527 -74.113982
43.163 129.7557 -29.5887 -74.114043
37.3605 97.6671 -24.1386 -74.100444
38.5247 98.3419 -23.3011 -74.101152
39.4075 98.7958 -22.0704 -74.101842
39.7833 99.3954 -20.6642 -74.102514
39.86 99.407 -19.0804 -74.103172
40.1939 99.8932 -18.7303 -74.103798
40.4963 100.318 -20.2174 -74.104405
41.4643 101.4944 -20.1061 -74.10498
42.3976 102.7119 -19.7798 -74.105527
43.1049 104.0833 -19.5568 -74.106044
44.0865 105.3182 -19.6544 -74.106527
44.7899 106.7249 -19.7113 -74.106977
45.9094 107.8469 -19.694 -74.10739
47.0015 108.9935 -19.6267 -74.107766
47.4874 110.1272 -19.5101 -74.108111
47.4694 110.2183 -21.0953 -74.108445
47.4514 110.3094 -22.6805 -74.108725
47.4334 110.4005 -24.2657 -74.108951
47.4153 110.4915 -25.8509 -74.109122
47.3973 110.5826 -27.4361 -74.109236
47.3793 110.6737 -29.0213 -74.109294
-43.1464 107.2097 -8.6051 -74.12264
-44.2349 108.3552 -9.2701 -74.124024
-45.5183 109.1815 -10.1573 -74.125413
-46.5455 110.332 -10.9218 -74.126805
-47.6198 111.4497 -11.7523 -74.128199
-48.7733 112.6103 -11.9929 -74.129597
-49.0763 114.3515 -11.8794 -74.130997
-49.3422 116.0762 -11.586 -74.132396
-49.7822 117.0822 -10.2937 -74.133798
-50.4256 118.2912 -9.1739 -74.135199
-50.9978 119.2379 -7.7863 -74.136599
-51.2625 120.0244 -6.2601 -74.138001
-51.6654 121.1492 -4.9912 -74.139394
-51.9476 122.7357 -4.2703 -74.140782
-52.5998 124.2212 -3.6393 -74.142163
-53.274 125.7541 -3.0637 -74.143534
-53.9887 127.1954 -2.3704 -74.144896
-53.963 128.1021 -0.9245 -74.146262
-54.6255 128.6873 -0.6995 -74.147621
-55.0557 128.8462 -2.4173 -74.148971
-55.7093 129.6088 -3.8029 -74.150294
-56.3904 130.5701 -3.4395 -74.151602
-57.2397 131.7558 -2.5815 -74.152895
-57.7383 132.4193 -1.0375 -74.154183
-58.1997 132.8604 0.5026 -74.155445
-59.135 134.2149 0.2827 -74.156681
-59.5411 135.9385 0.3726 -74.157893
-60.3211 137.5272 0.4547 -74.159078
-61.5615 138.7924 0.4272 -74.160235
-62.8427 140.0202 0.4049 -74.161364
-63.9756 141.337 0.4784 -74.162462
-65.5415 142.0698 0.6041 -74.163527
-66.8201 143.3029 0.6105 -74.164556
-67.9523 144.6731 0.6097 -74.165575
-69.0106 146.0943 0.6091 -74.166532
-69.7753 147.6531 0.6561 -74.167439
-69.9859 148.4831 2.1055 -74.168309
-70.4429 149.3779 3.3991 -74.169126
-71.6135 150.4383 2.691 -74.169891
-72.4835 151.5429 1.7355 -74.170601
-72.9227 152.8592 2.7049 -74.171257
-72.5877 154.4469 3.3601 -74.171851
-73.0119 156.1489 3.5593 -74.172384
-73.1545 157.8864 3.5882 -74.172849
-74.1953 159.319 3.6169 -74.173245
-74.932 160.9303 3.7174 -74.173569
-75.2192 162.6661 3.8423 -74.173816
-75.4158 163.3004 5.1393 -74.173988
-75.4017 163.5667 6.8972 -74.174076
-50.1374 90.531 -23.3634 -74.121705
-51.2673 90.8857 -22.5511 -74.123
-52.7159 91.6607 -23.1098 -74.124294
-54.0702 92.6015 -23.357 -74.125588
-55.4386 93.0469 -22.4458 -74.126882
-56.998 93.6059 -21.9041 -74.128176
-58.5673 94.2413 -21.5078 -74.129466
-59.4515 94.8578 -20.2839 -74.130764
-60.3751 95.9904 -19.3491 -74.132046
-61.639 96.317 -18.2753 -74.133326
-62.5765 96.8459 -17.7339 -74.134599
-63.9654 97.6322 -17.7098 -74.135868
-65.6166 98.1559 -17.9424 -74.137128
-67.3141 98.5251 -18.0363 -74.138379
-68.9906 98.999 -17.9141 -74.139616
-70.4527 99.8368 -17.5623 -74.140842
-71.8636 100.5751 -16.8437 -74.142053
-73.2945 101.1084 -16.0241 -74.143248
-74.8032 101.5319 -15.3155 -74.144426
-76.2937 102.0431 -14.7677 -74.145586
-76.9439 103.3194 -13.9021 -74.146726
-77.7853 104.5384 -13.0235 -74.147844
-79.1174 105.4827 -13.5256 -74.148934
-80.5678 106.3785 -13.889 -74.149999
-81.9123 107.4474 -14.0602 -74.151031
-82.892 108.884 -14.1362 -74.152035
-83.7902 110.3676 -14.0768 -74.153007
-84.9748 111.6284 -13.8567 -74.153941
-86.2002 112.6963 -13.3076 -74.154842
-87.0479 113.9279 -12.479 -74.155703
-87.7411 115.4304 -11.9657 -74.156519
-88.823 116.6812 -11.5653 -74.15729
-89.4834 118.0465 -10.8065 -74.158014
-90.0558 119.4566 -9.9504 -74.158688
-90.8226 120.9302 -9.4429 -74.159308
-91.9586 122.2396 -9.3374 -74.15987
-92.8888 123.6775 -9.6286 -74.160374
-93.6083 125.2344 -9.9613 -74.160815
-94.4583 126.6908 -10.3334 -74.161191
-95.6371 127.179 -11.2403 -74.161499
-96.5223 128.3643 -11.7434 -74.161735
-97.3565 129.8343 -11.9607 -74.161896
-98.0187 131.4271 -12.0082 -74.161978
-44.8397 82.3848 -0.1022 -74.13716
-45.6858 82.6745 1.4762 -74.138741
-47.0854 83.466 2.0376 -74.140324
-47.9154 84.1261 0.6038 -74.141922
-48.4536 84.4912 -1.1078 -74.143523
-49.4629 84.7481 -2.3216 -74.145131
-50.8487 85.4683 -2.9272 -74.146748
-51.3634 86.2483 -4.138 -74.148386
-51.1604 85.8865 -5.9031 -74.150028
-51.4147 86.3329 -4.63 -74.151681
-51.3753 86.9211 -3.2026 -74.153328
-51.6511 88.546 -2.6095 -74.154977
-52.0008 89.4665 -3.9264 -74.156644
-52.6137 90.8015 -4.1725 -74.158308
-53.4473 92.4123 -3.9386 -74.159977
-53.8653 94.1635 -3.6555 -74.16165
-53.9519 95.9277 -3.215 -74.163327
-54.3051 97.4953 -2.5507 -74.165008
-54.5625 98.6898 -1.1952 -74.166685
-54.547 99.8234 0.1762 -74.168367
-54.2907 100.3598 1.9096 -74.170053
-54.7709 101.2087 3.4194 -74.171726
-54.4328 101.9413 3.8933 -74.173389
-53.0212 101.1678 3.092 -74.175048
-52.5222 101.109 4.5528 -74.176712
-54.1846 101.7537 4.4499 -74.178359
-55.6576 102.8136 4.5394 -74.179997
-56.499 104.3974 4.7059 -74.181626
-56.8786 106.1716 4.8788 -74.183245
-56.4546 107.8733 4.5587 -74.18485
-55.6814 109.1098 4.4339 -74.186455
-55.7928 109.3656 6.2457 -74.188072
-56.2213 109.7146 7.7986 -74.189636
-55.5336 111.171 7.9788 -74.19118
-57.2605 111.7016 8.1166 -74.1927
-58.1121 113.2561 8.4551 -74.194201
-58.5985 114.919 9.0311 -74.195678
-59.6859 116.036 9.8099 -74.197123
-59.434 116.5435 10.5662 -74.198544
-59.3051 118.1105 11.4366 -74.199933
-59.9415 119.6907 12.0733 -74.201292
-60.8614 121.156 12.3489 -74.202613
-61.607 122.4945 11.39 -74.2039
-62.1797 124.0961 10.8491 -74.205144
-62.6253 125.8486 10.8404 -74.206345
-62.2188 127.4063 11.6395 -74.207499
-61.8461 129.0333 12.3882 -74.208605
-62.5327 130.6886 12.3999 -74.209658
-62.936 132.4579 12.2088 -74.21066
-63.3234 134.2117 11.8803 -74.211606
-63.6303 135.945 11.5157 -74.212492
-63.951 136.5199 9.8435 -74.213321
-64.1784 137.2406 8.1925 -74.21408
-64.0694 138.3872 6.7995 -74.214767
-64.3697 140.0086 6.0583 -74.215382
-64.8732 141.6033 5.322 -74.215919
-65.5178 142.5596 4.0703 -74.216378
-65.7682 143.1976 5.3492 -74.216753
-66.7186 144.3442 5.8832 -74.21704
-67.5125 145.9488 6.0337 -74.217235
-68.2142 147.6123 6.0332 -74.217335
-36.2134 93.2108 29.5751 -74.127643
-36.6635 94.7733 29.8902 -74.128612
-36.9263 96.2364 30.4302 -74.129571
-37.1622 97.773 30.8495 -74.130524
-37.5529 99.3568 31.1525 -74.131468
-37.9173 100.9487 31.3678 -74.132397
-38.3971 102.525 31.406 -74.133316
-38.3118 104.182 31.3802 -74.134219
-38.3833 105.841 31.3619 -74.135106
-38.5184 107.493 31.3513 -74.135977
-38.1793 109.1047 31.3065 -74.136829
-37.694 110.6348 31.1726 -74.13766
-37.4366 112.1749 31.1742 -74.138471
-36.4341 113.3684 31.2349 -74.13926
-35.2673 114.4885 31.1966 -74.140023
-35.1913 116.0244 31.322 -74.140759
-36.1323 117.264 31.8032 -74.141467
-36.1013 118.8174 31.8898 -74.142145
-35.2737 120.1279 31.585 -74.14279
-34.1912 121.3196 31.36 -74.1434
-33.7141 122.9011 31.2289 -74.143972
-33.0667 124.4147 31.1658 -74.144506
-32.8786 126.0601 31.1275 -74.144996
-32.0835 127.4884 31.1247 -74.145442
-31.8296 129.12 31.1246 -74.145842
-31.1422 130.5851 30.9859 -74.146192
-30.3228 131.8477 30.3079 -74.146492
-29.6856 132.4849 28.9766 -74.146737
-29.0719 133.0333 27.5676 -74.146926
-28.0844 133.7856 27.8775 -74.147055
-27.152 134.469 28.6173 -74.14712
68.8569 88.73 19.5506 -74.112633
69.4626 89.4871 18.5505 -74.113776
69.8694 90.2922 17.5312 -74.11491
70.1133 90.9732 19.0619 -74.116038
70.2522 92.4115 19.6157 -74.117151
70.8156 93.9888 19.8859 -74.118252
70.9233 95.5529 19.5992 -74.119343
71.3862 97.0655 19.4044 -74.120419
72.5006 98.2929 19.6588 -74.121477
72.7344 99.9408 19.94 -74.122521
72.932 101.5833 19.995 -74.123548
72.4313 103.198 19.9089 -74.124555
71.8799 104.7873 20.0008 -74.125539
71.5282 106.416 19.8144 -74.126501
71.2624 108.037 19.4849 -74.127438
70.3107 109.3594 19.2993 -74.128346
69.2896 110.7156 19.219 -74.129223
68.8552 112.3448 19.1576 -74.130069
68.8224 113.8606 18.9579 -74.130881
69.0085 114.8834 18.0264 -74.13166
68.8524 116.0924 16.8932 -74.132401
69.7271 117.2159 15.9694 -74.133102
70.0973 118.581 15.0882 -74.133759
70.8674 119.2691 13.939 -74.134374
70.3855 118.9765 13.515 -74.134938
69.9666 118.6726 13.3866 -74.135456
70.2125 118.847 11.7059 -74.135928
70.4357 118.9096 10.8982 -74.136335
70.1867 118.7318 12.5649 -74.136686
69.521 118.6003 13.8778 -74.13697
69.0153 119.2849 13.1332 -74.137187
69.8993 119.8704 11.9133 -74.137335
70.2963 119.9515 10.2866 -74.137411
95.5228 3.6634 18.9207 -74.087735
95.9521 3.5018 19.9853 -74.087787
96.3294 3.3373 21.069 -74.087814
-41.3421 222.5153 -25.6062 -74.01228
-42.702 224.1478 -25.2091 -74.009264
-44.2458 225.1088 -24.0553 -74.006238
-45.8189 226.0665 -23.0056 -74.003206
-47.3319 227.1224 -21.9872 -74.000167
-48.8138 228.7344 -21.8003 -73.99712
-50.1281 230.4969 -21.9165 -73.994066
-51.8278 231.7383 -22.0527 -73.991001
-52.8158 233.6774 -22.1145 -73.987925
-53.0724 235.6787 -22.1684 -73.985482
-53.6815 237.6012 -22.215 -73.983683
-54.8336 239.2327 -22.1693 -73.981888
-55.9455 240.9107 -22.1307 -73.980096
-56.8959 242.6769 -22.2538 -73.978305
-57.6448 244.0732 -23.1351 -73.976515
-57.9004 245.3567 -24.6431 -73.974727
-58.5973 247.0318 -25.4177 -73.972943
-59.3933 248.8468 -25.6686 -73.971161
-60.5485 250.492 -25.7129 -73.969381
-62.0102 251.8694 -25.795 -73.967601
-63.5819 251.7041 -25.7766 -73.965823
-65.1861 252.5294 -25.4878 -73.964044
-66.5361 253.7075 -24.6451 -73.962265
-67.4482 255.4346 -24.2826 -73.960487
-68.0616 257.3349 -24.0645 -73.95871
-69.279 258.781 -24.0213 -73.956935
-70.6709 260.1778 -24.061 -73.95516
-71.4436 262.0159 -24.0595 -73.953386
-72.8554 263.4363 -23.888 -73.951614
-74.3055 264.6952 -23.3614 -73.949846
-75.6104 266.0079 -22.6232 -73.948077
-76.4194 267.7709 -22.2236 -73.946306
-77.0046 269.6763 -21.989 -73.944538
-77.6943 271.5617 -21.8675 -73.942774
-78.0414 273.5421 -21.7862 -73.941011
-78.9873 275.301 -21.7403 -73.93925
-80.3424 276.7952 -21.6879 -73.937492
-81.6546 278.3163 -21.6068 -73.935738
-83.1583 279.5974 -21.7854 -73.933988
-84.8953 280.6045 -21.8472 -73.932239
-86.7025 281.4584 -21.6828 -73.930493
-87.8751 282.8646 -21.0904 -73.92875
-89.4892 283.7967 -20.5891 -73.92701
-91.1007 284.9601 -20.5677 -73.925276
-92.4107 286.2858 -21.1453 -73.923544
-94.0557 286.9976 -21.9919 -73.921817
-95.7101 288.0996 -22.2545 -73.920095
-97.3406 289.2852 -22.2657 -73.918379
-98.976 289.9877 -22.9029 -73.916667
-100.2796 290.7986 -23.6291 -73.91496
-101.4799 291.8038 -22.4899 -73.913257
-103.036 292.9887 -22.0284 -73.911562
-104.6892 294.1312 -21.8834 -73.909873
-106.3559 295.2232 -22.151 -73.908192
-107.8941 296.3493 -22.6692 -73.906519
-109.1385 297.4951 -23.597 -73.904851
-110.8652 298.494 -23.4597 -73.903194
-112.4721 299.5248 -23.016 -73.901543
-113.8772 300.6139 -22.2042 -73.899901
-115.339 301.8994 -21.8314 -73.898269
-116.6463 303.427 -21.784 -73.896647
-117.9037 305.0024 -21.8441 -73.895034
-119.0254 306.6607 -22.003 -73.89343
-119.7365 308.5266 -22.2827 -73.891837
-120.0458 309.7921 -21.1758 -73.890247
-120.3335 310.3959 -19.2752 -73.888672
-120.8092 311.2425 -17.5331 -73.887112
-121.3861 312.9361 -16.6595 -73.885567
-122.3666 314.5966 -16.303 -73.884038
-123.445 316.2788 -16.4754 -73.88252
-124.5125 317.8962 -16.7048 -73.881017
-124.8879 318.6378 -14.9021 -73.879519
-124.9811 319.1413 -12.9496 -73.878035
-125.2786 319.7061 -11.0358 -73.876568
-125.7833 320.5605 -9.2875 -73.875124
-126.7853 321.2272 -7.7186 -73.873699
-128.1198 321.7372 -6.5853 -73.872288
-129.5338 322.6762 -5.6435 -73.870897
-130.8033 322.8583 -4.1103 -73.869521
-132.3486 322.5617 -2.9424 -73.868166
-133.5223 321.7567 -2.2514 -73.866831
-134.4075 321.0203 -3.7194 -73.865515
-136.141 320.0633 -3.704 -73.864221
-137.9234 319.2453 -3.5128 -73.862948
-139.8153 319.4438 -3.03 -73.861683
-141.7336 319.7231 -2.5415 -73.860452
-143.2992 318.8382 -1.8198 -73.859247
-143.6324 318.198 -3.1912 -73.858061
-144.6494 318.183 -2.5451 -73.856897
-145.6029 318.7473 -1.0864 -73.855761
-147.1116 319.1677 -0.0827 -73.854652
-149.0143 318.6505 0.3041 -73.853568
-150.835 317.9416 0.6531 -73.852513
-152.6003 318.3043 1.3039 -73.851485
-154.255 319.2248 1.8195 -73.850487
-156.1347 319.0641 1.3765 -73.849517
-157.9479 318.8394 0.6505 -73.848576
-159.8193 318.2421 0.4855 -73.847665
-161.6982 318.4908 0.8126 -73.846785
-163.3502 318.4678 1.946 -73.845936
-164.7917 318.8721 3.1901 -73.845118
-166.0348 318.4651 4.5448 -73.844332
-167.2051 317.7036 5.9108 -73.84358
-168.6856 318.3603 6.972 -73.842862
-170.5746 318.3686 7.6324 -73.842177
-172.4422 318.8037 8.0573 -73.841527
-173.7745 319.4811 7.41 -73.84091
-175.2708 319.8181 6.8918 -73.84033
-176.3866 321.0401 7.8064 -73.839785
-178.1084 321.388 8.4289 -73.839275
-179.8667 322.3331 8.1901 -73.838802
-181.7338 322.9719 7.9865 -73.838366
-183.2047 324.2061 7.6173 -73.837968
-184.6529 324.5109 6.7583 -73.837606
-186.4765 324.882 7.4149 -73.837283
-188.3601 325.5005 7.7542 -73.836998
-190.207 326.2741 7.8586 -73.836752
-191.8555 326.4884 7.2737 -73.836546
-192.3011 326.2807 5.3327 -73.836376
-192.4569 326.3027 3.3202 -73.836245
-192.6127 326.3246 1.3078 -73.836158
-192.7684 326.3466 -0.7047 -73.836114
-53.5618 234.7518 -22.4056 -73.985608
-55.3696 234.7358 -22.9279 -73.98408
-57.1775 234.7198 -23.4502 -73.982583
-58.9758 234.7413 -23.9753 -73.981116
-60.5834 235.6616 -24.1049 -73.979665
-62.2107 236.6032 -24.0421 -73.978218
-63.9306 237.3539 -24.0447 -73.976781
-65.5569 238.2591 -24.1396 -73.975347
-67.3063 238.9314 -24.1596 -73.973923
-68.8366 239.9978 -24.0522 -73.972502
-70.5332 240.314 -23.7713 -73.971089
-72.1779 239.7124 -23.3677 -73.969682
-73.9055 239.067 -23.0743 -73.968282
-75.764 238.9129 -23.0612 -73.966888
-77.5069 238.4311 -23.4834 -73.965501
-79.2728 238.5078 -23.5052 -73.96412
-81.0101 239.1307 -23.2489 -73.962746
-82.8258 239.4159 -22.9537 -73.96138
-84.5254 239.9346 -22.4418 -73.960022
-86.2406 240.0396 -21.7161 -73.958669
-87.8568 239.8217 -20.9364 -73.957325
-89.3552 239.6723 -19.8507 -73.955987
-90.7771 239.8281 -18.7653 -73.954659
-92.3262 239.5258 -18.0598 -73.953339
-94.0855 240.1028 -17.7873 -73.952029
-95.877 240.5966 -17.5579 -73.950729
-97.6988 241.0591 -17.507 -73.949437
-99.53 241.4724 -17.4393 -73.948156
-101.2527 242.1681 -17.1773 -73.946885
-102.8299 242.815 -16.4434 -73.945625
-104.4569 243.5931 -15.9937 -73.944378
-106.2956 243.7075 -16.104 -73.943141
-107.1732 243.8399 -14.6775 -73.941907
-108.3872 244.3725 -13.7017 -73.940692
-109.3454 245.4642 -12.5807 -73.939491
-110.5466 246.5332 -11.6213 -73.938301
-112.0874 247.1 -10.9503 -73.937127
-112.6927 248.1713 -9.7197 -73.935963
-113.85 248.7857 -8.6033 -73.934815
-114.9422 250.1535 -8.2414 -73.933682
-115.3929 251.8689 -7.6387 -73.932565
-116.4822 252.9605 -6.8157 -73.931466
-117.371 253.2374 -5.1806 -73.930382
-118.358 253.8356 -3.7152 -73.929317
-119.4595 254.4678 -2.3971 -73.928271
-120.9563 255.2641 -1.6822 -73.927242
-122.5163 255.9458 -1.0086 -73.926233
-123.9831 256.9071 -0.452 -73.925244
-124.7954 257.8348 0.9161 -73.924274
-125.65 259.0549 2.0473 -73.923326
-126.8265 260.4562 2.1583 -73.922398
-128.2898 261.2032 2.616 -73.92149
-129.0334 261.3894 4.2611 -73.920602
-129.2473 261.2649 6.1105 -73.919708
-129.4022 261.1437 7.9821 -73.918851
-129.5576 261.0229 9.8536 -73.918032
-129.7512 260.9235 11.7229 -73.917217
-129.9463 260.825 13.592 -73.916436
-130.1515 260.7135 15.4586 -73.915693
-130.5488 260.346 17.2477 -73.914977
-131.604 259.0778 18.099 -73.914292
-132.4067 258.2916 19.5872 -73.913634
-133.3932 257.3081 20.8241 -73.913003
-133.8044 256.3522 22.376 -73.912402
-134.6418 255.2368 23.5911 -73.911829
-135.4197 253.8392 24.4892 -73.911286
-135.7 253.4829 26.3153 -73.91077
-136.3101 252.641 27.7577 -73.910286
-136.3201 251.3179 26.4825 -73.909834
-136.8701 249.6435 26.0944 -73.909412
-137.7175 248.1362 25.6627 -73.909022
-137.6045 246.4619 25.1316 -73.908666
-137.2893 245.0053 24.2243 -73.908343
-136.6215 243.4615 23.4192 -73.908053
-135.6446 241.9497 22.8735 -73.907793
-135.3758 240.4199 22.4018 -73.907571
-136.1869 239.3032 23.0344 -73.907385
-136.341 238.0644 24.2021 -73.907234
-136.433 236.6369 25.3143 -73.90712
-136.6008 234.8539 25.6617 -73.907043
-137.1474 233.4458 25.0869 -73.907004
-10.2537 234.1313 -65.7936 -74.02393
-11.9535 235.2244 -65.4206 -74.021905
-13.2513 236.4124 -64.5554 -74.019889
-13.9825 238.2182 -64.0036 -74.017878
-13.9675 239.4333 -65.1657 -74.015867
-14.1745 240.8047 -66.5759 -74.013867
-14.74 242.3781 -67.763 -74.011872
-15.0167 243.3075 -69.5586 -74.009877
-14.9973 244.3966 -71.2899 -74.00789
-15.4806 245.6013 -72.6631 -74.005906
-16.6681 247.206 -72.2066 -74.003927
-17.3029 249.0449 -71.7718 -74.001948
-18.6676 250.382 -71.3338 -73.999972
-19.6799 251.0982 -72.0439 -73.997997
-20.4939 252.2385 -73.4165 -73.99602
-21.5912 252.7618 -72.8895 -73.994226
-21.9596 252.8176 -71.2713 -73.992636
-22.6797 254.2973 -71.5196 -73.991048
-23.6039 255.7577 -72.0067 -73.989464
-24.5721 257.236 -72.2298 -73.987881
-26.0105 258.3101 -72.2446 -73.986299
-27.3761 259.4599 -72.2196 -73.984719
-28.9516 260.3257 -72.2375 -73.983122
-30.5102 261.2195 -72.2945 -73.981546
-31.595 262.5637 -72.7018 -73.979974
-32.6547 263.9941 -72.7006 -73.978403
-33.5598 265.5319 -72.4801 -73.976835
-34.5952 266.9872 -72.4053 -73.975269
-35.2782 268.5959 -72.3691 -73.973703
-36.5462 269.7783 -72.1737 -73.972143
-37.8737 270.872 -71.8225 -73.970586
-38.8876 272.2418 -71.3145 -73.969032
-39.6217 273.7558 -70.7585 -73.967481
-40.6535 274.9959 -70.0158 -73.965935
-42.0534 275.9829 -69.5331 -73.96439
-43.5846 276.8719 -69.3005 -73.962852
-45.0655 277.8565 -69.4958 -73.961316
-45.946 279.1186 -68.7677 -73.959785
-45.8345 280.5644 -67.9551 -73.958258
-46.196 282.2235 -68.3906 -73.956736
-46.2456 283.784 -69.1293 -73.95522
-45.9356 284.9029 -69.4775 -73.953708
-46.3572 283.3243 -69.8414 -73.952197
-47.6385 284.0096 -69.6263 -73.950685
-47.8598 285.27 -68.7781 -73.949185
-47.9763 286.6481 -67.6615 -73.947691
-48.0018 287.8134 -66.394 -73.946202
-49.296 287.3623 -65.4888 -73.94472
-50.1432 286.6731 -64.1653 -73.943249
-50.2434 286.1704 -62.4405 -73.941779
-51.2742 284.9264 -61.8207 -73.940324
-52.8421 284.4426 -61.0987 -73.938878
-53.9107 283.6653 -60.0279 -73.937441
-54.752 283.3629 -58.5184 -73.93601
-55.6511 282.4981 -57.2933 -73.934594
-56.6242 281.93 -56.0196 -73.933191
-57.9991 281.9695 -54.8908 -73.931797
-59.0837 282.3361 -53.8941 -73.930416
-60.0943 282.1643 -52.7677 -73.929045
-61.4419 281.5155 -51.8651 -73.92769
-62.8626 280.827 -51.0501 -73.926347
-64.2795 280.6349 -50.0042 -73.925019
-65.804 280.5238 -49.0693 -73.923706
-66.7885 280.054 -47.7484 -73.922405
-67.9789 279.2336 -46.7905 -73.921119
-68.6552 278.446 -45.3481 -73.919849
-69.0138 277.9753 -43.6489 -73.918594
-69.4167 276.9949 -42.4398 -73.917358
-69.8247 275.5947 -42.5008 -73.916139
-70.268 276.0815 -42.6582 -73.914938
-70.9242 276.409 -41.0457 -73.913746
-71.4032 276.5871 -39.3203 -73.91258
-72.2724 276.7647 -38.0281 -73.911437
-73.2041 276.1685 -36.6914 -73.910314
-74.2918 275.5936 -35.4399 -73.909213
-75.425 274.8456 -34.2803 -73.908133
-76.9255 274.2886 -33.5609 -73.907075
-77.3251 274.3933 -31.9623 -73.90604
-77.3839 274.0953 -31.6173 -73.905018
-77.9259 274.1693 -30.1943 -73.904023
-79.5493 274.0847 -29.6223 -73.903054
-80.9279 274.149 -28.5263 -73.902111
-82.1503 274.2888 -27.2947 -73.901195
-83.1333 274.5631 -25.8399 -73.900303
-83.3586 274.0993 -24.1212 -73.899436
-83.4086 273.3363 -22.4949 -73.898599
-83.5601 272.816 -20.7795 -73.897787
-83.7705 272.4678 -19.0265 -73.897003
-84.0593 272.0789 -17.2937 -73.896251
-84.2893 271.7437 -15.5414 -73.895526
-84.9661 271.1706 -14.2656 -73.894835
-86.4465 270.5588 -13.5443 -73.894176
-87.5224 269.4821 -12.7644 -73.893548
-88.5863 270.2836 -13.3628 -73.892951
-89.344 271.7765 -13.8414 -73.892385
-90.7295 272.8654 -14.017 -73.891844
-92.0012 274.1345 -14.1202 -73.891338
-93.0728 275.5655 -14.188 -73.89087
-94.4803 276.5793 -14.1262 -73.890435
-96.2029 276.3016 -13.7358 -73.890035
-97.8612 276.4416 -13.1634 -73.889668
-99.2225 277.2086 -12.3487 -73.889336
-100.7724 276.7787 -11.5881 -73.889039
-102.4856 276.8416 -11.2384 -73.888777
-104.2435 277.0799 -11.3594 -73.888551
-105.8758 277.7134 -11.5089 -73.888361
-106.978 278.2571 -10.6069 -73.888208
-108.7214 278.4008 -10.5748 -73.888092
-110.1714 278.7473 -11.3411 -73.888014
-111.6618 279.6815 -11.4564 -73.887974
-21.5015 253.5088 -73.309 -73.994871
-22.5942 254.3623 -72.684 -73.994578
-23.4363 255.5756 -72.2611 -73.994313
-23.7952 256.2196 -73.6016 -73.994074
-24.1958 256.9175 -74.8973 -73.993865
-24.5102 257.2028 -76.431 -73.993683
-25.2575 257.9568 -77.5755 -73.993532
-25.9832 258.9049 -78.6121 -73.993409
-26.7351 259.8964 -79.3372 -73.993316
-27.7754 261.0706 -79.3699 -73.993254
-28.1276 262.1418 -78.3341 -73.993222
-14.415 228.9869 -63.4499 -74.026131
-16.1331 229.4489 -63.5343 -74.024963
-17.7421 230.1331 -63.7219 -74.023814
-19.4067 230.7023 -63.8399 -74.022685
-20.8995 231.6241 -63.8754 -74.021577
-22.4197 232.5434 -63.927 -74.020488
-23.9779 232.9794 -64.5409 -74.019418
-25.5926 233.2447 -65.0739 -74.018364
-27.3372 233.3731 -65.393 -74.01733
-29.108 233.4677 -65.4659 -74.016314
-30.8642 233.5427 -65.402 -74.015315
-32.3482 234.4256 -65.4518 -74.014335
-33.9347 234.8444 -64.9779 -74.013372
-35.6107 235.0483 -64.5372 -74.012426
-37.2988 235.2219 -64.5195 -74.011498
-38.3854 235.5894 -65.5655 -74.010584
-39.1438 235.7555 -64.0699 -74.009686
-40.4342 236.3585 -64.9633 -74.008808
-41.6538 237.408 -65.4996 -74.007947
-43.3197 237.9738 -65.7908 -74.007104
-45.0712 238.2644 -65.9288 -74.00628
-46.7994 238.6788 -65.9135 -74.005474
-48.5481 238.9796 -65.7557 -74.004685
-50.2593 239.3638 -65.4708 -74.003917
-51.9541 239.818 -65.3779 -74.003166
-53.6581 240.3081 -65.5616 -74.002434
-55.3649 240.7618 -65.7517 -74.001722
-56.9242 241.5359 -65.9538 -74.00103
-58.6438 241.8319 -66.2728 -74.000358
-59.9936 242.7156 -66.7405 -73.999707
-60.984 243.7818 -67.5294 -73.999076
-62.0855 245.146 -67.6347 -73.998467
-62.592 246.8516 -67.5474 -73.997881
-63.6958 248.1812 -67.3534 -73.997316
-65.3602 248.1365 -67.1819 -73.996774
-66.6185 247.2528 -66.7907 -73.996255
-68.2827 246.701 -66.9975 -73.995756
-69.0056 246.5375 -67.1182 -73.995285
-69.4149 247.1923 -66.2178 -73.994837
-70.5685 248.2104 -65.6787 -73.994415
-72.1021 248.9573 -65.1628 -73.994019
-73.5226 249.8734 -64.6789 -73.993649
-74.9049 250.917 -64.2744 -73.993306
-76.1941 252.0464 -63.8017 -73.992992
-77.6751 252.694 -63.2164 -73.992705
-78.9054 253.7897 -63.1101 -73.992449
-80.0531 255.1107 -63.1909 -73.992221
-81.4092 256.2087 -63.4316 -73.992025
-83.1166 256.5971 -63.7243 -73.991859
-84.8053 256.9649 -63.8465 -73.991725
-86.3232 257.8036 -63.7447 -73.991623
-88.0463 257.7843 -63.4146 -73.991554
-89.5568 258.6367 -63.0658 -73.99152
-79.8558 209.6969 -1.6956 -74.113147
-80.9345 210.9313 -0.8747 -74.11175
-81.8718 212.3265 -0.0936 -74.110367
-83.0145 213.649 0.4105 -74.108997
-83.35 215.4299 0.5242 -74.107638
-84.7236 216.0877 0.5245 -74.106292
-85.8365 216.8501 1.5461 -74.104954
-86.4751 218.3432 2.3648 -74.103633
-87.6889 219.3419 3.0091 -74.102325
-89.3832 219.625 3.5112 -74.10103
-90.5679 220.9942 3.9392 -74.099748
-91.9993 222.1339 4.2769 -74.09848
-93.1066 223.0567 5.3451 -74.097221
-94.2451 224.3484 6.04 -74.095974
-95.1955 225.7846 6.6504 -74.09474
-96.1469 227.1811 6.1703 -74.093521
-97.5307 228.1499 5.5656 -74.092312
-97.6555 229.6726 4.5217 -74.091114
-98.2632 230.7709 4.9578 -74.089925
-99.4213 231.1534 5.7424 -74.088752
-100.7458 231.4122 4.7237 -74.087591
-101.8502 232.6408 4.2535 -74.086443
-103.1436 233.9354 4.0273 -74.08531
-104.4921 234.4164 4.8558 -74.08419
-105.6117 233.6885 5.7966 -74.083077
-106.7274 232.3194 6.4016 -74.081968
-107.441 230.7522 6.8747 -74.080889
-107.4488 229.0255 7.5014 -74.079826
-107.9411 227.3511 8.131 -74.078781
-107.0902 226.8712 8.9862 -74.077752
-106.1496 226.513 10.1833 -74.076726
-105.9516 226.2598 12.0223 -74.075717
-105.4787 225.2922 12.0054 -74.074732
-105.2249 224.5846 10.2988 -74.073763
-104.7784 223.6625 9.5999 -74.072818
-104.7066 222.6921 11.0296 -74.071888
-105.026 220.965 11.6033 -74.070982
-104.6066 219.9029 12.8153 -74.070093
-103.3942 219.8352 14.0764 -74.069225
-104.3073 219.9043 13.553 -74.068379
-105.885 218.9419 13.3792 -74.067553
-107.2676 218.4747 12.6842 -74.066749
-108.1193 218.5469 11.0406 -74.065965
-108.3962 219.4541 11.7193 -74.065206
-109.0143 219.6825 13.4653 -74.064468
-109.7221 219.9831 15.1561 -74.063758
-110.6667 219.9703 16.4989 -74.063076
-112.0003 218.9022 16.8845 -74.062418
-113.4433 217.9794 16.4775 -74.061788
-114.7081 217.1333 15.6968 -74.061184
-115.2947 216.7255 13.9743 -74.060608
-115.5962 216.7912 12.1637 -74.060055
-115.7677 217.1126 10.3327 -74.059532
-115.4309 217.0746 11.1227 -74.059041
-116.1181 217.6962 12.116 -74.058568
-117.3855 218.3763 13.3061 -74.058133
-118.8798 218.8959 14.099 -74.057735
-120.5533 219.5755 14.5055 -74.05737
-122.3465 220.0233 14.7431 -74.057039
-124.1585 220.1151 14.949 -74.056741
-125.565 221.2324 14.8597 -74.056478
-126.6064 222.7478 14.7267 -74.05625
-127.1945 224.5052 14.537 -74.056058
-127.9351 226.1832 14.2547 -74.055902
-129.0224 227.5634 14.5865 -74.055784
-130.1181 229.0198 14.5982 -74.055705
-131.2201 230.4645 14.2522 -74.055665
47.5528 -96.076 13.5667 -73.614609
47.0015 -95.2803 13.5986 -73.614734
46.7344 -94.3274 13.6342 -73.614796
27.7081 -94.2683 18.8592 -73.601377
26.226 -93.6204 19.8024 -73.602018
24.7439 -92.9726 20.7456 -73.602491
23.2618 -92.3248 21.6888 -73.602805
23.8038 -92.3745 21.7835 -73.602962
54.7481 -88.0637 17.871 -73.629526
97.3169 -66.6493 31.3652 -73.654955
99.3506 -67.4491 30.897 -73.656307
101.3843 -68.2489 30.4289 -73.65743
103.4181 -69.0488 29.9607 -73.658327
105.4518 -69.8486 29.4925 -73.659
104.935 -70.7499 28.9784 -73.65945
104.6139 -70.6388 26.7694 -73.659675
96.937 -66.473 30.8282 -73.654253
44.0154 -65.7095 15.6069 -73.667424
44.0102 -66.3692 14.8486 -73.667534
44.1586 -67.2141 14.3402 -73.667588
-4.665 -9.0685 -0.0051 -74.028012
-3.3078 -10.3003 -0.0154 -74.016109
-1.9532 -11.5348 -0.0257 -74.004191
-0.7426 -12.7803 -0.0459 -73.984293
0.4334 -13.9291 -0.0935 -73.956504
1.4466 -15.2471 -0.185 -73.928635
3.5554 -27.7322 1.4257 -73.885951
8.6107 -41.3653 6.7974 -73.842818
22.8794 -62.2772 10.5055 -73.739329
26.4745 -64.8588 13.9793 -73.723071
29.0535 -67.1183 14.3116 -73.712198
42.1418 -73.5431 16.2509 -73.671636
47.2069 -85.1931 18.1557 -73.636702
44.6639 -89.9679 15.7857 -73.623132
47.7449 -96.3203 13.6398 -73.615233
78.4149 -177.3628 14.5582 -73.535688
95.2227 -265.7699 17.0719 -73.47275
48.1056 -320.1106 18.1187 -73.424242
-10.9476 -383.6056 22.9817 -73.388597
-40.36 -432.7473 17.7175 -73.364521
28.7834 -94.5812 17.274 -73.602665
14.3097 -106.6143 20.8227 -73.586124
2.7577 -126.0427 26.0848 -73.572801
-45.0792 -189.1405 27.4734 -73.542322
30.9775 -170.2053 31.4202 -73.564962
28.3969 -94.5693 18.0599 -73.601288
-40.2348 -104.2908 -5.8163 -73.558793
-111.9958 -139.102 2.509 -73.53105
54.6562 -87.9717 17.7384 -73.630046
111.8824 -135.9529 29.1893 -73.573709
164.8572 -185.7356 20.1853 -73.531854
213.7243 -226.7876 32.011 -73.504634
43.9697 -65.4565 15.7766 -73.66755
45.5333 -62.1584 17.8534 -73.665895
96.2419 -66.2233 31.6259 -73.654167
2.1326 -22.0656 -2.5814 -73.901724
6.2653 -35.3706 6.4938 -73.864963
8.3143 -40.7868 6.7183 -73.824781
15.4942 -50.7521 4.9673 -73.79172
19.5156 -57.7327 7.1557 -73.758381
24.2121 -63.3654 12.9105 -73.731309
27.7984 -65.9637 14.1964 -73.717651
35.2991 -71.3414 15.5234 -73.692361
45.9552 -78.4006 18.2802 -73.654211
45.9541 -87.9136 17.638 -73.629893
46.0845 -93.1486 14.7482 -73.618838
52.1518 -103.9606 11.3242 -73.605887
58.8833 -119.603 12.0998 -73.588815
62.6461 -133.0235 18.7767 -73.572655
68.7987 -150.479 18.27 -73.557535
75.478 -168.4071 16.0379 -73.543303
80.7201 -186.7623 13.7215 -73.528149
86.0397 -202.1519 18.4658 -73.514528
88.9594 -219.8372 14.0604 -73.501722
92.3483 -238.1707 14.3683 -73.48983
94.4112 -256.1543 16.5595 -73.478712
95.282 -267.4858 16.3224 -73.466859
95.3059 -280.3632 10.9397 -73.456186
82.392 -291.8157 13.1552 -73.446251
66.6134 -301.8126 13.5179 -73.437154
55.8832 -314.8401 17.1156 -73.428757
42.621 -325.3136 19.0805 -73.419805
32.9705 -340.7608 23.6528 -73.411747
23.9361 -354.8041 21.203 -73.404368
9.6225 -366.7531 22.7517 -73.397772
-4.6074 -378.3071 21.4152 -73.391818
-16.9731 -389.755 18.9726 -73.385447
-27.5688 -401.1213 14.9527 -73.379698
-39.573 -411.7299 14.9204 -73.374589
-40.6381 -420.4638 25.2112 -73.370239
-40.4069 -426.6412 14.8914 -73.366523
-41.6738 -434.0686 12.5022 -73.362603
-35.1298 -447.795 10.0223 -73.35913
-30.511 -455.7937 6.7671 -73.356336
-26.4654 -460.7911 2.4423 -73.354415
-24.2919 -464.5784 0.2402 -73.353441
37.1249 -94.0849 14.9718 -73.612822
20.7736 -99.7756 22.2184 -73.5944
11.0172 -108.5614 18.7473 -73.58354
5.909 -113.1292 24.1737 -73.57941
4.7649 -121.3499 27.2758 -73.57525
-3.9067 -133.7894 26.1237 -73.568668
-16.2236 -149.0836 26.7198 -73.561389
-17.7909 -159.6216 22.5822 -73.554954
-30.8645 -168.2845 21.4997 -73.549457
-40.3768 -181.2163 24.3391 -73.544764
-50.8898 -195.8899 27.7601 -73.539976
-59.8432 -207.2909 27.0024 -73.535873
-63.453 -209.2381 15.4152 -73.532607
-64.2909 -212.4765 11.1044 -73.53037
-69.7086 -217.4653 14.9612 -73.529237
-1.3141 -131.2728 34.9295 -73.572347
15.7442 -115.5027 24.1983 -73.582728
21.9499 -133.9863 25.1312 -73.577324
26.8898 -147.4387 25.6301 -73.572737
28.6429 -155.1273 32.7495 -73.569096
28.6017 -167.7997 33.6747 -73.566293
33.7647 -170.9041 21.6446 -73.563652
35.3986 -176.6564 11.4651 -73.561576
39.8278 -180.409 -7.3747 -73.560458
28.4843 -94.572 17.6083 -73.601696
24.075 -93.3058 9.4058 -73.596078
15.5128 -90.8025 -8.4542 -73.58647
-0.0475 -89.6597 -13.0268 -73.577647
-13.9393 -94.7328 -4.0497 -73.569727
-31.0534 -101.5497 -4.3571 -73.562587
-48.3446 -108.1087 -4.4853 -73.555067
-60.3769 -111.0796 -1.1234 -73.54838
-77.9711 -113.5102 3.296 -73.542471
-92.0999 -121.9743 4.6219 -73.537465
-105.6825 -132.44 0.8972 -73.533243
-119.8735 -141.3568 5.959 -73.529076
-132.8113 -151.1601 6.979 -73.525598
-147.2952 -155.5423 4.0924 -73.522811
-153.368 -158.2725 7.6335 -73.520897
-168.793 -159.6906 7.6228 -73.519927
50.8433 -86.5895 17.9535 -73.632879
61.2357 -92.3404 14.5899 -73.623464
72.1897 -102.125 21.0158 -73.611187
85.4059 -115.7278 22.6939 -73.599612
96.1046 -123.0147 27.5352 -73.588926
106.3877 -128.7142 28.8233 -73.579016
119.3522 -141.0891 32.8119 -73.56848
133.3865 -151.0456 27.4274 -73.559021
140.4642 -156.8554 25.7903 -73.550342
152.3124 -169.1266 29.8767 -73.542565
161.5491 -182.1636 26.4505 -73.535569
167.3763 -187.9265 20.8501 -73.528221
178.0174 -198.4202 27.7655 -73.52168
190.5879 -201.853 17.5881 -73.515884
198.4764 -209.0366 23.2285 -73.510952
206.4978 -222.3967 29.9785 -73.506772
216.4485 -231.2363 29.6641 -73.502659
219.3592 -241.6667 28.5636 -73.499165
217.6919 -257.4839 32.1794 -73.496366
212.7961 -271.781 39.8533 -73.494441
208.8344 -287.7139 39.3838 -73.493462
43.1478 -69.6198 16.0595 -73.668745
45.0982 -63.5211 16.1223 -73.666726
50.7937 -61.6079 11.0465 -73.663922
63.7547 -58.5312 9.7712 -73.660418
75.049 -60.4617 16.3877 -73.657543
83.0968 -60.7333 25.9161 -73.655487
91.3447 -63.64 26.8113 -73.654317
106.4082 -69.1292 24.6495 -73.651129
123.1559 -72.5629 28.9251 -73.647033
143.1961 -75.9244 28.8652 -73.644973
46.1286 -55.224 14.5026 -73.664874
37.6417 -45.2763 18.4222 -73.663311
22.8448 -43.0894 21.8828 -73.662448
