-0.8015 -1.2678 -0 -74.013027
-3.2062 -5.0715 -0 -74.01446
-5.0765 -8.0299 -0 -74.015447
-6.4123 -10.1429 0.0262 -74.015676
-8.0143 -12.677 0.1283 -74.015922
-8.8146 -13.9429 0.1666 -74.016104
-8.2187 -14.5214 0.2948 -74.01631
-8.7411 -16.3672 0.5247 -74.016848
-10.0309 -17.8905 1.1419 -74.017539
-11.386 -19.3222 1.89 -74.018224
-12.7254 -20.8552 2.392 -74.018892
-14.0432 -22.4116 2.6217 -74.019692
-14.6972 -24.3185 2.0715 -74.020672
-15.5306 -26.234 2.0482 -74.021743
-16.1094 -27.8038 2.3068 -74.022688
-14.7796 -28.9827 3.1257 -74.0235
-13.6062 -30.5844 3.6202 -74.024322
-12.2537 -32.1091 3.9089 -74.025151
-11.1222 -33.7683 4.2796 -74.02599
-10.1932 -35.2295 5.196 -74.026837
-9.3619 -36.7283 6.3117 -74.027694
-8.5851 -38.2492 7.4144 -74.028558
-7.5935 -39.8435 8.2499 -74.02943
-6.8916 -41.4349 9.2193 -74.030316
-6.2727 -43.3267 9.6108 -74.031208
-5.7427 -44.6215 10.9758 -74.032114
-5.2774 -45.3085 12.8612 -74.03303
-4.5701 -46.2857 12.7646 -74.033953
-3.9187 -47.0128 11.0346 -74.034888
-3.487 -47.3534 9.0584 -74.035836
-3.1601 -48.3203 10.2056 -74.036795
-2.5906 -49.7167 11.29 -74.037754
-2.064 -51.2649 10.2609 -74.038725
-1.9023 -53.0628 10.2828 -74.039705
-1.2374 -53.7481 8.8883 -74.040702
-0.2338 -55.4757 8.438 -74.041704
0.9268 -57.1391 8.1846 -74.042717
2.1659 -58.7648 8.26 -74.04374
2.7966 -60.3652 9.2072 -74.044776
3.5606 -62.0815 8.7826 -74.045823
4.1051 -63.9769 8.2533 -74.046883
4.7728 -65.8913 8.0534 -74.047952
5.555 -67.7898 8.1794 -74.049031
5.4215 -69.7319 8.5591 -74.050122
5.3722 -71.1779 9.39 -74.051227
6.6015 -72.8224 9.4344 -74.052343
7.9091 -74.3345 9.4579 -74.053472
9.1469 -75.9691 9.4502 -74.054613
10.0298 -77.8076 9.4917 -74.055764
10.7723 -79.6982 9.5101 -74.05693
12.3735 -80.8411 9.4583 -74.058107
13.4145 -82.6176 9.4397 -74.059297
14.1594 -84.5026 9.6273 -74.060501
14.908 -86.352 10.0263 -74.061719
15.6285 -88.1574 10.421 -74.062948
16.2688 -90.0988 10.1972 -74.064193
16.8061 -92.0324 10.2983 -74.065449
18.0591 -93.5211 10.9131 -74.066719
19.0692 -95.1762 11.592 -74.068003
20.0514 -96.8019 12.3554 -74.069299
20.7986 -98.4251 13.1509 -74.070611
22.3425 -99.643 13.6764 -74.071937
23.1324 -101.4525 13.8694 -74.073277
24.2278 -103.1764 13.8286 -74.074632
25.7948 -104.4654 13.8973 -74.076001
27.3532 -105.7951 13.951 -74.077382
28.4996 -107.4233 13.9547 -74.07878
30.0108 -108.56 13.6639 -74.080194
31.1081 -108.6091 12.0588 -74.081647
29.9694 -109.9097 10.9348 -74.083225
28.8308 -111.2104 9.8109 -74.084779
27.6922 -112.511 8.6869 -74.08631
26.8377 -113.4766 7.7017 -74.087836
28.1153 -111.9666 8.2837 -74.08947
29.3929 -110.4565 8.8658 -74.091078
30.6706 -108.9464 9.4479 -74.09266
31.1787 -108.9746 10.7509 -74.094269
31.0798 -109.3078 12.7833 -74.095898
31.1974 -110.3892 14.0207 -74.097512
31.8589 -112.2436 14.4776 -74.099133
32.2207 -114.0808 14.8897 -74.10077
32.3754 -116.0895 14.7382 -74.102423
33.2282 -117.7627 14.1097 -74.104093
34.0263 -119.6079 13.7086 -74.105777
34.4263 -121.5938 13.4703 -74.107477
34.6735 -123.5948 13.4834 -74.109191
34.4631 -125.6138 13.6554 -74.11092
35.477 -127.1975 13.9548 -74.112659
36.4488 -128.3733 14.9241 -74.114424
36.0423 -130.1872 15.3722 -74.116212
35.1621 -131.5518 15.4371 -74.118006
35.6418 -129.8523 14.8263 -74.119802
35.0348 -128.0619 14.2107 -74.121613
35.5446 -129.8444 14.1534 -74.123438
35.6291 -131.8577 14.0497 -74.125272
34.8485 -133.6181 13.7199 -74.127115
34.2995 -135.3089 12.7219 -74.128968
33.9891 -137.2127 12.2496 -74.130828
34.6951 -139.1364 12.158 -74.132696
34.4342 -141.0719 12.4762 -74.134569
34.9496 -142.8915 13.1328 -74.136454
35.1207 -144.6736 12.8365 -74.138339
36.0553 -146.4708 12.5635 -74.140228
36.5162 -147.9232 11.2272 -74.142128
37.0821 -149.6924 10.5935 -74.144018
38.1845 -151.3675 10.8233 -74.145907
38.9786 -152.5573 11.4668 -74.147797
38.5512 -154.4927 11.7745 -74.149691
38.9845 -156.4817 12.0272 -74.151583
38.8087 -158.4686 12.102 -74.153463
39.4316 -160.3993 12.1561 -74.155331
40.017 -162.1492 11.7738 -74.157189
39.9044 -164.0643 11.3068 -74.159027
40.4166 -165.9089 10.6066 -74.160849
41.3853 -167.5493 10.7632 -74.162644
42.1247 -169.1267 11.6727 -74.164415
42.1485 -170.8263 12.6221 -74.166159
41.2541 -172.1527 13.7028 -74.167862
41.3329 -173.6405 14.3131 -74.169527
41.6008 -174.8677 12.6805 -74.171153
41.8738 -176.7997 12.275 -74.172723
42.7438 -178.5456 11.9564 -74.174235
43.2439 -180.4578 12.0397 -74.175685
43.3656 -182.4295 12.4106 -74.177068
43.6747 -184.2146 13.2717 -74.178379
44.1736 -186.1236 13.8383 -74.179603
44.3535 -187.9066 14.7675 -74.180741
44.8726 -189.5685 15.6922 -74.181782
45.4404 -191.1005 14.5715 -74.182719
46.1386 -192.9259 14.1459 -74.183543
46.6287 -194.8895 13.783 -74.184247
47.9055 -196.4354 13.3908 -74.184825
49.0241 -197.9564 13.467 -74.185269
49.8322 -199.3762 13.2319 -74.185573
51.04 -200.3986 12.0409 -74.185728
-16.8109 -27.3553 2.8101 -74.022549
-17.497 -28.3029 4.2038 -74.023071
-18.1984 -29.271 5.5067 -74.023584
-18.2577 -29.3412 3.7473 -74.024185
-18.2679 -29.344 1.9276 -74.024777
-18.2781 -29.3467 0.108 -74.025356
-18.2883 -29.3494 -1.7116 -74.025924
-18.2985 -29.3522 -3.5313 -74.026479
-18.8534 -30.5664 -3.9808 -74.027029
-18.8107 -32.318 -3.8597 -74.027587
-19.3066 -34.0554 -3.7456 -74.02815
-18.9488 -34.5418 -2.2544 -74.028721
-18.3075 -35.7012 -1.0566 -74.029299
-18.003 -37.2922 -0.254 -74.02988
-17.2153 -38.7422 0.5062 -74.030467
-17.2992 -40.1694 1.5541 -74.03106
-17.1185 -41.7267 2.3954 -74.03166
-17.083 -42.8762 3.6698 -74.032268
-17.3639 -44.4413 4.545 -74.032882
-18.2212 -45.6938 5.2818 -74.033498
-18.9632 -46.7735 4.1464 -74.034121
-19.2427 -47.6114 2.5633 -74.034755
-19.7572 -49.1601 2.2576 -74.035389
-20.0441 -50.8741 2.5491 -74.036029
-20.3286 -52.4364 3.2684 -74.036673
-19.8077 -53.8024 3.6098 -74.037324
-19.2008 -54.6661 2.2731 -74.037985
-18.7221 -56.0354 2.9434 -74.038654
-18.7365 -56.729 4.1896 -74.039328
-18.8997 -58.1413 5.2798 -74.040004
-18.8149 -59.8936 5.7078 -74.040684
-18.9822 -61.072 7.0484 -74.041371
-19.3934 -62.5349 8.0119 -74.042058
-19.547 -63.8484 9.0694 -74.042753
-19.5772 -65.5723 8.63 -74.043446
-19.258 -67.3139 8.3405 -74.044142
-19.7508 -69.0603 8.364 -74.044837
-19.9946 -70.8175 8.7102 -74.045536
-19.8037 -72.5539 9.1873 -74.046236
-19.7201 -74.3251 9.5635 -74.046935
-20.2567 -75.9938 9.7611 -74.047633
-19.7758 -77.7066 9.8918 -74.048329
-19.8692 -79.394 10.0722 -74.049021
-20.6153 -80.6503 10.7965 -74.049708
-20.8101 -82.0334 11.1362 -74.050386
-21.8468 -83.2751 10.5156 -74.051055
-22.3598 -84.646 11.4203 -74.051714
-22.8139 -86.2646 12.0203 -74.05236
-22.9433 -87.4114 13.1988 -74.052996
-23.2601 -88.7922 14.1473 -74.053612
-23.5187 -90.5915 14.1567 -74.054203
-23.7693 -92.3875 14.2837 -74.054771
-23.9193 -94.161 14.5659 -74.055312
-24.765 -95.4177 14.2775 -74.055823
-25.6946 -96.5629 13.7452 -74.0563
-26.3361 -98.2508 13.7081 -74.056739
-26.22 -99.6251 14.4174 -74.057143
-26.029 -100.2322 16.1217 -74.057501
-25.98 -100.9366 17.7977 -74.05781
-26.1774 -101.1961 19.58 -74.058074
-26.4133 -101.3806 21.3748 -74.058272
-26.5757 -102.9017 22.0388 -74.058406
-26.565 -104.1061 22.8298 -74.058475
-10.4886 -18.1238 0.6694 -74.018093
-10.4015 -18.057 0.4643 -74.018469
-11.3637 -19.3353 1.4826 -74.018925
-12.4409 -20.4928 2.3203 -74.019469
-13.7335 -21.882 2.6066 -74.020063
-14.3525 -23.4451 1.6476 -74.020667
-14.7639 -24.7529 0.4153 -74.021278
-15.0123 -25.6795 -1.2982 -74.021897
-14.7483 -27.3027 -2.2341 -74.022523
-14.1682 -28.7546 -3.3613 -74.023157
-14.1335 -30.3237 -2.5621 -74.023799
-14.176 -32.0715 -1.7097 -74.024447
-14.076 -33.7889 -0.9359 -74.025102
-13.8862 -35.6563 -1.4771 -74.025762
-13.5408 -37.5381 -1.8551 -74.02643
-12.9254 -39.3671 -2.0095 -74.027105
-12.8947 -41.2639 -2.5483 -74.027787
-12.5093 -43.0891 -2.3969 -74.028474
-11.8636 -44.7358 -1.5183 -74.029173
-11.3409 -46.4019 -0.6056 -74.029878
-11.0233 -47.5467 0.9658 -74.030594
-10.5913 -48.4457 2.6789 -74.031313
-10.1405 -50.0833 3.3431 -74.032037
-10.2934 -51.7904 2.9275 -74.032768
-10.88 -52.8858 1.4404 -74.03351
-11.0363 -54.4811 1.7038 -74.034256
-11.1458 -56.3254 2.378 -74.03501
-10.357 -57.7555 3.4384 -74.035771
-10.1358 -58.8326 4.9901 -74.036541
-10.3077 -60.6124 5.6598 -74.03732
-11.2813 -62.2927 6.0116 -74.038105
-11.7958 -64.1934 6.181 -74.038897
-12.4342 -66.0517 6.3974 -74.0397
-11.9522 -67.7789 6.8906 -74.040511
-11.6762 -69.0382 8.2561 -74.04133
-11.713 -70.0381 9.9612 -74.042157
-11.8555 -70.9146 11.6774 -74.042999
-12.8132 -71.5235 13.2459 -74.043845
-13.5753 -72.2336 12.7301 -74.044701
-14.1638 -73.7043 11.8882 -74.045565
-14.4131 -75.2707 10.815 -74.046437
-13.5782 -77.0011 10.3425 -74.047319
-13.3259 -78.9499 10.1371 -74.048211
-13.3622 -80.9141 10.3308 -74.04911
-14.2376 -82.5066 10.9807 -74.050017
-14.7845 -84.1023 11.9265 -74.050936
-15.3519 -85.4422 12.6525 -74.051865
-15.7865 -86.6616 12.098 -74.052805
-16.5522 -87.7496 13.5364 -74.053754
-17.1687 -89.5648 13.8022 -74.054711
-18.2162 -91.1682 13.885 -74.055677
-19.5493 -92.634 13.9514 -74.056653
-20.3209 -94.4426 13.8656 -74.057639
-21.0095 -96.2837 13.6721 -74.058634
-21.3384 -97.8523 13.9673 -74.05965
-21.6939 -97.8965 15.9193 -74.060687
-22.3276 -98.0602 17.7316 -74.061719
-21.887 -98.9874 16.7979 -74.06277
-22.8153 -99.7306 15.3374 -74.063817
-24.3779 -100.6691 14.7056 -74.064872
-24.3457 -102.6276 14.3888 -74.065932
-24.5768 -104.5617 14.2213 -74.066998
-24.8282 -106.5067 14.2205 -74.068072
-25.0574 -108.4614 14.1941 -74.069152
-25.5558 -110.3378 14.0236 -74.070238
-26.9412 -111.6652 13.5497 -74.07133
-27.6548 -113.1993 12.651 -74.072425
-27.9593 -114.1646 11.0361 -74.073538
-28.3565 -115.3746 10.0919 -74.074635
-29.1471 -116.4978 9.0352 -74.07574
-29.5399 -117.0458 7.1689 -74.076855
-29.9596 -117.6548 5.3281 -74.077959
-30.9613 -118.935 4.5188 -74.079053
-32.1435 -120.2324 4.6581 -74.080143
-32.9363 -121.0473 6.2793 -74.081229
-33.621 -122.2206 7.5953 -74.082301
-33.9105 -123.585 8.7937 -74.083363
-34.4873 -124.3869 10.3397 -74.084408
-35.0405 -125.7656 11.4307 -74.085432
-34.701 -127.6323 11.772 -74.086434
-35.3063 -129.4991 11.9181 -74.087411
-35.9903 -131.3268 11.7835 -74.088358
-37.6819 -132.1342 11.31 -74.08927
-38.5009 -133.4806 10.3217 -74.090146
-38.4967 -134.7419 8.9782 -74.090982
-39.2613 -136.1191 9.0235 -74.091766
-39.6486 -137.8732 9.0943 -74.092497
-40.3927 -139.5578 8.4232 -74.093168
-41.3357 -141.2284 8.0319 -74.093774
-41.7461 -143.1332 7.6854 -74.094311
-42.0138 -145.0056 7.4829 -74.094771
-41.9887 -146.6225 8.5512 -74.095152
-43.1363 -148.1444 8.915 -74.095444
-43.8626 -149.8828 8.3731 -74.095644
-44.926 -151.4033 7.7386 -74.095747
-9.353 -14.8211 0.2731 -74.01638
-11.0559 -15.5864 0.7158 -74.01688
-12.8605 -15.9487 1.177 -74.017501
-14.323 -16.6873 2.6356 -74.018659
-15.6273 -17.7486 4.2904 -74.019635
-16.5612 -19.3299 4.837 -74.020076
-17.0333 -20.2944 6.2453 -74.020576
-17.8874 -21.5361 7.3823 -74.021093
-18.8508 -22.9769 8.1796 -74.021615
-19.5099 -24.5801 8.9543 -74.022145
-19.7318 -25.6734 10.3712 -74.022684
-19.6375 -26.5275 11.987 -74.023233
-20.9183 -27.5166 12.4491 -74.023784
-21.2964 -29.0814 13.3143 -74.024343
-21.83 -30.7644 14.0149 -74.024908
-22.4092 -32.288 14.7504 -74.025481
-23.1716 -32.8787 16.4102 -74.026066
-23.4458 -33.3976 17.1662 -74.02665
-23.9797 -35.1098 17.8018 -74.027243
-25.2888 -36.4276 18.1128 -74.02784
-26.4013 -37.9363 18.2431 -74.028443
-27.2908 -39.5473 18.3867 -74.029053
-28.9068 -40.2841 18.3568 -74.029669
-28.8386 -41.8551 18.071 -74.030292
-30.0593 -43.3052 18.0707 -74.030921
-30.6546 -44.9959 18.2212 -74.031559
-31.4097 -46.5757 18.3297 -74.032203
-32.6885 -47.8644 18.2798 -74.032853
-33.6705 -49.4532 18.3794 -74.033508
-34.3435 -51.1833 18.7706 -74.034169
-35.0428 -52.643 19.7515 -74.034837
-35.9334 -53.9164 20.8542 -74.035511
-36.4958 -55.5633 21.6175 -74.03619
-37.1515 -57.2664 22.1901 -74.036874
-37.503 -58.9135 22.7742 -74.037567
-37.2767 -60.629 23.5408 -74.038268
-38.3487 -62.1152 24.0868 -74.038971
-38.7835 -63.8894 24.6417 -74.03968
-39.0307 -65.5698 25.4324 -74.040393
-39.2448 -67.4312 25.7075 -74.041113
-39.4113 -69.2406 26.1323 -74.041836
-38.2265 -70.1613 27.1367 -74.042565
-37.9293 -71.6381 28.1838 -74.043301
-36.7386 -72.8721 28.5562 -74.044038
-35.4143 -74.1273 28.8617 -74.044776
-33.8413 -75.1427 29.2839 -74.045534
-32.9832 -76.7229 29.5771 -74.046279
-33.6399 -75.092 29.1649 -74.047036
-33.1635 -76.3575 28.5144 -74.047789
-32.6394 -77.9449 29.3953 -74.048539
-31.5586 -79.4236 29.8926 -74.049299
-30.8094 -81.0765 30.3763 -74.050052
-31.5811 -82.6547 30.6865 -74.050789
-31.7168 -84.5489 30.8274 -74.051517
-31.5105 -86.4537 30.8357 -74.052233
-31.5377 -88.3667 30.7633 -74.052938
-31.4829 -90.279 30.6456 -74.053626
-31.9235 -92.1277 30.4947 -74.054296
-32.2806 -93.9944 30.2829 -74.054942
-33.2826 -95.4749 30.073 -74.055565
-34.2923 -96.3147 29.212 -74.05616
-33.7984 -97.5646 29.0456 -74.056727
-33.365 -98.5644 30.3242 -74.057259
-34.9529 -99.5888 30.5864 -74.057748
-35.3561 -101.2379 30.5528 -74.058194
-35.425 -102.1901 29.7785 -74.058592
-35.4381 -103.6106 30.0236 -74.058936
-35.4329 -104.9525 28.8355 -74.059221
-35.4888 -106.6151 28.0477 -74.05944
-35.1318 -108.0258 29.2064 -74.059593
-34.5346 -109.5447 30.0645 -74.05967
-15.445 -16.6758 3.4162 -74.01964
-17.1123 -16.5493 2.7023 -74.020075
-18.8242 -16.1183 2.2844 -74.02057
-20.5247 -15.3962 2.2003 -74.021077
-22.3116 -15.3473 2.4856 -74.02159
-24.0423 -14.9367 2.9859 -74.022112
-25.7912 -14.8802 3.5418 -74.022641
-27.6376 -14.8877 3.7424 -74.023177
-29.4617 -14.8882 3.7168 -74.023719
-31.2202 -15.3922 3.5297 -74.024269
-32.7539 -15.8243 2.9445 -74.02483
-34.0829 -16.2305 1.7975 -74.025394
-35.3566 -17.1047 0.7776 -74.025966
-36.7811 -17.3591 0.0703 -74.026541
-38.4049 -17.2529 0.8951 -74.027121
-40.1857 -16.9717 1.2216 -74.027709
-41.9745 -17.3706 1.348 -74.028304
-43.6645 -17.7288 1.1737 -74.028905
-45.1638 -16.9527 0.472 -74.029512
-46.3865 -16.2335 -0.6264 -74.030127
-48.1583 -16.038 -0.1893 -74.030748
-49.5586 -16.5997 0.7893 -74.031378
-50.6275 -17.7832 1.5574 -74.032012
-52.4581 -17.9497 1.6886 -74.032653
-54.2203 -17.8442 1.1278 -74.0333
-55.6575 -18.4041 0.1681 -74.033955
-57.139 -19.2179 -0.5793 -74.034617
-58.8775 -19.6978 -0.9928 -74.035285
-60.4992 -20.5497 -0.8751 -74.035958
-62.2699 -20.9516 -0.784 -74.036638
-63.9605 -21.4851 -1.2025 -74.037331
-65.769 -21.6468 -1.2364 -74.038025
-67.4074 -21.948 -2.0416 -74.038726
-69.2303 -22.0478 -2.2783 -74.039433
-71.0405 -22.3933 -2.2 -74.040148
-72.76 -22.6876 -1.8978 -74.040868
-74.4248 -22.1245 -1.3042 -74.041595
-75.468 -21.5676 0.0962 -74.042329
-76.805 -21.0117 0.8974 -74.04307
-78.6304 -21.1688 0.7939 -74.043812
-80.2126 -21.6023 1.4208 -74.04456
-81.9055 -21.4802 1.8938 -74.045311
-83.3789 -20.5725 2.4839 -74.046067
-84.8475 -20.092 3.3977 -74.046825
-85.8797 -19.4106 4.4732 -74.047589
-86.9877 -17.9771 4.3817 -74.048351
-88.4094 -16.917 4.436 -74.049113
-89.1332 -16.2863 5.8123 -74.049883
-89.6827 -16.0961 7.5766 -74.050649
-90.6073 -14.9923 8.5732 -74.051404
-91.6573 -14.5236 9.9347 -74.052154
-92.216 -13.6924 11.4126 -74.052903
-93.3323 -12.5367 11.3011 -74.053631
-94.3529 -11.3333 10.4637 -74.054348
-95.9243 -11.359 10.3327 -74.05505
-97.085 -12.6874 10.4076 -74.055733
-98.637 -11.9209 10.4364 -74.056395
-99.8512 -10.5582 10.1484 -74.05703
-101.1467 -9.2581 9.9913 -74.057638
-102.9108 -8.8466 10.0308 -74.058212
-104.2043 -7.6318 10.4372 -74.058746
-105.7848 -7.7377 11.2376 -74.05924
-107.5295 -7.7352 11.7584 -74.059688
-108.7114 -6.5165 12.2914 -74.060085
-108.6826 -5.013 12.9437 -74.060429
-109.4316 -4.9691 14.0337 -74.060713
-110.9911 -5.321 13.2911 -74.060933
-112.3812 -4.7789 12.2565 -74.061083
-113.4541 -4.4164 10.8172 -74.061161
-15.5545 -17.632 4.3033 -74.019619
-16.8149 -18.3686 5.0193 -74.020002
-18.1535 -17.7371 5.9254 -74.020443
-19.3957 -17.6568 7.1162 -74.020899
-20.6245 -17.4395 8.329 -74.021361
-21.4073 -17.0773 9.8446 -74.021835
-22.3291 -16.4593 11.1562 -74.022313
-23.7986 -16.4039 12.1053 -74.022799
-24.636 -16.4397 13.5353 -74.023297
-26.0492 -16.413 14.4153 -74.023796
-26.5091 -16.6788 16.0866 -74.024312
-27.6416 -17.5424 16.452 -74.024824
-28.9683 -17.6171 17.1518 -74.025342
-30.2529 -16.8642 18.0015 -74.025866
-31.8112 -16.9615 18.7079 -74.026398
-32.7125 -16.0015 17.8716 -74.026933
-33.9732 -15.3124 17.8919 -74.027475
-35.5154 -14.9405 18.541 -74.028022
-36.8148 -15.2621 19.6037 -74.028575
-38.1095 -15.3947 20.6532 -74.029131
-39.3709 -15.3085 20.5665 -74.029698
-39.9084 -15.4165 22.2463 -74.030274
-41.4898 -16.1032 22.568 -74.030844
-43.1935 -16.3081 22.9719 -74.031417
-44.8671 -16.1005 23.426 -74.031992
-46.5874 -16.255 23.8037 -74.032572
-48.2806 -16.146 24.1613 -74.03315
-49.8848 -15.6408 24.6252 -74.033729
-51.569 -15.5809 25.1077 -74.034307
-53.1934 -15.8717 25.7123 -74.034884
-54.8397 -16.0518 26.2602 -74.035461
-56.4663 -15.7486 26.8593 -74.03603
-57.6381 -14.8744 27.7621 -74.036593
-58.8394 -13.7889 28.4214 -74.03715
-60.1932 -13.1386 29.3328 -74.037702
-61.8304 -12.6017 29.6751 -74.038242
-63.5039 -12.1508 29.7076 -74.038769
-64.8861 -11.121 29.4315 -74.039283
-65.5954 -10.0293 28.2627 -74.039782
-66.3587 -9.069 29.1123 -74.040262
-67.3994 -7.9254 29.8988 -74.040721
-68.8854 -7.8686 29.963 -74.041155
-70.5505 -7.352 29.9726 -74.041561
-72.0497 -6.4284 30.0037 -74.041938
-73.5599 -5.5098 29.9785 -74.04228
-74.8786 -4.3323 29.9264 -74.042596
-76.2236 -3.1844 29.9023 -74.04286
-77.2186 -1.7362 29.9278 -74.043078
-78.2778 -0.5048 29.7779 -74.043247
-79.9939 -0.3567 29.5292 -74.043363
-81.6519 -0.1123 29.479 -74.043423
-15.2282 -17.1379 4 -74.01945
-15.8134 -17.8487 4 -74.019463
-16.4306 -18.5318 4 -74.01947
-13.8552 -16.3527 0.6773 -74.01788
-6.8126 -12.9962 0.0714 -74.016038
-5.8684 -15.48 0.0572 -74.016501
-5.4058 -18.0693 0.0621 -74.017103
-4.8048 -20.6622 0.1442 -74.01787
-4.2378 -23.1032 0.3354 -74.018836
-4.2185 -23.3173 3.0099 -74.020422
-4.1991 -23.5292 5.6846 -74.022033
-3.9404 -24.0329 8.0609 -74.023637
-2.9465 -26.4423 7.8893 -74.02528
-2.9898 -29.1239 7.9366 -74.026981
-2.8312 -31.7921 8.079 -74.028745
-2.7737 -34.4658 8.0848 -74.030575
-3.1335 -36.1267 6.8772 -74.032505
-2.9668 -36.5649 4.2354 -74.034509
-3.5563 -38.3842 2.8887 -74.036553
-4.3063 -40.3834 1.497 -74.038682
-4.1208 -42.6459 0.2252 -74.040882
-4.2362 -43.7827 0.8959 -74.042664
-3.8312 -43.4159 2.8085 -74.043956
-3.4263 -43.0492 4.7211 -74.045236
-3.0214 -42.6825 6.6338 -74.046504
-2.6164 -42.3158 8.5464 -74.04776
-2.2115 -41.949 10.459 -74.049003
-1.8006 -41.5642 12.3611 -74.050235
-1.0504 -39.8462 12.7392 -74.051506
0.1758 -38.6585 13.5417 -74.052797
1.5902 -38.0395 13.8599 -74.054134
3.2347 -39.0768 14.2093 -74.055494
3.2862 -40.8715 14.6526 -74.056892
3.0921 -42.2179 15.9515 -74.058324
3.289 -43.8273 17.0278 -74.059792
3.7676 -45.0577 18.3989 -74.061308
5.3853 -45.2551 17.5078 -74.062864
6.4565 -45.5185 16.2146 -74.064488
6.4601 -45.5688 14.2263 -74.06616
7.3041 -46.1013 15.3965 -74.067866
7.7212 -46.6728 17.2551 -74.069625
8.2906 -47.8462 18.7417 -74.071412
8.7291 -49.4862 19.2615 -74.072736
9.1255 -50.9461 19.7272 -74.073547
10.0364 -52.2198 19.9693 -74.074365
10.7133 -53.6545 20.0389 -74.075193
11.8089 -54.3454 19.5071 -74.076036
12.1976 -54.6669 17.9921 -74.076888
13.1099 -54.8336 16.8714 -74.077746
13.5838 -54.6626 15.3738 -74.078663
13.6588 -54.6533 13.7788 -74.079718
13.7337 -54.644 12.1838 -74.080748
13.8087 -54.6347 10.5888 -74.081756
13.8837 -54.6254 8.9938 -74.082738
13.9586 -54.6161 7.3988 -74.083696
14.0336 -54.6068 5.8038 -74.084629
14.1085 -54.5975 4.2088 -74.085537
14.1663 -54.5744 2.6132 -74.086553
14.2206 -54.5486 1.0176 -74.087582
14.2749 -54.5228 -0.5781 -74.088582
14.3293 -54.497 -2.1737 -74.089551
14.3836 -54.4712 -3.7694 -74.09049
14.4379 -54.4454 -5.365 -74.091398
13.7113 -55.8095 -5.5929 -74.092289
13.1825 -57.2536 -6.0072 -74.093178
12.9567 -58.7053 -6.561 -74.09406
12.6682 -60.0281 -7.37 -74.094933
12.3514 -61.5353 -7.7387 -74.095798
11.9771 -63.0578 -7.8716 -74.09665
11.7617 -64.6275 -7.7751 -74.09749
11.4655 -65.9109 -8.3481 -74.098315
11.6675 -66.9063 -9.5712 -74.099124
11.728 -68.3207 -9.6289 -74.099917
11.6975 -68.4625 -8.07 -74.100686
11.4235 -69.5735 -7.0162 -74.101426
11.1196 -70.8404 -6.109 -74.102138
11.0275 -71.8722 -4.9846 -74.102823
11.2426 -73.2528 -4.3725 -74.103474
10.7531 -74.6674 -3.9199 -74.104087
10.425 -76.2016 -3.7062 -74.104662
10.77 -77.7411 -3.6532 -74.105194
11.0786 -79.2552 -3.6604 -74.10568
11.425 -80.7723 -3.755 -74.106116
11.2996 -82.2807 -4.0128 -74.106499
11.9706 -83.6675 -4.3963 -74.106827
12.7118 -84.5829 -3.8154 -74.107098
13.1706 -85.4159 -2.5821 -74.107305
13.3664 -86.853 -1.9391 -74.107446
13.3682 -87.667 -0.8755 -74.107518
8.6263 -48.9248 19.7774 -74.072704
8.971 -49.5407 20.9869 -74.073447
9.2099 -51.0475 20.8184 -74.074194
10.0927 -52.2943 20.5532 -74.074945
10.6868 -53.724 20.4404 -74.075698
11.4461 -54.1517 19.6321 -74.07647
11.5442 -54.2966 18.1881 -74.077242
12.9332 -54.8812 18.406 -74.078008
13.2774 -55.294 19.8309 -74.078796
13.7729 -56.2787 20.5319 -74.079566
14.3885 -57.7019 20.5127 -74.080338
15.16 -59.0485 20.6431 -74.081107
15.6443 -60.0525 21.5504 -74.081878
16.2084 -60.988 22.5631 -74.082645
17.2577 -61.2039 23.519 -74.083404
18.4454 -61.8839 23.9975 -74.084156
19.1422 -63.2514 24.2481 -74.084901
19.671 -63.8624 25.3071 -74.085649
20.2623 -64.3588 26.3522 -74.086379
21.638 -65.0559 26.1487 -74.087093
22.7173 -66.1327 25.8633 -74.087835
23.7256 -67.2733 25.5197 -74.088548
24.6112 -68.47 25.1932 -74.089222
24.9681 -69.954 24.971 -74.089872
24.9964 -70.9802 24.2159 -74.090533
24.9684 -71.117 22.6615 -74.091197
24.9404 -71.2538 21.1072 -74.091814
24.9124 -71.3907 19.5528 -74.092385
24.8648 -71.4567 17.9963 -74.092914
24.9221 -71.7069 16.7213 -74.093406
25.4185 -72.6144 17.5247 -74.093872
25.5779 -72.8182 19.0637 -74.094303
25.6724 -73.1458 20.5059 -74.094681
25.5385 -73.7136 21.7923 -74.095023
25.5469 -73.9336 23.3373 -74.095318
25.5553 -74.1535 24.8823 -74.095553
26.4257 -75.2629 24.9859 -74.095732
26.2037 -76.801 24.991 -74.095854
26.3234 -78.3421 25.0702 -74.095916
-4.7208 -44.7161 -0.023 -74.04234
-5.1299 -46.1818 0.6944 -74.043004
-5.3697 -46.9913 2.259 -74.043679
-5.7718 -48.0995 3.5791 -74.04436
-6.3113 -49.4357 4.5711 -74.045053
-6.1052 -51.0319 5.3148 -74.045754
-5.9754 -52.7323 5.8136 -74.046463
-5.3005 -54.3124 6.0843 -74.047182
-5.5666 -55.9139 6.2159 -74.04791
-6.3626 -57.4622 6.4728 -74.048646
-7.4327 -58.7683 6.9386 -74.049392
-8.3123 -60.0607 7.6969 -74.050146
-9.2075 -61.5771 7.5449 -74.050906
-10.0182 -63.1512 7.7642 -74.051675
-10.4982 -64.8336 7.9938 -74.052451
-11.098 -66.494 8.2496 -74.053237
-11.5795 -68.0917 8.8213 -74.05403
-11.4778 -69.48 9.814 -74.05483
-11.3768 -70.9824 10.6772 -74.055639
-11.1615 -72.6665 10.9417 -74.056457
-11.9531 -74.0675 10.3517 -74.057282
-12.2253 -75.2856 9.1163 -74.058116
-12.386 -76.5528 7.8889 -74.058954
-12.4919 -77.8973 6.8778 -74.059803
-12.6418 -79.6702 6.7282 -74.060657
-12.8923 -81.2283 7.3625 -74.06152
-13.0636 -82.0267 8.8276 -74.062398
-12.8375 -83.2389 8.8894 -74.063274
-12.4716 -84.694 8.0205 -74.06416
-12.6797 -85.5671 7.0599 -74.065056
-12.5183 -84.1321 6.1622 -74.065964
-12.5292 -84.0813 7.3739 -74.06688
-11.895 -85.6688 7.8198 -74.067802
-11.5229 -87.2946 8.4116 -74.068729
-10.3324 -88.1124 9.2259 -74.069661
-10.675 -89.8262 9.467 -74.070602
-11.2148 -91.4903 9.7261 -74.071544
-11.4919 -93.2205 9.9224 -74.072489
-11.8689 -94.9605 9.9938 -74.07344
-12.2215 -96.7085 9.9892 -74.07439
-12.5548 -98.4528 9.9031 -74.075344
-13.101 -100.1246 9.6027 -74.076298
-13.6123 -101.6942 9.0552 -74.077253
-14.5178 -102.8115 8.0351 -74.078209
-14.732 -103.8321 6.6289 -74.079166
-14.736 -104.949 5.3416 -74.080123
-14.7897 -105.5564 3.6632 -74.081076
-14.9175 -106.1934 2.0059 -74.082022
-14.8119 -107.3154 0.66 -74.082949
-14.3904 -108.3157 -0.7477 -74.083871
-14.0768 -109.6227 -1.5126 -74.084774
-14.1581 -111.3783 -1.2027 -74.085663
-14.4574 -112.7137 -0.3129 -74.086537
-14.5581 -113.8268 1.0481 -74.087388
-14.5629 -114.7419 2.5821 -74.08822
-14.3372 -115.8187 3.9677 -74.08902
-14.0073 -116.8255 5.38 -74.089791
-13.5104 -118.0936 6.4955 -74.090527
-13.0668 -119.695 6.5246 -74.091226
-12.4966 -121.0534 5.5568 -74.091881
-12.0851 -122.6625 5.1356 -74.092491
-12.5004 -124.2153 4.474 -74.093051
-12.6759 -125.9354 4.076 -74.093555
-13.0189 -127.5669 3.9008 -74.094001
-13.6129 -129.2115 3.7998 -74.094383
-14.5095 -130.7248 3.617 -74.094697
-15.1909 -132.314 3.2206 -74.094938
-16.0458 -133.6469 2.4524 -74.095103
-17.0046 -135.0632 2.0492 -74.095187
-3.6471 -8.0538 -0.0157 -74.015503
-1.3228 -8.9468 -0.0471 -74.015856
0.9314 -9.9936 -0.0832 -74.016242
2.6625 -11.7633 -0.1495 -74.016727
3.884 -13.4015 -0.8686 -74.017509
4.2751 -14.1359 -3.2157 -74.01926
4.6663 -14.8703 -5.5627 -74.021
5.0575 -15.6047 -7.9097 -74.02273
5.4487 -16.3392 -10.2567 -74.024447
5.5082 -15.6747 -11.481 -74.025755
5.7528 -14.1284 -10.9972 -74.026589
5.1317 -14.013 -9.0503 -74.027456
5.6382 -14.026 -8.2186 -74.028383
7.6439 -14.2766 -7.8039 -74.029336
9.6042 -14.0356 -7.3728 -74.030286
11.4824 -13.5321 -6.7322 -74.031268
12.4397 -13.1153 -5.3274 -74.032286
13.1732 -12.7275 -3.4442 -74.033349
14.0029 -12.5015 -1.5695 -74.034451
14.9232 -12.6143 0.2611 -74.035588
16.0509 -12.8503 1.9217 -74.036764
17.2291 -12.7352 3.6117 -74.037993
18.6969 -13.072 4.9744 -74.039236
20.4387 -12.843 5.9867 -74.040521
22.2399 -12.9948 6.2182 -74.041459
23.7688 -13.3762 5.9788 -74.04202
25.0057 -12.6222 5.3936 -74.042589
26.3571 -12.2571 4.8087 -74.043163
27.8738 -11.9691 4.5669 -74.043747
29.2461 -11.1445 4.4391 -74.044336
30.8012 -10.7714 4.3716 -74.04493
32.3851 -10.5715 4.2891 -74.045529
33.2233 -10.1298 4.9983 -74.046138
34.0663 -9.8024 5.9221 -74.046751
35.5597 -9.845 6.5062 -74.047365
36.9026 -9.7278 7.2501 -74.047985
38.2463 -9.5474 7.9246 -74.048605
39.7277 -9.1425 8.3952 -74.049227
41.1759 -8.7377 8.951 -74.04985
42.5633 -8.3419 9.5488 -74.050477
43.7337 -8.1277 8.583 -74.051102
45.1311 -8.0308 7.9631 -74.051725
46.5242 -8.3092 7.3517 -74.052343
47.4104 -8.3281 6.0274 -74.052963
48.547 -8.1523 4.9694 -74.053574
50.1277 -8.0481 4.8161 -74.054178
51.0302 -8.412 5.9293 -74.054785
52.4231 -8.5023 6.17 -74.055374
53.895 -8.5955 6.6905 -74.055955
54.9911 -8.7652 7.7616 -74.056522
56.4893 -8.9904 7.679 -74.057071
57.587 -10.1308 7.9043 -74.057603
59.0801 -10.6364 8.1455 -74.058117
60.6014 -11.0022 8.4608 -74.058606
61.9959 -11.5958 8.0265 -74.059071
62.9752 -11.9724 7.058 -74.059516
63.4644 -12.0743 5.5381 -74.059929
64.0395 -11.9612 4.047 -74.060314
64.4337 -11.9546 2.4888 -74.060664
64.823 -11.932 0.9297 -74.060972
65.2041 -11.8836 -0.6309 -74.061235
65.5558 -11.8356 -2.1985 -74.061453
65.8976 -11.7879 -3.7682 -74.061619
66.4194 -11.7876 -5.282 -74.061732
66.4944 -12.5596 -6.6605 -74.06179
21.8035 -12.9643 5.5087 -74.041567
22.2928 -12.8975 4.0421 -74.042329
22.782 -12.8307 2.5755 -74.043074
23.2713 -12.7639 1.1089 -74.043801
23.7606 -12.6971 -0.3578 -74.044511
24.2499 -12.6303 -1.8244 -74.045202
24.7391 -12.5635 -3.291 -74.045875
25.2284 -12.4967 -4.7576 -74.046528
25.7177 -12.4299 -6.2242 -74.047161
26.2069 -12.363 -7.6908 -74.047774
26.8935 -12.3131 -8.9994 -74.048371
27.9931 -12.1349 -10.0456 -74.048967
29.4155 -12.0244 -10.5719 -74.049563
30.9321 -12.139 -10.7879 -74.050157
32.4337 -12.4908 -10.7732 -74.050755
33.7283 -13.0404 -10.3346 -74.051349
34.9591 -13.7394 -9.781 -74.05194
36.3049 -14.3754 -9.3611 -74.052531
37.7863 -14.4064 -8.971 -74.053126
38.9765 -14.4204 -8.3072 -74.053716
39.509 -14.5028 -6.8771 -74.054296
40.803 -14.1184 -7.3333 -74.05486
42.1172 -13.7343 -7.9502 -74.055413
43.481 -14.2451 -8.4653 -74.055953
44.8322 -14.6862 -9.0455 -74.056478
46.2199 -15.1571 -9.5418 -74.056988
47.4998 -15.7968 -10.1041 -74.057476
48.4919 -16.341 -10.9949 -74.057946
49.2648 -16.5571 -12.2212 -74.058394
50.6437 -17.0063 -12.5265 -74.058811
52.1626 -17.2199 -12.7123 -74.059201
53.5098 -17.9199 -12.5815 -74.059558
54.8261 -18.5114 -12.0649 -74.05988
56.0144 -19.3898 -11.6485 -74.060165
57.1511 -20.3793 -11.2981 -74.060409
58.5784 -20.83 -11.009 -74.060609
59.5198 -21.3446 -11.6244 -74.060766
59.9152 -21.5013 -13.1121 -74.060873
60.3293 -21.6363 -14.5919 -74.060928
5.542 -17.4481 -11.9734 -74.02561
5.2752 -19.0549 -12.8511 -74.026135
4.5319 -20.5356 -13.6308 -74.026669
4.2842 -21.2679 -12.1504 -74.027221
4.5234 -21.5541 -11.2061 -74.027772
5.0916 -22.5097 -9.9139 -74.028335
5.6355 -23.6108 -8.5295 -74.028906
6.4022 -24.9693 -7.5369 -74.029485
6.6335 -26.3097 -6.3211 -74.030069
7.1852 -27.3717 -7.4784 -74.030667
7.7638 -28.2275 -9.037 -74.03127
9.1599 -28.8455 -10.0123 -74.031876
10.2945 -29.4271 -11.2255 -74.032489
12.0307 -29.9265 -10.7637 -74.033111
13.7255 -30.5864 -10.4924 -74.033739
15.1918 -31.515 -11.0288 -74.034373
16.7178 -31.6949 -12.0524 -74.035015
18.2188 -31.9125 -13.1144 -74.035664
19.9511 -32.1969 -13.7295 -74.036319
21.5074 -33.0418 -14.1745 -74.037006
22.8543 -34.2615 -14.6414 -74.0377
24.0059 -35.5947 -15.1729 -74.038378
24.5296 -37.1036 -15.7174 -74.039063
24.7232 -37.5624 -17.5262 -74.039764
25.1008 -38.2263 -19.2142 -74.040468
26.3789 -39.4506 -19.5884 -74.041172
28.1291 -39.8596 -20.0602 -74.041881
29.3513 -39.6098 -21.3429 -74.0426
30.6809 -38.9744 -22.3478 -74.043325
31.8544 -39.4408 -23.699 -74.044059
32.7072 -40.1312 -24.5207 -74.044797
34.1875 -40.0661 -24.2388 -74.045544
35.3747 -39.954 -25.6606 -74.046298
36.0556 -40.1808 -27.3735 -74.047067
37.1117 -40.5409 -28.8636 -74.047834
37.9499 -40.8975 -30.5002 -74.048606
38.8019 -40.6861 -32.1277 -74.049385
39.8174 -40.5169 -33.6425 -74.050166
40.8901 -40.7217 -35.068 -74.050948
42.5305 -41.61 -35.2384 -74.051732
44.3755 -41.8861 -35.4176 -74.052518
45.9871 -42.2694 -36.0731 -74.053307
47.4878 -43.2765 -36.1873 -74.05411
49.3319 -43.6209 -36.2065 -74.054929
51.1887 -43.712 -36.2324 -74.055721
53.0372 -43.4731 -36.3042 -74.056509
54.8899 -43.6769 -36.497 -74.05729
56.6959 -43.5991 -36.9065 -74.058066
58.2639 -44.1277 -37.6876 -74.058833
59.5341 -44.5902 -38.7803 -74.059597
60.5988 -45.0677 -39.8571 -74.060342
61.8729 -46.2433 -40.1922 -74.061072
63.3313 -46.5896 -41.0735 -74.061788
64.0217 -46.6763 -42.7931 -74.062489
64.5704 -46.7494 -44.583 -74.063166
64.8703 -46.6711 -46.4334 -74.063841
65.1687 -46.5915 -48.2839 -74.064465
65.5964 -46.5388 -50.1097 -74.065057
65.7108 -46.4215 -51.9702 -74.065655
65.6981 -46.2783 -53.8407 -74.066205
65.6854 -46.1351 -55.7113 -74.066688
65.6727 -45.9919 -57.5819 -74.067102
65.7296 -45.7497 -59.4403 -74.067466
65.8135 -45.4694 -61.2934 -74.067762
66.0243 -45.0935 -63.1166 -74.067988
66.1717 -44.6856 -64.9394 -74.068145
66.3305 -44.1781 -66.4646 -74.068225
5.6517 -16.7814 -12.2027 -74.025941
5.689 -16.9607 -13.7308 -74.02711
5.7263 -17.14 -15.259 -74.028266
5.7636 -17.3194 -16.7872 -74.029409
5.8009 -17.4987 -18.3154 -74.030539
5.8383 -17.678 -19.8436 -74.031655
5.8756 -17.8574 -21.3717 -74.032758
5.9129 -18.0367 -22.8999 -74.033848
5.9502 -18.216 -24.4281 -74.034924
5.9875 -18.3954 -25.9563 -74.035987
6.0248 -18.5747 -27.4845 -74.037035
6.0621 -18.754 -29.0126 -74.03807
6.0994 -18.9334 -30.5408 -74.039089
6.1367 -19.1127 -32.069 -74.040094
6.1741 -19.292 -33.5972 -74.041083
6.2114 -19.4714 -35.1254 -74.042056
6.2487 -19.6507 -36.6536 -74.043013
6.286 -19.83 -38.1817 -74.043953
6.3233 -20.0094 -39.7099 -74.044876
6.3606 -20.1887 -41.2381 -74.045781
6.3979 -20.368 -42.7663 -74.046667
6.4352 -20.5474 -44.2945 -74.047534
6.4725 -20.7267 -45.8226 -74.048381
6.5099 -20.906 -47.3508 -74.049207
6.5472 -21.0854 -48.879 -74.050013
6.5845 -21.2647 -50.4072 -74.050796
6.6218 -21.444 -51.9354 -74.051556
6.6591 -21.6234 -53.4635 -74.052293
6.6964 -21.8027 -54.9917 -74.053006
6.7337 -21.982 -56.5199 -74.053693
6.771 -22.1614 -58.0481 -74.054355
6.8083 -22.3407 -59.5763 -74.05499
6.8457 -22.52 -61.1045 -74.055598
6.883 -22.6994 -62.6326 -74.056178
6.9394 -22.8766 -64.1572 -74.056729
8.1498 -22.8799 -64.1006 -74.057264
8.9886 -23.516 -62.989 -74.057793
9.9314 -24.3205 -62.1091 -74.058306
10.5435 -25.411 -61.3105 -74.058809
11.1641 -26.7642 -60.9602 -74.059296
11.7371 -28.177 -61.0516 -74.059763
12.2468 -29.4991 -61.4619 -74.060211
12.6299 -30.7915 -61.1111 -74.060638
13.0367 -32.212 -60.6823 -74.06104
13.4206 -33.6473 -60.2909 -74.061416
13.672 -35.0666 -59.8345 -74.061761
13.7802 -36.5811 -60.0484 -74.062071
13.7177 -38.0731 -60.4184 -74.062345
13.5658 -39.5761 -60.7091 -74.062582
13.3014 -41.0704 -60.6511 -74.062776
13.3571 -42.0105 -59.4467 -74.062927
13.5377 -43.0476 -58.3404 -74.06303
13.6333 -44.0606 -57.3331 -74.063083
-2.4565 -0.91 0.0523 -74.010817
-2.8293 2.667 0.2464 -74.006356
-3.0866 6.216 0.7208 -74.001814
-2.2413 9.6979 1.5153 -73.997177
-0.7404 12.7593 0.9662 -73.992485
0.227 15.8879 -1.0884 -73.987543
0.5524 20.1154 -1.9386 -73.982357
0.4575 24.418 -2.5408 -73.977088
0.4389 27.3767 -5.5178 -73.971732
-0.013 29.9656 -8.7108 -73.966304
-0.1419 14.3216 0.264 -73.989993
0.8616 14.8245 1.2959 -73.988639
2.5303 15.409 3.4469 -73.986169
5.0961 15.9466 3.8822 -73.983653
7.8356 16.5695 3.9069 -73.981077
10.5566 17.2922 4.0994 -73.97848
13.2701 17.9524 4.5537 -73.975846
15.8121 18.8134 4.7988 -73.973188
17.2134 19.7132 4.344 -73.971401
17.5574 19.3689 4.0634 -73.97146
-0.9274 14.3109 0.2417 -73.989759
-2.5488 14.1754 0.0246 -73.989554
-4.1702 14.04 -0.1925 -73.989369
-5.6969 13.9854 -0.1496 -73.9892
-6.0083 14.0245 0.9686 -73.989038
-4.7591 13.8534 0.1003 -73.988883
-4.5248 13.8442 -1.5168 -73.988696
-4.3735 13.8457 -3.1513 -73.988521
-4.2222 13.8471 -4.7858 -73.988365
-4.0708 13.8486 -6.4202 -73.98823
-3.7648 13.9278 -8.018 -73.988115
-3.1571 14.1597 -9.5252 -73.988023
-2.5409 14.9686 -10.6984 -73.987967
-0.6612 32.5013 -8.9792 -73.962946
-1.3441 34.6869 -8.6538 -73.960327
-2.5162 37.7967 -7.959 -73.956317
-4.0883 40.798 -9.2426 -73.952251
-6.1771 43.4321 -10.5669 -73.948132
-7.4526 45.9637 -12.4793 -73.943952
-8.199 48.9959 -14.3148 -73.939668
-8.488 52.2581 -16.0262 -73.935282
-8.9751 55.6713 -17.3793 -73.930838
-8.9724 59.3456 -17.9864 -73.92634
-8.8355 62.9598 -18.9326 -73.921783
-8.1651 65.7964 -21.101 -73.917163
-8.071 69.4931 -21.2598 -73.912487
-8.0725 72.7987 -19.5494 -73.907933
-8.8931 75.9303 -20.6534 -73.904009
-9.8467 77.8663 -22.8286 -73.900535
-10.916 79.9845 -24.8489 -73.897027
-11.8107 82.572 -26.461 -73.893198
-13.9622 85.1541 -28.0376 -73.889047
-15.428 87.4195 -30.0798 -73.884833
-16.2874 89.1284 -32.8169 -73.881112
-17.1302 91.8068 -33.4334 -73.8779
-16.6579 94.7355 -33.3269 -73.874657
-16.2793 97.4317 -32.2507 -73.871383
-16.0966 100.3779 -31.8618 -73.868077
-15.6048 103.2146 -31.8672 -73.863043
-15.0646 104.6984 -30.0846 -73.856236
-14.4099 106.6313 -31.3901 -73.849375
-13.9013 109.3975 -31.7321 -73.842446
-13.1382 112.1018 -31.8855 -73.835448
-12.0288 114.6912 -32.2205 -73.828372
-9.9615 116.491 -32.7147 -73.821225
-8.3964 118.5551 -33.6954 -73.814001
-7.0441 120.3709 -35.2413 -73.806691
-16.3107 103.1222 -31.2609 -73.864824
-17.0106 105.6108 -30.0258 -73.861696
-17.7104 108.0993 -28.7907 -73.858616
-18.4103 110.5878 -27.5556 -73.855586
-19.1321 113.0846 -26.3544 -73.852603
-20.0839 115.6275 -25.7828 -73.849629
-21.6544 117.8269 -26.4818 -73.846639
-22.4041 120.0541 -28.0006 -73.84363
-23.8204 121.9956 -29.2918 -73.840604
-16.2837 88.4956 -30.6847 -73.881522
-16.9057 88.45 -28.8674 -73.879189
-17.5277 88.4044 -27.0501 -73.876906
-18.1496 88.3588 -25.2328 -73.874674
-18.7716 88.3131 -23.4155 -73.872493
-19.3936 88.2675 -21.5982 -73.870364
-20.0155 88.2219 -19.7808 -73.868286
-20.6375 88.1763 -17.9635 -73.866259
-21.2595 88.1307 -16.1462 -73.864284
-21.8814 88.0851 -14.3289 -73.86236
-22.5034 88.0394 -12.5116 -73.860488
-23.1253 87.9938 -10.6943 -73.858667
-23.7473 87.9482 -8.8769 -73.856897
-24.3693 87.9026 -7.0596 -73.855178
-24.9912 87.857 -5.2423 -73.85351
-25.6132 87.8114 -3.425 -73.851892
-26.2352 87.7657 -1.6077 -73.850324
-26.8571 87.7201 0.2096 -73.848807
-27.4791 87.6745 2.0269 -73.847339
-28.1011 87.6289 3.8443 -73.845921
-28.723 87.5833 5.6616 -73.844551
-10.6474 82.0467 -25.97 -73.894629
-9.8973 83.5702 -26.7997 -73.893394
-8.9166 84.4636 -28.1497 -73.892165
-7.9416 85.635 -29.2349 -73.890944
-6.7633 86.7616 -30.2244 -73.889733
-5.9934 87.8877 -31.5 -73.888531
-4.805 89.0805 -31.9871 -73.887338
-4.0074 90.0975 -33.2964 -73.886148
-3.642 91.5318 -34.1524 -73.884974
-3.5504 92.2381 -35.0395 -73.883809
-2.6112 93.3175 -34.37 -73.882653
-1.4138 94.7914 -34.5426 -73.881514
-0.1697 96.0984 -35.117 -73.880388
0.8889 97.112 -35.3375 -73.879274
1.8787 97.6218 -33.8386 -73.878172
3.297 98.6527 -34.2066 -73.877092
4.478 100.1526 -34.2331 -73.876032
5.7259 101.6013 -34.2783 -73.874988
6.9236 103.076 -34.3329 -73.873966
8.2378 104.4594 -34.2789 -73.872963
9.708 105.6324 -34.1824 -73.871984
11.0242 106.9149 -34.1788 -73.871026
12.03 108.5293 -34.2938 -73.870092
12.8387 110.237 -34.4028 -73.869183
13.6986 111.9172 -34.2947 -73.868299
14.9808 113.3035 -34.0183 -73.867444
16.3534 114.5382 -33.5266 -73.866616
-8.0122 74.6652 -19.0128 -73.90508
-7.3733 74.7434 -17.1393 -73.903815
-6.2129 74.8717 -15.5661 -73.902572
-4.6588 75.1485 -14.4836 -73.90134
-2.9313 75.2005 -13.5318 -73.900118
-1.1908 75.5548 -14.025 -73.898903
0.2492 75.4182 -15.2751 -73.897696
1.6994 75.2949 -16.4498 -73.896502
3.456 75.8724 -16.5978 -73.895317
4.909 77.061 -16.0201 -73.894144
6.3489 78.0205 -15.2054 -73.892984
7.6777 78.1558 -16.557 -73.891829
9.1932 78.8939 -17.1669 -73.890691
10.3243 80.3116 -17.9293 -73.889568
11.8031 81.2429 -18.8099 -73.888461
13.3202 82.0201 -19.7154 -73.887369
14.672 82.8734 -20.8357 -73.886296
15.8195 84.0369 -21.4716 -73.885242
17.3968 85.0052 -21.5241 -73.884207
19.1523 85.9091 -21.6233 -73.883192
20.835 86.8367 -21.5731 -73.882199
22.3782 87.6805 -22.4819 -73.881225
23.6336 88.6822 -23.6145 -73.880276
25.3121 89.236 -24.4178 -73.879352
26.9271 90.1776 -25.069 -73.878435
28.5711 91.1435 -25.6063 -73.877535
30.1849 92.1759 -26.0934 -73.876686
31.906 93.0582 -26.3886 -73.875871
33.349 94.3802 -26.2354 -73.875087
34.682 95.7638 -25.7885 -73.874334
36.0698 96.9946 -25.1164 -73.873614
-9.1332 71.1226 -19.9391 -73.908633
-11.2049 71.3971 -19.3463 -73.905686
-12.2503 72.1505 -17.4371 -73.902702
-13.2771 72.9723 -16.3017 -73.899689
-15.0629 74.4381 -16.0237 -73.89665
-17.1889 75.3374 -15.9102 -73.893574
-18.7708 76.7954 -16.5998 -73.890464
-20.2396 77.7578 -18.0502 -73.887314
-21.4318 79.2493 -19.3169 -73.884136
-22.4493 80.8848 -20.0685 -73.881765
-23.644 82.5321 -19.9209 -73.880239
-25.2693 83.8199 -19.7197 -73.878723
-26.4282 85.5474 -19.5741 -73.877213
-27.4271 87.2915 -19.7394 -73.875708
-28.2555 88.0894 -18.5764 -73.874197
-28.4362 88.7812 -16.6121 -73.872686
-28.7184 89.4709 -14.6555 -73.871198
-28.5952 90.5234 -12.9306 -73.869725
-28.0087 92.2281 -11.8717 -73.868262
-28.1824 93.3344 -10.523 -73.866806
-28.881 94.9101 -9.3484 -73.86536
-29.1637 96.6406 -8.2343 -73.863928
-29.7507 98.589 -7.8416 -73.862507
-31.2546 100.014 -7.7767 -73.861097
-32.9856 101.1833 -7.8435 -73.859705
-34.438 102.6859 -7.93 -73.858323
-35.8645 104.1959 -8.077 -73.856957
-37.7492 105.0636 -8.2888 -73.855607
-39.7252 105.5106 -8.4883 -73.85427
-41.4274 106.5542 -8.4275 -73.852946
-22.5697 79.9845 -21.0657 -73.881612
-23.5049 79.5868 -23.0086 -73.879974
-24.7357 79.2357 -23.1851 -73.878513
-26.0186 79.7983 -22.2548 -73.877063
-27.6912 80.6895 -21.9109 -73.875623
-29.3246 81.7314 -21.4655 -73.874192
-31.1306 82.4861 -21.4143 -73.872771
-32.9071 83.2024 -21.5235 -73.871356
-34.8537 83.2248 -21.3716 -73.869951
-36.6622 83.819 -20.8419 -73.868554
-38.0322 83.5029 -19.5874 -73.867165
-39.4902 83.5562 -18.2934 -73.865788
-40.9141 84.0358 -17.0459 -73.864421
-42.4783 85.0996 -16.5078 -73.863071
-44.0118 86.2891 -16.2793 -73.861733
-45.0805 86.8165 -17.3328 -73.860381
-45.3985 87.0849 -19.2874 -73.859052
-46.0085 87.5938 -21.1008 -73.857735
-46.5256 87.8633 -23.0125 -73.856433
-47.0124 88.1443 -24.9307 -73.855146
-48.0466 88.8001 -25.8124 -73.853892
-49.3531 89.8139 -24.8517 -73.852655
-23.4169 79.5945 -22.041 -73.880714
-7.4755 47.1812 -14.128 -73.941544
-6.6397 46.9581 -15.442 -73.94098
-6.0885 47.0624 -16.854 -73.940445
-5.6785 47.4504 -18.3124 -73.939924
-5.0375 48.1975 -19.4234 -73.939425
-4.9376 48.8586 -20.8471 -73.938945
-4.8994 49.5688 -22.2208 -73.938485
-4.8067 50.8524 -23.1201 -73.938052
-4.348 52.1399 -23.896 -73.937624
-3.8636 53.4258 -24.6617 -73.937238
-3.2759 54.7308 -25.2965 -73.936892
-2.6137 56.0992 -25.6637 -73.936579
-1.9972 57.5231 -25.7699 -73.936299
-0.7472 58.4335 -25.8246 -73.936054
0.1834 59.5702 -25.9895 -73.935846
1.0556 60.8294 -26.3063 -73.935676
1.4265 62.1744 -26.9168 -73.935547
1.2466 63.3678 -27.9187 -73.935459
0.8615 64.5278 -28.8693 -73.935415
-1.2039 34.2315 -8.7378 -73.96078
-2.1645 36.692 -8.3921 -73.957709
-3.11 39.1845 -8.3928 -73.954584
-3.9026 40.3411 -6.7187 -73.951404
-4.4638 40.8393 -4.1593 -73.94816
-5.2514 41.2336 -1.6507 -73.94487
-6.4986 41.3875 0.6577 -73.941539
-6.9016 41.3668 3.1344 -73.938139
-8.3244 41.1475 5.0228 -73.934724
-9.0777 42.2825 6.6587 -73.931707
-10.4818 44.1286 6.7312 -73.929108
-12.0542 45.877 6.472 -73.926489
-13.7926 47.4551 6.7415 -73.923845
-14.3287 48.7274 8.6097 -73.921169
-14.2892 50.0448 10.5825 -73.918477
-14.3831 52.2013 11.5125 -73.915767
-15.4653 54.1641 11.5993 -73.913038
-15.9872 56.1264 10.7348 -73.910284
-15.9935 58.493 10.4465 -73.907513
-16.6674 59.2873 8.5547 -73.904702
-17.4698 59.7595 6.3608 -73.901874
-17.8092 61.9411 6.2291 -73.899038
-19.8136 62.8997 6.5069 -73.896171
-21.3274 63.1601 7.9551 -73.893268
-22.8218 64.0013 9.1439 -73.890882
-24.7396 64.6596 9.7419 -73.889035
-25.9313 65.6939 8.2209 -73.887194
-27.3521 67.091 7.1443 -73.885355
-27.8515 68.7801 5.7356 -73.883521
-28.9706 70.1238 4.2552 -73.881696
-29.8302 71.1977 2.3661 -73.879873
-30.5772 72.9481 2.3143 -73.878055
-31.2511 73.9836 4.3225 -73.876244
-31.8836 74.7971 6.3519 -73.874438
-33.4979 76.3178 6.0157 -73.872648
-35.3494 77.7054 5.6794 -73.870868
-36.2359 77.7987 3.4859 -73.869086
-36.823 78.2142 1.2302 -73.867312
-37.2962 78.8752 -1.0041 -73.865549
-38.0777 79.5243 -3.1351 -73.863807
-38.5828 79.8578 -5.4262 -73.862064
-40.1286 80.7679 -6.86 -73.860347
-41.8887 81.3717 -5.9333 -73.85864
-43.201 81.2826 -4.0378 -73.856939
-44.3102 81.7185 -2.0187 -73.855257
-23.2557 64.0561 8.131 -73.891077
-24.9649 64.9635 8.1844 -73.889616
-26.0616 65.9005 8.9001 -73.888135
-26.305 66.1448 10.8713 -73.886653
-26.4364 66.2766 12.8582 -73.885206
-26.7662 66.3845 14.8041 -73.883773
-28.2543 66.3369 15.7942 -73.882356
-29.7596 66.2207 16.7645 -73.880944
-29.8152 66.2528 18.7633 -73.879543
-30.2709 66.9957 19.6957 -73.878155
-31.7156 67.9135 20.4594 -73.876772
-32.1409 69.5247 21.5115 -73.875403
-33.0427 71.1208 22.2483 -73.874052
-33.7682 72.7602 23.0868 -73.872716
-34.714 74.4169 23.6586 -73.8714
-35.5114 76.0162 24.4887 -73.8701
-35.8784 77.7991 25.2812 -73.868816
-36.6919 79.4931 25.9091 -73.867551
-37.5921 81.2366 26.1638 -73.86631
-37.9648 82.9348 26.6532 -73.865083
-38.1232 84.1537 28.0096 -73.863883
-37.4894 85.6297 29.04 -73.862707
-37.0034 87.4849 29.1485 -73.861557
-36.7841 89.4485 29.2879 -73.860395
-36.3959 91.4052 29.448 -73.859264
-9.6387 41.5186 6.3846 -73.93244
-11.2133 41.8239 6.3128 -73.931338
-12.0979 42.4791 4.8865 -73.930232
-13.2557 43.35 3.9751 -73.929136
-14.2423 43.577 2.4577 -73.928044
-15.3556 43.71 1.0276 -73.926962
-15.9894 44.5732 -0.4476 -73.925885
-16.6871 45.12 -2.0478 -73.924819
-17.7188 45.8368 -3.2857 -73.923758
-18.5783 46.8498 -4.5254 -73.922708
-19.9074 47.2662 -5.6939 -73.921671
-21.5852 47.5437 -6.3542 -73.920648
-22.9761 48.6597 -6.3259 -73.919641
-24.3563 49.8697 -6.2079 -73.918648
-25.8552 50.8966 -6.0169 -73.917674
-27.0962 51.9486 -5.4199 -73.916712
-27.9482 52.3876 -3.9646 -73.915765
-29.654 52.5789 -3.9322 -73.914843
-30.6445 52.9077 -5.3714 -73.913938
-32.0441 53.5066 -6.2656 -73.913057
-33.4656 54.634 -6.5349 -73.9122
-34.9544 55.5474 -7.0531 -73.91137
-36.2819 56.6634 -7.6004 -73.910566
-37.6486 57.8611 -7.7756 -73.909788
-38.5034 59.4777 -7.6459 -73.90904
-39.3718 61.0534 -7.2838 -73.908327
-40.2991 62.551 -6.7638 -73.907647
-41.2384 64.045 -6.261 -73.907
-41.8614 65.6914 -5.7694 -73.90639
-42.4591 67.2851 -5.1652 -73.905818
-43.3383 68.5969 -4.4191 -73.905286
-44.4522 70.0317 -4.1392 -73.904796
-45.5063 71.5345 -4.0501 -73.904348
-46.5569 73.035 -4.1531 -73.903945
-47.8716 74.2263 -4.5515 -73.903588
-48.8625 75.1738 -5.5759 -73.903279
-49.2408 75.7623 -7.2733 -73.903016
-49.4584 77.0985 -8.4631 -73.902805
-49.9501 78.752 -8.946 -73.902645
-51.026 79.8745 -9.2484 -73.902538
-51.28 79.9424 -10.8927 -73.902483
17.7044 20.951 4.9703 -73.970499
18.2015 22.2043 5.6044 -73.969596
18.6985 23.4577 6.2386 -73.968704
19.0912 25.152 6.8819 -73.967588
19.429 27.2733 6.757 -73.966235
20.0937 28.9393 5.4586 -73.964872
20.5192 30.5261 4.0181 -73.9635
21.7848 31.8769 2.8501 -73.962118
22.0977 33.1829 1.0434 -73.960728
23.2662 34.71 0.0406 -73.959337
23.7528 35.2305 -1.9989 -73.957935
24.4415 36.3316 -0.4475 -73.956526
25.2156 37.3871 1.3732 -73.955116
25.5431 38.1412 3.4507 -73.9537
26.3109 39.4951 5.0553 -73.952289
27.3125 40.7429 3.9319 -73.950876
27.6125 41.5008 5.9749 -73.949454
27.8649 42.4672 7.8245 -73.948035
28.5761 44.0126 9.106 -73.946622
29.3017 45.8785 9.8466 -73.945214
29.8444 47.4239 10.9837 -73.943798
29.8427 48.4745 12.9418 -73.942391
30.4043 50.5089 13.6559 -73.94099
32.2661 51.6774 14.0416 -73.939593
33.7432 53.3643 13.9508 -73.938201
35.3704 54.8773 13.6311 -73.936814
36.404 56.7929 13.1328 -73.935432
37.9566 57.9008 12.228 -73.93406
39.1636 59.6692 11.6914 -73.932695
40.7811 61.2139 11.412 -73.931335
42.5407 62.5144 11.7504 -73.929988
43.9242 63.8221 12.81 -73.928647
45.3908 65.165 13.6376 -73.927317
45.9271 67.2097 14.1714 -73.926003
46.6355 69.1359 14.3788 -73.9247
48.3635 70.1089 14.8857 -73.923409
49.6569 71.9103 15.1633 -73.922107
50.9513 73.7475 15.4455 -73.92082
52.8054 74.9337 15.6383 -73.919572
54.7263 75.5702 15.6827 -73.918342
56.0864 76.9982 15.657 -73.917128
57.1449 78.0802 14.4904 -73.915927
58.894 79.349 14.0314 -73.914748
60.9129 80.2627 14.3307 -73.91359
62.6887 81.5896 14.007 -73.91245
64.1912 82.1373 14.8133 -73.911326
65.3934 82.3955 16.5144 -73.910225
66.9021 83.2776 17.6975 -73.909151
67.4164 84.9808 18.6495 -73.908102
68.0681 86.9646 19.2519 -73.907083
18.9087 24.0362 7.1126 -73.968254
19.1476 18.9083 3.9431 -73.970567
20.9905 18.3979 3.8423 -73.969543
22.9152 18.2333 3.6481 -73.968508
24.7758 17.8958 3.3306 -73.967466
26.5871 18.0132 3.1308 -73.966415
28.3023 18.6484 3.6845 -73.965357
29.9424 18.8206 4.6508 -73.964293
31.2866 18.6601 5.9911 -73.963221
32.7096 18.1098 7.1234 -73.962145
34.1103 16.8391 7.543 -73.961068
35.4164 15.4177 7.7072 -73.959987
36.5618 14.0174 7.4707 -73.958904
38.0589 13.6462 6.35 -73.957822
39.8047 13.3092 5.8907 -73.95674
41.5119 12.7068 5.2455 -73.955658
42.8693 12.0614 4.0202 -73.954575
44.4573 11.3345 3.2295 -73.953496
45.9294 10.8303 2.4767 -73.952417
47.1014 10.1377 3.6205 -73.951345
48.3849 9.3089 4.6779 -73.950279
49.394 9.6773 6.2389 -73.949213
50.6478 10.0528 7.6185 -73.948154
51.9327 9.8336 9.0023 -73.947106
53.4883 10.1208 10.104 -73.946068
55.2334 9.8227 9.9071 -73.94504
57.0597 9.924 9.3135 -73.943963
58.8743 9.6526 8.6558 -73.942872
60.689 9.3812 7.9981 -73.94183
62.4959 9.1815 7.3186 -73.940834
64.0964 9.6659 6.3822 -73.939863
65.6128 10.0298 5.5676 -73.938907
66.3879 8.7348 6.61 -73.937965
67.0408 7.9267 8.2378 -73.937041
67.6184 7.3624 10.0083 -73.936132
68.2214 6.7991 11.7671 -73.935241
68.8557 6.3245 13.5452 -73.934375
69.5936 6.0215 15.3177 -73.933527
70.6128 5.6939 16.9232 -73.932706
71.846 5.1297 18.3139 -73.931916
73.446 5.6128 19.1551 -73.931149
75.1394 5.1362 19.9892 -73.930397
76.7792 5.1163 20.887 -73.929686
78.3203 5.541 21.9782 -73.929004
79.5543 6.0354 23.1887 -73.928353
80.477 6.477 24.7608 -73.927738
82.1371 6.4027 25.3832 -73.927155
83.992 6.8997 25.7174 -73.926608
85.8702 6.8251 26.0726 -73.926097
87.7509 6.7088 26.4848 -73.925624
89.6348 6.7028 26.6547 -73.92519
91.0074 6.4378 25.4152 -73.924798
92.1971 6.0461 24.0228 -73.924446
93.1627 5.5053 22.7795 -73.924128
93.4181 5.3578 20.8527 -73.923855
93.6827 5.205 18.9277 -73.923628
93.9559 5.0473 17.0042 -73.923447
94.7999 4.5071 17.8661 -73.923315
-1.9865 16.2264 -10.9822 -73.987954
-1.6114 17.3396 -11.0385 -73.987943
-1.1973 18.2526 -10.4886 -73.987933
-0.4899 18.8695 -10.968 -73.987925
0.4947 18.656 -11.4238 -73.987921
-5.9486 122.6202 -36.4545 -73.799294
-4.8563 124.4889 -38.1946 -73.791809
-3.4433 126.1431 -39.8024 -73.784245
-2.2407 128.597 -40.3971 -73.776603
-1.5188 131.295 -40.1613 -73.768871
-1.6696 134.0734 -40.2753 -73.761051
-2.517 136.7345 -40.7076 -73.753138
-3.2762 139.4376 -41.1589 -73.745129
-4.1563 142.1305 -41.3938 -73.737031
-4.9956 144.8475 -41.5126 -73.728832
-4.2109 147.46 -41.641 -73.720546
-3.9407 150.1251 -41.6099 -73.712152
-3.8535 152.9656 -41.6389 -73.703666
-3.8797 155.8081 -41.7765 -73.695067
-3.362 158.4701 -41.8809 -73.686359
-3.9026 161.1882 -41.8597 -73.677542
-4.6546 163.8938 -41.7416 -73.668616
-4.458 166.7321 -41.7051 -73.659578
-4.7248 169.4267 -41.9823 -73.650425
-5.9516 171.9513 -42.4086 -73.641148
-6.8697 174.6164 -42.5236 -73.631756
-7.1469 177.3942 -42.5991 -73.622237
-8.5483 179.5426 -43.6297 -73.612589
-9.0965 181.9163 -44.9846 -73.60279
-9.3572 184.5276 -45.8738 -73.592875
-10.3037 185.8819 -45.5629 -73.585132
-12.6165 185.7411 -44.527 -73.579692
-14.6492 185.7303 -43.1953 -73.574276
-16.2496 187.2653 -42.1906 -73.568821
-17.9145 189.1431 -41.8854 -73.563308
-19.4479 191.0685 -41.5909 -73.557734
-21.0169 192.9475 -41.0017 -73.552093
-22.4125 194.4386 -40.3024 -73.546381
-23.7068 195.9472 -39.0039 -73.540595
-25.0392 197.7028 -39.8911 -73.534736
-25.8175 200.0563 -40.2799 -73.528805
-26.6369 201.4551 -41.5533 -73.522783
-27.5289 202.2594 -40.2727 -73.516679
-29.472 203.3638 -40.3713 -73.510507
-31.4096 204.4733 -39.3932 -73.504247
-31.9894 205.4816 -37.1556 -73.49787
-32.896 206.6385 -35.2063 -73.49142
-33.7738 206.9925 -32.8727 -73.48486
-35.326 208.2821 -31.3862 -73.478226
-36.5537 210.18 -30.3332 -73.471492
-37.6503 212.1937 -29.5135 -73.464655
-38.7499 214.0475 -28.2022 -73.457702
-38.8366 216.2339 -27.1303 -73.450633
-39.8429 217.9451 -25.6872 -73.443441
-40.3547 220.3663 -25.6679 -73.436124
-9.0607 186.6005 -47.0068 -73.585497
-8.6412 188.5188 -48.1723 -73.580733
-7.9227 189.8909 -49.7878 -73.57591
-7.3389 191.2666 -51.5099 -73.571031
-6.8689 192.8579 -53.067 -73.5661
-6.5717 194.5306 -54.6272 -73.561109
-6.699 195.7688 -56.5782 -73.556047
-6.6007 197.3796 -57.9455 -73.550931
-5.361 198.4457 -59.4593 -73.545744
-4.0706 199.0919 -61.2062 -73.540486
-2.56 200.3359 -61.9713 -73.535175
-1.1767 202.1203 -62.473 -73.529791
0.1257 203.765 -63.1817 -73.524338
0.5779 205.9809 -62.9411 -73.518804
1.7705 207.8999 -62.7909 -73.51319
1.7806 210.0234 -63.3852 -73.507491
1.251 212.0868 -62.5412 -73.501702
0.3882 214.2228 -62.3899 -73.495832
-0.4598 216.2968 -62.9067 -73.489874
-1.2479 218.4121 -63.4146 -73.483817
-2.0973 220.5416 -63.7457 -73.477664
-3.4118 222.4275 -63.923 -73.47141
-5.2388 223.8332 -64.0726 -73.465053
-7.0057 225.2983 -64.337 -73.458584
-8.1122 227.0393 -64.9339 -73.451987
-8.3675 229.0243 -65.402 -73.446764
-8.7031 230.7886 -65.6689 -73.442966
-9.2813 232.5101 -65.8231 -73.439104
-9.2237 228.2929 -64.8468 -73.447261
-10.9382 228.5001 -64.259 -73.444488
-12.6565 228.7042 -63.682 -73.441703
-25.5183 124.0162 -29.3962 -73.837785
-26.4756 125.8583 -28.1987 -73.835171
-27.6755 127.8327 -27.6028 -73.832544
-27.9279 128.8492 -29.077 -73.829898
-28.5728 129.8586 -27.39 -73.827225
-29.4951 131.5172 -26.0388 -73.824552
-30.3172 133.5583 -25.0126 -73.821862
-30.9903 134.755 -23.0132 -73.819156
-31.8576 136.0757 -21.167 -73.816435
-32.9249 137.8539 -19.8699 -73.813698
-34.7749 138.8966 -19.3111 -73.810941
-36.3176 139.9122 -18.0849 -73.808171
-37.4604 141.3871 -16.8864 -73.805383
-38.6623 143.1941 -16.0632 -73.802573
-40.1691 144.5551 -14.9429 -73.799738
-41.2877 146.3296 -14.9203 -73.796881
-42.5778 148.1549 -14.027 -73.794004
-43.9866 149.9737 -13.1872 -73.79111
-45.0144 151.7833 -12.0503 -73.78819
-45.5532 153.8159 -10.8393 -73.785245
-46.3861 156.0367 -10.2537 -73.782274
-46.9837 158.3901 -9.9517 -73.779282
-47.8117 160.6751 -9.7756 -73.77626
-49.0447 162.6915 -9.706 -73.773213
-50.015 164.9082 -9.8518 -73.770136
-51.5234 166.8379 -9.9384 -73.767029
-52.9161 168.8061 -9.9279 -73.763891
-54.0733 170.9215 -9.7859 -73.760719
-55.7453 172.652 -9.5467 -73.757513
-57.6094 174.1497 -9.6472 -73.754271
-59.246 175.273 -8.9172 -73.750989
-60.6519 176.3429 -7.7572 -73.74767
-61.8971 178.3631 -7.4187 -73.74431
-62.7492 180.6081 -7.5045 -73.740904
-63.9736 182.7158 -7.7021 -73.737458
-65.2308 184.8141 -7.6187 -73.733969
-66.7492 186.7003 -7.6491 -73.730433
-68.417 188.4651 -7.7574 -73.726847
-69.4591 190.6092 -7.7695 -73.723214
-69.6776 192.1396 -9.5531 -73.719513
-70.6232 193.0213 -8.854 -73.715712
-70.9662 193.1386 -6.4297 -73.711858
-71.4596 193.5338 -4.0639 -73.707948
-72.1758 195.2071 -3.9513 -73.70401
-73.6159 196.7389 -5.1111 -73.700009
-74.8609 198.522 -6.148 -73.695941
-75.7426 199.5734 -7.6936 -73.691795
-75.3694 199.5725 -10.1146 -73.687505
-74.4019 199.6256 -11.6143 -73.683196
-73.8016 200.0979 -9.3728 -73.678791
-74.5843 201.3776 -7.8285 -73.674315
-75.66 202.8847 -6.3385 -73.66975
-76.7569 204.7933 -5.2692 -73.665095
-77.7876 206.5222 -4.0466 -73.660334
-78.7815 208.5213 -3.0989 -73.655475
-29.3228 87.5393 7.4141 -73.843277
-29.9005 87.4969 9.1019 -73.842092
-30.4781 87.4545 10.7898 -73.840948
-31.0558 87.4122 12.4776 -73.839845
-32.2782 87.1841 13.3671 -73.838776
-33.8866 86.6278 13.8875 -73.83772
-35.2533 87.1539 14.4242 -73.836678
-35.8481 87.8038 15.3321 -73.835653
-36.8463 86.9864 16.4788 -73.834642
-38.3951 86.3544 16.7879 -73.833649
-40.0436 86.842 16.4412 -73.832674
-41.676 86.6973 15.7688 -73.831716
-43.0795 86.67 14.6822 -73.830776
-44.7397 86.6061 14.8133 -73.829855
-46.2784 86.3685 14.6265 -73.828954
-47.931 85.969 14.7511 -73.828073
-49.3382 85.0184 15.2541 -73.827213
-51.0157 84.5548 15.4912 -73.826373
-52.76 84.3802 15.7377 -73.825556
-54.4766 84.1118 16.1326 -73.824763
-56.1575 83.722 16.5614 -73.823991
-57.6854 83.1665 17.2616 -73.823242
-59.449 83.0129 17.2864 -73.822519
-61.2047 83.1213 17.0316 -73.821821
-62.4985 83.4162 16.057 -73.821148
-64.2493 83.561 15.9695 -73.8205
-65.9938 83.4285 15.6473 -73.819878
-67.7202 83.5173 15.2308 -73.819283
-69.055 83.036 14.2322 -73.818715
-69.8653 82.2066 12.9383 -73.818175
-71.0115 81.258 11.9738 -73.817663
-72.4278 80.4398 11.5445 -73.817179
-73.698 79.222 11.6667 -73.816725
-74.8344 77.8746 11.8888 -73.816302
-76.1909 76.8138 12.1994 -73.815906
-77.7152 76.0674 12.6693 -73.815541
-79.2241 75.3783 13.2714 -73.815206
-80.5771 74.3384 13.7242 -73.814901
-81.948 73.2954 14.1285 -73.814626
-83.3128 72.1963 14.4348 -73.814383
-84.2563 70.7511 14.49 -73.814169
-85.9688 70.3467 14.3507 -73.813987
-87.6869 70.083 14.43 -73.813835
-89.1236 69.3762 14.9056 -73.813714
-90.0942 69.1674 16.3612 -73.813624
-91.4773 68.4273 17.0893 -73.813564
-93.1744 68.4543 17.5737 -73.813534
17.4714 115.5383 -32.7054 -73.865886
18.7181 116.515 -32.6736 -73.865242
19.4474 117.9165 -32.6863 -73.864621
20.2746 119.2604 -32.6312 -73.864021
21.0837 120.5882 -32.4636 -73.863443
21.7758 121.9988 -32.2416 -73.862889
22.3094 123.4582 -32.1155 -73.862359
23.1409 124.8071 -32.0128 -73.861853
23.9385 126.1782 -31.9172 -73.861371
25.0849 127.2066 -31.902 -73.860915
25.7601 127.3047 -33.2559 -73.86048
26.628 127.211 -34.5602 -73.86007
27.4583 127.1967 -35.7592 -73.85969
28.395 127.5305 -34.6253 -73.859337
29.5644 128.205 -33.8463 -73.859013
30.5696 128.6374 -32.8152 -73.858715
32.0051 129.043 -32.2921 -73.858446
33.4128 129.4399 -31.6761 -73.858207
34.7649 130.0848 -31.1622 -73.857997
36.07 130.7044 -30.5266 -73.857817
37.2954 130.2845 -29.7509 -73.857666
38.6668 129.8544 -29.4393 -73.857545
40.0959 129.824 -28.9371 -73.857454
41.6596 129.7812 -29.1527 -73.857393
43.163 129.7557 -29.5887 -73.857363
37.3605 97.6671 -24.1386 -73.872995
38.5247 98.3419 -23.3011 -73.872465
39.4075 98.7958 -22.0704 -73.871957
39.7833 99.3954 -20.6642 -73.871471
39.86 99.407 -19.0804 -73.871003
40.1939 99.8932 -18.7303 -73.870566
40.4963 100.318 -20.2174 -73.87015
41.4643 101.4944 -20.1061 -73.869763
42.3976 102.7119 -19.7798 -73.869402
43.1049 104.0833 -19.5568 -73.869066
44.0865 105.3182 -19.6544 -73.868759
44.7899 106.7249 -19.7113 -73.868477
45.9094 107.8469 -19.694 -73.868224
47.0015 108.9935 -19.6267 -73.867998
47.4874 110.1272 -19.5101 -73.867795
47.4694 110.2183 -21.0953 -73.867601
47.4514 110.3094 -22.6805 -73.867442
47.4334 110.4005 -24.2657 -73.867317
47.4153 110.4915 -25.8509 -73.867223
47.3973 110.5826 -27.4361 -73.867162
47.3793 110.6737 -29.0213 -73.867132
-43.1464 107.2097 -8.6051 -73.851739
-44.2349 108.3552 -9.2701 -73.850643
-45.5183 109.1815 -10.1573 -73.849559
-46.5455 110.332 -10.9218 -73.848488
-47.6198 111.4497 -11.7523 -73.847431
-48.7733 112.6103 -11.9929 -73.846387
-49.0763 114.3515 -11.8794 -73.845356
-49.3422 116.0762 -11.586 -73.844342
-49.7822 117.0822 -10.2937 -73.843341
-50.4256 118.2912 -9.1739 -73.842355
-50.9978 119.2379 -7.7863 -73.841385
-51.2625 120.0244 -6.2601 -73.840429
-51.6654 121.1492 -4.9912 -73.839493
-51.9476 122.7357 -4.2703 -73.838575
-52.5998 124.2212 -3.6393 -73.837676
-53.274 125.7541 -3.0637 -73.836798
-53.9887 127.1954 -2.3704 -73.83594
-53.963 128.1021 -0.9245 -73.835093
-54.6255 128.6873 -0.6995 -73.834265
-55.0557 128.8462 -2.4173 -73.833454
-55.7093 129.6088 -3.8029 -73.832674
-56.3904 130.5701 -3.4395 -73.831916
-57.2397 131.7558 -2.5815 -73.831179
-57.7383 132.4193 -1.0375 -73.830458
-58.1997 132.8604 0.5026 -73.829764
-59.135 134.2149 0.2827 -73.829096
-59.5411 135.9385 0.3726 -73.828454
-60.3211 137.5272 0.4547 -73.827838
-61.5615 138.7924 0.4272 -73.827247
-62.8427 140.0202 0.4049 -73.826681
-63.9756 141.337 0.4784 -73.826142
-65.5415 142.0698 0.6041 -73.825629
-66.8201 143.3029 0.6105 -73.825143
-67.9523 144.6731 0.6097 -73.824673
-69.0106 146.0943 0.6091 -73.824239
-69.7753 147.6531 0.6561 -73.823837
-69.9859 148.4831 2.1055 -73.82346
-70.4429 149.3779 3.3991 -73.823113
-71.6135 150.4383 2.691 -73.822796
-72.4835 151.5429 1.7355 -73.822507
-72.9227 152.8592 2.7049 -73.822248
-72.5877 154.4469 3.3601 -73.822017
-73.0119 156.1489 3.5593 -73.821816
-73.1545 157.8864 3.5882 -73.821644
-74.1953 159.319 3.6169 -73.821502
-74.932 160.9303 3.7174 -73.821388
-75.2192 162.6661 3.8423 -73.821303
-75.4158 163.3004 5.1393 -73.821246
-75.4017 163.5667 6.8972 -73.821217
-50.1374 90.531 -23.3634 -73.851506
-51.2673 90.8857 -22.5511 -73.85045
-52.7159 91.6607 -23.1098 -73.849411
-54.0702 92.6015 -23.357 -73.848386
-55.4386 93.0469 -22.4458 -73.847377
-56.998 93.6059 -21.9041 -73.846384
-58.5673 94.2413 -21.5078 -73.845408
-59.4515 94.8578 -20.2839 -73.844442
-60.3751 95.9904 -19.3491 -73.843501
-61.639 96.317 -18.2753 -73.842577
-62.5765 96.8459 -17.7339 -73.841672
-63.9654 97.6322 -17.7098 -73.840784
-65.6166 98.1559 -17.9424 -73.839917
-67.3141 98.5251 -18.0363 -73.83907
-68.9906 98.999 -17.9141 -73.838246
-70.4527 99.8368 -17.5623 -73.837442
-71.8636 100.5751 -16.8437 -73.836661
-73.2945 101.1084 -16.0241 -73.835904
-74.8032 101.5319 -15.3155 -73.83517
-76.2937 102.0431 -14.7677 -73.83446
-76.9439 103.3194 -13.9021 -73.833775
-77.7853 104.5384 -13.0235 -73.833114
-79.1174 105.4827 -13.5256 -73.832482
-80.5678 106.3785 -13.889 -73.831875
-81.9123 107.4474 -14.0602 -73.831297
-82.892 108.884 -14.1362 -73.830747
-83.7902 110.3676 -14.0768 -73.830223
-84.9748 111.6284 -13.8567 -73.82973
-86.2002 112.6963 -13.3076 -73.829264
-87.0479 113.9279 -12.479 -73.828827
-87.7411 115.4304 -11.9657 -73.828421
-88.823 116.6812 -11.5653 -73.828046
-89.4834 118.0465 -10.8065 -73.827701
-90.0558 119.4566 -9.9504 -73.827386
-90.8226 120.9302 -9.4429 -73.827102
-91.9586 122.2396 -9.3374 -73.826851
-92.8888 123.6775 -9.6286 -73.82663
-93.6083 125.2344 -9.9613 -73.826441
-94.4583 126.6908 -10.3334 -73.826284
-95.6371 127.179 -11.2403 -73.826158
-96.5223 128.3643 -11.7434 -73.826064
-97.3565 129.8343 -11.9607 -73.826001
-98.0187 131.4271 -12.0082 -73.82597
-44.8397 82.3848 -0.1022 -73.853783
-45.6858 82.6745 1.4762 -73.852506
-47.0854 83.466 2.0376 -73.851244
-47.9154 84.1261 0.6038 -73.849988
-48.4536 84.4912 -1.1078 -73.848746
-49.4629 84.7481 -2.3216 -73.847516
-50.8487 85.4683 -2.9272 -73.846296
-51.3634 86.2483 -4.138 -73.845077
-51.1604 85.8865 -5.9031 -73.843873
-51.4147 86.3329 -4.63 -73.842677
-51.3753 86.9211 -3.2026 -73.841502
-51.6511 88.546 -2.6095 -73.840343
-52.0008 89.4665 -3.9264 -73.839188
-52.6137 90.8015 -4.1725 -73.838051
-53.4473 92.4123 -3.9386 -73.836927
-53.8653 94.1635 -3.6555 -73.835817
-53.9519 95.9277 -3.215 -73.83472
-54.3051 97.4953 -2.5507 -73.833637
-54.5625 98.6898 -1.1952 -73.832572
-54.547 99.8234 0.1762 -73.831519
-54.2907 100.3598 1.9096 -73.830481
-54.7709 101.2087 3.4194 -73.829466
-54.4328 101.9413 3.8933 -73.828472
-53.0212 101.1678 3.092 -73.827497
-52.5222 101.109 4.5528 -73.826534
-54.1846 101.7537 4.4499 -73.825595
-55.6576 102.8136 4.5394 -73.824677
-56.499 104.3974 4.7059 -73.823778
-56.8786 106.1716 4.8788 -73.8229
-56.4546 107.8733 4.5587 -73.822044
-55.6814 109.1098 4.4339 -73.821202
-55.7928 109.3656 6.2457 -73.820368
-56.2213 109.7146 7.7986 -73.819576
-55.5336 111.171 7.9788 -73.818807
-57.2605 111.7016 8.1166 -73.818064
-58.1121 113.2561 8.4551 -73.817344
-58.5985 114.919 9.0311 -73.816648
-59.6859 116.036 9.8099 -73.81598
-59.434 116.5435 10.5662 -73.815336
-59.3051 118.1105 11.4366 -73.814719
-59.9415 119.6907 12.0733 -73.814127
-60.8614 121.156 12.3489 -73.813564
-61.607 122.4945 11.39 -73.813026
-62.1797 124.0961 10.8491 -73.812517
-62.6253 125.8486 10.8404 -73.812037
-62.2188 127.4063 11.6395 -73.811585
-61.8461 129.0333 12.3882 -73.811162
-62.5327 130.6886 12.3999 -73.810768
-62.936 132.4579 12.2088 -73.810402
-63.3234 134.2117 11.8803 -73.810065
-63.6303 135.945 11.5157 -73.809757
-63.951 136.5199 9.8435 -73.809476
-64.1784 137.2406 8.1925 -73.809225
-64.0694 138.3872 6.7995 -73.809004
-64.3697 140.0086 6.0583 -73.808812
-64.8732 141.6033 5.322 -73.808648
-65.5178 142.5596 4.0703 -73.808512
-65.7682 143.1976 5.3492 -73.808404
-66.7186 144.3442 5.8832 -73.808324
-67.5125 145.9488 6.0337 -73.808271
-68.2142 147.6123 6.0332 -73.808245
-36.2134 93.2108 29.5751 -73.85828
-36.6635 94.7733 29.8902 -73.857409
-36.9263 96.2364 30.4302 -73.85656
-37.1622 97.773 30.8495 -73.85573
-37.5529 99.3568 31.1525 -73.854921
-37.9173 100.9487 31.3678 -73.854137
-38.3971 102.525 31.406 -73.853374
-38.3118 104.182 31.3802 -73.852636
-38.3833 105.841 31.3619 -73.851924
-38.5184 107.493 31.3513 -73.851236
-38.1793 109.1047 31.3065 -73.850573
-37.694 110.6348 31.1726 -73.849938
-37.4366 112.1749 31.1742 -73.849329
-36.4341 113.3684 31.2349 -73.848747
-35.2673 114.4885 31.1966 -73.848193
-35.1913 116.0244 31.322 -73.847668
-36.1323 117.264 31.8032 -73.847172
-36.1013 118.8174 31.8898 -73.846706
-35.2737 120.1279 31.585 -73.84627
-34.1912 121.3196 31.36 -73.845865
-33.7141 122.9011 31.2289 -73.845493
-33.0667 124.4147 31.1658 -73.845153
-32.8786 126.0601 31.1275 -73.844845
-32.0835 127.4884 31.1247 -73.844571
-31.8296 129.12 31.1246 -73.84433
-31.1422 130.5851 30.9859 -73.844123
-30.3228 131.8477 30.3079 -73.843949
-29.6856 132.4849 28.9766 -73.84381
-29.0719 133.0333 27.5676 -73.843704
-28.0844 133.7856 27.8775 -73.843634
-27.152 134.469 28.6173 -73.843599
68.8569 88.73 19.5506 -73.906215
69.4626 89.4871 18.5505 -73.905478
69.8694 90.2922 17.5312 -73.904759
70.1133 90.9732 19.0619 -73.904056
70.2522 92.4115 19.6157 -73.903374
70.8156 93.9888 19.8859 -73.902711
70.9233 95.5529 19.5992 -73.902066
71.3862 97.0655 19.4044 -73.901441
72.5006 98.2929 19.6588 -73.900837
72.7344 99.9408 19.94 -73.900253
72.932 101.5833 19.995 -73.899688
72.4313 103.198 19.9089 -73.899145
71.8799 104.7873 20.0008 -73.898625
71.5282 106.416 19.8144 -73.898125
71.2624 108.037 19.4849 -73.897648
70.3107 109.3594 19.2993 -73.897196
69.2896 110.7156 19.219 -73.896767
68.8552 112.3448 19.1576 -73.896362
68.8224 113.8606 18.9579 -73.895981
69.0085 114.8834 18.0264 -73.895624
68.8524 116.0924 16.8932 -73.895291
69.7271 117.2159 15.9694 -73.894982
70.0973 118.581 15.0882 -73.8947
70.8674 119.2691 13.939 -73.894442
70.3855 118.9765 13.515 -73.89421
69.9666 118.6726 13.3866 -73.894002
70.2125 118.847 11.7059 -73.893817
70.4357 118.9096 10.8982 -73.893662
70.1867 118.7318 12.5649 -73.89353
69.521 118.6003 13.8778 -73.893427
69.0153 119.2849 13.1332 -73.89335
69.8993 119.8704 11.9133 -73.893299
70.2963 119.9515 10.2866 -73.893273
95.5228 3.6634 18.9207 -73.923247
95.9521 3.5018 19.9853 -73.923213
96.3294 3.3373 21.069 -73.923195
-41.3421 222.5153 -25.6062 -73.429167
-42.702 224.1478 -25.2091 -73.422721
-44.2458 225.1088 -24.0553 -73.416292
-45.8189 226.0665 -23.0056 -73.409886
-47.3319 227.1224 -21.9872 -73.4035
-48.8138 228.7344 -21.8003 -73.397133
-50.1281 230.4969 -21.9165 -73.390781
-51.8278 231.7383 -22.0527 -73.384437
-52.8158 233.6774 -22.1145 -73.378095
-53.0724 235.6787 -22.1684 -73.373096
-53.6815 237.6012 -22.215 -73.369457
-54.8336 239.2327 -22.1693 -73.365844
-55.9455 240.9107 -22.1307 -73.362255
-56.8959 242.6769 -22.2538 -73.358686
-57.6448 244.0732 -23.1351 -73.355131
-57.9004 245.3567 -24.6431 -73.351595
-58.5973 247.0318 -25.4177 -73.348081
-59.3933 248.8468 -25.6686 -73.344584
-60.5485 250.492 -25.7129 -73.341102
-62.0102 251.8694 -25.795 -73.337633
-63.5819 251.7041 -25.7766 -73.334178
-65.1861 252.5294 -25.4878 -73.330731
-66.5361 253.7075 -24.6451 -73.327296
-67.4482 255.4346 -24.2826 -73.32387
-68.0616 257.3349 -24.0645 -73.320454
-69.279 258.781 -24.0213 -73.317053
-70.6709 260.1778 -24.061 -73.313659
-71.4436 262.0159 -24.0595 -73.310275
-72.8554 263.4363 -23.888 -73.306904
-74.3055 264.6952 -23.3614 -73.303546
-75.6104 266.0079 -22.6232 -73.300195
-76.4194 267.7709 -22.2236 -73.296847
-77.0046 269.6763 -21.989 -73.293513
-77.6943 271.5617 -21.8675 -73.290191
-78.0414 273.5421 -21.7862 -73.286879
-78.9873 275.301 -21.7403 -73.283578
-80.3424 276.7952 -21.6879 -73.28029
-81.6546 278.3163 -21.6068 -73.277015
-83.1583 279.5974 -21.7854 -73.273754
-84.8953 280.6045 -21.8472 -73.270504
-86.7025 281.4584 -21.6828 -73.267265
-87.8751 282.8646 -21.0904 -73.264037
-89.4892 283.7967 -20.5891 -73.260823
-91.1007 284.9601 -20.5677 -73.257628
-92.4107 286.2858 -21.1453 -73.254441
-94.0557 286.9976 -21.9919 -73.251273
-95.7101 288.0996 -22.2545 -73.24812
-97.3406 289.2852 -22.2657 -73.244986
-98.976 289.9877 -22.9029 -73.241866
-100.2796 290.7986 -23.6291 -73.238763
-101.4799 291.8038 -22.4899 -73.235674
-103.036 292.9887 -22.0284 -73.232608
-104.6892 294.1312 -21.8834 -73.229562
-106.3559 295.2232 -22.151 -73.226535
-107.8941 296.3493 -22.6692 -73.223533
-109.1385 297.4951 -23.597 -73.220547
-110.8652 298.494 -23.4597 -73.21759
-112.4721 299.5248 -23.016 -73.214652
-113.8772 300.6139 -22.2042 -73.211739
-115.339 301.8994 -21.8314 -73.208851
-116.6463 303.427 -21.784 -73.205991
-117.9037 305.0024 -21.8441 -73.203156
-119.0254 306.6607 -22.003 -73.200346
-119.7365 308.5266 -22.2827 -73.197565
-120.0458 309.7921 -21.1758 -73.194796
-120.3335 310.3959 -19.2752 -73.192067
-120.8092 311.2425 -17.5331 -73.189372
-121.3861 312.9361 -16.6595 -73.186711
-122.3666 314.5966 -16.303 -73.184091
-123.445 316.2788 -16.4754 -73.181499
-124.5125 317.8962 -16.7048 -73.178945
-124.8879 318.6378 -14.9021 -73.176409
-124.9811 319.1413 -12.9496 -73.173908
-125.2786 319.7061 -11.0358 -73.171446
-125.7833 320.5605 -9.2875 -73.169035
-126.7853 321.2272 -7.7186 -73.166667
-128.1198 321.7372 -6.5853 -73.164336
-129.5338 322.6762 -5.6435 -73.162049
-130.8033 322.8583 -4.1103 -73.1598
-132.3486 322.5617 -2.9424 -73.157597
-133.5223 321.7567 -2.2514 -73.155439
-134.4075 321.0203 -3.7194 -73.153325
-136.141 320.0633 -3.704 -73.151261
-137.9234 319.2453 -3.5128 -73.149243
-139.8153 319.4438 -3.03 -73.147252
-141.7336 319.7231 -2.5415 -73.145328
-143.2992 318.8382 -1.8198 -73.14346
-143.6324 318.198 -3.1912 -73.141634
-144.6494 318.183 -2.5451 -73.139858
-145.6029 318.7473 -1.0864 -73.13814
-147.1116 319.1677 -0.0827 -73.136477
-149.0143 318.6505 0.3041 -73.134868
-150.835 317.9416 0.6531 -73.133316
-152.6003 318.3043 1.3039 -73.131821
-154.255 319.2248 1.8195 -73.130383
-156.1347 319.0641 1.3765 -73.129003
-157.9479 318.8394 0.6505 -73.12768
-159.8193 318.2421 0.4855 -73.126413
-161.6982 318.4908 0.8126 -73.125206
-163.3502 318.4678 1.946 -73.124056
-164.7917 318.8721 3.1901 -73.122963
-166.0348 318.4651 4.5448 -73.121929
-167.2051 317.7036 5.9108 -73.120953
-168.6856 318.3603 6.972 -73.120035
-170.5746 318.3686 7.6324 -73.119173
-172.4422 318.8037 8.0573 -73.118369
-173.7745 319.4811 7.41 -73.117617
-175.2708 319.8181 6.8918 -73.116921
-176.3866 321.0401 7.8064 -73.116278
-178.1084 321.388 8.4289 -73.115687
-179.8667 322.3331 8.1901 -73.115147
-181.7338 322.9719 7.9865 -73.114658
-183.2047 324.2061 7.6173 -73.114217
-184.6529 324.5109 6.7583 -73.113823
-186.4765 324.882 7.4149 -73.113475
-188.3601 325.5005 7.7542 -73.113173
-190.207 326.2741 7.8586 -73.112915
-191.8555 326.4884 7.2737 -73.112701
-192.3011 326.2807 5.3327 -73.112527
-192.4569 326.3027 3.3202 -73.112392
-192.6127 326.3246 1.3078 -73.112304
-192.7684 326.3466 -0.7047 -73.112259
-53.5618 234.7518 -22.4056 -73.373309
-55.3696 234.7358 -22.9279 -73.370138
-57.1775 234.7198 -23.4502 -73.367048
-58.9758 234.7413 -23.9753 -73.364037
-60.5834 235.6616 -24.1049 -73.361075
-62.2107 236.6032 -24.0421 -73.358136
-63.9306 237.3539 -24.0447 -73.355229
-65.5569 238.2591 -24.1396 -73.352344
-67.3063 238.9314 -24.1596 -73.34949
-68.8366 239.9978 -24.0522 -73.346655
-70.5332 240.314 -23.7713 -73.343845
-72.1779 239.7124 -23.3677 -73.341058
-73.9055 239.067 -23.0743 -73.338295
-75.764 238.9129 -23.0612 -73.335553
-77.5069 238.4311 -23.4834 -73.332833
-79.2728 238.5078 -23.5052 -73.330134
-81.0101 239.1307 -23.2489 -73.327455
-82.8258 239.4159 -22.9537 -73.324801
-84.5254 239.9346 -22.4418 -73.322168
-86.2406 240.0396 -21.7161 -73.319555
-87.8568 239.8217 -20.9364 -73.316964
-89.3552 239.6723 -19.8507 -73.314394
-90.7771 239.8281 -18.7653 -73.311847
-92.3262 239.5258 -18.0598 -73.309324
-94.0855 240.1028 -17.7873 -73.306827
-95.877 240.5966 -17.5579 -73.304354
-97.6988 241.0591 -17.507 -73.301904
-99.53 241.4724 -17.4393 -73.299482
-101.2527 242.1681 -17.1773 -73.297085
-102.8299 242.815 -16.4434 -73.294717
-104.4569 243.5931 -15.9937 -73.292379
-106.2956 243.7075 -16.104 -73.290066
-107.1732 243.8399 -14.6775 -73.287767
-108.3872 244.3725 -13.7017 -73.285509
-109.3454 245.4642 -12.5807 -73.283285
-110.5466 246.5332 -11.6213 -73.28109
-112.0874 247.1 -10.9503 -73.27893
-112.6927 248.1713 -9.7197 -73.276797
-113.85 248.7857 -8.6033 -73.2747
-114.9422 250.1535 -8.2414 -73.27264
-115.3929 251.8689 -7.6387 -73.270616
-116.4822 252.9605 -6.8157 -73.268633
-117.371 253.2374 -5.1806 -73.266686
-118.358 253.8356 -3.7152 -73.264779
-119.4595 254.4678 -2.3971 -73.262917
-120.9563 255.2641 -1.6822 -73.261094
-122.5163 255.9458 -1.0086 -73.259316
-123.9831 256.9071 -0.452 -73.257581
-124.7954 257.8348 0.9161 -73.25589
-125.65 259.0549 2.0473 -73.254246
-126.8265 260.4562 2.1583 -73.252646
-128.2898 261.2032 2.616 -73.251091
-129.0334 261.3894 4.2611 -73.249579
-129.2473 261.2649 6.1105 -73.248067
-129.4022 261.1437 7.9821 -73.246628
-129.5576 261.0229 9.8536 -73.245263
-129.7512 260.9235 11.7229 -73.243914
-129.9463 260.825 13.592 -73.242631
-130.1515 260.7135 15.4586 -73.241421
-130.5488 260.346 17.2477 -73.240264
-131.604 259.0778 18.099 -73.239165
-132.4067 258.2916 19.5872 -73.238119
-133.3932 257.3081 20.8241 -73.237126
-133.8044 256.3522 22.376 -73.236187
-134.6418 255.2368 23.5911 -73.2353
-135.4197 253.8392 24.4892 -73.234467
-135.7 253.4829 26.3153 -73.233683
-136.3101 252.641 27.7577 -73.232954
-136.3201 251.3179 26.4825 -73.232279
-136.8701 249.6435 26.0944 -73.231654
-137.7175 248.1362 25.6627 -73.231081
-137.6045 246.4619 25.1316 -73.230562
-137.2893 245.0053 24.2243 -73.230095
-136.6215 243.4615 23.4192 -73.229678
-135.6446 241.9497 22.8735 -73.229308
-135.3758 240.4199 22.4018 -73.228993
-136.1869 239.3032 23.0344 -73.22873
-136.341 238.0644 24.2021 -73.228518
-136.433 236.6369 25.3143 -73.228359
-136.6008 234.8539 25.6617 -73.228251
-137.1474 233.4458 25.0869 -73.228197
-10.2537 234.1313 -65.7936 -73.434929
-11.9535 235.2244 -65.4206 -73.43056
-13.2513 236.4124 -64.5554 -73.426245
-13.9825 238.2182 -64.0036 -73.421978
-13.9675 239.4333 -65.1657 -73.417744
-14.1745 240.8047 -66.5759 -73.413565
-14.74 242.3781 -67.763 -73.409427
-15.0167 243.3075 -69.5586 -73.405318
-14.9973 244.3966 -71.2899 -73.401252
-15.4806 245.6013 -72.6631 -73.397219
-16.6681 247.206 -72.2066 -73.393218
-17.3029 249.0449 -71.7718 -73.389241
-18.6676 250.382 -71.3338 -73.385289
-19.6799 251.0982 -72.0439 -73.381356
-20.4939 252.2385 -73.4165 -73.377435
-21.5912 252.7618 -72.8895 -73.373909
-21.9596 252.8176 -71.2713 -73.370808
-22.6797 254.2973 -71.5196 -73.367725
-23.6039 255.7577 -72.0067 -73.364657
-24.5721 257.236 -72.2298 -73.361601
-26.0105 258.3101 -72.2446 -73.358555
-27.3761 259.4599 -72.2196 -73.355521
-28.9516 260.3257 -72.2375 -73.352463
-30.5102 261.2195 -72.2945 -73.349454
-31.595 262.5637 -72.7018 -73.346458
-32.6547 263.9941 -72.7006 -73.343472
-33.5598 265.5319 -72.4801 -73.340499
-34.5952 266.9872 -72.4053 -73.337537
-35.2782 268.5959 -72.3691 -73.334581
-36.5462 269.7783 -72.1737 -73.331643
-37.8737 270.872 -71.8225 -73.328717
-38.8876 272.2418 -71.3145 -73.325803
-39.6217 273.7558 -70.7585 -73.322901
-40.6535 274.9959 -70.0158 -73.320013
-42.0534 275.9829 -69.5331 -73.317135
-43.5846 276.8719 -69.3005 -73.314276
-45.0655 277.8565 -69.4958 -73.311427
-45.946 279.1186 -68.7677 -73.308593
-45.8345 280.5644 -67.9551 -73.305773
-46.196 282.2235 -68.3906 -73.302969
-46.2456 283.784 -69.1293 -73.300182
-45.9356 284.9029 -69.4775 -73.297408
-46.3572 283.3243 -69.8414 -73.294644
-47.6385 284.0096 -69.6263 -73.291884
-47.8598 285.27 -68.7781 -73.289153
-47.9763 286.6481 -67.6615 -73.286439
-48.0018 287.8134 -66.394 -73.283741
-49.296 287.3623 -65.4888 -73.281064
-50.1432 286.6731 -64.1653 -73.278413
-50.2434 286.1704 -62.4405 -73.275773
-51.2742 284.9264 -61.8207 -73.273166
-52.8421 284.4426 -61.0987 -73.270582
-53.9107 283.6653 -60.0279 -73.268023
-54.752 283.3629 -58.5184 -73.265483
-55.6511 282.4981 -57.2933 -73.262977
-56.6242 281.93 -56.0196 -73.260501
-57.9991 281.9695 -54.8908 -73.258051
-59.0837 282.3361 -53.8941 -73.255632
-60.0943 282.1643 -52.7677 -73.253239
-61.4419 281.5155 -51.8651 -73.250883
-62.8626 280.827 -51.0501 -73.248558
-64.2795 280.6349 -50.0042 -73.246266
-65.804 280.5238 -49.0693 -73.244012
-66.7885 280.054 -47.7484 -73.241786
-67.9789 279.2336 -46.7905 -73.239597
-68.6552 278.446 -45.3481 -73.237444
-69.0138 277.9753 -43.6489 -73.235329
-69.4167 276.9949 -42.4398 -73.233256
-69.8247 275.5947 -42.5008 -73.23122
-70.268 276.0815 -42.6582 -73.229227
-70.9242 276.409 -41.0457 -73.22726
-71.4032 276.5871 -39.3203 -73.225347
-72.2724 276.7647 -38.0281 -73.223483
-73.2041 276.1685 -36.6914 -73.221664
-74.2918 275.5936 -35.4399 -73.219892
-75.425 274.8456 -34.2803 -73.218165
-76.9255 274.2886 -33.5609 -73.216488
-77.3251 274.3933 -31.9623 -73.214858
-77.3839 274.0953 -31.6173 -73.213262
-77.9259 274.1693 -30.1943 -73.21172
-79.5493 274.0847 -29.6223 -73.210233
-80.9279 274.149 -28.5263 -73.208797
-82.1503 274.2888 -27.2947 -73.207416
-83.1333 274.5631 -25.8399 -73.206085
-83.3586 274.0993 -24.1212 -73.204804
-83.4086 273.3363 -22.4949 -73.20358
-83.5601 272.816 -20.7795 -73.202405
-83.7705 272.4678 -19.0265 -73.201284
-84.0593 272.0789 -17.2937 -73.20022
-84.2893 271.7437 -15.5414 -73.199208
-84.9661 271.1706 -14.2656 -73.198256
-86.4465 270.5588 -13.5443 -73.197358
-87.5224 269.4821 -12.7644 -73.196513
-88.5863 270.2836 -13.3628 -73.195721
-89.344 271.7765 -13.8414 -73.19498
-90.7295 272.8654 -14.017 -73.19428
-92.0012 274.1345 -14.1202 -73.193636
-93.0728 275.5655 -14.188 -73.193047
-94.4803 276.5793 -14.1262 -73.192507
-96.2029 276.3016 -13.7358 -73.192016
-97.8612 276.4416 -13.1634 -73.191571
-99.2225 277.2086 -12.3487 -73.191174
-100.7724 276.7787 -11.5881 -73.190821
-102.4856 276.8416 -11.2384 -73.190514
-104.2435 277.0799 -11.3594 -73.190251
-105.8758 277.7134 -11.5089 -73.190032
-106.978 278.2571 -10.6069 -73.189856
-108.7214 278.4008 -10.5748 -73.189724
-110.1714 278.7473 -11.3411 -73.189635
-111.6618 279.6815 -11.4564 -73.18959
-21.5015 253.5088 -73.309 -73.375128
-22.5942 254.3623 -72.684 -73.374487
-23.4363 255.5756 -72.2611 -73.373911
-23.7952 256.2196 -73.6016 -73.373396
-24.1958 256.9175 -74.8973 -73.372946
-24.5102 257.2028 -76.431 -73.372558
-25.2575 257.9568 -77.5755 -73.372235
-25.9832 258.9049 -78.6121 -73.371975
-26.7351 259.8964 -79.3372 -73.37178
-27.7754 261.0706 -79.3699 -73.371648
-28.1276 262.1418 -78.3341 -73.371581
-14.415 228.9869 -63.4499 -73.438903
-16.1331 229.4489 -63.5343 -73.436211
-17.7421 230.1331 -63.7219 -73.433593
-19.4067 230.7023 -63.8399 -73.431052
-20.8995 231.6241 -63.8754 -73.428584
-22.4197 232.5434 -63.927 -73.426183
-23.9779 232.9794 -64.5409 -73.423851
-25.5926 233.2447 -65.0739 -73.421579
-27.3372 233.3731 -65.393 -73.419373
-29.108 233.4677 -65.4659 -73.417226
-30.8642 233.5427 -65.402 -73.415137
-32.3482 234.4256 -65.4518 -73.413107
-33.9347 234.8444 -64.9779 -73.411129
-35.6107 235.0483 -64.5372 -73.409203
-37.2988 235.2219 -64.5195 -73.40733
-38.3854 235.5894 -65.5655 -73.4055
-39.1438 235.7555 -64.0699 -73.403717
-40.4342 236.3585 -64.9633 -73.401986
-41.6538 237.408 -65.4996 -73.4003
-43.3197 237.9738 -65.7908 -73.398662
-45.0712 238.2644 -65.9288 -73.39707
-46.7994 238.6788 -65.9135 -73.395524
-48.5481 238.9796 -65.7557 -73.394019
-50.2593 239.3638 -65.4708 -73.392562
-51.9541 239.818 -65.3779 -73.391146
-53.6581 240.3081 -65.5616 -73.389775
-55.3649 240.7618 -65.7517 -73.388449
-56.9242 241.5359 -65.9538 -73.387165
-58.6438 241.8319 -66.2728 -73.385927
-59.9936 242.7156 -66.7405 -73.384732
-60.984 243.7818 -67.5294 -73.383581
-62.0855 245.146 -67.6347 -73.382476
-62.592 246.8516 -67.5474 -73.381416
-63.6958 248.1812 -67.3534 -73.380401
-65.3602 248.1365 -67.1819 -73.37943
-66.6185 247.2528 -66.7907 -73.378507
-68.2827 246.701 -66.9975 -73.377623
-69.0056 246.5375 -67.1182 -73.376792
-69.4149 247.1923 -66.2178 -73.376005
-70.5685 248.2104 -65.6787 -73.375266
-72.1021 248.9573 -65.1628 -73.374576
-73.5226 249.8734 -64.6789 -73.373934
-74.9049 250.917 -64.2744 -73.373342
-76.1941 252.0464 -63.8017 -73.372801
-77.6751 252.694 -63.2164 -73.372309
-78.9054 253.7897 -63.1101 -73.37187
-80.0531 255.1107 -63.1909 -73.371482
-81.4092 256.2087 -63.4316 -73.371147
-83.1166 256.5971 -63.7243 -73.370866
-84.8053 256.9649 -63.8465 -73.370638
-86.3232 257.8036 -63.7447 -73.370466
-88.0463 257.7843 -63.4146 -73.37035
-89.5568 258.6367 -63.0658 -73.370291
-79.8558 209.6969 -1.6956 -73.651094
-80.9345 210.9313 -0.8747 -73.647365
-81.8718 212.3265 -0.0936 -73.643692
-83.0145 213.649 0.4105 -73.640072
-83.35 215.4299 0.5242 -73.636502
-84.7236 216.0877 0.5245 -73.632982
-85.8365 216.8501 1.5461 -73.629503
-86.4751 218.3432 2.3648 -73.626082
-87.6889 219.3419 3.0091 -73.622711
-89.3832 219.625 3.5112 -73.619392
-90.5679 220.9942 3.9392 -73.61612
-91.9993 222.1339 4.2769 -73.612896
-93.1066 223.0567 5.3451 -73.609711
-94.2451 224.3484 6.04 -73.606567
-95.1955 225.7846 6.6504 -73.60347
-96.1469 227.1811 6.1703 -73.600421
-97.5307 228.1499 5.5656 -73.597408
-97.6555 229.6726 4.5217 -73.594432
-98.2632 230.7709 4.9578 -73.591491
-99.4213 231.1534 5.7424 -73.588597
-100.7458 231.4122 4.7237 -73.585741
-101.8502 232.6408 4.2535 -73.582928
-103.1436 233.9354 4.0273 -73.580156
-104.4921 234.4164 4.8558 -73.577427
-105.6117 233.6885 5.7966 -73.574724
-106.7274 232.3194 6.4016 -73.572035
-107.441 230.7522 6.8747 -73.569427
-107.4488 229.0255 7.5014 -73.566866
-107.9411 227.3511 8.131 -73.564354
-107.0902 226.8712 8.9862 -73.561886
-106.1496 226.513 10.1833 -73.559434
-105.9516 226.2598 12.0223 -73.557029
-105.4787 225.2922 12.0054 -73.554686
-105.2249 224.5846 10.2988 -73.55239
-104.7784 223.6625 9.5999 -73.550155
-104.7066 222.6921 11.0296 -73.547963
-105.026 220.965 11.6033 -73.545832
-104.6066 219.9029 12.8153 -73.543748
-103.3942 219.8352 14.0764 -73.54172
-104.3073 219.9043 13.553 -73.539749
-105.885 218.9419 13.3792 -73.537831
-107.2676 218.4747 12.6842 -73.535969
-108.1193 218.5469 11.0406 -73.53416
-108.3962 219.4541 11.7193 -73.532414
-109.0143 219.6825 13.4653 -73.530722
-109.7221 219.9831 15.1561 -73.529099
-110.6667 219.9703 16.4989 -73.527544
-112.0003 218.9022 16.8845 -73.526052
-113.4433 217.9794 16.4775 -73.524626
-114.7081 217.1333 15.6968 -73.523265
-115.2947 216.7255 13.9743 -73.521969
-115.5962 216.7912 12.1637 -73.52073
-115.7677 217.1126 10.3327 -73.519563
-115.4309 217.0746 11.1227 -73.518472
-116.1181 217.6962 12.116 -73.517423
-117.3855 218.3763 13.3061 -73.51646
-118.8798 218.8959 14.099 -73.515584
-120.5533 219.5755 14.5055 -73.514782
-122.3465 220.0233 14.7431 -73.514056
-124.1585 220.1151 14.949 -73.513404
-125.565 221.2324 14.8597 -73.512829
-126.6064 222.7478 14.7267 -73.512333
-127.1945 224.5052 14.537 -73.511915
-127.9351 226.1832 14.2547 -73.511578
-129.0224 227.5634 14.5865 -73.511323
-130.1181 229.0198 14.5982 -73.51115
-131.2201 230.4645 14.2522 -73.511063
47.5528 -96.076 13.5667 -74.951842
47.0015 -95.2803 13.5986 -74.95199
46.7344 -94.3274 13.6342 -74.952063
27.7081 -94.2683 18.8592 -74.970774
26.226 -93.6204 19.8024 -74.971372
24.7439 -92.9726 20.7456 -74.971803
23.2618 -92.3248 21.6888 -74.972084
23.8038 -92.3745 21.7835 -74.972223
54.7481 -88.0637 17.871 -74.941016
97.3169 -66.6493 31.3652 -74.910046
99.3506 -67.4491 30.897 -74.911013
101.3843 -68.2489 30.4289 -74.911805
103.4181 -69.0488 29.9607 -74.912431
105.4518 -69.8486 29.4925 -74.912898
104.935 -70.7499 28.9784 -74.913208
104.6139 -70.6388 26.7694 -74.913363
96.937 -66.473 30.8282 -74.909543
44.0154 -65.7095 15.6069 -74.904104
44.0102 -66.3692 14.8486 -74.90425
44.1586 -67.2141 14.3402 -74.904322
-4.665 -9.0685 -0.0051 -74.035442
-3.3078 -10.3003 -0.0154 -74.07516
-1.9532 -11.5348 -0.0257 -74.114795
-0.7426 -12.7803 -0.0459 -74.180408
0.4334 -13.9291 -0.0935 -74.271519
1.4466 -15.2471 -0.185 -74.361576
3.5554 -27.7322 1.4257 -74.488892
8.6107 -41.3653 6.7974 -74.592573
22.8794 -62.2772 10.5055 -74.795629
26.4745 -64.8588 13.9793 -74.822631
29.0535 -67.1183 14.3116 -74.839514
42.1418 -73.5431 16.2509 -74.896518
47.2069 -85.1931 18.1557 -74.934582
44.6639 -89.9679 15.7857 -74.947404
47.7449 -96.3203 13.6398 -74.951475
78.4149 -177.3628 14.5582 -74.968304
95.2227 -265.7699 17.0719 -74.976635
48.1056 -320.1106 18.1187 -74.978251
-10.9476 -383.6056 22.9817 -74.974125
-40.36 -432.7473 17.7175 -74.96452
28.7834 -94.5812 17.274 -74.968802
14.3097 -106.6143 20.8227 -74.981548
2.7577 -126.0427 26.0848 -74.988058
-45.0792 -189.1405 27.4734 -74.986051
30.9775 -170.2053 31.4202 -74.987508
28.3969 -94.5693 18.0599 -74.970078
-40.2348 -104.2908 -5.8163 -74.984077
-111.9958 -139.102 2.509 -74.984176
54.6562 -87.9717 17.7384 -74.940623
111.8824 -135.9529 29.1893 -74.969135
164.8572 -185.7356 20.1853 -74.979962
213.7243 -226.7876 32.011 -74.978569
43.9697 -65.4565 15.7766 -74.903629
45.5333 -62.1584 17.8534 -74.905523
96.2419 -66.2233 31.6259 -74.909441
2.1326 -22.0656 -2.5814 -74.447687
6.2653 -35.3706 6.4938 -74.543749
8.3143 -40.7868 6.7183 -74.632401
15.4942 -50.7521 4.9673 -74.699135
19.5156 -57.7327 7.1557 -74.76268
24.2121 -63.3654 12.9105 -74.809505
27.7984 -65.9637 14.1964 -74.831261
35.2991 -71.3414 15.5234 -74.869526
45.9552 -78.4006 18.2802 -74.91696
45.9541 -87.9136 17.638 -74.941344
46.0845 -93.1486 14.7482 -74.950206
52.1518 -103.9606 11.3242 -74.95401
58.8833 -119.603 12.0998 -74.956888
62.6461 -133.0235 18.7767 -74.959876
68.7987 -150.479 18.27 -74.963341
75.478 -168.4071 16.0379 -74.966994
80.7201 -186.7623 13.7215 -74.9696
86.0397 -202.1519 18.4658 -74.970796
88.9594 -219.8372 14.0604 -74.972189
92.3483 -238.1707 14.3683 -74.974054
94.4112 -256.1543 16.5595 -74.976122
95.282 -267.4858 16.3224 -74.977133
95.3059 -280.3632 10.9397 -74.976954
82.392 -291.8157 13.1552 -74.97702
66.6134 -301.8126 13.5179 -74.977593
55.8832 -314.8401 17.1156 -74.978395
42.621 -325.3136 19.0805 -74.97809
32.9705 -340.7608 23.6528 -74.976759
23.9361 -354.8041 21.203 -74.975701
9.6225 -366.7531 22.7517 -74.975167
-4.6074 -378.3071 21.4152 -74.974871
-16.9731 -389.755 18.9726 -74.97336
-27.5688 -401.1213 14.9527 -74.970912
-39.573 -411.7299 14.9204 -74.968741
-40.6381 -420.4638 25.2112 -74.967122
-40.4069 -426.6412 14.8914 -74.965793
-41.6738 -434.0686 12.5022 -74.963235
-35.1298 -447.795 10.0223 -74.959912
-30.511 -455.7937 6.7671 -74.957003
-26.4654 -460.7911 2.4423 -74.954937
-24.2919 -464.5784 0.2402 -74.953873
37.1249 -94.0849 14.9718 -74.959395
20.7736 -99.7756 22.2184 -74.976436
11.0172 -108.5614 18.7473 -74.983475
5.909 -113.1292 24.1737 -74.985787
4.7649 -121.3499 27.2758 -74.987493
-3.9067 -133.7894 26.1237 -74.988322
-16.2236 -149.0836 26.7198 -74.987655
-17.7909 -159.6216 22.5822 -74.987109
-30.8645 -168.2845 21.4997 -74.986925
-40.3768 -181.2163 24.3391 -74.986811
-50.8898 -195.8899 27.7601 -74.985282
-59.8432 -207.2909 27.0024 -74.982648
-63.453 -209.2381 15.4152 -74.980236
-64.2909 -212.4765 11.1044 -74.97849
-69.7086 -217.4653 14.9612 -74.977582
-1.3141 -131.2728 34.9295 -74.988925
15.7442 -115.5027 24.1983 -74.983058
21.9499 -133.9863 25.1312 -74.983968
26.8898 -147.4387 25.6301 -74.984876
28.6429 -155.1273 32.7495 -74.986096
28.6017 -167.7997 33.6747 -74.987397
33.7647 -170.9041 21.6446 -74.987614
35.3986 -176.6564 11.4651 -74.986725
39.8278 -180.409 -7.3747 -74.986096
28.4843 -94.572 17.6083 -74.969703
24.075 -93.3058 9.4058 -74.972553
15.5128 -90.8025 -8.4542 -74.975292
-0.0475 -89.6597 -13.0268 -74.977894
-13.9393 -94.7328 -4.0497 -74.980675
-31.0534 -101.5497 -4.3571 -74.983388
-48.3446 -108.1087 -4.4853 -74.98475
-60.3769 -111.0796 -1.1234 -74.984567
-77.9711 -113.5102 3.296 -74.984395
-92.0999 -121.9743 4.6219 -74.984539
-105.6825 -132.44 0.8972 -74.984752
-119.8735 -141.3568 5.959 -74.983625
-132.8113 -151.1601 6.979 -74.981458
-147.2952 -155.5423 4.0924 -74.979423
-153.368 -158.2725 7.6335 -74.977937
-168.793 -159.6906 7.6228 -74.977165
50.8433 -86.5895 17.9535 -74.938553
61.2357 -92.3404 14.5899 -74.945281
72.1897 -102.125 21.0158 -74.951189
85.4059 -115.7278 22.6939 -74.956592
96.1046 -123.0147 27.5352 -74.961994
106.3877 -128.7142 28.8233 -74.967187
119.3522 -141.0891 32.8119 -74.971065
133.3865 -151.0456 27.4274 -74.973067
140.4642 -156.8554 25.7903 -74.975016
152.3124 -169.1266 29.8767 -74.977234
161.5491 -182.1636 26.4505 -74.979476
167.3763 -187.9265 20.8501 -74.98043
178.0174 -198.4202 27.7655 -74.979915
190.5879 -201.853 17.5881 -74.979435
198.4764 -209.0366 23.2285 -74.97928
206.4978 -222.3967 29.9785 -74.979211
216.4485 -231.2363 29.6641 -74.977947
219.3592 -241.6667 28.5636 -74.975732
217.6919 -257.4839 32.1794 -74.973663
212.7961 -271.781 39.8533 -74.972148
208.8344 -287.7139 39.3838 -74.971351
43.1478 -69.6198 16.0595 -74.901599
45.0982 -63.5211 16.1223 -74.904754
50.7937 -61.6079 11.0465 -74.906898
63.7547 -58.5312 9.7712 -74.90759
75.049 -60.4617 16.3877 -74.907898
83.0968 -60.7333 25.9161 -74.908298
91.3447 -63.64 26.8113 -74.908957
106.4082 -69.1292 24.6495 -74.907995
123.1559 -72.5629 28.9251 -74.905893
143.1961 -75.9244 28.8652 -74.904809
46.1286 -55.224 14.5026 -74.906982
37.6417 -45.2763 18.4222 -74.907629
22.8448 -43.0894 21.8828 -74.907749
