-0.8015 -1.2678 -0 -73.487808
-3.2062 -5.0715 -0 -73.491623
-5.0765 -8.0299 -0 -73.494232
-6.4123 -10.1429 0.0262 -73.494987
-8.0143 -12.677 0.1283 -73.495997
-8.8146 -13.9429 0.1666 -73.496745
-8.2187 -14.5214 0.2948 -73.497561
-8.7411 -16.3672 0.5247 -73.499717
-10.0309 -17.8905 1.1419 -73.502472
-11.386 -19.3222 1.89 -73.505172
-12.7254 -20.8552 2.392 -73.507756
-14.0432 -22.4116 2.6217 -73.510844
-14.6972 -24.3185 2.0715 -73.514611
-15.5306 -26.234 2.0482 -73.518722
-16.1094 -27.8038 2.3068 -73.52231
-14.7796 -28.9827 3.1257 -73.52535
-13.6062 -30.5844 3.6202 -73.528416
-12.2537 -32.1091 3.9089 -73.531502
-11.1222 -33.7683 4.2796 -73.534614
-10.1932 -35.2295 5.196 -73.537748
-9.3619 -36.7283 6.3117 -73.540909
-8.5851 -38.2492 7.4144 -73.544089
-7.5935 -39.8435 8.2499 -73.547292
-6.8916 -41.4349 9.2193 -73.550533
-6.2727 -43.3267 9.6108 -73.553791
-5.7427 -44.6215 10.9758 -73.557091
-5.2774 -45.3085 12.8612 -73.560417
-4.5701 -46.2857 12.7646 -73.563763
-3.9187 -47.0128 11.0346 -73.567141
-3.487 -47.3534 9.0584 -73.570559
-3.1601 -48.3203 10.2056 -73.574005
-2.5906 -49.7167 11.29 -73.577442
-2.064 -51.2649 10.2609 -73.580915
-1.9023 -53.0628 10.2828 -73.584409
-1.2374 -53.7481 8.8883 -73.587956
-0.2338 -55.4757 8.438 -73.591512
0.9268 -57.1391 8.1846 -73.595094
2.1659 -58.7648 8.26 -73.598703
2.7966 -60.3652 9.2072 -73.602349
3.5606 -62.0815 8.7826 -73.606021
4.1051 -63.9769 8.2533 -73.60973
4.7728 -65.8913 8.0534 -73.61346
5.555 -67.7898 8.1794 -73.617214
5.4215 -69.7319 8.5591 -73.620996
5.3722 -71.1779 9.39 -73.624821
6.6015 -72.8224 9.4344 -73.628669
7.9091 -74.3345 9.4579 -73.632551
9.1469 -75.9691 9.4502 -73.636461
10.0298 -77.8076 9.4917 -73.640397
10.7723 -79.6982 9.5101 -73.64437
12.3735 -80.8411 9.4583 -73.648367
13.4145 -82.6176 9.4397 -73.652399
14.1594 -84.5026 9.6273 -73.656466
14.908 -86.352 10.0263 -73.660564
15.6285 -88.1574 10.421 -73.664691
16.2688 -90.0988 10.1972 -73.668855
16.8061 -92.0324 10.2983 -73.673044
18.0591 -93.5211 10.9131 -73.677267
19.0692 -95.1762 11.592 -73.681521
20.0514 -96.8019 12.3554 -73.685803
20.7986 -98.4251 13.1509 -73.690125
22.3425 -99.643 13.6764 -73.694477
23.1324 -101.4525 13.8694 -73.698862
24.2278 -103.1764 13.8286 -73.703282
25.7948 -104.4654 13.8973 -73.707731
27.3532 -105.7951 13.951 -73.712208
28.4996 -107.4233 13.9547 -73.716722
30.0108 -108.56 13.6639 -73.721273
31.1081 -108.6091 12.0588 -73.725935
29.9694 -109.9097 10.9348 -73.730979
28.8308 -111.2104 9.8109 -73.735933
27.6922 -112.511 8.6869 -73.740796
26.8377 -113.4766 7.7017 -73.745629
28.1153 -111.9666 8.2837 -73.750783
29.3929 -110.4565 8.8658 -73.755841
30.6706 -108.9464 9.4479 -73.7608
31.1787 -108.9746 10.7509 -73.765828
31.0798 -109.3078 12.7833 -73.770901
31.1974 -110.3892 14.0207 -73.775912
31.8589 -112.2436 14.4776 -73.780926
32.2207 -114.0808 14.8897 -73.785976
32.3754 -116.0895 14.7382 -73.791057
33.2282 -117.7627 14.1097 -73.796172
34.0263 -119.6079 13.7086 -73.801315
34.4263 -121.5938 13.4703 -73.806487
34.6735 -123.5948 13.4834 -73.811687
34.4631 -125.6138 13.6554 -73.816913
35.477 -127.1975 13.9548 -73.822155
36.4488 -128.3733 14.9241 -73.827455
36.0423 -130.1872 15.3722 -73.832806
35.1621 -131.5518 15.4371 -73.838159
35.6418 -129.8523 14.8263 -73.843499
35.0348 -128.0619 14.2107 -73.848864
35.5446 -129.8444 14.1534 -73.854255
35.6291 -131.8577 14.0497 -73.859653
34.8485 -133.6181 13.7199 -73.86506
34.2995 -135.3089 12.7219 -73.87048
33.9891 -137.2127 12.2496 -73.875901
34.6951 -139.1364 12.158 -73.881326
34.4342 -141.0719 12.4762 -73.886749
34.9496 -142.8915 13.1328 -73.892186
35.1207 -144.6736 12.8365 -73.897606
36.0553 -146.4708 12.5635 -73.903018
36.5162 -147.9232 11.2272 -73.908444
37.0821 -149.6924 10.5935 -73.913823
38.1845 -151.3675 10.8233 -73.91918
38.9786 -152.5573 11.4668 -73.924523
38.5512 -154.4927 11.7745 -73.929859
38.9845 -156.4817 12.0272 -73.935171
38.8087 -158.4686 12.102 -73.94043
39.4316 -160.3993 12.1561 -73.945638
40.017 -162.1492 11.7738 -73.950803
39.9044 -164.0643 11.3068 -73.955893
40.4166 -165.9089 10.6066 -73.960922
41.3853 -167.5493 10.7632 -73.965861
42.1247 -169.1267 11.6727 -73.970716
42.1485 -170.8263 12.6221 -73.975482
41.2541 -172.1527 13.7028 -73.980121
41.3329 -173.6405 14.3131 -73.984644
41.6008 -174.8677 12.6805 -73.989048
41.8738 -176.7997 12.275 -73.993286
42.7438 -178.5456 11.9564 -73.997358
43.2439 -180.4578 12.0397 -74.00125
43.3656 -182.4295 12.4106 -74.004955
43.6747 -184.2146 13.2717 -74.008456
44.1736 -186.1236 13.8383 -74.011719
44.3535 -187.9066 14.7675 -74.014744
44.8726 -189.5685 15.6922 -74.017508
45.4404 -191.1005 14.5715 -74.01999
46.1386 -192.9259 14.1459 -74.022171
46.6287 -194.8895 13.783 -74.024031
47.9055 -196.4354 13.3908 -74.025557
49.0241 -197.9564 13.467 -74.026728
49.8322 -199.3762 13.2319 -74.027528
51.04 -200.3986 12.0409 -74.027937
-16.8109 -27.3553 2.8101 -73.52187
-17.497 -28.3029 4.2038 -73.523981
-18.1984 -29.271 5.5067 -73.526049
-18.2577 -29.3412 3.7473 -73.528468
-18.2679 -29.344 1.9276 -73.53084
-18.2781 -29.3467 0.108 -73.533158
-18.2883 -29.3494 -1.7116 -73.535422
-18.2985 -29.3522 -3.5313 -73.53763
-18.8534 -30.5664 -3.9808 -73.539815
-18.8107 -32.318 -3.8597 -73.542025
-19.3066 -34.0554 -3.7456 -73.54425
-18.9488 -34.5418 -2.2544 -73.546503
-18.3075 -35.7012 -1.0566 -73.548775
-18.003 -37.2922 -0.254 -73.551059
-17.2153 -38.7422 0.5062 -73.553359
-17.2992 -40.1694 1.5541 -73.555679
-17.1185 -41.7267 2.3954 -73.55802
-17.083 -42.8762 3.6698 -73.560392
-17.3639 -44.4413 4.545 -73.562776
-18.2212 -45.6938 5.2818 -73.565166
-18.9632 -46.7735 4.1464 -73.567577
-19.2427 -47.6114 2.5633 -73.570024
-19.7572 -49.1601 2.2576 -73.572466
-20.0441 -50.8741 2.5491 -73.574921
-20.3286 -52.4364 3.2684 -73.577387
-19.8077 -53.8024 3.6098 -73.579873
-19.2008 -54.6661 2.2731 -73.582393
-18.7221 -56.0354 2.9434 -73.584932
-18.7365 -56.729 4.1896 -73.58748
-18.8997 -58.1413 5.2798 -73.590031
-18.8149 -59.8936 5.7078 -73.592586
-18.9822 -61.072 7.0484 -73.595161
-19.3934 -62.5349 8.0119 -73.597726
-19.547 -63.8484 9.0694 -73.60031
-19.5772 -65.5723 8.63 -73.602877
-19.258 -67.3139 8.3405 -73.605446
-19.7508 -69.0603 8.364 -73.608002
-19.9946 -70.8175 8.7102 -73.610562
-19.8037 -72.5539 9.1873 -73.613111
-19.7201 -74.3251 9.5635 -73.61565
-20.2567 -75.9938 9.7611 -73.618174
-19.7758 -77.7066 9.8918 -73.62068
-19.8692 -79.394 10.0722 -73.62316
-20.6153 -80.6503 10.7965 -73.62561
-20.8101 -82.0334 11.1362 -73.628019
-21.8468 -83.2751 10.5156 -73.630387
-22.3598 -84.646 11.4203 -73.632708
-22.8139 -86.2646 12.0203 -73.634975
-22.9433 -87.4114 13.1988 -73.637197
-23.2601 -88.7922 14.1473 -73.639339
-23.5187 -90.5915 14.1567 -73.641389
-23.7693 -92.3875 14.2837 -73.643348
-23.9193 -94.161 14.5659 -73.645211
-24.765 -95.4177 14.2775 -73.646964
-25.6946 -96.5629 13.7452 -73.648594
-26.3361 -98.2508 13.7081 -73.650091
-26.22 -99.6251 14.4174 -73.651467
-26.029 -100.2322 16.1217 -73.652682
-25.98 -100.9366 17.7977 -73.653729
-26.1774 -101.1961 19.58 -73.65462
-26.4133 -101.3806 21.3748 -73.65529
-26.5757 -102.9017 22.0388 -73.655741
-26.565 -104.1061 22.8298 -73.655974
-10.4886 -18.1238 0.6694 -73.504716
-10.4015 -18.057 0.4643 -73.50629
-11.3637 -19.3353 1.4826 -73.508188
-12.4409 -20.4928 2.3203 -73.510443
-13.7335 -21.882 2.6066 -73.512902
-14.3525 -23.4451 1.6476 -73.51539
-14.7639 -24.7529 0.4153 -73.5179
-15.0123 -25.6795 -1.2982 -73.520438
-14.7483 -27.3027 -2.2341 -73.522994
-14.1682 -28.7546 -3.3613 -73.525581
-14.1335 -30.3237 -2.5621 -73.528192
-14.176 -32.0715 -1.7097 -73.530821
-14.076 -33.7889 -0.9359 -73.533471
-13.8862 -35.6563 -1.4771 -73.536142
-13.5408 -37.5381 -1.8551 -73.538833
-12.9254 -39.3671 -2.0095 -73.541553
-12.8947 -41.2639 -2.5483 -73.544289
-12.5093 -43.0891 -2.3969 -73.547048
-11.8636 -44.7358 -1.5183 -73.549843
-11.3409 -46.4019 -0.6056 -73.552659
-11.0233 -47.5467 0.9658 -73.555515
-10.5913 -48.4457 2.6789 -73.558375
-10.1405 -50.0833 3.3431 -73.561252
-10.2934 -51.7904 2.9275 -73.564152
-10.88 -52.8858 1.4404 -73.567089
-11.0363 -54.4811 1.7038 -73.570034
-11.1458 -56.3254 2.378 -73.573006
-10.357 -57.7555 3.4384 -73.576002
-10.1358 -58.8326 4.9901 -73.579024
-10.3077 -60.6124 5.6598 -73.582073
-11.2813 -62.2927 6.0116 -73.585142
-11.7958 -64.1934 6.181 -73.588233
-12.4342 -66.0517 6.3974 -73.591353
-11.9522 -67.7789 6.8906 -73.594502
-11.6762 -69.0382 8.2561 -73.597674
-11.713 -70.0381 9.9612 -73.600868
-11.8555 -70.9146 11.6774 -73.60411
-12.8132 -71.5235 13.2459 -73.607361
-13.5753 -72.2336 12.7301 -73.610639
-14.1638 -73.7043 11.8882 -73.61394
-14.4131 -75.2707 10.815 -73.61726
-13.5782 -77.0011 10.3425 -73.62061
-13.3259 -78.9499 10.1371 -73.623986
-13.3622 -80.9141 10.3308 -73.62738
-14.2376 -82.5066 10.9807 -73.630793
-14.7845 -84.1023 11.9265 -73.634238
-15.3519 -85.4422 12.6525 -73.637711
-15.7865 -86.6616 12.098 -73.641213
-16.5522 -87.7496 13.5364 -73.644737
-17.1687 -89.5648 13.8022 -73.648275
-18.2162 -91.1682 13.885 -73.651838
-19.5493 -92.634 13.9514 -73.655421
-20.3209 -94.4426 13.8656 -73.659028
-21.0095 -96.2837 13.6721 -73.662654
-21.3384 -97.8523 13.9673 -73.66634
-21.6939 -97.8965 15.9193 -73.670087
-22.3276 -98.0602 17.7316 -73.673803
-21.887 -98.9874 16.7979 -73.677571
-22.8153 -99.7306 15.3374 -73.68131
-24.3779 -100.6691 14.7056 -73.685058
-24.3457 -102.6276 14.3888 -73.688808
-24.5768 -104.5617 14.2213 -73.692566
-24.8282 -106.5067 14.2205 -73.696334
-25.0574 -108.4614 14.1941 -73.700103
-25.5558 -110.3378 14.0236 -73.703878
-26.9412 -111.6652 13.5497 -73.707655
-27.6548 -113.1993 12.651 -73.711425
-27.9593 -114.1646 11.0361 -73.715235
-28.3565 -115.3746 10.0919 -73.718978
-29.1471 -116.4978 9.0352 -73.722726
-29.5399 -117.0458 7.1689 -73.726488
-29.9596 -117.6548 5.3281 -73.730198
-30.9613 -118.935 4.5188 -73.733854
-32.1435 -120.2324 4.6581 -73.73748
-32.9363 -121.0473 6.2793 -73.741075
-33.621 -122.2206 7.5953 -73.744608
-33.9105 -123.585 8.7937 -73.748089
-34.4873 -124.3869 10.3397 -73.751502
-35.0405 -125.7656 11.4307 -73.754826
-34.701 -127.6323 11.772 -73.758066
-35.3063 -129.4991 11.9181 -73.761212
-35.9903 -131.3268 11.7835 -73.764246
-37.6819 -132.1342 11.31 -73.767161
-38.5009 -133.4806 10.3217 -73.769944
-38.4967 -134.7419 8.9782 -73.772594
-39.2613 -136.1191 9.0235 -73.775071
-39.6486 -137.8732 9.0943 -73.777372
-40.3927 -139.5578 8.4232 -73.779477
-41.3357 -141.2284 8.0319 -73.781374
-41.7461 -143.1332 7.6854 -73.783051
-42.0138 -145.0056 7.4829 -73.784486
-41.9887 -146.6225 8.5512 -73.785669
-43.1363 -148.1444 8.915 -73.786577
-43.8626 -149.8828 8.3731 -73.787199
-44.926 -151.4033 7.7386 -73.787517
-9.353 -14.8211 0.2731 -73.497901
-11.0559 -15.5864 0.7158 -73.499984
-12.8605 -15.9487 1.177 -73.502566
-14.323 -16.6873 2.6356 -73.507368
-15.6273 -17.7486 4.2904 -73.511408
-16.5612 -19.3299 4.837 -73.513238
-17.0333 -20.2944 6.2453 -73.515304
-17.8874 -21.5361 7.3823 -73.517435
-18.8508 -22.9769 8.1796 -73.51958
-19.5099 -24.5801 8.9543 -73.52175
-19.7318 -25.6734 10.3712 -73.523954
-19.6375 -26.5275 11.987 -73.526193
-20.9183 -27.5166 12.4491 -73.528434
-21.2964 -29.0814 13.3143 -73.5307
-21.83 -30.7644 14.0149 -73.532991
-22.4092 -32.288 14.7504 -73.535304
-23.1716 -32.8787 16.4102 -73.537666
-23.4458 -33.3976 17.1662 -73.540017
-23.9797 -35.1098 17.8018 -73.542396
-25.2888 -36.4276 18.1128 -73.544792
-26.4013 -37.9363 18.2431 -73.547204
-27.2908 -39.5473 18.3867 -73.54964
-28.9068 -40.2841 18.3568 -73.552098
-28.8386 -41.8551 18.071 -73.554576
-30.0593 -43.3052 18.0707 -73.557073
-30.6546 -44.9959 18.2212 -73.559598
-31.4097 -46.5757 18.3297 -73.562143
-32.6885 -47.8644 18.2798 -73.564706
-33.6705 -49.4532 18.3794 -73.567279
-34.3435 -51.1833 18.7706 -73.569871
-35.0428 -52.643 19.7515 -73.572487
-35.9334 -53.9164 20.8542 -73.575114
-36.4958 -55.5633 21.6175 -73.577754
-37.1515 -57.2664 22.1901 -73.580405
-37.503 -58.9135 22.7742 -73.583086
-37.2767 -60.629 23.5408 -73.585784
-38.3487 -62.1152 24.0868 -73.588483
-38.7835 -63.8894 24.6417 -73.591193
-39.0307 -65.5698 25.4324 -73.593909
-39.2448 -67.4312 25.7075 -73.596643
-39.4113 -69.2406 26.1323 -73.599376
-38.2265 -70.1613 27.1367 -73.602118
-37.9293 -71.6381 28.1838 -73.604876
-36.7386 -72.8721 28.5562 -73.607626
-35.4143 -74.1273 28.8617 -73.61037
-33.8413 -75.1427 29.2839 -73.613173
-32.9832 -76.7229 29.5771 -73.615913
-33.6399 -75.092 29.1649 -73.618688
-33.1635 -76.3575 28.5144 -73.621432
-32.6394 -77.9449 29.3953 -73.624155
-31.5586 -79.4236 29.8926 -73.626901
-30.8094 -81.0765 30.3763 -73.629604
-31.5811 -82.6547 30.6865 -73.632239
-31.7168 -84.5489 30.8274 -73.634832
-31.5105 -86.4537 30.8357 -73.637369
-31.5377 -88.3667 30.7633 -73.639852
-31.4829 -90.279 30.6456 -73.642269
-31.9235 -92.1277 30.4947 -73.644607
-32.2806 -93.9944 30.2829 -73.646856
-33.2826 -95.4749 30.073 -73.649013
-34.2923 -96.3147 29.212 -73.651067
-33.7984 -97.5646 29.0456 -73.653012
-33.365 -98.5644 30.3242 -73.654834
-34.9529 -99.5888 30.5864 -73.656506
-35.3561 -101.2379 30.5528 -73.658024
-35.425 -102.1901 29.7785 -73.659375
-35.4381 -103.6106 30.0236 -73.66054
-35.4329 -104.9525 28.8355 -73.661502
-35.4888 -106.6151 28.0477 -73.662243
-35.1318 -108.0258 29.2064 -73.662757
-34.5346 -109.5447 30.0645 -73.663018
-15.445 -16.6758 3.4162 -73.511429
-17.1123 -16.5493 2.7023 -73.513232
-18.8242 -16.1183 2.2844 -73.515275
-20.5247 -15.3962 2.2003 -73.517363
-22.3116 -15.3473 2.4856 -73.519468
-24.0423 -14.9367 2.9859 -73.521607
-25.7912 -14.8802 3.5418 -73.523771
-27.6376 -14.8877 3.7424 -73.525953
-29.4617 -14.8882 3.7168 -73.528157
-31.2202 -15.3922 3.5297 -73.530392
-32.7539 -15.8243 2.9445 -73.532661
-34.0829 -16.2305 1.7975 -73.534946
-35.3566 -17.1047 0.7776 -73.537251
-36.7811 -17.3591 0.0703 -73.539568
-38.4049 -17.2529 0.8951 -73.541903
-40.1857 -16.9717 1.2216 -73.544263
-41.9745 -17.3706 1.348 -73.546645
-43.6645 -17.7288 1.1737 -73.54905
-45.1638 -16.9527 0.472 -73.551472
-46.3865 -16.2335 -0.6264 -73.553923
-48.1583 -16.038 -0.1893 -73.556397
-49.5586 -16.5997 0.7893 -73.558896
-50.6275 -17.7832 1.5574 -73.561409
-52.4581 -17.9497 1.6886 -73.563942
-54.2203 -17.8442 1.1278 -73.566495
-55.6575 -18.4041 0.1681 -73.569074
-57.139 -19.2179 -0.5793 -73.571672
-58.8775 -19.6978 -0.9928 -73.574288
-60.4992 -20.5497 -0.8751 -73.576916
-62.2699 -20.9516 -0.784 -73.579564
-63.9605 -21.4851 -1.2025 -73.582253
-65.769 -21.6468 -1.2364 -73.58494
-67.4074 -21.948 -2.0416 -73.587645
-69.2303 -22.0478 -2.2783 -73.590362
-71.0405 -22.3933 -2.2 -73.593103
-72.76 -22.6876 -1.8978 -73.595853
-74.4248 -22.1245 -1.3042 -73.598617
-75.468 -21.5676 0.0962 -73.601399
-76.805 -21.0117 0.8974 -73.604194
-78.6304 -21.1688 0.7939 -73.606981
-80.2126 -21.6023 1.4208 -73.609779
-81.9055 -21.4802 1.8938 -73.61258
-83.3789 -20.5725 2.4839 -73.615384
-84.8475 -20.092 3.3977 -73.618182
-85.8797 -19.4106 4.4732 -73.620988
-86.9877 -17.9771 4.3817 -73.623775
-88.4094 -16.917 4.436 -73.626548
-89.1332 -16.2863 5.8123 -73.629337
-89.6827 -16.0961 7.5766 -73.632097
-90.6073 -14.9923 8.5732 -73.634806
-91.6573 -14.5236 9.9347 -73.63748
-92.216 -13.6924 11.4126 -73.640141
-93.3323 -12.5367 11.3011 -73.642717
-94.3529 -11.3333 10.4637 -73.64524
-95.9243 -11.359 10.3327 -73.647696
-97.085 -12.6874 10.4076 -73.650078
-98.637 -11.9209 10.4364 -73.652375
-99.8512 -10.5582 10.1484 -73.65457
-101.1467 -9.2581 9.9913 -73.656663
-102.9108 -8.8466 10.0308 -73.658631
-104.2043 -7.6318 10.4372 -73.660459
-105.7848 -7.7377 11.2376 -73.662142
-107.5295 -7.7352 11.7584 -73.663662
-108.7114 -6.5165 12.2914 -73.665007
-108.6826 -5.013 12.9437 -73.666171
-109.4316 -4.9691 14.0337 -73.66713
-110.9911 -5.321 13.2911 -73.667869
-112.3812 -4.7789 12.2565 -73.668375
-113.4541 -4.4164 10.8172 -73.668635
-15.5545 -17.632 4.3033 -73.511318
-16.8149 -18.3686 5.0193 -73.512854
-18.1535 -17.7371 5.9254 -73.514614
-19.3957 -17.6568 7.1162 -73.516427
-20.6245 -17.4395 8.329 -73.518259
-21.4073 -17.0773 9.8446 -73.520127
-22.3291 -16.4593 11.1562 -73.522006
-23.7986 -16.4039 12.1053 -73.523907
-24.636 -16.4397 13.5353 -73.525851
-26.0492 -16.413 14.4153 -73.527793
-26.5091 -16.6788 16.0866 -73.529794
-27.6416 -17.5424 16.452 -73.531775
-28.9683 -17.6171 17.1518 -73.533773
-30.2529 -16.8642 18.0015 -73.535785
-31.8112 -16.9615 18.7079 -73.537826
-32.7125 -16.0015 17.8716 -73.539873
-33.9732 -15.3124 17.8919 -73.54194
-35.5154 -14.9405 18.541 -73.544022
-36.8148 -15.2621 19.6037 -73.546122
-38.1095 -15.3947 20.6532 -73.548225
-39.3709 -15.3085 20.5665 -73.550363
-39.9084 -15.4165 22.2463 -73.552531
-41.4898 -16.1032 22.568 -73.554671
-43.1935 -16.3081 22.9719 -73.556814
-44.8671 -16.1005 23.426 -73.558961
-46.5874 -16.255 23.8037 -73.561118
-48.2806 -16.146 24.1613 -73.563259
-49.8848 -15.6408 24.6252 -73.565401
-51.569 -15.5809 25.1077 -73.56753
-53.1934 -15.8717 25.7123 -73.569648
-54.8397 -16.0518 26.2602 -73.57176
-56.4663 -15.7486 26.8593 -73.573835
-57.6381 -14.8744 27.7621 -73.575884
-58.8394 -13.7889 28.4214 -73.577903
-60.1932 -13.1386 29.3328 -73.579895
-61.8304 -12.6017 29.6751 -73.58184
-63.5039 -12.1508 29.7076 -73.583729
-64.8861 -11.121 29.4315 -73.585565
-65.5954 -10.0293 28.2627 -73.587344
-66.3587 -9.069 29.1123 -73.589051
-67.3994 -7.9254 29.8988 -73.590676
-68.8854 -7.8686 29.963 -73.59221
-70.5505 -7.352 29.9726 -73.593641
-72.0497 -6.4284 30.0037 -73.594963
-73.5599 -5.5098 29.9785 -73.596165
-74.8786 -4.3323 29.9264 -73.597269
-76.2236 -3.1844 29.9023 -73.59819
-77.2186 -1.7362 29.9278 -73.598951
-78.2778 -0.5048 29.7779 -73.599539
-79.9939 -0.3567 29.5292 -73.599944
-81.6519 -0.1123 29.479 -73.600153
-15.2282 -17.1379 4 -73.510647
-15.8134 -17.8487 4 -73.51071
-16.4306 -18.5318 4 -73.510743
-13.8552 -16.3527 0.6773 -73.504147
-6.8126 -12.9962 0.0714 -73.496474
-5.8684 -15.48 0.0572 -73.498363
-5.4058 -18.0693 0.0621 -73.500799
-4.8048 -20.6622 0.1442 -73.503889
-4.2378 -23.1032 0.3354 -73.507754
-4.2185 -23.3173 3.0099 -73.514071
-4.1991 -23.5292 5.6846 -73.520462
-3.9404 -24.0329 8.0609 -73.526797
-2.9465 -26.4423 7.8893 -73.533254
-2.9898 -29.1239 7.9366 -73.539911
-2.8312 -31.7921 8.079 -73.546784
-2.7737 -34.4658 8.0848 -73.553881
-3.1335 -36.1267 6.8772 -73.561332
-2.9668 -36.5649 4.2354 -73.569034
-3.5563 -38.3842 2.8887 -73.576863
-4.3063 -40.3834 1.497 -73.584979
-4.1208 -42.6459 0.2252 -73.593339
-4.2362 -43.7827 0.8959 -73.600065
-3.8312 -43.4159 2.8085 -73.604891
-3.4263 -43.0492 4.7211 -73.609654
-3.0214 -42.6825 6.6338 -73.614354
-2.6164 -42.3158 8.5464 -73.618991
-2.2115 -41.949 10.459 -73.623565
-1.8006 -41.5642 12.3611 -73.628076
-1.0504 -39.8462 12.7392 -73.632712
0.1758 -38.6585 13.5417 -73.637399
1.5902 -38.0395 13.8599 -73.642234
3.2347 -39.0768 14.2093 -73.647128
3.2862 -40.8715 14.6526 -73.652134
3.0921 -42.2179 15.9515 -73.657242
3.289 -43.8273 17.0278 -73.662455
3.7676 -45.0577 18.3989 -73.667813
5.3853 -45.2551 17.5078 -73.673285
6.4565 -45.5185 16.2146 -73.678975
6.4601 -45.5688 14.2263 -73.684806
7.3041 -46.1013 15.3965 -73.690732
7.7212 -46.6728 17.2551 -73.696822
8.2906 -47.8462 18.7417 -73.702985
8.7291 -49.4862 19.2615 -73.70754
9.1255 -50.9461 19.7272 -73.710329
10.0364 -52.2198 19.9693 -73.71313
10.7133 -53.6545 20.0389 -73.715954
11.8089 -54.3454 19.5071 -73.718818
12.1976 -54.6669 17.9921 -73.721703
13.1099 -54.8336 16.8714 -73.724597
13.5838 -54.6626 15.3738 -73.727681
13.6588 -54.6533 13.7788 -73.731213
13.7337 -54.644 12.1838 -73.734654
13.8087 -54.6347 10.5888 -73.738004
13.8837 -54.6254 8.9938 -73.741263
13.9586 -54.6161 7.3988 -73.744428
14.0336 -54.6068 5.8038 -73.747499
14.1085 -54.5975 4.2088 -73.750476
14.1663 -54.5744 2.6132 -73.7538
14.2206 -54.5486 1.0176 -73.757152
14.2749 -54.5228 -0.5781 -73.760397
14.3293 -54.497 -2.1737 -73.763535
14.3836 -54.4712 -3.7694 -73.766562
14.4379 -54.4454 -5.365 -73.76948
13.7113 -55.8095 -5.5929 -73.772336
13.1825 -57.2536 -6.0072 -73.775172
12.9567 -58.7053 -6.561 -73.777978
12.6682 -60.0281 -7.37 -73.780749
12.3514 -61.5353 -7.7387 -73.783481
11.9771 -63.0578 -7.8716 -73.786167
11.7617 -64.6275 -7.7751 -73.788803
11.4655 -65.9109 -8.3481 -73.791387
11.6675 -66.9063 -9.5712 -73.793914
11.728 -68.3207 -9.6289 -73.79638
11.6975 -68.4625 -8.07 -73.798767
11.4235 -69.5735 -7.0162 -73.801057
11.1196 -70.8404 -6.109 -73.803255
11.0275 -71.8722 -4.9846 -73.805363
11.2426 -73.2528 -4.3725 -73.807362
10.7531 -74.6674 -3.9199 -73.809239
10.425 -76.2016 -3.7062 -73.810997
10.77 -77.7411 -3.6532 -73.812623
11.0786 -79.2552 -3.6604 -73.814102
11.425 -80.7723 -3.755 -73.815429
11.2996 -82.2807 -4.0128 -73.816593
11.9706 -83.6675 -4.3963 -73.817585
12.7118 -84.5829 -3.8154 -73.818408
13.1706 -85.4159 -2.5821 -73.819034
13.3664 -86.853 -1.9391 -73.81946
13.3682 -87.667 -0.8755 -73.819679
8.6263 -48.9248 19.7774 -73.70742
8.971 -49.5407 20.9869 -73.709952
9.2099 -51.0475 20.8184 -73.712489
10.0927 -52.2943 20.5532 -73.715025
10.6868 -53.724 20.4404 -73.717562
11.4461 -54.1517 19.6321 -73.720149
11.5442 -54.2966 18.1881 -73.722726
12.9332 -54.8812 18.406 -73.725277
13.2774 -55.294 19.8309 -73.72789
13.7729 -56.2787 20.5319 -73.730436
14.3885 -57.7019 20.5127 -73.732979
15.16 -59.0485 20.6431 -73.735502
15.6443 -60.0525 21.5504 -73.738024
16.2084 -60.988 22.5631 -73.740525
17.2577 -61.2039 23.519 -73.742993
18.4454 -61.8839 23.9975 -73.745427
19.1422 -63.2514 24.2481 -73.747834
19.671 -63.8624 25.3071 -73.750242
20.2623 -64.3588 26.3522 -73.752585
21.638 -65.0559 26.1487 -73.754869
22.7173 -66.1327 25.8633 -73.757236
23.7256 -67.2733 25.5197 -73.759503
24.6112 -68.47 25.1932 -73.76164
24.9681 -69.954 24.971 -73.763698
24.9964 -70.9802 24.2159 -73.765782
24.9684 -71.117 22.6615 -73.76787
24.9404 -71.2538 21.1072 -73.769809
24.9124 -71.3907 19.5528 -73.771596
24.8648 -71.4567 17.9963 -73.773248
24.9221 -71.7069 16.7213 -73.774784
25.4185 -72.6144 17.5247 -73.776233
25.5779 -72.8182 19.0637 -73.777572
25.6724 -73.1458 20.5059 -73.778743
25.5385 -73.7136 21.7923 -73.779805
25.5469 -73.9336 23.3373 -73.780716
25.5553 -74.1535 24.8823 -73.781444
26.4257 -75.2629 24.9859 -73.781995
26.2037 -76.801 24.991 -73.782373
26.3234 -78.3421 25.0702 -73.782565
-4.7208 -44.7161 -0.023 -73.598878
-5.1299 -46.1818 0.6944 -73.601413
-5.3697 -46.9913 2.259 -73.603981
-5.7718 -48.0995 3.5791 -73.606564
-6.3113 -49.4357 4.5711 -73.609179
-6.1052 -51.0319 5.3148 -73.611817
-5.9754 -52.7323 5.8136 -73.614478
-5.3005 -54.3124 6.0843 -73.617166
-5.5666 -55.9139 6.2159 -73.619881
-6.3626 -57.4622 6.4728 -73.622618
-7.4327 -58.7683 6.9386 -73.625382
-8.3123 -60.0607 7.6969 -73.628171
-9.2075 -61.5771 7.5449 -73.630974
-10.0182 -63.1512 7.7642 -73.633804
-10.4982 -64.8336 7.9938 -73.636649
-11.098 -66.494 8.2496 -73.639524
-11.5795 -68.0917 8.8213 -73.642419
-11.4778 -69.48 9.814 -73.645327
-11.3768 -70.9824 10.6772 -73.648264
-11.1615 -72.6665 10.9417 -73.651226
-11.9531 -74.0675 10.3517 -73.654205
-12.2253 -75.2856 9.1163 -73.657205
-12.386 -76.5528 7.8889 -73.660215
-12.4919 -77.8973 6.8778 -73.663252
-12.6418 -79.6702 6.7282 -73.666302
-12.8923 -81.2283 7.3625 -73.669372
-13.0636 -82.0267 8.8276 -73.672485
-12.8375 -83.2389 8.8894 -73.675586
-12.4716 -84.694 8.0205 -73.678709
-12.6797 -85.5671 7.0599 -73.681854
-12.5183 -84.1321 6.1622 -73.685034
-12.5292 -84.0813 7.3739 -73.688233
-11.895 -85.6688 7.8198 -73.69144
-11.5229 -87.2946 8.4116 -73.694651
-10.3324 -88.1124 9.2259 -73.697871
-10.675 -89.8262 9.467 -73.701109
-11.2148 -91.4903 9.7261 -73.704338
-11.4919 -93.2205 9.9224 -73.707566
-11.8689 -94.9605 9.9938 -73.710801
-12.2215 -96.7085 9.9892 -73.71402
-12.5548 -98.4528 9.9031 -73.717242
-13.101 -100.1246 9.6027 -73.720448
-13.6123 -101.6942 9.0552 -73.723646
-14.5178 -102.8115 8.0351 -73.726835
-14.732 -103.8321 6.6289 -73.730015
-14.736 -104.949 5.3416 -73.733179
-14.7897 -105.5564 3.6632 -73.736321
-14.9175 -106.1934 2.0059 -73.739423
-14.8119 -107.3154 0.66 -73.742454
-14.3904 -108.3157 -0.7477 -73.745457
-14.0768 -109.6227 -1.5126 -73.748385
-14.1581 -111.3783 -1.2027 -73.751253
-14.4574 -112.7137 -0.3129 -73.754067
-14.5581 -113.8268 1.0481 -73.756793
-14.5629 -114.7419 2.5821 -73.75945
-14.3372 -115.8187 3.9677 -73.761996
-14.0073 -116.8255 5.38 -73.764443
-13.5104 -118.0936 6.4955 -73.766771
-13.0668 -119.695 6.5246 -73.768974
-12.4966 -121.0534 5.5568 -73.771032
-12.0851 -122.6625 5.1356 -73.772944
-12.5004 -124.2153 4.474 -73.774698
-12.6759 -125.9354 4.076 -73.77627
-13.0189 -127.5669 3.9008 -73.77766
-13.6129 -129.2115 3.7998 -73.778848
-14.5095 -130.7248 3.617 -73.779822
-15.1909 -132.314 3.2206 -73.780571
-16.0458 -133.6469 2.4524 -73.781083
-17.0046 -135.0632 2.0492 -73.781345
-3.6471 -8.0538 -0.0157 -73.494667
-1.3228 -8.9468 -0.0471 -73.496142
0.9314 -9.9936 -0.0832 -73.497746
2.6625 -11.7633 -0.1495 -73.49975
3.884 -13.4015 -0.8686 -73.502959
4.2751 -14.1359 -3.2157 -73.510113
4.6663 -14.8703 -5.5627 -73.517201
5.0575 -15.6047 -7.9097 -73.524223
5.4487 -16.3392 -10.2567 -73.531175
5.5082 -15.6747 -11.481 -73.536446
5.7528 -14.1284 -10.9972 -73.539773
5.1317 -14.013 -9.0503 -73.54322
5.6382 -14.026 -8.2186 -73.546886
7.6439 -14.2766 -7.8039 -73.550641
9.6042 -14.0356 -7.3728 -73.554366
11.4824 -13.5321 -6.7322 -73.558201
12.4397 -13.1153 -5.3274 -73.562158
13.1732 -12.7275 -3.4442 -73.566272
14.0029 -12.5015 -1.5695 -73.570518
14.9232 -12.6143 0.2611 -73.574877
16.0509 -12.8503 1.9217 -73.579366
17.2291 -12.7352 3.6117 -73.584038
18.6969 -13.072 4.9744 -73.588746
20.4387 -12.843 5.9867 -73.59359
22.2399 -12.9948 6.2182 -73.597119
23.7688 -13.3762 5.9788 -73.599226
25.0057 -12.6222 5.3936 -73.601353
26.3571 -12.2571 4.8087 -73.603494
27.8738 -11.9691 4.5669 -73.605659
29.2461 -11.1445 4.4391 -73.607837
30.8012 -10.7714 4.3716 -73.610021
32.3851 -10.5715 4.2891 -73.61222
33.2233 -10.1298 4.9983 -73.614446
34.0663 -9.8024 5.9221 -73.616677
35.5597 -9.845 6.5062 -73.618907
36.9026 -9.7278 7.2501 -73.621151
38.2463 -9.5474 7.9246 -73.623385
39.7277 -9.1425 8.3952 -73.625618
41.1759 -8.7377 8.951 -73.627847
42.5633 -8.3419 9.5488 -73.630082
43.7337 -8.1277 8.583 -73.632306
45.1311 -8.0308 7.9631 -73.63451
46.5242 -8.3092 7.3517 -73.636692
47.4104 -8.3281 6.0274 -73.638873
48.547 -8.1523 4.9694 -73.641013
50.1277 -8.0481 4.8161 -73.643122
51.0302 -8.412 5.9293 -73.645234
52.4231 -8.5023 6.17 -73.647277
53.895 -8.5955 6.6905 -73.649283
54.9911 -8.7652 7.7616 -73.651236
56.4893 -8.9904 7.679 -73.653122
57.587 -10.1308 7.9043 -73.654942
59.0801 -10.6364 8.1455 -73.656697
60.6014 -11.0022 8.4608 -73.658362
61.9959 -11.5958 8.0265 -73.65994
62.9752 -11.9724 7.058 -73.661445
63.4644 -12.0743 5.5381 -73.662841
64.0395 -11.9612 4.047 -73.664138
64.4337 -11.9546 2.4888 -73.665314
64.823 -11.932 0.9297 -73.666348
65.2041 -11.8836 -0.6309 -73.667229
65.5558 -11.8356 -2.1985 -73.667958
65.8976 -11.7879 -3.7682 -73.668513
66.4194 -11.7876 -5.282 -73.668891
66.4944 -12.5596 -6.6605 -73.669085
21.8035 -12.9643 5.5087 -73.597516
22.2928 -12.8975 4.0421 -73.600356
22.782 -12.8307 2.5755 -73.603123
23.2713 -12.7639 1.1089 -73.605814
23.7606 -12.6971 -0.3578 -73.608429
24.2499 -12.6303 -1.8244 -73.610967
24.7391 -12.5635 -3.291 -73.613427
25.2284 -12.4967 -4.7576 -73.615807
25.7177 -12.4299 -6.2242 -73.618107
26.2069 -12.363 -7.6908 -73.620325
26.8935 -12.3131 -8.9994 -73.622477
27.9931 -12.1349 -10.0456 -73.624615
29.4155 -12.0244 -10.5719 -73.626748
30.9321 -12.139 -10.7879 -73.628867
32.4337 -12.4908 -10.7732 -73.630991
33.7283 -13.0404 -10.3346 -73.633092
34.9591 -13.7394 -9.781 -73.635179
36.3049 -14.3754 -9.3611 -73.637256
37.7863 -14.4064 -8.971 -73.639342
38.9765 -14.4204 -8.3072 -73.641401
39.509 -14.5028 -6.8771 -73.643417
40.803 -14.1184 -7.3333 -73.645373
42.1172 -13.7343 -7.9502 -73.647287
43.481 -14.2451 -8.4653 -73.649147
44.8322 -14.6862 -9.0455 -73.650952
46.2199 -15.1571 -9.5418 -73.652697
47.4998 -15.7968 -10.1041 -73.654365
48.4919 -16.341 -10.9949 -73.655965
49.2648 -16.5571 -12.2212 -73.657485
50.6437 -17.0063 -12.5265 -73.658901
52.1626 -17.2199 -12.7123 -73.660218
53.5098 -17.9199 -12.5815 -73.661421
54.8261 -18.5114 -12.0649 -73.662508
56.0144 -19.3898 -11.6485 -73.663464
57.1511 -20.3793 -11.2981 -73.664285
58.5784 -20.83 -11.009 -73.664956
59.5198 -21.3446 -11.6244 -73.665483
59.9152 -21.5013 -13.1121 -73.665841
60.3293 -21.6363 -14.5919 -73.666023
5.542 -17.4481 -11.9734 -73.535884
5.2752 -19.0549 -12.8511 -73.538018
4.5319 -20.5356 -13.6308 -73.540184
4.2842 -21.2679 -12.1504 -73.542409
4.5234 -21.5541 -11.2061 -73.544625
5.0916 -22.5097 -9.9139 -73.546885
5.6355 -23.6108 -8.5295 -73.549165
6.4022 -24.9693 -7.5369 -73.551472
6.6335 -26.3097 -6.3211 -73.553797
7.1852 -27.3717 -7.4784 -73.556166
7.7638 -28.2275 -9.037 -73.558553
9.1599 -28.8455 -10.0123 -73.560943
10.2945 -29.4271 -11.2255 -73.56336
12.0307 -29.9265 -10.7637 -73.565805
13.7255 -30.5864 -10.4924 -73.568266
15.1918 -31.515 -11.0288 -73.570746
16.7178 -31.6949 -12.0524 -73.573252
18.2188 -31.9125 -13.1144 -73.575777
19.9511 -32.1969 -13.7295 -73.578325
21.5074 -33.0418 -14.1745 -73.580986
22.8543 -34.2615 -14.6414 -73.583671
24.0059 -35.5947 -15.1729 -73.586285
24.5296 -37.1036 -15.7174 -73.588922
24.7232 -37.5624 -17.5262 -73.591611
25.1008 -38.2263 -19.2142 -73.594309
26.3789 -39.4506 -19.5884 -73.596994
28.1291 -39.8596 -20.0602 -73.599694
29.3513 -39.6098 -21.3429 -73.602421
30.6809 -38.9744 -22.3478 -73.605165
31.8544 -39.4408 -23.699 -73.607932
32.7072 -40.1312 -24.5207 -73.610709
34.1875 -40.0661 -24.2388 -73.613506
35.3747 -39.954 -25.6606 -73.616319
36.0556 -40.1808 -27.3735 -73.61918
37.1117 -40.5409 -28.8636 -73.622022
37.9499 -40.8975 -30.5002 -73.624874
38.8019 -40.6861 -32.1277 -73.62774
39.8174 -40.5169 -33.6425 -73.630597
40.8901 -40.7217 -35.068 -73.63345
42.5305 -41.61 -35.2384 -73.636299
44.3755 -41.8861 -35.4176 -73.639143
45.9871 -42.2694 -36.0731 -73.641982
47.4878 -43.2765 -36.1873 -73.644864
49.3319 -43.6209 -36.2065 -73.647786
51.1887 -43.712 -36.2324 -73.650602
53.0372 -43.4731 -36.3042 -73.65339
54.8899 -43.6769 -36.497 -73.656139
56.6959 -43.5991 -36.9065 -73.658858
58.2639 -44.1277 -37.6876 -73.661536
59.5341 -44.5902 -38.7803 -73.664189
60.5988 -45.0677 -39.8571 -73.666767
61.8729 -46.2433 -40.1922 -73.669281
63.3313 -46.5896 -41.0735 -73.671736
64.0217 -46.6763 -42.7931 -73.674129
64.5704 -46.7494 -44.583 -73.676431
64.8703 -46.6711 -46.4334 -73.678715
65.1687 -46.5915 -48.2839 -73.680822
65.5964 -46.5388 -50.1097 -73.682813
65.7108 -46.4215 -51.9702 -73.684814
65.6981 -46.2783 -53.8407 -73.686653
65.6854 -46.1351 -55.7113 -73.688262
65.6727 -45.9919 -57.5819 -73.689637
65.7296 -45.7497 -59.4403 -73.690844
65.8135 -45.4694 -61.2934 -73.691824
66.0243 -45.0935 -63.1166 -73.692571
66.1717 -44.6856 -64.9394 -73.693088
66.3305 -44.1781 -66.4646 -73.693351
5.6517 -16.7814 -12.2027 -73.53719
5.689 -16.9607 -13.7308 -73.541859
5.7263 -17.14 -15.259 -73.546457
5.7636 -17.3194 -16.7872 -73.550985
5.8009 -17.4987 -18.3154 -73.555442
5.8383 -17.678 -19.8436 -73.559828
5.8756 -17.8574 -21.3717 -73.564144
5.9129 -18.0367 -22.8999 -73.568388
5.9502 -18.216 -24.4281 -73.572561
5.9875 -18.3954 -25.9563 -73.576662
6.0248 -18.5747 -27.4845 -73.58069
6.0621 -18.754 -29.0126 -73.584644
6.0994 -18.9334 -30.5408 -73.588524
6.1367 -19.1127 -32.069 -73.592329
6.1741 -19.292 -33.5972 -73.596058
6.2114 -19.4714 -35.1254 -73.59971
6.2487 -19.6507 -36.6536 -73.603283
6.286 -19.83 -38.1817 -73.606777
6.3233 -20.0094 -39.7099 -73.61019
6.3606 -20.1887 -41.2381 -73.613521
6.3979 -20.368 -42.7663 -73.616768
6.4352 -20.5474 -44.2945 -73.619931
6.4725 -20.7267 -45.8226 -73.623007
6.5099 -20.906 -47.3508 -73.625995
6.5472 -21.0854 -48.879 -73.628893
6.5845 -21.2647 -50.4072 -73.6317
6.6218 -21.444 -51.9354 -73.634414
6.6591 -21.6234 -53.4635 -73.637033
6.6964 -21.8027 -54.9917 -73.639556
6.7337 -21.982 -56.5199 -73.641981
6.771 -22.1614 -58.0481 -73.644306
6.8083 -22.3407 -59.5763 -73.646529
6.8457 -22.52 -61.1045 -73.648649
6.883 -22.6994 -62.6326 -73.650664
6.9394 -22.8766 -64.1572 -73.652572
8.1498 -22.8799 -64.1006 -73.654419
8.9886 -23.516 -62.989 -73.656237
9.9314 -24.3205 -62.1091 -73.657998
10.5435 -25.411 -61.3105 -73.659718
11.1641 -26.7642 -60.9602 -73.661376
11.7371 -28.177 -61.0516 -73.662964
12.2468 -29.4991 -61.4619 -73.664482
12.6299 -30.7915 -61.1111 -73.665928
13.0367 -32.212 -60.6823 -73.667285
13.4206 -33.6473 -60.2909 -73.66855
13.672 -35.0666 -59.8345 -73.66971
13.7802 -36.5811 -60.0484 -73.670752
13.7177 -38.0731 -60.4184 -73.671671
13.5658 -39.5761 -60.7091 -73.672462
13.3014 -41.0704 -60.6511 -73.673111
13.3571 -42.0105 -59.4467 -73.673617
13.5377 -43.0476 -58.3404 -73.673961
13.6333 -44.0606 -57.3331 -73.674137
-2.4565 -0.91 0.0523 -73.481894
-2.8293 2.667 0.2464 -73.469946
-3.0866 6.216 0.7208 -73.457753
-2.2413 9.6979 1.5153 -73.445271
-0.7404 12.7593 0.9662 -73.432608
0.227 15.8879 -1.0884 -73.419229
0.5524 20.1154 -1.9386 -73.405127
0.4575 24.418 -2.5408 -73.390743
0.4389 27.3767 -5.5178 -73.376057
-0.013 29.9656 -8.7108 -73.361103
-0.1419 14.3216 0.264 -73.425866
0.8616 14.8245 1.2959 -73.422153
2.5303 15.409 3.4469 -73.415307
5.0961 15.9466 3.8822 -73.408267
7.8356 16.5695 3.9069 -73.400988
10.5566 17.2922 4.0994 -73.393574
13.2701 17.9524 4.5537 -73.385972
15.8121 18.8134 4.7988 -73.378207
17.2134 19.7132 4.344 -73.372886
17.5574 19.3689 4.0634 -73.373142
-0.9274 14.3109 0.2417 -73.425508
-2.5488 14.1754 0.0246 -73.425446
-4.1702 14.04 -0.1925 -73.425391
-5.6969 13.9854 -0.1496 -73.425336
-6.0083 14.0245 0.9686 -73.425274
-4.7591 13.8534 0.1003 -73.425201
-4.5248 13.8442 -1.5168 -73.425094
-4.3735 13.8457 -3.1513 -73.424972
-4.2222 13.8471 -4.7858 -73.424843
-4.0708 13.8486 -6.4202 -73.424712
-3.7648 13.9278 -8.018 -73.42458
-3.1571 14.1597 -9.5252 -73.424457
-2.5409 14.9686 -10.6984 -73.424362
-0.6612 32.5013 -8.9792 -73.351805
-1.3441 34.6869 -8.6538 -73.344645
-2.5162 37.7967 -7.959 -73.333721
-4.0883 40.798 -9.2426 -73.322635
-6.1771 43.4321 -10.5669 -73.311396
-7.4526 45.9637 -12.4793 -73.299986
-8.199 48.9959 -14.3148 -73.288287
-8.488 52.2581 -16.0262 -73.276301
-8.9751 55.6713 -17.3793 -73.264153
-8.9724 59.3456 -17.9864 -73.251851
-8.8355 62.9598 -18.9326 -73.239385
-8.1651 65.7964 -21.101 -73.226746
-8.071 69.4931 -21.2598 -73.213951
-8.0725 72.7987 -19.5494 -73.201678
-8.8931 75.9303 -20.6534 -73.191322
-9.8467 77.8663 -22.8286 -73.182207
-10.916 79.9845 -24.8489 -73.173012
-11.8107 82.572 -26.461 -73.163045
-13.9622 85.1541 -28.0376 -73.152306
-15.428 87.4195 -30.0798 -73.141424
-16.2874 89.1284 -32.8169 -73.131924
-17.1302 91.8068 -33.4334 -73.123849
-16.6579 94.7355 -33.3269 -73.115709
-16.2793 97.4317 -32.2507 -73.107509
-16.0966 100.3779 -31.8618 -73.099243
-15.6048 103.2146 -31.8672 -73.087141
-15.0646 104.6984 -30.0846 -73.071112
-14.4099 106.6313 -31.3901 -73.054992
-13.9013 109.3975 -31.7321 -73.038749
-13.1382 112.1018 -31.8855 -73.022384
-12.0288 114.6912 -32.2205 -73.005877
-9.9615 116.491 -32.7147 -72.989248
-8.3964 118.5551 -33.6954 -72.972483
-7.0441 120.3709 -35.2413 -72.955567
-16.3107 103.1222 -31.2609 -73.090407
-17.0106 105.6108 -30.0258 -73.081196
-17.7104 108.0993 -28.7907 -73.072145
-18.4103 110.5878 -27.5556 -73.063254
-19.1321 113.0846 -26.3544 -73.054521
-20.0839 115.6275 -25.7828 -73.045834
-21.6544 117.8269 -26.4818 -73.037127
-22.4041 120.0541 -28.0006 -73.028384
-23.8204 121.9956 -29.2918 -73.019624
-16.2837 88.4956 -30.6847 -73.131593
-16.9057 88.45 -28.8674 -73.12301
-17.5277 88.4044 -27.0501 -73.114581
-18.1496 88.3588 -25.2328 -73.106306
-18.7716 88.3131 -23.4155 -73.098188
-19.3936 88.2675 -21.5982 -73.090227
-20.0155 88.2219 -19.7808 -73.082425
-20.6375 88.1763 -17.9635 -73.074782
-21.2595 88.1307 -16.1462 -73.067299
-21.8814 88.0851 -14.3289 -73.059976
-22.5034 88.0394 -12.5116 -73.052816
-23.1253 87.9938 -10.6943 -73.045817
-23.7473 87.9482 -8.8769 -73.038981
-24.3693 87.9026 -7.0596 -73.032307
-24.9912 87.857 -5.2423 -73.025797
-25.6132 87.8114 -3.425 -73.019449
-26.2352 87.7657 -1.6077 -73.013265
-26.8571 87.7201 0.2096 -73.007245
-27.4791 87.6745 2.0269 -73.001388
-28.1011 87.6289 3.8443 -72.995695
-28.723 87.5833 5.6616 -72.990165
-10.6474 82.0467 -25.97 -73.166223
-9.8973 83.5702 -26.7997 -73.161977
-8.9166 84.4636 -28.1497 -73.157733
-7.9416 85.635 -29.2349 -73.15349
-6.7633 86.7616 -30.2244 -73.149262
-5.9934 87.8877 -31.5 -73.145039
-4.805 89.0805 -31.9871 -73.140827
-4.0074 90.0975 -33.2964 -73.136598
-3.642 91.5318 -34.1524 -73.132403
-3.5504 92.2381 -35.0395 -73.128217
-2.6112 93.3175 -34.37 -73.124038
-1.4138 94.7914 -34.5426 -73.119896
-0.1697 96.0984 -35.117 -73.115774
0.8889 97.112 -35.3375 -73.111673
1.8787 97.6218 -33.8386 -73.107592
3.297 98.6527 -34.2066 -73.103566
4.478 100.1526 -34.2331 -73.099589
5.7259 101.6013 -34.2783 -73.095645
6.9236 103.076 -34.3329 -73.091758
8.2378 104.4594 -34.2789 -73.08792
9.708 105.6324 -34.1824 -73.084149
11.0242 106.9149 -34.1788 -73.08043
12.03 108.5293 -34.2938 -73.076779
12.8387 110.237 -34.4028 -73.073199
13.6986 111.9172 -34.2947 -73.069696
14.9808 113.3035 -34.0183 -73.066278
16.3534 114.5382 -33.5266 -73.062947
-8.0122 74.6652 -19.0128 -73.193686
-7.3733 74.7434 -17.1393 -73.189481
-6.2129 74.8717 -15.5661 -73.185324
-4.6588 75.1485 -14.4836 -73.181184
-2.9313 75.2005 -13.5318 -73.177051
-1.1908 75.5548 -14.025 -73.172922
0.2492 75.4182 -15.2751 -73.168794
1.6994 75.2949 -16.4498 -73.164688
3.456 75.8724 -16.5978 -73.160589
4.909 77.061 -16.0201 -73.156505
6.3489 78.0205 -15.2054 -73.152443
7.6777 78.1558 -16.557 -73.148376
9.1932 78.8939 -17.1669 -73.144343
10.3243 80.3116 -17.9293 -73.140339
11.8031 81.2429 -18.8099 -73.136367
13.3202 82.0201 -19.7154 -73.132425
14.672 82.8734 -20.8357 -73.128524
15.8195 84.0369 -21.4716 -73.12467
17.3968 85.0052 -21.5241 -73.120858
19.1523 85.9091 -21.6233 -73.117096
20.835 86.8367 -21.5731 -73.113389
22.3782 87.6805 -22.4819 -73.109728
23.6336 88.6822 -23.6145 -73.106137
25.3121 89.236 -24.4178 -73.102614
26.9271 90.1776 -25.069 -73.099091
28.5711 91.1435 -25.6063 -73.095606
30.1849 92.1759 -26.0934 -73.092297
31.906 93.0582 -26.3886 -73.089094
33.349 94.3802 -26.2354 -73.085986
34.682 95.7638 -25.7885 -73.08298
36.0698 96.9946 -25.1164 -73.080079
-9.1332 71.1226 -19.9391 -73.202388
-11.2049 71.3971 -19.3463 -73.19228
-12.2503 72.1505 -17.4371 -73.182015
-13.2771 72.9723 -16.3017 -73.171613
-15.0629 74.4381 -16.0237 -73.161089
-17.1889 75.3374 -15.9102 -73.150402
-18.7708 76.7954 -16.5998 -73.13956
-20.2396 77.7578 -18.0502 -73.128542
-21.4318 79.2493 -19.3169 -73.117388
-22.4493 80.8848 -20.0685 -73.109021
-23.644 82.5321 -19.9209 -73.103583
-25.2693 83.8199 -19.7197 -73.098147
-26.4282 85.5474 -19.5741 -73.092704
-27.4271 87.2915 -19.7394 -73.087246
-28.2555 88.0894 -18.5764 -73.08173
-28.4362 88.7812 -16.6121 -73.076186
-28.7184 89.4709 -14.6555 -73.070694
-28.5952 90.5234 -12.9306 -73.065223
-28.0087 92.2281 -11.8717 -73.05976
-28.1824 93.3344 -10.523 -73.054286
-28.881 94.9101 -9.3484 -73.048818
-29.1637 96.6406 -8.2343 -73.043367
-29.7507 98.589 -7.8416 -73.037926
-31.2546 100.014 -7.7767 -73.032496
-32.9856 101.1833 -7.8435 -73.027097
-34.438 102.6859 -7.93 -73.021704
-35.8645 104.1959 -8.077 -73.016336
-37.7492 105.0636 -8.2888 -73.011001
-39.7252 105.5106 -8.4883 -73.00568
-41.4274 106.5542 -8.4275 -73.000375
-22.5697 79.9845 -21.0657 -73.108526
-23.5049 79.5868 -23.0086 -73.102762
-24.7357 79.2357 -23.1851 -73.097591
-26.0186 79.7983 -22.2548 -73.09243
-27.6912 80.6895 -21.9109 -73.087273
-29.3246 81.7314 -21.4655 -73.082123
-31.1306 82.4861 -21.4143 -73.076982
-32.9071 83.2024 -21.5235 -73.07183
-34.8537 83.2248 -21.3716 -73.066688
-36.6622 83.819 -20.8419 -73.061547
-38.0322 83.5029 -19.5874 -73.0564
-39.4902 83.5562 -18.2934 -73.051271
-40.9141 84.0358 -17.0459 -73.046152
-42.4783 85.0996 -16.5078 -73.041061
-44.0118 86.2891 -16.2793 -73.035988
-45.0805 86.8165 -17.3328 -73.030831
-45.3985 87.0849 -19.2874 -73.025731
-46.0085 87.5938 -21.1008 -73.020645
-46.5256 87.8633 -23.0125 -73.015584
-47.0124 88.1443 -24.9307 -73.010552
-48.0466 88.8001 -25.8124 -73.005615
-49.3531 89.8139 -24.8517 -73.000714
-23.4169 79.5945 -22.041 -73.105367
-7.4755 47.1812 -14.128 -73.293418
-6.6397 46.9581 -15.442 -73.291888
-6.0885 47.0624 -16.854 -73.290429
-5.6785 47.4504 -18.3124 -73.289006
-5.0375 48.1975 -19.4234 -73.287636
-4.9376 48.8586 -20.8471 -73.286311
-4.8994 49.5688 -22.2208 -73.285041
-4.8067 50.8524 -23.1201 -73.283837
-4.348 52.1399 -23.896 -73.282643
-3.8636 53.4258 -24.6617 -73.281561
-3.2759 54.7308 -25.2965 -73.280588
-2.6137 56.0992 -25.6637 -73.279706
-1.9972 57.5231 -25.7699 -73.278912
-0.7472 58.4335 -25.8246 -73.278214
0.1834 59.5702 -25.9895 -73.277618
1.0556 60.8294 -26.3063 -73.27713
1.4265 62.1744 -26.9168 -73.276757
1.2466 63.3678 -27.9187 -73.276502
0.8615 64.5278 -28.8693 -73.276372
-1.2039 34.2315 -8.7378 -73.345392
-2.1645 36.692 -8.3921 -73.336037
-3.11 39.1845 -8.3928 -73.326499
-3.9026 40.3411 -6.7187 -73.316765
-4.4638 40.8393 -4.1593 -73.306812
-5.2514 41.2336 -1.6507 -73.29669
-6.4986 41.3875 0.6577 -73.286414
-6.9016 41.3668 3.1344 -73.275896
-8.3244 41.1475 5.0228 -73.265303
-9.0777 42.2825 6.6587 -73.255852
-10.4818 44.1286 6.7312 -73.247616
-12.0542 45.877 6.472 -73.239283
-13.7926 47.4551 6.7415 -73.230847
-14.3287 48.7274 8.6097 -73.222277
-14.2892 50.0448 10.5825 -73.213627
-14.3831 52.2013 11.5125 -73.204891
-15.4653 54.1641 11.5993 -73.196063
-15.9872 56.1264 10.7348 -73.187125
-15.9935 58.493 10.4465 -73.178097
-16.6674 59.2873 8.5547 -73.168911
-17.4698 59.7595 6.3608 -73.159639
-17.8092 61.9411 6.2291 -73.150304
-19.8136 62.8997 6.5069 -73.140838
-21.3274 63.1601 7.9551 -73.131223
-22.8218 64.0013 9.1439 -73.12324
-24.7396 64.6596 9.7419 -73.116966
-25.9313 65.6939 8.2209 -73.110674
-27.3521 67.091 7.1443 -73.104357
-27.8515 68.7801 5.7356 -73.09802
-28.9706 70.1238 4.2552 -73.091678
-29.8302 71.1977 2.3661 -73.085306
-30.5772 72.9481 2.3143 -73.078914
-31.2511 73.9836 4.3225 -73.072513
-31.8836 74.7971 6.3519 -73.066089
-33.4979 76.3178 6.0157 -73.059687
-35.3494 77.7054 5.6794 -73.053283
-36.2359 77.7987 3.4859 -73.04683
-36.823 78.2142 1.2302 -73.040369
-37.2962 78.8752 -1.0041 -73.033912
-38.0777 79.5243 -3.1351 -73.02749
-38.5828 79.8578 -5.4262 -73.021027
-40.1286 80.7679 -6.86 -73.014619
-41.8887 81.3717 -5.9333 -73.008208
-43.201 81.2826 -4.0378 -73.00178
-44.3102 81.7185 -2.0187 -72.995384
-23.2557 64.0561 8.131 -73.124012
-24.9649 64.9635 8.1844 -73.119276
-26.0616 65.9005 8.9001 -73.114448
-26.305 66.1448 10.8713 -73.109592
-26.4364 66.2766 12.8582 -73.104827
-26.7662 66.3845 14.8041 -73.100084
-28.2543 66.3369 15.7942 -73.09537
-29.7596 66.2207 16.7645 -73.090645
-29.8152 66.2528 18.7633 -73.085933
-30.2709 66.9957 19.6957 -73.081241
-31.7156 67.9135 20.4594 -73.076539
-32.1409 69.5247 21.5115 -73.07186
-33.0427 71.1208 22.2483 -73.067215
-33.7682 72.7602 23.0868 -73.062598
-34.714 74.4169 23.6586 -73.058021
-35.5114 76.0162 24.4887 -73.053476
-35.8784 77.7991 25.2812 -73.048962
-36.6919 79.4931 25.9091 -73.04449
-37.5921 81.2366 26.1638 -73.040073
-37.9648 82.9348 26.6532 -73.03568
-38.1232 84.1537 28.0096 -73.031359
-37.4894 85.6297 29.04 -73.027098
-37.0034 87.4849 29.1485 -73.022901
-36.7841 89.4485 29.2879 -73.018637
-36.3959 91.4052 29.448 -73.014458
-9.6387 41.5186 6.3846 -73.25833
-11.2133 41.8239 6.3128 -73.25515
-12.0979 42.4791 4.8865 -73.25194
-13.2557 43.35 3.9751 -73.248748
-14.2423 43.577 2.4577 -73.245552
-15.3556 43.71 1.0276 -73.242369
-15.9894 44.5732 -0.4476 -73.239189
-16.6871 45.12 -2.0478 -73.236023
-17.7188 45.8368 -3.2857 -73.232859
-18.5783 46.8498 -4.5254 -73.229714
-19.9074 47.2662 -5.6939 -73.22659
-21.5852 47.5437 -6.3542 -73.223494
-22.9761 48.6597 -6.3259 -73.220433
-24.3563 49.8697 -6.2079 -73.217398
-25.8552 50.8966 -6.0169 -73.214405
-27.0962 51.9486 -5.4199 -73.211437
-27.9482 52.3876 -3.9646 -73.208498
-29.654 52.5789 -3.9322 -73.20562
-30.6445 52.9077 -5.3714 -73.202784
-32.0441 53.5066 -6.2656 -73.200005
-33.4656 54.634 -6.5349 -73.197288
-34.9544 55.5474 -7.0531 -73.194642
-36.2819 56.6634 -7.6004 -73.192066
-37.6486 57.8611 -7.7756 -73.189559
-38.5034 59.4777 -7.6459 -73.187135
-39.3718 61.0534 -7.2838 -73.184809
-40.2991 62.551 -6.7638 -73.182577
-41.2384 64.045 -6.261 -73.180442
-41.8614 65.6914 -5.7694 -73.178419
-42.4591 67.2851 -5.1652 -73.176508
-43.3383 68.5969 -4.4191 -73.174719
-44.4522 70.0317 -4.1392 -73.173064
-45.5063 71.5345 -4.0501 -73.171539
-46.5569 73.035 -4.1531 -73.170158
-47.8716 74.2263 -4.5515 -73.168927
-48.8625 75.1738 -5.5759 -73.167853
-49.2408 75.7623 -7.2733 -73.166934
-49.4584 77.0985 -8.4631 -73.166191
-49.9501 78.752 -8.946 -73.165623
-51.026 79.8745 -9.2484 -73.16524
-51.28 79.9424 -10.8927 -73.165041
17.7044 20.951 4.9703 -73.370119
18.2015 22.2043 5.6044 -73.367341
18.6985 23.4577 6.2386 -73.364589
19.0912 25.152 6.8819 -73.361135
19.429 27.2733 6.757 -73.356927
20.0937 28.9393 5.4586 -73.35267
20.5192 30.5261 4.0181 -73.348364
21.7848 31.8769 2.8501 -73.344005
22.0977 33.1829 1.0434 -73.339595
23.2662 34.71 0.0406 -73.335162
23.7528 35.2305 -1.9989 -73.330668
24.4415 36.3316 -0.4475 -73.326127
25.2156 37.3871 1.3732 -73.321556
25.5431 38.1412 3.4507 -73.31694
26.3109 39.4951 5.0553 -73.312315
27.3125 40.7429 3.9319 -73.307656
27.6125 41.5008 5.9749 -73.302937
27.8649 42.4672 7.8245 -73.298202
28.5761 44.0126 9.106 -73.293456
29.3017 45.8785 9.8466 -73.288697
29.8444 47.4239 10.9837 -73.283884
29.8427 48.4745 12.9418 -73.279068
30.4043 50.5089 13.6559 -73.274243
32.2661 51.6774 14.0416 -73.269398
33.7432 53.3643 13.9508 -73.264543
35.3704 54.8773 13.6311 -73.25967
36.404 56.7929 13.1328 -73.254783
37.9566 57.9008 12.228 -73.249898
39.1636 59.6692 11.6914 -73.245001
40.7811 61.2139 11.412 -73.240093
42.5407 62.5144 11.7504 -73.235194
43.9242 63.8221 12.81 -73.230283
45.3908 65.165 13.6376 -73.225377
45.9271 67.2097 14.1714 -73.220493
46.6355 69.1359 14.3788 -73.215617
48.3635 70.1089 14.8857 -73.210746
49.6569 71.9103 15.1633 -73.205799
50.9513 73.7475 15.4455 -73.200867
52.8054 74.9337 15.6383 -73.196052
54.7263 75.5702 15.6827 -73.191265
56.0864 76.9982 15.657 -73.186504
57.1449 78.0802 14.4904 -73.181754
58.894 79.349 14.0314 -73.177053
60.9129 80.2627 14.3307 -73.172393
62.6887 81.5896 14.007 -73.16777
64.1912 82.1373 14.8133 -73.163166
65.3934 82.3955 16.5144 -73.158621
66.9021 83.2776 17.6975 -73.154145
67.4164 84.9808 18.6495 -73.149731
68.0681 86.9646 19.2519 -73.145402
18.9087 24.0362 7.1126 -73.363201
19.1476 18.9083 3.9431 -73.370567
20.9905 18.3979 3.8423 -73.367608
22.9152 18.2333 3.6481 -73.364604
24.7758 17.8958 3.3306 -73.361567
26.5871 18.0132 3.1308 -73.358493
28.3023 18.6484 3.6845 -73.355381
29.9424 18.8206 4.6508 -73.352242
31.2866 18.6601 5.9911 -73.349063
32.7096 18.1098 7.1234 -73.34586
34.1103 16.8391 7.543 -73.342636
35.4164 15.4177 7.7072 -73.339385
36.5618 14.0174 7.4707 -73.336116
38.0589 13.6462 6.35 -73.332829
39.8047 13.3092 5.8907 -73.329529
41.5119 12.7068 5.2455 -73.326212
42.8693 12.0614 4.0202 -73.322875
44.4573 11.3345 3.2295 -73.319532
45.9294 10.8303 2.4767 -73.316172
47.1014 10.1377 3.6205 -73.312815
48.3849 9.3089 4.6779 -73.309459
49.394 9.6773 6.2389 -73.306084
50.6478 10.0528 7.6185 -73.302715
51.9327 9.8336 9.0023 -73.299361
53.4883 10.1208 10.104 -73.296018
55.2334 9.8227 9.9071 -73.292689
57.0597 9.924 9.3135 -73.289181
58.8743 9.6526 8.6558 -73.285608
60.689 9.3812 7.9981 -73.282175
62.4959 9.1815 7.3186 -73.278875
64.0964 9.6659 6.3822 -73.275638
65.6128 10.0298 5.5676 -73.27243
66.3879 8.7348 6.61 -73.269246
67.0408 7.9267 8.2378 -73.266108
67.6184 7.3624 10.0083 -73.262997
68.2214 6.7991 11.7671 -73.25993
68.8557 6.3245 13.5452 -73.256929
69.5936 6.0215 15.3177 -73.253967
70.6128 5.6939 16.9232 -73.251082
71.846 5.1297 18.3139 -73.248284
73.446 5.6128 19.1551 -73.245547
75.1394 5.1362 19.9892 -73.242846
76.7792 5.1163 20.887 -73.240274
78.3203 5.541 21.9782 -73.237786
79.5543 6.0354 23.1887 -73.235394
80.477 6.477 24.7608 -73.233113
82.1371 6.4027 25.3832 -73.230938
83.992 6.8997 25.7174 -73.228878
85.8702 6.8251 26.0726 -73.226937
87.7509 6.7088 26.4848 -73.225125
89.6348 6.7028 26.6547 -73.223449
91.0074 6.4378 25.4152 -73.221918
92.1971 6.0461 24.0228 -73.220531
93.1627 5.5053 22.7795 -73.219268
93.4181 5.3578 20.8527 -73.218172
93.6827 5.205 18.9277 -73.217252
93.9559 5.0473 17.0042 -73.216512
94.7999 4.5071 17.8661 -73.215964
-1.9865 16.2264 -10.9822 -73.424319
-1.6114 17.3396 -11.0385 -73.424282
-1.1973 18.2526 -10.4886 -73.424249
-0.4899 18.8695 -10.968 -73.424225
0.4947 18.656 -11.4238 -73.424212
-5.9486 122.6202 -36.4545 -72.938498
-4.8563 124.4889 -38.1946 -72.921273
-3.4433 126.1431 -39.8024 -72.903923
-2.2407 128.597 -40.3971 -72.886446
-1.5188 131.295 -40.1613 -72.86882
-1.6696 134.0734 -40.2753 -72.851052
-2.517 136.7345 -40.7076 -72.833133
-3.2762 139.4376 -41.1589 -72.815062
-4.1563 142.1305 -41.3938 -72.796852
-4.9956 144.8475 -41.5126 -72.778486
-4.2109 147.46 -41.641 -72.759993
-3.9407 150.1251 -41.6099 -72.741331
-3.8535 152.9656 -41.6389 -72.722539
-3.8797 155.8081 -41.7765 -72.703574
-3.362 158.4701 -41.8809 -72.684448
-3.9026 161.1882 -41.8597 -72.665166
-4.6546 163.8938 -41.7416 -72.645729
-4.458 166.7321 -41.7051 -72.626134
-4.7248 169.4267 -41.9823 -72.60638
-5.9516 171.9513 -42.4086 -72.586454
-6.8697 174.6164 -42.5236 -72.566373
-7.1469 177.3942 -42.5991 -72.546118
-8.5483 179.5426 -43.6297 -72.525689
-9.0965 181.9163 -44.9846 -72.505045
-9.3572 184.5276 -45.8738 -72.484263
-10.3037 185.8819 -45.5629 -72.468296
-12.6165 185.7411 -44.527 -72.457397
-14.6492 185.7303 -43.1953 -72.446639
-16.2496 187.2653 -42.1906 -72.435899
-17.9145 189.1431 -41.8854 -72.42514
-19.4479 191.0685 -41.5909 -72.41436
-21.0169 192.9475 -41.0017 -72.40355
-22.4125 194.4386 -40.3024 -72.392708
-23.7068 195.9472 -39.0039 -72.381829
-25.0392 197.7028 -39.8911 -72.37092
-25.8175 200.0563 -40.2799 -72.359986
-26.6369 201.4551 -41.5533 -72.348992
-27.5289 202.2594 -40.2727 -72.337963
-29.472 203.3638 -40.3713 -72.326924
-31.4096 204.4733 -39.3932 -72.315845
-31.9894 205.4816 -37.1556 -72.304677
-32.896 206.6385 -35.2063 -72.2935
-33.7738 206.9925 -32.8727 -72.282252
-35.326 208.2821 -31.3862 -72.271001
-36.5537 210.18 -30.3332 -72.259703
-37.6503 212.1937 -29.5135 -72.248358
-38.7499 214.0475 -28.2022 -72.236945
-38.8366 216.2339 -27.1303 -72.225466
-39.8429 217.9451 -25.6872 -72.213915
-40.3547 220.3663 -25.6679 -72.202287
-9.0607 186.6005 -47.0068 -72.468657
-8.6412 188.5188 -48.1723 -72.458361
-7.9227 189.8909 -49.7878 -72.448024
-7.3389 191.2666 -51.5099 -72.437656
-6.8689 192.8579 -53.067 -72.427271
-6.5717 194.5306 -54.6272 -72.41685
-6.699 195.7688 -56.5782 -72.406378
-6.6007 197.3796 -57.9455 -72.395891
-5.361 198.4457 -59.4593 -72.385361
-4.0706 199.0919 -61.2062 -72.374786
-2.56 200.3359 -61.9713 -72.36421
-1.1767 202.1203 -62.473 -72.353595
0.1257 203.765 -63.1817 -72.342953
0.5779 205.9809 -62.9411 -72.332263
1.7705 207.8999 -62.7909 -72.321531
1.7806 210.0234 -63.3852 -72.310752
1.251 212.0868 -62.5412 -72.299918
0.3882 214.2228 -62.3899 -72.289054
-0.4598 216.2968 -62.9067 -72.278144
-1.2479 218.4121 -63.4146 -72.267178
-2.0973 220.5416 -63.7457 -72.256158
-3.4118 222.4275 -63.923 -72.245086
-5.2388 223.8332 -64.0726 -72.233953
-7.0057 225.2983 -64.337 -72.222752
-8.1122 227.0393 -64.9339 -72.211456
-8.3675 229.0243 -65.402 -72.202686
-8.7031 230.7886 -65.6689 -72.196486
-9.2813 232.5101 -65.8231 -72.190259
-9.2237 228.2929 -64.8468 -72.203311
-10.9382 228.5001 -64.259 -72.19844
-12.6565 228.7042 -63.682 -72.193648
-25.5183 124.0162 -29.3962 -73.011487
-26.4756 125.8583 -28.1987 -73.003966
-27.6755 127.8327 -27.6028 -72.996433
-27.9279 128.8492 -29.077 -72.98887
-28.5728 129.8586 -27.39 -72.981259
-29.4951 131.5172 -26.0388 -72.973679
-30.3172 133.5583 -25.0126 -72.966081
-30.9903 134.755 -23.0132 -72.958471
-31.8576 136.0757 -21.167 -72.950851
-32.9249 137.8539 -19.8699 -72.943226
-34.7749 138.8966 -19.3111 -72.935584
-36.3176 139.9122 -18.0849 -72.927944
-37.4604 141.3871 -16.8864 -72.920297
-38.6623 143.1941 -16.0632 -72.912633
-40.1691 144.5551 -14.9429 -72.90495
-41.2877 146.3296 -14.9203 -72.897252
-42.5778 148.1549 -14.027 -72.889552
-43.9866 149.9737 -13.1872 -72.881859
-45.0144 151.7833 -12.0503 -72.874152
-45.5532 153.8159 -10.8393 -72.866435
-46.3861 156.0367 -10.2537 -72.858711
-46.9837 158.3901 -9.9517 -72.850993
-47.8117 160.6751 -9.7756 -72.843261
-49.0447 162.6915 -9.706 -72.83553
-50.015 164.9082 -9.8518 -72.827794
-51.5234 166.8379 -9.9384 -72.820052
-52.9161 168.8061 -9.9279 -72.812307
-54.0733 170.9215 -9.7859 -72.804554
-55.7453 172.652 -9.5467 -72.796798
-57.6094 174.1497 -9.6472 -72.789035
-59.246 175.273 -8.9172 -72.781262
-60.6519 176.3429 -7.7572 -72.773485
-61.8971 178.3631 -7.4187 -72.765703
-62.7492 180.6081 -7.5045 -72.757906
-63.9736 182.7158 -7.7021 -72.750111
-65.2308 184.8141 -7.6187 -72.742315
-66.7492 186.7003 -7.6491 -72.734516
-68.417 188.4651 -7.7574 -72.726708
-69.4591 190.6092 -7.7695 -72.718901
-69.6776 192.1396 -9.5531 -72.711058
-70.6232 193.0213 -8.854 -72.703114
-70.9662 193.1386 -6.4297 -72.695173
-71.4596 193.5338 -4.0639 -72.687232
-72.1758 195.2071 -3.9513 -72.679353
-73.6159 196.7389 -5.1111 -72.671469
-74.8609 198.522 -6.148 -72.663575
-75.7426 199.5734 -7.6936 -72.655656
-75.3694 199.5725 -10.1146 -72.647593
-74.4019 199.6256 -11.6143 -72.639623
-73.8016 200.0979 -9.3728 -72.631608
-74.5843 201.3776 -7.8285 -72.623597
-75.66 202.8847 -6.3385 -72.615563
-76.7569 204.7933 -5.2692 -72.607507
-77.7876 206.5222 -4.0466 -72.599406
-78.7815 208.5213 -3.0989 -72.591275
-29.3228 87.5393 7.4141 -72.98499
-29.9005 87.4969 9.1019 -72.980146
-30.4781 87.4545 10.7898 -72.975444
-31.0558 87.4122 12.4776 -72.970881
-32.2782 87.1841 13.3671 -72.966434
-33.8866 86.6278 13.8875 -72.962012
-35.2533 87.1539 14.4242 -72.957623
-35.8481 87.8038 15.3321 -72.953274
-36.8463 86.9864 16.4788 -72.948958
-38.3951 86.3544 16.7879 -72.944689
-40.0436 86.842 16.4412 -72.94047
-41.676 86.6973 15.7688 -72.936293
-43.0795 86.67 14.6822 -72.932169
-44.7397 86.6061 14.8133 -72.9281
-46.2784 86.3685 14.6265 -72.924087
-47.931 85.969 14.7511 -72.920138
-49.3382 85.0184 15.2541 -72.916249
-51.0157 84.5548 15.4912 -72.912425
-52.76 84.3802 15.7377 -72.908679
-54.4766 84.1118 16.1326 -72.905009
-56.1575 83.722 16.5614 -72.901411
-57.6854 83.1665 17.2616 -72.89789
-59.449 83.0129 17.2864 -72.89446
-61.2047 83.1213 17.0316 -72.891124
-62.4985 83.4162 16.057 -72.887875
-64.2493 83.561 15.9695 -72.884722
-65.9938 83.4285 15.6473 -72.881666
-67.7202 83.5173 15.2308 -72.878715
-69.055 83.036 14.2322 -72.87587
-69.8653 82.2066 12.9383 -72.873136
-71.0115 81.258 11.9738 -72.870521
-72.4278 80.4398 11.5445 -72.868022
-73.698 79.222 11.6667 -72.865652
-74.8344 77.8746 11.8888 -72.863418
-76.1909 76.8138 12.1994 -72.861306
-77.7152 76.0674 12.6693 -72.859332
-79.2241 75.3783 13.2714 -72.8575
-80.5771 74.3384 13.7242 -72.855814
-81.948 73.2954 14.1285 -72.854276
-83.3128 72.1963 14.4348 -72.852895
-84.2563 70.7511 14.49 -72.851669
-85.9688 70.3467 14.3507 -72.850606
-87.6869 70.083 14.43 -72.849711
-89.1236 69.3762 14.9056 -72.848985
-90.0942 69.1674 16.3612 -72.848434
-91.4773 68.4273 17.0893 -72.848063
-93.1744 68.4543 17.5737 -72.847876
17.4714 115.5383 -32.7054 -73.059983
18.7181 116.515 -32.6736 -73.057353
19.4474 117.9165 -32.6863 -73.0548
20.2746 119.2604 -32.6312 -73.052315
21.0837 120.5882 -32.4636 -73.04991
21.7758 121.9988 -32.2416 -73.047584
22.3094 123.4582 -32.1155 -73.04534
23.1409 124.8071 -32.0128 -73.043186
23.9385 126.1782 -31.9172 -73.041115
25.0849 127.2066 -31.902 -73.039144
25.7601 127.3047 -33.2559 -73.037249
26.628 127.211 -34.5602 -73.03545
27.4583 127.1967 -35.7592 -73.033766
28.395 127.5305 -34.6253 -73.032189
29.5644 128.205 -33.8463 -73.03073
30.5696 128.6374 -32.8152 -73.029378
32.0051 129.043 -32.2921 -73.028147
33.4128 129.4399 -31.6761 -73.02704
34.7649 130.0848 -31.1622 -73.026062
36.07 130.7044 -30.5266 -73.025213
37.2954 130.2845 -29.7509 -73.024497
38.6668 129.8544 -29.4393 -73.023916
40.0959 129.824 -28.9371 -73.023476
41.6596 129.7812 -29.1527 -73.023179
43.163 129.7557 -29.5887 -73.023028
37.3605 97.6671 -24.1386 -73.077562
38.5247 98.3419 -23.3011 -73.075395
39.4075 98.7958 -22.0704 -73.073301
39.7833 99.3954 -20.6642 -73.071286
39.86 99.407 -19.0804 -73.069331
40.1939 99.8932 -18.7303 -73.067489
40.4963 100.318 -20.2174 -73.065723
41.4643 101.4944 -20.1061 -73.064066
42.3976 102.7119 -19.7798 -73.06251
43.1049 104.0833 -19.5568 -73.061051
44.0865 105.3182 -19.6544 -73.059702
44.7899 106.7249 -19.7113 -73.058459
45.9094 107.8469 -19.694 -73.057329
47.0015 108.9935 -19.6267 -73.056314
47.4874 110.1272 -19.5101 -73.055391
47.4694 110.2183 -21.0953 -73.054506
47.4514 110.3094 -22.6805 -73.05377
47.4334 110.4005 -24.2657 -73.053184
47.4153 110.4915 -25.8509 -73.052746
47.3973 110.5826 -27.4361 -73.052455
47.3793 110.6737 -29.0213 -73.05231
-43.1464 107.2097 -8.6051 -72.995506
-44.2349 108.3552 -9.2701 -72.991057
-45.5183 109.1815 -10.1573 -72.986632
-46.5455 110.332 -10.9218 -72.982234
-47.6198 111.4497 -11.7523 -72.977866
-48.7733 112.6103 -11.9929 -72.973527
-49.0763 114.3515 -11.8794 -72.969217
-49.3422 116.0762 -11.586 -72.964948
-49.7822 117.0822 -10.2937 -72.960706
-50.4256 118.2912 -9.1739 -72.956504
-50.9978 119.2379 -7.7863 -72.952341
-51.2625 120.0244 -6.2601 -72.948209
-51.6654 121.1492 -4.9912 -72.94414
-51.9476 122.7357 -4.2703 -72.940119
-52.5998 124.2212 -3.6393 -72.936154
-53.274 125.7541 -3.0637 -72.932252
-53.9887 127.1954 -2.3704 -72.928411
-53.963 128.1021 -0.9245 -72.924593
-54.6255 128.6873 -0.6995 -72.920829
-55.0557 128.8462 -2.4173 -72.917121
-55.7093 129.6088 -3.8029 -72.913522
-56.3904 130.5701 -3.4395 -72.909994
-57.2397 131.7558 -2.5815 -72.906539
-57.7383 132.4193 -1.0375 -72.903132
-58.1997 132.8604 0.5026 -72.899821
-59.135 134.2149 0.2827 -72.896608
-59.5411 135.9385 0.3726 -72.893491
-60.3211 137.5272 0.4547 -72.890469
-61.5615 138.7924 0.4272 -72.887548
-62.8427 140.0202 0.4049 -72.884723
-63.9756 141.337 0.4784 -72.882003
-65.5415 142.0698 0.6041 -72.879391
-66.8201 143.3029 0.6105 -72.87689
-67.9523 144.6731 0.6097 -72.874441
-69.0106 146.0943 0.6091 -72.872162
-69.7753 147.6531 0.6561 -72.870022
-69.9859 148.4831 2.1055 -72.867992
-70.4429 149.3779 3.3991 -72.866104
-71.6135 150.4383 2.691 -72.864355
-72.4835 151.5429 1.7355 -72.862746
-72.9227 152.8592 2.7049 -72.861278
-72.5877 154.4469 3.3601 -72.859959
-73.0119 156.1489 3.5593 -72.85879
-73.1545 157.8864 3.5882 -72.857778
-74.1953 159.319 3.6169 -72.856927
-74.932 160.9303 3.7174 -72.856237
-75.2192 162.6661 3.8423 -72.855716
-75.4158 163.3004 5.1393 -72.855359
-75.4017 163.5667 6.8972 -72.855177
-50.1374 90.531 -23.3634 -72.996129
-51.2673 90.8857 -22.5511 -72.991893
-52.7159 91.6607 -23.1098 -72.9877
-54.0702 92.6015 -23.357 -72.983539
-55.4386 93.0469 -22.4458 -72.979418
-56.998 93.6059 -21.9041 -72.975333
-58.5673 94.2413 -21.5078 -72.971296
-59.4515 94.8578 -20.2839 -72.967274
-60.3751 95.9904 -19.3491 -72.963333
-61.639 96.317 -18.2753 -72.959436
-62.5765 96.8459 -17.7339 -72.955594
-63.9654 97.6322 -17.7098 -72.951801
-65.6166 98.1559 -17.9424 -72.948068
-67.3141 98.5251 -18.0363 -72.944395
-68.9906 98.999 -17.9141 -72.940797
-70.4527 99.8368 -17.5623 -72.937263
-71.8636 100.5751 -16.8437 -72.933804
-73.2945 101.1084 -16.0241 -72.930424
-74.8032 101.5319 -15.3155 -72.927123
-76.2937 102.0431 -14.7677 -72.923904
-76.9439 103.3194 -13.9021 -72.92077
-77.7853 104.5384 -13.0235 -72.917727
-79.1174 105.4827 -13.5256 -72.914786
-80.5678 106.3785 -13.889 -72.911942
-81.9123 107.4474 -14.0602 -72.909211
-82.892 108.884 -14.1362 -72.906582
-83.7902 110.3676 -14.0768 -72.904061
-84.9748 111.6284 -13.8567 -72.901662
-86.2002 112.6963 -13.3076 -72.899373
-87.0479 113.9279 -12.479 -72.897207
-87.7411 115.4304 -11.9657 -72.895175
-88.823 116.6812 -11.5653 -72.893273
-89.4834 118.0465 -10.8065 -72.891506
-90.0558 119.4566 -9.9504 -72.889876
-90.8226 120.9302 -9.4429 -72.888394
-91.9586 122.2396 -9.3374 -72.887063
-92.8888 123.6775 -9.6286 -72.885884
-93.6083 125.2344 -9.9613 -72.88486
-94.4583 126.6908 -10.3334 -72.883998
-95.6371 127.179 -11.2403 -72.883296
-96.5223 128.3643 -11.7434 -72.882766
-97.3565 129.8343 -11.9607 -72.882409
-98.0187 131.4271 -12.0082 -72.882228
-44.8397 82.3848 -0.1022 -72.989741
-45.6858 82.6745 1.4762 -72.984826
-47.0854 83.466 2.0376 -72.979948
-47.9154 84.1261 0.6038 -72.975063
-48.4536 84.4912 -1.1078 -72.970209
-49.4629 84.7481 -2.3216 -72.965379
-50.8487 85.4683 -2.9272 -72.960561
-51.3634 86.2483 -4.138 -72.955722
-51.1604 85.8865 -5.9031 -72.950913
-51.4147 86.3329 -4.63 -72.946112
-51.3753 86.9211 -3.2026 -72.94137
-51.6511 88.546 -2.6095 -72.936663
-52.0008 89.4665 -3.9264 -72.931945
-52.6137 90.8015 -4.1725 -72.927275
-53.4473 92.4123 -3.9386 -72.922631
-53.8653 94.1635 -3.6555 -72.918016
-53.9519 95.9277 -3.215 -72.913429
-54.3051 97.4953 -2.5507 -72.908871
-54.5625 98.6898 -1.1952 -72.904361
-54.547 99.8234 0.1762 -72.899878
-54.2907 100.3598 1.9096 -72.895422
-54.7709 101.2087 3.4194 -72.891042
-54.4328 101.9413 3.8933 -72.886721
-53.0212 101.1678 3.092 -72.882453
-52.5222 101.109 4.5528 -72.878207
-54.1846 101.7537 4.4499 -72.87404
-55.6576 102.8136 4.5394 -72.869935
-56.499 104.3974 4.7059 -72.865888
-56.8786 106.1716 4.8788 -72.861903
-56.4546 107.8733 4.5587 -72.857986
-55.6814 109.1098 4.4339 -72.854105
-55.7928 109.3656 6.2457 -72.850232
-56.2213 109.7146 7.7986 -72.846518
-55.5336 111.171 7.9788 -72.842886
-57.2605 111.7016 8.1166 -72.839344
-58.1121 113.2561 8.4551 -72.835881
-58.5985 114.919 9.0311 -72.832504
-59.6859 116.036 9.8099 -72.829232
-59.434 116.5435 10.5662 -72.826044
-59.3051 118.1105 11.4366 -72.82296
-59.9415 119.6907 12.0733 -72.819971
-60.8614 121.156 12.3489 -72.817096
-61.607 122.4945 11.39 -72.814322
-62.1797 124.0961 10.8491 -72.811666
-62.6253 125.8486 10.8404 -72.809131
-62.2188 127.4063 11.6395 -72.806717
-61.8461 129.0333 12.3882 -72.80443
-62.5327 130.6886 12.3999 -72.802272
-62.936 132.4579 12.2088 -72.800243
-63.3234 134.2117 11.8803 -72.798346
-63.6303 135.945 11.5157 -72.79659
-63.951 136.5199 9.8435 -72.794964
-64.1784 137.2406 8.1925 -72.793489
-64.0694 138.3872 6.7995 -72.792171
-64.3697 140.0086 6.0583 -72.791002
-64.8732 141.6033 5.322 -72.789993
-65.5178 142.5596 4.0703 -72.789141
-65.7682 143.1976 5.3492 -72.788451
-66.7186 144.3442 5.8832 -72.787929
-67.5125 145.9488 6.0337 -72.787578
-68.2142 147.6123 6.0332 -72.787402
-36.2134 93.2108 29.5751 -73.010795
-36.6635 94.7733 29.8902 -73.007539
-36.9263 96.2364 30.4302 -73.004345
-37.1622 97.773 30.8495 -73.001208
-37.5529 99.3568 31.1525 -72.998128
-37.9173 100.9487 31.3678 -72.995127
-38.3971 102.525 31.406 -72.99219
-38.3118 104.182 31.3802 -72.989332
-38.3833 105.841 31.3619 -72.986553
-38.5184 107.493 31.3513 -72.983854
-38.1793 109.1047 31.3065 -72.981237
-37.694 110.6348 31.1726 -72.978715
-37.4366 112.1749 31.1742 -72.976278
-36.4341 113.3684 31.2349 -72.97393
-35.2673 114.4885 31.1966 -72.971684
-35.1913 116.0244 31.322 -72.969539
-36.1323 117.264 31.8032 -72.967498
-36.1013 118.8174 31.8898 -72.965564
-35.2737 120.1279 31.585 -72.963743
-34.1912 121.3196 31.36 -72.962038
-33.7141 122.9011 31.2289 -72.960457
-33.0667 124.4147 31.1658 -72.959
-32.8786 126.0601 31.1275 -72.957673
-32.0835 127.4884 31.1247 -72.95648
-31.8296 129.12 31.1246 -72.955421
-31.1422 130.5851 30.9859 -72.954504
-30.3228 131.8477 30.3079 -72.953729
-29.6856 132.4849 28.9766 -72.953099
-29.0719 133.0333 27.5676 -72.95262
-28.0844 133.7856 27.8775 -72.952297
-27.152 134.469 28.6173 -72.952134
68.8569 88.73 19.5506 -73.14168
69.4626 89.4871 18.5505 -73.138492
69.8694 90.2922 17.5312 -73.135362
70.1133 90.9732 19.0619 -73.132275
70.2522 92.4115 19.6157 -73.129257
70.8156 93.9888 19.8859 -73.126301
70.9233 95.5529 19.5992 -73.123399
71.3862 97.0655 19.4044 -73.120564
72.5006 98.2929 19.6588 -73.117803
72.7344 99.9408 19.94 -73.115105
72.932 101.5833 19.995 -73.112478
72.4313 103.198 19.9089 -73.109924
71.8799 104.7873 20.0008 -73.107455
71.5282 106.416 19.8144 -73.105063
71.2624 108.037 19.4849 -73.102756
70.3107 109.3594 19.2993 -73.100546
69.2896 110.7156 19.219 -73.098428
68.8552 112.3448 19.1576 -73.096408
68.8224 113.8606 18.9579 -73.094488
69.0085 114.8834 18.0264 -73.092665
68.8524 116.0924 16.8932 -73.090948
69.7271 117.2159 15.9694 -73.08934
70.0973 118.581 15.0882 -73.08785
70.8674 119.2691 13.939 -73.086468
70.3855 118.9765 13.515 -73.085214
69.9666 118.6726 13.3866 -73.084074
70.2125 118.847 11.7059 -73.083048
70.4357 118.9096 10.8982 -73.082172
70.1867 118.7318 12.5649 -73.081422
69.521 118.6003 13.8778 -73.080824
69.0153 119.2849 13.1332 -73.080371
69.8993 119.8704 11.9133 -73.080065
70.2963 119.9515 10.2866 -73.07991
95.5228 3.6634 18.9207 -73.215678
95.9521 3.5018 19.9853 -73.215535
96.3294 3.3373 21.069 -73.215462
-41.3421 222.5153 -25.6062 -72.191345
-42.702 224.1478 -25.2091 -72.181278
-44.2458 225.1088 -24.0553 -72.171306
-45.8189 226.0665 -23.0056 -72.161438
-47.3319 227.1224 -21.9872 -72.151666
-48.8138 228.7344 -21.8003 -72.141984
-50.1281 230.4969 -21.9165 -72.132384
-51.8278 231.7383 -22.0527 -72.122851
-52.8158 233.6774 -22.1145 -72.113372
-53.0724 235.6787 -22.1684 -72.10593
-53.6815 237.6012 -22.215 -72.100539
-54.8336 239.2327 -22.1693 -72.095218
-55.9455 240.9107 -22.1307 -72.089963
-56.8959 242.6769 -22.2538 -72.084766
-57.6448 244.0732 -23.1351 -72.079617
-57.9004 245.3567 -24.6431 -72.074521
-58.5973 247.0318 -25.4177 -72.069481
-59.3933 248.8468 -25.6686 -72.064488
-60.5485 250.492 -25.7129 -72.059538
-62.0102 251.8694 -25.795 -72.054626
-63.5819 251.7041 -25.7766 -72.049752
-65.1861 252.5294 -25.4878 -72.044907
-66.5361 253.7075 -24.6451 -72.040096
-67.4482 255.4346 -24.2826 -72.035313
-68.0616 257.3349 -24.0645 -72.03056
-69.279 258.781 -24.0213 -72.025841
-70.6709 260.1778 -24.061 -72.021146
-71.4436 262.0159 -24.0595 -72.016479
-72.8554 263.4363 -23.888 -72.011842
-74.3055 264.6952 -23.3614 -72.007235
-75.6104 266.0079 -22.6232 -72.00265
-76.4194 267.7709 -22.2236 -71.998081
-77.0046 269.6763 -21.989 -71.993542
-77.6943 271.5617 -21.8675 -71.989032
-78.0414 273.5421 -21.7862 -71.984546
-78.9873 275.301 -21.7403 -71.980086
-80.3424 276.7952 -21.6879 -71.975654
-81.6546 278.3163 -21.6068 -71.971252
-83.1583 279.5974 -21.7854 -71.966879
-84.8953 280.6045 -21.8472 -71.962532
-86.7025 281.4584 -21.6828 -71.958211
-87.8751 282.8646 -21.0904 -71.953917
-89.4892 283.7967 -20.5891 -71.949652
-91.1007 284.9601 -20.5677 -71.945423
-92.4107 286.2858 -21.1453 -71.941218
-94.0557 286.9976 -21.9919 -71.937049
-95.7101 288.0996 -22.2545 -71.932913
-97.3406 289.2852 -22.2657 -71.928813
-98.976 289.9877 -22.9029 -71.924745
-100.2796 290.7986 -23.6291 -71.920712
-101.4799 291.8038 -22.4899 -71.91671
-103.036 292.9887 -22.0284 -71.912751
-104.6892 294.1312 -21.8834 -71.908832
-106.3559 295.2232 -22.151 -71.904953
-107.8941 296.3493 -22.6692 -71.901118
-109.1385 297.4951 -23.597 -71.897319
-110.8652 298.494 -23.4597 -71.893572
-112.4721 299.5248 -23.016 -71.889865
-113.8772 300.6139 -22.2042 -71.886205
-115.339 301.8994 -21.8314 -71.882594
-116.6463 303.427 -21.784 -71.879033
-117.9037 305.0024 -21.8441 -71.875521
-119.0254 306.6607 -22.003 -71.872056
-119.7365 308.5266 -22.2827 -71.868646
-120.0458 309.7921 -21.1758 -71.86527
-120.3335 310.3959 -19.2752 -71.86196
-120.8092 311.2425 -17.5331 -71.858712
-121.3861 312.9361 -16.6595 -71.855525
-122.3666 314.5966 -16.303 -71.852407
-123.445 316.2788 -16.4754 -71.849342
-124.5125 317.8962 -16.7048 -71.846344
-124.8879 318.6378 -14.9021 -71.843389
-124.9811 319.1413 -12.9496 -71.840499
-125.2786 319.7061 -11.0358 -71.837676
-125.7833 320.5605 -9.2875 -71.834936
-126.7853 321.2272 -7.7186 -71.832269
-128.1198 321.7372 -6.5853 -71.829668
-129.5338 322.6762 -5.6435 -71.827142
-130.8033 322.8583 -4.1103 -71.824685
-132.3486 322.5617 -2.9424 -71.822305
-133.5223 321.7567 -2.2514 -71.820001
-134.4075 321.0203 -3.7194 -71.817774
-136.141 320.0633 -3.704 -71.815627
-137.9234 319.2453 -3.5128 -71.81356
-139.8153 319.4438 -3.03 -71.81155
-141.7336 319.7231 -2.5415 -71.80964
-143.2992 318.8382 -1.8198 -71.807818
-143.6324 318.198 -3.1912 -71.806071
-144.6494 318.183 -2.5451 -71.804405
-145.6029 318.7473 -1.0864 -71.802829
-147.1116 319.1677 -0.0827 -71.801339
-149.0143 318.6505 0.3041 -71.799934
-150.835 317.9416 0.6531 -71.798615
-152.6003 318.3043 1.3039 -71.797383
-154.255 319.2248 1.8195 -71.796237
-156.1347 319.0641 1.3765 -71.795175
-157.9479 318.8394 0.6505 -71.794197
-159.8193 318.2421 0.4855 -71.7933
-161.6982 318.4908 0.8126 -71.792485
-163.3502 318.4678 1.946 -71.79175
-164.7917 318.8721 3.1901 -71.791091
-166.0348 318.4651 4.5448 -71.790508
-167.2051 317.7036 5.9108 -71.789997
-168.6856 318.3603 6.972 -71.789555
-170.5746 318.3686 7.6324 -71.789179
-172.4422 318.8037 8.0573 -71.788864
-173.7745 319.4811 7.41 -71.788606
-175.2708 319.8181 6.8918 -71.788401
-176.3866 321.0401 7.8064 -71.788244
-178.1084 321.388 8.4289 -71.788129
-179.8667 322.3331 8.1901 -71.788052
-181.7338 322.9719 7.9865 -71.788007
-183.2047 324.2061 7.6173 -71.787989
-184.6529 324.5109 6.7583 -71.787991
-186.4765 324.882 7.4149 -71.78801
-188.3601 325.5005 7.7542 -71.788039
-190.207 326.2741 7.8586 -71.788074
-191.8555 326.4884 7.2737 -71.788111
-192.3011 326.2807 5.3327 -71.788146
-192.4569 326.3027 3.3202 -71.788177
-192.6127 326.3246 1.3078 -71.788199
-192.7684 326.3466 -0.7047 -71.78821
-53.5618 234.7518 -22.4056 -72.106263
-55.3696 234.7358 -22.9279 -72.101604
-57.1775 234.7198 -23.4502 -72.0971
-58.9758 234.7413 -23.9753 -72.092745
-60.5834 235.6616 -24.1049 -72.088492
-62.2107 236.6032 -24.0421 -72.084302
-63.9306 237.3539 -24.0447 -72.080188
-65.5569 238.2591 -24.1396 -72.076129
-67.3063 238.9314 -24.1596 -72.072141
-68.8366 239.9978 -24.0522 -72.068202
-70.5332 240.314 -23.7713 -72.064321
-72.1779 239.7124 -23.3677 -72.060492
-73.9055 239.067 -23.0743 -72.056716
-75.764 238.9129 -23.0612 -72.052989
-77.5069 238.4311 -23.4834 -72.049309
-79.2728 238.5078 -23.5052 -72.045675
-81.0101 239.1307 -23.2489 -72.042086
-82.8258 239.4159 -22.9537 -72.038545
-84.5254 239.9346 -22.4418 -72.035049
-86.2406 240.0396 -21.7161 -72.031594
-87.8568 239.8217 -20.9364 -72.028184
-89.3552 239.6723 -19.8507 -72.024815
-90.7771 239.8281 -18.7653 -72.021492
-92.3262 239.5258 -18.0598 -72.018214
-94.0855 240.1028 -17.7873 -72.014984
-95.877 240.5966 -17.5579 -72.0118
-97.6988 241.0591 -17.507 -72.00866
-99.53 241.4724 -17.4393 -72.005569
-101.2527 242.1681 -17.1773 -72.002525
-102.8299 242.815 -16.4434 -71.999532
-104.4569 243.5931 -15.9937 -71.996592
-106.2956 243.7075 -16.104 -71.993699
-107.1732 243.8399 -14.6775 -71.990839
-108.3872 244.3725 -13.7017 -71.988045
-109.3454 245.4642 -12.5807 -71.985308
-110.5466 246.5332 -11.6213 -71.982624
-112.0874 247.1 -10.9503 -71.98
-112.6927 248.1713 -9.7197 -71.977424
-113.85 248.7857 -8.6033 -71.974909
-114.9422 250.1535 -8.2414 -71.972457
-115.3929 251.8689 -7.6387 -71.970066
-116.4822 252.9605 -6.8157 -71.967741
-117.371 253.2374 -5.1806 -71.965477
-118.358 253.8356 -3.7152 -71.963281
-119.4595 254.4678 -2.3971 -71.961155
-120.9563 255.2641 -1.6822 -71.959094
-122.5163 255.9458 -1.0086 -71.957105
-123.9831 256.9071 -0.452 -71.955185
-124.7954 257.8348 0.9161 -71.953335
-125.65 259.0549 2.0473 -71.951559
-126.8265 260.4562 2.1583 -71.949854
-128.2898 261.2032 2.616 -71.948219
-129.0334 261.3894 4.2611 -71.946653
-129.2473 261.2649 6.1105 -71.945111
-129.4022 261.1437 7.9821 -71.943668
-129.5576 261.0229 9.8536 -71.942323
-129.7512 260.9235 11.7229 -71.94102
-129.9463 260.825 13.592 -71.939804
-130.1515 260.7135 15.4586 -71.938681
-130.5488 260.346 17.2477 -71.937631
-131.604 259.0778 18.099 -71.936658
-132.4067 258.2916 19.5872 -71.935754
-133.3932 257.3081 20.8241 -71.934918
-133.8044 256.3522 22.376 -71.93415
-134.6418 255.2368 23.5911 -71.933445
-135.4197 253.8392 24.4892 -71.932803
-135.7 253.4829 26.3153 -71.932217
-136.3101 252.641 27.7577 -71.931691
-136.3201 251.3179 26.4825 -71.931219
-136.8701 249.6435 26.0944 -71.930797
-137.7175 248.1362 25.6627 -71.930423
-137.6045 246.4619 25.1316 -71.930097
-137.2893 245.0053 24.2243 -71.929812
-136.6215 243.4615 23.4192 -71.929567
-135.6446 241.9497 22.8735 -71.929356
-135.3758 240.4199 22.4018 -71.929182
-136.1869 239.3032 23.0344 -71.929041
-136.341 238.0644 24.2021 -71.92893
-136.433 236.6369 25.3143 -71.928847
-136.6008 234.8539 25.6617 -71.928793
-137.1474 233.4458 25.0869 -71.928766
-10.2537 234.1313 -65.7936 -72.183605
-11.9535 235.2244 -65.4206 -72.17671
-13.2513 236.4124 -64.5554 -72.169969
-13.9825 238.2182 -64.0036 -72.163366
-13.9675 239.4333 -65.1657 -72.156879
-14.1745 240.8047 -66.5759 -72.150536
-14.74 242.3781 -67.763 -72.144313
-15.0167 243.3075 -69.5586 -72.138188
-14.9973 244.3966 -71.2899 -72.132178
-15.4806 245.6013 -72.6631 -72.126267
-16.6681 247.206 -72.2066 -72.120447
-17.3029 249.0449 -71.7718 -72.114702
-18.6676 250.382 -71.3338 -72.109033
-19.6799 251.0982 -72.0439 -72.103425
-20.4939 252.2385 -73.4165 -72.097866
-21.5912 252.7618 -72.8895 -72.092917
-21.9596 252.8176 -71.2713 -72.088618
-22.6797 254.2973 -71.5196 -72.084361
-23.6039 255.7577 -72.0067 -72.080144
-24.5721 257.236 -72.2298 -72.075959
-26.0105 258.3101 -72.2446 -72.071806
-27.3761 259.4599 -72.2196 -72.067683
-28.9516 260.3257 -72.2375 -72.063543
-30.5102 261.2195 -72.2945 -72.059484
-31.595 262.5637 -72.7018 -72.055457
-32.6547 263.9941 -72.7006 -72.051456
-33.5598 265.5319 -72.4801 -72.047485
-34.5952 266.9872 -72.4053 -72.043543
-35.2782 268.5959 -72.3691 -72.039619
-36.5462 269.7783 -72.1737 -72.035732
-37.8737 270.872 -71.8225 -72.031874
-38.8876 272.2418 -71.3145 -72.028042
-39.6217 273.7558 -70.7585 -72.024238
-40.6535 274.9959 -70.0158 -72.020464
-42.0534 275.9829 -69.5331 -72.016715
-43.5846 276.8719 -69.3005 -72.013002
-45.0655 277.8565 -69.4958 -72.009314
-45.946 279.1186 -68.7677 -72.005658
-45.8345 280.5644 -67.9551 -72.00203
-46.196 282.2235 -68.3906 -71.998436
-46.2456 283.784 -69.1293 -71.994875
-45.9356 284.9029 -69.4775 -71.991343
-46.3572 283.3243 -69.8414 -71.987836
-47.6385 284.0096 -69.6263 -71.984348
-47.8598 285.27 -68.7781 -71.98091
-47.9763 286.6481 -67.6615 -71.977506
-48.0018 287.8134 -66.394 -71.974136
-49.296 287.3623 -65.4888 -71.970806
-50.1432 286.6731 -64.1653 -71.967523
-50.2434 286.1704 -62.4405 -71.964267
-51.2742 284.9264 -61.8207 -71.961068
-52.8421 284.4426 -61.0987 -71.957912
-53.9107 283.6653 -60.0279 -71.954803
-54.752 283.3629 -58.5184 -71.951733
-55.6511 282.4981 -57.2933 -71.94872
-56.6242 281.93 -56.0196 -71.945762
-57.9991 281.9695 -54.8908 -71.94285
-59.0837 282.3361 -53.8941 -71.939994
-60.0943 282.1643 -52.7677 -71.937187
-61.4419 281.5155 -51.8651 -71.934442
-62.8626 280.827 -51.0501 -71.931753
-64.2795 280.6349 -50.0042 -71.929123
-65.804 280.5238 -49.0693 -71.926555
-66.7885 280.054 -47.7484 -71.924042
-67.9789 279.2336 -46.7905 -71.921591
-68.6552 278.446 -45.3481 -71.919203
-69.0138 277.9753 -43.6489 -71.916879
-69.4167 276.9949 -42.4398 -71.914625
-69.8247 275.5947 -42.5008 -71.912436
-70.268 276.0815 -42.6582 -71.910316
-70.9242 276.409 -41.0457 -71.908251
-71.4032 276.5871 -39.3203 -71.906268
-72.2724 276.7647 -38.0281 -71.904362
-73.2041 276.1685 -36.6914 -71.902529
-74.2918 275.5936 -35.4399 -71.900773
-75.425 274.8456 -34.2803 -71.899089
-76.9255 274.2886 -33.5609 -71.897482
-77.3251 274.3933 -31.9623 -71.895951
-77.3839 274.0953 -31.6173 -71.894482
-77.9259 274.1693 -30.1943 -71.893095
-79.5493 274.0847 -29.6223 -71.891788
-80.9279 274.149 -28.5263 -71.890558
-82.1503 274.2888 -27.2947 -71.889408
-83.1333 274.5631 -25.8399 -71.888333
-83.3586 274.0993 -24.1212 -71.887332
-83.4086 273.3363 -22.4949 -71.886409
-83.5601 272.816 -20.7795 -71.885557
-83.7705 272.4678 -19.0265 -71.884777
-84.0593 272.0789 -17.2937 -71.884071
-84.2893 271.7437 -15.5414 -71.883432
-84.9661 271.1706 -14.2656 -71.882863
-86.4465 270.5588 -13.5443 -71.882358
-87.5224 269.4821 -12.7644 -71.881915
-88.5863 270.2836 -13.3628 -71.881529
-89.344 271.7765 -13.8414 -71.881196
-90.7295 272.8654 -14.017 -71.880909
-92.0012 274.1345 -14.1202 -71.88067
-93.0728 275.5655 -14.188 -71.880476
-94.4803 276.5793 -14.1262 -71.880318
-96.2029 276.3016 -13.7358 -71.880194
-97.8612 276.4416 -13.1634 -71.880099
-99.2225 277.2086 -12.3487 -71.880029
-100.7724 276.7787 -11.5881 -71.879978
-102.4856 276.8416 -11.2384 -71.879944
-104.2435 277.0799 -11.3594 -71.879922
-105.8758 277.7134 -11.5089 -71.87991
-106.978 278.2571 -10.6069 -71.879904
-108.7214 278.4008 -10.5748 -71.879902
-110.1714 278.7473 -11.3411 -71.879901
-111.6618 279.6815 -11.4564 -71.879902
-21.5015 253.5088 -73.309 -72.094545
-22.5942 254.3623 -72.684 -72.093535
-23.4363 255.5756 -72.2611 -72.092634
-23.7952 256.2196 -73.6016 -72.091834
-24.1958 256.9175 -74.8973 -72.091142
-24.5102 257.2028 -76.431 -72.090549
-25.2575 257.9568 -77.5755 -72.090058
-25.9832 258.9049 -78.6121 -72.089665
-26.7351 259.8964 -79.3372 -72.08937
-27.7754 261.0706 -79.3699 -72.089172
-28.1276 262.1418 -78.3341 -72.089072
-14.415 228.9869 -63.4499 -72.188927
-16.1331 229.4489 -63.5343 -72.184443
-17.7421 230.1331 -63.7219 -72.180137
-19.4067 230.7023 -63.8399 -72.176009
-20.8995 231.6241 -63.8754 -72.172054
-22.4197 232.5434 -63.927 -72.168257
-23.9779 232.9794 -64.5409 -72.164617
-25.5926 233.2447 -65.0739 -72.161119
-27.3372 233.3731 -65.393 -72.157766
-29.108 233.4677 -65.4659 -72.154548
-30.8642 233.5427 -65.402 -72.151458
-32.3482 234.4256 -65.4518 -72.148493
-33.9347 234.8444 -64.9779 -72.145641
-35.6107 235.0483 -64.5372 -72.1429
-37.2988 235.2219 -64.5195 -72.140266
-38.3854 235.5894 -65.5655 -72.137724
-39.1438 235.7555 -64.0699 -72.135277
-40.4342 236.3585 -64.9633 -72.132927
-41.6538 237.408 -65.4996 -72.130665
-43.3197 237.9738 -65.7908 -72.128491
-45.0712 238.2644 -65.9288 -72.126402
-46.7994 238.6788 -65.9135 -72.124393
-48.5481 238.9796 -65.7557 -72.122459
-50.2593 239.3638 -65.4708 -72.120605
-51.9541 239.818 -65.3779 -72.118822
-53.6581 240.3081 -65.5616 -72.117113
-55.3649 240.7618 -65.7517 -72.115476
-56.9242 241.5359 -65.9538 -72.113907
-58.6438 241.8319 -66.2728 -72.112408
-59.9936 242.7156 -66.7405 -72.110976
-60.984 243.7818 -67.5294 -72.10961
-62.0855 245.146 -67.6347 -72.108312
-62.592 246.8516 -67.5474 -72.107078
-63.6958 248.1812 -67.3534 -72.105909
-65.3602 248.1365 -67.1819 -72.104802
-66.6185 247.2528 -66.7907 -72.103758
-68.2827 246.701 -66.9975 -72.102769
-69.0056 246.5375 -67.1182 -72.101848
-69.4149 247.1923 -66.2178 -72.100984
-70.5685 248.2104 -65.6787 -72.100181
-72.1021 248.9573 -65.1628 -72.099437
-73.5226 249.8734 -64.6789 -72.098751
-74.9049 250.917 -64.2744 -72.098124
-76.1941 252.0464 -63.8017 -72.097555
-77.6751 252.694 -63.2164 -72.097043
-78.9054 253.7897 -63.1101 -72.096588
-80.0531 255.1107 -63.1909 -72.096189
-81.4092 256.2087 -63.4316 -72.095847
-83.1166 256.5971 -63.7243 -72.095561
-84.8053 256.9649 -63.8465 -72.09533
-86.3232 257.8036 -63.7447 -72.095157
-88.0463 257.7843 -63.4146 -72.09504
-89.5568 258.6367 -63.0658 -72.094981
-79.8558 209.6969 -1.6956 -72.584063
-80.9345 210.9313 -0.8747 -72.577969
-81.8718 212.3265 -0.0936 -72.572012
-83.0145 213.649 0.4105 -72.566186
-83.35 215.4299 0.5242 -72.560486
-84.7236 216.0877 0.5245 -72.554906
-85.8365 216.8501 1.5461 -72.549433
-86.4751 218.3432 2.3648 -72.544094
-87.6889 219.3419 3.0091 -72.53887
-89.3832 219.625 3.5112 -72.533764
-90.5679 220.9942 3.9392 -72.528766
-91.9993 222.1339 4.2769 -72.523878
-93.1066 223.0567 5.3451 -72.519079
-94.2451 224.3484 6.04 -72.514376
-95.1955 225.7846 6.6504 -72.509773
-96.1469 227.1811 6.1703 -72.505268
-97.5307 228.1499 5.5656 -72.500845
-97.6555 229.6726 4.5217 -72.496503
-98.2632 230.7709 4.9578 -72.492236
-99.4213 231.1534 5.7424 -72.488062
-100.7458 231.4122 4.7237 -72.483965
-101.8502 232.6408 4.2535 -72.479952
-103.1436 233.9354 4.0273 -72.47602
-104.4921 234.4164 4.8558 -72.472169
-105.6117 233.6885 5.7966 -72.468372
-106.7274 232.3194 6.4016 -72.464617
-107.441 230.7522 6.8747 -72.460993
-107.4488 229.0255 7.5014 -72.457453
-107.9411 227.3511 8.131 -72.453998
-107.0902 226.8712 8.9862 -72.450621
-106.1496 226.513 10.1833 -72.447284
-105.9516 226.2598 12.0223 -72.444027
-105.4787 225.2922 12.0054 -72.440871
-105.2249 224.5846 10.2988 -72.437796
-104.7784 223.6625 9.5999 -72.434818
-104.7066 222.6921 11.0296 -72.431916
-105.026 220.965 11.6033 -72.429108
-104.6066 219.9029 12.8153 -72.42638
-103.3942 219.8352 14.0764 -72.42374
-104.3073 219.9043 13.553 -72.42119
-105.885 218.9419 13.3792 -72.418725
-107.2676 218.4747 12.6842 -72.416347
-108.1193 218.5469 11.0406 -72.414053
-108.3962 219.4541 11.7193 -72.411853
-109.0143 219.6825 13.4653 -72.409736
-109.7221 219.9831 15.1561 -72.40772
-110.6667 219.9703 16.4989 -72.405802
-112.0003 218.9022 16.8845 -72.403974
-113.4433 217.9794 16.4775 -72.402242
-114.7081 217.1333 15.6968 -72.400601
-115.2947 216.7255 13.9743 -72.39905
-115.5962 216.7912 12.1637 -72.397579
-115.7677 217.1126 10.3327 -72.396203
-115.4309 217.0746 11.1227 -72.394928
-116.1181 217.6962 12.116 -72.39371
-117.3855 218.3763 13.3061 -72.3926
-118.8798 218.8959 14.099 -72.391598
-120.5533 219.5755 14.5055 -72.390686
-122.3465 220.0233 14.7431 -72.389866
-124.1585 220.1151 14.949 -72.389135
-125.565 221.2324 14.8597 -72.388493
-126.6064 222.7478 14.7267 -72.387942
-127.1945 224.5052 14.537 -72.38748
-127.9351 226.1832 14.2547 -72.387109
-129.0224 227.5634 14.5865 -72.386828
-130.1181 229.0198 14.5982 -72.38664
-131.2201 230.4645 14.2522 -72.386544
47.5528 -96.076 13.5667 -75.584983
47.0015 -95.2803 13.5986 -75.585135
46.7344 -94.3274 13.6342 -75.58521
27.7081 -94.2683 18.8592 -75.62771
26.226 -93.6204 19.8024 -75.628205
24.7439 -92.9726 20.7456 -75.628552
23.2618 -92.3248 21.6888 -75.628775
23.8038 -92.3745 21.7835 -75.628883
54.7481 -88.0637 17.871 -75.557167
97.3169 -66.6493 31.3652 -75.499466
99.3506 -67.4491 30.897 -75.50008
101.3843 -68.2489 30.4289 -75.500569
103.4181 -69.0488 29.9607 -75.50095
105.4518 -69.8486 29.4925 -75.501229
104.935 -70.7499 28.9784 -75.501414
104.6139 -70.6388 26.7694 -75.501506
96.937 -66.473 30.8282 -75.499148
44.0154 -65.7095 15.6069 -75.468992
44.0102 -66.3692 14.8486 -75.469159
44.1586 -67.2141 14.3402 -75.469241
-4.665 -9.0685 -0.0051 -73.538485
-3.3078 -10.3003 -0.0154 -73.626276
-1.9532 -11.5348 -0.0257 -73.713856
-0.7426 -12.7803 -0.0459 -73.858804
0.4334 -13.9291 -0.0935 -74.059783
1.4466 -15.2471 -0.185 -74.258236
3.5554 -27.7322 1.4257 -74.538831
8.6107 -41.3653 6.7974 -74.767942
22.8794 -62.2772 10.5055 -75.218658
26.4745 -64.8588 13.9793 -75.279462
29.0535 -67.1183 14.3116 -75.317905
42.1418 -73.5431 16.2509 -75.450147
47.2069 -85.1931 18.1557 -75.540659
44.6639 -89.9679 15.7857 -75.571967
47.7449 -96.3203 13.6398 -75.58398
78.4149 -177.3628 14.5582 -75.660272
95.2227 -265.7699 17.0719 -75.708105
48.1056 -320.1106 18.1187 -75.735292
-10.9476 -383.6056 22.9817 -75.746442
-40.36 -432.7473 17.7175 -75.743794
28.7834 -94.5812 17.274 -75.623449
14.3097 -106.6143 20.8227 -75.657443
2.7577 -126.0427 26.0848 -75.678123
-45.0792 -189.1405 27.4734 -75.696803
30.9775 -170.2053 31.4202 -75.68379
28.3969 -94.5693 18.0599 -75.626625
-40.2348 -104.2908 -5.8163 -75.68095
-111.9958 -139.102 2.509 -75.700567
54.6562 -87.9717 17.7384 -75.556089
111.8824 -135.9529 29.1893 -75.645679
164.8572 -185.7356 20.1853 -75.691992
213.7243 -226.7876 32.011 -75.707706
43.9697 -65.4565 15.7766 -75.467865
45.5333 -62.1584 17.8534 -75.473769
96.2419 -66.2233 31.6259 -75.49901
2.1326 -22.0656 -2.5814 -74.447864
6.2653 -35.3706 6.4938 -74.659886
8.3143 -40.7868 6.7183 -74.856056
15.4942 -50.7521 4.9673 -75.00398
19.5156 -57.7327 7.1557 -75.14492
24.2121 -63.3654 12.9105 -75.249712
27.7984 -65.9637 14.1964 -75.299028
35.2991 -71.3414 15.5234 -75.386565
45.9552 -78.4006 18.2802 -75.498014
45.9541 -87.9136 17.638 -75.556962
46.0845 -93.1486 14.7482 -75.579549
52.1518 -103.9606 11.3242 -75.594289
58.8833 -119.603 12.0998 -75.609875
62.6461 -133.0235 18.7767 -75.624764
68.7987 -150.479 18.27 -75.639515
75.478 -168.4071 16.0379 -75.653787
80.7201 -186.7623 13.7215 -75.666717
86.0397 -202.1519 18.4658 -75.676353
88.9594 -219.8372 14.0604 -75.685662
92.3483 -238.1707 14.3683 -75.695046
94.4112 -256.1543 16.5595 -75.704186
95.282 -267.4858 16.3224 -75.711991
95.3059 -280.3632 10.9397 -75.717279
82.392 -291.8157 13.1552 -75.722466
66.6134 -301.8126 13.5179 -75.727915
55.8832 -314.8401 17.1156 -75.733292
42.621 -325.3136 19.0805 -75.737255
32.9705 -340.7608 23.6528 -75.739226
23.9361 -354.8041 21.203 -75.741236
9.6225 -366.7531 22.7517 -75.743617
-4.6074 -378.3071 21.4152 -75.746017
-16.9731 -389.755 18.9726 -75.746831
-27.5688 -401.1213 14.9527 -75.74598
-39.573 -411.7299 14.9204 -75.745223
-40.6381 -420.4638 25.2112 -75.744911
-40.4069 -426.6412 14.8914 -75.744719
-41.6738 -434.0686 12.5022 -75.742839
-35.1298 -447.795 10.0223 -75.739637
-30.511 -455.7937 6.7671 -75.736717
-26.4654 -460.7911 2.4423 -75.734611
-24.2919 -464.5784 0.2402 -75.73352
37.1249 -94.0849 14.9718 -75.599985
20.7736 -99.7756 22.2184 -75.642611
11.0172 -108.5614 18.7473 -75.662594
5.909 -113.1292 24.1737 -75.669495
4.7649 -121.3499 27.2758 -75.675391
-3.9067 -133.7894 26.1237 -75.681599
-16.2236 -149.0836 26.7198 -75.685797
-17.7909 -159.6216 22.5822 -75.689542
-30.8645 -168.2845 21.4997 -75.69317
-40.3768 -181.2163 24.3391 -75.696317
-50.8898 -195.8899 27.7601 -75.697245
-59.8432 -207.2909 27.0024 -75.695915
-63.453 -209.2381 15.4152 -75.694343
-64.2909 -212.4765 11.1044 -75.693113
-69.7086 -217.4653 14.9612 -75.692452
-1.3141 -131.2728 34.9295 -75.679925
15.7442 -115.5027 24.1983 -75.662658
21.9499 -133.9863 25.1312 -75.668415
26.8898 -147.4387 25.6301 -75.673487
28.6429 -155.1273 32.7495 -75.678314
28.6017 -167.7997 33.6747 -75.682606
33.7647 -170.9041 21.6446 -75.684985
35.3986 -176.6564 11.4651 -75.685115
39.8278 -180.409 -7.3747 -75.684934
28.4843 -94.572 17.6083 -75.625694
24.075 -93.3058 9.4058 -75.634735
15.5128 -90.8025 -8.4542 -75.64647
-0.0475 -89.6597 -13.0268 -75.657262
-13.9393 -94.7328 -4.0497 -75.667587
-31.0534 -101.5497 -4.3571 -75.677146
-48.3446 -108.1087 -4.4853 -75.684719
-60.3769 -111.0796 -1.1234 -75.689154
-77.9711 -113.5102 3.296 -75.69302
-92.0999 -121.9743 4.6219 -75.696736
-105.6825 -132.44 0.8972 -75.699992
-119.8735 -141.3568 5.959 -75.701065
-132.8113 -151.1601 6.979 -75.700008
-147.2952 -155.5423 4.0924 -75.698677
-153.368 -158.2725 7.6335 -75.697621
-168.793 -159.6906 7.6228 -75.697054
50.8433 -86.5895 17.9535 -75.550357
61.2357 -92.3404 14.5899 -75.569188
72.1897 -102.125 21.0158 -75.588518
85.4059 -115.7278 22.6939 -75.606208
96.1046 -123.0147 27.5352 -75.623022
106.3877 -128.7142 28.8233 -75.638735
119.3522 -141.0891 32.8119 -75.652571
133.3865 -151.0456 27.4274 -75.662447
140.4642 -156.8554 25.7903 -75.671586
152.3124 -169.1266 29.8767 -75.680452
161.5491 -182.1636 26.4505 -75.688751
167.3763 -187.9265 20.8501 -75.695184
178.0174 -198.4202 27.7655 -75.698708
190.5879 -201.853 17.5881 -75.701762
198.4764 -209.0366 23.2285 -75.70474
206.4978 -222.3967 29.9785 -75.707345
216.4485 -231.2363 29.6641 -75.708023
219.3592 -241.6667 28.5636 -75.706812
217.6919 -257.4839 32.1794 -75.705371
212.7961 -271.781 39.8533 -75.704235
208.8344 -287.7139 39.3838 -75.703616
43.1478 -69.6198 16.0595 -75.462284
45.0982 -63.5211 16.1223 -75.471168
50.7937 -61.6079 11.0465 -75.479186
63.7547 -58.5312 9.7712 -75.485407
75.049 -60.4617 16.3877 -75.490133
83.0968 -60.7333 25.9161 -75.494075
91.3447 -63.64 26.8113 -75.497488
106.4082 -69.1292 24.6495 -75.499718
123.1559 -72.5629 28.9251 -75.500345
143.1961 -75.9244 28.8652 -75.500606
46.1286 -55.224 14.5026 -75.47788
37.6417 -45.2763 18.4222 -75.481022
22.8448 -43.0894 21.8828 -75.482292
