-0.8015 -1.2678 -0 -0.936864
-3.2062 -5.0715 -0 -0.786445
-5.0765 -8.0299 -0 -0.67284
-6.4123 -10.1429 0.0262 -0.671221
-8.0143 -12.677 0.1283 -0.686162
-8.8146 -13.9429 0.1666 -0.695326
-8.2187 -14.5214 0.2948 -0.694498
-8.7411 -16.3672 0.5247 -0.690255
-10.0309 -17.8905 1.1419 -0.671262
-11.386 -19.3222 1.89 -0.635473
-12.7254 -20.8552 2.392 -0.580028
-14.0432 -22.4116 2.6217 -0.50075
-14.6972 -24.3185 2.0715 -0.391186
-15.5306 -26.234 2.0482 -0.258949
-16.1094 -27.8038 2.3068 -0.130832
-14.7796 -28.9827 3.1257 -0.008598
-13.6062 -30.5844 3.6202 0.123022
-12.2537 -32.1091 3.9089 0.264633
-11.1222 -33.7683 4.2796 0.415682
-10.1932 -35.2295 5.196 0.576399
-9.3619 -36.7283 6.3117 0.746217
-8.5851 -38.2492 7.4144 0.924407
-7.5935 -39.8435 8.2499 1.110827
-6.8916 -41.4349 9.2193 1.306534
-6.2727 -43.3267 9.6108 1.508975
-5.7427 -44.6215 10.9758 1.721788
-5.2774 -45.3085 12.8612 1.943531
-4.5701 -46.2857 12.7646 2.171244
-3.9187 -47.0128 11.0346 2.407019
-3.487 -47.3534 9.0584 2.651462
-3.1601 -48.3203 10.2056 2.901134
-2.5906 -49.7167 11.29 3.153749
-2.064 -51.2649 10.2609 3.413357
-1.9023 -53.0628 10.2828 3.67827
-1.2374 -53.7481 8.8883 3.954114
-0.2338 -55.4757 8.438 4.231643
0.9268 -57.1391 8.1846 4.514986
2.1659 -58.7648 8.26 4.804115
2.7966 -60.3652 9.2072 5.099586
3.5606 -62.0815 8.7826 5.400366
4.1051 -63.9769 8.2533 5.70722
4.7728 -65.8913 8.0534 6.018756
5.555 -67.7898 8.1794 6.335361
5.4215 -69.7319 8.5591 6.656871
5.3722 -71.1779 9.39 6.985948
6.6015 -72.8224 9.4344 7.319156
7.9091 -74.3345 9.4579 7.658529
9.1469 -75.9691 9.4502 8.003091
10.0298 -77.8076 9.4917 8.352001
10.7723 -79.6982 9.5101 8.706632
12.3735 -80.8411 9.4583 9.067622
13.4145 -82.6176 9.4397 9.432551
14.1594 -84.5026 9.6273 9.803114
14.908 -86.352 10.0263 10.179524
15.6285 -88.1574 10.421 10.56145
16.2688 -90.0988 10.1972 10.94897
16.8061 -92.0324 10.2983 11.341123
18.0591 -93.5211 10.9131 11.740058
19.0692 -95.1762 11.592 12.144134
20.0514 -96.8019 12.3554 12.553963
20.7986 -98.4251 13.1509 12.970378
22.3425 -99.643 13.6764 13.393185
23.1324 -101.4525 13.8694 13.819941
24.2278 -103.1764 13.8286 14.252947
25.7948 -104.4654 13.8973 14.692585
27.3532 -105.7951 13.951 15.137963
28.4996 -107.4233 13.9547 15.588812
30.0108 -108.56 13.6639 16.04674
31.1081 -108.6091 12.0588 16.520946
29.9694 -109.9097 10.9348 17.033309
28.8308 -111.2104 9.8109 17.538985
27.6922 -112.511 8.6869 18.037516
26.8377 -113.4766 7.7017 18.535608
28.1153 -111.9666 8.2837 19.075073
29.3929 -110.4565 8.8658 19.606254
30.6706 -108.9464 9.4479 20.129362
31.1787 -108.9746 10.7509 20.65747
31.0798 -109.3078 12.7833 21.190857
31.1974 -110.3892 14.0207 21.716761
31.8589 -112.2436 14.4776 22.24178
32.2207 -114.0808 14.8897 22.771299
32.3754 -116.0895 14.7382 23.303215
33.2282 -117.7627 14.1097 23.838208
34.0263 -119.6079 13.7086 24.373392
34.4263 -121.5938 13.4703 24.908393
34.6735 -123.5948 13.4834 25.442419
34.4631 -125.6138 13.6554 25.973207
35.477 -127.1975 13.9548 26.499236
36.4488 -128.3733 14.9241 27.023043
36.0423 -130.1872 15.3722 27.539311
35.1621 -131.5518 15.4371 28.043474
35.6418 -129.8523 14.8263 28.537902
35.0348 -128.0619 14.2107 29.015662
35.5446 -129.8444 14.1534 29.464152
35.6291 -131.8577 14.0497 29.886543
34.8485 -133.6181 13.7199 30.27921
34.2995 -135.3089 12.7219 30.636605
33.9891 -137.2127 12.2496 30.951347
34.6951 -139.1364 12.158 31.21796
34.4342 -141.0719 12.4762 31.427888
34.9496 -142.8915 13.1328 31.573247
35.1207 -144.6736 12.8365 31.643524
36.0553 -146.4708 12.5635 31.628589
36.5162 -147.9232 11.2272 31.516214
37.0821 -149.6924 10.5935 31.292545
38.1845 -151.3675 10.8233 30.943642
38.9786 -152.5573 11.4668 30.454211
38.5512 -154.4927 11.7745 29.801479
38.9845 -156.4817 12.0272 28.970112
38.8087 -158.4686 12.102 27.945701
39.4316 -160.3993 12.1561 26.709887
40.017 -162.1492 11.7738 25.242105
39.9044 -164.0643 11.3068 23.53406
40.4166 -165.9089 10.6066 21.571537
41.3853 -167.5493 10.7632 19.360863
42.1247 -169.1267 11.6727 16.90134
42.1485 -170.8263 12.6221 14.208208
41.2541 -172.1527 13.7028 11.328659
41.3329 -173.6405 14.3131 8.29064
41.6008 -174.8677 12.6805 5.136493
41.8738 -176.7997 12.275 1.94517
42.7438 -178.5456 11.9564 -1.234111
43.2439 -180.4578 12.0397 -4.348147
43.3656 -182.4295 12.4106 -7.355101
43.6747 -184.2146 13.2717 -10.213651
44.1736 -186.1236 13.8383 -12.878753
44.3535 -187.9066 14.7675 -15.337462
44.8726 -189.5685 15.6922 -17.565988
45.4404 -191.1005 14.5715 -19.549616
46.1386 -192.9259 14.1459 -21.27558
46.6287 -194.8895 13.783 -22.735342
47.9055 -196.4354 13.3908 -23.921537
49.0241 -197.9564 13.467 -24.826711
49.8322 -199.3762 13.2319 -25.442428
51.04 -200.3986 12.0409 -25.756541
-16.8109 -27.3553 2.8101 -0.154414
-17.497 -28.3029 4.2038 -0.081281
-18.1984 -29.271 5.5067 0.000977
-18.2577 -29.3412 3.7473 0.111575
-18.2679 -29.344 1.9276 0.23067
-18.2781 -29.3467 0.108 0.357062
-18.2883 -29.3494 -1.7116 0.490029
-18.2985 -29.3522 -3.5313 0.628896
-18.8534 -30.5664 -3.9808 0.772042
-18.8107 -32.318 -3.8597 0.924382
-19.3066 -34.0554 -3.7456 1.086438
-18.9488 -34.5418 -2.2544 1.262026
-18.3075 -35.7012 -1.0566 1.445102
-18.003 -37.2922 -0.254 1.635432
-17.2153 -38.7422 0.5062 1.834554
-17.2992 -40.1694 1.5541 2.042331
-17.1185 -41.7267 2.3954 2.258229
-17.083 -42.8762 3.6698 2.484365
-17.3639 -44.4413 4.545 2.717005
-18.2212 -45.6938 5.2818 2.957182
-18.9632 -46.7735 4.1464 3.205823
-19.2427 -47.6114 2.5633 3.464089
-19.7572 -49.1601 2.2576 3.724985
-20.0441 -50.8741 2.5491 3.991641
-20.3286 -52.4364 3.2684 4.264603
-19.8077 -53.8024 3.6098 4.544892
-19.2008 -54.6661 2.2731 4.834784
-18.7221 -56.0354 2.9434 5.130259
-18.7365 -56.729 4.1896 5.432559
-18.8997 -58.1413 5.2798 5.737062
-18.8149 -59.8936 5.7078 6.044632
-18.9822 -61.072 7.0484 6.359444
-19.3934 -62.5349 8.0119 6.675668
-19.547 -63.8484 9.0694 6.998565
-19.5772 -65.5723 8.63 7.32168
-19.258 -67.3139 8.3405 7.647722
-19.7508 -69.0603 8.364 7.974662
-19.9946 -70.8175 8.7102 8.304363
-19.8037 -72.5539 9.1873 8.635264
-19.7201 -74.3251 9.5635 8.967629
-20.2567 -75.9938 9.7611 9.300754
-19.7758 -77.7066 9.8918 9.633166
-19.8692 -79.394 10.0722 9.963702
-20.6153 -80.6503 10.7965 10.292934
-20.8101 -82.0334 11.1362 10.61781
-21.8468 -83.2751 10.5156 10.939589
-22.3598 -84.646 11.4203 11.256197
-22.8139 -86.2646 12.0203 11.565756
-22.9433 -87.4114 13.1988 11.871109
-23.2601 -88.7922 14.1473 12.165543
-23.5187 -90.5915 14.1567 12.447092
-23.7693 -92.3875 14.2837 12.717357
-23.9193 -94.161 14.5659 12.975215
-24.765 -95.4177 14.2775 13.219358
-25.6946 -96.5629 13.7452 13.446468
-26.3361 -98.2508 13.7081 13.653381
-26.22 -99.6251 14.4174 13.843726
-26.029 -100.2322 16.1217 14.013137
-25.98 -100.9366 17.7977 14.15837
-26.1774 -101.1961 19.58 14.282767
-26.4133 -101.3806 21.3748 14.376404
-26.5757 -102.9017 22.0388 14.435989
-26.565 -104.1061 22.8298 14.465853
-10.4886 -18.1238 0.6694 -0.655365
-10.4015 -18.057 0.4643 -0.647015
-11.3637 -19.3353 1.4826 -0.627733
-12.4409 -20.4928 2.3203 -0.590217
-13.7335 -21.882 2.6066 -0.536413
-14.3525 -23.4451 1.6476 -0.469594
-14.7639 -24.7529 0.4153 -0.389145
-15.0123 -25.6795 -1.2982 -0.294839
-14.7483 -27.3027 -2.2341 -0.190326
-14.1682 -28.7546 -3.3613 -0.073149
-14.1335 -30.3237 -2.5621 0.055263
-14.176 -32.0715 -1.7097 0.193998
-14.076 -33.7889 -0.9359 0.343499
-13.8862 -35.6563 -1.4771 0.502923
-13.5408 -37.5381 -1.8551 0.672262
-12.9254 -39.3671 -2.0095 0.852001
-12.8947 -41.2639 -2.5483 1.040888
-12.5093 -43.0891 -2.3969 1.239488
-11.8636 -44.7358 -1.5183 1.448743
-11.3409 -46.4019 -0.6056 1.666461
-11.0233 -47.5467 0.9658 1.895299
-10.5913 -48.4457 2.6789 2.13145
-10.1405 -50.0833 3.3431 2.373038
-10.2934 -51.7904 2.9275 2.622263
-10.88 -52.8858 1.4404 2.882025
-11.0363 -54.4811 1.7038 3.146981
-11.1458 -56.3254 2.378 3.419161
-10.357 -57.7555 3.4384 3.699673
-10.1358 -58.8326 4.9901 3.988294
-10.3077 -60.6124 5.6598 4.282189
-11.2813 -62.2927 6.0116 4.582743
-11.7958 -64.1934 6.181 4.889179
-12.4342 -66.0517 6.3974 5.203152
-11.9522 -67.7789 6.8906 5.524727
-11.6762 -69.0382 8.2561 5.854064
-11.713 -70.0381 9.9612 6.190223
-11.8555 -70.9146 11.6774 6.535516
-12.8132 -71.5235 13.2459 6.886058
-13.5753 -72.2336 12.7301 7.243364
-14.1638 -73.7043 11.8882 7.605409
-14.4131 -75.2707 10.815 7.973712
-13.5782 -77.0011 10.3425 8.348795
-13.3259 -78.9499 10.1371 8.72991
-13.3622 -80.9141 10.3308 9.116849
-14.2376 -82.5066 10.9807 9.51099
-14.7845 -84.1023 11.9265 9.913238
-15.3519 -85.4422 12.6525 10.323704
-15.7865 -86.6616 12.098 10.741971
-16.5522 -87.7496 13.5364 11.167081
-17.1687 -89.5648 13.8022 11.596187
-18.2162 -91.1682 13.885 12.03336
-19.5493 -92.634 13.9514 12.478488
-20.3209 -94.4426 13.8656 12.930105
-21.0095 -96.2837 13.6721 13.388357
-21.3384 -97.8523 13.9673 13.859202
-21.6939 -97.8965 15.9193 14.346711
-22.3276 -98.0602 17.7316 14.835003
-21.887 -98.9874 16.7979 15.333334
-22.8153 -99.7306 15.3374 15.832968
-24.3779 -100.6691 14.7056 16.33828
-24.3457 -102.6276 14.3888 16.846606
-24.5768 -104.5617 14.2213 17.361827
-24.8282 -106.5067 14.2205 17.883622
-25.0574 -108.4614 14.1941 18.410402
-25.5558 -110.3378 14.0236 18.943222
-26.9412 -111.6652 13.5497 19.48284
-27.6548 -113.1993 12.651 20.026249
-27.9593 -114.1646 11.0361 20.581763
-28.3565 -115.3746 10.0919 21.131033
-29.1471 -116.4978 9.0352 21.685959
-29.5399 -117.0458 7.1689 22.249148
-29.9596 -117.6548 5.3281 22.808678
-30.9613 -118.935 4.5188 23.362006
-32.1435 -120.2324 4.6581 23.914462
-32.9363 -121.0473 6.2793 24.467004
-33.621 -122.2206 7.5953 25.012744
-33.9105 -123.585 8.7937 25.552646
-34.4873 -124.3869 10.3397 26.085815
-35.0405 -125.7656 11.4307 26.605883
-34.701 -127.6323 11.772 27.113693
-35.3063 -129.4991 11.9181 27.608325
-35.9903 -131.3268 11.7835 28.086386
-37.6819 -132.1342 11.31 28.548569
-38.5009 -133.4806 10.3217 28.989184
-38.4967 -134.7419 8.9782 29.409687
-39.2613 -136.1191 9.0235 29.802667
-39.6486 -137.8732 9.0943 30.166458
-40.3927 -139.5578 8.4232 30.498884
-41.3357 -141.2284 8.0319 30.797738
-41.7461 -143.1332 7.6854 31.060586
-42.0138 -145.0056 7.4829 31.284986
-41.9887 -146.6225 8.5512 31.470194
-43.1363 -148.1444 8.915 31.611786
-43.8626 -149.8828 8.3731 31.707216
-44.926 -151.4033 7.7386 31.754615
-9.353 -14.8211 0.2731 -0.70941
-11.0559 -15.5864 0.7158 -0.721396
-12.8605 -15.9487 1.177 -0.722556
-14.323 -16.6873 2.6356 -0.704089
-15.6273 -17.7486 4.2904 -0.662958
-16.5612 -19.3299 4.837 -0.622649
-17.0333 -20.2944 6.2453 -0.562233
-17.8874 -21.5361 7.3823 -0.488435
-18.8508 -22.9769 8.1796 -0.40299
-19.5099 -24.5801 8.9543 -0.305713
-19.7318 -25.6734 10.3712 -0.194653
-19.6375 -26.5275 11.987 -0.070874
-20.9183 -27.5166 12.4491 0.062677
-21.2964 -29.0814 13.3143 0.205976
-21.83 -30.7644 14.0149 0.359776
-22.4092 -32.288 14.7504 0.524596
-23.1716 -32.8787 16.4102 0.704152
-23.4458 -33.3976 17.1662 0.891722
-23.9797 -35.1098 17.8018 1.08677
-25.2888 -36.4276 18.1128 1.292053
-26.4013 -37.9363 18.2431 1.505632
-27.2908 -39.5473 18.3867 1.728175
-28.9068 -40.2841 18.3568 1.961624
-28.8386 -41.8551 18.071 2.20126
-30.0593 -43.3052 18.0707 2.449368
-30.6546 -44.9959 18.2212 2.705922
-31.4097 -46.5757 18.3297 2.970994
-32.6885 -47.8644 18.2798 3.244493
-33.6705 -49.4532 18.3794 3.523358
-34.3435 -51.1833 18.7706 3.809005
-35.0428 -52.643 19.7515 4.102612
-35.9334 -53.9164 20.8542 4.402582
-36.4958 -55.5633 21.6175 4.707537
-37.1515 -57.2664 22.1901 5.018566
-37.503 -58.9135 22.7742 5.337551
-37.2767 -60.629 23.5408 5.662482
-38.3487 -62.1152 24.0868 5.991665
-38.7835 -63.8894 24.6417 6.324791
-39.0307 -65.5698 25.4324 6.662507
-39.2448 -67.4312 25.7075 7.005616
-39.4113 -69.2406 26.1323 7.352575
-38.2265 -70.1613 27.1367 7.705948
-37.9293 -71.6381 28.1838 8.062607
-36.7386 -72.8721 28.5562 8.421337
-35.4143 -74.1273 28.8617 8.781941
-33.8413 -75.1427 29.2839 9.154251
-32.9832 -76.7229 29.5771 9.519461
-33.6399 -75.092 29.1649 9.899824
-33.1635 -76.3575 28.5144 10.270689
-32.6394 -77.9449 29.3953 10.639961
-31.5586 -79.4236 29.8926 11.015319
-30.8094 -81.0765 30.3763 11.387265
-31.5811 -82.6547 30.6865 11.75162
-31.7168 -84.5489 30.8274 12.110762
-31.5105 -86.4537 30.8357 12.46356
-31.5377 -88.3667 30.7633 12.81002
-31.4829 -90.279 30.6456 13.149116
-31.9235 -92.1277 30.4947 13.478536
-32.2806 -93.9944 30.2829 13.795734
-33.2826 -95.4749 30.073 14.101311
-34.2923 -96.3147 29.212 14.394112
-33.7984 -97.5646 29.0456 14.670849
-33.365 -98.5644 30.3242 14.931584
-34.9529 -99.5888 30.5864 15.171528
-35.3561 -101.2379 30.5528 15.388148
-35.425 -102.1901 29.7785 15.582618
-35.4381 -103.6106 30.0236 15.74907
-35.4329 -104.9525 28.8355 15.886113
-35.4888 -106.6151 28.0477 15.990317
-35.1318 -108.0258 29.2064 16.061921
-34.5346 -109.5447 30.0645 16.096466
-15.445 -16.6758 3.4162 -0.663593
-17.1123 -16.5493 2.7023 -0.628238
-18.8242 -16.1183 2.2844 -0.575227
-20.5247 -15.3962 2.2003 -0.508612
-22.3116 -15.3473 2.4856 -0.431882
-24.0423 -14.9367 2.9859 -0.342036
-25.7912 -14.8802 3.5418 -0.241492
-27.6376 -14.8877 3.7424 -0.130087
-29.4617 -14.8882 3.7168 -0.007676
-31.2202 -15.3922 3.5297 0.124672
-32.7539 -15.8243 2.9445 0.268503
-34.0829 -16.2305 1.7975 0.422212
-35.3566 -17.1047 0.7776 0.584769
-36.7811 -17.3591 0.0703 0.758169
-38.4049 -17.2529 0.8951 0.942204
-40.1857 -16.9717 1.2216 1.136393
-41.9745 -17.3706 1.348 1.337955
-43.6645 -17.7288 1.1737 1.548648
-45.1638 -16.9527 0.472 1.77043
-46.3865 -16.2335 -0.6264 2.001135
-48.1583 -16.038 -0.1893 2.238882
-49.5586 -16.5997 0.7893 2.483297
-50.6275 -17.7832 1.5574 2.733604
-52.4581 -17.9497 1.6886 2.994641
-54.2203 -17.8442 1.1278 3.263852
-55.6575 -18.4041 0.1681 3.539143
-57.139 -19.2179 -0.5793 3.820767
-58.8775 -19.6978 -0.9928 4.109664
-60.4992 -20.5497 -0.8751 4.403497
-62.2699 -20.9516 -0.784 4.705029
-63.9605 -21.4851 -1.2025 5.015645
-65.769 -21.6468 -1.2364 5.331227
-67.4074 -21.948 -2.0416 5.652239
-69.2303 -22.0478 -2.2783 5.978731
-71.0405 -22.3933 -2.2 6.310562
-72.76 -22.6876 -1.8978 6.647005
-74.4248 -22.1245 -1.3042 6.991079
-75.468 -21.5676 0.0962 7.341014
-76.805 -21.0117 0.8974 7.695497
-78.6304 -21.1688 0.7939 8.049907
-80.2126 -21.6023 1.4208 8.407531
-81.9055 -21.4802 1.8938 8.769699
-83.3789 -20.5725 2.4839 9.137321
-84.8475 -20.092 3.3977 9.505943
-85.8797 -19.4106 4.4732 9.878293
-86.9877 -17.9771 4.3817 10.25201
-88.4094 -16.917 4.436 10.624954
-89.1332 -16.2863 5.8123 11.001119
-89.6827 -16.0961 7.5766 11.37521
-90.6073 -14.9923 8.5732 11.746534
-91.6573 -14.5236 9.9347 12.112838
-92.216 -13.6924 11.4126 12.479459
-93.3323 -12.5367 11.3011 12.836784
-94.3529 -11.3333 10.4637 13.18887
-95.9243 -11.359 10.3327 13.530141
-97.085 -12.6874 10.4076 13.858483
-98.637 -11.9209 10.4364 14.180825
-99.8512 -10.5582 10.1484 14.490645
-101.1467 -9.2581 9.9913 14.78674
-102.9108 -8.8466 10.0308 15.064151
-104.2043 -7.6318 10.4372 15.324538
-105.7848 -7.7377 11.2376 15.561528
-107.5295 -7.7352 11.7584 15.775696
-108.7114 -6.5165 12.2914 15.967895
-108.6826 -5.013 12.9437 16.135201
-109.4316 -4.9691 14.0337 16.269826
-110.9911 -5.321 13.2911 16.372448
-112.3812 -4.7789 12.2565 16.444616
-113.4541 -4.4164 10.8172 16.48197
-15.5545 -17.632 4.3033 -0.680229
-16.8149 -18.3686 5.0193 -0.6781
-18.1535 -17.7371 5.9254 -0.659764
-19.3957 -17.6568 7.1162 -0.63078
-20.6245 -17.4395 8.329 -0.58992
-21.4073 -17.0773 9.8446 -0.536961
-22.3291 -16.4593 11.1562 -0.472528
-23.7986 -16.4039 12.1053 -0.398644
-24.636 -16.4397 13.5353 -0.313397
-26.0492 -16.413 14.4153 -0.218601
-26.5091 -16.6788 16.0866 -0.112382
-27.6416 -17.5424 16.452 -8e-05
-28.9683 -17.6171 17.1518 0.12378
-30.2529 -16.8642 18.0015 0.258844
-31.8112 -16.9615 18.7079 0.40166
-32.7125 -16.0015 17.8716 0.555684
-33.9732 -15.3124 17.8919 0.717992
-35.5154 -14.9405 18.541 0.887869
-36.8148 -15.2621 19.6037 1.064125
-38.1095 -15.3947 20.6532 1.247482
-39.3709 -15.3085 20.5665 1.440451
-39.9084 -15.4165 22.2463 1.641146
-41.4898 -16.1032 22.568 1.843014
-43.1935 -16.3081 22.9719 2.051727
-44.8671 -16.1005 23.426 2.266899
-46.5874 -16.255 23.8037 2.487023
-48.2806 -16.146 24.1613 2.710182
-49.8848 -15.6408 24.6252 2.938083
-51.569 -15.5809 25.1077 3.166765
-53.1934 -15.8717 25.7123 3.396362
-54.8397 -16.0518 26.2602 3.628286
-56.4663 -15.7486 26.8593 3.860156
-57.6381 -14.8744 27.7621 4.093399
-58.8394 -13.7889 28.4214 4.32626
-60.1932 -13.1386 29.3328 4.556907
-61.8304 -12.6017 29.6751 4.783371
-63.5039 -12.1508 29.7076 5.004443
-64.8861 -11.121 29.4315 5.221734
-65.5954 -10.0293 28.2627 5.433545
-66.3587 -9.069 29.1123 5.637744
-67.3994 -7.9254 29.8988 5.834677
-68.8854 -7.8686 29.963 6.019188
-70.5505 -7.352 29.9726 6.193302
-72.0497 -6.4284 30.0037 6.355588
-73.5599 -5.5098 29.9785 6.503156
-74.8786 -4.3323 29.9264 6.639271
-76.2236 -3.1844 29.9023 6.753008
-77.2186 -1.7362 29.9278 6.84809
-78.2778 -0.5048 29.7779 6.921649
-79.9939 -0.3567 29.5292 6.970471
-81.6519 -0.1123 29.479 6.996112
-15.2282 -17.1379 4 -0.688559
-15.8134 -17.8487 4 -0.7077
-16.4306 -18.5318 4 -0.718407
-13.8552 -16.3527 0.6773 -0.727223
-6.8126 -12.9962 0.0714 -0.674592
-5.8684 -15.48 0.0572 -0.643705
-5.4058 -18.0693 0.0621 -0.578982
-4.8048 -20.6622 0.1442 -0.469118
-4.2378 -23.1032 0.3354 -0.302057
-4.2185 -23.3173 3.0099 0.016721
-4.1991 -23.5292 5.6846 0.368263
-3.9404 -24.0329 8.0609 0.74226
-2.9465 -26.4423 7.8893 1.142695
-2.9898 -29.1239 7.9366 1.576785
-2.8312 -31.7921 8.079 2.045315
-2.7737 -34.4658 8.0848 2.547733
-3.1335 -36.1267 6.8772 3.095006
-2.9668 -36.5649 4.2354 3.678756
-3.5563 -38.3842 2.8887 4.282395
-4.3063 -40.3834 1.497 4.921364
-4.1208 -42.6459 0.2252 5.591211
-4.2362 -43.7827 0.8959 6.154152
-3.8312 -43.4159 2.8085 6.585478
-3.4263 -43.0492 4.7211 7.018696
-3.0214 -42.6825 6.6338 7.453467
-2.6164 -42.3158 8.5464 7.889596
-2.2115 -41.949 10.459 8.326973
-1.8006 -41.5642 12.3611 8.765623
-1.0504 -39.8462 12.7392 9.226849
0.1758 -38.6585 13.5417 9.698504
1.5902 -38.0395 13.8599 10.190174
3.2347 -39.0768 14.2093 10.690036
3.2862 -40.8715 14.6526 11.206101
3.0921 -42.2179 15.9515 11.740159
3.289 -43.8273 17.0278 12.290065
3.7676 -45.0577 18.3989 12.861574
5.3853 -45.2551 17.5078 13.453152
6.4565 -45.5185 16.2146 14.073592
6.4601 -45.5688 14.2263 14.714742
7.3041 -46.1013 15.3965 15.369943
7.7212 -46.6728 17.2551 16.048888
8.2906 -47.8462 18.7417 16.739996
8.7291 -49.4862 19.2615 17.256047
9.1255 -50.9461 19.7272 17.579439
10.0364 -52.2198 19.9693 17.909523
10.7133 -53.6545 20.0389 18.246748
11.8089 -54.3454 19.5071 18.595581
12.1976 -54.6669 17.9921 18.952586
13.1099 -54.8336 16.8714 19.316042
13.5838 -54.6626 15.3738 19.709691
13.6588 -54.6533 13.7788 20.165874
13.7337 -54.644 12.1838 20.61552
13.8087 -54.6347 10.5888 21.057939
13.8837 -54.6254 8.9938 21.492666
13.9586 -54.6161 7.3988 21.919542
14.0336 -54.6068 5.8038 22.33849
14.1085 -54.5975 4.2088 22.748869
14.1663 -54.5744 2.6132 23.211359
14.2206 -54.5486 1.0176 23.681533
14.2749 -54.5228 -0.5781 24.140372
14.3293 -54.497 -2.1737 24.587672
14.3836 -54.4712 -3.7694 25.023195
14.4379 -54.4454 -5.365 25.446025
13.7113 -55.8095 -5.5929 25.859313
13.1825 -57.2536 -6.0072 26.272025
12.9567 -58.7053 -6.561 26.682956
12.6682 -60.0281 -7.37 27.091698
12.3514 -61.5353 -7.7387 27.496884
11.9771 -63.0578 -7.8716 27.896724
11.7617 -64.6275 -7.7751 28.290613
11.4655 -65.9109 -8.3481 28.678516
11.6675 -66.9063 -9.5712 29.059653
11.728 -68.3207 -9.6289 29.431666
11.6975 -68.4625 -8.07 29.796207
11.4235 -69.5735 -7.0162 30.143746
11.1196 -70.8404 -6.109 30.477287
11.0275 -71.8722 -4.9846 30.797826
11.2426 -73.2528 -4.3725 31.100791
10.7531 -74.6674 -3.9199 31.385249
10.425 -76.2016 -3.7062 31.651463
10.77 -77.7411 -3.6532 31.897772
11.0786 -79.2552 -3.6604 32.121708
11.425 -80.7723 -3.755 32.32235
11.2996 -82.2807 -4.0128 32.497729
11.9706 -83.6675 -4.3963 32.647028
12.7118 -84.5829 -3.8154 32.771303
13.1706 -85.4159 -2.5821 32.865619
13.3664 -86.853 -1.9391 32.927432
13.3682 -87.667 -0.8755 32.958965
8.6263 -48.9248 19.7774 17.237673
8.971 -49.5407 20.9869 17.521775
9.2099 -51.0475 20.8184 17.808721
10.0927 -52.2943 20.5532 18.100879
10.6868 -53.724 20.4404 18.397179
11.4461 -54.1517 19.6321 18.706603
11.5442 -54.2966 18.1881 19.020174
12.9332 -54.8812 18.406 19.334257
13.2774 -55.294 19.8309 19.66164
13.7729 -56.2787 20.5319 19.983747
14.3885 -57.7019 20.5127 20.308565
15.16 -59.0485 20.6431 20.635123
15.6443 -60.0525 21.5504 20.966146
16.2084 -60.988 22.5631 21.29856
17.2577 -61.2039 23.519 21.632343
18.4454 -61.8839 23.9975 21.964045
19.1422 -63.2514 24.2481 22.293353
19.671 -63.8624 25.3071 22.62731
20.2623 -64.3588 26.3522 22.954841
21.638 -65.0559 26.1487 23.276073
22.7173 -66.1327 25.8633 23.610587
23.7256 -67.2733 25.5197 23.933039
24.6112 -68.47 25.1932 24.238546
24.9681 -69.954 24.971 24.533078
24.9964 -70.9802 24.2159 24.833488
24.9684 -71.117 22.6615 25.137611
24.9404 -71.2538 21.1072 25.42061
24.9124 -71.3907 19.5528 25.682233
24.8648 -71.4567 17.9963 25.925341
24.9221 -71.7069 16.7213 26.151568
25.4185 -72.6144 17.5247 26.363711
25.5779 -72.8182 19.0637 26.56164
25.6724 -73.1458 20.5059 26.734468
25.5385 -73.7136 21.7923 26.890556
25.5469 -73.9336 23.3373 27.025346
25.5553 -74.1535 24.8823 27.132882
26.4257 -75.2629 24.9859 27.212102
26.2037 -76.801 24.991 27.264388
26.3234 -78.3421 25.0702 27.289128
-4.7208 -44.7161 -0.023 6.03266
-5.1299 -46.1818 0.6944 6.225301
-5.3697 -46.9913 2.259 6.427586
-5.7718 -48.0995 3.5791 6.63559
-6.3113 -49.4357 4.5711 6.851117
-6.1052 -51.0319 5.3148 7.073372
-5.9754 -52.7323 5.8136 7.303023
-5.3005 -54.3124 6.0843 7.54105
-5.5666 -55.9139 6.2159 7.787324
-6.3626 -57.4622 6.4728 8.041696
-7.4327 -58.7683 6.9386 8.304966
-8.3123 -60.0607 7.6969 8.576328
-9.2075 -61.5771 7.5449 8.85391
-10.0182 -63.1512 7.7642 9.139528
-10.4982 -64.8336 7.9938 9.43185
-11.098 -66.494 8.2496 9.732762
-11.5795 -68.0917 8.8213 10.041729
-11.4778 -69.48 9.814 10.358072
-11.3768 -70.9824 10.6772 10.682351
-11.1615 -72.6665 10.9417 11.013881
-11.9531 -74.0675 10.3517 11.352828
-12.2253 -75.2856 9.1163 11.699469
-12.386 -76.5528 7.8889 12.052422
-12.4919 -77.8973 6.8778 12.413423
-12.6418 -79.6702 6.7282 12.779749
-12.8923 -81.2283 7.3625 13.153467
-13.0636 -82.0267 8.8276 13.538713
-12.8375 -83.2389 8.8894 13.925861
-12.4716 -84.694 8.0205 14.319803
-12.6797 -85.5671 7.0599 14.723043
-12.5183 -84.1321 6.1622 15.141297
-12.5292 -84.0813 7.3739 15.562698
-11.895 -85.6688 7.8198 15.985185
-11.5229 -87.2946 8.4116 16.41264
-10.3324 -88.1124 9.2259 16.848106
-10.675 -89.8262 9.467 17.288483
-11.2148 -91.4903 9.7261 17.731994
-11.4919 -93.2205 9.9224 18.179068
-11.8689 -94.9605 9.9938 18.631073
-12.2215 -96.7085 9.9892 19.085
-12.5548 -98.4528 9.9031 19.543519
-13.101 -100.1246 9.6027 20.003725
-13.6123 -101.6942 9.0552 20.466405
-14.5178 -102.8115 8.0351 20.93186
-14.732 -103.8321 6.6289 21.399629
-14.736 -104.949 5.3416 21.868173
-14.7897 -105.5564 3.6632 22.337672
-14.9175 -106.1934 2.0059 22.803654
-14.8119 -107.3154 0.66 23.259933
-14.3904 -108.3157 -0.7477 23.714546
-14.0768 -109.6227 -1.5126 24.159424
-14.1581 -111.3783 -1.2027 24.59624
-14.4574 -112.7137 -0.3129 25.027255
-14.5581 -113.8268 1.0481 25.446532
-14.5629 -114.7419 2.5821 25.856591
-14.3372 -115.8187 3.9677 26.250358
-14.0073 -116.8255 5.38 26.630357
-13.5104 -118.0936 6.4955 26.99188
-13.0668 -119.695 6.5246 27.333329
-12.4966 -121.0534 5.5568 27.653081
-12.0851 -122.6625 5.1356 27.949348
-12.5004 -124.2153 4.474 28.22114
-12.6759 -125.9354 4.076 28.464431
-13.0189 -127.5669 3.9008 28.680133
-13.6129 -129.2115 3.7998 28.864165
-14.5095 -130.7248 3.617 29.015025
-15.1909 -132.314 3.2206 29.130105
-16.0458 -133.6469 2.4524 29.208196
-17.0046 -135.0632 2.0492 29.246321
-3.6471 -8.0538 -0.0157 -0.681483
-1.3228 -8.9468 -0.0471 -0.655163
0.9314 -9.9936 -0.0832 -0.610196
2.6625 -11.7633 -0.1495 -0.536789
3.884 -13.4015 -0.8686 -0.390094
4.2751 -14.1359 -3.2157 -0.016694
4.6663 -14.8703 -5.5627 0.379336
5.0575 -15.6047 -7.9097 0.793368
5.4487 -16.3392 -10.2567 1.221737
5.5082 -15.6747 -11.481 1.57332
5.7528 -14.1284 -10.9972 1.82679
5.1317 -14.013 -9.0503 2.097476
5.6382 -14.026 -8.2186 2.396591
7.6439 -14.2766 -7.8039 2.712817
9.6042 -14.0356 -7.3728 3.037511
11.4824 -13.5321 -6.7322 3.381816
12.4397 -13.1153 -5.3274 3.745923
13.1732 -12.7275 -3.4442 4.132773
14.0029 -12.5015 -1.5695 4.538925
14.9232 -12.6143 0.2611 4.961788
16.0509 -12.8503 1.9217 5.403284
17.2291 -12.7352 3.6117 5.870293
18.6969 -13.072 4.9744 6.345114
20.4387 -12.843 5.9867 6.84029
22.2399 -12.9948 6.2182 7.201958
23.7688 -13.3762 5.9788 7.417758
25.0057 -12.6222 5.3936 7.641841
26.3571 -12.2571 4.8087 7.869791
27.8738 -11.9691 4.5669 8.10346
29.2461 -11.1445 4.4391 8.34332
30.8012 -10.7714 4.3716 8.586084
32.3851 -10.5715 4.2891 8.833431
33.2233 -10.1298 4.9983 9.08832
34.0663 -9.8024 5.9221 9.347199
35.5597 -9.845 6.5062 9.608658
36.9026 -9.7278 7.2501 9.875332
38.2463 -9.5474 7.9246 10.144073
39.7277 -9.1425 8.3952 10.41604
41.1759 -8.7377 8.951 10.690314
42.5633 -8.3419 9.5488 10.968379
43.7337 -8.1277 8.583 11.247883
45.1311 -8.0308 7.9631 11.527429
46.5242 -8.3092 7.3517 11.805408
47.4104 -8.3281 6.0274 12.085961
48.547 -8.1523 4.9694 12.363468
50.1277 -8.0481 4.8161 12.638581
51.0302 -8.412 5.9293 12.914998
52.4231 -8.5023 6.17 13.185146
53.895 -8.5955 6.6905 13.452305
54.9911 -8.7652 7.7616 13.713181
56.4893 -8.9904 7.679 13.965907
57.587 -10.1308 7.9043 14.208163
59.0801 -10.6364 8.1455 14.4439
60.6014 -11.0022 8.4608 14.668766
61.9959 -11.5958 8.0265 14.882185
62.9752 -11.9724 7.058 15.087376
63.4644 -12.0743 5.5381 15.27893
64.0395 -11.9612 4.047 15.457617
64.4337 -11.9546 2.4888 15.619563
64.823 -11.932 0.9297 15.761853
65.2041 -11.8836 -0.6309 15.88306
65.5558 -11.8356 -2.1985 15.983362
65.8976 -11.7879 -3.7682 16.05981
66.4194 -11.7876 -5.282 16.111639
66.4944 -12.5596 -6.6605 16.136343
21.8035 -12.9643 5.5087 7.248149
22.2928 -12.8975 4.0421 7.551547
22.782 -12.8307 2.5755 7.850856
23.2713 -12.7639 1.1089 8.145604
23.7606 -12.6971 -0.3578 8.435398
24.2499 -12.6303 -1.8244 8.719915
24.7391 -12.5635 -3.291 8.99896
25.2284 -12.4967 -4.7576 9.272587
25.7177 -12.4299 -6.2242 9.540276
26.2069 -12.363 -7.6908 9.801482
26.8935 -12.3131 -8.9994 10.057573
27.9931 -12.1349 -10.0456 10.314991
29.4155 -12.0244 -10.5719 10.574234
30.9321 -12.139 -10.7879 10.833854
32.4337 -12.4908 -10.7732 11.096455
33.7283 -13.0404 -10.3346 11.35864
34.9591 -13.7394 -9.781 11.62093
36.3049 -14.3754 -9.3611 11.883952
37.7863 -14.4064 -8.971 12.151324
38.9765 -14.4204 -8.3072 12.416863
39.509 -14.5028 -6.8771 12.678323
40.803 -14.1184 -7.3333 12.935105
42.1172 -13.7343 -7.9502 13.188194
43.481 -14.2451 -8.4653 13.433433
44.8322 -14.6862 -9.0455 13.67245
46.2199 -15.1571 -9.5418 13.904241
47.4998 -15.7968 -10.1041 14.125769
48.4919 -16.341 -10.9949 14.339142
49.2648 -16.5571 -12.2212 14.543259
50.6437 -17.0063 -12.5265 14.733787
52.1626 -17.2199 -12.7123 14.912846
53.5098 -17.9199 -12.5815 15.076027
54.8261 -18.5114 -12.0649 15.223968
56.0144 -19.3898 -11.6485 15.35343
57.1511 -20.3793 -11.2981 15.464148
58.5784 -20.83 -11.009 15.555695
59.5198 -21.3446 -11.6244 15.627109
59.9152 -21.5013 -13.1121 15.676138
60.3293 -21.6363 -14.5919 15.701062
5.542 -17.4481 -11.9734 1.507153
5.2752 -19.0549 -12.8511 1.619872
4.5319 -20.5356 -13.6308 1.742444
4.2842 -21.2679 -12.1504 1.878199
4.5234 -21.5541 -11.2061 2.021982
5.0916 -22.5097 -9.9139 2.17418
5.6355 -23.6108 -8.5295 2.334535
6.4022 -24.9693 -7.5369 2.503262
6.6335 -26.3097 -6.3211 2.680301
7.1852 -27.3717 -7.4784 2.868289
7.7638 -28.2275 -9.037 3.065096
9.1599 -28.8455 -10.0123 3.269528
10.2945 -29.4271 -11.2255 3.482716
12.0307 -29.9265 -10.7637 3.704793
13.7255 -30.5864 -10.4924 3.933798
15.1918 -31.515 -11.0288 4.16939
16.7178 -31.6949 -12.0524 4.41504
18.2188 -31.9125 -13.1144 4.668061
19.9511 -32.1969 -13.7295 4.928712
21.5074 -33.0418 -14.1745 5.205393
22.8543 -34.2615 -14.6414 5.48887
24.0059 -35.5947 -15.1729 5.769397
24.5296 -37.1036 -15.7174 6.056448
24.7232 -37.5624 -17.5262 6.356392
25.1008 -38.2263 -19.2142 6.661121
26.3789 -39.4506 -19.5884 6.96713
28.1291 -39.8596 -20.0602 7.281625
29.3513 -39.6098 -21.3429 7.605243
30.6809 -38.9744 -22.3478 7.935775
31.8544 -39.4408 -23.699 8.269931
32.7072 -40.1312 -24.5207 8.608139
34.1875 -40.0661 -24.2388 8.954521
35.3747 -39.954 -25.6606 9.306862
36.0556 -40.1808 -27.3735 9.668647
37.1117 -40.5409 -28.8636 10.031081
37.9499 -40.8975 -30.5002 10.397892
38.8019 -40.6861 -32.1277 10.771033
39.8174 -40.5169 -33.6425 11.146199
40.8901 -40.7217 -35.068 11.523467
42.5305 -41.61 -35.2384 11.901987
44.3755 -41.8861 -35.4176 12.284359
45.9871 -42.2694 -36.0731 12.668437
47.4878 -43.2765 -36.1873 13.059224
49.3319 -43.6209 -36.2065 13.45976
51.1887 -43.712 -36.2324 13.849552
53.0372 -43.4731 -36.3042 14.238734
54.8899 -43.6769 -36.497 14.623223
56.6959 -43.5991 -36.9065 15.006194
58.2639 -44.1277 -37.6876 15.383646
59.5341 -44.5902 -38.7803 15.759857
60.5988 -45.0677 -39.8571 16.127556
61.8729 -46.2433 -40.1922 16.485602
63.3313 -46.5896 -41.0735 16.838145
64.0217 -46.6763 -42.7931 17.18316
64.5704 -46.7494 -44.583 17.516027
64.8703 -46.6711 -46.4334 17.847807
65.1687 -46.5915 -48.2839 18.154709
65.5964 -46.5388 -50.1097 18.44484
65.7108 -46.4215 -51.9702 18.736508
65.6981 -46.2783 -53.8407 19.004252
65.6854 -46.1351 -55.7113 19.238228
65.6727 -45.9919 -57.5819 19.438136
65.7296 -45.7497 -59.4403 19.614002
65.8135 -45.4694 -61.2934 19.757147
66.0243 -45.0935 -63.1166 19.867017
66.1717 -44.6856 -64.9394 19.943404
66.3305 -44.1781 -66.4646 19.983165
5.6517 -16.7814 -12.2027 1.638824
5.689 -16.9607 -13.7308 2.015752
5.7263 -17.14 -15.259 2.399805
5.7636 -17.3194 -16.7872 2.789353
5.8009 -17.4987 -18.3154 3.183278
5.8383 -17.678 -19.8436 3.580668
5.8756 -17.8574 -21.3717 3.980801
5.9129 -18.0367 -22.8999 4.382464
5.9502 -18.216 -24.4281 4.784623
5.9875 -18.3954 -25.9563 5.18658
6.0248 -18.5747 -27.4845 5.587983
6.0621 -18.754 -29.0126 5.988574
6.0994 -18.9334 -30.5408 6.387274
6.1367 -19.1127 -32.069 6.783466
6.1741 -19.292 -33.5972 7.176694
6.2114 -19.4714 -35.1254 7.566642
6.2487 -19.6507 -36.6536 7.953211
6.286 -19.83 -38.1817 8.335604
6.3233 -20.0094 -39.7099 8.713188
6.3606 -20.1887 -41.2381 9.085463
6.3979 -20.368 -42.7663 9.452118
6.4352 -20.5474 -44.2945 9.813261
6.4725 -20.7267 -45.8226 10.168092
6.5099 -20.906 -47.3508 10.515905
6.5472 -21.0854 -48.879 10.856117
6.5845 -21.2647 -50.4072 11.188447
6.6218 -21.444 -51.9354 11.512895
6.6591 -21.6234 -53.4635 11.829
6.6964 -21.8027 -54.9917 12.135969
6.7337 -21.982 -56.5199 12.433125
6.771 -22.1614 -58.0481 12.720004
6.8083 -22.3407 -59.5763 12.996453
6.8457 -22.52 -61.1045 13.262418
6.883 -22.6994 -62.6326 13.517594
6.9394 -22.8766 -64.1572 13.761226
8.1498 -22.8799 -64.1006 13.999099
8.9886 -23.516 -62.989 14.23295
9.9314 -24.3205 -62.1091 14.460361
10.5435 -25.411 -61.3105 14.683118
11.1641 -26.7642 -60.9602 14.898695
11.7371 -28.177 -61.0516 15.106626
12.2468 -29.4991 -61.4619 15.307175
12.6299 -30.7915 -61.1111 15.499154
13.0367 -32.212 -60.6823 15.679553
13.4206 -33.6473 -60.2909 15.847874
13.672 -35.0666 -59.8345 16.002237
13.7802 -36.5811 -60.0484 16.140671
13.7177 -38.0731 -60.4184 16.262486
13.5658 -39.5761 -60.7091 16.366827
13.3014 -41.0704 -60.6511 16.451997
13.3571 -42.0105 -59.4467 16.518958
13.5377 -43.0476 -58.3404 16.563538
13.6333 -44.0606 -57.3331 16.585202
-2.4565 -0.91 0.0523 -1.164523
-2.8293 2.667 0.2464 -1.663321
-3.0866 6.216 0.7208 -2.218581
-2.2413 9.6979 1.5153 -2.843725
-0.7404 12.7593 0.9662 -3.546494
0.227 15.8879 -1.0884 -4.395343
0.5524 20.1154 -1.9386 -5.441865
0.4575 24.418 -2.5408 -6.663474
0.4389 27.3767 -5.5178 -8.094745
-0.013 29.9656 -8.7108 -9.762714
-0.1419 14.3216 0.264 -3.952391
0.8616 14.8245 1.2959 -4.131687
2.5303 15.409 3.4469 -4.617414
5.0961 15.9466 3.8822 -5.278713
7.8356 16.5695 3.9069 -6.145614
10.5566 17.2922 4.0994 -7.237491
13.2701 17.9524 4.5537 -8.598335
15.8121 18.8134 4.7988 -10.265461
17.2134 19.7132 4.344 -11.594655
17.5574 19.3689 4.0634 -11.601074
-0.9274 14.3109 0.2417 -3.735038
-2.5488 14.1754 0.0246 -3.393587
-4.1702 14.04 -0.1925 -3.161278
-5.6969 13.9854 -0.1496 -3.032417
-6.0083 14.0245 0.9686 -3.005206
-4.7591 13.8534 0.1003 -3.089245
-4.5248 13.8442 -1.5168 -3.336856
-4.3735 13.8457 -3.1513 -3.723702
-4.2222 13.8471 -4.7858 -4.248614
-4.0708 13.8486 -6.4202 -4.919188
-3.7648 13.9278 -8.018 -5.774796
-3.1571 14.1597 -9.5252 -6.86189
-2.5409 14.9686 -10.6984 -8.160652
-0.6612 32.5013 -8.9792 -10.945429
-1.3441 34.6869 -8.6538 -11.811501
-2.5162 37.7967 -7.959 -12.953665
-4.0883 40.798 -9.2426 -13.959257
-6.1771 43.4321 -10.5669 -14.840673
-7.4526 45.9637 -12.4793 -15.609773
-8.199 48.9959 -14.3148 -16.256332
-8.488 52.2581 -16.0262 -16.78192
-8.9751 55.6713 -17.3793 -17.2141
-8.9724 59.3456 -17.9864 -17.560172
-8.8355 62.9598 -18.9326 -17.82714
-8.1651 65.7964 -21.101 -18.023724
-8.071 69.4931 -21.2598 -18.152294
-8.0725 72.7987 -19.5494 -18.255582
-8.8931 75.9303 -20.6534 -18.323192
-9.8467 77.8663 -22.8286 -18.346891
-10.916 79.9845 -24.8489 -18.336408
-11.8107 82.572 -26.461 -18.292388
-13.9622 85.1541 -28.0376 -18.203779
-15.428 87.4195 -30.0798 -18.072063
-16.2874 89.1284 -32.8169 -17.937818
-17.1302 91.8068 -33.4334 -17.813549
-16.6579 94.7355 -33.3269 -17.662554
-16.2793 97.4317 -32.2507 -17.486083
-16.0966 100.3779 -31.8618 -17.282465
-15.6048 103.2146 -31.8672 -16.998034
-15.0646 104.6984 -30.0846 -16.624371
-14.4099 106.6313 -31.3901 -16.217486
-13.9013 109.3975 -31.7321 -15.780242
-13.1382 112.1018 -31.8855 -15.319163
-12.0288 114.6912 -32.2205 -14.839566
-9.9615 116.491 -32.7147 -14.349432
-8.3964 118.5551 -33.6954 -13.850997
-7.0441 120.3709 -35.2413 -13.35237
-16.3107 103.1222 -31.2609 -16.964444
-17.0106 105.6108 -30.0258 -16.517169
-17.7104 108.0993 -28.7907 -16.035448
-18.4103 110.5878 -27.5556 -15.524513
-19.1321 113.0846 -26.3544 -14.989373
-20.0839 115.6275 -25.7828 -14.42885
-21.6544 117.8269 -26.4818 -13.84322
-22.4041 120.0541 -28.0006 -13.234363
-23.8204 121.9956 -29.2918 -12.609936
-16.2837 88.4956 -30.6847 -17.704516
-16.9057 88.45 -28.8674 -17.099693
-17.5277 88.4044 -27.0501 -16.45826
-18.1496 88.3588 -25.2328 -15.785642
-18.7716 88.3131 -23.4155 -15.086255
-19.3936 88.2675 -21.5982 -14.364496
-20.0155 88.2219 -19.7808 -13.624026
-20.6375 88.1763 -17.9635 -12.869067
-21.2595 88.1307 -16.1462 -12.103278
-21.8814 88.0851 -14.3289 -11.330565
-22.5034 88.0394 -12.5116 -10.556505
-23.1253 87.9938 -10.6943 -9.78509
-23.7473 87.9482 -8.8769 -9.020666
-24.3693 87.9026 -7.0596 -8.268735
-24.9912 87.857 -5.2423 -7.534254
-25.6132 87.8114 -3.425 -6.824161
-26.2352 87.7657 -1.6077 -6.145584
-26.8571 87.7201 0.2096 -5.505614
-27.4791 87.6745 2.0269 -4.911814
-28.1011 87.6289 3.8443 -4.371772
-28.723 87.5833 5.6616 -3.894634
-10.6474 82.0467 -25.97 -18.276431
-9.8973 83.5702 -26.7997 -18.155802
-8.9166 84.4636 -28.1497 -17.992789
-7.9416 85.635 -29.2349 -17.787138
-6.7633 86.7616 -30.2244 -17.541697
-5.9934 87.8877 -31.5 -17.257237
-4.805 89.0805 -31.9871 -16.935422
-4.0074 90.0975 -33.2964 -16.575628
-3.642 91.5318 -34.1524 -16.18156
-3.5504 92.2381 -35.0395 -15.755743
-2.6112 93.3175 -34.37 -15.29639
-1.4138 94.7914 -34.5426 -14.807584
-0.1697 96.0984 -35.117 -14.289124
0.8889 97.112 -35.3375 -13.742269
1.8787 97.6218 -33.8386 -13.168912
3.297 98.6527 -34.2066 -12.572382
4.478 100.1526 -34.2331 -11.952837
5.7259 101.6013 -34.2783 -11.310294
6.9236 103.076 -34.3329 -10.648783
8.2378 104.4594 -34.2789 -9.967371
9.708 105.6324 -34.1824 -9.271227
11.0242 106.9149 -34.1788 -8.558757
12.03 108.5293 -34.2938 -7.833794
12.8387 110.237 -34.4028 -7.099362
13.6986 111.9172 -34.2947 -6.359122
14.9808 113.3035 -34.0183 -5.616954
16.3534 114.5382 -33.5266 -4.874703
-8.0122 74.6652 -19.0128 -18.325161
-7.3733 74.7434 -17.1393 -18.332042
-6.2129 74.8717 -15.5661 -18.28957
-4.6588 75.1485 -14.4836 -18.199992
-2.9313 75.2005 -13.5318 -18.066656
-1.1908 75.5548 -14.025 -17.890599
0.2492 75.4182 -15.2751 -17.675841
1.6994 75.2949 -16.4498 -17.423655
3.456 75.8724 -16.5978 -17.1329
4.909 77.061 -16.0201 -16.806033
6.3489 78.0205 -15.2054 -16.446931
7.6777 78.1558 -16.557 -16.055138
9.1932 78.8939 -17.1669 -15.631333
10.3243 80.3116 -17.9293 -15.175996
11.8031 81.2429 -18.8099 -14.693628
13.3202 82.0201 -19.7154 -14.183449
14.672 82.8734 -20.8357 -13.647399
15.8195 84.0369 -21.4716 -13.087372
17.3968 85.0052 -21.5241 -12.504568
19.1523 85.9091 -21.6233 -11.899583
20.835 86.8367 -21.5731 -11.274209
22.3782 87.6805 -22.4819 -10.627817
23.6336 88.6822 -23.6145 -9.964997
25.3121 89.236 -24.4178 -9.289656
26.9271 90.1776 -25.069 -8.586566
28.5711 91.1435 -25.6063 -7.864029
30.1849 92.1759 -26.0934 -7.153165
31.906 93.0582 -26.3886 -6.443583
33.349 94.3802 -26.2354 -5.732887
34.682 95.7638 -25.7885 -5.025033
36.0698 96.9946 -25.1164 -4.32454
-9.1332 71.1226 -19.9391 -18.005909
-11.2049 71.3971 -19.3463 -17.578033
-12.2503 72.1505 -17.4371 -17.077605
-13.2771 72.9723 -16.3017 -16.509659
-15.0629 74.4381 -16.0237 -15.876949
-17.1889 75.3374 -15.9102 -15.183604
-18.7708 76.7954 -16.5998 -14.43158
-20.2396 77.7578 -18.0502 -13.626682
-21.4318 79.2493 -19.3169 -12.774613
-22.4493 80.8848 -20.0685 -12.115771
-23.644 82.5321 -19.9209 -11.67102
-25.2693 83.8199 -19.7197 -11.207524
-26.4282 85.5474 -19.5741 -10.722389
-27.4271 87.2915 -19.7394 -10.217178
-28.2555 88.0894 -18.5764 -9.691246
-28.4362 88.7812 -16.6121 -9.146216
-28.7184 89.4709 -14.6555 -8.591257
-28.5952 90.5234 -12.9306 -8.025309
-28.0087 92.2281 -11.8717 -7.448668
-28.1824 93.3344 -10.523 -6.865108
-28.881 94.9101 -9.3484 -6.277769
-29.1637 96.6406 -8.2343 -5.693252
-29.7507 98.589 -7.8416 -5.115807
-31.2546 100.014 -7.7767 -4.552586
-32.9856 101.1833 -7.8435 -4.012418
-34.438 102.6859 -7.93 -3.499581
-35.8645 104.1959 -8.077 -3.024987
-37.7492 105.0636 -8.2888 -2.601151
-39.7252 105.5106 -8.4883 -2.237599
-41.4274 106.5542 -8.4275 -1.94485
-22.5697 79.9845 -21.0657 -12.069545
-23.5049 79.5868 -23.0086 -11.578166
-24.7357 79.2357 -23.1851 -11.115704
-26.0186 79.7983 -22.2548 -10.631856
-27.6912 80.6895 -21.9109 -10.128719
-29.3246 81.7314 -21.4655 -9.608345
-31.1306 82.4861 -21.4143 -9.073057
-32.9071 83.2024 -21.5235 -8.521298
-34.8537 83.2248 -21.3716 -7.959049
-36.6622 83.819 -20.8419 -7.384839
-38.0322 83.5029 -19.5874 -6.804258
-39.4902 83.5562 -18.2934 -6.219973
-40.9141 84.0358 -17.0459 -5.635388
-42.4783 85.0996 -16.5078 -5.056909
-44.0118 86.2891 -16.2793 -4.489387
-45.0805 86.8165 -17.3328 -3.930631
-45.3985 87.0849 -19.2874 -3.402495
-46.0085 87.5938 -21.1008 -2.907517
-46.5256 87.8633 -23.0125 -2.457841
-47.0124 88.1443 -24.9307 -2.063783
-48.0466 88.8001 -25.8124 -1.740621
-49.3531 89.8139 -24.8517 -1.49669
-23.4169 79.5945 -22.041 -11.802837
-7.4755 47.1812 -14.128 -16.404861
-6.6397 46.9581 -15.442 -17.209864
-6.0885 47.0624 -16.854 -17.917927
-5.6785 47.4504 -18.3124 -18.555955
-5.0375 48.1975 -19.4234 -19.125636
-4.9376 48.8586 -20.8471 -19.640301
-4.8994 49.5688 -22.2208 -20.103618
-4.8067 50.8524 -23.1201 -20.516747
-4.348 52.1399 -23.896 -20.906032
-3.8636 53.4258 -24.6617 -21.242254
-3.2759 54.7308 -25.2965 -21.532991
-2.6137 56.0992 -25.6637 -21.788301
-1.9972 57.5231 -25.7699 -22.013769
-0.7472 58.4335 -25.8246 -22.211775
0.1834 59.5702 -25.9895 -22.380658
1.0556 60.8294 -26.3063 -22.519585
1.4265 62.1744 -26.9168 -22.627578
1.2466 63.3678 -27.9187 -22.703513
0.8615 64.5278 -28.8693 -22.743206
-1.2039 34.2315 -8.7378 -11.80861
-2.1645 36.692 -8.3921 -12.883433
-3.11 39.1845 -8.3928 -13.782098
-3.9026 40.3411 -6.7187 -14.52722
-4.4638 40.8393 -4.1593 -15.134854
-5.2514 41.2336 -1.6507 -15.614995
-6.4986 41.3875 0.6577 -15.980968
-6.9016 41.3668 3.1344 -16.248016
-8.3244 41.1475 5.0228 -16.422856
-9.0777 42.2825 6.6587 -16.447118
-10.4818 44.1286 6.7312 -16.342013
-12.0542 45.877 6.472 -16.178943
-13.7926 47.4551 6.7415 -15.959753
-14.3287 48.7274 8.6097 -15.685929
-14.2892 50.0448 10.5825 -15.359538
-14.3831 52.2013 11.5125 -14.979143
-15.4653 54.1641 11.5993 -14.549493
-15.9872 56.1264 10.7348 -14.071469
-15.9935 58.493 10.4465 -13.545452
-16.6674 59.2873 8.5547 -12.974432
-17.4698 59.7595 6.3608 -12.361276
-17.8092 61.9411 6.2291 -11.704431
-19.8136 62.8997 6.5069 -11.009531
-21.3274 63.1601 7.9551 -10.277
-22.8218 64.0013 9.1439 -9.667502
-24.7396 64.6596 9.7419 -9.191739
-25.9313 65.6939 8.2209 -8.694942
-27.3521 67.091 7.1443 -8.178249
-27.8515 68.7801 5.7356 -7.642855
-28.9706 70.1238 4.2552 -7.093447
-29.8302 71.1977 2.3661 -6.530514
-30.5772 72.9481 2.3143 -5.955085
-31.2511 73.9836 4.3225 -5.375625
-31.8836 74.7971 6.3519 -4.795502
-33.4979 76.3178 6.0157 -4.222681
-35.3494 77.7054 5.6794 -3.662955
-36.2359 77.7987 3.4859 -3.123732
-36.823 78.2142 1.2302 -2.613996
-37.2962 78.8752 -1.0041 -2.144989
-38.0777 79.5243 -3.1351 -1.732624
-38.5828 79.8578 -5.4262 -1.38744
-40.1286 80.7679 -6.86 -1.127406
-41.8887 81.3717 -5.9333 -0.969275
-43.201 81.2826 -4.0378 -0.932352
-44.3102 81.7185 -2.0187 -1.032379
-23.2557 64.0561 8.131 -9.680074
-24.9649 64.9635 8.1844 -9.229012
-26.0616 65.9005 8.9001 -8.747776
-26.305 66.1448 10.8713 -8.245195
-26.4364 66.2766 12.8582 -7.732687
-26.7662 66.3845 14.8041 -7.203332
-28.2543 66.3369 15.7942 -6.660621
-29.7596 66.2207 16.7645 -6.101887
-29.8152 66.2528 18.7633 -5.53132
-30.2709 66.9957 19.6957 -4.9512
-31.7156 67.9135 20.4594 -4.36275
-32.1409 69.5247 21.5115 -3.772933
-33.0427 71.1208 22.2483 -3.188815
-33.7682 72.7602 23.0868 -2.615214
-34.714 74.4169 23.6586 -2.060456
-35.5114 76.0162 24.4887 -1.530895
-35.8784 77.7991 25.2812 -1.033693
-36.6919 79.4931 25.9091 -0.580892
-37.5921 81.2366 26.1638 -0.183976
-37.9648 82.9348 26.6532 0.148435
-38.1232 84.1537 28.0096 0.398492
-37.4894 85.6297 29.04 0.55524
-37.0034 87.4849 29.1485 0.605525
-36.7841 89.4485 29.2879 0.531798
-36.3959 91.4052 29.448 0.321106
-9.6387 41.5186 6.3846 -16.604888
-11.2133 41.8239 6.3128 -16.820661
-12.0979 42.4791 4.8865 -16.991133
-13.2557 43.35 3.9751 -17.11599
-14.2423 43.577 2.4577 -17.201026
-15.3556 43.71 1.0276 -17.247369
-15.9894 44.5732 -0.4476 -17.255792
-16.6871 45.12 -2.0478 -17.230205
-17.7188 45.8368 -3.2857 -17.170951
-18.5783 46.8498 -4.5254 -17.080679
-19.9074 47.2662 -5.6939 -16.96345
-21.5852 47.5437 -6.3542 -16.820617
-22.9761 48.6597 -6.3259 -16.651522
-24.3563 49.8697 -6.2079 -16.45809
-25.8552 50.8966 -6.0169 -16.24371
-27.0962 51.9486 -5.4199 -16.008664
-27.9482 52.3876 -3.9646 -15.756911
-29.654 52.5789 -3.9322 -15.490741
-30.6445 52.9077 -5.3714 -15.208741
-32.0441 53.5066 -6.2656 -14.9139
-33.4656 54.634 -6.5349 -14.608694
-34.9544 55.5474 -7.0531 -14.297604
-36.2819 56.6634 -7.6004 -13.979806
-37.6486 57.8611 -7.7756 -13.657265
-38.5034 59.4777 -7.6459 -13.333202
-39.3718 61.0534 -7.2838 -13.013272
-40.2991 62.551 -6.7638 -12.697486
-41.2384 64.045 -6.261 -12.387777
-41.8614 65.6914 -5.7694 -12.088528
-42.4591 67.2851 -5.1652 -11.801993
-43.3383 68.5969 -4.4191 -11.531711
-44.4522 70.0317 -4.1392 -11.280229
-45.5063 71.5345 -4.0501 -11.048204
-46.5569 73.035 -4.1531 -10.838696
-47.8716 74.2263 -4.5515 -10.65521
-48.8625 75.1738 -5.5759 -10.500053
-49.2408 75.7623 -7.2733 -10.373228
-49.4584 77.0985 -8.4631 -10.274958
-49.9501 78.752 -8.946 -10.204902
-51.026 79.8745 -9.2484 -10.16297
-51.28 79.9424 -10.8927 -10.145812
17.7044 20.951 4.9703 -12.336741
18.2015 22.2043 5.6044 -13.016742
18.6985 23.4577 6.2386 -13.631373
19.0912 25.152 6.8819 -14.324547
19.429 27.2733 6.757 -15.044256
20.0937 28.9393 5.4586 -15.667654
20.5192 30.5261 4.0181 -16.202839
21.7848 31.8769 2.8501 -16.658512
22.0977 33.1829 1.0434 -17.040931
23.2662 34.71 0.0406 -17.353239
23.7528 35.2305 -1.9989 -17.60547
24.4415 36.3316 -0.4475 -17.797234
25.2156 37.3871 1.3732 -17.934354
25.5431 38.1412 3.4507 -18.021947
26.3109 39.4951 5.0553 -18.060198
27.3125 40.7429 3.9319 -18.053971
27.6125 41.5008 5.9749 -18.006111
27.8649 42.4672 7.8245 -17.918158
28.5761 44.0126 9.106 -17.791344
29.3017 45.8785 9.8466 -17.628057
29.8444 47.4239 10.9837 -17.429506
29.8427 48.4745 12.9418 -17.199215
30.4043 50.5089 13.6559 -16.934551
32.2661 51.6774 14.0416 -16.640882
33.7432 53.3643 13.9508 -16.314631
35.3704 54.8773 13.6311 -15.957952
36.404 56.7929 13.1328 -15.570761
37.9566 57.9008 12.228 -15.157765
39.1636 59.6692 11.6914 -14.713796
40.7811 61.2139 11.412 -14.241095
42.5407 62.5144 11.7504 -13.742747
43.9242 63.8221 12.81 -13.215799
45.3908 65.165 13.6376 -12.661574
45.9271 67.2097 14.1714 -12.081714
46.6355 69.1359 14.3788 -11.476989
48.3635 70.1089 14.8857 -10.849086
49.6569 71.9103 15.1633 -10.183364
50.9513 73.7475 15.4455 -9.496306
52.8054 74.9337 15.6383 -8.805431
54.7263 75.5702 15.6827 -8.100042
56.0864 76.9982 15.657 -7.379949
57.1449 78.0802 14.4904 -6.648861
58.894 79.349 14.0314 -5.91605
60.9129 80.2627 14.3307 -5.187635
62.6887 81.5896 14.007 -4.466613
64.1912 82.1373 14.8133 -3.763005
65.3934 82.3955 16.5144 -3.091675
66.9021 83.2776 17.6975 -2.462359
67.4164 84.9808 18.6495 -1.888172
68.0681 86.9646 19.2519 -1.388334
18.9087 24.0362 7.1126 -13.955263
19.1476 18.9083 3.9431 -12.49726
20.9905 18.3979 3.8423 -13.399272
22.9152 18.2333 3.6481 -14.199285
24.7758 17.8958 3.3306 -14.905024
26.5871 18.0132 3.1308 -15.52381
28.3023 18.6484 3.6845 -16.062708
29.9424 18.8206 4.6508 -16.529301
31.2866 18.6601 5.9911 -16.931087
32.7096 18.1098 7.1234 -17.271327
34.1103 16.8391 7.543 -17.555223
35.4164 15.4177 7.7072 -17.785678
36.5618 14.0174 7.4707 -17.965707
38.0589 13.6462 6.35 -18.096625
39.8047 13.3092 5.8907 -18.184077
41.5119 12.7068 5.2455 -18.231414
42.8693 12.0614 4.0202 -18.240089
44.4573 11.3345 3.2295 -18.211844
45.9294 10.8303 2.4767 -18.148955
47.1014 10.1377 3.6205 -18.054877
48.3849 9.3089 4.6779 -17.931012
49.394 9.6773 6.2389 -17.774704
50.6478 10.0528 7.6185 -17.590793
51.9327 9.8336 9.0023 -17.382819
53.4883 10.1208 10.104 -17.148739
55.2334 9.8227 9.9071 -16.892054
57.0597 9.924 9.3135 -16.593765
58.8743 9.6526 8.6558 -16.265345
60.689 9.3812 7.9981 -15.926529
62.4959 9.1815 7.3186 -15.578284
64.0964 9.6659 6.3822 -15.212423
65.6128 10.0298 5.5676 -14.826973
66.3879 8.7348 6.61 -14.426841
67.0408 7.9267 8.2378 -14.009682
67.6184 7.3624 10.0083 -13.574485
68.2214 6.7991 11.7671 -13.124556
68.8557 6.3245 13.5452 -12.664802
69.5936 6.0215 15.3177 -12.191671
70.6128 5.6939 16.9232 -11.712205
71.846 5.1297 18.3139 -11.228504
73.446 5.6128 19.1551 -10.734896
75.1394 5.1362 19.9892 -10.233473
76.7792 5.1163 20.887 -9.738766
78.3203 5.541 21.9782 -9.243191
79.5543 6.0354 23.1887 -8.752321
80.477 6.477 24.7608 -8.271908
82.1371 6.4027 25.3832 -7.803351
83.992 6.8997 25.7174 -7.347733
85.8702 6.8251 26.0726 -6.912705
87.7509 6.7088 26.4848 -6.501583
89.6348 6.7028 26.6547 -6.117954
91.0074 6.4378 25.4152 -5.766527
92.1971 6.0461 24.0228 -5.447177
93.1627 5.5053 22.7795 -5.157941
93.4181 5.3578 20.8527 -4.909198
93.6827 5.205 18.9277 -4.705138
93.9559 5.0473 17.0042 -4.546689
94.7999 4.5071 17.8661 -4.435688
-1.9865 16.2264 -10.9822 -9.516736
-1.6114 17.3396 -11.0385 -10.426424
-1.1973 18.2526 -10.4886 -11.115233
-0.4899 18.8695 -10.968 -11.585454
0.4947 18.656 -11.4238 -11.826058
-5.9486 122.6202 -36.4545 -12.859191
-4.8563 124.4889 -38.1946 -12.382346
-3.4433 126.1431 -39.8024 -11.933081
-2.2407 128.597 -40.3971 -11.519644
-1.5188 131.295 -40.1613 -11.156389
-1.6696 134.0734 -40.2753 -10.858673
-2.517 136.7345 -40.7076 -10.643461
-3.2762 139.4376 -41.1589 -10.527693
-4.1563 142.1305 -41.3938 -10.531619
-4.9956 144.8475 -41.5126 -10.675932
-4.2109 147.46 -41.641 -10.981307
-3.9407 150.1251 -41.6099 -11.468656
-3.8535 152.9656 -41.6389 -12.155187
-3.8797 155.8081 -41.7765 -13.057036
-3.362 158.4701 -41.8809 -14.18376
-3.9026 161.1882 -41.8597 -15.536489
-4.6546 163.8938 -41.7416 -17.107705
-4.458 166.7321 -41.7051 -18.878361
-4.7248 169.4267 -41.9823 -20.821076
-5.9516 171.9513 -42.4086 -22.902194
-6.8697 174.6164 -42.5236 -25.081052
-7.1469 177.3942 -42.5991 -27.32338
-8.5483 179.5426 -43.6297 -29.600049
-9.0965 181.9163 -44.9846 -31.889824
-9.3572 184.5276 -45.8738 -34.168192
-10.3037 185.8819 -45.5629 -35.878447
-12.6165 185.7411 -44.527 -36.998488
-14.6492 185.7303 -43.1953 -38.072848
-16.2496 187.2653 -42.1906 -39.110515
-17.9145 189.1431 -41.8854 -40.118505
-19.4479 191.0685 -41.5909 -41.098442
-21.0169 192.9475 -41.0017 -42.052426
-22.4125 194.4386 -40.3024 -42.98232
-23.7068 195.9472 -39.0039 -43.888699
-25.0392 197.7028 -39.8911 -44.771297
-25.8175 200.0563 -40.2799 -45.630118
-26.6369 201.4551 -41.5533 -46.472904
-27.5289 202.2594 -40.2727 -47.297997
-29.472 203.3638 -40.3713 -48.102214
-31.4096 204.4733 -39.3932 -48.889629
-31.9894 205.4816 -37.1556 -49.66473
-32.896 206.6385 -35.2063 -50.422143
-33.7738 206.9925 -32.8727 -51.169143
-35.326 208.2821 -31.3862 -51.897208
-36.5537 210.18 -30.3332 -52.610642
-37.6503 212.1937 -29.5135 -53.311073
-38.7499 214.0475 -28.2022 -54.00088
-38.8366 216.2339 -27.1303 -54.678781
-39.8429 217.9451 -25.6872 -55.347474
-40.3547 220.3663 -25.6679 -56.004019
-9.0607 186.6005 -47.0068 -35.872222
-8.6412 188.5188 -48.1723 -36.991893
-7.9227 189.8909 -49.7878 -38.087959
-7.3389 191.2666 -51.5099 -39.157809
-6.8689 192.8579 -53.067 -40.199698
-6.5717 194.5306 -54.6272 -41.216696
-6.699 195.7688 -56.5782 -42.212581
-6.6007 197.3796 -57.9455 -43.182777
-5.361 198.4457 -59.4593 -44.133721
-4.0706 199.0919 -61.2062 -45.066191
-2.56 200.3359 -61.9713 -45.975179
-1.1767 202.1203 -62.473 -46.865263
0.1257 203.765 -63.1817 -47.738549
0.5779 205.9809 -62.9411 -48.596102
1.7705 207.8999 -62.7909 -49.440686
1.7806 210.0234 -63.3852 -50.27234
1.251 212.0868 -62.5412 -51.093133
0.3882 214.2228 -62.3899 -51.901657
-0.4598 216.2968 -62.9067 -52.699986
-1.2479 218.4121 -63.4146 -53.48923
-2.0973 220.5416 -63.7457 -54.26962
-3.4118 222.4275 -63.923 -55.042289
-5.2388 223.8332 -64.0726 -55.808589
-7.0057 225.2983 -64.337 -56.567885
-8.1122 227.0393 -64.9339 -57.321519
-8.3675 229.0243 -65.402 -57.876165
-8.7031 230.7886 -65.6689 -58.234014
-9.2813 232.5101 -65.8231 -58.585721
-9.2237 228.2929 -64.8468 -57.891928
-10.9382 228.5001 -64.259 -58.27446
-12.6565 228.7042 -63.682 -58.642151
-25.5183 124.0162 -29.3962 -12.01993
-26.4756 125.8583 -28.1987 -11.471682
-27.6755 127.8327 -27.6028 -10.924748
-27.9279 128.8492 -29.077 -10.385094
-28.5728 129.8586 -27.39 -9.854432
-29.4951 131.5172 -26.0388 -9.343503
-30.3172 133.5583 -25.0126 -8.856785
-30.9903 134.755 -23.0132 -8.406125
-31.8576 136.0757 -21.167 -7.998222
-32.9249 137.8539 -19.8699 -7.642528
-34.7749 138.8966 -19.3111 -7.35353
-36.3176 139.9122 -18.0849 -7.141382
-37.4604 141.3871 -16.8864 -7.016862
-38.6623 143.1941 -16.0632 -6.992991
-40.1691 144.5551 -14.9429 -7.084477
-41.2877 146.3296 -14.9203 -7.301361
-42.5778 148.1549 -14.027 -7.655121
-43.9866 149.9737 -13.1872 -8.15484
-45.0144 151.7833 -12.0503 -8.80781
-45.5532 153.8159 -10.8393 -9.617027
-46.3861 156.0367 -10.2537 -10.581081
-46.9837 158.3901 -9.9517 -11.693537
-47.8117 160.6751 -9.7756 -12.947635
-49.0447 162.6915 -9.706 -14.327343
-50.015 164.9082 -9.8518 -15.814345
-51.5234 166.8379 -9.9384 -17.38871
-52.9161 168.8061 -9.9279 -19.026009
-54.0733 170.9215 -9.7859 -20.703995
-55.7453 172.652 -9.5467 -22.400977
-57.6094 174.1497 -9.6472 -24.097517
-59.246 175.273 -8.9172 -25.778116
-60.6519 176.3429 -7.7572 -27.427005
-61.8971 178.3631 -7.4187 -29.031344
-62.7492 180.6081 -7.5045 -30.587815
-63.9736 182.7158 -7.7021 -32.0894
-65.2308 184.8141 -7.6187 -33.533947
-66.7492 186.7003 -7.6491 -34.921416
-68.417 188.4651 -7.7574 -36.253724
-69.4591 190.6092 -7.7695 -37.528541
-69.6776 192.1396 -9.5531 -38.756692
-70.6232 193.0213 -8.854 -39.949783
-70.9662 193.1386 -6.4297 -41.094784
-71.4596 193.5338 -4.0639 -42.191586
-72.1758 195.2071 -3.9513 -43.232033
-73.6159 196.7389 -5.1111 -44.230915
-74.8609 198.522 -6.148 -45.190165
-75.7426 199.5734 -7.6936 -46.116043
-75.3694 199.5725 -10.1146 -47.024675
-74.4019 199.6256 -11.6143 -47.887956
-73.8016 200.0979 -9.3728 -48.721679
-74.5843 201.3776 -7.8285 -49.52083
-75.66 202.8847 -6.3385 -50.290544
-76.7569 204.7933 -5.2692 -51.030918
-77.7876 206.5222 -4.0466 -51.746025
-78.7815 208.5213 -3.0989 -52.433318
-29.3228 87.5393 7.4141 -3.503353
-29.9005 87.4969 9.1019 -3.195549
-30.4781 87.4545 10.7898 -2.964702
-31.0558 87.4122 12.4776 -2.817928
-32.2782 87.1841 13.3671 -2.761864
-33.8866 86.6278 13.8875 -2.804485
-35.2533 87.1539 14.4242 -2.952249
-35.8481 87.8038 15.3321 -3.216101
-36.8463 86.9864 16.4788 -3.609431
-38.3951 86.3544 16.7879 -4.133968
-40.0436 86.842 16.4412 -4.79141
-41.676 86.6973 15.7688 -5.589946
-43.0795 86.67 14.6822 -6.525479
-44.7397 86.6061 14.8133 -7.593894
-46.2784 86.3685 14.6265 -8.788785
-47.931 85.969 14.7511 -10.097363
-49.3382 85.0184 15.2541 -11.508424
-51.0157 84.5548 15.4912 -13.002475
-52.76 84.3802 15.7377 -14.556794
-54.4766 84.1118 16.1326 -16.156024
-56.1575 83.722 16.5614 -17.783942
-57.6854 83.1665 17.2616 -19.421618
-59.449 83.0129 17.2864 -21.04534
-61.2047 83.1213 17.0316 -22.641318
-62.4985 83.4162 16.057 -24.202452
-64.2493 83.561 15.9695 -25.716866
-65.9938 83.4285 15.6473 -27.178221
-67.7202 83.5173 15.2308 -28.577373
-69.055 83.036 14.2322 -29.913599
-69.8653 82.2066 12.9383 -31.183639
-71.0115 81.258 11.9738 -32.382484
-72.4278 80.4398 11.5445 -33.512567
-73.698 79.222 11.6667 -34.570888
-74.8344 77.8746 11.8888 -35.555597
-76.1909 76.8138 12.1994 -36.473842
-77.7152 76.0674 12.6693 -37.321558
-79.2241 75.3783 13.2714 -38.099141
-80.5771 74.3384 13.7242 -38.80907
-81.948 73.2954 14.1285 -39.450758
-83.3128 72.1963 14.4348 -40.023367
-84.2563 70.7511 14.49 -40.529784
-85.9688 70.3467 14.3507 -40.964935
-87.6869 70.083 14.43 -41.329805
-89.1236 69.3762 14.9056 -41.626431
-90.0942 69.1674 16.3612 -41.851148
-91.4773 68.4273 17.0893 -42.004042
-93.1744 68.4543 17.5737 -42.080498
17.4714 115.5383 -32.7054 -4.199589
18.7181 116.515 -32.6736 -3.590629
19.4474 117.9165 -32.6863 -2.990172
20.2746 119.2604 -32.6312 -2.399647
21.0837 120.5882 -32.4636 -1.82372
21.7758 121.9988 -32.2416 -1.264761
22.3094 123.4582 -32.1155 -0.724342
23.1409 124.8071 -32.0128 -0.206321
23.9385 126.1782 -31.9172 0.28891
25.0849 127.2066 -31.902 0.754899
25.7601 127.3047 -33.2559 1.194072
26.628 127.211 -34.5602 1.603566
27.4583 127.1967 -35.7592 1.978762
28.395 127.5305 -34.6253 2.320782
29.5644 128.205 -33.8463 2.627829
30.5696 128.6374 -32.8152 2.901083
32.0051 129.043 -32.2921 3.139358
33.4128 129.4399 -31.6761 3.344001
34.7649 130.0848 -31.1622 3.516975
36.07 130.7044 -30.5266 3.659404
37.2954 130.2845 -29.7509 3.77045
38.6668 129.8544 -29.4393 3.854433
40.0959 129.824 -28.9371 3.914363
41.6596 129.7812 -29.1527 3.951868
43.163 129.7557 -29.5887 3.969124
37.3605 97.6671 -24.1386 -3.703299
38.5247 98.3419 -23.3011 -3.158283
39.4075 98.7958 -22.0704 -2.623238
39.7833 99.3954 -20.6642 -2.10073
39.86 99.407 -19.0804 -1.590318
40.1939 99.8932 -18.7303 -1.10435
40.4963 100.318 -20.2174 -0.635922
41.4643 101.4944 -20.1061 -0.192248
42.3976 102.7119 -19.7798 0.225583
43.1049 104.0833 -19.5568 0.617095
44.0865 105.3182 -19.6544 0.977705
44.7899 106.7249 -19.7113 1.308151
45.9094 107.8469 -19.694 1.605285
47.0015 108.9935 -19.6267 1.870016
47.4874 110.1272 -19.5101 2.108492
47.4694 110.2183 -21.0953 2.331105
47.4514 110.3094 -22.6805 2.512331
47.4334 110.4005 -24.2657 2.653456
47.4153 110.4915 -25.8509 2.755837
47.3973 110.5826 -27.4361 2.821382
47.3793 110.6737 -29.0213 2.852499
-43.1464 107.2097 -8.6051 -1.755575
-44.2349 108.3552 -9.2701 -1.65247
-45.5183 109.1815 -10.1573 -1.631376
-46.5455 110.332 -10.9218 -1.700345
-47.6198 111.4497 -11.7523 -1.869593
-48.7733 112.6103 -11.9929 -2.147582
-49.0763 114.3515 -11.8794 -2.541389
-49.3422 116.0762 -11.586 -3.057679
-49.7822 117.0822 -10.2937 -3.705527
-50.4256 118.2912 -9.1739 -4.483843
-50.9978 119.2379 -7.7863 -5.39516
-51.2625 120.0244 -6.2601 -6.438338
-51.6654 121.1492 -4.9912 -7.598998
-51.9476 122.7357 -4.2703 -8.871925
-52.5998 124.2212 -3.6393 -10.24539
-53.274 125.7541 -3.0637 -11.70205
-53.9887 127.1954 -2.3704 -13.228376
-53.963 128.1021 -0.9245 -14.824472
-54.6255 128.6873 -0.6995 -16.461004
-55.0557 128.8462 -2.4173 -18.120762
-55.7093 129.6088 -3.8029 -19.761541
-56.3904 130.5701 -3.4395 -21.3881
-57.2397 131.7558 -2.5815 -22.988367
-57.7383 132.4193 -1.0375 -24.566939
-58.1997 132.8604 0.5026 -26.093205
-59.135 134.2149 0.2827 -27.558598
-59.5411 135.9385 0.3726 -28.962453
-60.3211 137.5272 0.4547 -30.304811
-61.5615 138.7924 0.4272 -31.58337
-62.8427 140.0202 0.4049 -32.800195
-63.9756 141.337 0.4784 -33.951625
-65.5415 142.0698 0.6041 -35.040883
-66.8201 143.3029 0.6105 -36.065645
-67.9523 144.6731 0.6097 -37.053244
-69.0106 146.0943 0.6091 -37.958567
-69.7753 147.6531 0.6561 -38.796422
-69.9859 148.4831 2.1055 -39.582671
-70.4429 149.3779 3.3991 -40.305629
-71.6135 150.4383 2.691 -40.967555
-72.4835 151.5429 1.7355 -41.570409
-72.9227 152.8592 2.7049 -42.115811
-72.5877 154.4469 3.3601 -42.601391
-73.0119 156.1489 3.5593 -43.028655
-73.1545 157.8864 3.5882 -43.396398
-74.1953 159.319 3.6169 -43.70523
-74.932 160.9303 3.7174 -43.953672
-75.2192 162.6661 3.8423 -44.140329
-75.4158 163.3004 5.1393 -44.270089
-75.4017 163.5667 6.8972 -44.33624
-50.1374 90.531 -23.3634 -1.355252
-51.2673 90.8857 -22.5511 -1.305497
-52.7159 91.6607 -23.1098 -1.346015
-54.0702 92.6015 -23.357 -1.487033
-55.4386 93.0469 -22.4458 -1.739237
-56.998 93.6059 -21.9041 -2.10967
-58.5673 94.2413 -21.5078 -2.605134
-59.4515 94.8578 -20.2839 -3.235704
-60.3751 95.9904 -19.3491 -3.993068
-61.639 96.317 -18.2753 -4.887863
-62.5765 96.8459 -17.7339 -5.913189
-63.9654 97.6322 -17.7098 -7.065401
-65.6166 98.1559 -17.9424 -8.333774
-67.3141 98.5251 -18.0363 -9.707678
-68.9906 98.999 -17.9141 -11.165703
-70.4527 99.8368 -17.5623 -12.696737
-71.8636 100.5751 -16.8437 -14.280093
-73.2945 101.1084 -16.0241 -15.897044
-74.8032 101.5319 -15.3155 -17.530665
-76.2937 102.0431 -14.7677 -19.162733
-76.9439 103.3194 -13.9021 -20.77697
-77.7853 104.5384 -13.0235 -22.360321
-79.1174 105.4827 -13.5256 -23.897896
-80.5678 106.3785 -13.889 -25.384675
-81.9123 107.4474 -14.0602 -26.806285
-82.892 108.884 -14.1362 -28.16491
-83.7902 110.3676 -14.0768 -29.456273
-84.9748 111.6284 -13.8567 -30.673091
-86.2002 112.6963 -13.3076 -31.822152
-87.0479 113.9279 -12.479 -32.896722
-87.7411 115.4304 -11.9657 -33.893452
-88.823 116.6812 -11.5653 -34.816056
-89.4834 118.0465 -10.8065 -35.664777
-90.0558 119.4566 -9.9504 -36.439485
-90.8226 120.9302 -9.4429 -37.13776
-91.9586 122.2396 -9.3374 -37.760655
-92.8888 123.6775 -9.6286 -38.308636
-93.6083 125.2344 -9.9613 -38.781286
-94.4583 126.6908 -10.3334 -39.177679
-95.6371 127.179 -11.2403 -39.501458
-96.5223 128.3643 -11.7434 -39.744283
-97.3565 129.8343 -11.9607 -39.906401
-98.0187 131.4271 -12.0082 -39.986556
-44.8397 82.3848 -0.1022 -1.259193
-45.6858 82.6745 1.4762 -1.561216
-47.0854 83.466 2.0376 -1.971056
-47.9154 84.1261 0.6038 -2.500453
-48.4536 84.4912 -1.1078 -3.150991
-49.4629 84.7481 -2.3216 -3.925921
-50.8487 85.4683 -2.9272 -4.827384
-51.3634 86.2483 -4.138 -5.862292
-51.1604 85.8865 -5.9031 -7.018576
-51.4147 86.3329 -4.63 -8.290469
-51.3753 86.9211 -3.2026 -9.655162
-51.6511 88.546 -2.6095 -11.104281
-52.0008 89.4665 -3.9264 -12.643147
-52.6137 90.8015 -4.1725 -14.234212
-53.4473 92.4123 -3.9386 -15.869988
-53.8653 94.1635 -3.6555 -17.533275
-53.9519 95.9277 -3.215 -19.209837
-54.3051 97.4953 -2.5507 -20.886219
-54.5625 98.6898 -1.1952 -22.544108
-54.547 99.8234 0.1762 -24.180421
-54.2907 100.3598 1.9096 -25.788416
-54.7709 101.2087 3.4194 -27.343081
-54.4328 101.9413 3.8933 -28.846901
-53.0212 101.1678 3.092 -30.304635
-52.5222 101.109 4.5528 -31.718814
-54.1846 101.7537 4.4499 -33.07131
-55.6576 102.8136 4.5394 -34.369611
-56.499 104.3974 4.7059 -35.615908
-56.8786 106.1716 4.8788 -36.812357
-56.4546 107.8733 4.5587 -37.959359
-55.6814 109.1098 4.4339 -39.070158
-55.7928 109.3656 6.2457 -40.156399
-56.2213 109.7146 7.7986 -41.174698
-55.5336 111.171 7.9788 -42.146813
-57.2605 111.7016 8.1166 -43.078487
-58.1121 113.2561 8.4551 -43.969243
-58.5985 114.919 9.0311 -44.82219
-59.6859 116.036 9.8099 -45.636016
-59.434 116.5435 10.5662 -46.418038
-59.3051 118.1105 11.4366 -47.16103
-59.9415 119.6907 12.0733 -47.871418
-60.8614 121.156 12.3489 -48.546667
-61.607 122.4945 11.39 -49.191209
-62.1797 124.0961 10.8491 -49.801243
-62.6253 125.8486 10.8404 -50.377777
-62.2188 127.4063 11.6395 -50.922419
-61.8461 129.0333 12.3882 -51.434488
-62.5327 130.6886 12.3999 -51.914217
-62.936 132.4579 12.2088 -52.362357
-63.3234 134.2117 11.8803 -52.779178
-63.6303 135.945 11.5157 -53.163415
-63.951 136.5199 9.8435 -53.520788
-64.1784 137.2406 8.1925 -53.843592
-64.0694 138.3872 6.7995 -54.130632
-64.3697 140.0086 6.0583 -54.383371
-64.8732 141.6033 5.322 -54.601233
-65.5178 142.5596 4.0703 -54.786514
-65.7682 143.1976 5.3492 -54.937177
-66.7186 144.3442 5.8832 -55.049605
-67.5125 145.9488 6.0337 -55.123387
-68.2142 147.6123 6.0332 -55.158555
-36.2134 93.2108 29.5751 -0.001543
-36.6635 94.7733 29.8902 -0.401815
-36.9263 96.2364 30.4302 -0.914742
-37.1622 97.773 30.8495 -1.543721
-37.5529 99.3568 31.1525 -2.289953
-37.9173 100.9487 31.3678 -3.147861
-38.3971 102.525 31.406 -4.11773
-38.3118 104.182 31.3802 -5.187626
-38.3833 105.841 31.3619 -6.349715
-38.5184 107.493 31.3513 -7.593132
-38.1793 109.1047 31.3065 -8.903738
-37.694 110.6348 31.1726 -10.262461
-37.4366 112.1749 31.1742 -11.658305
-36.4341 113.3684 31.2349 -13.077299
-35.2673 114.4885 31.1966 -14.496481
-35.1913 116.0244 31.322 -15.90071
-36.1323 117.264 31.8032 -17.278572
-36.1013 118.8174 31.8898 -18.615651
-35.2737 120.1279 31.585 -19.898881
-34.1912 121.3196 31.36 -21.119964
-33.7141 122.9011 31.2289 -22.263943
-33.0667 124.4147 31.1658 -23.328885
-32.8786 126.0601 31.1275 -24.305207
-32.0835 127.4884 31.1247 -25.188068
-31.8296 129.12 31.1246 -25.974423
-31.1422 130.5851 30.9859 -26.658622
-30.3228 131.8477 30.3079 -27.239045
-29.6856 132.4849 28.9766 -27.713523
-29.0719 133.0333 27.5676 -28.075795
-28.0844 133.7856 27.8775 -28.319927
-27.152 134.469 28.6173 -28.44304
68.8569 88.73 19.5506 -1.028961
69.4626 89.4871 18.5505 -0.779459
69.8694 90.2922 17.5312 -0.599849
70.1133 90.9732 19.0619 -0.497581
70.2522 92.4115 19.6157 -0.47939
70.8156 93.9888 19.8859 -0.55447
70.9233 95.5529 19.5992 -0.730577
71.3862 97.0655 19.4044 -1.012964
72.5006 98.2929 19.6588 -1.406477
72.7344 99.9408 19.94 -1.913423
72.932 101.5833 19.995 -2.535035
72.4313 103.198 19.9089 -3.269568
71.8799 104.7873 20.0008 -4.109246
71.5282 106.416 19.8144 -5.050265
71.2624 108.037 19.4849 -6.080002
70.3107 109.3594 19.2993 -7.183161
69.2896 110.7156 19.219 -8.346606
68.8552 112.3448 19.1576 -9.552193
68.8224 113.8606 18.9579 -10.783431
69.0085 114.8834 18.0264 -12.029622
68.8524 116.0924 16.8932 -13.265899
69.7271 117.2159 15.9694 -14.477514
70.0973 118.581 15.0882 -15.64382
70.8674 119.2691 13.939 -16.76162
70.3855 118.9765 13.515 -17.806956
69.9666 118.6726 13.3866 -18.77958
70.2125 118.847 11.7059 -19.6712
70.4357 118.9096 10.8982 -20.444516
70.1867 118.7318 12.5649 -21.116188
69.521 118.6003 13.8778 -21.658729
69.0153 119.2849 13.1332 -22.0713
69.8993 119.8704 11.9133 -22.352731
70.2963 119.9515 10.2866 -22.497283
95.5228 3.6634 18.9207 -4.382687
95.9521 3.5018 19.9853 -4.356617
96.3294 3.3373 21.069 -4.344462
-41.3421 222.5153 -25.6062 -56.608372
-42.702 224.1478 -25.2091 -57.167763
-44.2458 225.1088 -24.0553 -57.726007
-45.8189 226.0665 -23.0056 -58.280649
-47.3319 227.1224 -21.9872 -58.831681
-48.8138 228.7344 -21.8003 -59.37789
-50.1281 230.4969 -21.9165 -59.920494
-51.8278 231.7383 -22.0527 -60.461698
-52.8158 233.6774 -22.1145 -60.998608
-53.0724 235.6787 -22.1684 -61.407069
-53.6815 237.6012 -22.215 -61.686092
-54.8336 239.2327 -22.1693 -61.960981
-55.9455 240.9107 -22.1307 -62.23092
-56.8959 242.6769 -22.2538 -62.496006
-57.6448 244.0732 -23.1351 -62.757729
-57.9004 245.3567 -24.6431 -63.015067
-58.5973 247.0318 -25.4177 -63.266351
-59.3933 248.8468 -25.6686 -63.512551
-60.5485 250.492 -25.7129 -63.75459
-62.0102 251.8694 -25.795 -63.99288
-63.5819 251.7041 -25.7766 -64.230659
-65.1861 252.5294 -25.4878 -64.46164
-66.5361 253.7075 -24.6451 -64.687251
-67.4482 255.4346 -24.2826 -64.907152
-68.0616 257.3349 -24.0645 -65.122227
-69.279 258.781 -24.0213 -65.333944
-70.6709 260.1778 -24.061 -65.541708
-71.4436 262.0159 -24.0595 -65.744005
-72.8554 263.4363 -23.888 -65.943045
-74.3055 264.6952 -23.3614 -66.138197
-75.6104 266.0079 -22.6232 -66.329224
-76.4194 267.7709 -22.2236 -66.51539
-77.0046 269.6763 -21.989 -66.69698
-77.6943 271.5617 -21.8675 -66.87449
-78.0414 273.5421 -21.7862 -67.047911
-78.9873 275.301 -21.7403 -67.218005
-80.3424 276.7952 -21.6879 -67.384878
-81.6546 278.3163 -21.6068 -67.547781
-83.1583 279.5974 -21.7854 -67.707503
-84.8953 280.6045 -21.8472 -67.864347
-86.7025 281.4584 -21.6828 -68.018015
-87.8751 282.8646 -21.0904 -68.166744
-89.4892 283.7967 -20.5891 -68.313222
-91.1007 284.9601 -20.5677 -68.455395
-92.4107 286.2858 -21.1453 -68.594002
-94.0557 286.9976 -21.9919 -68.730699
-95.7101 288.0996 -22.2545 -68.863085
-97.3406 289.2852 -22.2657 -68.991899
-98.976 289.9877 -22.9029 -69.11887
-100.2796 290.7986 -23.6291 -69.242458
-101.4799 291.8038 -22.4899 -69.362595
-103.036 292.9887 -22.0284 -69.479066
-104.6892 294.1312 -21.8834 -69.592622
-106.3559 295.2232 -22.151 -69.703395
-107.8941 296.3493 -22.6692 -69.811105
-109.1385 297.4951 -23.597 -69.916086
-110.8652 298.494 -23.4597 -70.018465
-112.4721 299.5248 -23.016 -70.118169
-113.8772 300.6139 -22.2042 -70.215012
-115.339 301.8994 -21.8314 -70.308691
-116.6463 303.427 -21.784 -70.399089
-117.9037 305.0024 -21.8441 -70.486882
-119.0254 306.6607 -22.003 -70.572084
-119.7365 308.5266 -22.2827 -70.654275
-120.0458 309.7921 -21.1758 -70.736165
-120.3335 310.3959 -19.2752 -70.817184
-120.8092 311.2425 -17.5331 -70.89518
-121.3861 312.9361 -16.6595 -70.968642
-122.3666 314.5966 -16.303 -71.039782
-123.445 316.2788 -16.4754 -71.108901
-124.5125 317.8962 -16.7048 -71.176004
-124.8879 318.6378 -14.9021 -71.243826
-124.9811 319.1413 -12.9496 -71.31031
-125.2786 319.7061 -11.0358 -71.374635
-125.7833 320.5605 -9.2875 -71.435947
-126.7853 321.2272 -7.7186 -71.495778
-128.1198 321.7372 -6.5853 -71.554291
-129.5338 322.6762 -5.6435 -71.609811
-130.8033 322.8583 -4.1103 -71.665682
-132.3486 322.5617 -2.9424 -71.721016
-133.5223 321.7567 -2.2514 -71.775999
-134.4075 321.0203 -3.7194 -71.829162
-136.141 320.0633 -3.704 -71.881223
-137.9234 319.2453 -3.5128 -71.931355
-139.8153 319.4438 -3.03 -71.977797
-141.7336 319.7231 -2.5415 -72.022065
-143.2992 318.8382 -1.8198 -72.06777
-143.6324 318.198 -3.1912 -72.111571
-144.6494 318.183 -2.5451 -72.152369
-145.6029 318.7473 -1.0864 -72.190092
-147.1116 319.1677 -0.0827 -72.226795
-149.0143 318.6505 0.3041 -72.264614
-150.835 317.9416 0.6531 -72.301568
-152.6003 318.3043 1.3039 -72.334378
-154.255 319.2248 1.8195 -72.364397
-156.1347 319.0641 1.3765 -72.39599
-157.9479 318.8394 0.6505 -72.42649
-159.8193 318.2421 0.4855 -72.456782
-161.6982 318.4908 0.8126 -72.483594
-163.3502 318.4678 1.946 -72.509937
-164.7917 318.8721 3.1901 -72.533992
-166.0348 318.4651 4.5448 -72.558977
-167.2051 317.7036 5.9108 -72.583725
-168.6856 318.3603 6.972 -72.603588
-170.5746 318.3686 7.6324 -72.624011
-172.4422 318.8037 8.0573 -72.642149
-173.7745 319.4811 7.41 -72.658592
-175.2708 319.8181 6.8918 -72.674772
-176.3866 321.0401 7.8064 -72.687512
-178.1084 321.388 8.4289 -72.701459
-179.8667 322.3331 8.1901 -72.712704
-181.7338 322.9719 7.9865 -72.723644
-183.2047 324.2061 7.6173 -72.731922
-184.6529 324.5109 6.7583 -72.74153
-186.4765 324.882 7.4149 -72.749858
-188.3601 325.5005 7.7542 -72.756404
-190.207 326.2741 7.8586 -72.761421
-191.8555 326.4884 7.2737 -72.766771
-192.3011 326.2807 5.3327 -72.772156
-192.4569 326.3027 3.3202 -72.775853
-192.6127 326.3246 1.3078 -72.778294
-192.7684 326.3466 -0.7047 -72.779485
-53.5618 234.7518 -22.4056 -61.420396
-55.3696 234.7358 -22.9279 -61.722657
-57.1775 234.7198 -23.4502 -62.01541
-58.9758 234.7413 -23.9753 -62.298718
-60.5834 235.6616 -24.1049 -62.573055
-62.2107 236.6032 -24.0421 -62.842958
-63.9306 237.3539 -24.0447 -63.10803
-65.5569 238.2591 -24.1396 -63.368373
-67.3063 238.9314 -24.1596 -63.623902
-68.8366 239.9978 -24.0522 -63.874127
-70.5332 240.314 -23.7713 -64.121334
-72.1779 239.7124 -23.3677 -64.366298
-73.9055 239.067 -23.0743 -64.606537
-75.764 238.9129 -23.0612 -64.840777
-77.5069 238.4311 -23.4834 -65.071318
-79.2728 238.5078 -23.5052 -65.29574
-81.0101 239.1307 -23.2489 -65.514213
-82.8258 239.4159 -22.9537 -65.728845
-84.5254 239.9346 -22.4418 -65.938258
-86.2406 240.0396 -21.7161 -66.144515
-87.8568 239.8217 -20.9364 -66.347089
-89.3552 239.6723 -19.8507 -66.545222
-90.7771 239.8281 -18.7653 -66.738111
-92.3262 239.5258 -18.0598 -66.927864
-94.0855 240.1028 -17.7873 -67.110808
-95.877 240.5966 -17.5579 -67.289724
-97.6988 241.0591 -17.507 -67.46469
-99.53 241.4724 -17.4393 -67.635461
-101.2527 242.1681 -17.1773 -67.801453
-102.8299 242.815 -16.4434 -67.963416
-104.4569 243.5931 -15.9937 -68.120778
-106.2956 243.7075 -16.104 -68.27619
-107.1732 243.8399 -14.6775 -68.428637
-108.3872 244.3725 -13.7017 -68.575435
-109.3454 245.4642 -12.5807 -68.716803
-110.5466 246.5332 -11.6213 -68.854611
-112.0874 247.1 -10.9503 -68.989813
-112.6927 248.1713 -9.7197 -69.120529
-113.85 248.7857 -8.6033 -69.248688
-114.9422 250.1535 -8.2414 -69.371199
-115.3929 251.8689 -7.6387 -69.489308
-116.4822 252.9605 -6.8157 -69.605353
-117.371 253.2374 -5.1806 -69.720311
-118.358 253.8356 -3.7152 -69.83093
-119.4595 254.4678 -2.3971 -69.937897
-120.9563 255.2641 -1.6822 -70.041271
-122.5163 255.9458 -1.0086 -70.141571
-123.9831 256.9071 -0.452 -70.237948
-124.7954 257.8348 0.9161 -70.33126
-125.65 259.0549 2.0473 -70.4206
-126.8265 260.4562 2.1583 -70.506472
-128.2898 261.2032 2.616 -70.59118
-129.0334 261.3894 4.2611 -70.674579
-129.2473 261.2649 6.1105 -70.758538
-129.4022 261.1437 7.9821 -70.838234
-129.5576 261.0229 9.8536 -70.913749
-129.7512 260.9235 11.7229 -70.988191
-129.9463 260.825 13.592 -71.058983
-130.1515 260.7135 15.4586 -71.125874
-130.5488 260.346 17.2477 -71.190543
-131.604 259.0778 18.099 -71.254442
-132.4067 258.2916 19.5872 -71.314354
-133.3932 257.3081 20.8241 -71.372006
-133.8044 256.3522 22.376 -71.426781
-134.6418 255.2368 23.5911 -71.479236
-135.4197 253.8392 24.4892 -71.529684
-135.7 253.4829 26.3153 -71.574838
-136.3101 252.641 27.7577 -71.618367
-136.3201 251.3179 26.4825 -71.660373
-136.8701 249.6435 26.0944 -71.700615
-137.7175 248.1362 25.6627 -71.737602
-137.6045 246.4619 25.1316 -71.77213
-137.2893 245.0053 24.2243 -71.803222
-136.6215 243.4615 23.4192 -71.831747
-135.6446 241.9497 22.8735 -71.857589
-135.3758 240.4199 22.4018 -71.880256
-136.1869 239.3032 23.0344 -71.898868
-136.341 238.0644 24.2021 -71.914776
-136.433 236.6369 25.3143 -71.928106
-136.6008 234.8539 25.6617 -71.939234
-137.1474 233.4458 25.0869 -71.946197
-10.2537 234.1313 -65.7936 -58.953449
-11.9535 235.2244 -65.4206 -59.339159
-13.2513 236.4124 -64.5554 -59.718918
-13.9825 238.2182 -64.0036 -60.091864
-13.9675 239.4333 -65.1657 -60.462134
-14.1745 240.8047 -66.5759 -60.825707
-14.74 242.3781 -67.763 -61.183485
-15.0167 243.3075 -69.5586 -61.538524
-14.9973 244.3966 -71.2899 -61.88728
-15.4806 245.6013 -72.6631 -62.230423
-16.6681 247.206 -72.2066 -62.567221
-17.3029 249.0449 -71.7718 -62.898626
-18.6676 250.382 -71.3338 -63.226165
-19.6799 251.0982 -72.0439 -63.550513
-20.4939 252.2385 -73.4165 -63.869376
-21.5912 252.7618 -72.8895 -64.144535
-21.9596 252.8176 -71.2713 -64.373644
-22.6797 254.2973 -71.5196 -64.594597
-23.6039 255.7577 -72.0067 -64.811238
-24.5721 257.236 -72.2298 -65.023783
-26.0105 258.3101 -72.2446 -65.233381
-27.3761 259.4599 -72.2196 -65.438768
-28.9516 260.3257 -72.2375 -65.643269
-30.5102 261.2195 -72.2945 -65.841176
-31.595 262.5637 -72.7018 -66.033822
-32.6547 263.9941 -72.7006 -66.22241
-33.5598 265.5319 -72.4801 -66.406763
-34.5952 266.9872 -72.4053 -66.587493
-35.2782 268.5959 -72.3691 -66.764419
-36.5462 269.7783 -72.1737 -66.938287
-37.8737 270.872 -71.8225 -67.10866
-38.8876 272.2418 -71.3145 -67.274659
-39.6217 273.7558 -70.7585 -67.436703
-40.6535 274.9959 -70.0158 -67.595818
-42.0534 275.9829 -69.5331 -67.75224
-43.5846 276.8719 -69.3005 -67.905147
-45.0655 277.8565 -69.4958 -68.054587
-45.946 279.1186 -68.7677 -68.199842
-45.8345 280.5644 -67.9551 -68.341385
-46.196 282.2235 -68.3906 -68.478996
-46.2456 283.784 -69.1293 -68.613616
-45.9356 284.9029 -69.4775 -68.746365
-46.3572 283.3243 -69.8414 -68.883409
-47.6385 284.0096 -69.6263 -69.012042
-47.8598 285.27 -68.7781 -69.135604
-47.9763 286.6481 -67.6615 -69.255985
-48.0018 287.8134 -66.394 -69.374111
-49.296 287.3623 -65.4888 -69.493577
-50.1432 286.6731 -64.1653 -69.6106
-50.2434 286.1704 -62.4405 -69.724821
-51.2742 284.9264 -61.8207 -69.837739
-52.8421 284.4426 -61.0987 -69.945996
-53.9107 283.6653 -60.0279 -70.052318
-54.752 283.3629 -58.5184 -70.155034
-55.6511 282.4981 -57.2933 -70.256329
-56.6242 281.93 -56.0196 -70.354139
-57.9991 281.9695 -54.8908 -70.448003
-59.0837 282.3361 -53.8941 -70.538438
-60.0943 282.1643 -52.7677 -70.628005
-61.4419 281.5155 -51.8651 -70.716239
-62.8626 280.827 -51.0501 -70.802272
-64.2795 280.6349 -50.0042 -70.884669
-65.804 280.5238 -49.0693 -70.964506
-66.7885 280.054 -47.7484 -71.043251
-67.9789 279.2336 -46.7905 -71.120726
-68.6552 278.446 -45.3481 -71.196002
-69.0138 277.9753 -43.6489 -71.268355
-69.4167 276.9949 -42.4398 -71.339852
-69.8247 275.5947 -42.5008 -71.410493
-70.268 276.0815 -42.6582 -71.474161
-70.9242 276.409 -41.0457 -71.536745
-71.4032 276.5871 -39.3203 -71.59747
-72.2724 276.7647 -38.0281 -71.656109
-73.2041 276.1685 -36.6914 -71.714938
-74.2918 275.5936 -35.4399 -71.771806
-75.425 274.8456 -34.2803 -71.827378
-76.9255 274.2886 -33.5609 -71.880632
-77.3251 274.3933 -31.9623 -71.930429
-77.3839 274.0953 -31.6173 -71.980023
-77.9259 274.1693 -30.1943 -72.02681
-79.5493 274.0847 -29.6223 -72.07223
-80.9279 274.149 -28.5263 -72.115637
-82.1503 274.2888 -27.2947 -72.157134
-83.1333 274.5631 -25.8399 -72.196741
-83.3586 274.0993 -24.1212 -72.236807
-83.4086 273.3363 -22.4949 -72.275991
-83.5601 272.816 -20.7795 -72.313122
-83.7705 272.4678 -19.0265 -72.348295
-84.0593 272.0789 -17.2937 -72.381944
-84.2893 271.7437 -15.5414 -72.414024
-84.9661 271.1706 -14.2656 -72.445069
-86.4465 270.5588 -13.5443 -72.474696
-87.5224 269.4821 -12.7644 -72.504076
-88.5863 270.2836 -13.3628 -72.527052
-89.344 271.7765 -13.8414 -72.546788
-90.7295 272.8654 -14.017 -72.566471
-92.0012 274.1345 -14.1202 -72.58409
-93.0728 275.5655 -14.188 -72.599666
-94.4803 276.5793 -14.1262 -72.614902
-96.2029 276.3016 -13.7358 -72.632079
-97.8612 276.4416 -13.1634 -72.646724
-99.2225 277.2086 -12.3487 -72.658274
-100.7724 276.7787 -11.5881 -72.671536
-102.4856 276.8416 -11.2384 -72.682037
-104.2435 277.0799 -11.3594 -72.690613
-105.8758 277.7134 -11.5089 -72.69666
-106.978 278.2571 -10.6069 -72.701457
-108.7214 278.4008 -10.5748 -72.705773
-110.1714 278.7473 -11.3411 -72.708021
-111.6618 279.6815 -11.4564 -72.707162
-21.5015 253.5088 -73.309 -64.075987
-22.5942 254.3623 -72.684 -64.167661
-23.4363 255.5756 -72.2611 -64.24995
-23.7952 256.2196 -73.6016 -64.325641
-24.1958 256.9175 -74.8973 -64.391895
-24.5102 257.2028 -76.431 -64.450434
-25.2575 257.9568 -77.5755 -64.498083
-25.9832 258.9049 -78.6121 -64.535789
-26.7351 259.8964 -79.3372 -64.563616
-27.7754 261.0706 -79.3699 -64.581095
-28.1276 262.1418 -78.3341 -64.588676
-14.415 228.9869 -63.4499 -58.995048
-16.1331 229.4489 -63.5343 -59.337632
-17.7421 230.1331 -63.7219 -59.673937
-19.4067 230.7023 -63.8399 -60.004265
-20.8995 231.6241 -63.8754 -60.327436
-22.4197 232.5434 -63.927 -60.64487
-23.9779 232.9794 -64.5409 -60.95737
-25.5926 233.2447 -65.0739 -61.264915
-27.3372 233.3731 -65.393 -61.566437
-29.108 233.4677 -65.4659 -61.861994
-30.8642 233.5427 -65.402 -62.151595
-32.3482 234.4256 -65.4518 -62.432687
-33.9347 234.8444 -64.9779 -62.709112
-35.6107 235.0483 -64.5372 -62.979948
-37.2988 235.2219 -64.5195 -63.244566
-38.3854 235.5894 -65.5655 -63.503361
-39.1438 235.7555 -64.0699 -63.75669
-40.4342 236.3585 -64.9633 -64.002125
-41.6538 237.408 -65.4996 -64.240254
-43.3197 237.9738 -65.7908 -64.473077
-45.0712 238.2644 -65.9288 -64.700263
-46.7994 238.6788 -65.9135 -64.920777
-48.5481 238.9796 -65.7557 -65.135547
-50.2593 239.3638 -65.4708 -65.343429
-51.9541 239.818 -65.3779 -65.545098
-53.6581 240.3081 -65.5616 -65.74018
-55.3649 240.7618 -65.7517 -65.928983
-56.9242 241.5359 -65.9538 -66.11074
-58.6438 241.8319 -66.2728 -66.287136
-59.9936 242.7156 -66.7405 -66.455844
-60.984 243.7818 -67.5294 -66.617626
-62.0855 245.146 -67.6347 -66.772085
-62.592 246.8516 -67.5474 -66.919198
-63.6958 248.1812 -67.3534 -67.060841
-65.3602 248.1365 -67.1819 -67.199721
-66.6185 247.2528 -66.7907 -67.334193
-68.2827 246.701 -66.9975 -67.462173
-69.0056 246.5375 -67.1182 -67.581553
-69.4149 247.1923 -66.2178 -67.692652
-70.5685 248.2104 -65.6787 -67.795897
-72.1021 248.9573 -65.1628 -67.892984
-73.5226 249.8734 -64.6789 -67.982773
-74.9049 250.917 -64.2744 -68.065176
-76.1941 252.0464 -63.8017 -68.140119
-77.6751 252.694 -63.2164 -68.209186
-78.9054 253.7897 -63.1101 -68.269696
-80.0531 255.1107 -63.1909 -68.322195
-81.4092 256.2087 -63.4316 -68.367696
-83.1166 256.5971 -63.7243 -68.407382
-84.8053 256.9649 -63.8465 -68.439342
-86.3232 257.8036 -63.7447 -68.46207
-88.0463 257.7843 -63.4146 -68.478913
-89.5568 258.6367 -63.0658 -68.485179
-79.8558 209.6969 -1.6956 -53.018232
-80.9345 210.9313 -0.8747 -53.513741
-81.8718 212.3265 -0.0936 -53.999548
-83.0145 213.649 0.4105 -54.476514
-83.35 215.4299 0.5242 -54.943665
-84.7236 216.0877 0.5245 -55.405262
-85.8365 216.8501 1.5461 -55.859055
-86.4751 218.3432 2.3648 -56.300993
-87.6889 219.3419 3.0091 -56.735485
-89.3832 219.625 3.5112 -57.162634
-90.5679 220.9942 3.9392 -57.578442
-91.9993 222.1339 4.2769 -57.985841
-93.1066 223.0567 5.3451 -58.386274
-94.2451 224.3484 6.04 -58.777581
-95.1955 225.7846 6.6504 -59.159724
-96.1469 227.1811 6.1703 -59.53317
-97.5307 228.1499 5.5656 -59.900157
-97.6555 229.6726 4.5217 -60.25809
-98.2632 230.7709 4.9578 -60.609864
-99.4213 231.1534 5.7424 -60.954793
-100.7458 231.4122 4.7237 -61.292489
-101.8502 232.6408 4.2535 -61.619519
-103.1436 233.9354 4.0273 -61.938542
-104.4921 234.4164 4.8558 -62.251794
-105.6117 233.6885 5.7966 -62.562506
-106.7274 232.3194 6.4016 -62.870321
-107.441 230.7522 6.8747 -63.166926
-107.4488 229.0255 7.5014 -63.456014
-107.9411 227.3511 8.131 -63.737017
-107.0902 226.8712 8.9862 -64.00767
-106.1496 226.513 10.1833 -64.273918
-105.9516 226.2598 12.0223 -64.532624
-105.4787 225.2922 12.0054 -64.784472
-105.2249 224.5846 10.2988 -65.02862
-104.7784 223.6625 9.5999 -65.265121
-104.7066 222.6921 11.0296 -65.495421
-105.026 220.965 11.6033 -65.719882
-104.6066 219.9029 12.8153 -65.936135
-103.3942 219.8352 14.0764 -66.142747
-104.3073 219.9043 13.553 -66.341967
-105.885 218.9419 13.3792 -66.537306
-107.2676 218.4747 12.6842 -66.724696
-108.1193 218.5469 11.0406 -66.904403
-108.3962 219.4541 11.7193 -67.074847
-109.0143 219.6825 13.4653 -67.241038
-109.7221 219.9831 15.1561 -67.399553
-110.6667 219.9703 16.4989 -67.551652
-112.0003 218.9022 16.8845 -67.699982
-113.4433 217.9794 16.4775 -67.841012
-114.7081 217.1333 15.6968 -67.97521
-115.2947 216.7255 13.9743 -68.101638
-115.5962 216.7912 12.1637 -68.221125
-115.7677 217.1126 10.3327 -68.332867
-115.4309 217.0746 11.1227 -68.437997
-116.1181 217.6962 12.116 -68.537321
-117.3855 218.3763 13.3061 -68.628144
-118.8798 218.8959 14.099 -68.711
-120.5533 219.5755 14.5055 -68.786268
-122.3465 220.0233 14.7431 -68.854851
-124.1585 220.1151 14.949 -68.917188
-125.565 221.2324 14.8597 -68.969464
-126.6064 222.7478 14.7267 -69.013158
-127.1945 224.5052 14.537 -69.04868
-127.9351 226.1832 14.2547 -69.076635
-129.0224 227.5634 14.5865 -69.097568
-130.1181 229.0198 14.5982 -69.110295
-131.2201 230.4645 14.2522 -69.114861
47.5528 -96.076 13.5667 -13.736142
47.0015 -95.2803 13.5986 -14.93506
46.7344 -94.3274 13.6342 -15.524782
27.7081 -94.2683 18.8592 -17.067122
26.226 -93.6204 19.8024 -21.097146
24.7439 -92.9726 20.7456 -23.867588
23.2618 -92.3248 21.6888 -25.607514
23.8038 -92.3745 21.7835 -26.449783
54.7481 -88.0637 17.871 -9.057333
97.3169 -66.6493 31.3652 -43.325842
99.3506 -67.4491 30.897 -44.549456
101.3843 -68.2489 30.4289 -45.40422
103.4181 -69.0488 29.9607 -45.999891
105.4518 -69.8486 29.4925 -46.403389
104.935 -70.7499 28.9784 -46.655144
104.6139 -70.6388 26.7694 -46.774805
96.937 -66.473 30.8282 -42.689324
44.0154 -65.7095 15.6069 -11.314646
44.0102 -66.3692 14.8486 -12.433876
44.1586 -67.2141 14.3402 -12.988349
-4.665 -9.0685 -0.0051 2.887669
-3.3078 -10.3003 -0.0154 10.096754
-1.9532 -11.5348 -0.0257 17.615161
-0.7426 -12.7803 -0.0459 30.951864
0.4334 -13.9291 -0.0935 35.075202
1.4466 -15.2471 -0.185 28.954504
3.5554 -27.7322 1.4257 8.061046
8.6107 -41.3653 6.7974 -0.791162
22.8794 -62.2772 10.5055 2.484158
26.4745 -64.8588 13.9793 5.184969
29.0535 -67.1183 14.3116 4.198132
42.1418 -73.5431 16.2509 -4.575776
47.2069 -85.1931 18.1557 -6.534517
44.6639 -89.9679 15.7857 -7.777908
47.7449 -96.3203 13.6398 -11.560589
78.4149 -177.3628 14.5582 -24.961779
95.2227 -265.7699 17.0719 -28.273619
48.1056 -320.1106 18.1187 -30.374618
-10.9476 -383.6056 22.9817 -32.464005
-40.36 -432.7473 17.7175 -37.813601
28.7834 -94.5812 17.274 -11.311317
14.3097 -106.6143 20.8227 -17.706692
2.7577 -126.0427 26.0848 -21.627577
-45.0792 -189.1405 27.4734 -19.929331
30.9775 -170.2053 31.4202 -22.988058
28.3969 -94.5693 18.0599 -12.735022
-40.2348 -104.2908 -5.8163 -18.087635
-111.9958 -139.102 2.509 -19.553909
54.6562 -87.9717 17.7384 -7.9947
111.8824 -135.9529 29.1893 -17.69484
164.8572 -185.7356 20.1853 -17.500277
213.7243 -226.7876 32.011 -21.312808
43.9697 -65.4565 15.7766 -9.167988
45.5333 -62.1584 17.8534 -14.778393
96.2419 -66.2233 31.6259 -42.20807
2.1326 -22.0656 -2.5814 8.583818
6.2653 -35.3706 6.4938 -2.822863
8.3143 -40.7868 6.7183 -9.174411
15.4942 -50.7521 4.9673 -12.90797
19.5156 -57.7327 7.1557 -7.579096
24.2121 -63.3654 12.9105 2.90719
27.7984 -65.9637 14.1964 4.32954
35.2991 -71.3414 15.5234 -4.705052
45.9552 -78.4006 18.2802 -8.991566
45.9541 -87.9136 17.638 -8.012952
46.0845 -93.1486 14.7482 -10.77283
52.1518 -103.9606 11.3242 -22.268588
58.8833 -119.603 12.0998 -31.037251
62.6461 -133.0235 18.7767 -34.902723
68.7987 -150.479 18.27 -35.041746
75.478 -168.4071 16.0379 -31.024143
80.7201 -186.7623 13.7215 -31.911523
86.0397 -202.1519 18.4658 -37.825392
88.9594 -219.8372 14.0604 -39.960385
92.3483 -238.1707 14.3683 -38.942788
94.4112 -256.1543 16.5595 -34.260866
95.282 -267.4858 16.3224 -34.589959
95.3059 -280.3632 10.9397 -39.970654
82.392 -291.8157 13.1552 -41.814962
66.6134 -301.8126 13.5179 -40.676958
55.8832 -314.8401 17.1156 -36.09263
42.621 -325.3136 19.0805 -36.334789
32.9705 -340.7608 23.6528 -41.445838
23.9361 -354.8041 21.203 -43.208539
9.6225 -366.7531 22.7517 -42.142022
-4.6074 -378.3071 21.4152 -37.81904
-16.9731 -389.755 18.9726 -38.262743
-27.5688 -401.1213 14.9527 -43.502213
-39.573 -411.7299 14.9204 -45.66977
-40.6381 -420.4638 25.2112 -45.290325
-40.4069 -426.6412 14.8914 -42.067871
-41.6738 -434.0686 12.5022 -43.542183
-35.1298 -447.795 10.0223 -49.850817
-30.511 -455.7937 6.7671 -53.931853
-26.4654 -460.7911 2.4423 -56.420476
-24.2919 -464.5784 0.2402 -57.606196
37.1249 -94.0849 14.9718 -13.950514
20.7736 -99.7756 22.2184 -19.390106
11.0172 -108.5614 18.7473 -21.657099
5.909 -113.1292 24.1737 -24.005221
4.7649 -121.3499 27.2758 -23.592875
-3.9067 -133.7894 26.1237 -28.412831
-16.2236 -149.0836 26.7198 -33.592578
-17.7909 -159.6216 22.5822 -34.970056
-30.8645 -168.2845 21.4997 -33.106845
-40.3768 -181.2163 24.3391 -27.256546
-50.8898 -195.8899 27.7601 -28.291854
-59.8432 -207.2909 27.0024 -36.576366
-63.453 -209.2381 15.4152 -41.716621
-64.2909 -212.4765 11.1044 -44.846357
-69.7086 -217.4653 14.9612 -46.350733
-1.3141 -131.2728 34.9295 -26.985047
15.7442 -115.5027 24.1983 -26.02305
21.9499 -133.9863 25.1312 -32.495112
26.8898 -147.4387 25.6301 -34.830241
28.6429 -155.1273 32.7495 -33.866781
28.6017 -167.7997 33.6747 -29.122536
33.7647 -170.9041 21.6446 -29.889829
35.3986 -176.6564 11.4651 -36.017576
39.8278 -180.409 -7.3747 -38.670942
28.4843 -94.572 17.6083 -12.308377
24.075 -93.3058 9.4058 -22.677036
15.5128 -90.8025 -8.4542 -30.041835
-0.0475 -89.6597 -13.0268 -32.591762
-13.9393 -94.7328 -4.0497 -31.365614
-31.0534 -101.5497 -4.3571 -25.682719
-48.3446 -108.1087 -4.4853 -25.924093
-60.3769 -111.0796 -1.1234 -32.119405
-77.9711 -113.5102 3.296 -34.046557
-92.0999 -121.9743 4.6219 -32.525458
-105.6825 -132.44 0.8972 -26.863716
-119.8735 -141.3568 5.959 -27.490969
-132.8113 -151.1601 6.979 -35.414737
-147.2952 -155.5423 4.0924 -40.323208
-153.368 -158.2725 7.6335 -43.300492
-168.793 -159.6906 7.6228 -44.7237
50.8433 -86.5895 17.9535 -8.475498
61.2357 -92.3404 14.5899 -19.443895
72.1897 -102.125 21.0158 -28.301328
85.4059 -115.7278 22.6939 -31.570205
96.1046 -123.0147 27.5352 -30.736398
106.3877 -128.7142 28.8233 -25.260609
119.3522 -141.0891 32.8119 -25.515077
133.3865 -151.0456 27.4274 -31.582437
140.4642 -156.8554 25.7903 -33.296876
152.3124 -169.1266 29.8767 -31.470877
161.5491 -182.1636 26.4505 -25.326748
167.3763 -187.9265 20.8501 -25.380221
178.0174 -198.4202 27.7655 -31.708506
190.5879 -201.853 17.5881 -33.859769
198.4764 -209.0366 23.2285 -32.72216
206.4978 -222.3967 29.9785 -27.747415
216.4485 -231.2363 29.6641 -28.612215
219.3592 -241.6667 28.5636 -36.039096
217.6919 -257.4839 32.1794 -40.66313
212.7961 -271.781 39.8533 -43.46955
208.8344 -287.7139 39.3838 -44.824529
43.1478 -69.6198 16.0595 -8.289741
45.0982 -63.5211 16.1223 -12.620134
50.7937 -61.6079 11.0465 -23.550787
63.7547 -58.5312 9.7712 -32.065979
75.049 -60.4617 16.3877 -37.315218
83.0968 -60.7333 25.9161 -40.513694
91.3447 -63.64 26.8113 -42.122439
106.4082 -69.1292 24.6495 -45.435019
123.1559 -72.5629 28.9251 -49.076388
143.1961 -75.9244 28.8652 -50.819838
46.1286 -55.224 14.5026 -23.342047
37.6417 -45.2763 18.4222 -30.427351
22.8448 -43.0894 21.8828 -33.439291
