-0.8015 -1.2678 -0 -14.218469
-3.2062 -5.0715 -0 -14.031139
-5.0765 -8.0299 -0 -13.893301
-6.4123 -10.1429 0.0262 -13.885682
-8.0143 -12.677 0.1283 -13.896696
-8.8146 -13.9429 0.1666 -13.903373
-8.2187 -14.5214 0.2948 -13.901812
-8.7411 -16.3672 0.5247 -13.89582
-10.0309 -17.8905 1.1419 -13.876953
-11.386 -19.3222 1.89 -13.84389
-12.7254 -20.8552 2.392 -13.794165
-14.0432 -22.4116 2.6217 -13.723764
-14.6972 -24.3185 2.0715 -13.626934
-15.5306 -26.234 2.0482 -13.51051
-16.1094 -27.8038 2.3068 -13.398326
-14.7796 -28.9827 3.1257 -13.291922
-13.6062 -30.5844 3.6202 -13.177346
-12.2537 -32.1091 3.9089 -13.054257
-11.1222 -33.7683 4.2796 -12.923055
-10.1932 -35.2295 5.196 -12.783669
-9.3619 -36.7283 6.3117 -12.636506
-8.5851 -38.2492 7.4144 -12.482209
-7.5935 -39.8435 8.2499 -12.320893
-6.8916 -41.4349 9.2193 -12.151684
-6.2727 -43.3267 9.6108 -11.976688
-5.7427 -44.6215 10.9758 -11.79311
-5.2774 -45.3085 12.8612 -11.602216
-4.5701 -46.2857 12.7646 -11.406252
-3.9187 -47.0128 11.0346 -11.203639
-3.487 -47.3534 9.0584 -10.993934
-3.1601 -48.3203 10.2056 -10.779754
-2.5906 -49.7167 11.29 -10.563149
-2.064 -51.2649 10.2609 -10.340768
-1.9023 -53.0628 10.2828 -10.114049
-1.2374 -53.7481 8.8883 -9.878691
-0.2338 -55.4757 8.438 -9.641874
0.9268 -57.1391 8.1846 -9.400482
2.1659 -58.7648 8.26 -9.154553
2.7966 -60.3652 9.2072 -8.903631
3.5606 -62.0815 8.7826 -8.648564
4.1051 -63.9769 8.2533 -8.3887
4.7728 -65.8913 8.0534 -8.125302
5.555 -67.7898 8.1794 -7.85808
5.4215 -69.7319 8.5591 -7.587183
5.3722 -71.1779 9.39 -7.310562
6.6015 -72.8224 9.4344 -7.030901
7.9091 -74.3345 9.4579 -6.746592
9.1469 -75.9691 9.4502 -6.458378
10.0298 -77.8076 9.4917 -6.166975
10.7723 -79.6982 9.5101 -5.871317
12.3735 -80.8411 9.4583 -5.571125
13.4145 -82.6176 9.4397 -5.268017
14.1594 -84.5026 9.6273 -4.960712
14.908 -86.352 10.0263 -4.649038
15.6285 -88.1574 10.421 -4.3333
16.2688 -90.0988 10.1972 -4.013422
16.8061 -92.0324 10.2983 -3.69024
18.0591 -93.5211 10.9131 -3.362075
19.0692 -95.1762 11.592 -3.030066
20.0514 -96.8019 12.3554 -2.693692
20.7986 -98.4251 13.1509 -2.352274
22.3425 -99.643 13.6764 -2.006101
23.1324 -101.4525 13.8694 -1.656881
24.2278 -103.1764 13.8286 -1.302829
25.7948 -104.4654 13.8973 -0.943614
27.3532 -105.7951 13.951 -0.579707
28.4996 -107.4233 13.9547 -0.211275
30.0108 -108.56 13.6639 0.162857
31.1081 -108.6091 12.0588 0.550181
29.9694 -109.9097 10.9348 0.969339
28.8308 -111.2104 9.8109 1.383628
27.6922 -112.511 8.6869 1.792797
26.8377 -113.4766 7.7017 2.202374
28.1153 -111.9666 8.2837 2.646441
29.3929 -110.4565 8.8658 3.085106
30.6706 -108.9464 9.4479 3.518893
31.1787 -108.9746 10.7509 3.95938
31.0798 -109.3078 12.7833 4.406749
31.1974 -110.3892 14.0207 4.85091
31.8589 -112.2436 14.4776 5.297974
32.2207 -114.0808 14.8897 5.75297
32.3754 -116.0895 14.7382 6.214759
33.2282 -117.7627 14.1097 6.684498
34.0263 -119.6079 13.7086 7.160827
34.4263 -121.5938 13.4703 7.64456
34.6735 -123.5948 13.4834 8.136283
34.4631 -125.6138 13.6554 8.635182
35.477 -127.1975 13.9548 9.141211
36.4488 -128.3733 14.9241 9.658879
36.0423 -130.1872 15.3722 10.186161
35.1621 -131.5518 15.4371 10.720111
35.6418 -129.8523 14.8263 11.263935
35.0348 -128.0619 14.2107 11.816424
35.5446 -129.8444 14.1534 12.371598
35.6291 -131.8577 14.0497 12.934088
34.8485 -133.6181 13.7199 13.50463
34.2995 -135.3089 12.7219 14.083425
33.9891 -137.2127 12.2496 14.668952
34.6951 -139.1364 12.158 15.262764
34.4342 -141.0719 12.4762 15.863445
34.9496 -142.8915 13.1328 16.472997
35.1207 -144.6736 12.8365 17.088244
36.0553 -146.4708 12.5635 17.710582
36.5162 -147.9232 11.2272 18.342699
37.0821 -149.6924 10.5935 18.975842
38.1845 -151.3675 10.8233 19.614075
38.9786 -152.5573 11.4668 20.259719
38.5512 -154.4927 11.7745 20.910345
38.9845 -156.4817 12.0272 21.564782
38.8087 -158.4686 12.102 22.219734
39.4316 -160.3993 12.1561 22.875826
40.017 -162.1492 11.7738 23.53282
39.9044 -164.0643 11.3068 24.18578
40.4166 -165.9089 10.6066 24.836668
41.3853 -167.5493 10.7632 25.48184
42.1247 -169.1267 11.6727 26.120526
42.1485 -170.8263 12.6221 26.751063
41.2541 -172.1527 13.7028 27.369374
41.3329 -173.6405 14.3131 27.975008
41.6008 -174.8677 12.6805 28.567419
41.8738 -176.7997 12.275 29.137807
42.7438 -178.5456 11.9564 29.687828
43.2439 -180.4578 12.0397 30.21438
43.3656 -182.4295 12.4106 30.71556
43.6747 -184.2146 13.2717 31.189151
44.1736 -186.1236 13.8383 31.630028
44.3535 -187.9066 14.7675 32.038729
44.8726 -189.5685 15.6922 32.411663
45.4404 -191.1005 14.5715 32.746012
46.1386 -192.9259 14.1459 33.038004
46.6287 -194.8895 13.783 33.285766
47.9055 -196.4354 13.3908 33.488504
49.0241 -197.9564 13.467 33.643249
49.8322 -199.3762 13.2319 33.748043
51.04 -200.3986 12.0409 33.800926
-16.8109 -27.3553 2.8101 -13.418185
-17.497 -28.3029 4.2038 -13.35295
-18.1984 -29.271 5.5067 -13.279928
-18.2577 -29.3412 3.7473 -13.182552
-18.2679 -29.344 1.9276 -13.077957
-18.2781 -29.3467 0.108 -12.96716
-18.2883 -29.3494 -1.7116 -12.850788
-18.2985 -29.3522 -3.5313 -12.729429
-18.8534 -30.5664 -3.9808 -12.604024
-18.8107 -32.318 -3.8597 -12.470548
-19.3066 -34.0554 -3.7456 -12.328763
-18.9488 -34.5418 -2.2544 -12.175827
-18.3075 -35.7012 -1.0566 -12.016269
-18.003 -37.2922 -0.254 -11.850396
-17.2153 -38.7422 0.5062 -11.677101
-17.2992 -40.1694 1.5541 -11.496471
-17.1185 -41.7267 2.3954 -11.308924
-17.083 -42.8762 3.6698 -11.112842
-17.3639 -44.4413 4.545 -10.911166
-18.2212 -45.6938 5.2818 -10.703282
-18.9632 -46.7735 4.1464 -10.488364
-19.2427 -47.6114 2.5633 -10.265462
-19.7572 -49.1601 2.2576 -10.040284
-20.0441 -50.8741 2.5491 -9.810348
-20.3286 -52.4364 3.2684 -9.575313
-19.8077 -53.8024 3.6098 -9.334327
-19.2008 -54.6661 2.2731 -9.085555
-18.7221 -56.0354 2.9434 -8.832105
-18.7365 -56.729 4.1896 -8.573351
-18.8997 -58.1413 5.2798 -8.312789
-18.8149 -59.8936 5.7078 -8.049824
-18.9822 -61.072 7.0484 -7.781215
-19.3934 -62.5349 8.0119 -7.511618
-19.547 -63.8484 9.0694 -7.236673
-19.5772 -65.5723 8.63 -6.961695
-19.258 -67.3139 8.3405 -6.684531
-19.7508 -69.0603 8.364 -6.406922
-19.9946 -70.8175 8.7102 -6.127258
-19.8037 -72.5539 9.1873 -5.846831
-19.7201 -74.3251 9.5635 -5.565329
-20.2567 -75.9938 9.7611 -5.283383
-19.7758 -77.7066 9.8918 -5.002217
-19.8692 -79.394 10.0722 -4.722825
-20.6153 -80.6503 10.7965 -4.444808
-20.8101 -82.0334 11.1362 -4.170502
-21.8468 -83.2751 10.5156 -3.898837
-22.3598 -84.646 11.4203 -3.631483
-22.8139 -86.2646 12.0203 -3.370031
-22.9433 -87.4114 13.1988 -3.112295
-23.2601 -88.7922 14.1473 -2.86368
-23.5187 -90.5915 14.1567 -2.625729
-23.7693 -92.3875 14.2837 -2.39715
-23.9193 -94.161 14.5659 -2.178888
-24.765 -95.4177 14.2775 -1.972294
-25.6946 -96.5629 13.7452 -1.780082
-26.3361 -98.2508 13.7081 -1.604741
-26.22 -99.6251 14.4174 -1.44349
-26.029 -100.2322 16.1217 -1.300167
-25.98 -100.9366 17.7977 -1.177238
-26.1774 -101.1961 19.58 -1.072051
-26.4133 -101.3806 21.3748 -0.992871
-26.5757 -102.9017 22.0388 -0.942026
-26.565 -104.1061 22.8298 -0.916392
-10.4886 -18.1238 0.6694 -13.8616
-10.4015 -18.057 0.4643 -13.853342
-11.3637 -19.3353 1.4826 -13.83511
-12.4409 -20.4928 2.3203 -13.801152
-13.7335 -21.882 2.6066 -13.753101
-14.3525 -23.4451 1.6476 -13.693876
-14.7639 -24.7529 0.4153 -13.623093
-15.0123 -25.6795 -1.2982 -13.540585
-14.7483 -27.3027 -2.2341 -13.449104
-14.1682 -28.7546 -3.3613 -13.346837
-14.1335 -30.3237 -2.5621 -13.234911
-14.176 -32.0715 -1.7097 -13.11409
-14.076 -33.7889 -0.9359 -12.98407
-13.8862 -35.6563 -1.4771 -12.845516
-13.5408 -37.5381 -1.8551 -12.698491
-12.9254 -39.3671 -2.0095 -12.54261
-12.8947 -41.2639 -2.5483 -12.378922
-12.5093 -43.0891 -2.3969 -12.207003
-11.8636 -44.7358 -1.5183 -12.026097
-11.3409 -46.4019 -0.6056 -11.838045
-11.0233 -47.5467 0.9658 -11.640779
-10.5913 -48.4457 2.6789 -11.437504
-10.1405 -50.0833 3.3431 -11.229514
-10.2934 -51.7904 2.9275 -11.015186
-10.88 -52.8858 1.4404 -10.792302
-11.0363 -54.4811 1.7038 -10.565079
-11.1458 -56.3254 2.378 -10.331901
-10.357 -57.7555 3.4384 -10.092092
-10.1358 -58.8326 4.9901 -9.845867
-10.3077 -60.6124 5.6598 -9.595323
-11.2813 -62.2927 6.0116 -9.339588
-11.7958 -64.1934 6.181 -9.079249
-12.4342 -66.0517 6.3974 -8.813018
-11.9522 -67.7789 6.8906 -8.540894
-11.6762 -69.0382 8.2561 -8.262901
-11.713 -70.0381 9.9612 -7.979819
-11.8555 -70.9146 11.6774 -7.689715
-12.8132 -71.5235 13.2459 -7.395944
-13.5753 -72.2336 12.7301 -7.097145
-14.1638 -73.7043 11.8882 -6.794825
-14.4131 -75.2707 10.815 -6.487956
-13.5782 -77.0011 10.3425 -6.176155
-13.3259 -78.9499 10.1371 -5.860093
-13.3622 -80.9141 10.3308 -5.540021
-14.2376 -82.5066 10.9807 -5.21491
-14.7845 -84.1023 11.9265 -4.883899
-15.3519 -85.4422 12.6525 -4.547019
-15.7865 -86.6616 12.098 -4.204673
-16.5522 -87.7496 13.5364 -3.857696
-17.1687 -89.5648 13.8022 -3.508209
-18.2162 -91.1682 13.885 -3.153101
-19.5493 -92.634 13.9514 -2.792402
-20.3209 -94.4426 13.8656 -2.427318
-21.0095 -96.2837 13.6721 -2.057869
-21.3384 -97.8523 13.9673 -1.67934
-21.6939 -97.8965 15.9193 -1.2887
-22.3276 -98.0602 17.7316 -0.898264
-21.887 -98.9874 16.7979 -0.50062
-22.8153 -99.7306 15.3374 -0.102988
-24.3779 -100.6691 14.7056 0.298197
-24.3457 -102.6276 14.3888 0.701041
-24.5768 -104.5617 14.2213 1.108556
-24.8282 -106.5067 14.2205 1.520325
-25.0574 -108.4614 14.1941 1.935066
-25.5558 -110.3378 14.0236 2.353637
-26.9412 -111.6652 13.5497 2.776679
-27.6548 -113.1993 12.651 3.202088
-27.9593 -114.1646 11.0361 3.63606
-28.3565 -115.3746 10.0919 4.064421
-29.1471 -116.4978 9.0352 4.496522
-29.5399 -117.0458 7.1689 4.934549
-29.9596 -117.6548 5.3281 5.36924
-30.9613 -118.935 4.5188 5.798687
-32.1435 -120.2324 4.6581 6.227044
-32.9363 -121.0473 6.2793 6.655223
-33.621 -122.2206 7.5953 7.07823
-33.9105 -123.585 8.7937 7.496583
-34.4873 -124.3869 10.3397 7.90955
-35.0405 -125.7656 11.4307 8.312558
-34.701 -127.6323 11.772 8.706578
-35.3063 -129.4991 11.9181 9.090669
-35.9903 -131.3268 11.7835 9.46212
-37.6819 -132.1342 11.31 9.821386
-38.5009 -133.4806 10.3217 10.164449
-38.4967 -134.7419 8.9782 10.492631
-39.2613 -136.1191 9.0235 10.79991
-39.6486 -137.8732 9.0943 11.084806
-40.3927 -139.5578 8.4232 11.345414
-41.3357 -141.2284 8.0319 11.579951
-41.7461 -143.1332 7.6854 11.786526
-42.0138 -145.0056 7.4829 11.963186
-41.9887 -146.6225 8.5512 12.109407
-43.1363 -148.1444 8.915 12.221556
-43.8626 -149.8828 8.3731 12.297421
-44.926 -151.4033 7.7386 12.335272
-9.353 -14.8211 0.2731 -13.91393
-11.0559 -15.5864 0.7158 -13.921897
-12.8605 -15.9487 1.177 -13.920369
-14.323 -16.6873 2.6356 -13.900002
-15.6273 -17.7486 4.2904 -13.860985
-16.5612 -19.3299 4.837 -13.824563
-17.0333 -20.2944 6.2453 -13.770967
-17.8874 -21.5361 7.3823 -13.705755
-18.8508 -22.9769 8.1796 -13.630466
-19.5099 -24.5801 8.9543 -13.544936
-19.7318 -25.6734 10.3712 -13.447708
-19.6375 -26.5275 11.987 -13.3396
-20.9183 -27.5166 12.4491 -13.22303
-21.2964 -29.0814 13.3143 -13.097849
-21.83 -30.7644 14.0149 -12.963577
-22.4092 -32.288 14.7504 -12.819869
-23.1716 -32.8787 16.4102 -12.663801
-23.4458 -33.3976 17.1662 -12.500895
-23.9797 -35.1098 17.8018 -12.331154
-25.2888 -36.4276 18.1128 -12.1528
-26.4013 -37.9363 18.2431 -11.967309
-27.2908 -39.5473 18.3867 -11.774156
-28.9068 -40.2841 18.3568 -11.572045
-28.8386 -41.8551 18.071 -11.364451
-30.0593 -43.3052 18.0707 -11.149774
-30.6546 -44.9959 18.2212 -10.927928
-31.4097 -46.5757 18.3297 -10.698997
-32.6885 -47.8644 18.2798 -10.463158
-33.6705 -49.4532 18.3794 -10.222869
-34.3435 -51.1833 18.7706 -9.976995
-35.0428 -52.643 19.7515 -9.724702
-35.9334 -53.9164 20.8542 -9.467352
-36.4958 -55.5633 21.6175 -9.205951
-37.1515 -57.2664 22.1901 -8.939681
-37.503 -58.9135 22.7742 -8.667007
-37.2767 -60.629 23.5408 -8.389633
-38.3487 -62.1152 24.0868 -8.109134
-38.7835 -63.8894 24.6417 -7.82562
-39.0307 -65.5698 25.4324 -7.538657
-39.2448 -67.4312 25.7075 -7.24745
-39.4113 -69.2406 26.1323 -6.95338
-38.2265 -70.1613 27.1367 -6.654581
-37.9293 -71.6381 28.1838 -6.353266
-36.7386 -72.8721 28.5562 -6.050696
-35.4143 -74.1273 28.8617 -5.74691
-33.8413 -75.1427 29.2839 -5.433656
-32.9832 -76.7229 29.5771 -5.126488
-33.6399 -75.092 29.1649 -4.807916
-33.1635 -76.3575 28.5144 -4.496758
-32.6394 -77.9449 29.3953 -4.187114
-31.5586 -79.4236 29.8926 -3.872596
-30.8094 -81.0765 30.3763 -3.560953
-31.5811 -82.6547 30.6865 -3.255829
-31.7168 -84.5489 30.8274 -2.955108
-31.5105 -86.4537 30.8357 -2.659771
-31.5377 -88.3667 30.7633 -2.369729
-31.4829 -90.279 30.6456 -2.085719
-31.9235 -92.1277 30.4947 -1.809708
-32.2806 -93.9944 30.2829 -1.543852
-33.2826 -95.4749 30.073 -1.287767
-34.2923 -96.3147 29.212 -1.042463
-33.7984 -97.5646 29.0456 -0.810325
-33.365 -98.5644 30.3242 -0.591418
-34.9529 -99.5888 30.5864 -0.389697
-35.3561 -101.2379 30.5528 -0.207213
-35.425 -102.1901 29.7785 -0.043454
-35.4381 -103.6106 30.0236 0.096954
-35.4329 -104.9525 28.8355 0.212637
-35.4888 -106.6151 28.0477 0.300808
-35.1318 -108.0258 29.2064 0.361481
-34.5346 -109.5447 30.0645 0.39101
-15.445 -16.6758 3.4162 -13.86177
-17.1123 -16.5493 2.7023 -13.829946
-18.8242 -16.1183 2.2844 -13.782905
-20.5247 -15.3962 2.2003 -13.724269
-22.3116 -15.3473 2.4856 -13.656704
-24.0423 -14.9367 2.9859 -13.577984
-25.7912 -14.8802 3.5418 -13.489929
-27.6376 -14.8877 3.7424 -13.392504
-29.4617 -14.8882 3.7168 -13.285605
-31.2202 -15.3922 3.5297 -13.169962
-32.7539 -15.8243 2.9445 -13.044449
-34.0829 -16.2305 1.7975 -12.910446
-35.3566 -17.1047 0.7776 -12.768663
-36.7811 -17.3591 0.0703 -12.617784
-38.4049 -17.2529 0.8951 -12.457902
-40.1857 -16.9717 1.2216 -12.289375
-41.9745 -17.3706 1.348 -12.114311
-43.6645 -17.7288 1.1737 -11.931474
-45.1638 -16.9527 0.472 -11.739597
-46.3865 -16.2335 -0.6264 -11.540141
-48.1583 -16.038 -0.1893 -11.334589
-49.5586 -16.5997 0.7893 -11.123204
-50.6275 -17.7832 1.5574 -10.906726
-52.4581 -17.9497 1.6886 -10.681599
-54.2203 -17.8442 1.1278 -10.449788
-55.6575 -18.4041 0.1681 -10.212792
-57.139 -19.2179 -0.5793 -9.970572
-58.8775 -19.6978 -0.9928 -9.722552
-60.4992 -20.5497 -0.8751 -9.47051
-62.2699 -20.9516 -0.784 -9.212381
-63.9605 -21.4851 -1.2025 -8.946785
-65.769 -21.6468 -1.2364 -8.677447
-67.4074 -21.948 -2.0416 -8.403831
-69.2303 -22.0478 -2.2783 -8.126037
-71.0405 -22.3933 -2.2 -7.84406
-72.76 -22.6876 -1.8978 -7.558608
-74.4248 -22.1245 -1.3042 -7.267363
-75.468 -21.5676 0.0962 -6.971549
-76.805 -21.0117 0.8974 -6.672321
-78.6304 -21.1688 0.7939 -6.373387
-80.2126 -21.6023 1.4208 -6.072096
-81.9055 -21.4802 1.8938 -5.767544
-83.3789 -20.5725 2.4839 -5.458976
-84.8475 -20.092 3.3977 -5.14975
-85.8797 -19.4106 4.4732 -4.837815
-86.9877 -17.9771 4.3817 -4.525303
-88.4094 -16.917 4.436 -4.213622
-89.1332 -16.2863 5.8123 -3.899336
-89.6827 -16.0961 7.5766 -3.586748
-90.6073 -14.9923 8.5732 -3.276898
-91.6573 -14.5236 9.9347 -2.971217
-92.216 -13.6924 11.4126 -2.665491
-93.3323 -12.5367 11.3011 -2.367646
-94.3529 -11.3333 10.4637 -2.074095
-95.9243 -11.359 10.3327 -1.789115
-97.085 -12.6874 10.4076 -1.514507
-98.637 -11.9209 10.4364 -1.245465
-99.8512 -10.5582 10.1484 -0.986956
-101.1467 -9.2581 9.9913 -0.739724
-102.9108 -8.8466 10.0308 -0.507579
-104.2043 -7.6318 10.4372 -0.289702
-105.7848 -7.7377 11.2376 -0.090898
-107.5295 -7.7352 11.7584 0.088821
-108.7114 -6.5165 12.2914 0.249795
-108.6826 -5.013 12.9437 0.389819
-109.4316 -4.9691 14.0337 0.502859
-110.9911 -5.321 13.2911 0.589151
-112.3812 -4.7789 12.2565 0.649599
-113.4541 -4.4164 10.8172 0.680863
-15.5545 -17.632 4.3033 -13.875685
-16.8149 -18.3686 5.0193 -13.872035
-18.1535 -17.7371 5.9254 -13.85474
-19.3957 -17.6568 7.1162 -13.828047
-20.6245 -17.4395 8.329 -13.79116
-21.4073 -17.0773 9.8446 -13.743858
-22.3291 -16.4593 11.1562 -13.68673
-23.7986 -16.4039 12.1053 -13.621199
-24.636 -16.4397 13.5353 -13.545752
-26.0492 -16.413 14.4153 -13.462043
-26.5091 -16.6788 16.0866 -13.368254
-27.6416 -17.5424 16.452 -13.268949
-28.9683 -17.6171 17.1518 -13.159857
-30.2529 -16.8642 18.0015 -13.041297
-31.8112 -16.9615 18.7079 -12.915615
-32.7125 -16.0015 17.8716 -12.780553
-33.9732 -15.3124 17.8919 -12.638135
-35.5154 -14.9405 18.541 -12.488975
-36.8148 -15.2621 19.6037 -12.333962
-38.1095 -15.3947 20.6532 -12.172818
-39.3709 -15.3085 20.5665 -12.003346
-39.9084 -15.4165 22.2463 -11.827035
-41.4898 -16.1032 22.568 -11.649483
-43.1935 -16.3081 22.9719 -11.466135
-44.8671 -16.1005 23.426 -11.277298
-46.5874 -16.255 23.8037 -11.083982
-48.2806 -16.146 24.1613 -10.888119
-49.8848 -15.6408 24.6252 -10.688267
-51.569 -15.5809 25.1077 -10.487563
-53.1934 -15.8717 25.7123 -10.285924
-54.8397 -16.0518 26.2602 -10.082286
-56.4663 -15.7486 26.8593 -9.878877
-57.6381 -14.8744 27.7621 -9.674466
-58.8394 -13.7889 28.4214 -9.470449
-60.1932 -13.1386 29.3328 -9.268176
-61.8304 -12.6017 29.6751 -9.069507
-63.5039 -12.1508 29.7076 -8.875512
-64.8861 -11.121 29.4315 -8.685039
-65.5954 -10.0293 28.2627 -8.499361
-66.3587 -9.069 29.1123 -8.32026
-67.3994 -7.9254 29.8988 -8.147542
-68.8854 -7.8686 29.963 -7.985235
-70.5505 -7.352 29.9726 -7.832197
-72.0497 -6.4284 30.0037 -7.68968
-73.5599 -5.5098 29.9785 -7.560074
-74.8786 -4.3323 29.9264 -7.440623
-76.2236 -3.1844 29.9023 -7.340846
-77.2186 -1.7362 29.9278 -7.257613
-78.2778 -0.5048 29.7779 -7.193254
-79.9939 -0.3567 29.5292 -7.150259
-81.6519 -0.1123 29.479 -7.127748
-15.2282 -17.1379 4 -13.88367
-15.8134 -17.8487 4 -13.89974
-16.4306 -18.5318 4 -13.908634
-13.8552 -16.3527 0.6773 -13.922742
-6.8126 -12.9962 0.0714 -13.88696
-5.8684 -15.48 0.0572 -13.859662
-5.4058 -18.0693 0.0621 -13.803651
-4.8048 -20.6622 0.1442 -13.709358
-4.2378 -23.1032 0.3354 -13.566579
-4.2185 -23.3173 3.0099 -13.295681
-4.1991 -23.5292 5.6846 -12.996987
-3.9404 -24.0329 8.0609 -12.679171
-2.9465 -26.4423 7.8893 -12.338345
-2.9898 -29.1239 7.9366 -11.968952
-2.8312 -31.7921 8.079 -11.570452
-2.7737 -34.4658 8.0848 -11.143349
-3.1335 -36.1267 6.8772 -10.678741
-2.9668 -36.5649 4.2354 -10.183904
-3.5563 -38.3842 2.8887 -9.672148
-4.3063 -40.3834 1.497 -9.130888
-4.1208 -42.6459 0.2252 -8.564045
-4.2362 -43.7827 0.8959 -8.091852
-3.8312 -43.4159 2.8085 -7.735094
-3.4263 -43.0492 4.7211 -7.37737
-3.0214 -42.6825 6.6338 -7.019012
-2.6164 -42.3158 8.5464 -6.660212
-2.2115 -41.949 10.459 -6.301072
-1.8006 -41.5642 12.3611 -5.941566
-1.0504 -39.8462 12.7392 -5.564617
0.1758 -38.6585 13.5417 -5.179757
1.5902 -38.0395 13.8599 -4.779184
3.2347 -39.0768 14.2093 -4.372272
3.2862 -40.8715 14.6526 -3.952661
3.0921 -42.2179 15.9515 -3.519177
3.289 -43.8273 17.0278 -3.073406
3.7676 -45.0577 18.3989 -2.610813
5.3853 -45.2551 17.5078 -2.132678
6.4565 -45.5185 16.2146 -1.631568
6.4601 -45.5688 14.2263 -1.114151
7.3041 -46.1013 15.3965 -0.585616
7.7212 -46.6728 17.2551 -0.038058
8.2906 -47.8462 18.7417 0.519165
8.7291 -49.4862 19.2615 0.934447
9.1255 -50.9461 19.7272 1.193622
10.0364 -52.2198 19.9693 1.457836
10.7133 -53.6545 20.0389 1.727426
11.8089 -54.3454 19.5071 2.005699
12.1976 -54.6669 17.9921 2.289925
13.1099 -54.8336 16.8714 2.578787
13.5838 -54.6626 15.3738 2.891154
13.6588 -54.6533 13.7788 3.252766
13.7337 -54.644 12.1838 3.608709
13.8087 -54.6347 10.5888 3.958383
13.8837 -54.6254 8.9938 4.301436
13.9586 -54.6161 7.3988 4.637856
14.0336 -54.6068 5.8038 4.967738
14.1085 -54.5975 4.2088 5.290546
14.1663 -54.5744 2.6132 5.653893
14.2206 -54.5486 1.0176 6.022796
14.2749 -54.5228 -0.5781 6.382442
14.3293 -54.497 -2.1737 6.732853
14.3836 -54.4712 -3.7694 7.074005
14.4379 -54.4454 -5.365 7.405053
13.7113 -55.8095 -5.5929 7.7286
13.1825 -57.2536 -6.0072 8.051533
12.9567 -58.7053 -6.561 8.373029
12.6682 -60.0281 -7.37 8.69294
12.3514 -61.5353 -7.7387 9.010355
11.9771 -63.0578 -7.8716 9.323672
11.7617 -64.6275 -7.7751 9.6324
11.4655 -65.9109 -8.3481 9.936537
11.6675 -66.9063 -9.5712 10.235605
11.728 -68.3207 -9.6289 10.528062
11.6975 -68.4625 -8.07 10.815036
11.4235 -69.5735 -7.0162 11.089155
11.1196 -70.8404 -6.109 11.352595
11.0275 -71.8722 -4.9846 11.606066
11.2426 -73.2528 -4.3725 11.846094
10.7531 -74.6674 -3.9199 12.071944
10.425 -76.2016 -3.7062 12.283932
10.77 -77.7411 -3.6532 12.480792
11.0786 -79.2552 -3.6604 12.660259
11.425 -80.7723 -3.755 12.821435
11.2996 -82.2807 -4.0128 12.962604
11.9706 -83.6675 -4.3963 13.082978
12.7118 -84.5829 -3.8154 13.183241
13.1706 -85.4159 -2.5821 13.259437
13.3664 -86.853 -1.9391 13.309608
13.3682 -87.667 -0.8755 13.335232
8.6263 -48.9248 19.7774 0.920992
8.971 -49.5407 20.9869 1.151287
9.2099 -51.0475 20.8184 1.383859
10.0927 -52.2943 20.5532 1.620288
10.6868 -53.724 20.4404 1.859751
11.4461 -54.1517 19.6321 2.109183
11.5442 -54.2966 18.1881 2.361527
12.9332 -54.8812 18.406 2.614081
13.2774 -55.294 19.8309 2.877025
13.7729 -56.2787 20.5319 3.135524
14.3885 -57.7019 20.5127 3.395899
15.16 -59.0485 20.6431 3.657225
15.6443 -60.0525 21.5504 3.921667
16.2084 -60.988 22.5631 4.186918
17.2577 -61.2039 23.519 4.452962
18.4454 -61.8839 23.9975 4.717242
19.1422 -63.2514 24.2481 4.979474
19.671 -63.8624 25.3071 5.244916
20.2623 -64.3588 26.3522 5.504945
21.638 -65.0559 26.1487 5.759821
22.7173 -66.1327 25.8633 6.025238
23.7256 -67.2733 25.5197 6.281205
24.6112 -68.47 25.1932 6.523712
24.9681 -69.954 24.971 6.757422
24.9964 -70.9802 24.2159 6.995568
24.9684 -71.117 22.6615 7.236409
24.9404 -71.2538 21.1072 7.460529
24.9124 -71.3907 19.5528 7.667845
24.8648 -71.4567 17.9963 7.860746
24.9221 -71.7069 16.7213 8.0405
25.4185 -72.6144 17.5247 8.209273
25.5779 -72.8182 19.0637 8.366654
25.6724 -73.1458 20.5059 8.504116
25.5385 -73.7136 21.7923 8.628311
25.5469 -73.9336 23.3373 8.735501
25.5553 -74.1535 24.8823 8.821018
26.4257 -75.2629 24.9859 8.884194
26.2037 -76.801 24.991 8.926044
26.3234 -78.3421 25.0702 8.946001
-4.7208 -44.7161 -0.023 -8.188561
-5.1299 -46.1818 0.6944 -8.021323
-5.3697 -46.9913 2.259 -7.846455
-5.7718 -48.0995 3.5791 -7.667049
-6.3113 -49.4357 4.5711 -7.481623
-6.1052 -51.0319 5.3148 -7.290887
-5.9754 -52.7323 5.8136 -7.094354
-5.3005 -54.3124 6.0843 -6.891294
-5.5666 -55.9139 6.2159 -6.681789
-6.3626 -57.4622 6.4728 -6.466021
-7.4327 -58.7683 6.9386 -6.243416
-8.3123 -60.0607 7.6969 -6.014623
-9.2075 -61.5771 7.5449 -5.781178
-10.0182 -63.1512 7.7642 -5.541642
-10.4982 -64.8336 7.9938 -5.297137
-11.098 -66.494 8.2496 -5.046133
-11.5795 -68.0917 8.8213 -4.789084
-11.4778 -69.48 9.814 -4.526649
-11.3768 -70.9824 10.6772 -4.258327
-11.1615 -72.6665 10.9417 -3.984715
-11.9531 -74.0675 10.3517 -3.705836
-12.2253 -75.2856 9.1163 -3.421433
-12.386 -76.5528 7.8889 -3.132556
-12.4919 -77.8973 6.8778 -2.837786
-12.6418 -79.6702 6.7282 -2.539335
-12.8923 -81.2283 7.3625 -2.235741
-13.0636 -82.0267 8.8276 -1.923815
-12.8375 -83.2389 8.8894 -1.611063
-12.4716 -84.694 8.0205 -1.293531
-12.6797 -85.5671 7.0599 -0.969336
-12.5183 -84.1321 6.1622 -0.634363
-12.5292 -84.0813 7.3739 -0.297452
-11.895 -85.6688 7.8198 0.039805
-11.5229 -87.2946 8.4116 0.38023
-10.3324 -88.1124 9.2259 0.726167
-10.675 -89.8262 9.467 1.075502
-11.2148 -91.4903 9.7261 1.42652
-11.4919 -93.2205 9.9224 1.779572
-11.8689 -94.9605 9.9938 2.13577
-12.2215 -96.7085 9.9892 2.492842
-12.5548 -98.4528 9.9031 2.853038
-13.101 -100.1246 9.6027 3.213938
-13.6123 -101.6942 9.0552 3.576121
-14.5178 -102.8115 8.0351 3.939816
-14.732 -103.8321 6.6289 4.304833
-14.736 -104.949 5.3416 4.670191
-14.7897 -105.5564 3.6632 5.035891
-14.9175 -106.1934 2.0059 5.398477
-14.8119 -107.3154 0.66 5.753257
-14.3904 -108.3157 -0.7477 6.106526
-14.0768 -109.6227 -1.5126 6.452289
-14.1581 -111.3783 -1.2027 6.791888
-14.4574 -112.7137 -0.3129 7.126836
-14.5581 -113.8268 1.0481 7.452572
-14.5629 -114.7419 2.5821 7.771153
-14.3372 -115.8187 3.9677 8.077308
-14.0073 -116.8255 5.38 8.373206
-13.5104 -118.0936 6.4955 8.654967
-13.0668 -119.695 6.5246 8.921259
-12.4966 -121.0534 5.5568 9.170699
-12.0851 -122.6625 5.1356 9.401981
-12.5004 -124.2153 4.474 9.614348
-12.6759 -125.9354 4.076 9.804777
-13.0189 -127.5669 3.9008 9.974076
-13.6129 -129.2115 3.7998 10.118855
-14.5095 -130.7248 3.617 10.23775
-15.1909 -132.314 3.2206 10.328627
-16.0458 -133.6469 2.4524 10.390388
-17.0046 -135.0632 2.0492 10.420691
-3.6471 -8.0538 -0.0157 -13.904791
-1.3228 -8.9468 -0.0471 -13.88027
0.9314 -9.9936 -0.0832 -13.839794
2.6625 -11.7633 -0.1495 -13.774524
3.884 -13.4015 -0.8686 -13.645727
4.2751 -14.1359 -3.2157 -13.320212
4.6663 -14.8703 -5.5627 -12.975493
5.0575 -15.6047 -7.9097 -12.615473
5.4487 -16.3392 -10.2567 -12.243279
5.5082 -15.6747 -11.481 -11.939117
5.7528 -14.1284 -10.9972 -11.721324
5.1317 -14.013 -9.0503 -11.488385
5.6382 -14.026 -8.2186 -11.231148
7.6439 -14.2766 -7.8039 -10.959323
9.6042 -14.0356 -7.3728 -10.680602
11.4824 -13.5321 -6.7322 -10.385337
12.4397 -13.1153 -5.3274 -10.073244
13.1732 -12.7275 -3.4442 -9.741831
14.0029 -12.5015 -1.5695 -9.394013
14.9232 -12.6143 0.2611 -9.031954
16.0509 -12.8503 1.9217 -8.654064
17.2291 -12.7352 3.6117 -8.254588
18.6969 -13.072 4.9744 -7.848427
20.4387 -12.843 5.9867 -7.425222
22.2399 -12.9948 6.2182 -7.116014
23.7688 -13.3762 5.9788 -6.931351
25.0057 -12.6222 5.3936 -6.740156
26.3571 -12.2571 4.8087 -6.54571
27.8738 -11.9691 4.5669 -6.346571
29.2461 -11.1445 4.4391 -6.142568
30.8012 -10.7714 4.3716 -5.936183
32.3851 -10.5715 4.2891 -5.726094
33.2233 -10.1298 4.9983 -5.509904
34.0663 -9.8024 5.9221 -5.290502
35.5597 -9.845 6.5062 -5.069022
36.9026 -9.7278 7.2501 -4.843425
38.2463 -9.5474 7.9246 -4.616349
39.7277 -9.1425 8.3952 -4.386873
41.1759 -8.7377 8.951 -4.155674
42.5633 -8.3419 9.5488 -3.921452
43.7337 -8.1277 8.583 -3.686073
45.1311 -8.0308 7.9631 -3.450761
46.5242 -8.3092 7.3517 -3.216808
47.4104 -8.3281 6.0274 -2.980942
48.547 -8.1523 4.9694 -2.747844
50.1277 -8.0481 4.8161 -2.516835
51.0302 -8.412 5.9293 -2.28462
52.4231 -8.5023 6.17 -2.057697
53.895 -8.5955 6.6905 -1.833261
54.9911 -8.7652 7.7616 -1.614104
56.4893 -8.9904 7.679 -1.401815
57.587 -10.1308 7.9043 -1.198053
59.0801 -10.6364 8.1455 -0.999936
60.6014 -11.0022 8.4608 -0.810911
61.9959 -11.5958 8.0265 -0.631284
62.9752 -11.9724 7.058 -0.45844
63.4644 -12.0743 5.5381 -0.297039
64.0395 -11.9612 4.047 -0.146478
64.4337 -11.9546 2.4888 -0.009949
64.823 -11.932 0.9297 0.110029
65.2041 -11.8836 -0.6309 0.212236
65.5558 -11.8356 -2.1985 0.296819
65.8976 -11.7879 -3.7682 0.361286
66.4194 -11.7876 -5.282 0.405002
66.4944 -12.5596 -6.6605 0.426081
21.8035 -12.9643 5.5087 -7.076894
22.2928 -12.8975 4.0421 -6.818233
22.782 -12.8307 2.5755 -6.563224
23.2713 -12.7639 1.1089 -6.312283
23.7606 -12.6971 -0.3578 -6.065748
24.2499 -12.6303 -1.8244 -5.823893
24.7391 -12.5635 -3.291 -5.586868
25.2284 -12.4967 -4.7576 -5.354588
25.7177 -12.4299 -6.2242 -5.127505
26.2069 -12.363 -7.6908 -4.906097
26.8935 -12.3131 -8.9994 -4.689203
27.9931 -12.1349 -10.0456 -4.471421
29.4155 -12.0244 -10.5719 -4.252257
30.9321 -12.139 -10.7879 -4.03285
32.4337 -12.4908 -10.7732 -3.810946
33.7283 -13.0404 -10.3346 -3.589417
34.9591 -13.7394 -9.781 -3.367857
36.3049 -14.3754 -9.3611 -3.145818
37.7863 -14.4064 -8.971 -2.920425
38.9765 -14.4204 -8.3072 -2.696671
39.509 -14.5028 -6.8771 -2.476369
40.803 -14.1184 -7.3333 -2.260125
42.1172 -13.7343 -7.9502 -2.046921
43.481 -14.2451 -8.4653 -1.840024
44.8322 -14.6862 -9.0455 -1.638408
46.2199 -15.1571 -9.5418 -1.442894
47.4998 -15.7968 -10.1041 -1.255981
48.4919 -16.341 -10.9949 -1.075942
49.2648 -16.5571 -12.2212 -0.903738
50.6437 -17.0063 -12.5265 -0.742794
52.1626 -17.2199 -12.7123 -0.591411
53.5098 -17.9199 -12.5815 -0.45316
54.8261 -18.5114 -12.0649 -0.327766
56.0144 -19.3898 -11.6485 -0.217877
57.1511 -20.3793 -11.2981 -0.123793
58.5784 -20.83 -11.009 -0.046103
59.5198 -21.3446 -11.6244 0.014565
59.9152 -21.5013 -13.1121 0.056157
60.3293 -21.6363 -14.5919 0.07732
5.542 -17.4481 -11.9734 -11.994361
5.2752 -19.0549 -12.8511 -11.894345
4.5319 -20.5356 -13.6308 -11.785949
4.2842 -21.2679 -12.1504 -11.66652
4.5234 -21.5541 -11.2061 -11.540478
5.0916 -22.5097 -9.9139 -11.407061
5.6355 -23.6108 -8.5295 -11.266723
6.4022 -24.9693 -7.5369 -11.119251
6.6335 -26.3097 -6.3211 -10.964821
7.1852 -27.3717 -7.4784 -10.801258
7.7638 -28.2275 -9.037 -10.630402
9.1599 -28.8455 -10.0123 -10.453315
10.2945 -29.4271 -11.2255 -10.268972
12.0307 -29.9265 -10.7637 -10.077301
13.7255 -30.5864 -10.4924 -9.879936
15.1918 -31.515 -11.0288 -9.677156
16.7178 -31.6949 -12.0524 -9.466365
18.2188 -31.9125 -13.1144 -9.249611
19.9511 -32.1969 -13.7295 -9.026685
21.5074 -33.0418 -14.1745 -8.790265
22.8543 -34.2615 -14.6414 -8.548338
24.0059 -35.5947 -15.1729 -8.309321
24.5296 -37.1036 -15.7174 -8.065152
24.7232 -37.5624 -17.5262 -7.810853
25.1008 -38.2263 -19.2142 -7.552912
26.3789 -39.4506 -19.5884 -7.294182
28.1291 -39.8596 -20.0602 -7.028997
29.3513 -39.6098 -21.3429 -6.75681
30.6809 -38.9744 -22.3478 -6.479444
31.8544 -39.4408 -23.699 -6.199244
32.7072 -40.1312 -24.5207 -5.916143
34.1875 -40.0661 -24.2388 -5.626969
35.3747 -39.954 -25.6606 -5.333333
36.0556 -40.1808 -27.3735 -5.032211
37.1117 -40.5409 -28.8636 -4.73104
37.9499 -40.8975 -30.5002 -4.426803
38.8019 -40.6861 -32.1277 -4.118024
39.8174 -40.5169 -33.6425 -3.80806
40.8901 -40.7217 -35.068 -3.496687
42.5305 -41.61 -35.2384 -3.184491
44.3755 -41.8861 -35.4176 -2.869743
45.9871 -42.2694 -36.0731 -2.554023
47.4878 -43.2765 -36.1873 -2.233044
49.3319 -43.6209 -36.2065 -1.90456
51.1887 -43.712 -36.2324 -1.585135
53.0372 -43.4731 -36.3042 -1.266534
54.8899 -43.6769 -36.497 -0.951939
56.6959 -43.5991 -36.9065 -0.638896
58.2639 -44.1277 -37.6876 -0.330371
59.5341 -44.5902 -38.7803 -0.022903
60.5988 -45.0677 -39.8571 0.277665
61.8729 -46.2433 -40.1922 0.570464
63.3313 -46.5896 -41.0735 0.858512
64.0217 -46.6763 -42.7931 1.140346
64.5704 -46.7494 -44.583 1.412349
64.8703 -46.6711 -46.4334 1.683666
65.1687 -46.5915 -48.2839 1.934835
65.5964 -46.5388 -50.1097 2.172387
65.7108 -46.4215 -51.9702 2.411243
65.6981 -46.2783 -53.8407 2.63054
65.6854 -46.1351 -55.7113 2.822223
65.6727 -45.9919 -57.5819 2.986065
65.7296 -45.7497 -59.4403 3.130294
65.8135 -45.4694 -61.2934 3.247845
66.0243 -45.0935 -63.1166 3.33815
66.1717 -44.6856 -64.9394 3.400955
66.3305 -44.1781 -66.4646 3.433587
5.6517 -16.7814 -12.2027 -11.883508
5.689 -16.9607 -13.7308 -11.561202
5.7263 -17.14 -15.259 -11.23297
5.7636 -17.3194 -16.7872 -10.900232
5.8009 -17.4987 -18.3154 -10.563961
5.8383 -17.678 -19.8436 -10.224953
5.8756 -17.8574 -21.3717 -9.883833
5.9129 -18.0367 -22.8999 -9.541666
5.9502 -18.216 -24.4281 -9.199357
5.9875 -18.3954 -25.9563 -8.857511
6.0248 -18.5747 -27.4845 -8.516417
6.0621 -18.754 -29.0126 -8.176275
6.0994 -18.9334 -30.5408 -7.838027
6.1367 -19.1127 -32.069 -7.502198
6.1741 -19.292 -33.5972 -7.16916
6.2114 -19.4714 -35.1254 -6.839155
6.2487 -19.6507 -36.6536 -6.512218
6.286 -19.83 -38.1817 -6.189032
6.3233 -20.0094 -39.7099 -5.870128
6.3606 -20.1887 -41.2381 -5.555911
6.3979 -20.368 -42.7663 -5.246606
6.4352 -20.5474 -44.2945 -4.942046
6.4725 -20.7267 -45.8226 -4.642917
6.5099 -20.906 -47.3508 -4.349821
6.5472 -21.0854 -48.879 -4.063245
6.5845 -21.2647 -50.4072 -3.783388
6.6218 -21.444 -51.9354 -3.510179
6.6591 -21.6234 -53.4635 -3.243992
6.6964 -21.8027 -54.9917 -2.985526
6.7337 -21.982 -56.5199 -2.735372
6.771 -22.1614 -58.0481 -2.493917
6.8083 -22.3407 -59.5763 -2.261244
6.8457 -22.52 -61.1045 -2.037346
6.883 -22.6994 -62.6326 -1.822454
6.9394 -22.8766 -64.1572 -1.617258
8.1498 -22.8799 -64.1006 -1.416981
8.9886 -23.516 -62.989 -1.219937
9.9314 -24.3205 -62.1091 -1.028287
10.5435 -25.411 -61.3105 -0.840459
11.1641 -26.7642 -60.9602 -0.658536
11.7371 -28.177 -61.0516 -0.482912
12.2468 -29.4991 -61.4619 -0.31341
12.6299 -30.7915 -61.1111 -0.15108
13.0367 -32.212 -60.6823 0.001527
13.4206 -33.6473 -60.2909 0.143935
13.672 -35.0666 -59.8345 0.274541
13.7802 -36.5811 -60.0484 0.391719
13.7177 -38.0731 -60.4184 0.494851
13.5658 -39.5761 -60.7091 0.583237
13.3014 -41.0704 -60.6511 0.655448
13.3571 -42.0105 -59.4467 0.712136
13.5377 -43.0476 -58.3404 0.749996
13.6333 -44.0606 -57.3331 0.768552
-2.4565 -0.91 0.0523 -14.502099
-2.8293 2.667 0.2464 -15.107482
-3.0866 6.216 0.7208 -15.762693
-2.2413 9.6979 1.5153 -16.479483
-0.7404 12.7593 0.9662 -17.262303
0.227 15.8879 -1.0884 -18.167957
0.5524 20.1154 -1.9386 -19.237771
0.4575 24.418 -2.5408 -20.452005
0.4389 27.3767 -5.5178 -21.836627
-0.013 29.9656 -8.7108 -23.409982
-0.1419 14.3216 0.264 -17.708124
0.8616 14.8245 1.2959 -17.956141
2.5303 15.409 3.4469 -18.539735
5.0961 15.9466 3.8822 -19.271321
7.8356 16.5695 3.9069 -20.176027
10.5566 17.2922 4.0994 -21.265395
13.2701 17.9524 4.5537 -22.574146
15.8121 18.8134 4.7988 -24.127996
17.2134 19.7132 4.344 -25.332501
17.5574 19.3689 4.0634 -25.337607
-0.9274 14.3109 0.2417 -17.534827
-2.5488 14.1754 0.0246 -17.246511
-4.1702 14.04 -0.1925 -17.047562
-5.6969 13.9854 -0.1496 -16.933811
-6.0083 14.0245 0.9686 -16.903916
-4.7591 13.8534 0.1003 -16.9658
-4.5248 13.8442 -1.5168 -17.160777
-4.3735 13.8457 -3.1513 -17.470187
-4.2222 13.8471 -4.7858 -17.892235
-4.0708 13.8486 -6.4202 -18.431733
-3.7648 13.9278 -8.018 -19.118625
-3.1571 14.1597 -9.5252 -19.987653
-2.5409 14.9686 -10.6984 -21.019687
-0.6612 32.5013 -8.9792 -24.499273
-1.3441 34.6869 -8.6538 -25.300422
-2.5162 37.7967 -7.959 -26.384891
-4.0883 40.798 -9.2426 -27.369356
-6.1771 43.4321 -10.5669 -28.263016
-7.4526 45.9637 -12.4793 -29.075261
-8.199 48.9959 -14.3148 -29.797206
-8.488 52.2581 -16.0262 -30.429383
-8.9751 55.6713 -17.3793 -30.992808
-8.9724 59.3456 -17.9864 -31.492185
-8.8355 62.9598 -18.9326 -31.932329
-8.1651 65.7964 -21.101 -32.319177
-8.071 69.4931 -21.2598 -32.653519
-8.0725 72.7987 -19.5494 -32.952432
-8.8931 75.9303 -20.6534 -33.177193
-9.8467 77.8663 -22.8286 -33.337208
-10.916 79.9845 -24.8489 -33.467917
-11.8107 82.572 -26.461 -33.572771
-13.9622 85.1541 -28.0376 -33.640317
-15.428 87.4195 -30.0798 -33.668345
-16.2874 89.1284 -32.8169 -33.668458
-17.1302 91.8068 -33.4334 -33.652847
-16.6579 94.7355 -33.3269 -33.611254
-16.2793 97.4317 -32.2507 -33.544144
-16.0966 100.3779 -31.8618 -33.449949
-15.6048 103.2146 -31.8672 -33.285654
-15.0646 104.6984 -30.0846 -33.039636
-14.4099 106.6313 -31.3901 -32.754403
-13.9013 109.3975 -31.7321 -32.430357
-13.1382 112.1018 -31.8855 -32.070293
-12.0288 114.6912 -32.2205 -31.675777
-9.9615 116.491 -32.7147 -31.250059
-8.3964 118.5551 -33.6954 -30.79167
-7.0441 120.3709 -35.2413 -30.302835
-16.3107 103.1222 -31.2609 -33.306395
-17.0106 105.6108 -30.0258 -33.093462
-17.7104 108.0993 -28.7907 -32.837846
-18.4103 110.5878 -27.5556 -32.542841
-19.1321 113.0846 -26.3544 -32.21145
-20.0839 115.6275 -25.7828 -31.842453
-21.6544 117.8269 -26.4818 -31.434688
-22.4041 120.0541 -28.0006 -30.9873
-23.8204 121.9956 -29.2918 -30.503483
-16.2837 88.4956 -30.6847 -33.521052
-16.9057 88.45 -28.8674 -33.193137
-17.5277 88.4044 -27.0501 -32.824625
-18.1496 88.3588 -25.2328 -32.4196
-18.7716 88.3131 -23.4155 -31.981319
-19.3936 88.2675 -21.5982 -31.512836
-20.0155 88.2219 -19.7808 -31.016438
-20.6375 88.1763 -17.9635 -30.49469
-21.2595 88.1307 -16.1462 -29.949697
-21.8814 88.0851 -14.3289 -29.383366
-22.5034 88.0394 -12.5116 -28.798412
-23.1253 87.9938 -10.6943 -28.196229
-23.7473 87.9482 -8.8769 -27.578076
-24.3693 87.9026 -7.0596 -26.945512
-24.9912 87.857 -5.2423 -26.299141
-25.6132 87.8114 -3.425 -25.641049
-26.2352 87.7657 -1.6077 -24.97284
-26.8571 87.7201 0.2096 -24.295387
-27.4791 87.6745 2.0269 -23.609665
-28.1011 87.6289 3.8443 -22.916323
-28.723 87.5833 5.6616 -22.216832
-10.6474 82.0467 -25.97 -33.577259
-9.8973 83.5702 -26.7997 -33.652401
-8.9166 84.4636 -28.1497 -33.690659
-7.9416 85.635 -29.2349 -33.691878
-6.7633 86.7616 -30.2244 -33.657816
-5.9934 87.8877 -31.5 -33.589468
-4.805 89.0805 -31.9871 -33.488079
-4.0074 90.0975 -33.2964 -33.354315
-3.642 91.5318 -34.1524 -33.189625
-3.5504 92.2381 -35.0395 -32.996885
-2.6112 93.3175 -34.37 -32.775207
-1.4138 94.7914 -34.5426 -32.527069
-0.1697 96.0984 -35.117 -32.253125
0.8889 97.112 -35.3375 -31.954547
1.8787 97.6218 -33.8386 -31.633023
3.297 98.6527 -34.2066 -31.290702
4.478 100.1526 -34.2331 -30.928283
5.7259 101.6013 -34.2783 -30.546429
6.9236 103.076 -34.3329 -30.147718
8.2378 104.4594 -34.2789 -29.731653
9.708 105.6324 -34.1824 -29.301929
11.0242 106.9149 -34.1788 -28.857795
12.03 108.5293 -34.2938 -28.401568
12.8387 110.237 -34.4028 -27.934945
13.6986 111.9172 -34.2947 -27.460045
14.9808 113.3035 -34.0183 -26.979094
16.3534 114.5382 -33.5266 -26.492694
-8.0122 74.6652 -19.0128 -33.196954
-7.3733 74.7434 -17.1393 -33.375729
-6.2129 74.8717 -15.5661 -33.511595
-4.6588 75.1485 -14.4836 -33.607409
-2.9313 75.2005 -13.5318 -33.666003
-1.1908 75.5548 -14.025 -33.688191
0.2492 75.4182 -15.2751 -33.677099
1.6994 75.2949 -16.4498 -33.633068
3.456 75.8724 -16.5978 -33.55595
4.909 77.061 -16.0201 -33.447487
6.3489 78.0205 -15.2054 -33.310616
7.6777 78.1558 -16.557 -33.146196
9.1932 78.8939 -17.1669 -32.953902
10.3243 80.3116 -17.9293 -32.734656
11.8031 81.2429 -18.8099 -32.491995
13.3202 82.0201 -19.7154 -32.225845
14.672 82.8734 -20.8357 -31.937644
15.8195 84.0369 -21.4716 -31.629077
17.3968 85.0052 -21.5241 -31.301737
19.1523 85.9091 -21.6233 -30.956401
20.835 86.8367 -21.5731 -30.594661
22.3782 87.6805 -22.4819 -30.216581
23.6336 88.6822 -23.6145 -29.825102
25.3121 89.236 -24.4178 -29.423659
26.9271 90.1776 -25.069 -29.003217
28.5711 91.1435 -25.6063 -28.568901
30.1849 92.1759 -26.0934 -28.139699
31.906 93.0582 -26.3886 -27.709695
33.349 94.3802 -26.2354 -27.277498
34.682 95.7638 -25.7885 -26.845569
36.0698 96.9946 -25.1164 -26.416962
-9.1332 71.1226 -19.9391 -32.76446
-11.2049 71.3971 -19.3463 -32.641545
-12.2503 72.1505 -17.4371 -32.460612
-13.2771 72.9723 -16.3017 -32.224756
-15.0629 74.4381 -16.0237 -31.935584
-17.1889 75.3374 -15.9102 -31.596639
-18.7708 76.7954 -16.5998 -31.209041
-20.2396 77.7578 -18.0502 -30.777121
-21.4318 79.2493 -19.3169 -30.304297
-22.4493 80.8848 -20.0685 -29.927848
-23.644 82.5321 -19.9209 -29.662642
-25.2693 83.8199 -19.7197 -29.376671
-26.4282 85.5474 -19.5741 -29.067364
-27.4271 87.2915 -19.7394 -28.735259
-28.2555 88.0894 -18.5764 -28.379331
-28.4362 88.7812 -16.6121 -27.999484
-28.7184 89.4709 -14.6555 -27.600817
-28.5952 90.5234 -12.9306 -27.181057
-28.0087 92.2281 -11.8717 -26.738258
-28.1824 93.3344 -10.523 -26.272731
-28.881 94.9101 -9.3484 -25.784137
-29.1637 96.6406 -8.2343 -25.274126
-29.7507 98.589 -7.8416 -24.74163
-31.2546 100.014 -7.7767 -24.186988
-32.9856 101.1833 -7.8435 -23.612205
-34.438 102.6859 -7.93 -23.013738
-35.8645 104.1959 -8.077 -22.393167
-37.7492 105.0636 -8.2888 -21.752197
-39.7252 105.5106 -8.4883 -21.088322
-41.4274 106.5542 -8.4275 -20.400154
-22.5697 79.9845 -21.0657 -29.903486
-23.5049 79.5868 -23.0086 -29.611791
-24.7357 79.2357 -23.1851 -29.327078
-26.0186 79.7983 -22.2548 -29.019293
-27.6912 80.6895 -21.9109 -28.689501
-29.3246 81.7314 -21.4655 -28.338491
-31.1306 82.4861 -21.4143 -27.967032
-32.9071 83.2024 -21.5235 -27.572775
-34.8537 83.2248 -21.3716 -27.158464
-36.6622 83.819 -20.8419 -26.721063
-38.0322 83.5029 -19.5874 -26.262437
-39.4902 83.5562 -18.2934 -25.782153
-40.9141 84.0358 -17.0459 -25.279548
-42.4783 85.0996 -16.5078 -24.755836
-44.0118 86.2891 -16.2793 -24.209934
-45.0805 86.8165 -17.3328 -23.632274
-45.3985 87.0849 -19.2874 -23.037811
-46.0085 87.5938 -21.1008 -22.419952
-46.5256 87.8633 -23.0125 -21.78072
-47.0124 88.1443 -24.9307 -21.119852
-48.0466 88.8001 -25.8124 -20.445713
-49.3531 89.8139 -24.8517 -19.750092
-23.4169 79.5945 -22.041 -29.746217
-7.4755 47.1812 -14.128 -29.864176
-6.6397 46.9581 -15.442 -30.613076
-6.0885 47.0624 -16.854 -31.287669
-5.6785 47.4504 -18.3124 -31.911001
-5.0375 48.1975 -19.4234 -32.482197
-4.9376 48.8586 -20.8471 -33.011506
-4.8994 49.5688 -22.2208 -33.500078
-4.8067 50.8524 -23.1201 -33.946743
-4.348 52.1399 -23.896 -34.377387
-3.8636 53.4258 -24.6617 -34.757431
-3.2759 54.7308 -25.2965 -35.092423
-2.6137 56.0992 -25.6637 -35.391195
-1.9972 57.5231 -25.7699 -35.657958
-0.7472 58.4335 -25.8246 -35.892863
0.1834 59.5702 -25.9895 -36.093657
1.0556 60.8294 -26.3063 -36.258573
1.4265 62.1744 -26.9168 -36.385931
1.2466 63.3678 -27.9187 -36.474329
0.8615 64.5278 -28.8693 -36.519994
-1.2039 34.2315 -8.7378 -25.303684
-2.1645 36.692 -8.3921 -26.346849
-3.11 39.1845 -8.3928 -27.261485
-3.9026 40.3411 -6.7187 -28.064839
-4.4638 40.8393 -4.1593 -28.769587
-5.2514 41.2336 -1.6507 -29.381743
-6.4986 41.3875 0.6577 -29.910444
-6.9016 41.3668 3.1344 -30.368773
-8.3244 41.1475 5.0228 -30.757021
-9.0777 42.2825 6.6587 -30.985981
-10.4818 44.1286 6.7312 -31.069462
-12.0542 45.877 6.472 -31.107553
-13.7926 47.4551 6.7415 -31.101582
-14.3287 48.7274 8.6097 -31.052992
-14.2892 50.0448 10.5825 -30.96221
-14.3831 52.2013 11.5125 -30.828186
-15.4653 54.1641 11.5993 -30.654389
-15.9872 56.1264 10.7348 -30.441557
-15.9935 58.493 10.4465 -30.189522
-16.6674 59.2873 8.5547 -29.901298
-17.4698 59.7595 6.3608 -29.577894
-17.8092 61.9411 6.2291 -29.217719
-19.8136 62.8997 6.5069 -28.825452
-21.3274 63.1601 7.9551 -28.401073
-22.8218 64.0013 9.1439 -28.034986
-24.7396 64.6596 9.7419 -27.733511
-25.9313 65.6939 8.2209 -27.408562
-27.3521 67.091 7.1443 -27.059795
-27.8515 68.7801 5.7356 -26.686382
-28.9706 70.1238 4.2552 -26.289846
-29.8302 71.1977 2.3661 -25.868409
-30.5772 72.9481 2.3143 -25.420077
-31.2511 73.9836 4.3225 -24.947732
-31.8836 74.7971 6.3519 -24.449813
-33.4979 76.3178 6.0157 -23.92812
-35.3494 77.7054 5.6794 -23.381268
-36.2359 77.7987 3.4859 -22.807315
-36.823 78.2142 1.2302 -22.206345
-37.2962 78.8752 -1.0041 -21.578253
-38.0777 79.5243 -3.1351 -20.927569
-38.5828 79.8578 -5.4262 -20.247644
-40.1286 80.7679 -6.86 -19.546381
-41.8887 81.3717 -5.9333 -18.819385
-43.201 81.2826 -4.0378 -18.066811
-44.3102 81.7185 -2.0187 -17.292447
-23.2557 64.0561 8.131 -28.053567
-24.9649 64.9635 8.1844 -27.790241
-26.0616 65.9005 8.9001 -27.500008
-26.305 66.1448 10.8713 -27.187893
-26.4364 66.2766 12.8582 -26.859983
-26.7662 66.3845 14.8041 -26.511003
-28.2543 66.3369 15.7942 -26.142421
-29.7596 66.2207 16.7645 -25.7511
-29.8152 66.2528 18.7633 -25.338155
-30.2709 66.9957 19.6957 -24.902972
-31.7156 67.9135 20.4594 -24.443468
-32.1409 69.5247 21.5115 -23.961849
-33.0427 71.1208 22.2483 -23.45973
-33.7682 72.7602 23.0868 -22.936341
-34.714 74.4169 23.6586 -22.393023
-35.5114 76.0162 24.4887 -21.828318
-35.8784 77.7991 25.2812 -21.240927
-36.6919 79.4931 25.9091 -20.633234
-37.5921 81.2366 26.1638 -20.00649
-37.9648 82.9348 26.6532 -19.355006
-38.1232 84.1537 28.0096 -18.687375
-37.4894 85.6297 29.04 -18.000374
-37.0034 87.4849 29.1485 -17.294313
-36.7841 89.4485 29.2879 -16.546954
-36.3959 91.4052 29.448 -15.785844
-9.6387 41.5186 6.3846 -31.094537
-11.2133 41.8239 6.3128 -31.398101
-12.0979 42.4791 4.8865 -31.66802
-13.2557 43.35 3.9751 -31.901751
-14.2423 43.577 2.4577 -32.104384
-15.3556 43.71 1.0276 -32.275822
-15.9894 44.5732 -0.4476 -32.41695
-16.6871 45.12 -2.0478 -32.530046
-17.7188 45.8368 -3.2857 -32.615897
-18.5783 46.8498 -4.5254 -32.675686
-19.9074 47.2662 -5.6939 -32.712325
-21.5852 47.5437 -6.3542 -32.726557
-22.9761 48.6597 -6.3259 -32.717763
-24.3563 49.8697 -6.2079 -32.687878
-25.8552 50.8966 -6.0169 -32.638915
-27.0962 51.9486 -5.4199 -32.571887
-27.9482 52.3876 -3.9646 -32.489703
-29.654 52.5789 -3.9322 -32.393212
-30.6445 52.9077 -5.3714 -32.282286
-32.0441 53.5066 -6.2656 -32.158785
-33.4656 54.634 -6.5349 -32.024559
-34.9544 55.5474 -7.0531 -31.882852
-36.2819 56.6634 -7.6004 -31.733286
-37.6486 57.8611 -7.7756 -31.577449
-38.5034 59.4777 -7.6459 -31.417584
-39.3718 61.0534 -7.2838 -31.257635
-40.2991 62.551 -6.7638 -31.098055
-41.2384 64.045 -6.261 -30.940376
-41.8614 65.6914 -5.7694 -30.787563
-42.4591 67.2851 -5.1652 -30.641373
-43.3383 68.5969 -4.4191 -30.504134
-44.4522 70.0317 -4.1392 -30.377286
-45.5063 71.5345 -4.0501 -30.26134
-46.5569 73.035 -4.1531 -30.157934
-47.8716 74.2263 -4.5515 -30.069256
-48.8625 75.1738 -5.5759 -29.996486
-49.2408 75.7623 -7.2733 -29.939446
-49.4584 77.0985 -8.4631 -29.89723
-49.9501 78.752 -8.946 -29.869346
-51.026 79.8745 -9.2484 -29.854896
-51.28 79.9424 -10.8927 -29.851018
17.7044 20.951 4.9703 -25.99103
18.2015 22.2043 5.6044 -26.603995
18.6985 23.4577 6.2386 -27.167566
19.0912 25.152 6.8819 -27.816995
19.429 27.2733 6.757 -28.515698
20.0937 28.9393 5.4586 -29.144806
20.5192 30.5261 4.0181 -29.710019
21.7848 31.8769 2.8501 -30.217524
22.0977 33.1829 1.0434 -30.671346
23.2662 34.71 0.0406 -31.072332
23.7528 35.2305 -1.9989 -31.42872
24.4415 36.3316 -0.4475 -31.739332
25.2156 37.3871 1.3732 -32.007251
25.5431 38.1412 3.4507 -32.236348
26.3109 39.4951 5.0553 -32.425156
27.3125 40.7429 3.9319 -32.577744
27.6125 41.5008 5.9749 -32.696843
27.8649 42.4672 7.8245 -32.781852
28.5761 44.0126 9.106 -32.83332
29.3017 45.8785 9.8466 -32.853054
29.8444 47.4239 10.9837 -32.842981
29.8427 48.4745 12.9418 -32.804316
30.4043 50.5089 13.6559 -32.735263
32.2661 51.6774 14.0416 -32.640102
33.7432 53.3643 13.9508 -32.516124
35.3704 54.8773 13.6311 -32.365156
36.404 56.7929 13.1328 -32.1871
37.9566 57.9008 12.228 -31.985125
39.1636 59.6692 11.6914 -31.755849
40.7811 61.2139 11.412 -31.500813
42.5407 62.5144 11.7504 -31.221755
43.9242 63.8221 12.81 -30.916746
45.3908 65.165 13.6376 -30.586417
45.9271 67.2097 14.1714 -30.23152
46.6355 69.1359 14.3788 -29.852368
48.3635 70.1089 14.8857 -29.449464
49.6569 71.9103 15.1633 -29.011881
50.9513 73.7475 15.4455 -28.549744
52.8054 74.9337 15.6383 -28.073632
54.7263 75.5702 15.6827 -27.574405
56.0864 76.9982 15.657 -27.049289
57.1449 78.0802 14.4904 -26.497781
58.894 79.349 14.0314 -25.923175
60.9129 80.2627 14.3307 -25.325276
62.6887 81.5896 14.007 -24.700149
64.1912 82.1373 14.8133 -24.048029
65.3934 82.3955 16.5144 -23.373381
66.9021 83.2776 17.6975 -22.674495
67.4164 84.9808 18.6495 -21.950384
68.0681 86.9646 19.2519 -21.205694
18.9087 24.0362 7.1126 -27.462111
19.1476 18.9083 3.9431 -26.127316
20.9905 18.3979 3.8423 -26.940685
22.9152 18.2333 3.6481 -27.681283
24.7758 17.8958 3.3306 -28.35424
26.5871 18.0132 3.1308 -28.965221
28.3023 18.6484 3.6845 -29.519215
29.9424 18.8206 4.6508 -30.02106
31.2866 18.6601 5.9911 -30.476632
32.7096 18.1098 7.1234 -30.887163
34.1103 16.8391 7.543 -31.255933
35.4164 15.4177 7.7072 -31.585046
36.5618 14.0174 7.4707 -31.875921
38.0589 13.6462 6.35 -32.12911
39.8047 13.3092 5.8907 -32.348285
41.5119 12.7068 5.2455 -32.53572
42.8693 12.0614 4.0202 -32.69249
44.4573 11.3345 3.2295 -32.819054
45.9294 10.8303 2.4767 -32.917328
47.1014 10.1377 3.6205 -32.988945
48.3849 9.3089 4.6779 -33.034932
49.394 9.6773 6.2389 -33.054241
50.6478 10.0528 7.6185 -33.049422
51.9327 9.8336 9.0023 -33.022912
53.4883 10.1208 10.104 -32.97347
55.2334 9.8227 9.9071 -32.903749
57.0597 9.924 9.3135 -32.806898
58.8743 9.6526 8.6558 -32.687508
60.689 9.3812 7.9981 -32.553363
62.4959 9.1815 7.3186 -32.405876
64.0964 9.6659 6.3822 -32.241768
65.6128 10.0298 5.5676 -32.061083
66.3879 8.7348 6.61 -31.867776
67.0408 7.9267 8.2378 -31.659824
67.6184 7.3624 10.0083 -31.437272
68.2214 6.7991 11.7671 -31.202486
68.8557 6.3245 13.5452 -30.958789
69.5936 6.0215 15.3177 -30.7049
70.6128 5.6939 16.9232 -30.445094
71.846 5.1297 18.3139 -30.180904
73.446 5.6128 19.1551 -29.909172
75.1394 5.1362 19.9892 -29.632335
76.7792 5.1163 20.887 -29.358243
78.3203 5.541 21.9782 -29.083088
79.5543 6.0354 23.1887 -28.810727
80.477 6.477 24.7608 -28.544863
82.1371 6.4027 25.3832 -28.286686
83.992 6.8997 25.7174 -28.036456
85.8702 6.8251 26.0726 -27.799416
87.7509 6.7088 26.4848 -27.577276
89.6348 6.7028 26.6547 -27.372218
91.0074 6.4378 25.4152 -27.186985
92.1971 6.0461 24.0228 -27.021131
93.1627 5.5053 22.7795 -26.873861
93.4181 5.3578 20.8527 -26.750194
93.6827 5.205 18.9277 -26.652106
93.9559 5.0473 17.0042 -26.579263
94.7999 4.5071 17.8661 -26.531403
-1.9865 16.2264 -10.9822 -22.089047
-1.6114 17.3396 -11.0385 -22.806677
-1.1973 18.2526 -10.4886 -23.350191
-0.4899 18.8695 -10.968 -23.721283
0.4947 18.656 -11.4238 -23.911074
-5.9486 122.6202 -36.4545 -29.783738
-4.8563 124.4889 -38.1946 -29.237722
-3.4433 126.1431 -39.8024 -28.668148
-2.2407 128.597 -40.3971 -28.075143
-1.5188 131.295 -40.1613 -27.462208
-1.6696 134.0734 -40.2753 -26.833796
-2.517 136.7345 -40.7076 -26.194532
-3.2762 139.4376 -41.1589 -25.548777
-4.1563 142.1305 -41.3938 -24.904025
-4.9956 144.8475 -41.5126 -24.267684
-4.2109 147.46 -41.641 -23.650251
-3.9407 150.1251 -41.6099 -23.06213
-3.8535 152.9656 -41.6389 -22.518453
-3.8797 155.8081 -41.7765 -22.034521
-3.362 158.4701 -41.8809 -21.630994
-3.9026 161.1882 -41.8597 -21.331711
-4.6546 163.8938 -41.7416 -21.165023
-4.458 166.7321 -41.7051 -21.159297
-4.7248 169.4267 -41.9823 -21.343571
-5.9516 171.9513 -42.4086 -21.743371
-6.8697 174.6164 -42.5236 -22.376368
-7.1469 177.3942 -42.5991 -23.251472
-8.5483 179.5426 -43.6297 -24.365556
-9.0965 181.9163 -44.9846 -25.700021
-9.3572 184.5276 -45.8738 -27.216249
-10.3037 185.8819 -45.5629 -28.466742
-12.6165 185.7411 -44.527 -29.378765
-14.6492 185.7303 -43.1953 -30.334755
-16.2496 187.2653 -42.1906 -31.326225
-17.9145 189.1431 -41.8854 -32.344238
-19.4479 191.0685 -41.5909 -33.377064
-21.0169 192.9475 -41.0017 -34.415524
-22.4125 194.4386 -40.3024 -35.451808
-23.7068 195.9472 -39.0039 -36.479138
-25.0392 197.7028 -39.8911 -37.491184
-25.8175 200.0563 -40.2799 -38.483475
-26.6369 201.4551 -41.5533 -39.459456
-27.5289 202.2594 -40.2727 -40.414806
-29.472 203.3638 -40.3713 -41.344741
-31.4096 204.4733 -39.3932 -42.252206
-31.9894 205.4816 -37.1556 -43.141321
-32.896 206.6385 -35.2063 -44.005749
-33.7738 206.9925 -32.8727 -44.852599
-35.326 208.2821 -31.3862 -45.674186
-36.5537 210.18 -30.3332 -46.475324
-37.6503 212.1937 -29.5135 -47.257749
-38.7499 214.0475 -28.2022 -48.024357
-38.8366 216.2339 -27.1303 -48.774797
-39.8429 217.9451 -25.6872 -49.511741
-40.3547 220.3663 -25.6679 -50.233569
-9.0607 186.6005 -47.0068 -28.467948
-8.6412 188.5188 -48.1723 -29.390138
-7.9227 189.8909 -49.7878 -30.374201
-7.3389 191.2666 -51.5099 -31.402193
-6.8689 192.8579 -53.067 -32.457713
-6.5717 194.5306 -54.6272 -33.530545
-6.699 195.7688 -56.5782 -34.612851
-6.6007 197.3796 -57.9455 -35.690877
-5.361 198.4457 -59.4593 -36.763065
-4.0706 199.0919 -61.2062 -37.824217
-2.56 200.3359 -61.9713 -38.864977
-1.1767 202.1203 -62.473 -39.886907
0.1257 203.765 -63.1817 -40.888996
0.5779 205.9809 -62.9411 -41.871332
1.7705 207.8999 -62.7909 -42.834898
1.7806 210.0234 -63.3852 -43.77958
1.251 212.0868 -62.5412 -44.707154
0.3882 214.2228 -62.3899 -45.616226
-0.4598 216.2968 -62.9067 -46.509268
-1.2479 218.4121 -63.4146 -47.388067
-2.0973 220.5416 -63.7457 -48.253444
-3.4118 222.4275 -63.923 -49.107015
-5.2388 223.8332 -64.0726 -49.950581
-7.0057 225.2983 -64.337 -50.784452
-8.1122 227.0393 -64.9339 -51.610712
-8.3675 229.0243 -65.402 -52.220348
-8.7031 230.7886 -65.6689 -52.61598
-9.2813 232.5101 -65.8231 -53.004268
-9.2237 228.2929 -64.8468 -52.231715
-10.9382 228.5001 -64.259 -52.642257
-12.6565 228.7042 -63.682 -53.035739
-25.5183 124.0162 -29.3962 -30.020813
-26.4756 125.8583 -28.1987 -29.549598
-27.6755 127.8327 -27.6028 -29.053559
-27.9279 128.8492 -29.077 -28.533559
-28.5728 129.8586 -27.39 -27.98686
-29.4951 131.5172 -26.0388 -27.418869
-30.3172 133.5583 -25.0126 -26.826959
-30.9903 134.755 -23.0132 -26.214455
-31.8576 136.0757 -21.167 -25.580714
-32.9249 137.8539 -19.8699 -24.926582
-34.7749 138.8966 -19.3111 -24.255375
-36.3176 139.9122 -18.0849 -23.568304
-37.4604 141.3871 -16.8864 -22.865662
-38.6623 143.1941 -16.0632 -22.148976
-40.1691 144.5551 -14.9429 -21.421649
-41.2877 146.3296 -14.9203 -20.68553
-42.5778 148.1549 -14.027 -19.946174
-43.9866 149.9737 -13.1872 -19.209257
-45.0144 151.7833 -12.0503 -18.477533
-45.5532 153.8159 -10.8393 -17.75726
-46.3861 156.0367 -10.2537 -17.055971
-46.9837 158.3901 -9.9517 -16.383358
-47.8117 160.6751 -9.7756 -15.747384
-49.0447 162.6915 -9.706 -15.160799
-50.015 164.9082 -9.8518 -14.634183
-51.5234 166.8379 -9.9384 -14.182007
-52.9161 168.8061 -9.9279 -13.817996
-54.0733 170.9215 -9.7859 -13.556457
-55.7453 172.652 -9.5467 -13.413966
-57.6094 174.1497 -9.6472 -13.404952
-59.246 175.273 -8.9172 -13.54406
-60.6519 176.3429 -7.7572 -13.842296
-61.8971 178.3631 -7.4187 -14.306454
-62.7492 180.6081 -7.5045 -14.943263
-63.9736 182.7158 -7.7021 -15.751028
-65.2308 184.8141 -7.6187 -16.722549
-66.7492 186.7003 -7.6491 -17.845057
-68.417 188.4651 -7.7574 -19.101348
-69.4591 190.6092 -7.7695 -20.464866
-69.6776 192.1396 -9.5531 -21.918685
-70.6232 193.0213 -8.854 -23.448588
-70.9662 193.1386 -6.4297 -25.008556
-71.4596 193.5338 -4.0639 -26.573028
-72.1758 195.2071 -3.9513 -28.107849
-73.6159 196.7389 -5.1111 -29.611799
-74.8609 198.522 -6.148 -31.072837
-75.7426 199.5734 -7.6936 -32.486261
-75.3694 199.5725 -10.1146 -33.867085
-74.4019 199.6256 -11.6143 -35.168348
-73.8016 200.0979 -9.3728 -36.410538
-74.5843 201.3776 -7.8285 -37.584641
-75.66 202.8847 -6.3385 -38.69594
-76.7569 204.7933 -5.2692 -39.744667
-77.7876 206.5222 -4.0466 -40.735698
-78.7815 208.5213 -3.0989 -41.66683
-29.3228 87.5393 7.4141 -21.536705
-29.9005 87.4969 9.1019 -20.87771
-30.4781 87.4545 10.7898 -20.216283
-31.0558 87.4122 12.4776 -19.553236
-32.2782 87.1841 13.3671 -18.885513
-33.8866 86.6278 13.8875 -18.200871
-35.2533 87.1539 14.4242 -17.498474
-35.8481 87.8038 15.3321 -16.781818
-36.8463 86.9864 16.4788 -16.053494
-38.3951 86.3544 16.7879 -15.314913
-40.0436 86.842 16.4412 -14.566154
-41.676 86.6973 15.7688 -13.811331
-43.0795 86.67 14.6822 -13.053578
-44.7397 86.6061 14.8133 -12.296139
-46.2784 86.3685 14.6265 -11.543133
-47.931 85.969 14.7511 -10.799987
-49.3382 85.0184 15.2541 -10.070315
-51.0157 84.5548 15.4912 -9.358228
-52.76 84.3802 15.7377 -8.672188
-54.4766 84.1118 16.1326 -8.018272
-56.1575 83.722 16.5614 -7.402559
-57.6854 83.1665 17.2616 -6.832067
-59.449 83.0129 17.2864 -6.315791
-61.2047 83.1213 17.0316 -5.861666
-62.4985 83.4162 16.057 -5.475877
-64.2493 83.561 15.9695 -5.167952
-65.9938 83.4285 15.6473 -4.944291
-67.7202 83.5173 15.2308 -4.809632
-69.055 83.036 14.2322 -4.770396
-69.8653 82.2066 12.9383 -4.828887
-71.0115 81.258 11.9738 -4.984519
-72.4278 80.4398 11.5445 -5.234996
-73.698 79.222 11.6667 -5.575789
-74.8344 77.8746 11.8888 -5.997407
-76.1909 76.8138 12.1994 -6.491926
-77.7152 76.0674 12.6693 -7.044705
-79.2241 75.3783 13.2714 -7.640343
-80.5771 74.3384 13.7242 -8.263314
-81.948 73.2954 14.1285 -8.895274
-83.3128 72.1963 14.4348 -9.517159
-84.2563 70.7511 14.49 -10.114287
-85.9688 70.3467 14.3507 -10.665633
-87.6869 70.083 14.43 -11.155648
-89.1236 69.3762 14.9056 -11.572468
-90.0942 69.1674 16.3612 -11.900733
-91.4773 68.4273 17.0893 -12.129173
-93.1744 68.4543 17.5737 -12.246533
17.4714 115.5383 -32.7054 -26.044805
18.7181 116.515 -32.6736 -25.636046
19.4474 117.9165 -32.6863 -25.22755
20.2746 119.2604 -32.6312 -24.82008
21.0837 120.5882 -32.4636 -24.416589
21.7758 121.9988 -32.2416 -24.018366
22.3094 123.4582 -32.1155 -23.62584
23.1409 124.8071 -32.0128 -23.241222
23.9385 126.1782 -31.9172 -22.864497
25.0849 127.2066 -31.902 -22.500645
25.7601 127.3047 -33.2559 -22.147761
26.628 127.211 -34.5602 -21.808333
27.4583 127.1967 -35.7592 -21.487076
28.395 127.5305 -34.6253 -21.184162
29.5644 128.205 -33.8463 -20.902363
30.5696 128.6374 -32.8152 -20.641677
32.0051 129.043 -32.2921 -20.405058
33.4128 129.4399 -31.6761 -20.193228
34.7649 130.0848 -31.1622 -20.006823
36.07 130.7044 -30.5266 -19.847028
37.2954 130.2845 -29.7509 -19.716467
38.6668 129.8544 -29.4393 -19.613998
40.0959 129.824 -28.9371 -19.538946
41.6596 129.7812 -29.1527 -19.490776
43.163 129.7557 -29.5887 -19.46825
37.3605 97.6671 -24.1386 -26.035562
38.5247 98.3419 -23.3011 -25.699508
39.4075 98.7958 -22.0704 -25.368045
39.7833 99.3954 -20.6642 -25.042953
39.86 99.407 -19.0804 -24.724386
40.1939 99.8932 -18.7303 -24.419875
40.4963 100.318 -20.2174 -24.125136
41.4643 101.4944 -20.1061 -23.844476
42.3976 102.7119 -19.7798 -23.578929
43.1049 104.0833 -19.5568 -23.328861
44.0865 105.3182 -19.6544 -23.097482
44.7899 106.7249 -19.7113 -22.884507
45.9094 107.8469 -19.694 -22.692425
47.0015 108.9935 -19.6267 -22.520671
47.4874 110.1272 -19.5101 -22.36543
47.4694 110.2183 -21.0953 -22.220834
47.4514 110.3094 -22.6805 -22.103729
47.4334 110.4005 -24.2657 -22.01337
47.4153 110.4915 -25.8509 -21.948872
47.3973 110.5826 -27.4361 -21.908623
47.3793 110.6737 -29.0213 -21.890301
-43.1464 107.2097 -8.6051 -19.745376
-44.2349 108.3552 -9.2701 -19.127574
-45.5183 109.1815 -10.1573 -18.495044
-46.5455 110.332 -10.9218 -17.847827
-47.6198 111.4497 -11.7523 -17.187682
-48.7733 112.6103 -11.9929 -16.514718
-49.0763 114.3515 -11.8794 -15.828894
-49.3422 116.0762 -11.586 -15.134773
-49.7822 117.0822 -10.2937 -14.43237
-50.4256 118.2912 -9.1739 -13.724272
-50.9978 119.2379 -7.7863 -13.013812
-51.2625 120.0244 -6.2601 -12.302179
-51.6654 121.1492 -4.9912 -11.596009
-51.9476 122.7357 -4.2703 -10.897023
-52.5998 124.2212 -3.6393 -10.211201
-53.274 125.7541 -3.0637 -9.544359
-53.9887 127.1954 -2.3704 -8.901699
-53.963 128.1021 -0.9245 -8.283299
-54.6255 128.6873 -0.6995 -7.700506
-55.0557 128.8462 -2.4173 -7.161781
-55.7093 129.6088 -3.8029 -6.680267
-56.3904 130.5701 -3.4395 -6.259717
-57.2397 131.7558 -2.5815 -5.908979
-57.7383 132.4193 -1.0375 -5.635422
-58.1997 132.8604 0.5026 -5.45131
-59.135 134.2149 0.2827 -5.362445
-59.5411 135.9385 0.3726 -5.375913
-60.3211 137.5272 0.4547 -5.49831
-61.5615 138.7924 0.4272 -5.733073
-62.8427 140.0202 0.4049 -6.081325
-63.9756 141.337 0.4784 -6.540948
-65.5415 142.0698 0.6041 -7.108937
-66.8201 143.3029 0.6105 -7.775856
-67.9523 144.6731 0.6097 -8.551058
-69.0106 146.0943 0.6091 -9.385332
-69.7753 147.6531 0.6561 -10.272723
-69.9859 148.4831 2.1055 -11.210651
-70.4429 149.3779 3.3991 -12.167349
-71.6135 150.4383 2.691 -13.125491
-72.4835 151.5429 1.7355 -14.067599
-72.9227 152.8592 2.7049 -14.978036
-72.5877 154.4469 3.3601 -15.835792
-73.0119 156.1489 3.5593 -16.62719
-73.1545 157.8864 3.5882 -17.335897
-74.1953 159.319 3.6169 -17.950127
-74.932 160.9303 3.7174 -18.458593
-75.2192 162.6661 3.8423 -18.850202
-75.4158 163.3004 5.1393 -19.124582
-75.4017 163.5667 6.8972 -19.265766
-50.1374 90.531 -23.3634 -19.07458
-51.2673 90.8857 -22.5511 -18.430155
-52.7159 91.6607 -23.1098 -17.770894
-54.0702 92.6015 -23.357 -17.096111
-55.4386 93.0469 -22.4458 -16.408003
-56.998 93.6059 -21.9041 -15.706053
-58.5673 94.2413 -21.5078 -14.993097
-59.4515 94.8578 -20.2839 -14.264673
-60.3751 95.9904 -19.3491 -13.532939
-61.639 96.317 -18.2753 -12.795223
-62.5765 96.8459 -17.7339 -12.053084
-63.9654 97.6322 -17.7098 -11.307497
-65.6166 98.1559 -17.9424 -10.564882
-67.3141 98.5251 -18.0363 -9.827147
-68.9906 98.999 -17.9141 -9.100124
-70.4527 99.8368 -17.5623 -8.384948
-71.8636 100.5751 -16.8437 -7.689085
-73.2945 101.1084 -16.0241 -7.017433
-74.8032 101.5319 -15.3155 -6.374975
-76.2937 102.0431 -14.7677 -5.767375
-76.9439 103.3194 -13.9021 -5.198647
-77.7853 104.5384 -13.0235 -4.676748
-79.1174 105.4827 -13.5256 -4.209267
-80.5678 106.3785 -13.889 -3.799642
-81.9123 107.4474 -14.0602 -3.454371
-82.892 108.884 -14.1362 -3.175037
-83.7902 110.3676 -14.0768 -2.96522
-84.9748 111.6284 -13.8567 -2.828037
-86.2002 112.6963 -13.3076 -2.762514
-87.0479 113.9279 -12.479 -2.766387
-87.7411 115.4304 -11.9657 -2.835205
-88.823 116.6812 -11.5653 -2.964409
-89.4834 118.0465 -10.8065 -3.145519
-90.0558 119.4566 -9.9504 -3.369118
-90.8226 120.9302 -9.4429 -3.623285
-91.9586 122.2396 -9.3374 -3.895954
-92.8888 123.6775 -9.6286 -4.174625
-93.6083 125.2344 -9.9613 -4.446564
-94.4583 126.6908 -10.3334 -4.698959
-95.6371 127.179 -11.2403 -4.922871
-96.5223 128.3643 -11.7434 -5.102149
-97.3565 129.8343 -11.9607 -5.228232
-98.0187 131.4271 -12.0082 -5.293241
-44.8397 82.3848 -0.1022 -16.588353
-45.6858 82.6745 1.4762 -15.962942
-47.0854 83.466 2.0376 -15.330118
-47.9154 84.1261 0.6038 -14.687083
-48.4536 84.4912 -1.1078 -14.041157
-49.4629 84.7481 -2.3216 -13.393191
-50.8487 85.4683 -2.9272 -12.743305
-51.3634 86.2483 -4.138 -12.091095
-51.1604 85.8865 -5.9031 -11.449309
-51.4147 86.3329 -4.63 -10.81622
-51.3753 86.9211 -3.2026 -10.204469
-51.6511 88.546 -2.6095 -9.614237
-52.0008 89.4665 -3.9264 -9.049836
-52.6137 90.8015 -4.1725 -8.523588
-53.4473 92.4123 -3.9386 -8.041256
-53.8653 94.1635 -3.6555 -7.612602
-53.9519 95.9277 -3.215 -7.2479
-54.3051 97.4953 -2.5507 -6.958388
-54.5625 98.6898 -1.1952 -6.756582
-54.547 99.8234 0.1762 -6.652072
-54.2907 100.3598 1.9096 -6.658339
-54.7709 101.2087 3.4194 -6.784742
-54.4328 101.9413 3.8933 -7.041777
-53.0212 101.1678 3.092 -7.440961
-52.5222 101.109 4.5528 -7.987301
-54.1846 101.7537 4.4499 -8.678417
-55.6576 102.8136 4.5394 -9.516938
-56.499 104.3974 4.7059 -10.500209
-56.8786 106.1716 4.8788 -11.620637
-56.4546 107.8733 4.5587 -12.865242
-55.6814 109.1098 4.4339 -14.232144
-55.7928 109.3656 6.2457 -15.715912
-56.2213 109.7146 7.7986 -17.235295
-55.5336 111.171 7.9788 -18.798308
-57.2605 111.7016 8.1166 -20.385296
-58.1121 113.2561 8.4551 -21.978084
-58.5985 114.919 9.0311 -23.559542
-59.6859 116.036 9.8099 -25.107714
-59.434 116.5435 10.5662 -26.621734
-59.3051 118.1105 11.4366 -28.081141
-59.9415 119.6907 12.0733 -29.486073
-60.8614 121.156 12.3489 -30.824482
-61.607 122.4945 11.39 -32.100578
-62.1797 124.0961 10.8491 -33.305292
-62.6253 125.8486 10.8404 -34.438638
-62.2188 127.4063 11.6395 -35.502088
-61.8461 129.0333 12.3882 -36.49528
-62.5327 130.6886 12.3999 -37.419092
-62.936 132.4579 12.2088 -38.276125
-63.3234 134.2117 11.8803 -39.06758
-63.6303 135.945 11.5157 -39.792215
-63.951 136.5199 9.8435 -40.458438
-64.1784 137.2406 8.1925 -41.05702
-64.0694 138.3872 6.7995 -41.58773
-64.3697 140.0086 6.0583 -42.054433
-64.8732 141.6033 5.322 -42.455513
-65.5178 142.5596 4.0703 -42.794186
-65.7682 143.1976 5.3492 -43.06838
-66.7186 144.3442 5.8832 -43.274474
-67.5125 145.9488 6.0337 -43.411992
-68.2142 147.6123 6.0332 -43.48007
-36.2134 93.2108 29.5751 -15.091794
-36.6635 94.7733 29.8902 -14.454744
-36.9263 96.2364 30.4302 -13.810628
-37.1622 97.773 30.8495 -13.15836
-37.5529 99.3568 31.1525 -12.498719
-37.9173 100.9487 31.3678 -11.837504
-38.3971 102.525 31.406 -11.172233
-38.3118 104.182 31.3802 -10.506959
-38.3833 105.841 31.3619 -9.843612
-38.5184 107.493 31.3513 -9.183384
-38.1793 109.1047 31.3065 -8.528106
-37.694 110.6348 31.1726 -7.882622
-37.4366 112.1749 31.1742 -7.246755
-36.4341 113.3684 31.2349 -6.622989
-35.2673 114.4885 31.1966 -6.016447
-35.1913 116.0244 31.322 -5.428093
-36.1323 117.264 31.8032 -4.861924
-36.1013 118.8174 31.8898 -4.319408
-35.2737 120.1279 31.585 -3.805094
-34.1912 121.3196 31.36 -3.320711
-33.7141 122.9011 31.2289 -2.869952
-33.0667 124.4147 31.1658 -2.454345
-32.8786 126.0601 31.1275 -2.077245
-32.0835 127.4884 31.1247 -1.741056
-31.8296 129.12 31.1246 -1.445203
-31.1422 130.5851 30.9859 -1.192141
-30.3228 131.8477 30.3079 -0.981904
-29.6856 132.4849 28.9766 -0.81496
-29.0719 133.0333 27.5676 -0.690722
-28.0844 133.7856 27.8775 -0.609106
-27.152 134.469 28.6173 -0.569118
68.8569 88.73 19.5506 -20.533975
69.4626 89.4871 18.5505 -19.939191
69.8694 90.2922 17.5312 -19.334864
70.1133 90.9732 19.0619 -18.718303
70.2522 92.4115 19.6157 -18.09344
70.8156 93.9888 19.8859 -17.460559
70.9233 95.5529 19.5992 -16.818374
71.3862 97.0655 19.4044 -16.170543
72.5006 98.2929 19.6588 -15.51991
72.7344 99.9408 19.94 -14.864133
72.932 101.5833 19.995 -14.206483
72.4313 103.198 19.9089 -13.549303
71.8799 104.7873 20.0008 -12.896719
71.5282 106.416 19.8144 -12.247116
71.2624 108.037 19.4849 -11.606097
70.3107 109.3594 19.2993 -10.978556
69.2896 110.7156 19.219 -10.364396
68.8552 112.3448 19.1576 -9.765679
68.8224 113.8606 18.9579 -9.186956
69.0085 114.8834 18.0264 -8.629193
68.8524 116.0924 16.8932 -8.096562
69.7271 117.2159 15.9694 -7.591473
70.0973 118.581 15.0882 -7.117898
70.8674 119.2691 13.939 -6.677367
70.3855 118.9765 13.515 -6.277787
69.9666 118.6726 13.3866 -5.914895
70.2125 118.847 11.7059 -5.588243
70.4357 118.9096 10.8982 -5.311522
70.1867 118.7318 12.5649 -5.078059
69.521 118.6003 13.8778 -4.894384
69.0153 119.2849 13.1332 -4.756863
69.8993 119.8704 11.9133 -4.666286
70.2963 119.9515 10.2866 -4.622467
95.5228 3.6634 18.9207 -26.510788
95.9521 3.5018 19.9853 -26.501075
96.3294 3.3373 21.069 -26.49707
-41.3421 222.5153 -25.6062 -50.895949
-42.702 224.1478 -25.2091 -51.512135
-44.2458 225.1088 -24.0553 -52.129698
-45.8189 226.0665 -23.0056 -52.746449
-47.3319 227.1224 -21.9872 -53.362347
-48.8138 228.7344 -21.8003 -53.976375
-50.1281 230.4969 -21.9165 -54.589345
-51.8278 231.7383 -22.0527 -55.202898
-52.8158 233.6774 -22.1145 -55.81494
-53.0724 235.6787 -22.1684 -56.283251
-53.6815 237.6012 -22.215 -56.606068
-54.8336 239.2327 -22.1693 -56.925819
-55.9455 240.9107 -22.1307 -57.241896
-56.8959 242.6769 -22.2538 -57.554415
-57.6448 244.0732 -23.1351 -57.864539
-57.9004 245.3567 -24.6431 -58.171323
-58.5973 247.0318 -25.4177 -58.473348
-59.3933 248.8468 -25.6686 -58.771406
-60.5485 250.492 -25.7129 -59.066165
-62.0102 251.8694 -25.795 -59.357948
-63.5819 251.7041 -25.7766 -59.648985
-65.1861 252.5294 -25.4878 -59.934862
-66.5361 253.7075 -24.6451 -60.216432
-67.4482 255.4346 -24.2826 -60.493482
-68.0616 257.3349 -24.0645 -60.766541
-69.279 258.781 -24.0213 -61.036514
-70.6709 260.1778 -24.061 -61.303165
-71.4436 262.0159 -24.0595 -61.565216
-72.8554 263.4363 -23.888 -61.824177
-74.3055 264.6952 -23.3614 -62.079552
-75.6104 266.0079 -22.6232 -62.331297
-76.4194 267.7709 -22.2236 -62.579
-77.0046 269.6763 -21.989 -62.822496
-77.6943 271.5617 -21.8675 -63.062119
-78.0414 273.5421 -21.7862 -63.297977
-78.9873 275.301 -21.7403 -63.530515
-80.3424 276.7952 -21.6879 -63.759743
-81.6546 278.3163 -21.6068 -63.985063
-83.1583 279.5974 -21.7854 -64.207041
-84.8953 280.6045 -21.8472 -64.42597
-86.7025 281.4584 -21.6828 -64.641588
-87.8751 282.8646 -21.0904 -64.852617
-89.4892 283.7967 -20.5891 -65.060937
-91.1007 284.9601 -20.5677 -65.26486
-92.4107 286.2858 -21.1453 -65.465249
-94.0557 286.9976 -21.9919 -65.662971
-95.7101 288.0996 -22.2545 -65.856398
-97.3406 289.2852 -22.2657 -66.045957
-98.976 289.9877 -22.9029 -66.233017
-100.2796 290.7986 -23.6291 -66.416416
-101.4799 291.8038 -22.4899 -66.596165
-103.036 292.9887 -22.0284 -66.771863
-104.6892 294.1312 -21.8834 -66.944124
-106.3559 295.2232 -22.151 -67.113073
-107.8941 296.3493 -22.6692 -67.278407
-109.1385 297.4951 -23.597 -67.44055
-110.8652 298.494 -23.4597 -67.599292
-112.4721 299.5248 -23.016 -67.754849
-113.8772 300.6139 -22.2042 -67.906938
-115.339 301.8994 -21.8314 -68.055344
-116.6463 303.427 -21.784 -68.199931
-117.9037 305.0024 -21.8441 -68.341279
-119.0254 306.6607 -22.003 -68.479443
-119.7365 308.5266 -22.2827 -68.613991
-120.0458 309.7921 -21.1758 -68.74735
-120.3335 310.3959 -19.2752 -68.878427
-120.8092 311.2425 -17.5331 -69.005815
-121.3861 312.9361 -16.6595 -69.128446
-122.3666 314.5966 -16.303 -69.247787
-123.445 316.2788 -16.4754 -69.364417
-124.5125 317.8962 -16.7048 -69.478096
-124.8879 318.6378 -14.9021 -69.591321
-124.9811 319.1413 -12.9496 -69.702217
-125.2786 319.7061 -11.0358 -69.810123
-125.7833 320.5605 -9.2875 -69.914146
-126.7853 321.2272 -7.7186 -70.015622
-128.1198 321.7372 -6.5853 -70.114867
-129.5338 322.6762 -5.6435 -70.210511
-130.8033 322.8583 -4.1103 -70.30516
-132.3486 322.5617 -2.9424 -70.397994
-133.5223 321.7567 -2.2514 -70.489224
-134.4075 321.0203 -3.7194 -70.577809
-136.141 320.0633 -3.704 -70.664207
-137.9234 319.2453 -3.5128 -70.747909
-139.8153 319.4438 -3.03 -70.828161
-141.7336 319.7231 -2.5415 -70.905104
-143.2992 318.8382 -1.8198 -70.981669
-143.6324 318.198 -3.1912 -71.055779
-144.6494 318.183 -2.5451 -71.126523
-145.6029 318.7473 -1.0864 -71.193637
-147.1116 319.1677 -0.0827 -71.258746
-149.0143 318.6505 0.3041 -71.323431
-150.835 317.9416 0.6531 -71.386225
-152.6003 318.3043 1.3039 -71.444777
-154.255 319.2248 1.8195 -71.50006
-156.1347 319.0641 1.3765 -71.555276
-157.9479 318.8394 0.6505 -71.608491
-159.8193 318.2421 0.4855 -71.660413
-161.6982 318.4908 0.8126 -71.708585
-163.3502 318.4678 1.946 -71.75526
-164.7917 318.8721 3.1901 -71.799127
-166.0348 318.4651 4.5448 -71.842468
-167.2051 317.7036 5.9108 -71.884467
-168.6856 318.3603 6.972 -71.92176
-170.5746 318.3686 7.6324 -71.958299
-172.4422 318.8037 8.0573 -71.991995
-173.7745 319.4811 7.41 -72.02338
-175.2708 319.8181 6.8918 -72.053379
-176.3866 321.0401 7.8064 -72.07973
-178.1084 321.388 8.4289 -72.105817
-179.8667 322.3331 8.1901 -72.128755
-181.7338 322.9719 7.9865 -72.150302
-183.2047 324.2061 7.6173 -72.168753
-184.6529 324.5109 6.7583 -72.186984
-186.4765 324.882 7.4149 -72.203102
-188.3601 325.5005 7.7542 -72.216711
-190.207 326.2741 7.8586 -72.228002
-191.8555 326.4884 7.2737 -72.238305
-192.3011 326.2807 5.3327 -72.247468
-192.4569 326.3027 3.3202 -72.254231
-192.6127 326.3246 1.3078 -72.258718
-192.7684 326.3466 -0.7047 -72.260938
-53.5618 234.7518 -22.4056 -56.296883
-55.3696 234.7358 -22.9279 -56.643163
-57.1775 234.7198 -23.4502 -56.980698
-58.9758 234.7413 -23.9753 -57.309504
-60.5834 235.6616 -24.1049 -57.631039
-62.2107 236.6032 -24.0421 -57.949515
-63.9306 237.3539 -24.0447 -58.264161
-65.5569 238.2591 -24.1396 -58.57546
-67.3063 238.9314 -24.1596 -58.88278
-68.8366 239.9978 -24.0522 -59.186257
-70.5332 240.314 -23.7713 -59.487143
-72.1779 239.7124 -23.3677 -59.786098
-73.9055 239.067 -23.0743 -60.081175
-75.764 238.9129 -23.0612 -60.371457
-77.5069 238.4311 -23.4834 -60.658622
-79.2728 238.5078 -23.5052 -60.940806
-81.0101 239.1307 -23.2489 -61.218139
-82.8258 239.4159 -22.9537 -61.491966
-84.5254 239.9346 -22.4418 -61.761285
-86.2406 240.0396 -21.7161 -62.027724
-87.8568 239.8217 -20.9364 -62.290672
-89.3552 239.6723 -19.8507 -62.549666
-90.7771 239.8281 -18.7653 -62.80395
-92.3262 239.5258 -18.0598 -63.055036
-94.0855 240.1028 -17.7873 -63.300102
-95.877 240.5966 -17.5579 -63.54124
-97.6988 241.0591 -17.507 -63.778567
-99.53 241.4724 -17.4393 -64.011651
-101.2527 242.1681 -17.1773 -64.24018
-102.8299 242.815 -16.4434 -64.464545
-104.4569 243.5931 -15.9937 -64.684195
-106.2956 243.7075 -16.104 -64.901348
-107.1732 243.8399 -14.6775 -65.11573
-108.3872 244.3725 -13.7017 -65.324182
-109.3454 245.4642 -12.5807 -65.527226
-110.5466 246.5332 -11.6213 -65.726383
-112.0874 247.1 -10.9503 -65.922055
-112.6927 248.1713 -9.7197 -66.113361
-113.85 248.7857 -8.6033 -66.301197
-114.9422 250.1535 -8.2414 -66.483321
-115.3929 251.8689 -7.6387 -66.660698
-116.4822 252.9605 -6.8157 -66.83479
-117.371 253.2374 -5.1806 -67.006596
-118.358 253.8356 -3.7152 -67.173493
-119.4595 254.4678 -2.3971 -67.33586
-120.9563 255.2641 -1.6822 -67.493988
-122.5163 255.9458 -1.0086 -67.64802
-123.9831 256.9071 -0.452 -67.797429
-124.7954 257.8348 0.9161 -67.942802
-125.65 259.0549 2.0473 -68.083381
-126.8265 260.4562 2.1583 -68.219646
-128.2898 261.2032 2.616 -68.353299
-129.0334 261.3894 4.2611 -68.484261
-129.2473 261.2649 6.1105 -68.615972
-129.4022 261.1437 7.9821 -68.7415
-129.5576 261.0229 9.8536 -68.860904
-129.7512 260.9235 11.7229 -68.97911
-129.9463 260.825 13.592 -69.091921
-130.1515 260.7135 15.4586 -69.198849
-130.5488 260.346 17.2477 -69.301973
-131.604 259.0778 18.099 -69.402082
-132.4067 258.2916 19.5872 -69.497178
-133.3932 257.3081 20.8241 -69.588414
-133.8044 256.3522 22.376 -69.675284
-134.6418 255.2368 23.5911 -69.758215
-135.4197 253.8392 24.4892 -69.837387
-135.7 253.4829 26.3153 -69.910562
-136.3101 252.641 27.7577 -69.980051
-136.3201 251.3179 26.4825 -70.046001
-136.8701 249.6435 26.0944 -70.108304
-137.7175 248.1362 25.6627 -70.165732
-137.6045 246.4619 25.1316 -70.218767
-137.2893 245.0053 24.2243 -70.266708
-136.6215 243.4615 23.4192 -70.310232
-135.6446 241.9497 22.8735 -70.34942
-135.3758 240.4199 22.4018 -70.383318
-136.1869 239.3032 23.0344 -70.411512
-136.341 238.0644 24.2021 -70.43492
-136.433 236.6369 25.3143 -70.453579
-136.6008 234.8539 25.6617 -70.467696
-137.1474 233.4458 25.0869 -70.475807
-10.2537 234.1313 -65.7936 -53.409536
-11.9535 235.2244 -65.4206 -53.836831
-13.2513 236.4124 -64.5554 -54.260416
-13.9825 238.2182 -64.0036 -54.679786
-13.9675 239.4333 -65.1657 -55.098245
-14.1745 240.8047 -66.5759 -55.511972
-14.74 242.3781 -67.763 -55.921951
-15.0167 243.3075 -69.5586 -56.330665
-14.9973 244.3966 -71.2899 -56.734855
-15.4806 245.6013 -72.6631 -57.135153
-16.6681 247.206 -72.2066 -57.53094
-17.3029 249.0449 -71.7718 -57.923043
-18.6676 250.382 -71.3338 -58.312285
-19.6799 251.0982 -72.0439 -58.69922
-20.4939 252.2385 -73.4165 -59.082297
-21.5912 252.7618 -72.8895 -59.418245
-21.9596 252.8176 -71.2713 -59.703891
-22.6797 254.2973 -71.5196 -59.983115
-23.6039 255.7577 -72.0067 -60.258668
-24.5721 257.236 -72.2298 -60.53082
-26.0105 258.3101 -72.2446 -60.800368
-27.3761 259.4599 -72.2196 -61.066338
-28.9516 260.3257 -72.2375 -61.332434
-30.5102 261.2195 -72.2945 -61.591673
-31.595 262.5637 -72.7018 -61.84636
-32.6547 263.9941 -72.7006 -62.097453
-33.5598 265.5319 -72.4801 -62.344689
-34.5952 266.9872 -72.4053 -62.58852
-35.2782 268.5959 -72.3691 -62.829025
-36.5462 269.7783 -72.1737 -63.066203
-37.8737 270.872 -71.8225 -63.299956
-38.8876 272.2418 -71.3145 -63.529638
-39.6217 273.7558 -70.7585 -63.75554
-40.6535 274.9959 -70.0158 -63.978297
-42.0534 275.9829 -69.5331 -64.198212
-43.5846 276.8719 -69.3005 -64.414354
-45.0655 277.8565 -69.4958 -64.627072
-45.946 279.1186 -68.7677 -64.835627
-45.8345 280.5644 -67.9551 -65.040459
-46.196 282.2235 -68.3906 -65.241248
-46.2456 283.784 -69.1293 -65.438706
-45.9356 284.9029 -69.4775 -65.633741
-46.3572 283.3243 -69.8414 -65.830939
-47.6385 284.0096 -69.6263 -66.021295
-47.8598 285.27 -68.7781 -66.206355
-47.9763 286.6481 -67.6615 -66.387948
-48.0018 287.8134 -66.394 -66.566732
-49.296 287.3623 -65.4888 -66.745187
-50.1432 286.6731 -64.1653 -66.920392
-50.2434 286.1704 -62.4405 -67.092634
-51.2742 284.9264 -61.8207 -67.262203
-52.8421 284.4426 -61.0987 -67.427086
-53.9107 283.6653 -60.0279 -67.589175
-54.752 283.3629 -58.5184 -67.747496
-55.6511 282.4981 -57.2933 -67.90314
-56.6242 281.93 -56.0196 -68.054725
-57.9991 281.9695 -54.8908 -68.202169
-59.0837 282.3361 -53.8941 -68.345617
-60.0943 282.1643 -52.7677 -68.487125
-61.4419 281.5155 -51.8651 -68.62605
-62.8626 280.827 -51.0501 -68.761968
-64.2795 280.6349 -50.0042 -68.893774
-65.804 280.5238 -49.0693 -69.022196
-66.7885 280.054 -47.7484 -69.148534
-67.9789 279.2336 -46.7905 -69.272485
-68.6552 278.446 -45.3481 -69.393411
-69.0138 277.9753 -43.6489 -69.510771
-69.4167 276.9949 -42.4398 -69.625936
-69.8247 275.5947 -42.5008 -69.739088
-70.268 276.0815 -42.6582 -69.845717
-70.9242 276.409 -41.0457 -69.950532
-71.4032 276.5871 -39.3203 -70.052241
-72.2724 276.7647 -38.0281 -70.150802
-73.2041 276.1685 -36.6914 -70.248066
-74.2918 275.5936 -35.4399 -70.342387
-75.425 274.8456 -34.2803 -70.43437
-76.9255 274.2886 -33.5609 -70.52319
-77.3251 274.3933 -31.9623 -70.608087
-77.3839 274.0953 -31.6173 -70.691849
-77.9259 274.1693 -30.1943 -70.772005
-79.5493 274.0847 -29.6223 -70.849622
-80.9279 274.149 -28.5263 -70.924373
-82.1503 274.2888 -27.2947 -70.996219
-83.1333 274.5631 -25.8399 -71.065332
-83.3586 274.0993 -24.1212 -71.133449
-83.4086 273.3363 -22.4949 -71.199395
-83.5601 272.816 -20.7795 -71.262558
-83.7705 272.4678 -19.0265 -71.322904
-84.0593 272.0789 -17.2937 -71.380602
-84.2893 271.7437 -15.5414 -71.435816
-84.9661 271.1706 -14.2656 -71.488679
-86.4465 270.5588 -13.5443 -71.539045
-87.5224 269.4821 -12.7644 -71.587805
-88.5863 270.2836 -13.3628 -71.630488
-89.344 271.7765 -13.8414 -71.669419
-90.7295 272.8654 -14.017 -71.70722
-92.0012 274.1345 -14.1202 -71.741922
-93.0728 275.5655 -14.188 -71.773498
-94.4803 276.5793 -14.1262 -71.80336
-96.2029 276.3016 -13.7358 -71.833134
-97.8612 276.4416 -13.1634 -71.85959
-99.2225 277.2086 -12.3487 -71.882299
-100.7724 276.7787 -11.5881 -71.904754
-102.4856 276.8416 -11.2384 -71.923671
-104.2435 277.0799 -11.3594 -71.939654
-105.8758 277.7134 -11.5089 -71.952232
-106.978 278.2571 -10.6069 -71.962332
-108.7214 278.4008 -10.5748 -71.970456
-110.1714 278.7473 -11.3411 -71.975451
-111.6618 279.6815 -11.4564 -71.976531
-21.5015 253.5088 -73.309 -59.323007
-22.5942 254.3623 -72.684 -59.417146
-23.4363 255.5756 -72.2611 -59.502129
-23.7952 256.2196 -73.6016 -59.580041
-24.1958 256.9175 -74.8973 -59.648431
-24.5102 257.2028 -76.431 -59.708662
-25.2575 257.9568 -77.5755 -59.758151
-25.9832 258.9049 -78.6121 -59.797625
-26.7351 259.8964 -79.3372 -59.827009
-27.7754 261.0706 -79.3699 -59.845916
-28.1276 262.1418 -78.3341 -59.854571
-14.415 228.9869 -63.4499 -53.412364
-16.1331 229.4489 -63.5343 -53.780522
-17.7421 230.1331 -63.7219 -54.144489
-19.4067 230.7023 -63.8399 -54.504201
-20.8995 231.6241 -63.8754 -54.858747
-22.4197 232.5434 -63.927 -55.209262
-23.9779 232.9794 -64.5409 -55.55608
-25.5926 233.2447 -65.0739 -55.899421
-27.3372 233.3731 -65.393 -56.238055
-29.108 233.4677 -65.4659 -56.572073
-30.8642 233.5427 -65.402 -56.901422
-32.3482 234.4256 -65.4518 -57.224016
-33.9347 234.8444 -64.9779 -57.542759
-35.6107 235.0483 -64.5372 -57.856785
-37.2988 235.2219 -64.5195 -58.165487
-38.3854 235.5894 -65.5655 -58.469503
-39.1438 235.7555 -64.0699 -58.768692
-40.4342 236.3585 -64.9633 -59.060863
-41.6538 237.408 -65.4996 -59.346628
-43.3197 237.9738 -65.7908 -59.627123
-45.0712 238.2644 -65.9288 -59.902114
-46.7994 238.6788 -65.9135 -60.170756
-48.5481 238.9796 -65.7557 -60.433769
-50.2593 239.3638 -65.4708 -60.689913
-51.9541 239.818 -65.3779 -60.939893
-53.6581 240.3081 -65.5616 -61.183103
-55.3649 240.7618 -65.7517 -61.419719
-56.9242 241.5359 -65.9538 -61.649174
-58.6438 241.8319 -66.2728 -61.872363
-59.9936 242.7156 -66.7405 -62.087754
-60.984 243.7818 -67.5294 -62.295631
-62.0855 245.146 -67.6347 -62.495552
-62.592 246.8516 -67.5474 -62.687449
-63.6958 248.1812 -67.3534 -62.872573
-65.3602 248.1365 -67.1819 -63.052832
-66.6185 247.2528 -66.7907 -63.226803
-68.2827 246.701 -66.9975 -63.393465
-69.0056 246.5375 -67.1182 -63.550052
-69.4149 247.1923 -66.2178 -63.697558
-70.5685 248.2104 -65.6787 -63.835752
-72.1021 248.9573 -65.1628 -63.96579
-73.5226 249.8734 -64.6789 -64.086777
-74.9049 250.917 -64.2744 -64.198453
-76.1941 252.0464 -63.8017 -64.300574
-77.6751 252.694 -63.2164 -64.394278
-78.9054 253.7897 -63.1101 -64.477411
-80.0531 255.1107 -63.1909 -64.550284
-81.4092 256.2087 -63.4316 -64.613475
-83.1166 256.5971 -63.7243 -64.667732
-84.8053 256.9649 -63.8465 -64.71157
-86.3232 257.8036 -63.7447 -64.743728
-88.0463 257.7843 -63.4146 -64.766515
-89.5568 258.6367 -63.0658 -64.776421
-79.8558 209.6969 -1.6956 -42.438898
-80.9345 210.9313 -0.8747 -43.09747
-81.8718 212.3265 -0.0936 -43.747014
-83.0145 213.649 0.4105 -44.387783
-83.35 215.4299 0.5242 -45.018905
-84.7236 216.0877 0.5245 -45.643187
-85.8365 216.8501 1.5461 -46.259339
-86.4751 218.3432 2.3648 -46.86268
-87.6889 219.3419 3.0091 -47.456983
-89.3832 219.625 3.5112 -48.041872
-90.5679 220.9942 3.9392 -48.614811
-91.9993 222.1339 4.2769 -49.177475
-93.1066 223.0567 5.3451 -49.73179
-94.2451 224.3484 6.04 -50.275713
-95.1955 225.7846 6.6504 -50.808731
-96.1469 227.1811 6.1703 -51.331109
-97.5307 228.1499 5.5656 -51.845225
-97.6555 229.6726 4.5217 -52.349138
-98.2632 230.7709 4.9578 -52.845118
-99.4213 231.1534 5.7424 -53.331627
-100.7458 231.4122 4.7237 -53.809133
-101.8502 232.6408 4.2535 -54.274716
-103.1436 233.9354 4.0273 -54.730444
-104.4921 234.4164 4.8558 -55.177832
-105.6117 233.6885 5.7966 -55.62071
-106.7274 232.3194 6.4016 -56.059575
-107.441 230.7522 6.8747 -56.483281
-107.4488 229.0255 7.5014 -56.897139
-107.9411 227.3511 8.131 -57.300668
-107.0902 226.8712 8.9862 -57.692701
-106.1496 226.513 10.1833 -58.079775
-105.9516 226.2598 12.0223 -58.457224
-105.4787 225.2922 12.0054 -58.824398
-105.2249 224.5846 10.2988 -59.18189
-104.7784 223.6625 9.5999 -59.528777
-104.7066 222.6921 11.0296 -59.867451
-105.026 220.965 11.6033 -60.196974
-104.6066 219.9029 12.8153 -60.516602
-103.3942 219.8352 14.0764 -60.824797
-104.3073 219.9043 13.553 -61.123112
-105.885 218.9419 13.3792 -61.41436
-107.2676 218.4747 12.6842 -61.695484
-108.1193 218.5469 11.0406 -61.966908
-108.3962 219.4541 11.7193 -62.226789
-109.0143 219.6825 13.4653 -62.479498
-109.7221 219.9831 15.1561 -62.721336
-110.6667 219.9703 16.4989 -62.95334
-112.0003 218.9022 16.8845 -63.177916
-113.4433 217.9794 16.4775 -63.392145
-114.7081 217.1333 15.6968 -63.59653
-115.2947 216.7255 13.9743 -63.790343
-115.5962 216.7912 12.1637 -63.974879
-115.7677 217.1126 10.3327 -64.148368
-115.4309 217.0746 11.1227 -64.311173
-116.1181 217.6962 12.116 -64.466702
-117.3855 218.3763 13.3061 -64.609408
-118.8798 218.8959 14.099 -64.739589
-120.5533 219.5755 14.5055 -64.858483
-122.3465 220.0233 14.7431 -64.966592
-124.1585 220.1151 14.949 -65.064285
-125.565 221.2324 14.8597 -65.148608
-126.6064 222.7478 14.7267 -65.220452
-127.1945 224.5052 14.537 -65.280081
-127.9351 226.1832 14.2547 -65.327701
-129.0224 227.5634 14.5865 -65.363657
-130.1181 229.0198 14.5982 -65.386905
-131.2201 230.4645 14.2522 -65.397303
47.5528 -96.076 13.5667 -25.201799
47.0015 -95.2803 13.5986 -26.031134
46.7344 -94.3274 13.6342 -26.438632
27.7081 -94.2683 18.8592 -28.131763
26.226 -93.6204 19.8024 -30.786734
24.7439 -92.9726 20.7456 -32.601955
23.2618 -92.3248 21.6888 -33.737397
23.8038 -92.3745 21.7835 -34.285753
54.7481 -88.0637 17.871 -21.095175
97.3169 -66.6493 31.3652 -58.891044
99.3506 -67.4491 30.897 -59.013107
101.3843 -68.2489 30.4289 -59.092282
103.4181 -69.0488 29.9607 -59.143574
105.4518 -69.8486 29.4925 -59.176259
104.935 -70.7499 28.9784 -59.19613
104.6139 -70.6388 26.7694 -59.20431
96.937 -66.473 30.8282 -58.827887
44.0154 -65.7095 15.6069 -23.072731
44.0102 -66.3692 14.8486 -23.863421
44.1586 -67.2141 14.3402 -24.254839
-4.665 -9.0685 -0.0051 -9.842724
-3.3078 -10.3003 -0.0154 -1.67543
-1.9532 -11.5348 -0.0257 6.770798
-0.7426 -12.7803 -0.0459 21.588216
0.4334 -13.9291 -0.0935 26.897532
1.4466 -15.2471 -0.185 20.803501
3.5554 -27.7322 1.4257 -0.562011
8.6107 -41.3653 6.7974 -9.914141
22.8794 -62.2772 10.5055 -8.279782
26.4745 -64.8588 13.9793 -6.218293
29.0535 -67.1183 14.3116 -7.342153
42.1418 -73.5431 16.2509 -16.561988
47.2069 -85.1931 18.1557 -18.87973
44.6639 -89.9679 15.7857 -20.25875
47.7449 -96.3203 13.6398 -23.567092
78.4149 -177.3628 14.5582 -44.872166
95.2227 -265.7699 17.0719 -54.015201
48.1056 -320.1106 18.1187 -59.520449
-10.9476 -383.6056 22.9817 -64.106946
-40.36 -432.7473 17.7175 -68.979328
28.7834 -94.5812 17.274 -24.045527
14.3097 -106.6143 20.8227 -31.787075
2.7577 -126.0427 26.0848 -37.137487
-45.0792 -189.1405 27.4734 -39.220244
30.9775 -170.2053 31.4202 -42.904465
28.3969 -94.5693 18.0599 -25.145441
-40.2348 -104.2908 -5.8163 -33.885956
-111.9958 -139.102 2.509 -38.115373
54.6562 -87.9717 17.7384 -20.240269
111.8824 -135.9529 29.1893 -32.696556
164.8572 -185.7356 20.1853 -34.162546
213.7243 -226.7876 32.011 -41.823961
43.9697 -65.4565 15.7766 -21.354116
45.5333 -62.1584 17.8534 -26.617015
96.2419 -66.2233 31.6259 -58.714483
2.1326 -22.0656 -2.5814 0.742145
6.2653 -35.3706 6.4938 -10.876678
8.3143 -40.7868 6.7183 -17.252235
15.4942 -50.7521 4.9673 -20.751141
19.5156 -57.7327 7.1557 -16.559646
24.2121 -63.3654 12.9105 -8.021884
27.7984 -65.9637 14.1964 -7.081435
35.2991 -71.3414 15.5234 -15.593951
45.9552 -78.4006 18.2802 -20.444428
45.9541 -87.9136 17.638 -20.229498
46.0845 -93.1486 14.7482 -22.76932
52.1518 -103.9606 11.3242 -32.556411
58.8833 -119.603 12.0998 -41.004177
62.6461 -133.0235 18.7767 -45.751986
68.7987 -150.479 18.27 -47.832855
75.478 -168.4071 16.0379 -47.269893
80.7201 -186.7623 13.7215 -49.103114
86.0397 -202.1519 18.4658 -53.406302
88.9594 -219.8372 14.0604 -55.756357
92.3483 -238.1707 14.3683 -56.552237
94.4112 -256.1543 16.5595 -55.735363
95.282 -267.4858 16.3224 -56.717845
95.3059 -280.3632 10.9397 -59.510987
82.392 -291.8157 13.1552 -61.003307
66.6134 -301.8126 13.5179 -61.434713
55.8832 -314.8401 17.1156 -60.762326
42.621 -325.3136 19.0805 -61.468686
32.9705 -340.7608 23.6528 -63.557199
23.9361 -354.8041 21.203 -64.740259
9.6225 -366.7531 22.7517 -65.183674
-4.6074 -378.3071 21.4152 -64.864934
-16.9731 -389.755 18.9726 -65.567563
-27.5688 -401.1213 14.9527 -67.265623
-39.573 -411.7299 14.9204 -68.374398
-40.6381 -420.4638 25.2112 -69.017239
-40.4069 -426.6412 14.8914 -69.200862
-41.6738 -434.0686 12.5022 -69.759795
-35.1298 -447.795 10.0223 -70.678234
-30.511 -455.7937 6.7671 -71.272045
-26.4654 -460.7911 2.4423 -71.63431
-24.2919 -464.5784 0.2402 -71.809361
37.1249 -94.0849 14.9718 -25.477569
20.7736 -99.7756 22.2184 -31.387931
11.0172 -108.5614 18.7473 -34.988537
5.909 -113.1292 24.1737 -37.372193
4.7649 -121.3499 27.2758 -37.92463
-3.9067 -133.7894 26.1237 -42.047145
-16.2236 -149.0836 26.7198 -46.30739
-17.7909 -159.6216 22.5822 -47.847457
-30.8645 -168.2845 21.4997 -47.030268
-40.3768 -181.2163 24.3391 -43.533036
-50.8898 -195.8899 27.7601 -44.748132
-59.8432 -207.2909 27.0024 -50.826344
-63.453 -209.2381 15.4152 -54.748909
-64.2909 -212.4765 11.1044 -57.140377
-69.7086 -217.4653 14.9612 -58.280971
-1.3141 -131.2728 34.9295 -40.666521
15.7442 -115.5027 24.1983 -38.414127
21.9499 -133.9863 25.1312 -44.41586
26.8898 -147.4387 25.6301 -47.380347
28.6429 -155.1273 32.7495 -47.928715
28.6017 -167.7997 33.6747 -45.964661
33.7647 -170.9041 21.6446 -47.057265
35.3986 -176.6564 11.4651 -51.109298
39.8278 -180.409 -7.3747 -52.941026
28.4843 -94.572 17.6083 -24.855509
24.075 -93.3058 9.4058 -33.127231
15.5128 -90.8025 -8.4542 -39.796869
-0.0475 -89.6597 -13.0268 -42.643848
-13.9393 -94.7328 -4.0497 -42.434823
-31.0534 -101.5497 -4.3571 -38.846859
-48.3446 -108.1087 -4.4853 -39.546809
-60.3769 -111.0796 -1.1234 -44.568086
-77.9711 -113.5102 3.296 -46.527463
-92.0999 -121.9743 4.6219 -45.946654
-105.6825 -132.44 0.8972 -42.517427
-119.8735 -141.3568 5.959 -43.469546
-132.8113 -151.1601 6.979 -49.36838
-147.2952 -155.5423 4.0924 -53.195213
-153.368 -158.2725 7.6335 -55.540225
-168.793 -159.6906 7.6228 -56.658604
50.8433 -86.5895 17.9535 -20.506893
61.2357 -92.3404 14.5899 -29.595031
72.1897 -102.125 21.0158 -37.552795
85.4059 -115.7278 22.6939 -41.058905
96.1046 -123.0147 27.5352 -41.19795
106.3877 -128.7142 28.8233 -37.734345
119.3522 -141.0891 32.8119 -38.387833
133.3865 -151.0456 27.4274 -43.22418
140.4642 -156.8554 25.7903 -44.815378
152.3124 -169.1266 29.8767 -43.675691
161.5491 -182.1636 26.4505 -39.39121
167.3763 -187.9265 20.8501 -39.863199
178.0174 -198.4202 27.7655 -45.16234
190.5879 -201.853 17.5881 -47.564282
198.4764 -209.0366 23.2285 -47.631131
206.4978 -222.3967 29.9785 -45.200257
216.4485 -231.2363 29.6641 -46.480263
219.3592 -241.6667 28.5636 -51.82096
217.6919 -257.4839 32.1794 -55.343054
212.7961 -271.781 39.8533 -57.515082
208.8344 -287.7139 39.3838 -58.56644
43.1478 -69.6198 16.0595 -20.073351
45.0982 -63.5211 16.1223 -24.488415
50.7937 -61.6079 11.0465 -34.446171
63.7547 -58.5312 9.7712 -43.237253
75.049 -60.4617 16.3877 -49.493662
83.0968 -60.7333 25.9161 -54.106879
91.3447 -63.64 26.8113 -57.48223
106.4082 -69.1292 24.6495 -60.781759
123.1559 -72.5629 28.9251 -63.126781
143.1961 -75.9244 28.8652 -64.223361
46.1286 -55.224 14.5026 -33.499945
37.6417 -45.2763 18.4222 -39.505586
22.8448 -43.0894 21.8828 -42.145571
