-0.8015 -1.2678 -0 -73.343967
-3.2062 -5.0715 -0 -73.342613
-5.0765 -8.0299 -0 -73.341687
-6.4123 -10.1429 0.0262 -73.341442
-8.0143 -12.677 0.1283 -73.341142
-8.8146 -13.9429 0.1666 -73.34092
-8.2187 -14.5214 0.2948 -73.340682
-8.7411 -16.3672 0.5247 -73.340055
-10.0309 -17.8905 1.1419 -73.339256
-11.386 -19.3222 1.89 -73.338483
-12.7254 -20.8552 2.392 -73.337754
-14.0432 -22.4116 2.6217 -73.336888
-14.6972 -24.3185 2.0715 -73.335836
-15.5306 -26.234 2.0482 -73.334692
-16.1094 -27.8038 2.3068 -73.333703
-14.7796 -28.9827 3.1257 -73.332876
-13.6062 -30.5844 3.6202 -73.332045
-12.2537 -32.1091 3.9089 -73.331213
-11.1222 -33.7683 4.2796 -73.330376
-10.1932 -35.2295 5.196 -73.329538
-9.3619 -36.7283 6.3117 -73.328695
-8.5851 -38.2492 7.4144 -73.327851
-7.5935 -39.8435 8.2499 -73.327004
-6.8916 -41.4349 9.2193 -73.32615
-6.2727 -43.3267 9.6108 -73.325296
-5.7427 -44.6215 10.9758 -73.324433
-5.2774 -45.3085 12.8612 -73.323567
-4.5701 -46.2857 12.7646 -73.3227
-3.9187 -47.0128 11.0346 -73.321827
-3.487 -47.3534 9.0584 -73.320948
-3.1601 -48.3203 10.2056 -73.320065
-2.5906 -49.7167 11.29 -73.319187
-2.064 -51.2649 10.2609 -73.318304
-1.9023 -53.0628 10.2828 -73.317419
-1.2374 -53.7481 8.8883 -73.316525
-0.2338 -55.4757 8.438 -73.315632
0.9268 -57.1391 8.1846 -73.314735
2.1659 -58.7648 8.26 -73.313836
2.7966 -60.3652 9.2072 -73.312932
3.5606 -62.0815 8.7826 -73.312025
4.1051 -63.9769 8.2533 -73.311112
4.7728 -65.8913 8.0534 -73.310199
5.555 -67.7898 8.1794 -73.309283
5.4215 -69.7319 8.5591 -73.308365
5.3722 -71.1779 9.39 -73.307441
6.6015 -72.8224 9.4344 -73.306516
7.9091 -74.3345 9.4579 -73.305586
9.1469 -75.9691 9.4502 -73.304654
10.0298 -77.8076 9.4917 -73.303721
10.7723 -79.6982 9.5101 -73.302783
12.3735 -80.8411 9.4583 -73.301844
13.4145 -82.6176 9.4397 -73.300902
14.1594 -84.5026 9.6273 -73.299956
14.908 -86.352 10.0263 -73.299007
15.6285 -88.1574 10.421 -73.298057
16.2688 -90.0988 10.1972 -73.297103
16.8061 -92.0324 10.2983 -73.296148
18.0591 -93.5211 10.9131 -73.295191
19.0692 -95.1762 11.592 -73.294231
20.0514 -96.8019 12.3554 -73.293271
20.7986 -98.4251 13.1509 -73.292307
22.3425 -99.643 13.6764 -73.291341
23.1324 -101.4525 13.8694 -73.290373
24.2278 -103.1764 13.8286 -73.289403
25.7948 -104.4654 13.8973 -73.288432
27.3532 -105.7951 13.951 -73.287461
28.4996 -107.4233 13.9547 -73.286487
30.0108 -108.56 13.6639 -73.285511
31.1081 -108.6091 12.0588 -73.284518
29.9694 -109.9097 10.9348 -73.283449
28.8308 -111.2104 9.8109 -73.282405
27.6922 -112.511 8.6869 -73.281387
26.8377 -113.4766 7.7017 -73.280381
28.1153 -111.9666 8.2837 -73.279315
29.3929 -110.4565 8.8658 -73.278276
30.6706 -108.9464 9.4479 -73.277263
31.1787 -108.9746 10.7509 -73.276242
31.0798 -109.3078 12.7833 -73.275219
31.1974 -110.3892 14.0207 -73.274214
31.8589 -112.2436 14.4776 -73.273215
32.2207 -114.0808 14.8897 -73.272216
32.3754 -116.0895 14.7382 -73.271217
33.2282 -117.7627 14.1097 -73.270218
34.0263 -119.6079 13.7086 -73.26922
34.4263 -121.5938 13.4703 -73.268223
34.6735 -123.5948 13.4834 -73.267228
34.4631 -125.6138 13.6554 -73.266234
35.477 -127.1975 13.9548 -73.265245
36.4488 -128.3733 14.9241 -73.264251
36.0423 -130.1872 15.3722 -73.263255
35.1621 -131.5518 15.4371 -73.262265
35.6418 -129.8523 14.8263 -73.261285
35.0348 -128.0619 14.2107 -73.260308
35.5446 -129.8444 14.1534 -73.259333
35.6291 -131.8577 14.0497 -73.258364
34.8485 -133.6181 13.7199 -73.257401
34.2995 -135.3089 12.7219 -73.256443
33.9891 -137.2127 12.2496 -73.255492
34.6951 -139.1364 12.158 -73.254548
34.4342 -141.0719 12.4762 -73.253612
34.9496 -142.8915 13.1328 -73.252681
35.1207 -144.6736 12.8365 -73.251761
36.0553 -146.4708 12.5635 -73.25085
36.5162 -147.9232 11.2272 -73.249944
37.0821 -149.6924 10.5935 -73.249054
38.1845 -151.3675 10.8233 -73.248175
38.9786 -152.5573 11.4668 -73.247306
38.5512 -154.4927 11.7745 -73.246446
38.9845 -156.4817 12.0272 -73.245599
38.8087 -158.4686 12.102 -73.244767
39.4316 -160.3993 12.1561 -73.243951
40.017 -162.1492 11.7738 -73.24315
39.9044 -164.0643 11.3068 -73.242367
40.4166 -165.9089 10.6066 -73.241602
41.3853 -167.5493 10.7632 -73.240858
42.1247 -169.1267 11.6727 -73.240133
42.1485 -170.8263 12.6221 -73.239429
41.2541 -172.1527 13.7028 -73.23875
41.3329 -173.6405 14.3131 -73.238095
41.6008 -174.8677 12.6805 -73.237463
41.8738 -176.7997 12.275 -73.236861
42.7438 -178.5456 11.9564 -73.236287
43.2439 -180.4578 12.0397 -73.235744
43.3656 -182.4295 12.4106 -73.235231
43.6747 -184.2146 13.2717 -73.23475
44.1736 -186.1236 13.8383 -73.234306
44.3535 -187.9066 14.7675 -73.233897
44.8726 -189.5685 15.6922 -73.233525
45.4404 -191.1005 14.5715 -73.233194
46.1386 -192.9259 14.1459 -73.232905
46.6287 -194.8895 13.783 -73.232659
47.9055 -196.4354 13.3908 -73.232458
49.0241 -197.9564 13.467 -73.232304
49.8322 -199.3762 13.2319 -73.232199
51.04 -200.3986 12.0409 -73.232146
-16.8109 -27.3553 2.8101 -73.333807
-17.497 -28.3029 4.2038 -73.333202
-18.1984 -29.271 5.5067 -73.332611
-18.2577 -29.3412 3.7473 -73.331925
-18.2679 -29.344 1.9276 -73.331255
-18.2781 -29.3467 0.108 -73.330603
-18.2883 -29.3494 -1.7116 -73.32997
-18.2985 -29.3522 -3.5313 -73.329355
-18.8534 -30.5664 -3.9808 -73.328748
-18.8107 -32.318 -3.8597 -73.328138
-19.3066 -34.0554 -3.7456 -73.327525
-18.9488 -34.5418 -2.2544 -73.326908
-18.3075 -35.7012 -1.0566 -73.326287
-18.003 -37.2922 -0.254 -73.325666
-17.2153 -38.7422 0.5062 -73.325043
-17.2992 -40.1694 1.5541 -73.324417
-17.1185 -41.7267 2.3954 -73.323788
-17.083 -42.8762 3.6698 -73.323153
-17.3639 -44.4413 4.545 -73.322517
-18.2212 -45.6938 5.2818 -73.321883
-18.9632 -46.7735 4.1464 -73.321245
-19.2427 -47.6114 2.5633 -73.320601
-19.7572 -49.1601 2.2576 -73.319962
-20.0441 -50.8741 2.5491 -73.319322
-20.3286 -52.4364 3.2684 -73.318682
-19.8077 -53.8024 3.6098 -73.31804
-19.2008 -54.6661 2.2731 -73.317393
-18.7221 -56.0354 2.9434 -73.316745
-18.7365 -56.729 4.1896 -73.316097
-18.8997 -58.1413 5.2798 -73.315453
-18.8149 -59.8936 5.7078 -73.314812
-18.9822 -61.072 7.0484 -73.31417
-19.3934 -62.5349 8.0119 -73.313534
-19.547 -63.8484 9.0694 -73.312898
-19.5772 -65.5723 8.63 -73.31227
-19.258 -67.3139 8.3405 -73.311646
-19.7508 -69.0603 8.364 -73.31103
-19.9946 -70.8175 8.7102 -73.310417
-19.8037 -72.5539 9.1873 -73.309811
-19.7201 -74.3251 9.5635 -73.309213
-20.2567 -75.9938 9.7611 -73.308622
-19.7758 -77.7066 9.8918 -73.308041
-19.8692 -79.394 10.0722 -73.30747
-20.6153 -80.6503 10.7965 -73.30691
-20.8101 -82.0334 11.1362 -73.306364
-21.8468 -83.2751 10.5156 -73.305832
-22.3598 -84.646 11.4203 -73.305315
-22.8139 -86.2646 12.0203 -73.304814
-22.9433 -87.4114 13.1988 -73.304326
-23.2601 -88.7922 14.1473 -73.30386
-23.5187 -90.5915 14.1567 -73.303417
-23.7693 -92.3875 14.2837 -73.302997
-23.9193 -94.161 14.5659 -73.3026
-24.765 -95.4177 14.2775 -73.302229
-25.6946 -96.5629 13.7452 -73.301886
-26.3361 -98.2508 13.7081 -73.301573
-26.22 -99.6251 14.4174 -73.301287
-26.029 -100.2322 16.1217 -73.301036
-25.98 -100.9366 17.7977 -73.30082
-26.1774 -101.1961 19.58 -73.300637
-26.4133 -101.3806 21.3748 -73.300499
-26.5757 -102.9017 22.0388 -73.300407
-26.565 -104.1061 22.8298 -73.300359
-10.4886 -18.1238 0.6694 -73.3386
-10.4015 -18.057 0.4643 -73.33813
-11.3637 -19.3353 1.4826 -73.337568
-12.4409 -20.4928 2.3203 -73.336904
-13.7335 -21.882 2.6066 -73.336184
-14.3525 -23.4451 1.6476 -73.335459
-14.7639 -24.7529 0.4153 -73.334732
-15.0123 -25.6795 -1.2982 -73.333999
-14.7483 -27.3027 -2.2341 -73.333265
-14.1682 -28.7546 -3.3613 -73.332525
-14.1335 -30.3237 -2.5621 -73.331781
-14.176 -32.0715 -1.7097 -73.331035
-14.076 -33.7889 -0.9359 -73.330285
-13.8862 -35.6563 -1.4771 -73.329533
-13.5408 -37.5381 -1.8551 -73.328778
-12.9254 -39.3671 -2.0095 -73.328017
-12.8947 -41.2639 -2.5483 -73.327255
-12.5093 -43.0891 -2.3969 -73.326489
-11.8636 -44.7358 -1.5183 -73.325715
-11.3409 -46.4019 -0.6056 -73.324939
-11.0233 -47.5467 0.9658 -73.324154
-10.5913 -48.4457 2.6789 -73.323371
-10.1405 -50.0833 3.3431 -73.322586
-10.2934 -51.7904 2.9275 -73.321797
-10.88 -52.8858 1.4404 -73.321002
-11.0363 -54.4811 1.7038 -73.320207
-11.1458 -56.3254 2.378 -73.319407
-10.357 -57.7555 3.4384 -73.318605
-10.1358 -58.8326 4.9901 -73.317798
-10.3077 -60.6124 5.6598 -73.316987
-11.2813 -62.2927 6.0116 -73.316174
-11.7958 -64.1934 6.181 -73.315359
-12.4342 -66.0517 6.3974 -73.314539
-11.9522 -67.7789 6.8906 -73.313716
-11.6762 -69.0382 8.2561 -73.31289
-11.713 -70.0381 9.9612 -73.312062
-11.8555 -70.9146 11.6774 -73.311225
-12.8132 -71.5235 13.2459 -73.31039
-13.5753 -72.2336 12.7301 -73.309552
-14.1638 -73.7043 11.8882 -73.308712
-14.4131 -75.2707 10.815 -73.307872
-13.5782 -77.0011 10.3425 -73.307028
-13.3259 -78.9499 10.1371 -73.306182
-13.3622 -80.9141 10.3308 -73.305336
-14.2376 -82.5066 10.9807 -73.30449
-14.7845 -84.1023 11.9265 -73.303641
-15.3519 -85.4422 12.6525 -73.30279
-15.7865 -86.6616 12.098 -73.301937
-16.5522 -87.7496 13.5364 -73.301084
-17.1687 -89.5648 13.8022 -73.300232
-18.2162 -91.1682 13.885 -73.29938
-19.5493 -92.634 13.9514 -73.298529
-20.3209 -94.4426 13.8656 -73.297678
-21.0095 -96.2837 13.6721 -73.296828
-21.3384 -97.8523 13.9673 -73.29597
-21.6939 -97.8965 15.9193 -73.295104
-22.3276 -98.0602 17.7316 -73.294252
-21.887 -98.9874 16.7979 -73.293393
-22.8153 -99.7306 15.3374 -73.292548
-24.3779 -100.6691 14.7056 -73.291708
-24.3457 -102.6276 14.3888 -73.290874
-24.5768 -104.5617 14.2213 -73.290045
-24.8282 -106.5067 14.2205 -73.28922
-25.0574 -108.4614 14.1941 -73.288402
-25.5558 -110.3378 14.0236 -73.28759
-26.9412 -111.6652 13.5497 -73.286785
-27.6548 -113.1993 12.651 -73.285988
-27.9593 -114.1646 11.0361 -73.285191
-28.3565 -115.3746 10.0919 -73.284415
-29.1471 -116.4978 9.0352 -73.283645
-29.5399 -117.0458 7.1689 -73.28288
-29.9596 -117.6548 5.3281 -73.282132
-30.9613 -118.935 4.5188 -73.281403
-32.1435 -120.2324 4.6581 -73.280687
-32.9363 -121.0473 6.2793 -73.279985
-33.621 -122.2206 7.5953 -73.279301
-33.9105 -123.585 8.7937 -73.278634
-34.4873 -124.3869 10.3397 -73.277987
-35.0405 -125.7656 11.4307 -73.277363
-34.701 -127.6323 11.772 -73.276761
-35.3063 -129.4991 11.9181 -73.276181
-35.9903 -131.3268 11.7835 -73.275628
-37.6819 -132.1342 11.31 -73.275101
-38.5009 -133.4806 10.3217 -73.274603
-38.4967 -134.7419 8.9782 -73.274132
-39.2613 -136.1191 9.0235 -73.273696
-39.6486 -137.8732 9.0943 -73.273294
-40.3927 -139.5578 8.4232 -73.272928
-41.3357 -141.2284 8.0319 -73.2726
-41.7461 -143.1332 7.6854 -73.272313
-42.0138 -145.0056 7.4829 -73.272068
-41.9887 -146.6225 8.5512 -73.271866
-43.1363 -148.1444 8.915 -73.271712
-43.8626 -149.8828 8.3731 -73.271607
-44.926 -151.4033 7.7386 -73.271553
-9.353 -14.8211 0.2731 -73.340572
-11.0559 -15.5864 0.7158 -73.339949
-12.8605 -15.9487 1.177 -73.339181
-14.323 -16.6873 2.6356 -73.337759
-15.6273 -17.7486 4.2904 -73.336567
-16.5612 -19.3299 4.837 -73.336028
-17.0333 -20.2944 6.2453 -73.335423
-17.8874 -21.5361 7.3823 -73.334802
-18.8508 -22.9769 8.1796 -73.33418
-19.5099 -24.5801 8.9543 -73.333554
-19.7318 -25.6734 10.3712 -73.33292
-19.6375 -26.5275 11.987 -73.33228
-20.9183 -27.5166 12.4491 -73.331642
-21.2964 -29.0814 13.3143 -73.330999
-21.83 -30.7644 14.0149 -73.330352
-22.4092 -32.288 14.7504 -73.3297
-23.1716 -32.8787 16.4102 -73.329038
-23.4458 -33.3976 17.1662 -73.328382
-23.9797 -35.1098 17.8018 -73.32772
-25.2888 -36.4276 18.1128 -73.327055
-26.4013 -37.9363 18.2431 -73.326389
-27.2908 -39.5473 18.3867 -73.325719
-28.9068 -40.2841 18.3568 -73.325045
-28.8386 -41.8551 18.071 -73.324369
-30.0593 -43.3052 18.0707 -73.32369
-30.6546 -44.9959 18.2212 -73.323006
-31.4097 -46.5757 18.3297 -73.32232
-32.6885 -47.8644 18.2798 -73.321632
-33.6705 -49.4532 18.3794 -73.320944
-34.3435 -51.1833 18.7706 -73.320254
-35.0428 -52.643 19.7515 -73.319562
-35.9334 -53.9164 20.8542 -73.31887
-36.4958 -55.5633 21.6175 -73.318178
-37.1515 -57.2664 22.1901 -73.317487
-37.503 -58.9135 22.7742 -73.316792
-37.2767 -60.629 23.5408 -73.316097
-38.3487 -62.1152 24.0868 -73.315406
-38.7835 -63.8894 24.6417 -73.314716
-39.0307 -65.5698 25.4324 -73.314029
-39.2448 -67.4312 25.7075 -73.313342
-39.4113 -69.2406 26.1323 -73.31266
-38.2265 -70.1613 27.1367 -73.311981
-37.9293 -71.6381 28.1838 -73.311302
-36.7386 -72.8721 28.5562 -73.310631
-35.4143 -74.1273 28.8617 -73.309967
-33.8413 -75.1427 29.2839 -73.309293
-32.9832 -76.7229 29.5771 -73.308641
-33.6399 -75.092 29.1649 -73.307985
-33.1635 -76.3575 28.5144 -73.307342
-32.6394 -77.9449 29.3953 -73.30671
-31.5586 -79.4236 29.8926 -73.306078
-30.8094 -81.0765 30.3763 -73.305461
-31.5811 -82.6547 30.6865 -73.304865
-31.7168 -84.5489 30.8274 -73.304284
-31.5105 -86.4537 30.8357 -73.30372
-31.5377 -88.3667 30.7633 -73.303173
-31.4829 -90.279 30.6456 -73.302645
-31.9235 -92.1277 30.4947 -73.302139
-32.2806 -93.9944 30.2829 -73.301657
-33.2826 -95.4749 30.073 -73.301198
-34.2923 -96.3147 29.212 -73.300764
-33.7984 -97.5646 29.0456 -73.300356
-33.365 -98.5644 30.3242 -73.299977
-34.9529 -99.5888 30.5864 -73.299632
-35.3561 -101.2379 30.5528 -73.29932
-35.425 -102.1901 29.7785 -73.299044
-35.4381 -103.6106 30.0236 -73.298806
-35.4329 -104.9525 28.8355 -73.298611
-35.4888 -106.6151 28.0477 -73.298462
-35.1318 -108.0258 29.2064 -73.298358
-34.5346 -109.5447 30.0645 -73.298305
-15.445 -16.6758 3.4162 -73.336562
-17.1123 -16.5493 2.7023 -73.336031
-18.8242 -16.1183 2.2844 -73.335434
-20.5247 -15.3962 2.2003 -73.334826
-22.3116 -15.3473 2.4856 -73.334216
-24.0423 -14.9367 2.9859 -73.333599
-25.7912 -14.8802 3.5418 -73.332978
-27.6376 -14.8877 3.7424 -73.332354
-29.4617 -14.8882 3.7168 -73.331727
-31.2202 -15.3922 3.5297 -73.331093
-32.7539 -15.8243 2.9445 -73.330452
-34.0829 -16.2305 1.7975 -73.329809
-35.3566 -17.1047 0.7776 -73.329162
-36.7811 -17.3591 0.0703 -73.328515
-38.4049 -17.2529 0.8951 -73.327864
-40.1857 -16.9717 1.2216 -73.327209
-41.9745 -17.3706 1.348 -73.32655
-43.6645 -17.7288 1.1737 -73.325888
-45.1638 -16.9527 0.472 -73.325223
-46.3865 -16.2335 -0.6264 -73.324552
-48.1583 -16.038 -0.1893 -73.323878
-49.5586 -16.5997 0.7893 -73.323199
-50.6275 -17.7832 1.5574 -73.322519
-52.4581 -17.9497 1.6886 -73.321837
-54.2203 -17.8442 1.1278 -73.321152
-55.6575 -18.4041 0.1681 -73.320463
-57.139 -19.2179 -0.5793 -73.319771
-58.8775 -19.6978 -0.9928 -73.319079
-60.4992 -20.5497 -0.8751 -73.318386
-62.2699 -20.9516 -0.784 -73.317692
-63.9605 -21.4851 -1.2025 -73.316991
-65.769 -21.6468 -1.2364 -73.316294
-67.4074 -21.948 -2.0416 -73.315596
-69.2303 -22.0478 -2.2783 -73.314899
-71.0405 -22.3933 -2.2 -73.314201
-72.76 -22.6876 -1.8978 -73.313504
-74.4248 -22.1245 -1.3042 -73.312808
-75.468 -21.5676 0.0962 -73.312113
-76.805 -21.0117 0.8974 -73.311419
-78.6304 -21.1688 0.7939 -73.310732
-80.2126 -21.6023 1.4208 -73.310047
-81.9055 -21.4802 1.8938 -73.309367
-83.3789 -20.5725 2.4839 -73.308692
-84.8475 -20.092 3.3977 -73.308023
-85.8797 -19.4106 4.4732 -73.307358
-86.9877 -17.9771 4.3817 -73.306703
-88.4094 -16.917 4.436 -73.306056
-89.1332 -16.2863 5.8123 -73.305412
-89.6827 -16.0961 7.5766 -73.30478
-90.6073 -14.9923 8.5732 -73.304165
-91.6573 -14.5236 9.9347 -73.303564
-92.216 -13.6924 11.4126 -73.302971
-93.3323 -12.5367 11.3011 -73.302402
-94.3529 -11.3333 10.4637 -73.301849
-95.9243 -11.359 10.3327 -73.301316
-97.085 -12.6874 10.4076 -73.300803
-98.637 -11.9209 10.4364 -73.300313
-99.8512 -10.5582 10.1484 -73.299849
-101.1467 -9.2581 9.9913 -73.299409
-102.9108 -8.8466 10.0308 -73.298999
-104.2043 -7.6318 10.4372 -73.298621
-105.7848 -7.7377 11.2376 -73.298275
-107.5295 -7.7352 11.7584 -73.297964
-108.7114 -6.5165 12.2914 -73.297691
-108.6826 -5.013 12.9437 -73.297455
-109.4316 -4.9691 14.0337 -73.297262
-110.9911 -5.321 13.2911 -73.297114
-112.3812 -4.7789 12.2565 -73.297012
-113.4541 -4.4164 10.8172 -73.29696
-15.5545 -17.632 4.3033 -73.336599
-16.8149 -18.3686 5.0193 -73.33616
-18.1535 -17.7371 5.9254 -73.335659
-19.3957 -17.6568 7.1162 -73.335148
-20.6245 -17.4395 8.329 -73.334634
-21.4073 -17.0773 9.8446 -73.334114
-22.3291 -16.4593 11.1562 -73.333594
-23.7986 -16.4039 12.1053 -73.333071
-24.636 -16.4397 13.5353 -73.33254
-26.0492 -16.413 14.4153 -73.332011
-26.5091 -16.6788 16.0866 -73.33147
-27.6416 -17.5424 16.452 -73.330937
-28.9683 -17.6171 17.1518 -73.330402
-30.2529 -16.8642 18.0015 -73.329866
-31.8112 -16.9615 18.7079 -73.329325
-32.7125 -16.0015 17.8716 -73.328785
-33.9732 -15.3124 17.8919 -73.328242
-35.5154 -14.9405 18.541 -73.327699
-36.8148 -15.2621 19.6037 -73.327153
-38.1095 -15.3947 20.6532 -73.326609
-39.3709 -15.3085 20.5665 -73.326059
-39.9084 -15.4165 22.2463 -73.325504
-41.4898 -16.1032 22.568 -73.324959
-43.1935 -16.3081 22.9719 -73.324416
-44.8671 -16.1005 23.426 -73.323876
-46.5874 -16.255 23.8037 -73.323336
-48.2806 -16.146 24.1613 -73.322802
-49.8848 -15.6408 24.6252 -73.322272
-51.569 -15.5809 25.1077 -73.321748
-53.1934 -15.8717 25.7123 -73.32123
-54.8397 -16.0518 26.2602 -73.320717
-56.4663 -15.7486 26.8593 -73.320216
-57.6381 -14.8744 27.7621 -73.319724
-58.8394 -13.7889 28.4214 -73.319242
-60.1932 -13.1386 29.3328 -73.31877
-61.8304 -12.6017 29.6751 -73.318312
-63.5039 -12.1508 29.7076 -73.31787
-64.8861 -11.121 29.4315 -73.317443
-65.5954 -10.0293 28.2627 -73.317032
-66.3587 -9.069 29.1123 -73.31664
-67.3994 -7.9254 29.8988 -73.316268
-68.8854 -7.8686 29.963 -73.31592
-70.5505 -7.352 29.9726 -73.315596
-72.0497 -6.4284 30.0037 -73.315299
-73.5599 -5.5098 29.9785 -73.31503
-74.8786 -4.3323 29.9264 -73.314784
-76.2236 -3.1844 29.9023 -73.314579
-77.2186 -1.7362 29.9278 -73.314411
-78.2778 -0.5048 29.7779 -73.314281
-79.9939 -0.3567 29.5292 -73.314191
-81.6519 -0.1123 29.479 -73.314145
-15.2282 -17.1379 4 -73.336789
-15.8134 -17.8487 4 -73.336765
-16.4306 -18.5318 4 -73.336753
-13.8552 -16.3527 0.6773 -73.33871
-6.8126 -12.9962 0.0714 -73.341004
-5.8684 -15.48 0.0572 -73.340458
-5.4058 -18.0693 0.0621 -73.33976
-4.8048 -20.6622 0.1442 -73.338883
-4.2378 -23.1032 0.3354 -73.337797
-4.2185 -23.3173 3.0099 -73.336035
-4.1991 -23.5292 5.6846 -73.334265
-3.9404 -24.0329 8.0609 -73.332523
-2.9465 -26.4423 7.8893 -73.33076
-2.9898 -29.1239 7.9366 -73.328956
-2.8312 -31.7921 8.079 -73.327106
-2.7737 -34.4658 8.0848 -73.325211
-3.1335 -36.1267 6.8772 -73.323234
-2.9668 -36.5649 4.2354 -73.321206
-3.5563 -38.3842 2.8887 -73.319157
-4.3063 -40.3834 1.497 -73.317048
-4.1208 -42.6459 0.2252 -73.314888
-4.2362 -43.7827 0.8959 -73.313169
-3.8312 -43.4159 2.8085 -73.311955
-3.4263 -43.0492 4.7211 -73.310765
-3.0214 -42.6825 6.6338 -73.309598
-2.6164 -42.3158 8.5464 -73.308455
-2.2115 -41.949 10.459 -73.307335
-1.8006 -41.5642 12.3611 -73.306238
-1.0504 -39.8462 12.7392 -73.305119
0.1758 -38.6585 13.5417 -73.303996
1.5902 -38.0395 13.8599 -73.302847
3.2347 -39.0768 14.2093 -73.301693
3.2862 -40.8715 14.6526 -73.300522
3.0921 -42.2179 15.9515 -73.299337
3.289 -43.8273 17.0278 -73.298137
3.7676 -45.0577 18.3989 -73.296915
5.3853 -45.2551 17.5078 -73.295676
6.4565 -45.5185 16.2146 -73.294399
6.4601 -45.5688 14.2263 -73.2931
7.3041 -46.1013 15.3965 -73.291789
7.7212 -46.6728 17.2551 -73.290452
8.2906 -47.8462 18.7417 -73.289108
8.7291 -49.4862 19.2615 -73.288118
9.1255 -50.9461 19.7272 -73.287513
10.0364 -52.2198 19.9693 -73.286911
10.7133 -53.6545 20.0389 -73.286308
11.8089 -54.3454 19.5071 -73.285701
12.1976 -54.6669 17.9921 -73.285094
13.1099 -54.8336 16.8714 -73.284489
13.5838 -54.6626 15.3738 -73.283849
13.6588 -54.6533 13.7788 -73.283122
13.7337 -54.644 12.1838 -73.282418
13.8087 -54.6347 10.5888 -73.281737
13.8837 -54.6254 8.9938 -73.28108
13.9586 -54.6161 7.3988 -73.280446
14.0336 -54.6068 5.8038 -73.279835
14.1085 -54.5975 4.2088 -73.279247
14.1663 -54.5744 2.6132 -73.278596
14.2206 -54.5486 1.0176 -73.277944
14.2749 -54.5228 -0.5781 -73.277318
14.3293 -54.497 -2.1737 -73.276716
14.3836 -54.4712 -3.7694 -73.27614
14.4379 -54.4454 -5.365 -73.275589
13.7113 -55.8095 -5.5929 -73.275054
13.1825 -57.2536 -6.0072 -73.274526
12.9567 -58.7053 -6.561 -73.274008
12.6682 -60.0281 -7.37 -73.2735
12.3514 -61.5353 -7.7387 -73.273003
11.9771 -63.0578 -7.8716 -73.272519
11.7617 -64.6275 -7.7751 -73.272046
11.4655 -65.9109 -8.3481 -73.271586
11.6675 -66.9063 -9.5712 -73.27114
11.728 -68.3207 -9.6289 -73.270708
11.6975 -68.4625 -8.07 -73.270292
11.4235 -69.5735 -7.0162 -73.269896
11.1196 -70.8404 -6.109 -73.269518
11.0275 -71.8722 -4.9846 -73.269158
11.2426 -73.2528 -4.3725 -73.268819
10.7531 -74.6674 -3.9199 -73.268502
10.425 -76.2016 -3.7062 -73.268207
10.77 -77.7411 -3.6532 -73.267935
11.0786 -79.2552 -3.6604 -73.267689
11.425 -80.7723 -3.755 -73.267469
11.2996 -82.2807 -4.0128 -73.267277
11.9706 -83.6675 -4.3963 -73.267114
12.7118 -84.5829 -3.8154 -73.266979
13.1706 -85.4159 -2.5821 -73.266876
13.3664 -86.853 -1.9391 -73.266807
13.3682 -87.667 -0.8755 -73.266771
8.6263 -48.9248 19.7774 -73.288148
8.971 -49.5407 20.9869 -73.287608
9.2099 -51.0475 20.8184 -73.287072
10.0927 -52.2943 20.5532 -73.28654
10.6868 -53.724 20.4404 -73.286012
11.4461 -54.1517 19.6321 -73.285478
11.5442 -54.2966 18.1881 -73.28495
12.9332 -54.8812 18.406 -73.284432
13.2774 -55.294 19.8309 -73.283905
13.7729 -56.2787 20.5319 -73.283394
14.3885 -57.7019 20.5127 -73.282889
15.16 -59.0485 20.6431 -73.28239
15.6443 -60.0525 21.5504 -73.281896
16.2084 -60.988 22.5631 -73.281409
17.2577 -61.2039 23.519 -73.280932
18.4454 -61.8839 23.9975 -73.280465
19.1422 -63.2514 24.2481 -73.280006
19.671 -63.8624 25.3071 -73.27955
20.2623 -64.3588 26.3522 -73.27911
21.638 -65.0559 26.1487 -73.278684
22.7173 -66.1327 25.8633 -73.278245
23.7256 -67.2733 25.5197 -73.277828
24.6112 -68.47 25.1932 -73.277437
24.9681 -69.954 24.971 -73.277063
24.9964 -70.9802 24.2159 -73.276686
24.9684 -71.117 22.6615 -73.276311
24.9404 -71.2538 21.1072 -73.275965
24.9124 -71.3907 19.5528 -73.275648
24.8648 -71.4567 17.9963 -73.275356
24.9221 -71.7069 16.7213 -73.275087
25.4185 -72.6144 17.5247 -73.274833
25.5779 -72.8182 19.0637 -73.2746
25.6724 -73.1458 20.5059 -73.274397
25.5385 -73.7136 21.7923 -73.274213
25.5469 -73.9336 23.3373 -73.274056
25.5553 -74.1535 24.8823 -73.273931
26.4257 -75.2629 24.9859 -73.273836
26.2037 -76.801 24.991 -73.273771
26.3234 -78.3421 25.0702 -73.273738
-4.7208 -44.7161 -0.023 -73.313458
-5.1299 -46.1818 0.6944 -73.312799
-5.3697 -46.9913 2.259 -73.312135
-5.7718 -48.0995 3.5791 -73.311472
-6.3113 -49.4357 4.5711 -73.310805
-6.1052 -51.0319 5.3148 -73.310136
-5.9754 -52.7323 5.8136 -73.309464
-5.3005 -54.3124 6.0843 -73.30879
-5.5666 -55.9139 6.2159 -73.308112
-6.3626 -57.4622 6.4728 -73.307433
-7.4327 -58.7683 6.9386 -73.30675
-8.3123 -60.0607 7.6969 -73.306064
-9.2075 -61.5771 7.5449 -73.305378
-10.0182 -63.1512 7.7642 -73.304689
-10.4982 -64.8336 7.9938 -73.303999
-11.098 -66.494 8.2496 -73.303306
-11.5795 -68.0917 8.8213 -73.302611
-11.4778 -69.48 9.814 -73.301916
-11.3768 -70.9824 10.6772 -73.301218
-11.1615 -72.6665 10.9417 -73.300517
-11.9531 -74.0675 10.3517 -73.299816
-12.2253 -75.2856 9.1163 -73.299114
-12.386 -76.5528 7.8889 -73.298413
-12.4919 -77.8973 6.8778 -73.297709
-12.6418 -79.6702 6.7282 -73.297006
-12.8923 -81.2283 7.3625 -73.296303
-13.0636 -82.0267 8.8276 -73.295594
-12.8375 -83.2389 8.8894 -73.294891
-12.4716 -84.694 8.0205 -73.294188
-12.6797 -85.5671 7.0599 -73.293485
-12.5183 -84.1321 6.1622 -73.292777
-12.5292 -84.0813 7.3739 -73.292071
-11.895 -85.6688 7.8198 -73.291367
-11.5229 -87.2946 8.4116 -73.290667
-10.3324 -88.1124 9.2259 -73.289969
-10.675 -89.8262 9.467 -73.289273
-11.2148 -91.4903 9.7261 -73.288584
-11.4919 -93.2205 9.9224 -73.2879
-11.8689 -94.9605 9.9938 -73.287219
-12.2215 -96.7085 9.9892 -73.286547
-12.5548 -98.4528 9.9031 -73.285881
-13.101 -100.1246 9.6027 -73.285222
-13.6123 -101.6942 9.0552 -73.28457
-14.5178 -102.8115 8.0351 -73.283926
-14.732 -103.8321 6.6289 -73.283289
-14.736 -104.949 5.3416 -73.282661
-14.7897 -105.5564 3.6632 -73.282042
-14.9175 -106.1934 2.0059 -73.281436
-14.8119 -107.3154 0.66 -73.28085
-14.3904 -108.3157 -0.7477 -73.280274
-14.0768 -109.6227 -1.5126 -73.279717
-14.1581 -111.3783 -1.2027 -73.279176
-14.4574 -112.7137 -0.3129 -73.27865
-14.5581 -113.8268 1.0481 -73.278144
-14.5629 -114.7419 2.5821 -73.277655
-14.3372 -115.8187 3.9677 -73.277191
-14.0073 -116.8255 5.38 -73.276748
-13.5104 -118.0936 6.4955 -73.276329
-13.0668 -119.695 6.5246 -73.275936
-12.4966 -121.0534 5.5568 -73.275571
-12.0851 -122.6625 5.1356 -73.275235
-12.5004 -124.2153 4.474 -73.274928
-12.6759 -125.9354 4.076 -73.274654
-13.0189 -127.5669 3.9008 -73.274412
-13.6129 -129.2115 3.7998 -73.274207
-14.5095 -130.7248 3.617 -73.274039
-15.1909 -132.314 3.2206 -73.273911
-16.0458 -133.6469 2.4524 -73.273823
-17.0046 -135.0632 2.0492 -73.273778
-3.6471 -8.0538 -0.0157 -73.341575
-1.3228 -8.9468 -0.0471 -73.341139
0.9314 -9.9936 -0.0832 -73.340669
2.6625 -11.7633 -0.1495 -73.340087
3.884 -13.4015 -0.8686 -73.339165
4.2751 -14.1359 -3.2157 -73.337123
4.6663 -14.8703 -5.5627 -73.33511
5.0575 -15.6047 -7.9097 -73.333125
5.4487 -16.3392 -10.2567 -73.331169
5.5082 -15.6747 -11.481 -73.329697
5.7528 -14.1284 -10.9972 -73.328782
5.1317 -14.013 -9.0503 -73.327841
5.6382 -14.026 -8.2186 -73.326846
7.6439 -14.2766 -7.8039 -73.325835
9.6042 -14.0356 -7.3728 -73.324839
11.4824 -13.5321 -6.7322 -73.323821
12.4397 -13.1153 -5.3274 -73.322779
13.1732 -12.7275 -3.4442 -73.321703
14.0029 -12.5015 -1.5695 -73.320601
14.9232 -12.6143 0.2611 -73.319478
16.0509 -12.8503 1.9217 -73.31833
17.2291 -12.7352 3.6117 -73.317144
18.6969 -13.072 4.9744 -73.315956
20.4387 -12.843 5.9867 -73.314742
22.2399 -12.9948 6.2182 -73.313861
23.7688 -13.3762 5.9788 -73.313337
25.0057 -12.6222 5.3936 -73.312812
26.3571 -12.2571 4.8087 -73.312287
27.8738 -11.9691 4.5669 -73.311759
29.2461 -11.1445 4.4391 -73.311232
30.8012 -10.7714 4.3716 -73.310707
32.3851 -10.5715 4.2891 -73.310182
33.2233 -10.1298 4.9983 -73.309654
34.0663 -9.8024 5.9221 -73.309128
35.5597 -9.845 6.5062 -73.308606
36.9026 -9.7278 7.2501 -73.308084
38.2463 -9.5474 7.9246 -73.307568
39.7277 -9.1425 8.3952 -73.307055
41.1759 -8.7377 8.951 -73.306546
42.5633 -8.3419 9.5488 -73.30604
43.7337 -8.1277 8.583 -73.305539
45.1311 -8.0308 7.9631 -73.305046
46.5242 -8.3092 7.3517 -73.304561
47.4104 -8.3281 6.0274 -73.30408
48.547 -8.1523 4.9694 -73.303611
50.1277 -8.0481 4.8161 -73.303152
51.0302 -8.412 5.9293 -73.302695
52.4231 -8.5023 6.17 -73.302257
53.895 -8.5955 6.6905 -73.301829
54.9911 -8.7652 7.7616 -73.301415
56.4893 -8.9904 7.679 -73.301018
57.587 -10.1308 7.9043 -73.300637
59.0801 -10.6364 8.1455 -73.300272
60.6014 -11.0022 8.4608 -73.299928
61.9959 -11.5958 8.0265 -73.299603
62.9752 -11.9724 7.058 -73.299295
63.4644 -12.0743 5.5381 -73.299012
64.0395 -11.9612 4.047 -73.298749
64.4337 -11.9546 2.4888 -73.298512
64.823 -11.932 0.9297 -73.298304
65.2041 -11.8836 -0.6309 -73.298128
65.5558 -11.8356 -2.1985 -73.297982
65.8976 -11.7879 -3.7682 -73.297872
66.4194 -11.7876 -5.282 -73.297797
66.4944 -12.5596 -6.6605 -73.297758
21.8035 -12.9643 5.5087 -73.313766
22.2928 -12.8975 4.0421 -73.313068
22.782 -12.8307 2.5755 -73.312393
23.2713 -12.7639 1.1089 -73.31174
23.7606 -12.6971 -0.3578 -73.31111
24.2499 -12.6303 -1.8244 -73.310503
24.7391 -12.5635 -3.291 -73.309918
25.2284 -12.4967 -4.7576 -73.309356
25.7177 -12.4299 -6.2242 -73.308817
26.2069 -12.363 -7.6908 -73.3083
26.8935 -12.3131 -8.9994 -73.307802
27.9931 -12.1349 -10.0456 -73.307311
29.4155 -12.0244 -10.5719 -73.306824
30.9321 -12.139 -10.7879 -73.306343
32.4337 -12.4908 -10.7732 -73.305865
33.7283 -13.0404 -10.3346 -73.305395
34.9591 -13.7394 -9.781 -73.304931
36.3049 -14.3754 -9.3611 -73.304473
37.7863 -14.4064 -8.971 -73.304015
38.9765 -14.4204 -8.3072 -73.303567
39.509 -14.5028 -6.8771 -73.30313
40.803 -14.1184 -7.3333 -73.30271
42.1172 -13.7343 -7.9502 -73.302301
43.481 -14.2451 -8.4653 -73.301906
44.8322 -14.6862 -9.0455 -73.301526
46.2199 -15.1571 -9.5418 -73.301159
47.4998 -15.7968 -10.1041 -73.300812
48.4919 -16.341 -10.9949 -73.30048
49.2648 -16.5571 -12.2212 -73.300167
50.6437 -17.0063 -12.5265 -73.299876
52.1626 -17.2199 -12.7123 -73.299607
53.5098 -17.9199 -12.5815 -73.299362
54.8261 -18.5114 -12.0649 -73.299142
56.0144 -19.3898 -11.6485 -73.298949
57.1511 -20.3793 -11.2981 -73.298784
58.5784 -20.83 -11.009 -73.298649
59.5198 -21.3446 -11.6244 -73.298544
59.9152 -21.5013 -13.1121 -73.298472
60.3293 -21.6363 -14.5919 -73.298436
5.542 -17.4481 -11.9734 -73.329844
5.2752 -19.0549 -12.8511 -73.329238
4.5319 -20.5356 -13.6308 -73.328628
4.2842 -21.2679 -12.1504 -73.328005
4.5234 -21.5541 -11.2061 -73.327388
5.0916 -22.5097 -9.9139 -73.326761
5.6355 -23.6108 -8.5295 -73.326133
6.4022 -24.9693 -7.5369 -73.325499
6.6335 -26.3097 -6.3211 -73.324864
7.1852 -27.3717 -7.4784 -73.32422
7.7638 -28.2275 -9.037 -73.323574
9.1599 -28.8455 -10.0123 -73.32293
10.2945 -29.4271 -11.2255 -73.322281
12.0307 -29.9265 -10.7637 -73.321628
13.7255 -30.5864 -10.4924 -73.320972
15.1918 -31.515 -11.0288 -73.320315
16.7178 -31.6949 -12.0524 -73.319653
18.2188 -31.9125 -13.1144 -73.318989
19.9511 -32.1969 -13.7295 -73.318322
21.5074 -33.0418 -14.1745 -73.317628
22.8543 -34.2615 -14.6414 -73.316931
24.0059 -35.5947 -15.1729 -73.316256
24.5296 -37.1036 -15.7174 -73.315577
24.7232 -37.5624 -17.5262 -73.314889
25.1008 -38.2263 -19.2142 -73.314201
26.3789 -39.4506 -19.5884 -73.31352
28.1291 -39.8596 -20.0602 -73.312839
29.3513 -39.6098 -21.3429 -73.312155
30.6809 -38.9744 -22.3478 -73.31147
31.8544 -39.4408 -23.699 -73.310784
32.7072 -40.1312 -24.5207 -73.310099
34.1875 -40.0661 -24.2388 -73.309413
35.3747 -39.954 -25.6606 -73.308727
36.0556 -40.1808 -27.3735 -73.308034
37.1117 -40.5409 -28.8636 -73.307351
37.9499 -40.8975 -30.5002 -73.306669
38.8019 -40.6861 -32.1277 -73.305989
39.8174 -40.5169 -33.6425 -73.305316
40.8901 -40.7217 -35.068 -73.304649
42.5305 -41.61 -35.2384 -73.303988
44.3755 -41.8861 -35.4176 -73.303333
45.9871 -42.2694 -36.0731 -73.302684
47.4878 -43.2765 -36.1873 -73.30203
49.3319 -43.6209 -36.2065 -73.301374
51.1887 -43.712 -36.2324 -73.300746
53.0372 -43.4731 -36.3042 -73.30013
54.8899 -43.6769 -36.497 -73.299527
56.6959 -43.5991 -36.9065 -73.298936
58.2639 -44.1277 -37.6876 -73.298359
59.5341 -44.5902 -38.7803 -73.297793
60.5988 -45.0677 -39.8571 -73.297247
61.8729 -46.2433 -40.1922 -73.296719
63.3313 -46.5896 -41.0735 -73.296208
64.0217 -46.6763 -42.7931 -73.295714
64.5704 -46.7494 -44.583 -73.295243
64.8703 -46.6711 -46.4334 -73.29478
65.1687 -46.5915 -48.2839 -73.294355
65.5964 -46.5388 -50.1097 -73.293957
65.7108 -46.4215 -51.9702 -73.29356
65.6981 -46.2783 -53.8407 -73.293197
65.6854 -46.1351 -55.7113 -73.292882
65.6727 -45.9919 -57.5819 -73.292613
65.7296 -45.7497 -59.4403 -73.292379
65.8135 -45.4694 -61.2934 -73.292189
66.0243 -45.0935 -63.1166 -73.292045
66.1717 -44.6856 -64.9394 -73.291946
66.3305 -44.1781 -66.4646 -73.291895
5.6517 -16.7814 -12.2027 -73.329494
5.689 -16.9607 -13.7308 -73.328213
5.7263 -17.14 -15.259 -73.32696
5.7636 -17.3194 -16.7872 -73.325735
5.8009 -17.4987 -18.3154 -73.324536
5.8383 -17.678 -19.8436 -73.323364
5.8756 -17.8574 -21.3717 -73.322219
5.9129 -18.0367 -22.8999 -73.321102
5.9502 -18.216 -24.4281 -73.320011
5.9875 -18.3954 -25.9563 -73.318947
6.0248 -18.5747 -27.4845 -73.317909
6.0621 -18.754 -29.0126 -73.316899
6.0994 -18.9334 -30.5408 -73.315915
6.1367 -19.1127 -32.069 -73.314958
6.1741 -19.292 -33.5972 -73.314027
6.2114 -19.4714 -35.1254 -73.313123
6.2487 -19.6507 -36.6536 -73.312245
6.286 -19.83 -38.1817 -73.311394
6.3233 -20.0094 -39.7099 -73.310569
6.3606 -20.1887 -41.2381 -73.30977
6.3979 -20.368 -42.7663 -73.308998
6.4352 -20.5474 -44.2945 -73.308252
6.4725 -20.7267 -45.8226 -73.307532
6.5099 -20.906 -47.3508 -73.306838
6.5472 -21.0854 -48.879 -73.306171
6.5845 -21.2647 -50.4072 -73.305529
6.6218 -21.444 -51.9354 -73.304914
6.6591 -21.6234 -53.4635 -73.304324
6.6964 -21.8027 -54.9917 -73.303761
6.7337 -21.982 -56.5199 -73.303223
6.771 -22.1614 -58.0481 -73.302711
6.8083 -22.3407 -59.5763 -73.302225
6.8457 -22.52 -61.1045 -73.301765
6.883 -22.6994 -62.6326 -73.301331
6.9394 -22.8766 -64.1572 -73.300922
8.1498 -22.8799 -64.1006 -73.300529
8.9886 -23.516 -62.989 -73.300145
9.9314 -24.3205 -62.1091 -73.299775
10.5435 -25.411 -61.3105 -73.299416
11.1641 -26.7642 -60.9602 -73.299072
11.7371 -28.177 -61.0516 -73.298744
12.2468 -29.4991 -61.4619 -73.298433
12.6299 -30.7915 -61.1111 -73.298138
13.0367 -32.212 -60.6823 -73.297862
13.4206 -33.6473 -60.2909 -73.297606
13.672 -35.0666 -59.8345 -73.297372
13.7802 -36.5811 -60.0484 -73.297162
13.7177 -38.0731 -60.4184 -73.296978
13.5658 -39.5761 -60.7091 -73.296821
13.3014 -41.0704 -60.6511 -73.296691
13.3571 -42.0105 -59.4467 -73.29659
13.5377 -43.0476 -58.3404 -73.296522
13.6333 -44.0606 -57.3331 -73.296487
-2.4565 -0.91 0.0523 -73.346074
-2.8293 2.667 0.2464 -73.350338
-3.0866 6.216 0.7208 -73.354703
-2.2413 9.6979 1.5153 -73.359191
-0.7404 12.7593 0.9662 -73.363764
0.227 15.8879 -1.0884 -73.368632
0.5524 20.1154 -1.9386 -73.373814
0.4575 24.418 -2.5408 -73.379148
0.4389 27.3767 -5.5178 -73.384651
-0.013 29.9656 -8.7108 -73.390319
-0.1419 14.3216 0.264 -73.366208
0.8616 14.8245 1.2959 -73.367551
2.5303 15.409 3.4469 -73.370079
5.0961 15.9466 3.8822 -73.372727
7.8356 16.5695 3.9069 -73.375521
10.5566 17.2922 4.0994 -73.378429
13.2701 17.9524 4.5537 -73.38148
15.8121 18.8134 4.7988 -73.384678
17.2134 19.7132 4.344 -73.386956
17.5574 19.3689 4.0634 -73.386787
-0.9274 14.3109 0.2417 -73.366181
-2.5488 14.1754 0.0246 -73.365933
-4.1702 14.04 -0.1925 -73.365714
-5.6969 13.9854 -0.1496 -73.365522
-6.0083 14.0245 0.9686 -73.365351
-4.7591 13.8534 0.1003 -73.365201
-4.5248 13.8442 -1.5168 -73.365044
-4.3735 13.8457 -3.1513 -73.364919
-4.2222 13.8471 -4.7858 -73.36483
-4.0708 13.8486 -6.4202 -73.364779
-3.7648 13.9278 -8.018 -73.364765
-3.1571 14.1597 -9.5252 -73.364789
-2.5409 14.9686 -10.6984 -73.364852
-0.6612 32.5013 -8.9792 -73.39389
-1.3441 34.6869 -8.6538 -73.396579
-2.5162 37.7967 -7.959 -73.400654
-4.0883 40.798 -9.2426 -73.404795
-6.1771 43.4321 -10.5669 -73.408998
-7.4526 45.9637 -12.4793 -73.413271
-8.199 48.9959 -14.3148 -73.417662
-8.488 52.2581 -16.0262 -73.422169
-8.9751 55.6713 -17.3793 -73.426744
-8.9724 59.3456 -17.9864 -73.431386
-8.8355 62.9598 -18.9326 -73.436096
-8.1651 65.7964 -21.101 -73.440879
-8.071 69.4931 -21.2598 -73.445728
-8.0725 72.7987 -19.5494 -73.450273
-8.8931 75.9303 -20.6534 -73.453979
-9.8467 77.8663 -22.8286 -73.457209
-10.916 79.9845 -24.8489 -73.460469
-11.8107 82.572 -26.461 -73.463961
-13.9622 85.1541 -28.0376 -73.467684
-15.428 87.4195 -30.0798 -73.471451
-16.2874 89.1284 -32.8169 -73.47467
-17.1302 91.8068 -33.4334 -73.477326
-16.6579 94.7355 -33.3269 -73.479995
-16.2793 97.4317 -32.2507 -73.482676
-16.0966 100.3779 -31.8618 -73.485369
-15.6048 103.2146 -31.8672 -73.488862
-15.0646 104.6984 -30.0846 -73.493164
-14.4099 106.6313 -31.3901 -73.497466
-13.9013 109.3975 -31.7321 -73.501775
-13.1382 112.1018 -31.8855 -73.506088
-12.0288 114.6912 -32.2205 -73.51041
-9.9615 116.491 -32.7147 -73.514735
-8.3964 118.5551 -33.6954 -73.519063
-7.0441 120.3709 -35.2413 -73.523397
-16.3107 103.1222 -31.2609 -73.488929
-17.0106 105.6108 -30.0258 -73.493283
-17.7104 108.0993 -28.7907 -73.497562
-18.4103 110.5878 -27.5556 -73.501766
-19.1321 113.0846 -26.3544 -73.505893
-20.0839 115.6275 -25.7828 -73.509997
-21.6544 117.8269 -26.4818 -73.514106
-22.4041 120.0541 -28.0006 -73.518227
-23.8204 121.9956 -29.2918 -73.522348
-16.2837 88.4956 -30.6847 -73.475716
-16.9057 88.45 -28.8674 -73.480407
-17.5277 88.4044 -27.0501 -73.485036
-18.1496 88.3588 -25.2328 -73.489603
-18.7716 88.3131 -23.4155 -73.494107
-19.3936 88.2675 -21.5982 -73.498546
-20.0155 88.2219 -19.7808 -73.50292
-20.6375 88.1763 -17.9635 -73.507228
-21.2595 88.1307 -16.1462 -73.51147
-21.8814 88.0851 -14.3289 -73.515644
-22.5034 88.0394 -12.5116 -73.519749
-23.1253 87.9938 -10.6943 -73.523786
-23.7473 87.9482 -8.8769 -73.527753
-24.3693 87.9026 -7.0596 -73.531649
-24.9912 87.857 -5.2423 -73.535474
-25.6132 87.8114 -3.425 -73.539226
-26.2352 87.7657 -1.6077 -73.542905
-26.8571 87.7201 0.2096 -73.54651
-27.4791 87.6745 2.0269 -73.55004
-28.1011 87.6289 3.8443 -73.553495
-28.723 87.5833 5.6616 -73.556873
-10.6474 82.0467 -25.97 -73.463206
-9.8973 83.5702 -26.7997 -73.465374
-8.9166 84.4636 -28.1497 -73.467559
-7.9416 85.635 -29.2349 -73.469761
-6.7633 86.7616 -30.2244 -73.471973
-5.9934 87.8877 -31.5 -73.474201
-4.805 89.0805 -31.9871 -73.47644
-4.0074 90.0975 -33.2964 -73.478707
-3.642 91.5318 -34.1524 -73.480973
-3.5504 92.2381 -35.0395 -73.483252
-2.6112 93.3175 -34.37 -73.485547
-1.4138 94.7914 -34.5426 -73.48784
-0.1697 96.0984 -35.117 -73.490141
0.8889 97.112 -35.3375 -73.492448
1.8787 97.6218 -33.8386 -73.494763
3.297 98.6527 -34.2066 -73.497066
4.478 100.1526 -34.2331 -73.49936
5.7259 101.6013 -34.2783 -73.501654
6.9236 103.076 -34.3329 -73.503933
8.2378 104.4594 -34.2789 -73.506203
9.708 105.6324 -34.1824 -73.508452
11.0242 106.9149 -34.1788 -73.510689
12.03 108.5293 -34.2938 -73.512904
12.8387 110.237 -34.4028 -73.515094
13.6986 111.9172 -34.2947 -73.517256
14.9808 113.3035 -34.0183 -73.519384
16.3534 114.5382 -33.5266 -73.521476
-8.0122 74.6652 -19.0128 -73.453421
-7.3733 74.7434 -17.1393 -73.455474
-6.2129 74.8717 -15.5661 -73.457522
-4.6588 75.1485 -14.4836 -73.459579
-2.9313 75.2005 -13.5318 -73.461651
-1.1908 75.5548 -14.025 -73.463739
0.2492 75.4182 -15.2751 -73.465845
1.6994 75.2949 -16.4498 -73.467959
3.456 75.8724 -16.5978 -73.470088
4.909 77.061 -16.0201 -73.472228
6.3489 78.0205 -15.2054 -73.474376
7.6777 78.1558 -16.557 -73.476545
9.1932 78.8939 -17.1669 -73.478715
10.3243 80.3116 -17.9293 -73.480889
11.8031 81.2429 -18.8099 -73.483063
13.3202 82.0201 -19.7154 -73.485241
14.672 82.8734 -20.8357 -73.487415
15.8195 84.0369 -21.4716 -73.489582
17.3968 85.0052 -21.5241 -73.491745
19.1523 85.9091 -21.6233 -73.493899
20.835 86.8367 -21.5731 -73.49604
22.3782 87.6805 -22.4819 -73.498174
23.6336 88.6822 -23.6145 -73.500286
25.3121 89.236 -24.4178 -73.502377
26.9271 90.1776 -25.069 -73.504488
28.5711 91.1435 -25.6063 -73.506595
30.1849 92.1759 -26.0934 -73.508614
31.906 93.0582 -26.3886 -73.510587
33.349 94.3802 -26.2354 -73.51252
34.682 95.7638 -25.7885 -73.514408
36.0698 96.9946 -25.1164 -73.516248
-9.1332 71.1226 -19.9391 -73.450732
-11.2049 71.3971 -19.3463 -73.455809
-12.2503 72.1505 -17.4371 -73.460989
-13.2771 72.9723 -16.3017 -73.466264
-15.0629 74.4381 -16.0237 -73.471627
-17.1889 75.3374 -15.9102 -73.477099
-18.7708 76.7954 -16.5998 -73.482679
-20.2396 77.7578 -18.0502 -73.488377
-21.4318 79.2493 -19.3169 -73.494175
-22.4493 80.8848 -20.0685 -73.49856
-23.644 82.5321 -19.9209 -73.501453
-25.2693 83.8199 -19.7197 -73.50437
-26.4282 85.5474 -19.5741 -73.507314
-27.4271 87.2915 -19.7394 -73.510291
-28.2555 88.0894 -18.5764 -73.513323
-28.4362 88.7812 -16.6121 -73.516395
-28.7184 89.4709 -14.6555 -73.519463
-28.5952 90.5234 -12.9306 -73.522544
-28.0087 92.2281 -11.8717 -73.525644
-28.1824 93.3344 -10.523 -73.528775
-28.881 94.9101 -9.3484 -73.531926
-29.1637 96.6406 -8.2343 -73.535093
-29.7507 98.589 -7.8416 -73.538279
-31.2546 100.014 -7.7767 -73.541482
-32.9856 101.1833 -7.8435 -73.544693
-34.438 102.6859 -7.93 -73.547924
-35.8645 104.1959 -8.077 -73.551166
-37.7492 105.0636 -8.2888 -73.554412
-39.7252 105.5106 -8.4883 -73.557676
-41.4274 106.5542 -8.4275 -73.560954
-22.5697 79.9845 -21.0657 -73.498784
-23.5049 79.5868 -23.0086 -73.501789
-24.7357 79.2357 -23.1851 -73.504509
-26.0186 79.7983 -22.2548 -73.507245
-27.6912 80.6895 -21.9109 -73.510001
-29.3246 81.7314 -21.4655 -73.512775
-31.1306 82.4861 -21.4143 -73.515566
-32.9071 83.2024 -21.5235 -73.518385
-34.8537 83.2248 -21.3716 -73.52122
-36.6622 83.819 -20.8419 -73.524077
-38.0322 83.5029 -19.5874 -73.526959
-39.4902 83.5562 -18.2934 -73.529854
-40.9141 84.0358 -17.0459 -73.532765
-42.4783 85.0996 -16.5078 -73.535682
-44.0118 86.2891 -16.2793 -73.538612
-45.0805 86.8165 -17.3328 -73.541612
-45.3985 87.0849 -19.2874 -73.544603
-46.0085 87.5938 -21.1008 -73.547608
-46.5256 87.8633 -23.0125 -73.550621
-47.0124 88.1443 -24.9307 -73.55364
-48.0466 88.8001 -25.8124 -73.556625
-49.3531 89.8139 -24.8517 -73.559611
-23.4169 79.5945 -22.041 -73.500429
-7.4755 47.1812 -14.128 -73.415706
-6.6397 46.9581 -15.442 -73.416231
-6.0885 47.0624 -16.854 -73.416736
-5.6785 47.4504 -18.3124 -73.417233
-5.0375 48.1975 -19.4234 -73.417717
-4.9376 48.8586 -20.8471 -73.418189
-4.8994 49.5688 -22.2208 -73.418647
-4.8067 50.8524 -23.1201 -73.419086
-4.348 52.1399 -23.896 -73.419526
-3.8636 53.4258 -24.6617 -73.419928
-3.2759 54.7308 -25.2965 -73.420294
-2.6137 56.0992 -25.6637 -73.42063
-1.9972 57.5231 -25.7699 -73.420936
-0.7472 58.4335 -25.8246 -73.421208
0.1834 59.5702 -25.9895 -73.421443
1.0556 60.8294 -26.3063 -73.421637
1.4265 62.1744 -26.9168 -73.421788
1.2466 63.3678 -27.9187 -73.421892
0.8615 64.5278 -28.8693 -73.421946
-1.2039 34.2315 -8.7378 -73.39663
-2.1645 36.692 -8.3921 -73.400787
-3.11 39.1845 -8.3928 -73.405038
-3.9026 40.3411 -6.7187 -73.409393
-4.4638 40.8393 -4.1593 -73.413865
-5.2514 41.2336 -1.6507 -73.418433
-6.4986 41.3875 0.6577 -73.423093
-6.9016 41.3668 3.1344 -73.427888
-8.3244 41.1475 5.0228 -73.432743
-9.0777 42.2825 6.6587 -73.437155
-10.4818 44.1286 6.7312 -73.441088
-12.0542 45.877 6.472 -73.445092
-13.7926 47.4551 6.7415 -73.449171
-14.3287 48.7274 8.6097 -73.453341
-14.2892 50.0448 10.5825 -73.457577
-14.3831 52.2013 11.5125 -73.46188
-15.4653 54.1641 11.5993 -73.466257
-15.9872 56.1264 10.7348 -73.470716
-15.9935 58.493 10.4465 -73.475248
-16.6674 59.2873 8.5547 -73.479888
-17.4698 59.7595 6.3608 -73.484601
-17.8092 61.9411 6.2291 -73.489374
-19.8136 62.8997 6.5069 -73.494245
-21.3274 63.1601 7.9551 -73.499222
-22.8218 64.0013 9.1439 -73.503438
-24.7396 64.6596 9.7419 -73.506857
-25.9313 65.6939 8.2209 -73.510317
-27.3521 67.091 7.1443 -73.513824
-27.8515 68.7801 5.7356 -73.517375
-28.9706 70.1238 4.2552 -73.520961
-29.8302 71.1977 2.3661 -73.524597
-30.5772 72.9481 2.3143 -73.528277
-31.2511 73.9836 4.3225 -73.531996
-31.8836 74.7971 6.3519 -73.535761
-33.4979 76.3178 6.0157 -73.539547
-35.3494 77.7054 5.6794 -73.543368
-36.2359 77.7987 3.4859 -73.547252
-36.823 78.2142 1.2302 -73.551175
-37.2962 78.8752 -1.0041 -73.55513
-38.0777 79.5243 -3.1351 -73.559097
-38.5828 79.8578 -5.4262 -73.563125
-40.1286 80.7679 -6.86 -73.567153
-41.8887 81.3717 -5.9333 -73.571218
-43.201 81.2826 -4.0378 -73.575329
-44.3102 81.7185 -2.0187 -73.579455
-23.2557 64.0561 8.131 -73.502891
-24.9649 64.9635 8.1844 -73.505211
-26.0616 65.9005 8.9001 -73.507597
-26.305 66.1448 10.8713 -73.51002
-26.4364 66.2766 12.8582 -73.512419
-26.7662 66.3845 14.8041 -73.514829
-28.2543 66.3369 15.7942 -73.517246
-29.7596 66.2207 16.7645 -73.51969
-29.8152 66.2528 18.7633 -73.52215
-30.2709 66.9957 19.6957 -73.524621
-31.7156 67.9135 20.4594 -73.52712
-32.1409 69.5247 21.5115 -73.529628
-33.0427 71.1208 22.2483 -73.53214
-33.7682 72.7602 23.0868 -73.53466
-34.714 74.4169 23.6586 -73.53718
-35.5114 76.0162 24.4887 -73.539703
-35.8784 77.7991 25.2812 -73.542233
-36.6919 79.4931 25.9091 -73.544761
-37.5921 81.2366 26.1638 -73.547279
-37.9648 82.9348 26.6532 -73.549807
-38.1232 84.1537 28.0096 -73.552315
-37.4894 85.6297 29.04 -73.554811
-37.0034 87.4849 29.1485 -73.557291
-36.7841 89.4485 29.2879 -73.559834
-36.3959 91.4052 29.448 -73.562348
-9.6387 41.5186 6.3846 -73.435834
-11.2133 41.8239 6.3128 -73.437074
-12.0979 42.4791 4.8865 -73.438339
-13.2557 43.35 3.9751 -73.43961
-14.2423 43.577 2.4577 -73.440897
-15.3556 43.71 1.0276 -73.442193
-15.9894 44.5732 -0.4476 -73.443501
-16.6871 45.12 -2.0478 -73.444817
-17.7188 45.8368 -3.2857 -73.446147
-18.5783 46.8498 -4.5254 -73.447482
-19.9074 47.2662 -5.6939 -73.448824
-21.5852 47.5437 -6.3542 -73.450167
-22.9761 48.6597 -6.3259 -73.451509
-24.3563 49.8697 -6.2079 -73.452854
-25.8552 50.8966 -6.0169 -73.454194
-27.0962 51.9486 -5.4199 -73.455537
-27.9482 52.3876 -3.9646 -73.456881
-29.654 52.5789 -3.9322 -73.458211
-30.6445 52.9077 -5.3714 -73.459536
-32.0441 53.5066 -6.2656 -73.460848
-33.4656 54.634 -6.5349 -73.462144
-34.9544 55.5474 -7.0531 -73.46342
-36.2819 56.6634 -7.6004 -73.464675
-37.6486 57.8611 -7.7756 -73.46591
-38.5034 59.4777 -7.6459 -73.467116
-39.3718 61.0534 -7.2838 -73.468286
-40.2991 62.551 -6.7638 -73.469421
-41.2384 64.045 -6.261 -73.470518
-41.8614 65.6914 -5.7694 -73.471569
-42.4591 67.2851 -5.1652 -73.472573
-43.3383 68.5969 -4.4191 -73.473522
-44.4522 70.0317 -4.1392 -73.47441
-45.5063 71.5345 -4.0501 -73.475236
-46.5569 73.035 -4.1531 -73.475993
-47.8716 74.2263 -4.5515 -73.476675
-48.8625 75.1738 -5.5759 -73.477276
-49.2408 75.7623 -7.2733 -73.477796
-49.4584 77.0985 -8.4631 -73.478221
-49.9501 78.752 -8.946 -73.478549
-51.026 79.8745 -9.2484 -73.478774
-51.28 79.9424 -10.8927 -73.478892
17.7044 20.951 4.9703 -73.388206
18.2015 22.2043 5.6044 -73.389464
18.6985 23.4577 6.2386 -73.390713
19.0912 25.152 6.8819 -73.392288
19.429 27.2733 6.757 -73.394219
20.0937 28.9393 5.4586 -73.396184
20.5192 30.5261 4.0181 -73.398186
21.7848 31.8769 2.8501 -73.400228
22.0977 33.1829 1.0434 -73.402309
23.2662 34.71 0.0406 -73.404419
23.7528 35.2305 -1.9989 -73.406575
24.4415 36.3316 -0.4475 -73.408772
25.2156 37.3871 1.3732 -73.411003
25.5431 38.1412 3.4507 -73.413275
26.3109 39.4951 5.0553 -73.415573
27.3125 40.7429 3.9319 -73.417908
27.6125 41.5008 5.9749 -73.420295
27.8649 42.4672 7.8245 -73.422712
28.5761 44.0126 9.106 -73.425156
29.3017 45.8785 9.8466 -73.427631
29.8444 47.4239 10.9837 -73.430156
29.8427 48.4745 12.9418 -73.432706
30.4043 50.5089 13.6559 -73.435285
32.2661 51.6774 14.0416 -73.437899
33.7432 53.3643 13.9508 -73.440542
35.3704 54.8773 13.6311 -73.443221
36.404 56.7929 13.1328 -73.445931
37.9566 57.9008 12.228 -73.448666
39.1636 59.6692 11.6914 -73.451433
40.7811 61.2139 11.412 -73.454232
42.5407 62.5144 11.7504 -73.457052
43.9242 63.8221 12.81 -73.459904
45.3908 65.165 13.6376 -73.46278
45.9271 67.2097 14.1714 -73.46567
46.6355 69.1359 14.3788 -73.468582
48.3635 70.1089 14.8857 -73.471518
49.6569 71.9103 15.1633 -73.474527
50.9513 73.7475 15.4455 -73.477554
52.8054 74.9337 15.6383 -73.480537
54.7263 75.5702 15.6827 -73.48353
56.0864 76.9982 15.657 -73.486535
57.1449 78.0802 14.4904 -73.48956
58.894 79.349 14.0314 -73.492582
60.9129 80.2627 14.3307 -73.495606
62.6887 81.5896 14.007 -73.498634
64.1912 82.1373 14.8133 -73.501678
65.3934 82.3955 16.5144 -73.504711
66.9021 83.2776 17.6975 -73.507727
67.4164 84.9808 18.6495 -73.510729
68.0681 86.9646 19.2519 -73.513702
18.9087 24.0362 7.1126 -73.391342
19.1476 18.9083 3.9431 -73.387833
20.9905 18.3979 3.8423 -73.389039
22.9152 18.2333 3.6481 -73.39027
24.7758 17.8958 3.3306 -73.391521
26.5871 18.0132 3.1308 -73.392796
28.3023 18.6484 3.6845 -73.394094
29.9424 18.8206 4.6508 -73.395414
31.2866 18.6601 5.9911 -73.396761
32.7096 18.1098 7.1234 -73.398129
34.1103 16.8391 7.543 -73.399517
35.4164 15.4177 7.7072 -73.400929
36.5618 14.0174 7.4707 -73.402362
38.0589 13.6462 6.35 -73.403815
39.8047 13.3092 5.8907 -73.405287
41.5119 12.7068 5.2455 -73.40678
42.8693 12.0614 4.0202 -73.408297
44.4573 11.3345 3.2295 -73.409831
45.9294 10.8303 2.4767 -73.411386
47.1014 10.1377 3.6205 -73.412956
48.3849 9.3089 4.6779 -73.41454
49.394 9.6773 6.2389 -73.41615
50.6478 10.0528 7.6185 -73.417772
51.9327 9.8336 9.0023 -73.419404
53.4883 10.1208 10.104 -73.421046
55.2334 9.8227 9.9071 -73.422697
57.0597 9.924 9.3135 -73.424455
58.8743 9.6526 8.6558 -73.426263
60.689 9.3812 7.9981 -73.428017
62.4959 9.1815 7.3186 -73.42972
64.0964 9.6659 6.3822 -73.431407
65.6128 10.0298 5.5676 -73.433096
66.3879 8.7348 6.61 -73.434788
67.0408 7.9267 8.2378 -73.436474
67.6184 7.3624 10.0083 -73.438162
68.2214 6.7991 11.7671 -73.439844
68.8557 6.3245 13.5452 -73.441507
69.5936 6.0215 15.3177 -73.443165
70.6128 5.6939 16.9232 -73.444796
71.846 5.1297 18.3139 -73.446396
73.446 5.6128 19.1551 -73.447977
75.1394 5.1362 19.9892 -73.449553
76.7792 5.1163 20.887 -73.45107
78.3203 5.541 21.9782 -73.452553
79.5543 6.0354 23.1887 -73.453994
80.477 6.477 24.7608 -73.455381
82.1371 6.4027 25.3832 -73.456719
83.992 6.8997 25.7174 -73.458
85.8702 6.8251 26.0726 -73.45922
87.7509 6.7088 26.4848 -73.460371
89.6348 6.7028 26.6547 -73.461448
91.0074 6.4378 25.4152 -73.462442
92.1971 6.0461 24.0228 -73.463353
93.1627 5.5053 22.7795 -73.464192
93.4181 5.3578 20.8527 -73.464928
93.6827 5.205 18.9277 -73.465553
93.9559 5.0473 17.0042 -73.466061
94.7999 4.5071 17.8661 -73.466441
-1.9865 16.2264 -10.9822 -73.364945
-1.6114 17.3396 -11.0385 -73.365009
-1.1973 18.2526 -10.4886 -73.365059
-0.4899 18.8695 -10.968 -73.365094
0.4947 18.656 -11.4238 -73.365112
-5.9486 122.6202 -36.4545 -73.527736
-4.8563 124.4889 -38.1946 -73.532078
-3.4433 126.1431 -39.8024 -73.536414
-2.2407 128.597 -40.3971 -73.540743
-1.5188 131.295 -40.1613 -73.545068
-1.6696 134.0734 -40.2753 -73.549384
-2.517 136.7345 -40.7076 -73.553694
-3.2762 139.4376 -41.1589 -73.557993
-4.1563 142.1305 -41.3938 -73.562277
-4.9956 144.8475 -41.5126 -73.566548
-4.2109 147.46 -41.641 -73.570797
-3.9407 150.1251 -41.6099 -73.575031
-3.8535 152.9656 -41.6389 -73.579238
-3.8797 155.8081 -41.7765 -73.583427
-3.362 158.4701 -41.8809 -73.58759
-3.9026 161.1882 -41.8597 -73.591726
-4.6546 163.8938 -41.7416 -73.59583
-4.458 166.7321 -41.7051 -73.5999
-4.7248 169.4267 -41.9823 -73.603935
-5.9516 171.9513 -42.4086 -73.607933
-6.8697 174.6164 -42.5236 -73.611888
-7.1469 177.3942 -42.5991 -73.615801
-8.5483 179.5426 -43.6297 -73.619667
-9.0965 181.9163 -44.9846 -73.623493
-9.3572 184.5276 -45.8738 -73.627258
-10.3037 185.8819 -45.5629 -73.629976
-12.6165 185.7411 -44.527 -73.631617
-14.6492 185.7303 -43.1953 -73.633157
-16.2496 187.2653 -42.1906 -73.634614
-17.9145 189.1431 -41.8854 -73.63599
-19.4479 191.0685 -41.5909 -73.63728
-21.0169 192.9475 -41.0017 -73.638483
-22.4125 194.4386 -40.3024 -73.639596
-23.7068 195.9472 -39.0039 -73.640615
-25.0392 197.7028 -39.8911 -73.641535
-25.8175 200.0563 -40.2799 -73.642353
-26.6369 201.4551 -41.5533 -73.643066
-27.5289 202.2594 -40.2727 -73.64367
-29.472 203.3638 -40.3713 -73.644157
-31.4096 204.4733 -39.3932 -73.644527
-31.9894 205.4816 -37.1556 -73.644774
-32.896 206.6385 -35.2063 -73.644894
-33.7738 206.9925 -32.8727 -73.644882
-35.326 208.2821 -31.3862 -73.644733
-36.5537 210.18 -30.3332 -73.644442
-37.6503 212.1937 -29.5135 -73.644004
-38.7499 214.0475 -28.2022 -73.643414
-38.8366 216.2339 -27.1303 -73.642667
-39.8429 217.9451 -25.6872 -73.641757
-40.3547 220.3663 -25.6679 -73.640678
-9.0607 186.6005 -47.0068 -73.630155
-8.6412 188.5188 -48.1723 -73.632178
-7.9227 189.8909 -49.7878 -73.634139
-7.3389 191.2666 -51.5099 -73.636033
-6.8689 192.8579 -53.067 -73.637853
-6.5717 194.5306 -54.6272 -73.639601
-6.699 195.7688 -56.5782 -73.641275
-6.6007 197.3796 -57.9455 -73.642866
-5.361 198.4457 -59.4593 -73.644376
-4.0706 199.0919 -61.2062 -73.645799
-2.56 200.3359 -61.9713 -73.647129
-1.1767 202.1203 -62.473 -73.648364
0.1257 203.765 -63.1817 -73.649501
0.5779 205.9809 -62.9411 -73.650537
1.7705 207.8999 -62.7909 -73.651468
1.7806 210.0234 -63.3852 -73.652289
1.251 212.0868 -62.5412 -73.652997
0.3882 214.2228 -62.3899 -73.653585
-0.4598 216.2968 -62.9067 -73.65405
-1.2479 218.4121 -63.4146 -73.654388
-2.0973 220.5416 -63.7457 -73.654592
-3.4118 222.4275 -63.923 -73.654659
-5.2388 223.8332 -64.0726 -73.654583
-7.0057 225.2983 -64.337 -73.654359
-8.1122 227.0393 -64.9339 -73.653981
-8.3675 229.0243 -65.402 -73.653529
-8.7031 230.7886 -65.6689 -73.653061
-9.2813 232.5101 -65.8231 -73.652489
-9.2237 228.2929 -64.8468 -73.653663
-10.9382 228.5001 -64.259 -73.653437
-12.6565 228.7042 -63.682 -73.653083
-25.5183 124.0162 -29.3962 -73.526168
-26.4756 125.8583 -28.1987 -73.529692
-27.6755 127.8327 -27.6028 -73.533212
-27.9279 128.8492 -29.077 -73.536737
-28.5728 129.8586 -27.39 -73.540272
-29.4951 131.5172 -26.0388 -73.54378
-30.3172 133.5583 -25.0126 -73.547283
-30.9903 134.755 -23.0132 -73.550775
-31.8576 136.0757 -21.167 -73.554255
-32.9249 137.8539 -19.8699 -73.557719
-34.7749 138.8966 -19.3111 -73.561171
-36.3176 139.9122 -18.0849 -73.564601
-37.4604 141.3871 -16.8864 -73.56801
-38.6623 143.1941 -16.0632 -73.571401
-40.1691 144.5551 -14.9429 -73.574774
-41.2877 146.3296 -14.9203 -73.578125
-42.5778 148.1549 -14.027 -73.581445
-43.9866 149.9737 -13.1872 -73.584729
-45.0144 151.7833 -12.0503 -73.587984
-45.5532 153.8159 -10.8393 -73.591205
-46.3861 156.0367 -10.2537 -73.594388
-46.9837 158.3901 -9.9517 -73.597527
-47.8117 160.6751 -9.7756 -73.600626
-49.0447 162.6915 -9.706 -73.603677
-50.015 164.9082 -9.8518 -73.606679
-51.5234 166.8379 -9.9384 -73.609629
-52.9161 168.8061 -9.9279 -73.612524
-54.0733 170.9215 -9.7859 -73.615362
-55.7453 172.652 -9.5467 -73.618137
-57.6094 174.1497 -9.6472 -73.620849
-59.246 175.273 -8.9172 -73.623494
-60.6519 176.3429 -7.7572 -73.626067
-61.8971 178.3631 -7.4187 -73.628564
-62.7492 180.6081 -7.5045 -73.630984
-63.9736 182.7158 -7.7021 -73.633319
-65.2308 184.8141 -7.6187 -73.635563
-66.7492 186.7003 -7.6491 -73.637715
-68.417 188.4651 -7.7574 -73.63977
-69.4591 190.6092 -7.7695 -73.641722
-69.6776 192.1396 -9.5531 -73.643575
-70.6232 193.0213 -8.854 -73.645336
-70.9662 193.1386 -6.4297 -73.646978
-71.4596 193.5338 -4.0639 -73.648494
-72.1758 195.2071 -3.9513 -73.64987
-73.6159 196.7389 -5.1111 -73.651109
-74.8609 198.522 -6.148 -73.652209
-75.7426 199.5734 -7.6936 -73.653164
-75.3694 199.5725 -10.1146 -73.65398
-74.4019 199.6256 -11.6143 -73.654625
-73.8016 200.0979 -9.3728 -73.655105
-74.5843 201.3776 -7.8285 -73.65541
-75.66 202.8847 -6.3385 -73.655533
-76.7569 204.7933 -5.2692 -73.655467
-77.7876 206.5222 -4.0466 -73.655203
-78.7815 208.5213 -3.0989 -73.654734
-29.3228 87.5393 7.4141 -73.560055
-29.9005 87.4969 9.1019 -73.563053
-30.4781 87.4545 10.7898 -73.565983
-31.0558 87.4122 12.4776 -73.568844
-32.2782 87.1841 13.3671 -73.571651
-33.8866 86.6278 13.8875 -73.574461
-35.2533 87.1539 14.4242 -73.577269
-35.8481 87.8038 15.3321 -73.58007
-36.8463 86.9864 16.4788 -73.582868
-38.3951 86.3544 16.7879 -73.585655
-40.0436 86.842 16.4412 -73.588428
-41.676 86.6973 15.7688 -73.591192
-43.0795 86.67 14.6822 -73.593939
-44.7397 86.6061 14.8133 -73.596668
-46.2784 86.3685 14.6265 -73.599378
-47.931 85.969 14.7511 -73.602064
-49.3382 85.0184 15.2541 -73.604728
-51.0157 84.5548 15.4912 -73.607366
-52.76 84.3802 15.7377 -73.609967
-54.4766 84.1118 16.1326 -73.612535
-56.1575 83.722 16.5614 -73.61507
-57.6854 83.1665 17.2616 -73.617569
-59.449 83.0129 17.2864 -73.620022
-61.2047 83.1213 17.0316 -73.622424
-62.4985 83.4162 16.057 -73.624782
-64.2493 83.561 15.9695 -73.627087
-65.9938 83.4285 15.6473 -73.629338
-67.7202 83.5173 15.2308 -73.631528
-69.055 83.036 14.2322 -73.633655
-69.8653 82.2066 12.9383 -73.635716
-71.0115 81.258 11.9738 -73.637702
-72.4278 80.4398 11.5445 -73.639616
-73.698 79.222 11.6667 -73.641445
-74.8344 77.8746 11.8888 -73.643183
-76.1909 76.8138 12.1994 -73.644839
-77.7152 76.0674 12.6693 -73.6464
-79.2241 75.3783 13.2714 -73.647859
-80.5771 74.3384 13.7242 -73.649215
-81.948 73.2954 14.1285 -73.65046
-83.3128 72.1963 14.4348 -73.651588
-84.2563 70.7511 14.49 -73.652598
-85.9688 70.3467 14.3507 -73.653481
-87.6869 70.083 14.43 -73.654231
-89.1236 69.3762 14.9056 -73.654844
-90.0942 69.1674 16.3612 -73.655315
-91.4773 68.4273 17.0893 -73.655634
-93.1744 68.4543 17.5737 -73.655796
17.4714 115.5383 -32.7054 -73.523353
18.7181 116.515 -32.6736 -73.525032
19.4474 117.9165 -32.6863 -73.526673
20.2746 119.2604 -32.6312 -73.528281
21.0837 120.5882 -32.4636 -73.529851
21.7758 121.9988 -32.2416 -73.53138
22.3094 123.4582 -32.1155 -73.532867
23.1409 124.8071 -32.0128 -73.534305
23.9385 126.1782 -31.9172 -73.535697
25.0849 127.2066 -31.902 -73.537034
25.7601 127.3047 -33.2559 -73.538328
26.628 127.211 -34.5602 -73.539566
27.4583 127.1967 -35.7592 -73.540734
28.395 127.5305 -34.6253 -73.541837
29.5644 128.205 -33.8463 -73.542865
30.5696 128.6374 -32.8152 -73.543826
32.0051 129.043 -32.2921 -73.544707
33.4128 129.4399 -31.6761 -73.545505
34.7649 130.0848 -31.1622 -73.546217
36.07 130.7044 -30.5266 -73.546839
37.2954 130.2845 -29.7509 -73.547369
38.6668 129.8544 -29.4393 -73.547801
40.0959 129.824 -28.9371 -73.548132
41.6596 129.7812 -29.1527 -73.548357
43.163 129.7557 -29.5887 -73.548472
37.3605 97.6671 -24.1386 -73.517859
38.5247 98.3419 -23.3011 -73.519257
39.4075 98.7958 -22.0704 -73.520619
39.7833 99.3954 -20.6642 -73.52194
39.86 99.407 -19.0804 -73.523231
40.1939 99.8932 -18.7303 -73.524458
40.4963 100.318 -20.2174 -73.525642
41.4643 101.4944 -20.1061 -73.526763
42.3976 102.7119 -19.7798 -73.527825
43.1049 104.0833 -19.5568 -73.528828
44.0865 105.3182 -19.6544 -73.529763
44.7899 106.7249 -19.7113 -73.530631
45.9094 107.8469 -19.694 -73.531427
47.0015 108.9935 -19.6267 -73.532149
47.4874 110.1272 -19.5101 -73.53281
47.4694 110.2183 -21.0953 -73.533449
47.4514 110.3094 -22.6805 -73.533984
47.4334 110.4005 -24.2657 -73.534415
47.4153 110.4915 -25.8509 -73.534739
47.3973 110.5826 -27.4361 -73.534956
47.3793 110.6737 -29.0213 -73.535065
-43.1464 107.2097 -8.6051 -73.563986
-44.2349 108.3552 -9.2701 -73.566775
-45.5183 109.1815 -10.1573 -73.569567
-46.5455 110.332 -10.9218 -73.57236
-47.6198 111.4497 -11.7523 -73.575153
-48.7733 112.6103 -11.9929 -73.577945
-49.0763 114.3515 -11.8794 -73.580738
-49.3422 116.0762 -11.586 -73.583521
-49.7822 117.0822 -10.2937 -73.586306
-50.4256 118.2912 -9.1739 -73.589084
-50.9978 119.2379 -7.7863 -73.591854
-51.2625 120.0244 -6.2601 -73.594622
-51.6654 121.1492 -4.9912 -73.597366
-51.9476 122.7357 -4.2703 -73.600096
-52.5998 124.2212 -3.6393 -73.602808
-53.274 125.7541 -3.0637 -73.605493
-53.9887 127.1954 -2.3704 -73.608156
-53.963 128.1021 -0.9245 -73.610821
-54.6255 128.6873 -0.6995 -73.613467
-55.0557 128.8462 -2.4173 -73.616093
-55.7093 129.6088 -3.8029 -73.618659
-56.3904 130.5701 -3.4395 -73.621192
-57.2397 131.7558 -2.5815 -73.623691
-57.7383 132.4193 -1.0375 -73.626173
-58.1997 132.8604 0.5026 -73.628603
-59.135 134.2149 0.2827 -73.630979
-59.5411 135.9385 0.3726 -73.633301
-60.3211 137.5272 0.4547 -73.635569
-61.5615 138.7924 0.4272 -73.637779
-62.8427 140.0202 0.4049 -73.639932
-63.9756 141.337 0.4784 -73.64202
-65.5415 142.0698 0.6041 -73.644042
-66.8201 143.3029 0.6105 -73.645993
-67.9523 144.6731 0.6097 -73.647919
-69.0106 146.0943 0.6091 -73.649725
-69.7753 147.6531 0.6561 -73.651436
-69.9859 148.4831 2.1055 -73.65307
-70.4429 149.3779 3.3991 -73.654604
-71.6135 150.4383 2.691 -73.656036
-72.4835 151.5429 1.7355 -73.657364
-72.9227 152.8592 2.7049 -73.658587
-72.5877 154.4469 3.3601 -73.659694
-73.0119 156.1489 3.5593 -73.660683
-73.1545 157.8864 3.5882 -73.661547
-74.1953 159.319 3.6169 -73.66228
-74.932 160.9303 3.7174 -73.662878
-75.2192 162.6661 3.8423 -73.663334
-75.4158 163.3004 5.1393 -73.66365
-75.4017 163.5667 6.8972 -73.663812
-50.1374 90.531 -23.3634 -73.562426
-51.2673 90.8857 -22.5511 -73.565044
-52.7159 91.6607 -23.1098 -73.567654
-54.0702 92.6015 -23.357 -73.57026
-55.4386 93.0469 -22.4458 -73.57286
-56.998 93.6059 -21.9041 -73.575453
-58.5673 94.2413 -21.5078 -73.578035
-59.4515 94.8578 -20.2839 -73.580625
-60.3751 95.9904 -19.3491 -73.58318
-61.639 96.317 -18.2753 -73.585723
-62.5765 96.8459 -17.7339 -73.588249
-63.9654 97.6322 -17.7098 -73.59076
-65.6166 98.1559 -17.9424 -73.593249
-67.3141 98.5251 -18.0363 -73.595715
-68.9906 98.999 -17.9141 -73.598147
-70.4527 99.8368 -17.5623 -73.600555
-71.8636 100.5751 -16.8437 -73.602928
-73.2945 101.1084 -16.0241 -73.605263
-74.8032 101.5319 -15.3155 -73.607562
-76.2937 102.0431 -14.7677 -73.609819
-76.9439 103.3194 -13.9021 -73.612033
-77.7853 104.5384 -13.0235 -73.6142
-79.1174 105.4827 -13.5256 -73.61631
-80.5678 106.3785 -13.889 -73.618365
-81.9123 107.4474 -14.0602 -73.620354
-82.892 108.884 -14.1362 -73.622284
-83.7902 110.3676 -14.0768 -73.624149
-84.9748 111.6284 -13.8567 -73.625938
-86.2002 112.6963 -13.3076 -73.627658
-87.0479 113.9279 -12.479 -73.629299
-87.7411 115.4304 -11.9657 -73.630852
-88.823 116.6812 -11.5653 -73.632316
-89.4834 118.0465 -10.8065 -73.633688
-90.0558 119.4566 -9.9504 -73.634963
-90.8226 120.9302 -9.4429 -73.636133
-91.9586 122.2396 -9.3374 -73.637192
-92.8888 123.6775 -9.6286 -73.638138
-93.6083 125.2344 -9.9613 -73.638966
-94.4583 126.6908 -10.3334 -73.639669
-95.6371 127.179 -11.2403 -73.640245
-96.5223 128.3643 -11.7434 -73.640685
-97.3565 129.8343 -11.9607 -73.640984
-98.0187 131.4271 -12.0082 -73.641137
-44.8397 82.3848 -0.1022 -73.583126
-45.6858 82.6745 1.4762 -73.586345
-47.0854 83.466 2.0376 -73.589561
-47.9154 84.1261 0.6038 -73.592803
-48.4536 84.4912 -1.1078 -73.596045
-49.4629 84.7481 -2.3216 -73.599293
-50.8487 85.4683 -2.9272 -73.602554
-51.3634 86.2483 -4.138 -73.605852
-51.1604 85.8865 -5.9031 -73.609151
-51.4147 86.3329 -4.63 -73.612467
-51.3753 86.9211 -3.2026 -73.615764
-51.6511 88.546 -2.6095 -73.619058
-52.0008 89.4665 -3.9264 -73.622383
-52.6137 90.8015 -4.1725 -73.625695
-53.4473 92.4123 -3.9386 -73.629011
-53.8653 94.1635 -3.6555 -73.63233
-53.9519 95.9277 -3.215 -73.63565
-54.3051 97.4953 -2.5507 -73.638972
-54.5625 98.6898 -1.1952 -73.642282
-54.547 99.8234 0.1762 -73.645594
-54.2907 100.3598 1.9096 -73.648909
-54.7709 101.2087 3.4194 -73.652191
-54.4328 101.9413 3.8933 -73.65545
-53.0212 101.1678 3.092 -73.658693
-52.5222 101.109 4.5528 -73.66194
-54.1846 101.7537 4.4499 -73.665151
-55.6576 102.8136 4.5394 -73.668336
-56.499 104.3974 4.7059 -73.671499
-56.8786 106.1716 4.8788 -73.674636
-56.4546 107.8733 4.5587 -73.677742
-55.6814 109.1098 4.4339 -73.680842
-55.7928 109.3656 6.2457 -73.683959
-56.2213 109.7146 7.7986 -73.686969
-55.5336 111.171 7.9788 -73.689936
-57.2605 111.7016 8.1166 -73.692851
-58.1121 113.2561 8.4551 -73.695723
-58.5985 114.919 9.0311 -73.698545
-59.6859 116.036 9.8099 -73.701301
-59.434 116.5435 10.5662 -73.704007
-59.3051 118.1105 11.4366 -73.706646
-59.9415 119.6907 12.0733 -73.709225
-60.8614 121.156 12.3489 -73.711725
-61.607 122.4945 11.39 -73.714158
-62.1797 124.0961 10.8491 -73.716506
-62.6253 125.8486 10.8404 -73.718766
-62.2188 127.4063 11.6395 -73.720936
-61.8461 129.0333 12.3882 -73.72301
-62.5327 130.6886 12.3999 -73.724983
-62.936 132.4579 12.2088 -73.726855
-63.3234 134.2117 11.8803 -73.72862
-63.6303 135.945 11.5157 -73.73027
-63.951 136.5199 9.8435 -73.73181
-64.1784 137.2406 8.1925 -73.733219
-64.0694 138.3872 6.7995 -73.73449
-64.3697 140.0086 6.0583 -73.735627
-64.8732 141.6033 5.322 -73.736618
-65.5178 142.5596 4.0703 -73.737462
-65.7682 143.1976 5.3492 -73.738152
-66.7186 144.3442 5.8832 -73.738679
-67.5125 145.9488 6.0337 -73.739036
-68.2142 147.6123 6.0332 -73.739218
-36.2134 93.2108 29.5751 -73.564571
-36.6635 94.7733 29.8902 -73.566563
-36.9263 96.2364 30.4302 -73.568531
-37.1622 97.773 30.8495 -73.570479
-37.5529 99.3568 31.1525 -73.572405
-37.9173 100.9487 31.3678 -73.574297
-38.3971 102.525 31.406 -73.576163
-38.3118 104.182 31.3802 -73.577992
-38.3833 105.841 31.3619 -73.579784
-38.5184 107.493 31.3513 -73.581539
-38.1793 109.1047 31.3065 -73.583253
-37.694 110.6348 31.1726 -73.584919
-37.4366 112.1749 31.1742 -73.586541
-36.4341 113.3684 31.2349 -73.588116
-35.2673 114.4885 31.1966 -73.589635
-35.1913 116.0244 31.322 -73.591097
-36.1323 117.264 31.8032 -73.5925
-36.1013 118.8174 31.8898 -73.59384
-35.2737 120.1279 31.585 -73.595111
-34.1912 121.3196 31.36 -73.596312
-33.7141 122.9011 31.2289 -73.597435
-33.0667 124.4147 31.1658 -73.598478
-32.8786 126.0601 31.1275 -73.599437
-32.0835 127.4884 31.1247 -73.600305
-31.8296 129.12 31.1246 -73.601082
-31.1422 130.5851 30.9859 -73.601762
-30.3228 131.8477 30.3079 -73.60234
-29.6856 132.4849 28.9766 -73.602815
-29.0719 133.0333 27.5676 -73.603178
-28.0844 133.7856 27.8775 -73.603425
-27.152 134.469 28.6173 -73.603551
68.8569 88.73 19.5506 -73.516282
69.4626 89.4871 18.5505 -73.518509
69.8694 90.2922 17.5312 -73.520711
70.1133 90.9732 19.0619 -73.522899
70.2522 92.4115 19.6157 -73.525054
70.8156 93.9888 19.8859 -73.527181
70.9233 95.5529 19.5992 -73.529285
71.3862 97.0655 19.4044 -73.531355
72.5006 98.2929 19.6588 -73.533388
72.7344 99.9408 19.94 -73.535388
72.932 101.5833 19.995 -73.537352
72.4313 103.198 19.9089 -73.539275
71.8799 104.7873 20.0008 -73.541149
71.5282 106.416 19.8144 -73.54298
71.2624 108.037 19.4849 -73.544758
70.3107 109.3594 19.2993 -73.546477
69.2896 110.7156 19.219 -73.548136
68.8552 112.3448 19.1576 -73.549733
68.8224 113.8606 18.9579 -73.551261
69.0085 114.8834 18.0264 -73.552726
68.8524 116.0924 16.8932 -73.554116
69.7271 117.2159 15.9694 -73.555428
70.0973 118.581 15.0882 -73.556655
70.8674 119.2691 13.939 -73.557802
70.3855 118.9765 13.515 -73.558852
69.9666 118.6726 13.3866 -73.559815
70.2125 118.847 11.7059 -73.560689
70.4357 118.9096 10.8982 -73.561442
70.1867 118.7318 12.5649 -73.562091
69.521 118.6003 13.8778 -73.562614
69.0153 119.2849 13.1332 -73.563013
69.8993 119.8704 11.9133 -73.563285
70.2963 119.9515 10.2866 -73.563425
95.5228 3.6634 18.9207 -73.466642
95.9521 3.5018 19.9853 -73.466743
96.3294 3.3373 21.069 -73.466795
-41.3421 222.5153 -25.6062 -73.639508
-42.702 224.1478 -25.2091 -73.638415
-44.2458 225.1088 -24.0553 -73.637315
-45.8189 226.0665 -23.0056 -73.636211
-47.3319 227.1224 -21.9872 -73.635101
-48.8138 228.7344 -21.8003 -73.633986
-50.1281 230.4969 -21.9165 -73.632866
-51.8278 231.7383 -22.0527 -73.631741
-52.8158 233.6774 -22.1145 -73.630609
-53.0724 235.6787 -22.1684 -73.629715
-53.6815 237.6012 -22.215 -73.629063
-54.8336 239.2327 -22.1693 -73.628411
-55.9455 240.9107 -22.1307 -73.62776
-56.8959 242.6769 -22.2538 -73.62711
-57.6448 244.0732 -23.1351 -73.626459
-57.9004 245.3567 -24.6431 -73.625808
-58.5973 247.0318 -25.4177 -73.625159
-59.3933 248.8468 -25.6686 -73.624511
-60.5485 250.492 -25.7129 -73.623863
-62.0102 251.8694 -25.795 -73.623216
-63.5819 251.7041 -25.7766 -73.622569
-65.1861 252.5294 -25.4878 -73.621923
-66.5361 253.7075 -24.6451 -73.621277
-67.4482 255.4346 -24.2826 -73.620631
-68.0616 257.3349 -24.0645 -73.619986
-69.279 258.781 -24.0213 -73.619342
-70.6709 260.1778 -24.061 -73.618699
-71.4436 262.0159 -24.0595 -73.618056
-72.8554 263.4363 -23.888 -73.617415
-74.3055 264.6952 -23.3614 -73.616776
-75.6104 266.0079 -22.6232 -73.616137
-76.4194 267.7709 -22.2236 -73.615498
-77.0046 269.6763 -21.989 -73.61486
-77.6943 271.5617 -21.8675 -73.614225
-78.0414 273.5421 -21.7862 -73.61359
-78.9873 275.301 -21.7403 -73.612956
-80.3424 276.7952 -21.6879 -73.612324
-81.6546 278.3163 -21.6068 -73.611695
-83.1583 279.5974 -21.7854 -73.611066
-84.8953 280.6045 -21.8472 -73.61044
-86.7025 281.4584 -21.6828 -73.609814
-87.8751 282.8646 -21.0904 -73.60919
-89.4892 283.7967 -20.5891 -73.608568
-91.1007 284.9601 -20.5677 -73.607948
-92.4107 286.2858 -21.1453 -73.607329
-94.0557 286.9976 -21.9919 -73.606713
-95.7101 288.0996 -22.2545 -73.606098
-97.3406 289.2852 -22.2657 -73.605487
-98.976 289.9877 -22.9029 -73.604877
-100.2796 290.7986 -23.6291 -73.604269
-101.4799 291.8038 -22.4899 -73.603663
-103.036 292.9887 -22.0284 -73.60306
-104.6892 294.1312 -21.8834 -73.602459
-106.3559 295.2232 -22.151 -73.601861
-107.8941 296.3493 -22.6692 -73.601267
-109.1385 297.4951 -23.597 -73.600674
-110.8652 298.494 -23.4597 -73.600086
-112.4721 299.5248 -23.016 -73.599499
-113.8772 300.6139 -22.2042 -73.598917
-115.339 301.8994 -21.8314 -73.598337
-116.6463 303.427 -21.784 -73.597761
-117.9037 305.0024 -21.8441 -73.597189
-119.0254 306.6607 -22.003 -73.596619
-119.7365 308.5266 -22.2827 -73.596054
-120.0458 309.7921 -21.1758 -73.595489
-120.3335 310.3959 -19.2752 -73.594929
-120.8092 311.2425 -17.5331 -73.594375
-121.3861 312.9361 -16.6595 -73.593826
-122.3666 314.5966 -16.303 -73.593282
-123.445 316.2788 -16.4754 -73.592742
-124.5125 317.8962 -16.7048 -73.592207
-124.8879 318.6378 -14.9021 -73.591673
-124.9811 319.1413 -12.9496 -73.591144
-125.2786 319.7061 -11.0358 -73.59062
-125.7833 320.5605 -9.2875 -73.590105
-126.7853 321.2272 -7.7186 -73.589595
-128.1198 321.7372 -6.5853 -73.58909
-129.5338 322.6762 -5.6435 -73.588592
-130.8033 322.8583 -4.1103 -73.588099
-132.3486 322.5617 -2.9424 -73.587612
-133.5223 321.7567 -2.2514 -73.587131
-134.4075 321.0203 -3.7194 -73.586657
-136.141 320.0633 -3.704 -73.58619
-137.9234 319.2453 -3.5128 -73.58573
-139.8153 319.4438 -3.03 -73.585272
-141.7336 319.7231 -2.5415 -73.584825
-143.2992 318.8382 -1.8198 -73.584387
-143.6324 318.198 -3.1912 -73.583954
-144.6494 318.183 -2.5451 -73.583528
-145.6029 318.7473 -1.0864 -73.583112
-147.1116 319.1677 -0.0827 -73.582705
-149.0143 318.6505 0.3041 -73.582306
-150.835 317.9416 0.6531 -73.581915
-152.6003 318.3043 1.3039 -73.581535
-154.255 319.2248 1.8195 -73.581163
-156.1347 319.0641 1.3765 -73.580801
-157.9479 318.8394 0.6505 -73.580449
-159.8193 318.2421 0.4855 -73.580106
-161.6982 318.4908 0.8126 -73.579774
-163.3502 318.4678 1.946 -73.579452
-164.7917 318.8721 3.1901 -73.579141
-166.0348 318.4651 4.5448 -73.578841
-167.2051 317.7036 5.9108 -73.578553
-168.6856 318.3603 6.972 -73.578276
-170.5746 318.3686 7.6324 -73.578011
-172.4422 318.8037 8.0573 -73.577758
-173.7745 319.4811 7.41 -73.577517
-175.2708 319.8181 6.8918 -73.577289
-176.3866 321.0401 7.8064 -73.577075
-178.1084 321.388 8.4289 -73.576873
-179.8667 322.3331 8.1901 -73.576685
-181.7338 322.9719 7.9865 -73.576511
-183.2047 324.2061 7.6173 -73.576351
-184.6529 324.5109 6.7583 -73.576206
-186.4765 324.882 7.4149 -73.576076
-188.3601 325.5005 7.7542 -73.57596
-190.207 326.2741 7.8586 -73.575861
-191.8555 326.4884 7.2737 -73.575777
-192.3011 326.2807 5.3327 -73.575708
-192.4569 326.3027 3.3202 -73.575654
-192.6127 326.3246 1.3078 -73.575618
-192.7684 326.3466 -0.7047 -73.575601
-53.5618 234.7518 -22.4056 -73.629747
-55.3696 234.7358 -22.9279 -73.629167
-57.1775 234.7198 -23.4502 -73.628597
-58.9758 234.7413 -23.9753 -73.628037
-60.5834 235.6616 -24.1049 -73.627483
-62.2107 236.6032 -24.0421 -73.626929
-63.9306 237.3539 -24.0447 -73.626378
-65.5569 238.2591 -24.1396 -73.625828
-67.3063 238.9314 -24.1596 -73.625281
-68.8366 239.9978 -24.0522 -73.624734
-70.5332 240.314 -23.7713 -73.624191
-72.1779 239.7124 -23.3677 -73.623649
-73.9055 239.067 -23.0743 -73.62311
-75.764 238.9129 -23.0612 -73.622574
-77.5069 238.4311 -23.4834 -73.622039
-79.2728 238.5078 -23.5052 -73.621507
-81.0101 239.1307 -23.2489 -73.620978
-82.8258 239.4159 -22.9537 -73.620451
-84.5254 239.9346 -22.4418 -73.619928
-86.2406 240.0396 -21.7161 -73.619407
-87.8568 239.8217 -20.9364 -73.618889
-89.3552 239.6723 -19.8507 -73.618373
-90.7771 239.8281 -18.7653 -73.617861
-92.3262 239.5258 -18.0598 -73.617353
-94.0855 240.1028 -17.7873 -73.616848
-95.877 240.5966 -17.5579 -73.616347
-97.6988 241.0591 -17.507 -73.615849
-99.53 241.4724 -17.4393 -73.615355
-101.2527 242.1681 -17.1773 -73.614865
-102.8299 242.815 -16.4434 -73.61438
-104.4569 243.5931 -15.9937 -73.613899
-106.2956 243.7075 -16.104 -73.613422
-107.1732 243.8399 -14.6775 -73.612946
-108.3872 244.3725 -13.7017 -73.612477
-109.3454 245.4642 -12.5807 -73.612013
-110.5466 246.5332 -11.6213 -73.611554
-112.0874 247.1 -10.9503 -73.6111
-112.6927 248.1713 -9.7197 -73.61065
-113.85 248.7857 -8.6033 -73.610206
-114.9422 250.1535 -8.2414 -73.609767
-115.3929 251.8689 -7.6387 -73.609334
-116.4822 252.9605 -6.8157 -73.608908
-117.371 253.2374 -5.1806 -73.608487
-118.358 253.8356 -3.7152 -73.608072
-119.4595 254.4678 -2.3971 -73.607665
-120.9563 255.2641 -1.6822 -73.607264
-122.5163 255.9458 -1.0086 -73.60687
-123.9831 256.9071 -0.452 -73.606483
-124.7954 257.8348 0.9161 -73.606103
-125.65 259.0549 2.0473 -73.605731
-126.8265 260.4562 2.1583 -73.605366
-128.2898 261.2032 2.616 -73.605008
-129.0334 261.3894 4.2611 -73.604657
-129.2473 261.2649 6.1105 -73.604303
-129.4022 261.1437 7.9821 -73.603962
-129.5576 261.0229 9.8536 -73.603636
-129.7512 260.9235 11.7229 -73.603311
-129.9463 260.825 13.592 -73.602998
-130.1515 260.7135 15.4586 -73.6027
-130.5488 260.346 17.2477 -73.602412
-131.604 259.0778 18.099 -73.602135
-132.4067 258.2916 19.5872 -73.601868
-133.3932 257.3081 20.8241 -73.601612
-133.8044 256.3522 22.376 -73.601367
-134.6418 255.2368 23.5911 -73.601132
-135.4197 253.8392 24.4892 -73.600909
-135.7 253.4829 26.3153 -73.600697
-136.3101 252.641 27.7577 -73.600497
-136.3201 251.3179 26.4825 -73.600309
-136.8701 249.6435 26.0944 -73.600134
-137.7175 248.1362 25.6627 -73.599971
-137.6045 246.4619 25.1316 -73.599822
-137.2893 245.0053 24.2243 -73.599687
-136.6215 243.4615 23.4192 -73.599565
-135.6446 241.9497 22.8735 -73.599455
-135.3758 240.4199 22.4018 -73.599362
-136.1869 239.3032 23.0344 -73.599283
-136.341 238.0644 24.2021 -73.599219
-136.433 236.6369 25.3143 -73.599171
-136.6008 234.8539 25.6617 -73.599138
-137.1474 233.4458 25.0869 -73.599122
-10.2537 234.1313 -65.7936 -73.651766
-11.9535 235.2244 -65.4206 -73.651
-13.2513 236.4124 -64.5554 -73.650235
-13.9825 238.2182 -64.0036 -73.649468
-13.9675 239.4333 -65.1657 -73.648699
-14.1745 240.8047 -66.5759 -73.647932
-14.74 242.3781 -67.763 -73.647164
-15.0167 243.3075 -69.5586 -73.646395
-14.9973 244.3966 -71.2899 -73.645626
-15.4806 245.6013 -72.6631 -73.644858
-16.6681 247.206 -72.2066 -73.64409
-17.3029 249.0449 -71.7718 -73.643321
-18.6676 250.382 -71.3338 -73.642552
-19.6799 251.0982 -72.0439 -73.641783
-20.4939 252.2385 -73.4165 -73.641012
-21.5912 252.7618 -72.8895 -73.640315
-21.9596 252.8176 -71.2713 -73.639698
-22.6797 254.2973 -71.5196 -73.639083
-23.6039 255.7577 -72.0067 -73.638469
-24.5721 257.236 -72.2298 -73.637855
-26.0105 258.3101 -72.2446 -73.637243
-27.3761 259.4599 -72.2196 -73.636631
-28.9516 260.3257 -72.2375 -73.636013
-30.5102 261.2195 -72.2945 -73.635403
-31.595 262.5637 -72.7018 -73.634795
-32.6547 263.9941 -72.7006 -73.634189
-33.5598 265.5319 -72.4801 -73.633583
-34.5952 266.9872 -72.4053 -73.632979
-35.2782 268.5959 -72.3691 -73.632375
-36.5462 269.7783 -72.1737 -73.631774
-37.8737 270.872 -71.8225 -73.631175
-38.8876 272.2418 -71.3145 -73.630577
-39.6217 273.7558 -70.7585 -73.629981
-40.6535 274.9959 -70.0158 -73.629387
-42.0534 275.9829 -69.5331 -73.628793
-43.5846 276.8719 -69.3005 -73.628203
-45.0655 277.8565 -69.4958 -73.627614
-45.946 279.1186 -68.7677 -73.627028
-45.8345 280.5644 -67.9551 -73.626443
-46.196 282.2235 -68.3906 -73.625861
-46.2456 283.784 -69.1293 -73.625281
-45.9356 284.9029 -69.4775 -73.624703
-46.3572 283.3243 -69.8414 -73.624125
-47.6385 284.0096 -69.6263 -73.623548
-47.8598 285.27 -68.7781 -73.622975
-47.9763 286.6481 -67.6615 -73.622405
-48.0018 287.8134 -66.394 -73.621837
-49.296 287.3623 -65.4888 -73.621272
-50.1432 286.6731 -64.1653 -73.620711
-50.2434 286.1704 -62.4405 -73.620151
-51.2742 284.9264 -61.8207 -73.619596
-52.8421 284.4426 -61.0987 -73.619045
-53.9107 283.6653 -60.0279 -73.618497
-54.752 283.3629 -58.5184 -73.617952
-55.6511 282.4981 -57.2933 -73.617412
-56.6242 281.93 -56.0196 -73.616877
-57.9991 281.9695 -54.8908 -73.616345
-59.0837 282.3361 -53.8941 -73.615818
-60.0943 282.1643 -52.7677 -73.615295
-61.4419 281.5155 -51.8651 -73.614778
-62.8626 280.827 -51.0501 -73.614265
-64.2795 280.6349 -50.0042 -73.613757
-65.804 280.5238 -49.0693 -73.613255
-66.7885 280.054 -47.7484 -73.612757
-67.9789 279.2336 -46.7905 -73.612264
-68.6552 278.446 -45.3481 -73.611777
-69.0138 277.9753 -43.6489 -73.611295
-69.4167 276.9949 -42.4398 -73.61082
-69.8247 275.5947 -42.5008 -73.610351
-70.268 276.0815 -42.6582 -73.609888
-70.9242 276.409 -41.0457 -73.609428
-71.4032 276.5871 -39.3203 -73.608978
-72.2724 276.7647 -38.0281 -73.608535
-73.2041 276.1685 -36.6914 -73.608099
-74.2918 275.5936 -35.4399 -73.607672
-75.425 274.8456 -34.2803 -73.607251
-76.9255 274.2886 -33.5609 -73.606838
-77.3251 274.3933 -31.9623 -73.606433
-77.3839 274.0953 -31.6173 -73.606032
-77.9259 274.1693 -30.1943 -73.605641
-79.5493 274.0847 -29.6223 -73.605259
-80.9279 274.149 -28.5263 -73.604886
-82.1503 274.2888 -27.2947 -73.604523
-83.1333 274.5631 -25.8399 -73.604168
-83.3586 274.0993 -24.1212 -73.603822
-83.4086 273.3363 -22.4949 -73.603487
-83.5601 272.816 -20.7795 -73.603161
-83.7705 272.4678 -19.0265 -73.602844
-84.0593 272.0789 -17.2937 -73.60254
-84.2893 271.7437 -15.5414 -73.602245
-84.9661 271.1706 -14.2656 -73.601964
-86.4465 270.5588 -13.5443 -73.601694
-87.5224 269.4821 -12.7644 -73.601435
-88.5863 270.2836 -13.3628 -73.601189
-89.344 271.7765 -13.8414 -73.600954
-90.7295 272.8654 -14.017 -73.600729
-92.0012 274.1345 -14.1202 -73.600518
-93.0728 275.5655 -14.188 -73.600321
-94.4803 276.5793 -14.1262 -73.600138
-96.2029 276.3016 -13.7358 -73.599969
-97.8612 276.4416 -13.1634 -73.599814
-99.2225 277.2086 -12.3487 -73.599673
-100.7724 276.7787 -11.5881 -73.599546
-102.4856 276.8416 -11.2384 -73.599434
-104.2435 277.0799 -11.3594 -73.599337
-105.8758 277.7134 -11.5089 -73.599255
-106.978 278.2571 -10.6069 -73.599189
-108.7214 278.4008 -10.5748 -73.599139
-110.1714 278.7473 -11.3411 -73.599106
-111.6618 279.6815 -11.4564 -73.599089
-21.5015 253.5088 -73.309 -73.640561
-22.5942 254.3623 -72.684 -73.64044
-23.4363 255.5756 -72.2611 -73.640329
-23.7952 256.2196 -73.6016 -73.640229
-24.1958 256.9175 -74.8973 -73.640141
-24.5102 257.2028 -76.431 -73.640065
-25.2575 257.9568 -77.5755 -73.64
-25.9832 258.9049 -78.6121 -73.639948
-26.7351 259.8964 -79.3372 -73.639909
-27.7754 261.0706 -79.3699 -73.639882
-28.1276 262.1418 -78.3341 -73.639869
-14.415 228.9869 -63.4499 -73.652601
-16.1331 229.4489 -63.5343 -73.652128
-17.7421 230.1331 -63.7219 -73.651659
-19.4067 230.7023 -63.8399 -73.651194
-20.8995 231.6241 -63.8754 -73.650735
-22.4197 232.5434 -63.927 -73.650279
-23.9779 232.9794 -64.5409 -73.649829
-25.5926 233.2447 -65.0739 -73.649382
-27.3372 233.3731 -65.393 -73.64894
-29.108 233.4677 -65.4659 -73.648504
-30.8642 233.5427 -65.402 -73.648072
-32.3482 234.4256 -65.4518 -73.647647
-33.9347 234.8444 -64.9779 -73.647226
-35.6107 235.0483 -64.5372 -73.64681
-37.2988 235.2219 -64.5195 -73.646401
-38.3854 235.5894 -65.5655 -73.645996
-39.1438 235.7555 -64.0699 -73.645597
-40.4342 236.3585 -64.9633 -73.645205
-41.6538 237.408 -65.4996 -73.644819
-43.3197 237.9738 -65.7908 -73.64444
-45.0712 238.2644 -65.9288 -73.644069
-46.7994 238.6788 -65.9135 -73.643704
-48.5481 238.9796 -65.7557 -73.643346
-50.2593 239.3638 -65.4708 -73.642996
-51.9541 239.818 -65.3779 -73.642654
-53.6581 240.3081 -65.5616 -73.642319
-55.3649 240.7618 -65.7517 -73.641993
-56.9242 241.5359 -65.9538 -73.641675
-58.6438 241.8319 -66.2728 -73.641366
-59.9936 242.7156 -66.7405 -73.641065
-60.984 243.7818 -67.5294 -73.640773
-62.0855 245.146 -67.6347 -73.640491
-62.592 246.8516 -67.5474 -73.640219
-63.6958 248.1812 -67.3534 -73.639956
-65.3602 248.1365 -67.1819 -73.639703
-66.6185 247.2528 -66.7907 -73.639461
-68.2827 246.701 -66.9975 -73.639227
-69.0056 246.5375 -67.1182 -73.639006
-69.4149 247.1923 -66.2178 -73.638795
-70.5685 248.2104 -65.6787 -73.638597
-72.1021 248.9573 -65.1628 -73.63841
-73.5226 249.8734 -64.6789 -73.638235
-74.9049 250.917 -64.2744 -73.638073
-76.1941 252.0464 -63.8017 -73.637924
-77.6751 252.694 -63.2164 -73.637788
-78.9054 253.7897 -63.1101 -73.637666
-80.0531 255.1107 -63.1909 -73.637558
-81.4092 256.2087 -63.4316 -73.637464
-83.1166 256.5971 -63.7243 -73.637385
-84.8053 256.9649 -63.8465 -73.637321
-86.3232 257.8036 -63.7447 -73.637273
-88.0463 257.7843 -63.4146 -73.63724
-89.5568 258.6367 -63.0658 -73.637223
-79.8558 209.6969 -1.6956 -73.654133
-80.9345 210.9313 -0.8747 -73.653616
-81.8718 212.3265 -0.0936 -73.653102
-83.0145 213.649 0.4105 -73.652591
-83.35 215.4299 0.5242 -73.652083
-84.7236 216.0877 0.5245 -73.651577
-85.8365 216.8501 1.5461 -73.651072
-86.4751 218.3432 2.3648 -73.650572
-87.6889 219.3419 3.0091 -73.650076
-89.3832 219.625 3.5112 -73.649583
-90.5679 220.9942 3.9392 -73.649093
-91.9993 222.1339 4.2769 -73.648608
-93.1066 223.0567 5.3451 -73.648125
-94.2451 224.3484 6.04 -73.647645
-95.1955 225.7846 6.6504 -73.64717
-96.1469 227.1811 6.1703 -73.646699
-97.5307 228.1499 5.5656 -73.646232
-97.6555 229.6726 4.5217 -73.645768
-98.2632 230.7709 4.9578 -73.645307
-99.4213 231.1534 5.7424 -73.644852
-100.7458 231.4122 4.7237 -73.6444
-101.8502 232.6408 4.2535 -73.643954
-103.1436 233.9354 4.0273 -73.643512
-104.4921 234.4164 4.8558 -73.643076
-105.6117 233.6885 5.7966 -73.642642
-106.7274 232.3194 6.4016 -73.642208
-107.441 230.7522 6.8747 -73.641787
-107.4488 229.0255 7.5014 -73.641371
-107.9411 227.3511 8.131 -73.640962
-107.0902 226.8712 8.9862 -73.640558
-106.1496 226.513 10.1833 -73.640156
-105.9516 226.2598 12.0223 -73.63976
-105.4787 225.2922 12.0054 -73.639373
-105.2249 224.5846 10.2988 -73.638992
-104.7784 223.6625 9.5999 -73.63862
-104.7066 222.6921 11.0296 -73.638254
-105.026 220.965 11.6033 -73.637896
-104.6066 219.9029 12.8153 -73.637545
-103.3942 219.8352 14.0764 -73.637202
-104.3073 219.9043 13.553 -73.636867
-105.885 218.9419 13.3792 -73.63654
-107.2676 218.4747 12.6842 -73.63622
-108.1193 218.5469 11.0406 -73.635909
-108.3962 219.4541 11.7193 -73.635607
-109.0143 219.6825 13.4653 -73.635312
-109.7221 219.9831 15.1561 -73.635028
-110.6667 219.9703 16.4989 -73.634755
-112.0003 218.9022 16.8845 -73.634491
-113.4433 217.9794 16.4775 -73.634238
-114.7081 217.1333 15.6968 -73.633995
-115.2947 216.7255 13.9743 -73.633763
-115.5962 216.7912 12.1637 -73.633539
-115.7677 217.1126 10.3327 -73.633327
-115.4309 217.0746 11.1227 -73.633128
-116.1181 217.6962 12.116 -73.632936
-117.3855 218.3763 13.3061 -73.632759
-118.8798 218.8959 14.099 -73.632597
-120.5533 219.5755 14.5055 -73.632447
-122.3465 220.0233 14.7431 -73.632312
-124.1585 220.1151 14.949 -73.63219
-125.565 221.2324 14.8597 -73.632082
-126.6064 222.7478 14.7267 -73.631988
-127.1945 224.5052 14.537 -73.631909
-127.9351 226.1832 14.2547 -73.631845
-129.0224 227.5634 14.5865 -73.631796
-130.1181 229.0198 14.5982 -73.631764
-131.2201 230.4645 14.2522 -73.631747
47.5528 -96.076 13.5667 -72.350496
47.0015 -95.2803 13.5986 -72.350585
46.7344 -94.3274 13.6342 -72.350629
27.7081 -94.2683 18.8592 -72.323906
26.226 -93.6204 19.8024 -72.324457
24.7439 -92.9726 20.7456 -72.324871
23.2618 -92.3248 21.6888 -72.325148
23.8038 -92.3745 21.7835 -72.325287
54.7481 -88.0637 17.871 -72.376331
97.3169 -66.6493 31.3652 -72.43369
99.3506 -67.4491 30.897 -72.43513
101.3843 -68.2489 30.4289 -72.436334
103.4181 -69.0488 29.9607 -72.437301
105.4518 -69.8486 29.4925 -72.438029
104.935 -70.7499 28.9784 -72.438516
104.6139 -70.6388 26.7694 -72.438761
96.937 -66.473 30.8282 -72.432941
44.0154 -65.7095 15.6069 -72.446361
44.0102 -66.3692 14.8486 -72.446431
44.1586 -67.2141 14.3402 -72.446466
-4.665 -9.0685 -0.0051 -73.324728
-3.3078 -10.3003 -0.0154 -73.291056
-1.9532 -11.5348 -0.0257 -73.257402
-0.7426 -12.7803 -0.0459 -73.201456
0.4334 -13.9291 -0.0935 -73.123618
1.4466 -15.2471 -0.185 -73.0462
3.5554 -27.7322 1.4257 -72.932082
8.6107 -41.3653 6.7974 -72.826839
22.8794 -62.2772 10.5055 -72.592923
26.4745 -64.8588 13.9793 -72.55834
29.0535 -67.1183 14.3116 -72.535802
42.1418 -73.5431 16.2509 -72.454693
47.2069 -85.1931 18.1557 -72.38896
44.6639 -89.9679 15.7857 -72.364299
47.7449 -96.3203 13.6398 -72.351528
78.4149 -177.3628 14.5582 -72.234516
95.2227 -265.7699 17.0719 -72.143279
48.1056 -320.1106 18.1187 -72.075038
-10.9476 -383.6056 22.9817 -72.027868
-40.36 -432.7473 17.7175 -72.000268
28.7834 -94.5812 17.274 -72.326563
14.3097 -106.6143 20.8227 -72.298526
2.7577 -126.0427 26.0848 -72.277871
-45.0792 -189.1405 27.4734 -72.239642
30.9775 -170.2053 31.4202 -72.268307
28.3969 -94.5693 18.0599 -72.324124
-40.2348 -104.2908 -5.8163 -72.261679
-111.9958 -139.102 2.509 -72.225663
54.6562 -87.9717 17.7384 -72.377198
111.8824 -135.9529 29.1893 -72.28933
164.8572 -185.7356 20.1853 -72.228906
213.7243 -226.7876 32.011 -72.194198
43.9697 -65.4565 15.7766 -72.446674
45.5333 -62.1584 17.8534 -72.444159
96.2419 -66.2233 31.6259 -72.432848
2.1326 -22.0656 -2.5814 -72.971922
6.2653 -35.3706 6.4938 -72.879113
8.3143 -40.7868 6.7183 -72.784285
15.4942 -50.7521 4.9673 -72.708788
19.5156 -57.7327 7.1557 -72.634123
24.2121 -63.3654 12.9105 -72.575603
27.7984 -65.9637 14.1964 -72.547004
35.2991 -71.3414 15.5234 -72.495121
45.9552 -78.4006 18.2802 -72.421228
45.9541 -87.9136 17.638 -72.376427
46.0845 -93.1486 14.7482 -72.357075
52.1518 -103.9606 11.3242 -72.337654
58.8833 -119.603 12.0998 -72.313123
62.6461 -133.0235 18.7767 -72.289635
68.7987 -150.479 18.27 -72.267172
75.478 -168.4071 16.0379 -72.245699
80.7201 -186.7623 13.7215 -72.223543
86.0397 -202.1519 18.4658 -72.204272
88.9594 -219.8372 14.0604 -72.185914
92.3483 -238.1707 14.3683 -72.168455
94.4112 -256.1543 16.5595 -72.151866
95.282 -267.4858 16.3224 -72.134899
95.3059 -280.3632 10.9397 -72.120288
82.392 -291.8157 13.1552 -72.106491
66.6134 -301.8126 13.5179 -72.093499
55.8832 -314.8401 17.1156 -72.081287
42.621 -325.3136 19.0805 -72.069012
32.9705 -340.7608 23.6528 -72.058647
23.9361 -354.8041 21.203 -72.049022
9.6225 -366.7531 22.7517 -72.040131
-4.6074 -378.3071 21.4152 -72.031956
-16.9731 -389.755 18.9726 -72.023998
-27.5688 -401.1213 14.9527 -72.017541
-39.573 -411.7299 14.9204 -72.011777
-40.6381 -420.4638 25.2112 -72.006705
-40.4069 -426.6412 14.8914 -72.002314
-41.6738 -434.0686 12.5022 -71.998458
-35.1298 -447.795 10.0223 -71.995755
-30.511 -455.7937 6.7671 -71.993717
-26.4654 -460.7911 2.4423 -71.992355
-24.2919 -464.5784 0.2402 -71.991674
37.1249 -94.0849 14.9718 -72.344661
20.7736 -99.7756 22.2184 -72.311913
11.0172 -108.5614 18.7473 -72.294186
5.909 -113.1292 24.1737 -72.287631
4.7649 -121.3499 27.2758 -72.281345
-3.9067 -133.7894 26.1237 -72.272448
-16.2236 -149.0836 26.7198 -72.263463
-17.7909 -159.6216 22.5822 -72.255468
-30.8645 -168.2845 21.4997 -72.24846
-40.3768 -181.2163 24.3391 -72.242423
-50.8898 -195.8899 27.7601 -72.237094
-59.8432 -207.2909 27.0024 -72.233309
-63.453 -209.2381 15.4152 -72.230461
-64.2909 -212.4765 11.1044 -72.22856
-69.7086 -217.4653 14.9612 -72.227609
-1.3141 -131.2728 34.9295 -72.276852
15.7442 -115.5027 24.1983 -72.293433
21.9499 -133.9863 25.1312 -72.286087
26.8898 -147.4387 25.6301 -72.279753
28.6429 -155.1273 32.7495 -72.274431
28.6017 -167.7997 33.6747 -72.270109
33.7647 -170.9041 21.6446 -72.266619
35.3986 -176.6564 11.4651 -72.264487
39.8278 -180.409 -7.3747 -72.263416
28.4843 -94.572 17.6083 -72.324845
24.075 -93.3058 9.4058 -72.316156
15.5128 -90.8025 -8.4542 -72.302342
-0.0475 -89.6597 -13.0268 -72.289556
-13.9393 -94.7328 -4.0497 -72.27779
-31.0534 -101.5497 -4.3571 -72.267022
-48.3446 -108.1087 -4.4853 -72.256534
-60.3769 -111.0796 -1.1234 -72.248012
-77.9711 -113.5102 3.296 -72.240457
-92.0999 -121.9743 4.6219 -72.233871
-105.6825 -132.44 0.8972 -72.228236
-119.8735 -141.3568 5.959 -72.223463
-132.8113 -151.1601 6.979 -72.220211
-147.2952 -155.5423 4.0924 -72.217763
-153.368 -158.2725 7.6335 -72.216128
-168.793 -159.6906 7.6228 -72.21531
50.8433 -86.5895 17.9535 -72.381931
61.2357 -92.3404 14.5899 -72.366376
72.1897 -102.125 21.0158 -72.347511
85.4059 -115.7278 22.6939 -72.329723
96.1046 -123.0147 27.5352 -72.313003
106.3877 -128.7142 28.8233 -72.297325
119.3522 -141.0891 32.8119 -72.281549
133.3865 -151.0456 27.4274 -72.268207
140.4642 -156.8554 25.7903 -72.255854
152.3124 -169.1266 29.8767 -72.244484
161.5491 -182.1636 26.4505 -72.234075
167.3763 -187.9265 20.8501 -72.223959
178.0174 -198.4202 27.7655 -72.215756
190.5879 -201.853 17.5881 -72.208476
198.4764 -209.0366 23.2285 -72.202118
206.4978 -222.3967 29.9785 -72.196667
216.4485 -231.2363 29.6641 -72.192016
219.3592 -241.6667 28.5636 -72.188751
217.6919 -257.4839 32.1794 -72.186293
212.7961 -271.781 39.8533 -72.184652
208.8344 -287.7139 39.3838 -72.18383
43.1478 -69.6198 16.0595 -72.448789
45.0982 -63.5211 16.1223 -72.44535
50.7937 -61.6079 11.0465 -72.441694
63.7547 -58.5312 9.7712 -72.438125
75.049 -60.4617 16.3877 -72.435451
83.0968 -60.7333 25.9161 -72.433683
91.3447 -63.64 26.8113 -72.432823
106.4082 -69.1292 24.6495 -72.429992
123.1559 -72.5629 28.9251 -72.42618
143.1961 -75.9244 28.8652 -72.424274
46.1286 -55.224 14.5026 -72.442369
37.6417 -45.2763 18.4222 -72.440288
22.8448 -43.0894 21.8828 -72.439242
