-0.8015 -1.2678 -0 -73.406958
-3.2062 -5.0715 -0 -73.40563
-5.0765 -8.0299 -0 -73.404723
-6.4123 -10.1429 0.0262 -73.404489
-8.0143 -12.677 0.1283 -73.404211
-8.8146 -13.9429 0.1666 -73.404005
-8.2187 -14.5214 0.2948 -73.403785
-8.7411 -16.3672 0.5247 -73.403203
-10.0309 -17.8905 1.1419 -73.402463
-11.386 -19.3222 1.89 -73.401746
-12.7254 -20.8552 2.392 -73.401072
-14.0432 -22.4116 2.6217 -73.40027
-14.6972 -24.3185 2.0715 -73.399296
-15.5306 -26.234 2.0482 -73.398237
-16.1094 -27.8038 2.3068 -73.397322
-14.7796 -28.9827 3.1257 -73.396557
-13.6062 -30.5844 3.6202 -73.395789
-12.2537 -32.1091 3.9089 -73.395019
-11.1222 -33.7683 4.2796 -73.394246
-10.1932 -35.2295 5.196 -73.393471
-9.3619 -36.7283 6.3117 -73.392692
-8.5851 -38.2492 7.4144 -73.391912
-7.5935 -39.8435 8.2499 -73.39113
-6.8916 -41.4349 9.2193 -73.390341
-6.2727 -43.3267 9.6108 -73.389552
-5.7427 -44.6215 10.9758 -73.388755
-5.2774 -45.3085 12.8612 -73.387955
-4.5701 -46.2857 12.7646 -73.387154
-3.9187 -47.0128 11.0346 -73.386349
-3.487 -47.3534 9.0584 -73.385537
-3.1601 -48.3203 10.2056 -73.384722
-2.5906 -49.7167 11.29 -73.383912
-2.064 -51.2649 10.2609 -73.383097
-1.9023 -53.0628 10.2828 -73.382281
-1.2374 -53.7481 8.8883 -73.381455
-0.2338 -55.4757 8.438 -73.380631
0.9268 -57.1391 8.1846 -73.379805
2.1659 -58.7648 8.26 -73.378975
2.7966 -60.3652 9.2072 -73.378142
3.5606 -62.0815 8.7826 -73.377305
4.1051 -63.9769 8.2533 -73.376464
4.7728 -65.8913 8.0534 -73.375622
5.555 -67.7898 8.1794 -73.374779
5.4215 -69.7319 8.5591 -73.373933
5.3722 -71.1779 9.39 -73.373081
6.6015 -72.8224 9.4344 -73.372229
7.9091 -74.3345 9.4579 -73.371373
9.1469 -75.9691 9.4502 -73.370514
10.0298 -77.8076 9.4917 -73.369655
10.7723 -79.6982 9.5101 -73.368791
12.3735 -80.8411 9.4583 -73.367927
13.4145 -82.6176 9.4397 -73.36706
14.1594 -84.5026 9.6273 -73.366189
14.908 -86.352 10.0263 -73.365316
15.6285 -88.1574 10.421 -73.364442
16.2688 -90.0988 10.1972 -73.363565
16.8061 -92.0324 10.2983 -73.362686
18.0591 -93.5211 10.9131 -73.361806
19.0692 -95.1762 11.592 -73.360924
20.0514 -96.8019 12.3554 -73.360041
20.7986 -98.4251 13.1509 -73.359154
22.3425 -99.643 13.6764 -73.358267
23.1324 -101.4525 13.8694 -73.357378
24.2278 -103.1764 13.8286 -73.356486
25.7948 -104.4654 13.8973 -73.355595
27.3532 -105.7951 13.951 -73.354703
28.4996 -107.4233 13.9547 -73.353808
30.0108 -108.56 13.6639 -73.352913
31.1081 -108.6091 12.0588 -73.352
29.9694 -109.9097 10.9348 -73.351019
28.8308 -111.2104 9.8109 -73.350062
27.6922 -112.511 8.6869 -73.349128
26.8377 -113.4766 7.7017 -73.348205
28.1153 -111.9666 8.2837 -73.347228
29.3929 -110.4565 8.8658 -73.346275
30.6706 -108.9464 9.4479 -73.345346
31.1787 -108.9746 10.7509 -73.34441
31.0798 -109.3078 12.7833 -73.343472
31.1974 -110.3892 14.0207 -73.342552
31.8589 -112.2436 14.4776 -73.341637
32.2207 -114.0808 14.8897 -73.340722
32.3754 -116.0895 14.7382 -73.339807
33.2282 -117.7627 14.1097 -73.338892
34.0263 -119.6079 13.7086 -73.337979
34.4263 -121.5938 13.4703 -73.337066
34.6735 -123.5948 13.4834 -73.336156
34.4631 -125.6138 13.6554 -73.335247
35.477 -127.1975 13.9548 -73.334341
36.4488 -128.3733 14.9241 -73.333433
36.0423 -130.1872 15.3722 -73.332522
35.1621 -131.5518 15.4371 -73.331617
35.6418 -129.8523 14.8263 -73.330722
35.0348 -128.0619 14.2107 -73.329829
35.5446 -129.8444 14.1534 -73.328938
35.6291 -131.8577 14.0497 -73.328054
34.8485 -133.6181 13.7199 -73.327174
34.2995 -135.3089 12.7219 -73.326299
33.9891 -137.2127 12.2496 -73.325432
34.6951 -139.1364 12.158 -73.32457
34.4342 -141.0719 12.4762 -73.323716
34.9496 -142.8915 13.1328 -73.322867
35.1207 -144.6736 12.8365 -73.322028
36.0553 -146.4708 12.5635 -73.321197
36.5162 -147.9232 11.2272 -73.320372
37.0821 -149.6924 10.5935 -73.319561
38.1845 -151.3675 10.8233 -73.31876
38.9786 -152.5573 11.4668 -73.317969
38.5512 -154.4927 11.7745 -73.317186
38.9845 -156.4817 12.0272 -73.316415
38.8087 -158.4686 12.102 -73.315658
39.4316 -160.3993 12.1561 -73.314916
40.017 -162.1492 11.7738 -73.314187
39.9044 -164.0643 11.3068 -73.313476
40.4166 -165.9089 10.6066 -73.31278
41.3853 -167.5493 10.7632 -73.312104
42.1247 -169.1267 11.6727 -73.311446
42.1485 -170.8263 12.6221 -73.310807
41.2541 -172.1527 13.7028 -73.31019
41.3329 -173.6405 14.3131 -73.309596
41.6008 -174.8677 12.6805 -73.309022
41.8738 -176.7997 12.275 -73.308476
42.7438 -178.5456 11.9564 -73.307956
43.2439 -180.4578 12.0397 -73.307463
43.3656 -182.4295 12.4106 -73.306998
43.6747 -184.2146 13.2717 -73.306563
44.1736 -186.1236 13.8383 -73.30616
44.3535 -187.9066 14.7675 -73.30579
44.8726 -189.5685 15.6922 -73.305454
45.4404 -191.1005 14.5715 -73.305154
46.1386 -192.9259 14.1459 -73.304892
46.6287 -194.8895 13.783 -73.304669
47.9055 -196.4354 13.3908 -73.304488
49.0241 -197.9564 13.467 -73.304349
49.8322 -199.3762 13.2319 -73.304254
51.04 -200.3986 12.0409 -73.304205
-16.8109 -27.3553 2.8101 -73.397417
-17.497 -28.3029 4.2038 -73.396855
-18.1984 -29.271 5.5067 -73.396308
-18.2577 -29.3412 3.7473 -73.395671
-18.2679 -29.344 1.9276 -73.39505
-18.2781 -29.3467 0.108 -73.394446
-18.2883 -29.3494 -1.7116 -73.393858
-18.2985 -29.3522 -3.5313 -73.393288
-18.8534 -30.5664 -3.9808 -73.392726
-18.8107 -32.318 -3.8597 -73.392159
-19.3066 -34.0554 -3.7456 -73.391592
-18.9488 -34.5418 -2.2544 -73.391019
-18.3075 -35.7012 -1.0566 -73.390445
-18.003 -37.2922 -0.254 -73.389869
-17.2153 -38.7422 0.5062 -73.389292
-17.2992 -40.1694 1.5541 -73.388712
-17.1185 -41.7267 2.3954 -73.388128
-17.083 -42.8762 3.6698 -73.38754
-17.3639 -44.4413 4.545 -73.386951
-18.2212 -45.6938 5.2818 -73.386364
-18.9632 -46.7735 4.1464 -73.385774
-19.2427 -47.6114 2.5633 -73.385177
-19.7572 -49.1601 2.2576 -73.384585
-20.0441 -50.8741 2.5491 -73.383993
-20.3286 -52.4364 3.2684 -73.3834
-19.8077 -53.8024 3.6098 -73.382806
-19.2008 -54.6661 2.2731 -73.382208
-18.7221 -56.0354 2.9434 -73.381607
-18.7365 -56.729 4.1896 -73.381009
-18.8997 -58.1413 5.2798 -73.380413
-18.8149 -59.8936 5.7078 -73.379819
-18.9822 -61.072 7.0484 -73.379225
-19.3934 -62.5349 8.0119 -73.378637
-19.547 -63.8484 9.0694 -73.378049
-19.5772 -65.5723 8.63 -73.377468
-19.258 -67.3139 8.3405 -73.376892
-19.7508 -69.0603 8.364 -73.376322
-19.9946 -70.8175 8.7102 -73.375755
-19.8037 -72.5539 9.1873 -73.375195
-19.7201 -74.3251 9.5635 -73.374642
-20.2567 -75.9938 9.7611 -73.374097
-19.7758 -77.7066 9.8918 -73.37356
-19.8692 -79.394 10.0722 -73.373032
-20.6153 -80.6503 10.7965 -73.372515
-20.8101 -82.0334 11.1362 -73.372011
-21.8468 -83.2751 10.5156 -73.37152
-22.3598 -84.646 11.4203 -73.371043
-22.8139 -86.2646 12.0203 -73.37058
-22.9433 -87.4114 13.1988 -73.37013
-23.2601 -88.7922 14.1473 -73.3697
-23.5187 -90.5915 14.1567 -73.369291
-23.7693 -92.3875 14.2837 -73.368904
-23.9193 -94.161 14.5659 -73.368538
-24.765 -95.4177 14.2775 -73.368195
-25.6946 -96.5629 13.7452 -73.367879
-26.3361 -98.2508 13.7081 -73.367591
-26.22 -99.6251 14.4174 -73.367327
-26.029 -100.2322 16.1217 -73.367095
-25.98 -100.9366 17.7977 -73.366896
-26.1774 -101.1961 19.58 -73.366727
-26.4133 -101.3806 21.3748 -73.366601
-26.5757 -102.9017 22.0388 -73.366516
-26.565 -104.1061 22.8298 -73.366472
-10.4886 -18.1238 0.6694 -73.401854
-10.4015 -18.057 0.4643 -73.401419
-11.3637 -19.3353 1.4826 -73.400898
-12.4409 -20.4928 2.3203 -73.400282
-13.7335 -21.882 2.6066 -73.399615
-14.3525 -23.4451 1.6476 -73.398943
-14.7639 -24.7529 0.4153 -73.398268
-15.0123 -25.6795 -1.2982 -73.397589
-14.7483 -27.3027 -2.2341 -73.396908
-14.1682 -28.7546 -3.3613 -73.396223
-14.1335 -30.3237 -2.5621 -73.395533
-14.176 -32.0715 -1.7097 -73.394842
-14.076 -33.7889 -0.9359 -73.394148
-13.8862 -35.6563 -1.4771 -73.393451
-13.5408 -37.5381 -1.8551 -73.392752
-12.9254 -39.3671 -2.0095 -73.392047
-12.8947 -41.2639 -2.5483 -73.391341
-12.5093 -43.0891 -2.3969 -73.390632
-11.8636 -44.7358 -1.5183 -73.389916
-11.3409 -46.4019 -0.6056 -73.389197
-11.0233 -47.5467 0.9658 -73.388471
-10.5913 -48.4457 2.6789 -73.387746
-10.1405 -50.0833 3.3431 -73.387019
-10.2934 -51.7904 2.9275 -73.38629
-10.88 -52.8858 1.4404 -73.385553
-11.0363 -54.4811 1.7038 -73.384818
-11.1458 -56.3254 2.378 -73.384078
-10.357 -57.7555 3.4384 -73.383336
-10.1358 -58.8326 4.9901 -73.38259
-10.3077 -60.6124 5.6598 -73.38184
-11.2813 -62.2927 6.0116 -73.381088
-11.7958 -64.1934 6.181 -73.380335
-12.4342 -66.0517 6.3974 -73.379577
-11.9522 -67.7789 6.8906 -73.378816
-11.6762 -69.0382 8.2561 -73.378052
-11.713 -70.0381 9.9612 -73.377287
-11.8555 -70.9146 11.6774 -73.376514
-12.8132 -71.5235 13.2459 -73.375742
-13.5753 -72.2336 12.7301 -73.374968
-14.1638 -73.7043 11.8882 -73.374192
-14.4131 -75.2707 10.815 -73.373416
-13.5782 -77.0011 10.3425 -73.372636
-13.3259 -78.9499 10.1371 -73.371855
-13.3622 -80.9141 10.3308 -73.371074
-14.2376 -82.5066 10.9807 -73.370293
-14.7845 -84.1023 11.9265 -73.369509
-15.3519 -85.4422 12.6525 -73.368724
-15.7865 -86.6616 12.098 -73.367937
-16.5522 -87.7496 13.5364 -73.367149
-17.1687 -89.5648 13.8022 -73.366364
-18.2162 -91.1682 13.885 -73.365578
-19.5493 -92.634 13.9514 -73.364793
-20.3209 -94.4426 13.8656 -73.364008
-21.0095 -96.2837 13.6721 -73.363224
-21.3384 -97.8523 13.9673 -73.362433
-21.6939 -97.8965 15.9193 -73.361635
-22.3276 -98.0602 17.7316 -73.36085
-21.887 -98.9874 16.7979 -73.360059
-22.8153 -99.7306 15.3374 -73.35928
-24.3779 -100.6691 14.7056 -73.358506
-24.3457 -102.6276 14.3888 -73.357738
-24.5768 -104.5617 14.2213 -73.356974
-24.8282 -106.5067 14.2205 -73.356215
-25.0574 -108.4614 14.1941 -73.355462
-25.5558 -110.3378 14.0236 -73.354715
-26.9412 -111.6652 13.5497 -73.353974
-27.6548 -113.1993 12.651 -73.353241
-27.9593 -114.1646 11.0361 -73.352508
-28.3565 -115.3746 10.0919 -73.351794
-29.1471 -116.4978 9.0352 -73.351086
-29.5399 -117.0458 7.1689 -73.350383
-29.9596 -117.6548 5.3281 -73.349696
-30.9613 -118.935 4.5188 -73.349026
-32.1435 -120.2324 4.6581 -73.348368
-32.9363 -121.0473 6.2793 -73.347723
-33.621 -122.2206 7.5953 -73.347095
-33.9105 -123.585 8.7937 -73.346483
-34.4873 -124.3869 10.3397 -73.345889
-35.0405 -125.7656 11.4307 -73.345316
-34.701 -127.6323 11.772 -73.344763
-35.3063 -129.4991 11.9181 -73.344232
-35.9903 -131.3268 11.7835 -73.343725
-37.6819 -132.1342 11.31 -73.343242
-38.5009 -133.4806 10.3217 -73.342785
-38.4967 -134.7419 8.9782 -73.342353
-39.2613 -136.1191 9.0235 -73.341954
-39.6486 -137.8732 9.0943 -73.341585
-40.3927 -139.5578 8.4232 -73.34125
-41.3357 -141.2284 8.0319 -73.34095
-41.7461 -143.1332 7.6854 -73.340687
-42.0138 -145.0056 7.4829 -73.340462
-41.9887 -146.6225 8.5512 -73.340278
-43.1363 -148.1444 8.915 -73.340137
-43.8626 -149.8828 8.3731 -73.34004
-44.926 -151.4033 7.7386 -73.339991
-9.353 -14.8211 0.2731 -73.403682
-11.0559 -15.5864 0.7158 -73.403104
-12.8605 -15.9487 1.177 -73.402391
-14.323 -16.6873 2.6356 -73.40107
-15.6273 -17.7486 4.2904 -73.399964
-16.5612 -19.3299 4.837 -73.399464
-17.0333 -20.2944 6.2453 -73.398902
-17.8874 -21.5361 7.3823 -73.398326
-18.8508 -22.9769 8.1796 -73.397748
-19.5099 -24.5801 8.9543 -73.397168
-19.7318 -25.6734 10.3712 -73.39658
-19.6375 -26.5275 11.987 -73.395986
-20.9183 -27.5166 12.4491 -73.395394
-21.2964 -29.0814 13.3143 -73.394798
-21.83 -30.7644 14.0149 -73.394198
-22.4092 -32.288 14.7504 -73.393594
-23.1716 -32.8787 16.4102 -73.39298
-23.4458 -33.3976 17.1662 -73.392371
-23.9797 -35.1098 17.8018 -73.391757
-25.2888 -36.4276 18.1128 -73.391142
-26.4013 -37.9363 18.2431 -73.390524
-27.2908 -39.5473 18.3867 -73.389903
-28.9068 -40.2841 18.3568 -73.389279
-28.8386 -41.8551 18.071 -73.388652
-30.0593 -43.3052 18.0707 -73.388023
-30.6546 -44.9959 18.2212 -73.38739
-31.4097 -46.5757 18.3297 -73.386754
-32.6885 -47.8644 18.2798 -73.386117
-33.6705 -49.4532 18.3794 -73.38548
-34.3435 -51.1833 18.7706 -73.384841
-35.0428 -52.643 19.7515 -73.3842
-35.9334 -53.9164 20.8542 -73.383559
-36.4958 -55.5633 21.6175 -73.382919
-37.1515 -57.2664 22.1901 -73.382279
-37.503 -58.9135 22.7742 -73.381636
-37.2767 -60.629 23.5408 -73.380993
-38.3487 -62.1152 24.0868 -73.380353
-38.7835 -63.8894 24.6417 -73.379715
-39.0307 -65.5698 25.4324 -73.379079
-39.2448 -67.4312 25.7075 -73.378444
-39.4113 -69.2406 26.1323 -73.377813
-38.2265 -70.1613 27.1367 -73.377185
-37.9293 -71.6381 28.1838 -73.376558
-36.7386 -72.8721 28.5562 -73.375938
-35.4143 -74.1273 28.8617 -73.375323
-33.8413 -75.1427 29.2839 -73.374701
-32.9832 -76.7229 29.5771 -73.374098
-33.6399 -75.092 29.1649 -73.373492
-33.1635 -76.3575 28.5144 -73.372898
-32.6394 -77.9449 29.3953 -73.372314
-31.5586 -79.4236 29.8926 -73.371731
-30.8094 -81.0765 30.3763 -73.371161
-31.5811 -82.6547 30.6865 -73.370611
-31.7168 -84.5489 30.8274 -73.370074
-31.5105 -86.4537 30.8357 -73.369554
-31.5377 -88.3667 30.7633 -73.369049
-31.4829 -90.279 30.6456 -73.368562
-31.9235 -92.1277 30.4947 -73.368096
-32.2806 -93.9944 30.2829 -73.367651
-33.2826 -95.4749 30.073 -73.367227
-34.2923 -96.3147 29.212 -73.366827
-33.7984 -97.5646 29.0456 -73.366451
-33.365 -98.5644 30.3242 -73.366102
-34.9529 -99.5888 30.5864 -73.365784
-35.3561 -101.2379 30.5528 -73.365496
-35.425 -102.1901 29.7785 -73.365242
-35.4381 -103.6106 30.0236 -73.365023
-35.4329 -104.9525 28.8355 -73.364843
-35.4888 -106.6151 28.0477 -73.364705
-35.1318 -108.0258 29.2064 -73.36461
-34.5346 -109.5447 30.0645 -73.364561
-15.445 -16.6758 3.4162 -73.399958
-17.1123 -16.5493 2.7023 -73.399466
-18.8242 -16.1183 2.2844 -73.398912
-20.5247 -15.3962 2.2003 -73.398348
-22.3116 -15.3473 2.4856 -73.397782
-24.0423 -14.9367 2.9859 -73.39721
-25.7912 -14.8802 3.5418 -73.396634
-27.6376 -14.8877 3.7424 -73.396055
-29.4617 -14.8882 3.7168 -73.395473
-31.2202 -15.3922 3.5297 -73.394885
-32.7539 -15.8243 2.9445 -73.394291
-34.0829 -16.2305 1.7975 -73.393695
-35.3566 -17.1047 0.7776 -73.393095
-36.7811 -17.3591 0.0703 -73.392495
-38.4049 -17.2529 0.8951 -73.391892
-40.1857 -16.9717 1.2216 -73.391285
-41.9745 -17.3706 1.348 -73.390674
-43.6645 -17.7288 1.1737 -73.39006
-45.1638 -16.9527 0.472 -73.389444
-46.3865 -16.2335 -0.6264 -73.388823
-48.1583 -16.038 -0.1893 -73.388198
-49.5586 -16.5997 0.7893 -73.387569
-50.6275 -17.7832 1.5574 -73.386939
-52.4581 -17.9497 1.6886 -73.386307
-54.2203 -17.8442 1.1278 -73.385673
-55.6575 -18.4041 0.1681 -73.385035
-57.139 -19.2179 -0.5793 -73.384395
-58.8775 -19.6978 -0.9928 -73.383754
-60.4992 -20.5497 -0.8751 -73.383112
-62.2699 -20.9516 -0.784 -73.38247
-63.9605 -21.4851 -1.2025 -73.381821
-65.769 -21.6468 -1.2364 -73.381176
-67.4074 -21.948 -2.0416 -73.38053
-69.2303 -22.0478 -2.2783 -73.379885
-71.0405 -22.3933 -2.2 -73.379239
-72.76 -22.6876 -1.8978 -73.378595
-74.4248 -22.1245 -1.3042 -73.377951
-75.468 -21.5676 0.0962 -73.377308
-76.805 -21.0117 0.8974 -73.376666
-78.6304 -21.1688 0.7939 -73.376031
-80.2126 -21.6023 1.4208 -73.375398
-81.9055 -21.4802 1.8938 -73.37477
-83.3789 -20.5725 2.4839 -73.374145
-84.8475 -20.092 3.3977 -73.373527
-85.8797 -19.4106 4.4732 -73.372913
-86.9877 -17.9771 4.3817 -73.372308
-88.4094 -16.917 4.436 -73.371711
-89.1332 -16.2863 5.8123 -73.371116
-89.6827 -16.0961 7.5766 -73.370532
-90.6073 -14.9923 8.5732 -73.369965
-91.6573 -14.5236 9.9347 -73.36941
-92.216 -13.6924 11.4126 -73.368862
-93.3323 -12.5367 11.3011 -73.368337
-94.3529 -11.3333 10.4637 -73.367827
-95.9243 -11.359 10.3327 -73.367336
-97.085 -12.6874 10.4076 -73.366863
-98.637 -11.9209 10.4364 -73.366411
-99.8512 -10.5582 10.1484 -73.365983
-101.1467 -9.2581 9.9913 -73.365578
-102.9108 -8.8466 10.0308 -73.365199
-104.2043 -7.6318 10.4372 -73.364851
-105.7848 -7.7377 11.2376 -73.364532
-107.5295 -7.7352 11.7584 -73.364246
-108.7114 -6.5165 12.2914 -73.363994
-108.6826 -5.013 12.9437 -73.363777
-109.4316 -4.9691 14.0337 -73.363599
-110.9911 -5.321 13.2911 -73.363462
-112.3812 -4.7789 12.2565 -73.363369
-113.4541 -4.4164 10.8172 -73.363321
-15.5545 -17.632 4.3033 -73.399994
-16.8149 -18.3686 5.0193 -73.399585
-18.1535 -17.7371 5.9254 -73.399121
-19.3957 -17.6568 7.1162 -73.398646
-20.6245 -17.4395 8.329 -73.39817
-21.4073 -17.0773 9.8446 -73.397687
-22.3291 -16.4593 11.1562 -73.397204
-23.7986 -16.4039 12.1053 -73.396719
-24.636 -16.4397 13.5353 -73.396226
-26.0492 -16.413 14.4153 -73.395736
-26.5091 -16.6788 16.0866 -73.395234
-27.6416 -17.5424 16.452 -73.394739
-28.9683 -17.6171 17.1518 -73.394243
-30.2529 -16.8642 18.0015 -73.393746
-31.8112 -16.9615 18.7079 -73.393245
-32.7125 -16.0015 17.8716 -73.392744
-33.9732 -15.3124 17.8919 -73.392241
-35.5154 -14.9405 18.541 -73.391737
-36.8148 -15.2621 19.6037 -73.391231
-38.1095 -15.3947 20.6532 -73.390727
-39.3709 -15.3085 20.5665 -73.390218
-39.9084 -15.4165 22.2463 -73.389704
-41.4898 -16.1032 22.568 -73.389199
-43.1935 -16.3081 22.9719 -73.388696
-44.8671 -16.1005 23.426 -73.388195
-46.5874 -16.255 23.8037 -73.387695
-48.2806 -16.146 24.1613 -73.387201
-49.8848 -15.6408 24.6252 -73.38671
-51.569 -15.5809 25.1077 -73.386225
-53.1934 -15.8717 25.7123 -73.385745
-54.8397 -16.0518 26.2602 -73.38527
-56.4663 -15.7486 26.8593 -73.384806
-57.6381 -14.8744 27.7621 -73.384351
-58.8394 -13.7889 28.4214 -73.383906
-60.1932 -13.1386 29.3328 -73.383469
-61.8304 -12.6017 29.6751 -73.383045
-63.5039 -12.1508 29.7076 -73.382636
-64.8861 -11.121 29.4315 -73.382241
-65.5954 -10.0293 28.2627 -73.381861
-66.3587 -9.069 29.1123 -73.381498
-67.3994 -7.9254 29.8988 -73.381155
-68.8854 -7.8686 29.963 -73.380833
-70.5505 -7.352 29.9726 -73.380534
-72.0497 -6.4284 30.0037 -73.380259
-73.5599 -5.5098 29.9785 -73.38001
-74.8786 -4.3323 29.9264 -73.379782
-76.2236 -3.1844 29.9023 -73.379593
-77.2186 -1.7362 29.9278 -73.379438
-78.2778 -0.5048 29.7779 -73.379317
-79.9939 -0.3567 29.5292 -73.379235
-81.6519 -0.1123 29.479 -73.379192
-15.2282 -17.1379 4 -73.40017
-15.8134 -17.8487 4 -73.400148
-16.4306 -18.5318 4 -73.400136
-13.8552 -16.3527 0.6773 -73.401953
-6.8126 -12.9962 0.0714 -73.404083
-5.8684 -15.48 0.0572 -73.403577
-5.4058 -18.0693 0.0621 -73.402931
-4.8048 -20.6622 0.1442 -73.40212
-4.2378 -23.1032 0.3354 -73.401114
-4.2185 -23.3173 3.0099 -73.399484
-4.1991 -23.5292 5.6846 -73.397846
-3.9404 -24.0329 8.0609 -73.396234
-2.9465 -26.4423 7.8893 -73.394603
-2.9898 -29.1239 7.9366 -73.392935
-2.8312 -31.7921 8.079 -73.391224
-2.7737 -34.4658 8.0848 -73.389471
-3.1335 -36.1267 6.8772 -73.387644
-2.9668 -36.5649 4.2354 -73.385769
-3.5563 -38.3842 2.8887 -73.383876
-4.3063 -40.3834 1.497 -73.381926
-4.1208 -42.6459 0.2252 -73.379931
-4.2362 -43.7827 0.8959 -73.378343
-3.8312 -43.4159 2.8085 -73.377222
-3.4263 -43.0492 4.7211 -73.376124
-3.0214 -42.6825 6.6338 -73.375047
-2.6164 -42.3158 8.5464 -73.373991
-2.2115 -41.949 10.459 -73.372958
-1.8006 -41.5642 12.3611 -73.371946
-1.0504 -39.8462 12.7392 -73.370914
0.1758 -38.6585 13.5417 -73.369879
1.5902 -38.0395 13.8599 -73.368819
3.2347 -39.0768 14.2093 -73.367755
3.2862 -40.8715 14.6526 -73.366676
3.0921 -42.2179 15.9515 -73.365583
3.289 -43.8273 17.0278 -73.364478
3.7676 -45.0577 18.3989 -73.363351
5.3853 -45.2551 17.5078 -73.36221
6.4565 -45.5185 16.2146 -73.361034
6.4601 -45.5688 14.2263 -73.359837
7.3041 -46.1013 15.3965 -73.358631
7.7212 -46.6728 17.2551 -73.3574
8.2906 -47.8462 18.7417 -73.356162
8.7291 -49.4862 19.2615 -73.355251
9.1255 -50.9461 19.7272 -73.354695
10.0364 -52.2198 19.9693 -73.354141
10.7133 -53.6545 20.0389 -73.353586
11.8089 -54.3454 19.5071 -73.353027
12.1976 -54.6669 17.9921 -73.352469
13.1099 -54.8336 16.8714 -73.351913
13.5838 -54.6626 15.3738 -73.351325
13.6588 -54.6533 13.7788 -73.350656
13.7337 -54.644 12.1838 -73.350009
13.8087 -54.6347 10.5888 -73.349384
13.8837 -54.6254 8.9938 -73.34878
13.9586 -54.6161 7.3988 -73.348197
14.0336 -54.6068 5.8038 -73.347636
14.1085 -54.5975 4.2088 -73.347097
14.1663 -54.5744 2.6132 -73.346499
14.2206 -54.5486 1.0176 -73.3459
14.2749 -54.5228 -0.5781 -73.345325
14.3293 -54.497 -2.1737 -73.344773
14.3836 -54.4712 -3.7694 -73.344245
14.4379 -54.4454 -5.365 -73.343739
13.7113 -55.8095 -5.5929 -73.343248
13.1825 -57.2536 -6.0072 -73.342764
12.9567 -58.7053 -6.561 -73.342289
12.6682 -60.0281 -7.37 -73.341824
12.3514 -61.5353 -7.7387 -73.341368
11.9771 -63.0578 -7.8716 -73.340924
11.7617 -64.6275 -7.7751 -73.340491
11.4655 -65.9109 -8.3481 -73.34007
11.6675 -66.9063 -9.5712 -73.339661
11.728 -68.3207 -9.6289 -73.339265
11.6975 -68.4625 -8.07 -73.338884
11.4235 -69.5735 -7.0162 -73.338522
11.1196 -70.8404 -6.109 -73.338176
11.0275 -71.8722 -4.9846 -73.337846
11.2426 -73.2528 -4.3725 -73.337536
10.7531 -74.6674 -3.9199 -73.337246
10.425 -76.2016 -3.7062 -73.336975
10.77 -77.7411 -3.6532 -73.336727
11.0786 -79.2552 -3.6604 -73.336502
11.425 -80.7723 -3.755 -73.336301
11.2996 -82.2807 -4.0128 -73.336125
11.9706 -83.6675 -4.3963 -73.335976
12.7118 -84.5829 -3.8154 -73.335852
13.1706 -85.4159 -2.5821 -73.335759
13.3664 -86.853 -1.9391 -73.335695
13.3682 -87.667 -0.8755 -73.335662
8.6263 -48.9248 19.7774 -73.355279
8.971 -49.5407 20.9869 -73.354782
9.2099 -51.0475 20.8184 -73.354288
10.0927 -52.2943 20.5532 -73.353799
10.6868 -53.724 20.4404 -73.353314
11.4461 -54.1517 19.6321 -73.352822
11.5442 -54.2966 18.1881 -73.352337
12.9332 -54.8812 18.406 -73.35186
13.2774 -55.294 19.8309 -73.351375
13.7729 -56.2787 20.5319 -73.350907
14.3885 -57.7019 20.5127 -73.350442
15.16 -59.0485 20.6431 -73.349984
15.6443 -60.0525 21.5504 -73.34953
16.2084 -60.988 22.5631 -73.349082
17.2577 -61.2039 23.519 -73.348644
18.4454 -61.8839 23.9975 -73.348215
19.1422 -63.2514 24.2481 -73.347794
19.671 -63.8624 25.3071 -73.347376
20.2623 -64.3588 26.3522 -73.346972
21.638 -65.0559 26.1487 -73.34658
22.7173 -66.1327 25.8633 -73.346178
23.7256 -67.2733 25.5197 -73.345795
24.6112 -68.47 25.1932 -73.345436
24.9681 -69.954 24.971 -73.345093
24.9964 -70.9802 24.2159 -73.344748
24.9684 -71.117 22.6615 -73.344404
24.9404 -71.2538 21.1072 -73.344087
24.9124 -71.3907 19.5528 -73.343796
24.8648 -71.4567 17.9963 -73.343528
24.9221 -71.7069 16.7213 -73.343281
25.4185 -72.6144 17.5247 -73.343049
25.5779 -72.8182 19.0637 -73.342835
25.6724 -73.1458 20.5059 -73.342649
25.5385 -73.7136 21.7923 -73.342481
25.5469 -73.9336 23.3373 -73.342337
25.5553 -74.1535 24.8823 -73.342222
26.4257 -75.2629 24.9859 -73.342135
26.2037 -76.801 24.991 -73.342076
26.3234 -78.3421 25.0702 -73.342046
-4.7208 -44.7161 -0.023 -73.378609
-5.1299 -46.1818 0.6944 -73.378
-5.3697 -46.9913 2.259 -73.377386
-5.7718 -48.0995 3.5791 -73.376774
-6.3113 -49.4357 4.5711 -73.376157
-6.1052 -51.0319 5.3148 -73.375539
-5.9754 -52.7323 5.8136 -73.374918
-5.3005 -54.3124 6.0843 -73.374295
-5.5666 -55.9139 6.2159 -73.37367
-6.3626 -57.4622 6.4728 -73.373042
-7.4327 -58.7683 6.9386 -73.372411
-8.3123 -60.0607 7.6969 -73.371778
-9.2075 -61.5771 7.5449 -73.371145
-10.0182 -63.1512 7.7642 -73.370509
-10.4982 -64.8336 7.9938 -73.369872
-11.098 -66.494 8.2496 -73.369232
-11.5795 -68.0917 8.8213 -73.368591
-11.4778 -69.48 9.814 -73.36795
-11.3768 -70.9824 10.6772 -73.367306
-11.1615 -72.6665 10.9417 -73.366659
-11.9531 -74.0675 10.3517 -73.366013
-12.2253 -75.2856 9.1163 -73.365365
-12.386 -76.5528 7.8889 -73.364718
-12.4919 -77.8973 6.8778 -73.364069
-12.6418 -79.6702 6.7282 -73.363421
-12.8923 -81.2283 7.3625 -73.362773
-13.0636 -82.0267 8.8276 -73.362119
-12.8375 -83.2389 8.8894 -73.361472
-12.4716 -84.694 8.0205 -73.360824
-12.6797 -85.5671 7.0599 -73.360176
-12.5183 -84.1321 6.1622 -73.359524
-12.5292 -84.0813 7.3739 -73.358873
-11.895 -85.6688 7.8198 -73.358225
-11.5229 -87.2946 8.4116 -73.35758
-10.3324 -88.1124 9.2259 -73.356938
-10.675 -89.8262 9.467 -73.356298
-11.2148 -91.4903 9.7261 -73.355663
-11.4919 -93.2205 9.9224 -73.355034
-11.8689 -94.9605 9.9938 -73.354408
-12.2215 -96.7085 9.9892 -73.353789
-12.5548 -98.4528 9.9031 -73.353176
-13.101 -100.1246 9.6027 -73.35257
-13.6123 -101.6942 9.0552 -73.351971
-14.5178 -102.8115 8.0351 -73.351379
-14.732 -103.8321 6.6289 -73.350793
-14.736 -104.949 5.3416 -73.350216
-14.7897 -105.5564 3.6632 -73.349647
-14.9175 -106.1934 2.0059 -73.349091
-14.8119 -107.3154 0.66 -73.348552
-14.3904 -108.3157 -0.7477 -73.348023
-14.0768 -109.6227 -1.5126 -73.347512
-14.1581 -111.3783 -1.2027 -73.347015
-14.4574 -112.7137 -0.3129 -73.346532
-14.5581 -113.8268 1.0481 -73.346069
-14.5629 -114.7419 2.5821 -73.34562
-14.3372 -115.8187 3.9677 -73.345194
-14.0073 -116.8255 5.38 -73.344788
-13.5104 -118.0936 6.4955 -73.344404
-13.0668 -119.695 6.5246 -73.344044
-12.4966 -121.0534 5.5568 -73.343709
-12.0851 -122.6625 5.1356 -73.343401
-12.5004 -124.2153 4.474 -73.343119
-12.6759 -125.9354 4.076 -73.342868
-13.0189 -127.5669 3.9008 -73.342647
-13.6129 -129.2115 3.7998 -73.342459
-14.5095 -130.7248 3.617 -73.342305
-15.1909 -132.314 3.2206 -73.342187
-16.0458 -133.6469 2.4524 -73.342107
-17.0046 -135.0632 2.0492 -73.342066
-3.6471 -8.0538 -0.0157 -73.404625
-1.3228 -8.9468 -0.0471 -73.40422
0.9314 -9.9936 -0.0832 -73.403784
2.6625 -11.7633 -0.1495 -73.403245
3.884 -13.4015 -0.8686 -73.40239
4.2751 -14.1359 -3.2157 -73.400497
4.6663 -14.8703 -5.5627 -73.39863
5.0575 -15.6047 -7.9097 -73.39679
5.4487 -16.3392 -10.2567 -73.394977
5.5082 -15.6747 -11.481 -73.393613
5.7528 -14.1284 -10.9972 -73.392765
5.1317 -14.013 -9.0503 -73.391893
5.6382 -14.026 -8.2186 -73.390972
7.6439 -14.2766 -7.8039 -73.390036
9.6042 -14.0356 -7.3728 -73.389113
11.4824 -13.5321 -6.7322 -73.388171
12.4397 -13.1153 -5.3274 -73.387206
13.1732 -12.7275 -3.4442 -73.38621
14.0029 -12.5015 -1.5695 -73.38519
14.9232 -12.6143 0.2611 -73.384151
16.0509 -12.8503 1.9217 -73.383089
17.2291 -12.7352 3.6117 -73.381991
18.6969 -13.072 4.9744 -73.380892
20.4387 -12.843 5.9867 -73.379769
22.2399 -12.9948 6.2182 -73.378954
23.7688 -13.3762 5.9788 -73.37847
25.0057 -12.6222 5.3936 -73.377984
26.3571 -12.2571 4.8087 -73.377498
27.8738 -11.9691 4.5669 -73.377011
29.2461 -11.1445 4.4391 -73.376524
30.8012 -10.7714 4.3716 -73.376039
32.3851 -10.5715 4.2891 -73.375553
33.2233 -10.1298 4.9983 -73.375065
34.0663 -9.8024 5.9221 -73.374579
35.5597 -9.845 6.5062 -73.374097
36.9026 -9.7278 7.2501 -73.373615
38.2463 -9.5474 7.9246 -73.373138
39.7277 -9.1425 8.3952 -73.372664
41.1759 -8.7377 8.951 -73.372195
42.5633 -8.3419 9.5488 -73.371727
43.7337 -8.1277 8.583 -73.371265
45.1311 -8.0308 7.9631 -73.37081
46.5242 -8.3092 7.3517 -73.370362
47.4104 -8.3281 6.0274 -73.369918
48.547 -8.1523 4.9694 -73.369486
50.1277 -8.0481 4.8161 -73.369062
51.0302 -8.412 5.9293 -73.368641
52.4231 -8.5023 6.17 -73.368236
53.895 -8.5955 6.6905 -73.367841
54.9911 -8.7652 7.7616 -73.36746
56.4893 -8.9904 7.679 -73.367094
57.587 -10.1308 7.9043 -73.366742
59.0801 -10.6364 8.1455 -73.366406
60.6014 -11.0022 8.4608 -73.366089
61.9959 -11.5958 8.0265 -73.36579
62.9752 -11.9724 7.058 -73.365506
63.4644 -12.0743 5.5381 -73.365245
64.0395 -11.9612 4.047 -73.365003
64.4337 -11.9546 2.4888 -73.364784
64.823 -11.932 0.9297 -73.364593
65.2041 -11.8836 -0.6309 -73.364431
65.5558 -11.8356 -2.1985 -73.364297
65.8976 -11.7879 -3.7682 -73.364195
66.4194 -11.7876 -5.282 -73.364125
66.4944 -12.5596 -6.6605 -73.36409
21.8035 -12.9643 5.5087 -73.378867
22.2928 -12.8975 4.0421 -73.378221
22.782 -12.8307 2.5755 -73.377597
23.2713 -12.7639 1.1089 -73.376993
23.7606 -12.6971 -0.3578 -73.376411
24.2499 -12.6303 -1.8244 -73.37585
24.7391 -12.5635 -3.291 -73.37531
25.2284 -12.4967 -4.7576 -73.374791
25.7177 -12.4299 -6.2242 -73.374292
26.2069 -12.363 -7.6908 -73.373815
26.8935 -12.3131 -8.9994 -73.373355
27.9931 -12.1349 -10.0456 -73.372901
29.4155 -12.0244 -10.5719 -73.372451
30.9321 -12.139 -10.7879 -73.372008
32.4337 -12.4908 -10.7732 -73.371566
33.7283 -13.0404 -10.3346 -73.371132
34.9591 -13.7394 -9.781 -73.370704
36.3049 -14.3754 -9.3611 -73.370281
37.7863 -14.4064 -8.971 -73.369859
38.9765 -14.4204 -8.3072 -73.369445
39.509 -14.5028 -6.8771 -73.369042
40.803 -14.1184 -7.3333 -73.368654
42.1172 -13.7343 -7.9502 -73.368277
43.481 -14.2451 -8.4653 -73.367913
44.8322 -14.6862 -9.0455 -73.367562
46.2199 -15.1571 -9.5418 -73.367225
47.4998 -15.7968 -10.1041 -73.366904
48.4919 -16.341 -10.9949 -73.366598
49.2648 -16.5571 -12.2212 -73.36631
50.6437 -17.0063 -12.5265 -73.366042
52.1626 -17.2199 -12.7123 -73.365794
53.5098 -17.9199 -12.5815 -73.365569
54.8261 -18.5114 -12.0649 -73.365366
56.0144 -19.3898 -11.6485 -73.365188
57.1511 -20.3793 -11.2981 -73.365036
58.5784 -20.83 -11.009 -73.364912
59.5198 -21.3446 -11.6244 -73.364814
59.9152 -21.5013 -13.1121 -73.364748
60.3293 -21.6363 -14.5919 -73.364715
5.542 -17.4481 -11.9734 -73.393749
5.2752 -19.0549 -12.8511 -73.393188
4.5319 -20.5356 -13.6308 -73.392622
4.2842 -21.2679 -12.1504 -73.392044
4.5234 -21.5541 -11.2061 -73.391472
5.0916 -22.5097 -9.9139 -73.390892
5.6355 -23.6108 -8.5295 -73.390309
6.4022 -24.9693 -7.5369 -73.389723
6.6335 -26.3097 -6.3211 -73.389134
7.1852 -27.3717 -7.4784 -73.388538
7.7638 -28.2275 -9.037 -73.387939
9.1599 -28.8455 -10.0123 -73.387343
10.2945 -29.4271 -11.2255 -73.386742
12.0307 -29.9265 -10.7637 -73.386137
13.7255 -30.5864 -10.4924 -73.38553
15.1918 -31.515 -11.0288 -73.384921
16.7178 -31.6949 -12.0524 -73.384309
18.2188 -31.9125 -13.1144 -73.383694
19.9511 -32.1969 -13.7295 -73.383077
21.5074 -33.0418 -14.1745 -73.382435
22.8543 -34.2615 -14.6414 -73.38179
24.0059 -35.5947 -15.1729 -73.381165
24.5296 -37.1036 -15.7174 -73.380537
24.7232 -37.5624 -17.5262 -73.3799
25.1008 -38.2263 -19.2142 -73.379264
26.3789 -39.4506 -19.5884 -73.378635
28.1291 -39.8596 -20.0602 -73.378005
29.3513 -39.6098 -21.3429 -73.377372
30.6809 -38.9744 -22.3478 -73.376739
31.8544 -39.4408 -23.699 -73.376104
32.7072 -40.1312 -24.5207 -73.375471
34.1875 -40.0661 -24.2388 -73.374837
35.3747 -39.954 -25.6606 -73.374204
36.0556 -40.1808 -27.3735 -73.373564
37.1117 -40.5409 -28.8636 -73.372932
37.9499 -40.8975 -30.5002 -73.372303
38.8019 -40.6861 -32.1277 -73.371674
39.8174 -40.5169 -33.6425 -73.371053
40.8901 -40.7217 -35.068 -73.370437
42.5305 -41.61 -35.2384 -73.369826
44.3755 -41.8861 -35.4176 -73.369222
45.9871 -42.2694 -36.0731 -73.368623
47.4878 -43.2765 -36.1873 -73.36802
49.3319 -43.6209 -36.2065 -73.367414
51.1887 -43.712 -36.2324 -73.366835
53.0372 -43.4731 -36.3042 -73.366266
54.8899 -43.6769 -36.497 -73.365711
56.6959 -43.5991 -36.9065 -73.365166
58.2639 -44.1277 -37.6876 -73.364634
59.5341 -44.5902 -38.7803 -73.364112
60.5988 -45.0677 -39.8571 -73.363609
61.8729 -46.2433 -40.1922 -73.363122
63.3313 -46.5896 -41.0735 -73.362652
64.0217 -46.6763 -42.7931 -73.362197
64.5704 -46.7494 -44.583 -73.361763
64.8703 -46.6711 -46.4334 -73.361336
65.1687 -46.5915 -48.2839 -73.360945
65.5964 -46.5388 -50.1097 -73.360579
65.7108 -46.4215 -51.9702 -73.360213
65.6981 -46.2783 -53.8407 -73.359879
65.6854 -46.1351 -55.7113 -73.359589
65.6727 -45.9919 -57.5819 -73.359342
65.7296 -45.7497 -59.4403 -73.359126
65.8135 -45.4694 -61.2934 -73.358952
66.0243 -45.0935 -63.1166 -73.358819
66.1717 -44.6856 -64.9394 -73.358728
66.3305 -44.1781 -66.4646 -73.358681
5.6517 -16.7814 -12.2027 -73.393425
5.689 -16.9607 -13.7308 -73.392239
5.7263 -17.14 -15.259 -73.391079
5.7636 -17.3194 -16.7872 -73.389943
5.8009 -17.4987 -18.3154 -73.388833
5.8383 -17.678 -19.8436 -73.387749
5.8756 -17.8574 -21.3717 -73.386689
5.9129 -18.0367 -22.8999 -73.385654
5.9502 -18.216 -24.4281 -73.384645
5.9875 -18.3954 -25.9563 -73.38366
6.0248 -18.5747 -27.4845 -73.3827
6.0621 -18.754 -29.0126 -73.381765
6.0994 -18.9334 -30.5408 -73.380855
6.1367 -19.1127 -32.069 -73.37997
6.1741 -19.292 -33.5972 -73.379109
6.2114 -19.4714 -35.1254 -73.378273
6.2487 -19.6507 -36.6536 -73.377462
6.286 -19.83 -38.1817 -73.376675
6.3233 -20.0094 -39.7099 -73.375913
6.3606 -20.1887 -41.2381 -73.375175
6.3979 -20.368 -42.7663 -73.374461
6.4352 -20.5474 -44.2945 -73.373772
6.4725 -20.7267 -45.8226 -73.373107
6.5099 -20.906 -47.3508 -73.372467
6.5472 -21.0854 -48.879 -73.37185
6.5845 -21.2647 -50.4072 -73.371258
6.6218 -21.444 -51.9354 -73.37069
6.6591 -21.6234 -53.4635 -73.370145
6.6964 -21.8027 -54.9917 -73.369625
6.7337 -21.982 -56.5199 -73.369129
6.771 -22.1614 -58.0481 -73.368657
6.8083 -22.3407 -59.5763 -73.368209
6.8457 -22.52 -61.1045 -73.367784
6.883 -22.6994 -62.6326 -73.367384
6.9394 -22.8766 -64.1572 -73.367007
8.1498 -22.8799 -64.1006 -73.366645
8.9886 -23.516 -62.989 -73.36629
9.9314 -24.3205 -62.1091 -73.365949
10.5435 -25.411 -61.3105 -73.365619
11.1641 -26.7642 -60.9602 -73.365301
11.7371 -28.177 -61.0516 -73.365
12.2468 -29.4991 -61.4619 -73.364712
12.6299 -30.7915 -61.1111 -73.36444
13.0367 -32.212 -60.6823 -73.364186
13.4206 -33.6473 -60.2909 -73.36395
13.672 -35.0666 -59.8345 -73.363735
13.7802 -36.5811 -60.0484 -73.363542
13.7177 -38.0731 -60.4184 -73.363373
13.5658 -39.5761 -60.7091 -73.363227
13.3014 -41.0704 -60.6511 -73.363108
13.3571 -42.0105 -59.4467 -73.363015
13.5377 -43.0476 -58.3404 -73.362952
13.6333 -44.0606 -57.3331 -73.36292
-2.4565 -0.91 0.0523 -73.409021
-2.8293 2.667 0.2464 -73.413197
-3.0866 6.216 0.7208 -73.417472
-2.2413 9.6979 1.5153 -73.421865
-0.7404 12.7593 0.9662 -73.426342
0.227 15.8879 -1.0884 -73.431103
0.5524 20.1154 -1.9386 -73.436169
0.4575 24.418 -2.5408 -73.441382
0.4389 27.3767 -5.5178 -73.44676
-0.013 29.9656 -8.7108 -73.452299
-0.1419 14.3216 0.264 -73.428735
0.8616 14.8245 1.2959 -73.430061
2.5303 15.409 3.4469 -73.432555
5.0961 15.9466 3.8822 -73.435167
7.8356 16.5695 3.9069 -73.437921
10.5566 17.2922 4.0994 -73.440786
13.2701 17.9524 4.5537 -73.443792
15.8121 18.8134 4.7988 -73.44694
17.2134 19.7132 4.344 -73.449181
17.5574 19.3689 4.0634 -73.449016
-0.9274 14.3109 0.2417 -73.428716
-2.5488 14.1754 0.0246 -73.428483
-4.1702 14.04 -0.1925 -73.42828
-5.6969 13.9854 -0.1496 -73.428101
-6.0083 14.0245 0.9686 -73.427943
-4.7591 13.8534 0.1003 -73.427805
-4.5248 13.8442 -1.5168 -73.427661
-4.3735 13.8457 -3.1513 -73.427548
-4.2222 13.8471 -4.7858 -73.427469
-4.0708 13.8486 -6.4202 -73.427426
-3.7648 13.9278 -8.018 -73.427418
-3.1571 14.1597 -9.5252 -73.427446
-2.5409 14.9686 -10.6984 -73.427513
-0.6612 32.5013 -8.9792 -73.455787
-1.3441 34.6869 -8.6538 -73.458413
-2.5162 37.7967 -7.959 -73.462391
-4.0883 40.798 -9.2426 -73.466433
-6.1771 43.4321 -10.5669 -73.470535
-7.4526 45.9637 -12.4793 -73.474705
-8.199 48.9959 -14.3148 -73.478989
-8.488 52.2581 -16.0262 -73.483385
-8.9751 55.6713 -17.3793 -73.487849
-8.9724 59.3456 -17.9864 -73.492376
-8.8355 62.9598 -18.9326 -73.496971
-8.1651 65.7964 -21.101 -73.501636
-8.071 69.4931 -21.2598 -73.506364
-8.0725 72.7987 -19.5494 -73.510794
-8.8931 75.9303 -20.6534 -73.514404
-9.8467 77.8663 -22.8286 -73.51755
-10.916 79.9845 -24.8489 -73.520724
-11.8107 82.572 -26.461 -73.524123
-13.9622 85.1541 -28.0376 -73.527746
-15.428 87.4195 -30.0798 -73.531411
-16.2874 89.1284 -32.8169 -73.534541
-17.1302 91.8068 -33.4334 -73.537123
-16.6579 94.7355 -33.3269 -73.539717
-16.2793 97.4317 -32.2507 -73.542322
-16.0966 100.3779 -31.8618 -73.544939
-15.6048 103.2146 -31.8672 -73.548325
-15.0646 104.6984 -30.0846 -73.552488
-14.4099 106.6313 -31.3901 -73.556651
-13.9013 109.3975 -31.7321 -73.560819
-13.1382 112.1018 -31.8855 -73.564992
-12.0288 114.6912 -32.2205 -73.569172
-9.9615 116.491 -32.7147 -73.573353
-8.3964 118.5551 -33.6954 -73.577537
-7.0441 120.3709 -35.2413 -73.581726
-16.3107 103.1222 -31.2609 -73.54841
-17.0106 105.6108 -30.0258 -73.552664
-17.7104 108.0993 -28.7907 -73.556845
-18.4103 110.5878 -27.5556 -73.560951
-19.1321 113.0846 -26.3544 -73.564984
-20.0839 115.6275 -25.7828 -73.568992
-21.6544 117.8269 -26.4818 -73.573006
-22.4041 120.0541 -28.0006 -73.577031
-23.8204 121.9956 -29.2918 -73.581056
-16.2837 88.4956 -30.6847 -73.535573
-16.9057 88.45 -28.8674 -73.540161
-17.5277 88.4044 -27.0501 -73.544689
-18.1496 88.3588 -25.2328 -73.549155
-18.7716 88.3131 -23.4155 -73.553559
-19.3936 88.2675 -21.5982 -73.557901
-20.0155 88.2219 -19.7808 -73.562178
-20.6375 88.1763 -17.9635 -73.566391
-21.2595 88.1307 -16.1462 -73.570539
-21.8814 88.0851 -14.3289 -73.57462
-22.5034 88.0394 -12.5116 -73.578635
-23.1253 87.9938 -10.6943 -73.582582
-23.7473 87.9482 -8.8769 -73.586461
-24.3693 87.9026 -7.0596 -73.59027
-24.9912 87.857 -5.2423 -73.594009
-25.6132 87.8114 -3.425 -73.597677
-26.2352 87.7657 -1.6077 -73.601274
-26.8571 87.7201 0.2096 -73.604799
-27.4791 87.6745 2.0269 -73.60825
-28.1011 87.6289 3.8443 -73.611627
-28.723 87.5833 5.6616 -73.614929
-10.6474 82.0467 -25.97 -73.523396
-9.8973 83.5702 -26.7997 -73.52552
-8.9166 84.4636 -28.1497 -73.52766
-7.9416 85.635 -29.2349 -73.529817
-6.7633 86.7616 -30.2244 -73.531985
-5.9934 87.8877 -31.5 -73.534166
-4.805 89.0805 -31.9871 -73.53636
-4.0074 90.0975 -33.2964 -73.53858
-3.642 91.5318 -34.1524 -73.540799
-3.5504 92.2381 -35.0395 -73.543031
-2.6112 93.3175 -34.37 -73.545279
-1.4138 94.7914 -34.5426 -73.547524
-0.1697 96.0984 -35.117 -73.549777
0.8889 97.112 -35.3375 -73.552036
1.8787 97.6218 -33.8386 -73.554303
3.297 98.6527 -34.2066 -73.556557
4.478 100.1526 -34.2331 -73.558803
5.7259 101.6013 -34.2783 -73.561049
6.9236 103.076 -34.3329 -73.563281
8.2378 104.4594 -34.2789 -73.565503
9.708 105.6324 -34.1824 -73.567705
11.0242 106.9149 -34.1788 -73.569894
12.03 108.5293 -34.2938 -73.572063
12.8387 110.237 -34.4028 -73.574206
13.6986 111.9172 -34.2947 -73.576323
14.9808 113.3035 -34.0183 -73.578406
16.3534 114.5382 -33.5266 -73.580453
-8.0122 74.6652 -19.0128 -73.513868
-7.3733 74.7434 -17.1393 -73.515881
-6.2129 74.8717 -15.5661 -73.517888
-4.6588 75.1485 -14.4836 -73.519904
-2.9313 75.2005 -13.5318 -73.521935
-1.1908 75.5548 -14.025 -73.523981
0.2492 75.4182 -15.2751 -73.526045
1.6994 75.2949 -16.4498 -73.528117
3.456 75.8724 -16.5978 -73.530203
4.909 77.061 -16.0201 -73.532299
6.3489 78.0205 -15.2054 -73.534403
7.6777 78.1558 -16.557 -73.536529
9.1932 78.8939 -17.1669 -73.538654
10.3243 80.3116 -17.9293 -73.540784
11.8031 81.2429 -18.8099 -73.542914
13.3202 82.0201 -19.7154 -73.545047
14.672 82.8734 -20.8357 -73.547176
15.8195 84.0369 -21.4716 -73.549299
17.3968 85.0052 -21.5241 -73.551417
19.1523 85.9091 -21.6233 -73.553527
20.835 86.8367 -21.5731 -73.555624
22.3782 87.6805 -22.4819 -73.557713
23.6336 88.6822 -23.6145 -73.559781
25.3121 89.236 -24.4178 -73.56183
26.9271 90.1776 -25.069 -73.563896
28.5711 91.1435 -25.6063 -73.565959
30.1849 92.1759 -26.0934 -73.567937
31.906 93.0582 -26.3886 -73.569868
33.349 94.3802 -26.2354 -73.571761
34.682 95.7638 -25.7885 -73.573609
36.0698 96.9946 -25.1164 -73.57541
-9.1332 71.1226 -19.9391 -73.511253
-11.2049 71.3971 -19.3463 -73.516221
-12.2503 72.1505 -17.4371 -73.521291
-13.2771 72.9723 -16.3017 -73.526453
-15.0629 74.4381 -16.0237 -73.531701
-17.1889 75.3374 -15.9102 -73.537056
-18.7708 76.7954 -16.5998 -73.542515
-20.2396 77.7578 -18.0502 -73.548091
-21.4318 79.2493 -19.3169 -73.553763
-22.4493 80.8848 -20.0685 -73.558053
-23.644 82.5321 -19.9209 -73.560884
-25.2693 83.8199 -19.7197 -73.563737
-26.4282 85.5474 -19.5741 -73.566617
-27.4271 87.2915 -19.7394 -73.569529
-28.2555 88.0894 -18.5764 -73.572495
-28.4362 88.7812 -16.6121 -73.575499
-28.7184 89.4709 -14.6555 -73.5785
-28.5952 90.5234 -12.9306 -73.581512
-28.0087 92.2281 -11.8717 -73.584544
-28.1824 93.3344 -10.523 -73.587606
-28.881 94.9101 -9.3484 -73.590688
-29.1637 96.6406 -8.2343 -73.593785
-29.7507 98.589 -7.8416 -73.5969
-31.2546 100.014 -7.7767 -73.600032
-32.9856 101.1833 -7.8435 -73.603171
-34.438 102.6859 -7.93 -73.606331
-35.8645 104.1959 -8.077 -73.6095
-37.7492 105.0636 -8.2888 -73.612674
-39.7252 105.5106 -8.4883 -73.615864
-41.4274 106.5542 -8.4275 -73.619069
-22.5697 79.9845 -21.0657 -73.558273
-23.5049 79.5868 -23.0086 -73.561213
-24.7357 79.2357 -23.1851 -73.563874
-26.0186 79.7983 -22.2548 -73.566551
-27.6912 80.6895 -21.9109 -73.569247
-29.3246 81.7314 -21.4655 -73.571961
-31.1306 82.4861 -21.4143 -73.574691
-32.9071 83.2024 -21.5235 -73.577448
-34.8537 83.2248 -21.3716 -73.580222
-36.6622 83.819 -20.8419 -73.583017
-38.0322 83.5029 -19.5874 -73.585836
-39.4902 83.5562 -18.2934 -73.588667
-40.9141 84.0358 -17.0459 -73.591514
-42.4783 85.0996 -16.5078 -73.594367
-44.0118 86.2891 -16.2793 -73.597232
-45.0805 86.8165 -17.3328 -73.600166
-45.3985 87.0849 -19.2874 -73.603091
-46.0085 87.5938 -21.1008 -73.606029
-46.5256 87.8633 -23.0125 -73.608975
-47.0124 88.1443 -24.9307 -73.611928
-48.0466 88.8001 -25.8124 -73.614846
-49.3531 89.8139 -24.8517 -73.617766
-23.4169 79.5945 -22.041 -73.559882
-7.4755 47.1812 -14.128 -73.477084
-6.6397 46.9581 -15.442 -73.477602
-6.0885 47.0624 -16.854 -73.478101
-5.6785 47.4504 -18.3124 -73.478591
-5.0375 48.1975 -19.4234 -73.479068
-4.9376 48.8586 -20.8471 -73.479535
-4.8994 49.5688 -22.2208 -73.479986
-4.8067 50.8524 -23.1201 -73.480419
-4.348 52.1399 -23.896 -73.480853
-3.8636 53.4258 -24.6617 -73.48125
-3.2759 54.7308 -25.2965 -73.481611
-2.6137 56.0992 -25.6637 -73.481942
-1.9972 57.5231 -25.7699 -73.482244
-0.7472 58.4335 -25.8246 -73.482512
0.1834 59.5702 -25.9895 -73.482743
1.0556 60.8294 -26.3063 -73.482935
1.4265 62.1744 -26.9168 -73.483083
1.2466 63.3678 -27.9187 -73.483186
0.8615 64.5278 -28.8693 -73.483239
-1.2039 34.2315 -8.7378 -73.458471
-2.1645 36.692 -8.3921 -73.462546
-3.11 39.1845 -8.3928 -73.466713
-3.9026 40.3411 -6.7187 -73.470981
-4.4638 40.8393 -4.1593 -73.475364
-5.2514 41.2336 -1.6507 -73.47984
-6.4986 41.3875 0.6577 -73.484406
-6.9016 41.3668 3.1344 -73.489104
-8.3244 41.1475 5.0228 -73.49386
-9.0777 42.2825 6.6587 -73.498181
-10.4818 44.1286 6.7312 -73.502032
-12.0542 45.877 6.472 -73.505952
-13.7926 47.4551 6.7415 -73.509945
-14.3287 48.7274 8.6097 -73.514026
-14.2892 50.0448 10.5825 -73.518172
-14.3831 52.2013 11.5125 -73.522384
-15.4653 54.1641 11.5993 -73.526667
-15.9872 56.1264 10.7348 -73.53103
-15.9935 58.493 10.4465 -73.535466
-16.6674 59.2873 8.5547 -73.540006
-17.4698 59.7595 6.3608 -73.544618
-17.8092 61.9411 6.2291 -73.549289
-19.8136 62.8997 6.5069 -73.554054
-21.3274 63.1601 7.9551 -73.558923
-22.8218 64.0013 9.1439 -73.563048
-24.7396 64.6596 9.7419 -73.566391
-25.9313 65.6939 8.2209 -73.569775
-27.3521 67.091 7.1443 -73.573204
-27.8515 68.7801 5.7356 -73.576676
-28.9706 70.1238 4.2552 -73.580183
-29.8302 71.1977 2.3661 -73.583738
-30.5772 72.9481 2.3143 -73.587336
-31.2511 73.9836 4.3225 -73.590971
-31.8836 74.7971 6.3519 -73.594652
-33.4979 76.3178 6.0157 -73.598353
-35.3494 77.7054 5.6794 -73.602088
-36.2359 77.7987 3.4859 -73.605884
-36.823 78.2142 1.2302 -73.609719
-37.2962 78.8752 -1.0041 -73.613584
-38.0777 79.5243 -3.1351 -73.617461
-38.5828 79.8578 -5.4262 -73.621398
-40.1286 80.7679 -6.86 -73.625334
-41.8887 81.3717 -5.9333 -73.629307
-43.201 81.2826 -4.0378 -73.633325
-44.3102 81.7185 -2.0187 -73.637356
-23.2557 64.0561 8.131 -73.562514
-24.9649 64.9635 8.1844 -73.564785
-26.0616 65.9005 8.9001 -73.567121
-26.305 66.1448 10.8713 -73.569493
-26.4364 66.2766 12.8582 -73.571842
-26.7662 66.3845 14.8041 -73.574201
-28.2543 66.3369 15.7942 -73.576566
-29.7596 66.2207 16.7645 -73.578959
-29.8152 66.2528 18.7633 -73.581366
-30.2709 66.9957 19.6957 -73.583784
-31.7156 67.9135 20.4594 -73.58623
-32.1409 69.5247 21.5115 -73.588685
-33.0427 71.1208 22.2483 -73.591143
-33.7682 72.7602 23.0868 -73.593608
-34.714 74.4169 23.6586 -73.596074
-35.5114 76.0162 24.4887 -73.598543
-35.8784 77.7991 25.2812 -73.601018
-36.6919 79.4931 25.9091 -73.603492
-37.5921 81.2366 26.1638 -73.605956
-37.9648 82.9348 26.6532 -73.608429
-38.1232 84.1537 28.0096 -73.610882
-37.4894 85.6297 29.04 -73.613324
-37.0034 87.4849 29.1485 -73.61575
-36.7841 89.4485 29.2879 -73.618238
-36.3959 91.4052 29.448 -73.620697
-9.6387 41.5186 6.3846 -73.49689
-11.2133 41.8239 6.3128 -73.498109
-12.0979 42.4791 4.8865 -73.499352
-13.2557 43.35 3.9751 -73.500602
-14.2423 43.577 2.4577 -73.501867
-15.3556 43.71 1.0276 -73.50314
-15.9894 44.5732 -0.4476 -73.504425
-16.6871 45.12 -2.0478 -73.505719
-17.7188 45.8368 -3.2857 -73.507025
-18.5783 46.8498 -4.5254 -73.508337
-19.9074 47.2662 -5.6939 -73.509654
-21.5852 47.5437 -6.3542 -73.510973
-22.9761 48.6597 -6.3259 -73.512291
-24.3563 49.8697 -6.2079 -73.513612
-25.8552 50.8966 -6.0169 -73.514928
-27.0962 51.9486 -5.4199 -73.516246
-27.9482 52.3876 -3.9646 -73.517566
-29.654 52.5789 -3.9322 -73.518872
-30.6445 52.9077 -5.3714 -73.520172
-32.0441 53.5066 -6.2656 -73.52146
-33.4656 54.634 -6.5349 -73.522731
-34.9544 55.5474 -7.0531 -73.523984
-36.2819 56.6634 -7.6004 -73.525216
-37.6486 57.8611 -7.7756 -73.526427
-38.5034 59.4777 -7.6459 -73.527612
-39.3718 61.0534 -7.2838 -73.52876
-40.2991 62.551 -6.7638 -73.529873
-41.2384 64.045 -6.261 -73.53095
-41.8614 65.6914 -5.7694 -73.531981
-42.4591 67.2851 -5.1652 -73.532965
-43.3383 68.5969 -4.4191 -73.533897
-44.4522 70.0317 -4.1392 -73.534767
-45.5063 71.5345 -4.0501 -73.535578
-46.5569 73.035 -4.1531 -73.53632
-47.8716 74.2263 -4.5515 -73.536989
-48.8625 75.1738 -5.5759 -73.537579
-49.2408 75.7623 -7.2733 -73.538089
-49.4584 77.0985 -8.4631 -73.538505
-49.9501 78.752 -8.946 -73.538828
-51.026 79.8745 -9.2484 -73.539048
-51.28 79.9424 -10.8927 -73.539164
17.7044 20.951 4.9703 -73.45041
18.2015 22.2043 5.6044 -73.451646
18.6985 23.4577 6.2386 -73.452875
19.0912 25.152 6.8819 -73.454423
19.429 27.2733 6.757 -73.456319
20.0937 28.9393 5.4586 -73.45825
20.5192 30.5261 4.0181 -73.460216
21.7848 31.8769 2.8501 -73.462221
22.0977 33.1829 1.0434 -73.464265
23.2662 34.71 0.0406 -73.466337
23.7528 35.2305 -1.9989 -73.468453
24.4415 36.3316 -0.4475 -73.47061
25.2156 37.3871 1.3732 -73.472799
25.5431 38.1412 3.4507 -73.475029
26.3109 39.4951 5.0553 -73.477284
27.3125 40.7429 3.9319 -73.479575
27.6125 41.5008 5.9749 -73.481916
27.8649 42.4672 7.8245 -73.484287
28.5761 44.0126 9.106 -73.486684
29.3017 45.8785 9.8466 -73.489111
29.8444 47.4239 10.9837 -73.491587
29.8427 48.4745 12.9418 -73.494088
30.4043 50.5089 13.6559 -73.496616
32.2661 51.6774 14.0416 -73.499179
33.7432 53.3643 13.9508 -73.50177
35.3704 54.8773 13.6311 -73.504396
36.404 56.7929 13.1328 -73.507053
37.9566 57.9008 12.228 -73.509733
39.1636 59.6692 11.6914 -73.512445
40.7811 61.2139 11.412 -73.515188
42.5407 62.5144 11.7504 -73.51795
43.9242 63.8221 12.81 -73.520746
45.3908 65.165 13.6376 -73.523563
45.9271 67.2097 14.1714 -73.526395
46.6355 69.1359 14.3788 -73.529247
48.3635 70.1089 14.8857 -73.532123
49.6569 71.9103 15.1633 -73.535071
50.9513 73.7475 15.4455 -73.538035
52.8054 74.9337 15.6383 -73.540957
54.7263 75.5702 15.6827 -73.543888
56.0864 76.9982 15.657 -73.546831
57.1449 78.0802 14.4904 -73.549793
58.894 79.349 14.0314 -73.552753
60.9129 80.2627 14.3307 -73.555714
62.6887 81.5896 14.007 -73.558679
64.1912 82.1373 14.8133 -73.561659
65.3934 82.3955 16.5144 -73.564629
66.9021 83.2776 17.6975 -73.567581
67.4164 84.9808 18.6495 -73.57052
68.0681 86.9646 19.2519 -73.573431
18.9087 24.0362 7.1126 -73.453493
19.1476 18.9083 3.9431 -73.450047
20.9905 18.3979 3.8423 -73.451236
22.9152 18.2333 3.6481 -73.452448
24.7758 17.8958 3.3306 -73.453681
26.5871 18.0132 3.1308 -73.454936
28.3023 18.6484 3.6845 -73.456215
29.9424 18.8206 4.6508 -73.457514
31.2866 18.6601 5.9911 -73.458839
32.7096 18.1098 7.1234 -73.460185
34.1103 16.8391 7.543 -73.461551
35.4164 15.4177 7.7072 -73.462941
36.5618 14.0174 7.4707 -73.46435
38.0589 13.6462 6.35 -73.465778
39.8047 13.3092 5.8907 -73.467226
41.5119 12.7068 5.2455 -73.468694
42.8693 12.0614 4.0202 -73.470185
44.4573 11.3345 3.2295 -73.471693
45.9294 10.8303 2.4767 -73.473222
47.1014 10.1377 3.6205 -73.474765
48.3849 9.3089 4.6779 -73.476322
49.394 9.6773 6.2389 -73.477903
50.6478 10.0528 7.6185 -73.479497
51.9327 9.8336 9.0023 -73.4811
53.4883 10.1208 10.104 -73.482713
55.2334 9.8227 9.9071 -73.484335
57.0597 9.924 9.3135 -73.486061
58.8743 9.6526 8.6558 -73.487837
60.689 9.3812 7.9981 -73.489559
62.4959 9.1815 7.3186 -73.491231
64.0964 9.6659 6.3822 -73.492887
65.6128 10.0298 5.5676 -73.494545
66.3879 8.7348 6.61 -73.496207
67.0408 7.9267 8.2378 -73.497861
67.6184 7.3624 10.0083 -73.499518
68.2214 6.7991 11.7671 -73.501169
68.8557 6.3245 13.5452 -73.502801
69.5936 6.0215 15.3177 -73.504428
70.6128 5.6939 16.9232 -73.506029
71.846 5.1297 18.3139 -73.507599
73.446 5.6128 19.1551 -73.50915
75.1394 5.1362 19.9892 -73.510696
76.7792 5.1163 20.887 -73.512185
78.3203 5.541 21.9782 -73.51364
79.5543 6.0354 23.1887 -73.515053
80.477 6.477 24.7608 -73.516414
82.1371 6.4027 25.3832 -73.517726
83.992 6.8997 25.7174 -73.518983
85.8702 6.8251 26.0726 -73.520179
87.7509 6.7088 26.4848 -73.521309
89.6348 6.7028 26.6547 -73.522365
91.0074 6.4378 25.4152 -73.52334
92.1971 6.0461 24.0228 -73.524233
93.1627 5.5053 22.7795 -73.525056
93.4181 5.3578 20.8527 -73.525777
93.6827 5.205 18.9277 -73.52639
93.9559 5.0473 17.0042 -73.526889
94.7999 4.5071 17.8661 -73.527262
-1.9865 16.2264 -10.9822 -73.427606
-1.6114 17.3396 -11.0385 -73.427671
-1.1973 18.2526 -10.4886 -73.427721
-0.4899 18.8695 -10.968 -73.427756
0.4947 18.656 -11.4238 -73.427774
-5.9486 122.6202 -36.4545 -73.585919
-4.8563 124.4889 -38.1946 -73.590114
-3.4433 126.1431 -39.8024 -73.594303
-2.2407 128.597 -40.3971 -73.598483
-1.5188 131.295 -40.1613 -73.602659
-1.6696 134.0734 -40.2753 -73.606826
-2.517 136.7345 -40.7076 -73.610985
-3.2762 139.4376 -41.1589 -73.615133
-4.1563 142.1305 -41.3938 -73.619265
-4.9956 144.8475 -41.5126 -73.623384
-4.2109 147.46 -41.641 -73.627481
-3.9407 150.1251 -41.6099 -73.631561
-3.8535 152.9656 -41.6389 -73.635615
-3.8797 155.8081 -41.7765 -73.63965
-3.362 158.4701 -41.8809 -73.643659
-3.9026 161.1882 -41.8597 -73.64764
-4.6546 163.8938 -41.7416 -73.651589
-4.458 166.7321 -41.7051 -73.655505
-4.7248 169.4267 -41.9823 -73.659385
-5.9516 171.9513 -42.4086 -73.663228
-6.8697 174.6164 -42.5236 -73.667028
-7.1469 177.3942 -42.5991 -73.670786
-8.5483 179.5426 -43.6297 -73.674498
-9.0965 181.9163 -44.9846 -73.678168
-9.3572 184.5276 -45.8738 -73.68178
-10.3037 185.8819 -45.5629 -73.684381
-12.6165 185.7411 -44.527 -73.685944
-14.6492 185.7303 -43.1953 -73.687409
-16.2496 187.2653 -42.1906 -73.688793
-17.9145 189.1431 -41.8854 -73.690097
-19.4479 191.0685 -41.5909 -73.691317
-21.0169 192.9475 -41.0017 -73.692451
-22.4125 194.4386 -40.3024 -73.693497
-23.7068 195.9472 -39.0039 -73.69445
-25.0392 197.7028 -39.8911 -73.695307
-25.8175 200.0563 -40.2799 -73.696063
-26.6369 201.4551 -41.5533 -73.696717
-27.5289 202.2594 -40.2727 -73.697263
-29.472 203.3638 -40.3713 -73.697695
-31.4096 204.4733 -39.3932 -73.698011
-31.9894 205.4816 -37.1556 -73.698208
-32.896 206.6385 -35.2063 -73.698279
-33.7738 206.9925 -32.8727 -73.698221
-35.326 208.2821 -31.3862 -73.698029
-36.5537 210.18 -30.3332 -73.697697
-37.6503 212.1937 -29.5135 -73.697223
-38.7499 214.0475 -28.2022 -73.696598
-38.8366 216.2339 -27.1303 -73.69582
-39.8429 217.9451 -25.6872 -73.694881
-40.3547 220.3663 -25.6679 -73.693778
-9.0607 186.6005 -47.0068 -73.684561
-8.6412 188.5188 -48.1723 -73.686508
-7.9227 189.8909 -49.7878 -73.688394
-7.3389 191.2666 -51.5099 -73.690214
-6.8689 192.8579 -53.067 -73.691962
-6.5717 194.5306 -54.6272 -73.693639
-6.699 195.7688 -56.5782 -73.695244
-6.6007 197.3796 -57.9455 -73.696767
-5.361 198.4457 -59.4593 -73.69821
-4.0706 199.0919 -61.2062 -73.69957
-2.56 200.3359 -61.9713 -73.700836
-1.1767 202.1203 -62.473 -73.702011
0.1257 203.765 -63.1817 -73.703089
0.5779 205.9809 -62.9411 -73.704068
1.7705 207.8999 -62.7909 -73.704944
1.7806 210.0234 -63.3852 -73.705713
1.251 212.0868 -62.5412 -73.70637
0.3882 214.2228 -62.3899 -73.706911
-0.4598 216.2968 -62.9067 -73.70733
-1.2479 218.4121 -63.4146 -73.707625
-2.0973 220.5416 -63.7457 -73.707789
-3.4118 222.4275 -63.923 -73.707819
-5.2388 223.8332 -64.0726 -73.707709
-7.0057 225.2983 -64.337 -73.707454
-8.1122 227.0393 -64.9339 -73.707048
-8.3675 229.0243 -65.402 -73.706577
-8.7031 230.7886 -65.6689 -73.706097
-9.2813 232.5101 -65.8231 -73.705515
-9.2237 228.2929 -64.8468 -73.706714
-10.9382 228.5001 -64.259 -73.706481
-12.6565 228.7042 -63.682 -73.706124
-25.5183 124.0162 -29.3962 -73.584787
-26.4756 125.8583 -28.1987 -73.588228
-27.6755 127.8327 -27.6028 -73.591666
-27.9279 128.8492 -29.077 -73.595108
-28.5728 129.8586 -27.39 -73.59856
-29.4951 131.5172 -26.0388 -73.601986
-30.3172 133.5583 -25.0126 -73.605405
-30.9903 134.755 -23.0132 -73.608816
-31.8576 136.0757 -21.167 -73.612213
-32.9249 137.8539 -19.8699 -73.615595
-34.7749 138.8966 -19.3111 -73.618965
-36.3176 139.9122 -18.0849 -73.622313
-37.4604 141.3871 -16.8864 -73.625641
-38.6623 143.1941 -16.0632 -73.628952
-40.1691 144.5551 -14.9429 -73.632244
-41.2877 146.3296 -14.9203 -73.635515
-42.5778 148.1549 -14.027 -73.638755
-43.9866 149.9737 -13.1872 -73.641961
-45.0144 151.7833 -12.0503 -73.645137
-45.5532 153.8159 -10.8393 -73.64828
-46.3861 156.0367 -10.2537 -73.651387
-46.9837 158.3901 -9.9517 -73.65445
-47.8117 160.6751 -9.7756 -73.657474
-49.0447 162.6915 -9.706 -73.660451
-50.015 164.9082 -9.8518 -73.66338
-51.5234 166.8379 -9.9384 -73.666259
-52.9161 168.8061 -9.9279 -73.669083
-54.0733 170.9215 -9.7859 -73.671851
-55.7453 172.652 -9.5467 -73.674559
-57.6094 174.1497 -9.6472 -73.677204
-59.246 175.273 -8.9172 -73.679784
-60.6519 176.3429 -7.7572 -73.682294
-61.8971 178.3631 -7.4187 -73.684729
-62.7492 180.6081 -7.5045 -73.687089
-63.9736 182.7158 -7.7021 -73.689365
-65.2308 184.8141 -7.6187 -73.691554
-66.7492 186.7003 -7.6491 -73.693652
-68.417 188.4651 -7.7574 -73.695656
-69.4591 190.6092 -7.7695 -73.697558
-69.6776 192.1396 -9.5531 -73.699363
-70.6232 193.0213 -8.854 -73.70108
-70.9662 193.1386 -6.4297 -73.702679
-71.4596 193.5338 -4.0639 -73.704156
-72.1758 195.2071 -3.9513 -73.705495
-73.6159 196.7389 -5.1111 -73.706702
-74.8609 198.522 -6.148 -73.707772
-75.7426 199.5734 -7.6936 -73.7087
-75.3694 199.5725 -10.1146 -73.709493
-74.4019 199.6256 -11.6143 -73.710119
-73.8016 200.0979 -9.3728 -73.710584
-74.5843 201.3776 -7.8285 -73.710877
-75.66 202.8847 -6.3385 -73.710993
-76.7569 204.7933 -5.2692 -73.710924
-77.7876 206.5222 -4.0466 -73.710662
-78.7815 208.5213 -3.0989 -73.7102
-29.3228 87.5393 7.4141 -73.61804
-29.9005 87.4969 9.1019 -73.620971
-30.4781 87.4545 10.7898 -73.623834
-31.0558 87.4122 12.4776 -73.626631
-32.2782 87.1841 13.3671 -73.629375
-33.8866 86.6278 13.8875 -73.632121
-35.2533 87.1539 14.4242 -73.634866
-35.8481 87.8038 15.3321 -73.637604
-36.8463 86.9864 16.4788 -73.640339
-38.3951 86.3544 16.7879 -73.643062
-40.0436 86.842 16.4412 -73.645772
-41.676 86.6973 15.7688 -73.648474
-43.0795 86.67 14.6822 -73.651159
-44.7397 86.6061 14.8133 -73.653826
-46.2784 86.3685 14.6265 -73.656475
-47.931 85.969 14.7511 -73.6591
-49.3382 85.0184 15.2541 -73.661703
-51.0157 84.5548 15.4912 -73.664281
-52.76 84.3802 15.7377 -73.666823
-54.4766 84.1118 16.1326 -73.669332
-56.1575 83.722 16.5614 -73.67181
-57.6854 83.1665 17.2616 -73.674252
-59.449 83.0129 17.2864 -73.676648
-61.2047 83.1213 17.0316 -73.678996
-62.4985 83.4162 16.057 -73.6813
-64.2493 83.561 15.9695 -73.683553
-65.9938 83.4285 15.6473 -73.685752
-67.7202 83.5173 15.2308 -73.687892
-69.055 83.036 14.2322 -73.689971
-69.8653 82.2066 12.9383 -73.691985
-71.0115 81.258 11.9738 -73.693926
-72.4278 80.4398 11.5445 -73.695796
-73.698 79.222 11.6667 -73.697583
-74.8344 77.8746 11.8888 -73.699281
-76.1909 76.8138 12.1994 -73.700899
-77.7152 76.0674 12.6693 -73.702425
-79.2241 75.3783 13.2714 -73.703851
-80.5771 74.3384 13.7242 -73.705175
-81.948 73.2954 14.1285 -73.706392
-83.3128 72.1963 14.4348 -73.707495
-84.2563 70.7511 14.49 -73.708481
-85.9688 70.3467 14.3507 -73.709345
-87.6869 70.083 14.43 -73.710077
-89.1236 69.3762 14.9056 -73.710676
-90.0942 69.1674 16.3612 -73.711136
-91.4773 68.4273 17.0893 -73.711448
-93.1744 68.4543 17.5737 -73.711607
17.4714 115.5383 -32.7054 -73.582291
18.7181 116.515 -32.6736 -73.583934
19.4474 117.9165 -32.6863 -73.58554
20.2746 119.2604 -32.6312 -73.587114
21.0837 120.5882 -32.4636 -73.58865
21.7758 121.9988 -32.2416 -73.590147
22.3094 123.4582 -32.1155 -73.591602
23.1409 124.8071 -32.0128 -73.593009
23.9385 126.1782 -31.9172 -73.594372
25.0849 127.2066 -31.902 -73.59568
25.7601 127.3047 -33.2559 -73.596946
26.628 127.211 -34.5602 -73.598158
27.4583 127.1967 -35.7592 -73.599301
28.395 127.5305 -34.6253 -73.60038
29.5644 128.205 -33.8463 -73.601387
30.5696 128.6374 -32.8152 -73.602326
32.0051 129.043 -32.2921 -73.603188
33.4128 129.4399 -31.6761 -73.60397
34.7649 130.0848 -31.1622 -73.604667
36.07 130.7044 -30.5266 -73.605276
37.2954 130.2845 -29.7509 -73.605793
38.6668 129.8544 -29.4393 -73.606217
40.0959 129.824 -28.9371 -73.60654
41.6596 129.7812 -29.1527 -73.606761
43.163 129.7557 -29.5887 -73.606873
37.3605 97.6671 -24.1386 -73.576988
38.5247 98.3419 -23.3011 -73.578357
39.4075 98.7958 -22.0704 -73.57969
39.7833 99.3954 -20.6642 -73.580983
39.86 99.407 -19.0804 -73.582247
40.1939 99.8932 -18.7303 -73.583448
40.4963 100.318 -20.2174 -73.584607
41.4643 101.4944 -20.1061 -73.585705
42.3976 102.7119 -19.7798 -73.586744
43.1049 104.0833 -19.5568 -73.587726
44.0865 105.3182 -19.6544 -73.588641
44.7899 106.7249 -19.7113 -73.589491
45.9094 107.8469 -19.694 -73.590271
47.0015 108.9935 -19.6267 -73.590976
47.4874 110.1272 -19.5101 -73.591624
47.4694 110.2183 -21.0953 -73.59225
47.4514 110.3094 -22.6805 -73.592773
47.4334 110.4005 -24.2657 -73.593194
47.4153 110.4915 -25.8509 -73.593512
47.3973 110.5826 -27.4361 -73.593724
47.3793 110.6737 -29.0213 -73.593831
-43.1464 107.2097 -8.6051 -73.622034
-44.2349 108.3552 -9.2701 -73.62476
-45.5183 109.1815 -10.1573 -73.627489
-46.5455 110.332 -10.9218 -73.630219
-47.6198 111.4497 -11.7523 -73.632949
-48.7733 112.6103 -11.9929 -73.635679
-49.0763 114.3515 -11.8794 -73.638409
-49.3422 116.0762 -11.586 -73.641129
-49.7822 117.0822 -10.2937 -73.643852
-50.4256 118.2912 -9.1739 -73.646566
-50.9978 119.2379 -7.7863 -73.649274
-51.2625 120.0244 -6.2601 -73.651979
-51.6654 121.1492 -4.9912 -73.654662
-51.9476 122.7357 -4.2703 -73.65733
-52.5998 124.2212 -3.6393 -73.65998
-53.274 125.7541 -3.0637 -73.662605
-53.9887 127.1954 -2.3704 -73.665207
-53.963 128.1021 -0.9245 -73.667812
-54.6255 128.6873 -0.6995 -73.670398
-55.0557 128.8462 -2.4173 -73.672963
-55.7093 129.6088 -3.8029 -73.675471
-56.3904 130.5701 -3.4395 -73.677947
-57.2397 131.7558 -2.5815 -73.680389
-57.7383 132.4193 -1.0375 -73.682815
-58.1997 132.8604 0.5026 -73.685189
-59.135 134.2149 0.2827 -73.687511
-59.5411 135.9385 0.3726 -73.68978
-60.3211 137.5272 0.4547 -73.691997
-61.5615 138.7924 0.4272 -73.694156
-62.8427 140.0202 0.4049 -73.69626
-63.9756 141.337 0.4784 -73.698301
-65.5415 142.0698 0.6041 -73.700277
-66.8201 143.3029 0.6105 -73.702183
-67.9523 144.6731 0.6097 -73.704065
-69.0106 146.0943 0.6091 -73.70583
-69.7753 147.6531 0.6561 -73.707501
-69.9859 148.4831 2.1055 -73.709099
-70.4429 149.3779 3.3991 -73.710598
-71.6135 150.4383 2.691 -73.711997
-72.4835 151.5429 1.7355 -73.713295
-72.9227 152.8592 2.7049 -73.714489
-72.5877 154.4469 3.3601 -73.715571
-73.0119 156.1489 3.5593 -73.716538
-73.1545 157.8864 3.5882 -73.717382
-74.1953 159.319 3.6169 -73.718098
-74.932 160.9303 3.7174 -73.718683
-75.2192 162.6661 3.8423 -73.719129
-75.4158 163.3004 5.1393 -73.719437
-75.4017 163.5667 6.8972 -73.719595
-50.1374 90.531 -23.3634 -73.620518
-51.2673 90.8857 -22.5511 -73.623078
-52.7159 91.6607 -23.1098 -73.625629
-54.0702 92.6015 -23.357 -73.628178
-55.4386 93.0469 -22.4458 -73.630719
-56.998 93.6059 -21.9041 -73.633255
-58.5673 94.2413 -21.5078 -73.635779
-59.4515 94.8578 -20.2839 -73.638311
-60.3751 95.9904 -19.3491 -73.640808
-61.639 96.317 -18.2753 -73.643295
-62.5765 96.8459 -17.7339 -73.645764
-63.9654 97.6322 -17.7098 -73.648219
-65.6166 98.1559 -17.9424 -73.650651
-67.3141 98.5251 -18.0363 -73.653062
-68.9906 98.999 -17.9141 -73.65544
-70.4527 99.8368 -17.5623 -73.657793
-71.8636 100.5751 -16.8437 -73.660113
-73.2945 101.1084 -16.0241 -73.662396
-74.8032 101.5319 -15.3155 -73.664642
-76.2937 102.0431 -14.7677 -73.666849
-76.9439 103.3194 -13.9021 -73.669013
-77.7853 104.5384 -13.0235 -73.671131
-79.1174 105.4827 -13.5256 -73.673193
-80.5678 106.3785 -13.889 -73.675203
-81.9123 107.4474 -14.0602 -73.677147
-82.892 108.884 -14.1362 -73.679033
-83.7902 110.3676 -14.0768 -73.680856
-84.9748 111.6284 -13.8567 -73.682604
-86.2002 112.6963 -13.3076 -73.684286
-87.0479 113.9279 -12.479 -73.685889
-87.7411 115.4304 -11.9657 -73.687407
-88.823 116.6812 -11.5653 -73.688838
-89.4834 118.0465 -10.8065 -73.690179
-90.0558 119.4566 -9.9504 -73.691426
-90.8226 120.9302 -9.4429 -73.692568
-91.9586 122.2396 -9.3374 -73.693603
-92.8888 123.6775 -9.6286 -73.694528
-93.6083 125.2344 -9.9613 -73.695338
-94.4583 126.6908 -10.3334 -73.696025
-95.6371 127.179 -11.2403 -73.696588
-96.5223 128.3643 -11.7434 -73.697018
-97.3565 129.8343 -11.9607 -73.69731
-98.0187 131.4271 -12.0082 -73.69746
-44.8397 82.3848 -0.1022 -73.640943
-45.6858 82.6745 1.4762 -73.644088
-47.0854 83.466 2.0376 -73.647231
-47.9154 84.1261 0.6038 -73.650399
-48.4536 84.4912 -1.1078 -73.653567
-49.4629 84.7481 -2.3216 -73.65674
-50.8487 85.4683 -2.9272 -73.659926
-51.3634 86.2483 -4.138 -73.663148
-51.1604 85.8865 -5.9031 -73.666371
-51.4147 86.3329 -4.63 -73.66961
-51.3753 86.9211 -3.2026 -73.672831
-51.6511 88.546 -2.6095 -73.67605
-52.0008 89.4665 -3.9264 -73.679297
-52.6137 90.8015 -4.1725 -73.682533
-53.4473 92.4123 -3.9386 -73.685773
-53.8653 94.1635 -3.6555 -73.689014
-53.9519 95.9277 -3.215 -73.692258
-54.3051 97.4953 -2.5507 -73.695503
-54.5625 98.6898 -1.1952 -73.698736
-54.547 99.8234 0.1762 -73.701972
-54.2907 100.3598 1.9096 -73.705209
-54.7709 101.2087 3.4194 -73.708415
-54.4328 101.9413 3.8933 -73.711598
-53.0212 101.1678 3.092 -73.714766
-52.5222 101.109 4.5528 -73.717938
-54.1846 101.7537 4.4499 -73.721073
-55.6576 102.8136 4.5394 -73.724185
-56.499 104.3974 4.7059 -73.727273
-56.8786 106.1716 4.8788 -73.730338
-56.4546 107.8733 4.5587 -73.733371
-55.6814 109.1098 4.4339 -73.736399
-55.7928 109.3656 6.2457 -73.739443
-56.2213 109.7146 7.7986 -73.742383
-55.5336 111.171 7.9788 -73.74528
-57.2605 111.7016 8.1166 -73.748127
-58.1121 113.2561 8.4551 -73.750932
-58.5985 114.919 9.0311 -73.753689
-59.6859 116.036 9.8099 -73.75638
-59.434 116.5435 10.5662 -73.759023
-59.3051 118.1105 11.4366 -73.761601
-59.9415 119.6907 12.0733 -73.764119
-60.8614 121.156 12.3489 -73.766561
-61.607 122.4945 11.39 -73.768936
-62.1797 124.0961 10.8491 -73.771229
-62.6253 125.8486 10.8404 -73.773437
-62.2188 127.4063 11.6395 -73.775556
-61.8461 129.0333 12.3882 -73.777581
-62.5327 130.6886 12.3999 -73.779508
-62.936 132.4579 12.2088 -73.781336
-63.3234 134.2117 11.8803 -73.783061
-63.6303 135.945 11.5157 -73.784671
-63.951 136.5199 9.8435 -73.786176
-64.1784 137.2406 8.1925 -73.787551
-64.0694 138.3872 6.7995 -73.788793
-64.3697 140.0086 6.0583 -73.789903
-64.8732 141.6033 5.322 -73.790871
-65.5178 142.5596 4.0703 -73.791696
-65.7682 143.1976 5.3492 -73.79237
-66.7186 144.3442 5.8832 -73.792884
-67.5125 145.9488 6.0337 -73.793233
-68.2142 147.6123 6.0332 -73.793411
-36.2134 93.2108 29.5751 -73.622872
-36.6635 94.7733 29.8902 -73.62482
-36.9263 96.2364 30.4302 -73.626746
-37.1622 97.773 30.8495 -73.628651
-37.5529 99.3568 31.1525 -73.630535
-37.9173 100.9487 31.3678 -73.632385
-38.3971 102.525 31.406 -73.63421
-38.3118 104.182 31.3802 -73.635999
-38.3833 105.841 31.3619 -73.637752
-38.5184 107.493 31.3513 -73.639469
-38.1793 109.1047 31.3065 -73.641145
-37.694 110.6348 31.1726 -73.642775
-37.4366 112.1749 31.1742 -73.64436
-36.4341 113.3684 31.2349 -73.645901
-35.2673 114.4885 31.1966 -73.647387
-35.1913 116.0244 31.322 -73.648816
-36.1323 117.264 31.8032 -73.650188
-36.1013 118.8174 31.8898 -73.651499
-35.2737 120.1279 31.585 -73.652742
-34.1912 121.3196 31.36 -73.653917
-33.7141 122.9011 31.2289 -73.655014
-33.0667 124.4147 31.1658 -73.656035
-32.8786 126.0601 31.1275 -73.656972
-32.0835 127.4884 31.1247 -73.657822
-31.8296 129.12 31.1246 -73.658582
-31.1422 130.5851 30.9859 -73.659246
-30.3228 131.8477 30.3079 -73.659812
-29.6856 132.4849 28.9766 -73.660276
-29.0719 133.0333 27.5676 -73.660632
-28.0844 133.7856 27.8775 -73.660873
-27.152 134.469 28.6173 -73.660996
68.8569 88.73 19.5506 -73.575957
69.4626 89.4871 18.5505 -73.578137
69.8694 90.2922 17.5312 -73.580293
70.1133 90.9732 19.0619 -73.582435
70.2522 92.4115 19.6157 -73.584544
70.8156 93.9888 19.8859 -73.586626
70.9233 95.5529 19.5992 -73.588685
71.3862 97.0655 19.4044 -73.590711
72.5006 98.2929 19.6588 -73.592701
72.7344 99.9408 19.94 -73.594659
72.932 101.5833 19.995 -73.596581
72.4313 103.198 19.9089 -73.598463
71.8799 104.7873 20.0008 -73.600297
71.5282 106.416 19.8144 -73.602089
71.2624 108.037 19.4849 -73.603829
70.3107 109.3594 19.2993 -73.605511
69.2896 110.7156 19.219 -73.607135
68.8552 112.3448 19.1576 -73.608697
68.8224 113.8606 18.9579 -73.610193
69.0085 114.8834 18.0264 -73.611627
68.8524 116.0924 16.8932 -73.612987
69.7271 117.2159 15.9694 -73.614271
70.0973 118.581 15.0882 -73.615472
70.8674 119.2691 13.939 -73.616594
70.3855 118.9765 13.515 -73.617622
69.9666 118.6726 13.3866 -73.618564
70.2125 118.847 11.7059 -73.619419
70.4357 118.9096 10.8982 -73.620156
70.1867 118.7318 12.5649 -73.620791
69.521 118.6003 13.8778 -73.621303
69.0153 119.2849 13.1332 -73.621693
69.8993 119.8704 11.9133 -73.62196
70.2963 119.9515 10.2866 -73.622096
95.5228 3.6634 18.9207 -73.527458
95.9521 3.5018 19.9853 -73.527557
96.3294 3.3373 21.069 -73.527608
-41.3421 222.5153 -25.6062 -73.692588
-42.702 224.1478 -25.2091 -73.691477
-44.2458 225.1088 -24.0553 -73.690359
-45.8189 226.0665 -23.0056 -73.689235
-47.3319 227.1224 -21.9872 -73.688107
-48.8138 228.7344 -21.8003 -73.686974
-50.1281 230.4969 -21.9165 -73.685835
-51.8278 231.7383 -22.0527 -73.684691
-52.8158 233.6774 -22.1145 -73.68354
-53.0724 235.6787 -22.1684 -73.68263
-53.6815 237.6012 -22.215 -73.681964
-54.8336 239.2327 -22.1693 -73.681299
-55.9455 240.9107 -22.1307 -73.680635
-56.8959 242.6769 -22.2538 -73.679971
-57.6448 244.0732 -23.1351 -73.679306
-57.9004 245.3567 -24.6431 -73.678642
-58.5973 247.0318 -25.4177 -73.677979
-59.3933 248.8468 -25.6686 -73.677317
-60.5485 250.492 -25.7129 -73.676655
-62.0102 251.8694 -25.795 -73.675994
-63.5819 251.7041 -25.7766 -73.675333
-65.1861 252.5294 -25.4878 -73.674672
-66.5361 253.7075 -24.6451 -73.674011
-67.4482 255.4346 -24.2826 -73.673351
-68.0616 257.3349 -24.0645 -73.672691
-69.279 258.781 -24.0213 -73.672032
-70.6709 260.1778 -24.061 -73.671374
-71.4436 262.0159 -24.0595 -73.670716
-72.8554 263.4363 -23.888 -73.67006
-74.3055 264.6952 -23.3614 -73.669405
-75.6104 266.0079 -22.6232 -73.668751
-76.4194 267.7709 -22.2236 -73.668096
-77.0046 269.6763 -21.989 -73.667443
-77.6943 271.5617 -21.8675 -73.666791
-78.0414 273.5421 -21.7862 -73.66614
-78.9873 275.301 -21.7403 -73.66549
-80.3424 276.7952 -21.6879 -73.664842
-81.6546 278.3163 -21.6068 -73.664196
-83.1583 279.5974 -21.7854 -73.663552
-84.8953 280.6045 -21.8472 -73.662908
-86.7025 281.4584 -21.6828 -73.662266
-87.8751 282.8646 -21.0904 -73.661625
-89.4892 283.7967 -20.5891 -73.660986
-91.1007 284.9601 -20.5677 -73.660349
-92.4107 286.2858 -21.1453 -73.659713
-94.0557 286.9976 -21.9919 -73.65908
-95.7101 288.0996 -22.2545 -73.658449
-97.3406 289.2852 -22.2657 -73.65782
-98.976 289.9877 -22.9029 -73.657192
-100.2796 290.7986 -23.6291 -73.656567
-101.4799 291.8038 -22.4899 -73.655943
-103.036 292.9887 -22.0284 -73.655323
-104.6892 294.1312 -21.8834 -73.654705
-106.3559 295.2232 -22.151 -73.654089
-107.8941 296.3493 -22.6692 -73.653477
-109.1385 297.4951 -23.597 -73.652867
-110.8652 298.494 -23.4597 -73.652261
-112.4721 299.5248 -23.016 -73.651657
-113.8772 300.6139 -22.2042 -73.651056
-115.339 301.8994 -21.8314 -73.650459
-116.6463 303.427 -21.784 -73.649866
-117.9037 305.0024 -21.8441 -73.649276
-119.0254 306.6607 -22.003 -73.648688
-119.7365 308.5266 -22.2827 -73.648105
-120.0458 309.7921 -21.1758 -73.647522
-120.3335 310.3959 -19.2752 -73.646946
-120.8092 311.2425 -17.5331 -73.646374
-121.3861 312.9361 -16.6595 -73.645807
-122.3666 314.5966 -16.303 -73.645246
-123.445 316.2788 -16.4754 -73.644688
-124.5125 317.8962 -16.7048 -73.644136
-124.8879 318.6378 -14.9021 -73.643586
-124.9811 319.1413 -12.9496 -73.643039
-125.2786 319.7061 -11.0358 -73.642499
-125.7833 320.5605 -9.2875 -73.641966
-126.7853 321.2272 -7.7186 -73.64144
-128.1198 321.7372 -6.5853 -73.640919
-129.5338 322.6762 -5.6435 -73.640404
-130.8033 322.8583 -4.1103 -73.639895
-132.3486 322.5617 -2.9424 -73.639392
-133.5223 321.7567 -2.2514 -73.638896
-134.4075 321.0203 -3.7194 -73.638406
-136.141 320.0633 -3.704 -73.637924
-137.9234 319.2453 -3.5128 -73.637448
-139.8153 319.4438 -3.03 -73.636975
-141.7336 319.7231 -2.5415 -73.636513
-143.2992 318.8382 -1.8198 -73.636061
-143.6324 318.198 -3.1912 -73.635614
-144.6494 318.183 -2.5451 -73.635174
-145.6029 318.7473 -1.0864 -73.634744
-147.1116 319.1677 -0.0827 -73.634324
-149.0143 318.6505 0.3041 -73.633911
-150.835 317.9416 0.6531 -73.633508
-152.6003 318.3043 1.3039 -73.633115
-154.255 319.2248 1.8195 -73.632731
-156.1347 319.0641 1.3765 -73.632358
-157.9479 318.8394 0.6505 -73.631994
-159.8193 318.2421 0.4855 -73.63164
-161.6982 318.4908 0.8126 -73.631298
-163.3502 318.4678 1.946 -73.630966
-164.7917 318.8721 3.1901 -73.630644
-166.0348 318.4651 4.5448 -73.630335
-167.2051 317.7036 5.9108 -73.630037
-168.6856 318.3603 6.972 -73.629752
-170.5746 318.3686 7.6324 -73.629478
-172.4422 318.8037 8.0573 -73.629218
-173.7745 319.4811 7.41 -73.62897
-175.2708 319.8181 6.8918 -73.628735
-176.3866 321.0401 7.8064 -73.628514
-178.1084 321.388 8.4289 -73.628306
-179.8667 322.3331 8.1901 -73.628112
-181.7338 322.9719 7.9865 -73.627933
-183.2047 324.2061 7.6173 -73.627769
-184.6529 324.5109 6.7583 -73.627619
-186.4765 324.882 7.4149 -73.627485
-188.3601 325.5005 7.7542 -73.627366
-190.207 326.2741 7.8586 -73.627264
-191.8555 326.4884 7.2737 -73.627177
-192.3011 326.2807 5.3327 -73.627106
-192.4569 326.3027 3.3202 -73.627051
-192.6127 326.3246 1.3078 -73.627014
-192.7684 326.3466 -0.7047 -73.626996
-53.5618 234.7518 -22.4056 -73.682666
-55.3696 234.7358 -22.9279 -73.682079
-57.1775 234.7198 -23.4502 -73.681503
-58.9758 234.7413 -23.9753 -73.680937
-60.5834 235.6616 -24.1049 -73.680377
-62.2107 236.6032 -24.0421 -73.679817
-63.9306 237.3539 -24.0447 -73.67926
-65.5569 238.2591 -24.1396 -73.678704
-67.3063 238.9314 -24.1596 -73.678152
-68.8366 239.9978 -24.0522 -73.6776
-70.5332 240.314 -23.7713 -73.67705
-72.1779 239.7124 -23.3677 -73.676503
-73.9055 239.067 -23.0743 -73.675958
-75.764 238.9129 -23.0612 -73.675415
-77.5069 238.4311 -23.4834 -73.674875
-79.2728 238.5078 -23.5052 -73.674337
-81.0101 239.1307 -23.2489 -73.673802
-82.8258 239.4159 -22.9537 -73.673269
-84.5254 239.9346 -22.4418 -73.67274
-86.2406 240.0396 -21.7161 -73.672212
-87.8568 239.8217 -20.9364 -73.671688
-89.3552 239.6723 -19.8507 -73.671167
-90.7771 239.8281 -18.7653 -73.670649
-92.3262 239.5258 -18.0598 -73.670134
-94.0855 240.1028 -17.7873 -73.669623
-95.877 240.5966 -17.5579 -73.669116
-97.6988 241.0591 -17.507 -73.668612
-99.53 241.4724 -17.4393 -73.668113
-101.2527 242.1681 -17.1773 -73.667617
-102.8299 242.815 -16.4434 -73.667125
-104.4569 243.5931 -15.9937 -73.666638
-106.2956 243.7075 -16.104 -73.666155
-107.1732 243.8399 -14.6775 -73.665673
-108.3872 244.3725 -13.7017 -73.665198
-109.3454 245.4642 -12.5807 -73.664729
-110.5466 246.5332 -11.6213 -73.664263
-112.0874 247.1 -10.9503 -73.663804
-112.6927 248.1713 -9.7197 -73.663348
-113.85 248.7857 -8.6033 -73.662897
-114.9422 250.1535 -8.2414 -73.662453
-115.3929 251.8689 -7.6387 -73.662014
-116.4822 252.9605 -6.8157 -73.661583
-117.371 253.2374 -5.1806 -73.661156
-118.358 253.8356 -3.7152 -73.660736
-119.4595 254.4678 -2.3971 -73.660323
-120.9563 255.2641 -1.6822 -73.659917
-122.5163 255.9458 -1.0086 -73.659518
-123.9831 256.9071 -0.452 -73.659126
-124.7954 257.8348 0.9161 -73.658741
-125.65 259.0549 2.0473 -73.658364
-126.8265 260.4562 2.1583 -73.657994
-128.2898 261.2032 2.616 -73.657631
-129.0334 261.3894 4.2611 -73.657276
-129.2473 261.2649 6.1105 -73.656917
-129.4022 261.1437 7.9821 -73.656573
-129.5576 261.0229 9.8536 -73.656243
-129.7512 260.9235 11.7229 -73.655913
-129.9463 260.825 13.592 -73.655597
-130.1515 260.7135 15.4586 -73.655295
-130.5488 260.346 17.2477 -73.655003
-131.604 259.0778 18.099 -73.654723
-132.4067 258.2916 19.5872 -73.654453
-133.3932 257.3081 20.8241 -73.654194
-133.8044 256.3522 22.376 -73.653946
-134.6418 255.2368 23.5911 -73.653708
-135.4197 253.8392 24.4892 -73.653483
-135.7 253.4829 26.3153 -73.653268
-136.3101 252.641 27.7577 -73.653066
-136.3201 251.3179 26.4825 -73.652876
-136.8701 249.6435 26.0944 -73.652699
-137.7175 248.1362 25.6627 -73.652535
-137.6045 246.4619 25.1316 -73.652384
-137.2893 245.0053 24.2243 -73.652247
-136.6215 243.4615 23.4192 -73.652124
-135.6446 241.9497 22.8735 -73.652014
-135.3758 240.4199 22.4018 -73.651919
-136.1869 239.3032 23.0344 -73.651839
-136.341 238.0644 24.2021 -73.651775
-136.433 236.6369 25.3143 -73.651726
-136.6008 234.8539 25.6617 -73.651693
-137.1474 233.4458 25.0869 -73.651677
-10.2537 234.1313 -65.7936 -73.704784
-11.9535 235.2244 -65.4206 -73.70401
-13.2513 236.4124 -64.5554 -73.703236
-13.9825 238.2182 -64.0036 -73.702462
-13.9675 239.4333 -65.1657 -73.701685
-14.1745 240.8047 -66.5759 -73.70091
-14.74 242.3781 -67.763 -73.700134
-15.0167 243.3075 -69.5586 -73.699356
-14.9973 244.3966 -71.2899 -73.69858
-15.4806 245.6013 -72.6631 -73.697803
-16.6681 247.206 -72.2066 -73.697027
-17.3029 249.0449 -71.7718 -73.69625
-18.6676 250.382 -71.3338 -73.695473
-19.6799 251.0982 -72.0439 -73.694696
-20.4939 252.2385 -73.4165 -73.693918
-21.5912 252.7618 -72.8895 -73.693212
-21.9596 252.8176 -71.2713 -73.692588
-22.6797 254.2973 -71.5196 -73.691965
-23.6039 255.7577 -72.0067 -73.691344
-24.5721 257.236 -72.2298 -73.690723
-26.0105 258.3101 -72.2446 -73.690102
-27.3761 259.4599 -72.2196 -73.689483
-28.9516 260.3257 -72.2375 -73.688857
-30.5102 261.2195 -72.2945 -73.688239
-31.595 262.5637 -72.7018 -73.687624
-32.6547 263.9941 -72.7006 -73.687009
-33.5598 265.5319 -72.4801 -73.686395
-34.5952 266.9872 -72.4053 -73.685783
-35.2782 268.5959 -72.3691 -73.68517
-36.5462 269.7783 -72.1737 -73.684561
-37.8737 270.872 -71.8225 -73.683953
-38.8876 272.2418 -71.3145 -73.683347
-39.6217 273.7558 -70.7585 -73.682742
-40.6535 274.9959 -70.0158 -73.682139
-42.0534 275.9829 -69.5331 -73.681537
-43.5846 276.8719 -69.3005 -73.680938
-45.0655 277.8565 -69.4958 -73.68034
-45.946 279.1186 -68.7677 -73.679744
-45.8345 280.5644 -67.9551 -73.67915
-46.196 282.2235 -68.3906 -73.678559
-46.2456 283.784 -69.1293 -73.67797
-45.9356 284.9029 -69.4775 -73.677382
-46.3572 283.3243 -69.8414 -73.676796
-47.6385 284.0096 -69.6263 -73.676209
-47.8598 285.27 -68.7781 -73.675627
-47.9763 286.6481 -67.6615 -73.675047
-48.0018 287.8134 -66.394 -73.674469
-49.296 287.3623 -65.4888 -73.673895
-50.1432 286.6731 -64.1653 -73.673324
-50.2434 286.1704 -62.4405 -73.672754
-51.2742 284.9264 -61.8207 -73.67219
-52.8421 284.4426 -61.0987 -73.671629
-53.9107 283.6653 -60.0279 -73.671072
-54.752 283.3629 -58.5184 -73.670517
-55.6511 282.4981 -57.2933 -73.669967
-56.6242 281.93 -56.0196 -73.669423
-57.9991 281.9695 -54.8908 -73.668881
-59.0837 282.3361 -53.8941 -73.668345
-60.0943 282.1643 -52.7677 -73.667812
-61.4419 281.5155 -51.8651 -73.667285
-62.8626 280.827 -51.0501 -73.666763
-64.2795 280.6349 -50.0042 -73.666246
-65.804 280.5238 -49.0693 -73.665734
-66.7885 280.054 -47.7484 -73.665227
-67.9789 279.2336 -46.7905 -73.664725
-68.6552 278.446 -45.3481 -73.664229
-69.0138 277.9753 -43.6489 -73.663738
-69.4167 276.9949 -42.4398 -73.663254
-69.8247 275.5947 -42.5008 -73.662776
-70.268 276.0815 -42.6582 -73.662305
-70.9242 276.409 -41.0457 -73.661836
-71.4032 276.5871 -39.3203 -73.661377
-72.2724 276.7647 -38.0281 -73.660926
-73.2041 276.1685 -36.6914 -73.660482
-74.2918 275.5936 -35.4399 -73.660046
-75.425 274.8456 -34.2803 -73.659618
-76.9255 274.2886 -33.5609 -73.659197
-77.3251 274.3933 -31.9623 -73.658785
-77.3839 274.0953 -31.6173 -73.658376
-77.9259 274.1693 -30.1943 -73.657978
-79.5493 274.0847 -29.6223 -73.657589
-80.9279 274.149 -28.5263 -73.657209
-82.1503 274.2888 -27.2947 -73.656839
-83.1333 274.5631 -25.8399 -73.656478
-83.3586 274.0993 -24.1212 -73.656126
-83.4086 273.3363 -22.4949 -73.655785
-83.5601 272.816 -20.7795 -73.655452
-83.7705 272.4678 -19.0265 -73.655131
-84.0593 272.0789 -17.2937 -73.654821
-84.2893 271.7437 -15.5414 -73.654521
-84.9661 271.1706 -14.2656 -73.654234
-86.4465 270.5588 -13.5443 -73.65396
-87.5224 269.4821 -12.7644 -73.653697
-88.5863 270.2836 -13.3628 -73.653446
-89.344 271.7765 -13.8414 -73.653208
-90.7295 272.8654 -14.017 -73.652979
-92.0012 274.1345 -14.1202 -73.652764
-93.0728 275.5655 -14.188 -73.652565
-94.4803 276.5793 -14.1262 -73.652379
-96.2029 276.3016 -13.7358 -73.652207
-97.8612 276.4416 -13.1634 -73.652049
-99.2225 277.2086 -12.3487 -73.651906
-100.7724 276.7787 -11.5881 -73.651777
-102.4856 276.8416 -11.2384 -73.651663
-104.2435 277.0799 -11.3594 -73.651565
-105.8758 277.7134 -11.5089 -73.651482
-106.978 278.2571 -10.6069 -73.651415
-108.7214 278.4008 -10.5748 -73.651364
-110.1714 278.7473 -11.3411 -73.65133
-111.6618 279.6815 -11.4564 -73.651313
-21.5015 253.5088 -73.309 -73.693462
-22.5942 254.3623 -72.684 -73.693341
-23.4363 255.5756 -72.2611 -73.69323
-23.7952 256.2196 -73.6016 -73.693131
-24.1958 256.9175 -74.8973 -73.693043
-24.5102 257.2028 -76.431 -73.692966
-25.2575 257.9568 -77.5755 -73.692902
-25.9832 258.9049 -78.6121 -73.69285
-26.7351 259.8964 -79.3372 -73.69281
-27.7754 261.0706 -79.3699 -73.692784
-28.1276 262.1418 -78.3341 -73.69277
-14.415 228.9869 -63.4499 -73.705642
-16.1331 229.4489 -63.5343 -73.705169
-17.7421 230.1331 -63.7219 -73.704701
-19.4067 230.7023 -63.8399 -73.704237
-20.8995 231.6241 -63.8754 -73.703778
-22.4197 232.5434 -63.927 -73.703324
-23.9779 232.9794 -64.5409 -73.702875
-25.5926 233.2447 -65.0739 -73.702429
-27.3372 233.3731 -65.393 -73.70199
-29.108 233.4677 -65.4659 -73.701555
-30.8642 233.5427 -65.402 -73.701125
-32.3482 234.4256 -65.4518 -73.700701
-33.9347 234.8444 -64.9779 -73.700282
-35.6107 235.0483 -64.5372 -73.699869
-37.2988 235.2219 -64.5195 -73.699461
-38.3854 235.5894 -65.5655 -73.699059
-39.1438 235.7555 -64.0699 -73.698662
-40.4342 236.3585 -64.9633 -73.698272
-41.6538 237.408 -65.4996 -73.697888
-43.3197 237.9738 -65.7908 -73.697512
-45.0712 238.2644 -65.9288 -73.697142
-46.7994 238.6788 -65.9135 -73.69678
-48.5481 238.9796 -65.7557 -73.696424
-50.2593 239.3638 -65.4708 -73.696077
-51.9541 239.818 -65.3779 -73.695736
-53.6581 240.3081 -65.5616 -73.695404
-55.3649 240.7618 -65.7517 -73.69508
-56.9242 241.5359 -65.9538 -73.694764
-58.6438 241.8319 -66.2728 -73.694457
-59.9936 242.7156 -66.7405 -73.694159
-60.984 243.7818 -67.5294 -73.693869
-62.0855 245.146 -67.6347 -73.693589
-62.592 246.8516 -67.5474 -73.693318
-63.6958 248.1812 -67.3534 -73.693057
-65.3602 248.1365 -67.1819 -73.692806
-66.6185 247.2528 -66.7907 -73.692566
-68.2827 246.701 -66.9975 -73.692334
-69.0056 246.5375 -67.1182 -73.692115
-69.4149 247.1923 -66.2178 -73.691906
-70.5685 248.2104 -65.6787 -73.691709
-72.1021 248.9573 -65.1628 -73.691523
-73.5226 249.8734 -64.6789 -73.69135
-74.9049 250.917 -64.2744 -73.691189
-76.1941 252.0464 -63.8017 -73.691041
-77.6751 252.694 -63.2164 -73.690906
-78.9054 253.7897 -63.1101 -73.690785
-80.0531 255.1107 -63.1909 -73.690678
-81.4092 256.2087 -63.4316 -73.690585
-83.1166 256.5971 -63.7243 -73.690507
-84.8053 256.9649 -63.8465 -73.690443
-86.3232 257.8036 -63.7447 -73.690395
-88.0463 257.7843 -63.4146 -73.690363
-89.5568 258.6367 -63.0658 -73.690346
-79.8558 209.6969 -1.6956 -73.709609
-80.9345 210.9313 -0.8747 -73.709101
-81.8718 212.3265 -0.0936 -73.708597
-83.0145 213.649 0.4105 -73.708095
-83.35 215.4299 0.5242 -73.707595
-84.7236 216.0877 0.5245 -73.707099
-85.8365 216.8501 1.5461 -73.706604
-86.4751 218.3432 2.3648 -73.706113
-87.6889 219.3419 3.0091 -73.705626
-89.3832 219.625 3.5112 -73.705143
-90.5679 220.9942 3.9392 -73.704663
-91.9993 222.1339 4.2769 -73.704187
-93.1066 223.0567 5.3451 -73.703713
-94.2451 224.3484 6.04 -73.703243
-95.1955 225.7846 6.6504 -73.702778
-96.1469 227.1811 6.1703 -73.702317
-97.5307 228.1499 5.5656 -73.701859
-97.6555 229.6726 4.5217 -73.701404
-98.2632 230.7709 4.9578 -73.700953
-99.4213 231.1534 5.7424 -73.700507
-100.7458 231.4122 4.7237 -73.700065
-101.8502 232.6408 4.2535 -73.699628
-103.1436 233.9354 4.0273 -73.699196
-104.4921 234.4164 4.8558 -73.698768
-105.6117 233.6885 5.7966 -73.698343
-106.7274 232.3194 6.4016 -73.697919
-107.441 230.7522 6.8747 -73.697506
-107.4488 229.0255 7.5014 -73.6971
-107.9411 227.3511 8.131 -73.696699
-107.0902 226.8712 8.9862 -73.696305
-106.1496 226.513 10.1833 -73.695911
-105.9516 226.2598 12.0223 -73.695523
-105.4787 225.2922 12.0054 -73.695145
-105.2249 224.5846 10.2988 -73.694772
-104.7784 223.6625 9.5999 -73.694408
-104.7066 222.6921 11.0296 -73.69405
-105.026 220.965 11.6033 -73.6937
-104.6066 219.9029 12.8153 -73.693357
-103.3942 219.8352 14.0764 -73.693021
-104.3073 219.9043 13.553 -73.692693
-105.885 218.9419 13.3792 -73.692373
-107.2676 218.4747 12.6842 -73.692061
-108.1193 218.5469 11.0406 -73.691757
-108.3962 219.4541 11.7193 -73.691461
-109.0143 219.6825 13.4653 -73.691173
-109.7221 219.9831 15.1561 -73.690896
-110.6667 219.9703 16.4989 -73.690629
-112.0003 218.9022 16.8845 -73.690371
-113.4433 217.9794 16.4775 -73.690124
-114.7081 217.1333 15.6968 -73.689887
-115.2947 216.7255 13.9743 -73.689659
-115.5962 216.7912 12.1637 -73.689441
-115.7677 217.1126 10.3327 -73.689234
-115.4309 217.0746 11.1227 -73.68904
-116.1181 217.6962 12.116 -73.688852
-117.3855 218.3763 13.3061 -73.688679
-118.8798 218.8959 14.099 -73.688521
-120.5533 219.5755 14.5055 -73.688375
-122.3465 220.0233 14.7431 -73.688243
-124.1585 220.1151 14.949 -73.688124
-125.565 221.2324 14.8597 -73.688018
-126.6064 222.7478 14.7267 -73.687927
-127.1945 224.5052 14.537 -73.68785
-127.9351 226.1832 14.2547 -73.687788
-129.0224 227.5634 14.5865 -73.68774
-130.1181 229.0198 14.5982 -73.687708
-131.2201 230.4645 14.2522 -73.687692
47.5528 -96.076 13.5667 -72.408131
47.0015 -95.2803 13.5986 -72.408221
46.7344 -94.3274 13.6342 -72.408266
27.7081 -94.2683 18.8592 -72.381327
26.226 -93.6204 19.8024 -72.38188
24.7439 -92.9726 20.7456 -72.382295
23.2618 -92.3248 21.6888 -72.382574
23.8038 -92.3745 21.7835 -72.382713
54.7481 -88.0637 17.871 -72.434209
97.3169 -66.6493 31.3652 -72.491262
99.3506 -67.4491 30.897 -72.492696
101.3843 -68.2489 30.4289 -72.493895
103.4181 -69.0488 29.9607 -72.494858
105.4518 -69.8486 29.4925 -72.495583
104.935 -70.7499 28.9784 -72.496068
104.6139 -70.6388 26.7694 -72.496312
96.937 -66.473 30.8282 -72.490516
44.0154 -65.7095 15.6069 -72.504744
44.0102 -66.3692 14.8486 -72.504815
44.1586 -67.2141 14.3402 -72.50485
-4.665 -9.0685 -0.0051 -73.387716
-3.3078 -10.3003 -0.0154 -73.353942
-1.9532 -11.5348 -0.0257 -73.320184
-0.7426 -12.7803 -0.0459 -73.264062
0.4334 -13.9291 -0.0935 -73.18596
1.4466 -15.2471 -0.185 -73.108255
3.5554 -27.7322 1.4257 -72.993649
8.6107 -41.3653 6.7974 -72.887853
22.8794 -62.2772 10.5055 -72.652493
26.4745 -64.8588 13.9793 -72.617669
29.0535 -67.1183 14.3116 -72.594962
42.1418 -73.5431 16.2509 -72.513199
47.2069 -85.1931 18.1557 -72.446948
44.6639 -89.9679 15.7857 -72.422078
47.7449 -96.3203 13.6398 -72.409175
78.4149 -177.3628 14.5582 -72.290802
95.2227 -265.7699 17.0719 -72.198476
48.1056 -320.1106 18.1187 -72.129375
-10.9476 -383.6056 22.9817 -72.081542
-40.36 -432.7473 17.7175 -72.053449
28.7834 -94.5812 17.274 -72.384013
14.3097 -106.6143 20.8227 -72.355714
2.7577 -126.0427 26.0848 -72.334831
-45.0792 -189.1405 27.4734 -72.296004
30.9775 -170.2053 31.4202 -72.325109
28.3969 -94.5693 18.0599 -72.381549
-40.2348 -104.2908 -5.8163 -72.318355
-111.9958 -139.102 2.509 -72.281806
54.6562 -87.9717 17.7384 -72.435085
111.8824 -135.9529 29.1893 -72.346259
164.8572 -185.7356 20.1853 -72.28508
213.7243 -226.7876 32.011 -72.249833
43.9697 -65.4565 15.7766 -72.505065
45.5333 -62.1584 17.8534 -72.502486
96.2419 -66.2233 31.6259 -72.490425
2.1326 -22.0656 -2.5814 -73.03368
6.2653 -35.3706 6.4938 -72.940419
8.3143 -40.7868 6.7183 -72.845055
15.4942 -50.7521 4.9673 -72.769102
19.5156 -57.7327 7.1557 -72.693968
24.2121 -63.3654 12.9105 -72.635056
27.7984 -65.9637 14.1964 -72.60625
35.2991 -71.3414 15.5234 -72.553966
45.9552 -78.4006 18.2802 -72.479477
45.9541 -87.9136 17.638 -72.434312
46.0845 -93.1486 14.7482 -72.414783
52.1518 -103.9606 11.3242 -72.395138
58.8833 -119.603 12.0998 -72.370307
62.6461 -133.0235 18.7767 -72.346539
68.7987 -150.479 18.27 -72.323821
75.478 -168.4071 16.0379 -72.302112
80.7201 -186.7623 13.7215 -72.279695
86.0397 -202.1519 18.4658 -72.260181
88.9594 -219.8372 14.0604 -72.241599
92.3483 -238.1707 14.3683 -72.223938
94.4112 -256.1543 16.5595 -72.207163
95.282 -267.4858 16.3224 -72.189989
95.3059 -280.3632 10.9397 -72.175182
82.392 -291.8157 13.1552 -72.161207
66.6134 -301.8126 13.5179 -72.148056
55.8832 -314.8401 17.1156 -72.135702
42.621 -325.3136 19.0805 -72.123265
32.9705 -340.7608 23.6528 -72.112745
23.9361 -354.8041 21.203 -72.10298
9.6225 -366.7531 22.7517 -72.093969
-4.6074 -378.3071 21.4152 -72.085688
-16.9731 -389.755 18.9726 -72.077607
-27.5688 -401.1213 14.9527 -72.071029
-39.573 -411.7299 14.9204 -72.065157
-40.6381 -420.4638 25.2112 -72.059999
-40.4069 -426.6412 14.8914 -72.055534
-41.6738 -434.0686 12.5022 -72.051591
-35.1298 -447.795 10.0223 -72.0488
-30.511 -455.7937 6.7671 -72.046691
-26.4654 -460.7911 2.4423 -72.045281
-24.2919 -464.5784 0.2402 -72.044575
37.1249 -94.0849 14.9718 -72.402278
20.7736 -99.7756 22.2184 -72.369235
11.0172 -108.5614 18.7473 -72.351331
5.909 -113.1292 24.1737 -72.344707
4.7649 -121.3499 27.2758 -72.338349
-3.9067 -133.7894 26.1237 -72.329326
-16.2236 -149.0836 26.7198 -72.320194
-17.7909 -159.6216 22.5822 -72.312072
-30.8645 -168.2845 21.4997 -72.304958
-40.3768 -181.2163 24.3391 -72.298832
-50.8898 -195.8899 27.7601 -72.293402
-59.8432 -207.2909 27.0024 -72.289521
-63.453 -209.2381 15.4152 -72.286595
-64.2909 -212.4765 11.1044 -72.284641
-69.7086 -217.4653 14.9612 -72.283663
-1.3141 -131.2728 34.9295 -72.333805
15.7442 -115.5027 24.1983 -72.350558
21.9499 -133.9863 25.1312 -72.343108
26.8898 -147.4387 25.6301 -72.336688
28.6429 -155.1273 32.7495 -72.331302
28.6017 -167.7997 33.6747 -72.326934
33.7647 -170.9041 21.6446 -72.323392
35.3986 -176.6564 11.4651 -72.321213
39.8278 -180.409 -7.3747 -72.320116
28.4843 -94.572 17.6083 -72.382278
24.075 -93.3058 9.4058 -72.373487
15.5128 -90.8025 -8.4542 -72.359499
-0.0475 -89.6597 -13.0268 -72.346555
-13.9393 -94.7328 -4.0497 -72.334651
-31.0534 -101.5497 -4.3571 -72.323764
-48.3446 -108.1087 -4.4853 -72.313138
-60.3769 -111.0796 -1.1234 -72.304484
-77.9711 -113.5102 3.296 -72.296814
-92.0999 -121.9743 4.6219 -72.290132
-105.6825 -132.44 0.8972 -72.28442
-119.8735 -141.3568 5.959 -72.279561
-132.8113 -151.1601 6.979 -72.276227
-147.2952 -155.5423 4.0924 -72.273712
-153.368 -158.2725 7.6335 -72.272032
-168.793 -159.6906 7.6228 -72.271191
50.8433 -86.5895 17.9535 -72.439863
61.2357 -92.3404 14.5899 -72.424151
72.1897 -102.125 21.0158 -72.405072
85.4059 -115.7278 22.6939 -72.387084
96.1046 -123.0147 27.5352 -72.370184
106.3877 -128.7142 28.8233 -72.354343
119.3522 -141.0891 32.8119 -72.338382
133.3865 -151.0456 27.4274 -72.324864
140.4642 -156.8554 25.7903 -72.312352
152.3124 -169.1266 29.8767 -72.300843
161.5491 -182.1636 26.4505 -72.290314
167.3763 -187.9265 20.8501 -72.28006
178.0174 -198.4202 27.7655 -72.271725
190.5879 -201.853 17.5881 -72.264328
198.4764 -209.0366 23.2285 -72.257874
206.4978 -222.3967 29.9785 -72.252343
216.4485 -231.2363 29.6641 -72.247606
219.3592 -241.6667 28.5636 -72.244258
217.6919 -257.4839 32.1794 -72.241733
212.7961 -271.781 39.8533 -72.240045
208.8344 -287.7139 39.3838 -72.2392
43.1478 -69.6198 16.0595 -72.507227
45.0982 -63.5211 16.1223 -72.503708
50.7937 -61.6079 11.0465 -72.499929
63.7547 -58.5312 9.7712 -72.496185
75.049 -60.4617 16.3877 -72.49335
83.0968 -60.7333 25.9161 -72.491438
91.3447 -63.64 26.8113 -72.490455
106.4082 -69.1292 24.6495 -72.487498
123.1559 -72.5629 28.9251 -72.483593
143.1961 -75.9244 28.8652 -72.481641
46.1286 -55.224 14.5026 -72.500674
37.6417 -45.2763 18.4222 -72.498559
22.8448 -43.0894 21.8828 -72.497494
