-0.8015 -1.2678 -0 -71.438088
-3.2062 -5.0715 -0 -71.449699
-5.0765 -8.0299 -0 -71.457569
-6.4123 -10.1429 0.0262 -71.460345
-8.0143 -12.677 0.1283 -71.464586
-8.8146 -13.9429 0.1666 -71.46777
-8.2187 -14.5214 0.2948 -71.471063
-8.7411 -16.3672 0.5247 -71.479882
-10.0309 -17.8905 1.1419 -71.491128
-11.386 -19.3222 1.89 -71.502021
-12.7254 -20.8552 2.392 -71.512286
-14.0432 -22.4116 2.6217 -71.524519
-14.6972 -24.3185 2.0715 -71.539407
-15.5306 -26.234 2.0482 -71.555625
-16.1094 -27.8038 2.3068 -71.569553
-14.7796 -28.9827 3.1257 -71.581093
-13.6062 -30.5844 3.6202 -71.592695
-12.2537 -32.1091 3.9089 -71.604334
-11.1222 -33.7683 4.2796 -71.616041
-10.1932 -35.2295 5.196 -71.62779
-9.3619 -36.7283 6.3117 -71.639606
-8.5851 -38.2492 7.4144 -71.651456
-7.5935 -39.8435 8.2499 -71.663352
-6.8916 -41.4349 9.2193 -71.675358
-6.2727 -43.3267 9.6108 -71.687384
-5.7427 -44.6215 10.9758 -71.699532
-5.2774 -45.3085 12.8612 -71.711735
-4.5701 -46.2857 12.7646 -71.723972
-3.9187 -47.0128 11.0346 -71.736291
-3.487 -47.3534 9.0584 -71.748713
-3.1601 -48.3203 10.2056 -71.761201
-2.5906 -49.7167 11.29 -71.773616
-2.064 -51.2649 10.2609 -71.78612
-1.9023 -53.0628 10.2828 -71.798662
-1.2374 -53.7481 8.8883 -71.811351
-0.2338 -55.4757 8.438 -71.824031
0.9268 -57.1391 8.1846 -71.836764
2.1659 -58.7648 8.26 -71.849554
2.7966 -60.3652 9.2072 -71.862427
3.5606 -62.0815 8.7826 -71.875353
4.1051 -63.9769 8.2533 -71.88837
4.7728 -65.8913 8.0534 -71.901411
5.555 -67.7898 8.1794 -71.914498
5.4215 -69.7319 8.5591 -71.927636
5.3722 -71.1779 9.39 -71.940878
6.6015 -72.8224 9.4344 -71.954157
7.9091 -74.3345 9.4579 -71.967508
9.1469 -75.9691 9.4502 -71.980913
10.0298 -77.8076 9.4917 -71.994357
10.7723 -79.6982 9.5101 -72.007885
12.3735 -80.8411 9.4583 -72.021448
13.4145 -82.6176 9.4397 -72.035083
14.1594 -84.5026 9.6273 -72.048791
14.908 -86.352 10.0263 -72.062553
15.6285 -88.1574 10.421 -72.076366
16.2688 -90.0988 10.1972 -72.090258
16.8061 -92.0324 10.2983 -72.104185
18.0591 -93.5211 10.9131 -72.118176
19.0692 -95.1762 11.592 -72.132221
20.0514 -96.8019 12.3554 -72.14631
20.7986 -98.4251 13.1509 -72.160481
22.3425 -99.643 13.6764 -72.174704
23.1324 -101.4525 13.8694 -72.188981
24.2278 -103.1764 13.8286 -72.203326
25.7948 -104.4654 13.8973 -72.217713
27.3532 -105.7951 13.951 -72.232142
28.4996 -107.4233 13.9547 -72.246643
30.0108 -108.56 13.6639 -72.261208
31.1081 -108.6091 12.0588 -72.276077
29.9694 -109.9097 10.9348 -72.292115
28.8308 -111.2104 9.8109 -72.307812
27.6922 -112.511 8.6869 -72.323169
26.8377 -113.4766 7.7017 -72.338382
28.1153 -111.9666 8.2837 -72.354552
29.3929 -110.4565 8.8658 -72.370366
30.6706 -108.9464 9.4479 -72.385825
31.1787 -108.9746 10.7509 -72.401444
31.0798 -109.3078 12.7833 -72.417155
31.1974 -110.3892 14.0207 -72.432622
31.8589 -112.2436 14.4776 -72.448048
32.2207 -114.0808 14.8897 -72.463535
32.3754 -116.0895 14.7382 -72.479068
33.2282 -117.7627 14.1097 -72.494655
34.0263 -119.6079 13.7086 -72.510276
34.4263 -121.5938 13.4703 -72.52594
34.6735 -123.5948 13.4834 -72.541638
34.4631 -125.6138 13.6554 -72.557365
35.477 -127.1975 13.9548 -72.573092
36.4488 -128.3733 14.9241 -72.588947
36.0423 -130.1872 15.3722 -72.604907
35.1621 -131.5518 15.4371 -72.620825
35.6418 -129.8523 14.8263 -72.636656
35.0348 -128.0619 14.2107 -72.652518
35.5446 -129.8444 14.1534 -72.668412
35.6291 -131.8577 14.0497 -72.684279
34.8485 -133.6181 13.7199 -72.70013
34.2995 -135.3089 12.7219 -72.715978
33.9891 -137.2127 12.2496 -72.731784
34.6951 -139.1364 12.158 -72.747558
34.4342 -141.0719 12.4762 -72.763288
34.9496 -142.8915 13.1328 -72.779017
35.1207 -144.6736 12.8365 -72.79466
36.0553 -146.4708 12.5635 -72.810237
36.5162 -147.9232 11.2272 -72.825822
37.0821 -149.6924 10.5935 -72.841233
38.1845 -151.3675 10.8233 -72.856545
38.9786 -152.5573 11.4668 -72.871782
38.5512 -154.4927 11.7745 -72.886969
38.9845 -156.4817 12.0272 -72.902054
38.8087 -158.4686 12.102 -72.916958
39.4316 -160.3993 12.1561 -72.931688
40.017 -162.1492 11.7738 -72.946267
39.9044 -164.0643 11.3068 -72.96061
40.4166 -165.9089 10.6066 -72.974753
41.3853 -167.5493 10.7632 -72.98862
42.1247 -169.1267 11.6727 -73.00223
42.1485 -170.8263 12.6221 -73.015568
41.2541 -172.1527 13.7028 -73.028533
41.3329 -173.6405 14.3131 -73.041152
41.6008 -174.8677 12.6805 -73.053424
41.8738 -176.7997 12.275 -73.065218
42.7438 -178.5456 11.9564 -73.076537
43.2439 -180.4578 12.0397 -73.087344
43.3656 -182.4295 12.4106 -73.097619
43.6747 -184.2146 13.2717 -73.107318
44.1736 -186.1236 13.8383 -73.116353
44.3535 -187.9066 14.7675 -73.12472
44.8726 -189.5685 15.6922 -73.132357
45.4404 -191.1005 14.5715 -73.139215
46.1386 -192.9259 14.1459 -73.145233
46.6287 -194.8895 13.783 -73.150367
47.9055 -196.4354 13.3908 -73.154574
49.0241 -197.9564 13.467 -73.157804
49.8322 -199.3762 13.2319 -73.160009
51.04 -200.3986 12.0409 -73.161135
-16.8109 -27.3553 2.8101 -71.568417
-17.497 -28.3029 4.2038 -71.577491
-18.1984 -29.271 5.5067 -71.586366
-18.2577 -29.3412 3.7473 -71.596723
-18.2679 -29.344 1.9276 -71.60686
-18.2781 -29.3467 0.108 -71.616751
-18.2883 -29.3494 -1.7116 -71.626393
-18.2985 -29.3522 -3.5313 -71.635784
-18.8534 -30.5664 -3.9808 -71.645058
-18.8107 -32.318 -3.8597 -71.654427
-19.3066 -34.0554 -3.7456 -71.663842
-18.9488 -34.5418 -2.2544 -71.673359
-18.3075 -35.7012 -1.0566 -71.682942
-18.003 -37.2922 -0.254 -71.69256
-17.2153 -38.7422 0.5062 -71.70223
-17.2992 -40.1694 1.5541 -71.71197
-17.1185 -41.7267 2.3954 -71.721786
-17.083 -42.8762 3.6698 -71.731711
-17.3639 -44.4413 4.545 -71.741674
-18.2212 -45.6938 5.2818 -71.751641
-18.9632 -46.7735 4.1464 -71.761685
-19.2427 -47.6114 2.5633 -71.771859
-19.7572 -49.1601 2.2576 -71.781995
-20.0441 -50.8741 2.5491 -71.792167
-20.3286 -52.4364 3.2684 -71.802369
-19.8077 -53.8024 3.6098 -71.812638
-19.2008 -54.6661 2.2731 -71.823022
-18.7221 -56.0354 2.9434 -71.833471
-18.7365 -56.729 4.1896 -71.843936
-18.8997 -58.1413 5.2798 -71.854393
-18.8149 -59.8936 5.7078 -71.864847
-18.9822 -61.072 7.0484 -71.875362
-19.3934 -62.5349 8.0119 -71.885814
-19.547 -63.8484 9.0694 -71.896325
-19.5772 -65.5723 8.63 -71.906746
-19.258 -67.3139 8.3405 -71.917149
-19.7508 -69.0603 8.364 -71.927485
-19.9946 -70.8175 8.7102 -71.93781
-19.8037 -72.5539 9.1873 -71.948071
-19.7201 -74.3251 9.5635 -71.958271
-20.2567 -75.9938 9.7611 -71.968386
-19.7758 -77.7066 9.8918 -71.978406
-19.8692 -79.394 10.0722 -71.988303
-20.6153 -80.6503 10.7965 -71.998064
-20.8101 -82.0334 11.1362 -72.007636
-21.8468 -83.2751 10.5156 -72.017026
-22.3598 -84.646 11.4203 -72.026209
-22.8139 -86.2646 12.0203 -72.035161
-22.9433 -87.4114 13.1988 -72.043919
-23.2601 -88.7922 14.1473 -72.052344
-23.5187 -90.5915 14.1567 -72.060394
-23.7693 -92.3875 14.2837 -72.068075
-23.9193 -94.161 14.5659 -72.075364
-24.765 -95.4177 14.2775 -72.082212
-25.6946 -96.5629 13.7452 -72.088569
-26.3361 -98.2508 13.7081 -72.094402
-26.22 -99.6251 14.4174 -72.099754
-26.029 -100.2322 16.1217 -72.104476
-25.98 -100.9366 17.7977 -72.108539
-26.1774 -101.1961 19.58 -72.111996
-26.4133 -101.3806 21.3748 -72.114594
-26.5757 -102.9017 22.0388 -72.116342
-26.565 -104.1061 22.8298 -72.117245
-10.4886 -18.1238 0.6694 -71.500408
-10.4015 -18.057 0.4643 -71.507101
-11.3637 -19.3353 1.4826 -71.515154
-12.4409 -20.4928 2.3203 -71.524698
-13.7335 -21.882 2.6066 -71.535077
-14.3525 -23.4451 1.6476 -71.545557
-14.7639 -24.7529 0.4153 -71.5561
-15.0123 -25.6795 -1.2982 -71.566744
-14.7483 -27.3027 -2.2341 -71.577438
-14.1682 -28.7546 -3.3613 -71.588238
-14.1335 -30.3237 -2.5621 -71.599117
-14.176 -32.0715 -1.7097 -71.610045
-14.076 -33.7889 -0.9359 -71.621042
-13.8862 -35.6563 -1.4771 -71.632102
-13.5408 -37.5381 -1.8551 -71.643224
-12.9254 -39.3671 -2.0095 -71.654441
-12.8947 -41.2639 -2.5483 -71.665707
-12.5093 -43.0891 -2.3969 -71.67704
-11.8636 -44.7358 -1.5183 -71.688502
-11.3409 -46.4019 -0.6056 -71.700025
-11.0233 -47.5467 0.9658 -71.711687
-10.5913 -48.4457 2.6789 -71.723347
-10.1405 -50.0833 3.3431 -71.735049
-10.2934 -51.7904 2.9275 -71.746824
-10.88 -52.8858 1.4404 -71.758725
-11.0363 -54.4811 1.7038 -71.770636
-11.1458 -56.3254 2.378 -71.78263
-10.357 -57.7555 3.4384 -71.794697
-10.1358 -58.8326 4.9901 -71.806846
-10.3077 -60.6124 5.6598 -71.819076
-11.2813 -62.2927 6.0116 -71.831362
-11.7958 -64.1934 6.181 -71.843707
-12.4342 -66.0517 6.3974 -71.856148
-11.9522 -67.7789 6.8906 -71.868672
-11.6762 -69.0382 8.2561 -71.881264
-11.713 -70.0381 9.9612 -71.893916
-11.8555 -70.9146 11.6774 -71.90673
-12.8132 -71.5235 13.2459 -71.91955
-13.5753 -72.2336 12.7301 -71.932453
-14.1638 -73.7043 11.8882 -71.945412
-14.4131 -75.2707 10.815 -71.958422
-13.5782 -77.0011 10.3425 -71.971517
-13.3259 -78.9499 10.1371 -71.984683
-13.3622 -80.9141 10.3308 -71.997892
-14.2376 -82.5066 10.9807 -72.011145
-14.7845 -84.1023 11.9265 -72.024489
-15.3519 -85.4422 12.6525 -72.037909
-15.7865 -86.6616 12.098 -72.051412
-16.5522 -87.7496 13.5364 -72.064966
-17.1687 -89.5648 13.8022 -72.078543
-18.2162 -91.1682 13.885 -72.092181
-19.5493 -92.634 13.9514 -72.105865
-20.3209 -94.4426 13.8656 -72.119607
-21.0095 -96.2837 13.6721 -72.133389
-21.3384 -97.8523 13.9673 -72.14736
-21.6939 -97.8965 15.9193 -72.161532
-22.3276 -98.0602 17.7316 -72.175547
-21.887 -98.9874 16.7979 -72.189728
-22.8153 -99.7306 15.3374 -72.203763
-24.3779 -100.6691 14.7056 -72.217795
-24.3457 -102.6276 14.3888 -72.231801
-24.5768 -104.5617 14.2213 -72.245799
-24.8282 -106.5067 14.2205 -72.259801
-25.0574 -108.4614 14.1941 -72.27377
-25.5558 -110.3378 14.0236 -72.287728
-26.9412 -111.6652 13.5497 -72.301654
-27.6548 -113.1993 12.651 -72.315518
-27.9593 -114.1646 11.0361 -72.329496
-28.3565 -115.3746 10.0919 -72.343189
-29.1471 -116.4978 9.0352 -72.35687
-29.5399 -117.0458 7.1689 -72.370563
-29.9596 -117.6548 5.3281 -72.384034
-30.9613 -118.935 4.5188 -72.397274
-32.1435 -120.2324 4.6581 -72.410376
-32.9363 -121.0473 6.2793 -72.42333
-33.621 -122.2206 7.5953 -72.436028
-33.9105 -123.585 8.7937 -72.44851
-34.4873 -124.3869 10.3397 -72.46072
-35.0405 -125.7656 11.4307 -72.472585
-34.701 -127.6323 11.772 -72.48412
-35.3063 -129.4991 11.9181 -72.495298
-35.9903 -131.3268 11.7835 -72.506058
-37.6819 -132.1342 11.31 -72.516369
-38.5009 -133.4806 10.3217 -72.526198
-38.4967 -134.7419 8.9782 -72.535538
-39.2613 -136.1191 9.0235 -72.544254
-39.6486 -137.8732 9.0943 -72.552338
-40.3927 -139.5578 8.4232 -72.559723
-41.3357 -141.2284 8.0319 -72.566368
-41.7461 -143.1332 7.6854 -72.572234
-42.0138 -145.0056 7.4829 -72.577251
-41.9887 -146.6225 8.5512 -72.581385
-43.1363 -148.1444 8.915 -72.584552
-43.8626 -149.8828 8.3731 -72.586722
-44.926 -151.4033 7.7386 -72.587834
-9.353 -14.8211 0.2731 -71.472856
-11.0559 -15.5864 0.7158 -71.482008
-12.8605 -15.9487 1.177 -71.493331
-14.323 -16.6873 2.6356 -71.514358
-15.6273 -17.7486 4.2904 -71.532011
-16.5612 -19.3299 4.837 -71.539983
-17.0333 -20.2944 6.2453 -71.548966
-17.8874 -21.5361 7.3823 -71.558214
-18.8508 -22.9769 8.1796 -71.567505
-19.5099 -24.5801 8.9543 -71.576884
-19.7318 -25.6734 10.3712 -71.586398
-19.6375 -26.5275 11.987 -71.59604
-20.9183 -27.5166 12.4491 -71.605675
-21.2964 -29.0814 13.3143 -71.615406
-21.83 -30.7644 14.0149 -71.625221
-22.4092 -32.288 14.7504 -71.635121
-23.1716 -32.8787 16.4102 -71.645209
-23.4458 -33.3976 17.1662 -71.655237
-23.9797 -35.1098 17.8018 -71.665367
-25.2888 -36.4276 18.1128 -71.675552
-26.4013 -37.9363 18.2431 -71.685789
-27.2908 -39.5473 18.3867 -71.696114
-28.9068 -40.2841 18.3568 -71.706512
-28.8386 -41.8551 18.071 -71.71698
-30.0593 -43.3052 18.0707 -71.727511
-30.6546 -44.9959 18.2212 -71.738143
-31.4097 -46.5757 18.3297 -71.748836
-32.6885 -47.8644 18.2798 -71.759592
-33.6705 -49.4532 18.3794 -71.770367
-34.3435 -51.1833 18.7706 -71.781209
-35.0428 -52.643 19.7515 -71.792126
-35.9334 -53.9164 20.8542 -71.803071
-36.4958 -55.5633 21.6175 -71.814047
-37.1515 -57.2664 22.1901 -71.825053
-37.503 -58.9135 22.7742 -71.836156
-37.2767 -60.629 23.5408 -71.847312
-38.3487 -62.1152 24.0868 -71.858448
-38.7835 -63.8894 24.6417 -71.869606
-39.0307 -65.5698 25.4324 -71.88077
-39.2448 -67.4312 25.7075 -71.891977
-39.4113 -69.2406 26.1323 -71.903162
-38.2265 -70.1613 27.1367 -71.914355
-37.9293 -71.6381 28.1838 -71.925592
-36.7386 -72.8721 28.5562 -71.936768
-35.4143 -74.1273 28.8617 -71.947893
-33.8413 -75.1427 29.2839 -71.959233
-32.9832 -76.7229 29.5771 -71.970291
-33.6399 -75.092 29.1649 -71.981463
-33.1635 -76.3575 28.5144 -71.992488
-32.6394 -77.9449 29.3953 -72.003397
-31.5586 -79.4236 29.8926 -72.014375
-30.8094 -81.0765 30.3763 -72.025158
-31.5811 -82.6547 30.6865 -72.035641
-31.7168 -84.5489 30.8274 -72.045933
-31.5105 -86.4537 30.8357 -72.055984
-31.5377 -88.3667 30.7633 -72.065794
-31.4829 -90.279 30.6456 -72.075324
-31.9235 -92.1277 30.4947 -72.084523
-32.2806 -93.9944 30.2829 -72.09335
-33.2826 -95.4749 30.073 -72.101802
-34.2923 -96.3147 29.212 -72.109834
-33.7984 -97.5646 29.0456 -72.117426
-33.365 -98.5644 30.3242 -72.124526
-34.9529 -99.5888 30.5864 -72.131028
-35.3561 -101.2379 30.5528 -72.136925
-35.425 -102.1901 29.7785 -72.142167
-35.4381 -103.6106 30.0236 -72.146684
-35.4329 -104.9525 28.8355 -72.150407
-35.4888 -106.6151 28.0477 -72.153276
-35.1318 -108.0258 29.2064 -72.155262
-34.5346 -109.5447 30.0645 -72.156275
-15.445 -16.6758 3.4162 -71.532099
-17.1123 -16.5493 2.7023 -71.539948
-18.8242 -16.1183 2.2844 -71.548818
-20.5247 -15.3962 2.2003 -71.557869
-22.3116 -15.3473 2.4856 -71.56698
-24.0423 -14.9367 2.9859 -71.576216
-25.7912 -14.8802 3.5418 -71.585544
-27.6376 -14.8877 3.7424 -71.594936
-29.4617 -14.8882 3.7168 -71.604407
-31.2202 -15.3922 3.5297 -71.613993
-32.7539 -15.8243 2.9445 -71.62371
-34.0829 -16.2305 1.7975 -71.633476
-35.3566 -17.1047 0.7776 -71.643317
-36.7811 -17.3591 0.0703 -71.653191
-38.4049 -17.2529 0.8951 -71.66313
-40.1857 -16.9717 1.2216 -71.673157
-41.9745 -17.3706 1.348 -71.68326
-43.6645 -17.7288 1.1737 -71.693447
-45.1638 -16.9527 0.472 -71.70369
-46.3865 -16.2335 -0.6264 -71.714038
-48.1583 -16.038 -0.1893 -71.724468
-49.5586 -16.5997 0.7893 -71.734987
-50.6275 -17.7832 1.5574 -71.745546
-52.4581 -17.9497 1.6886 -71.756174
-54.2203 -17.8442 1.1278 -71.766866
-55.6575 -18.4041 0.1681 -71.777648
-57.139 -19.2179 -0.5793 -71.788496
-58.8775 -19.6978 -0.9928 -71.799393
-60.4992 -20.5497 -0.8751 -71.810325
-62.2699 -20.9516 -0.784 -71.821316
-63.9605 -21.4851 -1.2025 -71.832458
-65.769 -21.6468 -1.2364 -71.843573
-67.4074 -21.948 -2.0416 -71.854738
-69.2303 -22.0478 -2.2783 -71.865933
-71.0405 -22.3933 -2.2 -71.8772
-72.76 -22.6876 -1.8978 -71.888484
-74.4248 -22.1245 -1.3042 -71.899801
-75.468 -21.5676 0.0962 -71.911169
-76.805 -21.0117 0.8974 -71.92256
-78.6304 -21.1688 0.7939 -71.933899
-80.2126 -21.6023 1.4208 -71.945255
-81.9055 -21.4802 1.8938 -71.956597
-83.3789 -20.5725 2.4839 -71.967924
-84.8475 -20.092 3.3977 -71.979201
-85.8797 -19.4106 4.4732 -71.990485
-86.9877 -17.9771 4.3817 -72.001666
-88.4094 -16.917 4.436 -72.012765
-89.1332 -16.2863 5.8123 -72.023897
-89.6827 -16.0961 7.5766 -72.034891
-90.6073 -14.9923 8.5732 -72.045656
-91.6573 -14.5236 9.9347 -72.056257
-92.216 -13.6924 11.4126 -72.066778
-93.3323 -12.5367 11.3011 -72.076941
-94.3529 -11.3333 10.4637 -72.086873
-95.9243 -11.359 10.3327 -72.096521
-97.085 -12.6874 10.4076 -72.105858
-98.637 -11.9209 10.4364 -72.114843
-99.8512 -10.5582 10.1484 -72.123408
-101.1467 -9.2581 9.9913 -72.131562
-102.9108 -8.8466 10.0308 -72.139216
-104.2043 -7.6318 10.4372 -72.146309
-105.7848 -7.7377 11.2376 -72.152834
-107.5295 -7.7352 11.7584 -72.158718
-108.7114 -6.5165 12.2914 -72.163914
-108.6826 -5.013 12.9437 -72.168408
-109.4316 -4.9691 14.0337 -72.172108
-110.9911 -5.321 13.2911 -72.174957
-112.3812 -4.7789 12.2565 -72.176906
-113.4541 -4.4164 10.8172 -72.17791
-15.5545 -17.632 4.3033 -71.531632
-16.8149 -18.3686 5.0193 -71.538344
-18.1535 -17.7371 5.9254 -71.54602
-19.3957 -17.6568 7.1162 -71.553908
-20.6245 -17.4395 8.329 -71.561865
-21.4073 -17.0773 9.8446 -71.569961
-22.3291 -16.4593 11.1562 -71.578084
-23.7986 -16.4039 12.1053 -71.586287
-24.636 -16.4397 13.5353 -71.594662
-26.0492 -16.413 14.4153 -71.603014
-26.5091 -16.6788 16.0866 -71.611603
-27.6416 -17.5424 16.452 -71.620088
-28.9683 -17.6171 17.1518 -71.628637
-30.2529 -16.8642 18.0015 -71.637229
-31.8112 -16.9615 18.7079 -71.645927
-32.7125 -16.0015 17.8716 -71.654641
-33.9732 -15.3124 17.8919 -71.663421
-35.5154 -14.9405 18.541 -71.672253
-36.8148 -15.2621 19.6037 -71.681146
-38.1095 -15.3947 20.6532 -71.690039
-39.3709 -15.3085 20.5665 -71.699065
-39.9084 -15.4165 22.2463 -71.708201
-41.4898 -16.1032 22.568 -71.717202
-43.1935 -16.3081 22.9719 -71.726207
-44.8671 -16.1005 23.426 -71.735206
-46.5874 -16.255 23.8037 -71.744237
-48.2806 -16.146 24.1613 -71.753184
-49.8848 -15.6408 24.6252 -71.762119
-51.569 -15.5809 25.1077 -71.770985
-53.1934 -15.8717 25.7123 -71.77979
-54.8397 -16.0518 26.2602 -71.788551
-56.4663 -15.7486 26.8593 -71.797148
-57.6381 -14.8744 27.7621 -71.805621
-58.8394 -13.7889 28.4214 -71.813954
-60.1932 -13.1386 29.3328 -71.822161
-61.8304 -12.6017 29.6751 -71.830158
-63.5039 -12.1508 29.7076 -71.837916
-64.8861 -11.121 29.4315 -71.845444
-65.5954 -10.0293 28.2627 -71.852726
-66.3587 -9.069 29.1123 -71.859698
-67.3994 -7.9254 29.8988 -71.866331
-68.8854 -7.8686 29.963 -71.872581
-70.5505 -7.352 29.9726 -71.878405
-72.0497 -6.4284 30.0037 -71.883778
-73.5599 -5.5098 29.9785 -71.888656
-74.8786 -4.3323 29.9264 -71.893131
-76.2236 -3.1844 29.9023 -71.896862
-77.2186 -1.7362 29.9278 -71.899944
-78.2778 -0.5048 29.7779 -71.902323
-79.9939 -0.3567 29.5292 -71.90396
-81.6519 -0.1123 29.479 -71.904806
-15.2282 -17.1379 4 -71.52871
-15.8134 -17.8487 4 -71.529012
-16.4306 -18.5318 4 -71.529169
-13.8552 -16.3527 0.6773 -71.500269
-6.8126 -12.9962 0.0714 -71.466501
-5.8684 -15.48 0.0572 -71.474212
-5.4058 -18.0693 0.0621 -71.48411
-4.8048 -20.6622 0.1442 -71.496611
-4.2378 -23.1032 0.3354 -71.512184
-4.2185 -23.3173 3.0099 -71.537558
-4.1991 -23.5292 5.6846 -71.56315
-3.9404 -24.0329 8.0609 -71.588446
-2.9465 -26.4423 7.8893 -71.614158
-2.9898 -29.1239 7.9366 -71.640586
-2.8312 -31.7921 8.079 -71.6678
-2.7737 -34.4658 8.0848 -71.695824
-3.1335 -36.1267 6.8772 -71.725169
-2.9668 -36.5649 4.2354 -71.755426
-3.5563 -38.3842 2.8887 -71.786105
-4.3063 -40.3834 1.497 -71.817837
-4.1208 -42.6459 0.2252 -71.850453
-4.2362 -43.7827 0.8959 -71.876496
-3.8312 -43.4159 2.8085 -71.89496
-3.4263 -43.0492 4.7211 -71.913139
-3.0214 -42.6825 6.6338 -71.931033
-2.6164 -42.3158 8.5464 -71.948644
-2.2115 -41.949 10.459 -71.965973
-1.8006 -41.5642 12.3611 -71.983023
-1.0504 -39.8462 12.7392 -72.000499
0.1758 -38.6585 13.5417 -72.018124
1.5902 -38.0395 13.8599 -72.03626
3.2347 -39.0768 14.2093 -72.054573
3.2862 -40.8715 14.6526 -72.07326
3.0921 -42.2179 15.9515 -72.092283
3.289 -43.8273 17.0278 -72.111648
3.7676 -45.0577 18.3989 -72.131507
5.3853 -45.2551 17.5078 -72.151738
6.4565 -45.5185 16.2146 -72.172733
6.4601 -45.5688 14.2263 -72.194201
7.3041 -46.1013 15.3965 -72.215976
7.7212 -46.6728 17.2551 -72.238308
8.2906 -47.8462 18.7417 -72.26087
8.7291 -49.4862 19.2615 -72.277501
9.1255 -50.9461 19.7272 -72.287632
10.0364 -52.2198 19.9693 -72.297783
10.7133 -53.6545 20.0389 -72.307995
11.8089 -54.3454 19.5071 -72.318332
12.1976 -54.6669 17.9921 -72.32872
13.1099 -54.8336 16.8714 -72.339119
13.5838 -54.6626 15.3738 -72.350176
13.6588 -54.6533 13.7788 -72.362813
13.7337 -54.644 12.1838 -72.375104
13.8087 -54.6347 10.5888 -72.387047
13.8837 -54.6254 8.9938 -72.398639
13.9586 -54.6161 7.3988 -72.409878
14.0336 -54.6068 5.8038 -72.420763
14.1085 -54.5975 4.2088 -72.431292
14.1663 -54.5744 2.6132 -72.443024
14.2206 -54.5486 1.0176 -72.454834
14.2749 -54.5228 -0.5781 -72.466247
14.3293 -54.497 -2.1737 -72.477261
14.3836 -54.4712 -3.7694 -72.48787
14.4379 -54.4454 -5.365 -72.498073
13.7113 -55.8095 -5.5929 -72.508047
13.1825 -57.2536 -6.0072 -72.51793
12.9567 -58.7053 -6.561 -72.527691
12.6682 -60.0281 -7.37 -72.537312
12.3514 -61.5353 -7.7387 -72.546785
11.9771 -63.0578 -7.8716 -72.556078
11.7617 -64.6275 -7.7751 -72.565188
11.4655 -65.9109 -8.3481 -72.574101
11.6675 -66.9063 -9.5712 -72.582803
11.728 -68.3207 -9.6289 -72.591282
11.6975 -68.4625 -8.07 -72.59948
11.4235 -69.5735 -7.0162 -72.607329
11.1196 -70.8404 -6.109 -72.614856
11.0275 -71.8722 -4.9846 -72.622065
11.2426 -73.2528 -4.3725 -72.628891
10.7531 -74.6674 -3.9199 -72.635295
10.425 -76.2016 -3.7062 -72.641287
10.77 -77.7411 -3.6532 -72.64682
11.0786 -79.2552 -3.6604 -72.65185
11.425 -80.7723 -3.755 -72.65636
11.2996 -82.2807 -4.0128 -72.660312
11.9706 -83.6675 -4.3963 -72.66368
12.7118 -84.5829 -3.8154 -72.66647
13.1706 -85.4159 -2.5821 -72.668595
13.3664 -86.853 -1.9391 -72.670038
13.3682 -87.667 -0.8755 -72.670778
8.6263 -48.9248 19.7774 -72.277106
8.971 -49.5407 20.9869 -72.286385
9.2099 -51.0475 20.8184 -72.295662
10.0927 -52.2943 20.5532 -72.304917
10.6868 -53.724 20.4404 -72.314156
11.4461 -54.1517 19.6321 -72.32356
11.5442 -54.2966 18.1881 -72.332909
12.9332 -54.8812 18.406 -72.342144
13.2774 -55.294 19.8309 -72.351587
13.7729 -56.2787 20.5319 -72.360772
14.3885 -57.7019 20.5127 -72.369927
15.16 -59.0485 20.6431 -72.378998
15.6443 -60.0525 21.5504 -72.388046
16.2084 -60.988 22.5631 -72.397005
17.2577 -61.2039 23.519 -72.405828
18.4454 -61.8839 23.9975 -72.414518
19.1422 -63.2514 24.2481 -72.423097
19.671 -63.8624 25.3071 -72.431664
20.2623 -64.3588 26.3522 -72.439984
21.638 -65.0559 26.1487 -72.448085
22.7173 -66.1327 25.8633 -72.456468
23.7256 -67.2733 25.5197 -72.464482
24.6112 -68.47 25.1932 -72.472027
24.9681 -69.954 24.971 -72.479284
24.9964 -70.9802 24.2159 -72.486621
24.9684 -71.117 22.6615 -72.493964
24.9404 -71.2538 21.1072 -72.500773
24.9124 -71.3907 19.5528 -72.507041
24.8648 -71.4567 17.9963 -72.512831
24.9221 -71.7069 16.7213 -72.518207
25.4185 -72.6144 17.5247 -72.523274
25.5779 -72.8182 19.0637 -72.527952
25.6724 -73.1458 20.5059 -72.53204
25.5385 -73.7136 21.7923 -72.535744
25.5469 -73.9336 23.3373 -72.538922
25.5553 -74.1535 24.8823 -72.541457
26.4257 -75.2629 24.9859 -72.543379
26.2037 -76.801 24.991 -72.544693
26.3234 -78.3421 25.0702 -72.545363
-4.7208 -44.7161 -0.023 -71.872116
-5.1299 -46.1818 0.6944 -71.882155
-5.3697 -46.9913 2.259 -71.892301
-5.7718 -48.0995 3.5791 -71.902481
-6.3113 -49.4357 4.5711 -71.912766
-6.1052 -51.0319 5.3148 -71.923117
-5.9754 -52.7323 5.8136 -71.933539
-5.3005 -54.3124 6.0843 -71.944041
-5.5666 -55.9139 6.2159 -71.954627
-6.3626 -57.4622 6.4728 -71.965279
-7.4327 -58.7683 6.9386 -71.976014
-8.3123 -60.0607 7.6969 -71.986826
-9.2075 -61.5771 7.5449 -71.997668
-10.0182 -63.1512 7.7642 -72.008595
-10.4982 -64.8336 7.9938 -72.019561
-11.098 -66.494 8.2496 -72.030617
-11.5795 -68.0917 8.8213 -72.041731
-11.4778 -69.48 9.814 -72.052875
-11.3768 -70.9824 10.6772 -72.064105
-11.1615 -72.6665 10.9417 -72.075409
-11.9531 -74.0675 10.3517 -72.086758
-12.2253 -75.2856 9.1163 -72.098161
-12.386 -76.5528 7.8889 -72.109584
-12.4919 -77.8973 6.8778 -72.121083
-12.6418 -79.6702 6.7282 -72.132611
-12.8923 -81.2283 7.3625 -72.14419
-13.0636 -82.0267 8.8276 -72.155907
-12.8375 -83.2389 8.8894 -72.167556
-12.4716 -84.694 8.0205 -72.179263
-12.6797 -85.5671 7.0599 -72.191029
-12.5183 -84.1321 6.1622 -72.202902
-12.5292 -84.0813 7.3739 -72.214822
-11.895 -85.6688 7.8198 -72.226745
-11.5229 -87.2946 8.4116 -72.23866
-10.3324 -88.1124 9.2259 -72.250581
-10.675 -89.8262 9.467 -72.262543
-11.2148 -91.4903 9.7261 -72.274449
-11.4919 -93.2205 9.9224 -72.286324
-11.8689 -94.9605 9.9938 -72.2982
-12.2215 -96.7085 9.9892 -72.309994
-12.5548 -98.4528 9.9031 -72.321768
-13.101 -100.1246 9.6027 -72.333462
-13.6123 -101.6942 9.0552 -72.345105
-14.5178 -102.8115 8.0351 -72.356683
-14.732 -103.8321 6.6289 -72.368208
-14.736 -104.949 5.3416 -72.37965
-14.7897 -105.5564 3.6632 -72.390987
-14.9175 -106.1934 2.0059 -72.402158
-14.8119 -107.3154 0.66 -72.413049
-14.3904 -108.3157 -0.7477 -72.423815
-14.0768 -109.6227 -1.5126 -72.434292
-14.1581 -111.3783 -1.2027 -72.444537
-14.4574 -112.7137 -0.3129 -72.454567
-14.5581 -113.8268 1.0481 -72.464267
-14.5629 -114.7419 2.5821 -72.473701
-14.3372 -115.8187 3.9677 -72.482728
-14.0073 -116.8255 5.38 -72.491389
-13.5104 -118.0936 6.4955 -72.499615
-13.0668 -119.695 6.5246 -72.507387
-12.4966 -121.0534 5.5568 -72.51464
-12.0851 -122.6625 5.1356 -72.521367
-12.5004 -124.2153 4.474 -72.527529
-12.6759 -125.9354 4.076 -72.533047
-13.0189 -127.5669 3.9008 -72.537925
-13.6129 -129.2115 3.7998 -72.542087
-14.5095 -130.7248 3.617 -72.545499
-15.1909 -132.314 3.2206 -72.54812
-16.0458 -133.6469 2.4524 -72.54991
-17.0046 -135.0632 2.0492 -72.550826
-3.6471 -8.0538 -0.0157 -71.459899
-1.3228 -8.9468 -0.0471 -71.466263
0.9314 -9.9936 -0.0832 -71.473163
2.6625 -11.7633 -0.1495 -71.481755
3.884 -13.4015 -0.8686 -71.495466
4.2751 -14.1359 -3.2157 -71.525959
4.6663 -14.8703 -5.5627 -71.556124
5.0575 -15.6047 -7.9097 -71.585954
5.4487 -16.3392 -10.2567 -71.615442
5.5082 -15.6747 -11.481 -71.637745
5.7528 -14.1284 -10.9972 -71.65175
5.1317 -14.013 -9.0503 -71.666226
5.6382 -14.026 -8.2186 -71.681586
7.6439 -14.2766 -7.8039 -71.697283
9.6042 -14.0356 -7.3728 -71.712816
11.4824 -13.5321 -6.7322 -71.72877
12.4397 -13.1153 -5.3274 -71.745195
13.1732 -12.7275 -3.4442 -71.762236
14.0029 -12.5015 -1.5695 -71.77978
14.9232 -12.6143 0.2611 -71.797754
16.0509 -12.8503 1.9217 -71.816219
17.2291 -12.7352 3.6117 -71.8354
18.6969 -13.072 4.9744 -71.85469
20.4387 -12.843 5.9867 -71.874503
22.2399 -12.9948 6.2182 -71.88892
23.7688 -13.3762 5.9788 -71.897519
25.0057 -12.6222 5.3936 -71.906177
26.3571 -12.2571 4.8087 -71.914877
27.8738 -11.9691 4.5669 -71.923657
29.2461 -11.1445 4.4391 -71.932473
30.8012 -10.7714 4.3716 -71.941297
32.3851 -10.5715 4.2891 -71.950161
33.2233 -10.1298 4.9983 -71.959122
34.0663 -9.8024 5.9221 -71.968082
35.5597 -9.845 6.5062 -71.977024
36.9026 -9.7278 7.2501 -71.986001
38.2463 -9.5474 7.9246 -71.994925
39.7277 -9.1425 8.3952 -72.003829
41.1759 -8.7377 8.951 -72.012699
42.5633 -8.3419 9.5488 -72.021578
43.7337 -8.1277 8.583 -72.030396
45.1311 -8.0308 7.9631 -72.03912
46.5242 -8.3092 7.3517 -72.047738
47.4104 -8.3281 6.0274 -72.05634
48.547 -8.1523 4.9694 -72.064764
50.1277 -8.0481 4.8161 -72.07305
51.0302 -8.412 5.9293 -72.081338
52.4231 -8.5023 6.17 -72.089335
53.895 -8.5955 6.6905 -72.09718
54.9911 -8.7652 7.7616 -72.1048
56.4893 -8.9904 7.679 -72.11215
57.587 -10.1308 7.9043 -72.119233
59.0801 -10.6364 8.1455 -72.126049
60.6014 -11.0022 8.4608 -72.13251
61.9959 -11.5958 8.0265 -72.138622
62.9752 -11.9724 7.058 -72.144443
63.4644 -12.0743 5.5381 -72.149837
64.0395 -11.9612 4.047 -72.154842
64.4337 -11.9546 2.4888 -72.159379
64.823 -11.932 0.9297 -72.163362
65.2041 -11.8836 -0.6309 -72.166751
65.5558 -11.8356 -2.1985 -72.169555
65.8976 -11.7879 -3.7682 -72.171691
66.4194 -11.7876 -5.282 -72.173141
66.4944 -12.5596 -6.6605 -72.173888
21.8035 -12.9643 5.5087 -71.890525
22.2928 -12.8975 4.0421 -71.902076
22.782 -12.8307 2.5755 -71.913306
23.2713 -12.7639 1.1089 -71.92421
23.7606 -12.6971 -0.3578 -71.934785
24.2499 -12.6303 -1.8244 -71.945028
24.7391 -12.5635 -3.291 -71.954936
25.2284 -12.4967 -4.7576 -71.964507
25.7177 -12.4299 -6.2242 -71.973736
26.2069 -12.363 -7.6908 -71.982623
26.8935 -12.3131 -8.9994 -71.991226
27.9931 -12.1349 -10.0456 -71.999759
29.4155 -12.0244 -10.5719 -72.008258
30.9321 -12.139 -10.7879 -72.016682
32.4337 -12.4908 -10.7732 -72.025111
33.7283 -13.0404 -10.3346 -72.033438
34.9591 -13.7394 -9.781 -72.041692
36.3049 -14.3754 -9.3611 -72.049888
37.7863 -14.4064 -8.971 -72.058108
38.9765 -14.4204 -8.3072 -72.066209
39.509 -14.5028 -6.8771 -72.074127
40.803 -14.1184 -7.3333 -72.081798
42.1172 -13.7343 -7.9502 -72.089287
43.481 -14.2451 -8.4653 -72.096557
44.8322 -14.6862 -9.0455 -72.103599
46.2199 -15.1571 -9.5418 -72.110402
47.4998 -15.7968 -10.1041 -72.11689
48.4919 -16.341 -10.9949 -72.123108
49.2648 -16.5571 -12.2212 -72.129004
50.6437 -17.0063 -12.5265 -72.134492
52.1626 -17.2199 -12.7123 -72.139591
53.5098 -17.9199 -12.5815 -72.144246
54.8261 -18.5114 -12.0649 -72.148445
56.0144 -19.3898 -11.6485 -72.152136
57.1511 -20.3793 -11.2981 -72.155303
58.5784 -20.83 -11.009 -72.157891
59.5198 -21.3446 -11.6244 -72.15992
59.9152 -21.5013 -13.1121 -72.161298
60.3293 -21.6363 -14.5919 -72.162003
5.542 -17.4481 -11.9734 -71.635426
5.2752 -19.0549 -12.8511 -71.644518
4.5319 -20.5356 -13.6308 -71.65372
4.2842 -21.2679 -12.1504 -71.663159
4.5234 -21.5541 -11.2061 -71.672539
5.0916 -22.5097 -9.9139 -71.682085
5.6355 -23.6108 -8.5295 -71.691697
6.4022 -24.9693 -7.5369 -71.701407
6.6335 -26.3097 -6.3211 -71.711174
7.1852 -27.3717 -7.4784 -71.721105
7.7638 -28.2275 -9.037 -71.731096
9.1599 -28.8455 -10.0123 -71.741084
10.2945 -29.4271 -11.2255 -71.751164
12.0307 -29.9265 -10.7637 -71.761346
13.7255 -30.5864 -10.4924 -71.771579
15.1918 -31.515 -11.0288 -71.781869
16.7178 -31.6949 -12.0524 -71.792252
18.2188 -31.9125 -13.1144 -71.802698
19.9511 -32.1969 -13.7295 -71.813217
21.5074 -33.0418 -14.1745 -71.824185
22.8543 -34.2615 -14.6414 -71.835234
24.0059 -35.5947 -15.1729 -71.845976
24.5296 -37.1036 -15.7174 -71.85679
24.7232 -37.5624 -17.5262 -71.867797
25.1008 -38.2263 -19.2142 -71.878823
26.3789 -39.4506 -19.5884 -71.889774
28.1291 -39.8596 -20.0602 -71.900766
29.3513 -39.6098 -21.3429 -71.911848
30.6809 -38.9744 -22.3478 -71.922977
31.8544 -39.4408 -23.699 -71.93418
32.7072 -40.1312 -24.5207 -71.945398
34.1875 -40.0661 -24.2388 -71.956678
35.3747 -39.954 -25.6606 -71.967994
36.0556 -40.1808 -27.3735 -71.979486
37.1117 -40.5409 -28.8636 -71.990874
37.9499 -40.8975 -30.5002 -72.00228
38.8019 -40.6861 -32.1277 -72.013716
39.8174 -40.5169 -33.6425 -72.025092
40.8901 -40.7217 -35.068 -72.036427
42.5305 -41.61 -35.2384 -72.04772
44.3755 -41.8861 -35.4176 -72.05897
45.9871 -42.2694 -36.0731 -72.070177
47.4878 -43.2765 -36.1873 -72.081526
49.3319 -43.6209 -36.2065 -72.093002
51.1887 -43.712 -36.2324 -72.104041
53.0372 -43.4731 -36.3042 -72.114945
54.8899 -43.6769 -36.497 -72.125671
56.6959 -43.5991 -36.9065 -72.136259
58.2639 -44.1277 -37.6876 -72.146661
59.5341 -44.5902 -38.7803 -72.156942
60.5988 -45.0677 -39.8571 -72.166911
61.8729 -46.2433 -40.1922 -72.176612
63.3313 -46.5896 -41.0735 -72.186064
64.0217 -46.6763 -42.7931 -72.195258
64.5704 -46.7494 -44.583 -72.204087
64.8703 -46.6711 -46.4334 -72.212828
65.1687 -46.5915 -48.2839 -72.220877
65.5964 -46.5388 -50.1097 -72.228469
65.7108 -46.4215 -51.9702 -72.236087
65.6981 -46.2783 -53.8407 -72.243076
65.6854 -46.1351 -55.7113 -72.249182
65.6727 -45.9919 -57.5819 -72.254396
65.7296 -45.7497 -59.4403 -72.25897
65.8135 -45.4694 -61.2934 -72.262676
66.0243 -45.0935 -63.1166 -72.265502
66.1717 -44.6856 -64.9394 -72.267454
66.3305 -44.1781 -66.4646 -72.26845
5.6517 -16.7814 -12.2027 -71.640827
5.689 -16.9607 -13.7308 -71.660375
5.7263 -17.14 -15.259 -71.679587
5.7636 -17.3194 -16.7872 -71.698462
5.8009 -17.4987 -18.3154 -71.717002
5.8383 -17.678 -19.8436 -71.735208
5.8756 -17.8574 -21.3717 -71.75308
5.9129 -18.0367 -22.8999 -71.770618
5.9502 -18.216 -24.4281 -71.78782
5.9875 -18.3954 -25.9563 -71.804686
6.0248 -18.5747 -27.4845 -71.821215
6.0621 -18.754 -29.0126 -71.837405
6.0994 -18.9334 -30.5408 -71.853255
6.1367 -19.1127 -32.069 -71.868761
6.1741 -19.292 -33.5972 -71.883923
6.2114 -19.4714 -35.1254 -71.898737
6.2487 -19.6507 -36.6536 -71.9132
6.286 -19.83 -38.1817 -71.927309
6.3233 -20.0094 -39.7099 -71.941061
6.3606 -20.1887 -41.2381 -71.954452
6.3979 -20.368 -42.7663 -71.967479
6.4352 -20.5474 -44.2945 -71.980137
6.4725 -20.7267 -45.8226 -71.992423
6.5099 -20.906 -47.3508 -72.004331
6.5472 -21.0854 -48.879 -72.015858
6.5845 -21.2647 -50.4072 -72.026998
6.6218 -21.444 -51.9354 -72.037748
6.6591 -21.6234 -53.4635 -72.048102
6.6964 -21.8027 -54.9917 -72.058055
6.7337 -21.982 -56.5199 -72.067603
6.771 -22.1614 -58.0481 -72.076741
6.8083 -22.3407 -59.5763 -72.085463
6.8457 -22.52 -61.1045 -72.093766
6.883 -22.6994 -62.6326 -72.101643
6.9394 -22.8766 -64.1572 -72.109092
8.1498 -22.8799 -64.1006 -72.11629
8.9886 -23.516 -62.989 -72.123362
9.9314 -24.3205 -62.1091 -72.130202
10.5435 -25.411 -61.3105 -72.136871
11.1641 -26.7642 -60.9602 -72.143293
11.7371 -28.177 -61.0516 -72.149434
12.2468 -29.4991 -61.4619 -72.155299
12.6299 -30.7915 -61.1111 -72.160875
13.0367 -32.212 -60.6823 -72.166105
13.4206 -33.6473 -60.2909 -72.170975
13.672 -35.0666 -59.8345 -72.175434
13.7802 -36.5811 -60.0484 -72.17944
13.7177 -38.0731 -60.4184 -72.182969
13.5658 -39.5761 -60.7091 -72.186001
13.3014 -41.0704 -60.6511 -72.188492
13.3571 -42.0105 -59.4467 -72.19043
13.5377 -43.0476 -58.3404 -72.191748
13.6333 -44.0606 -57.3331 -72.192425
-2.4565 -0.91 0.0523 -71.419998
-2.8293 2.667 0.2464 -71.383412
-3.0866 6.216 0.7208 -71.345996
-2.2413 9.6979 1.5153 -71.307611
-0.7404 12.7593 0.9662 -71.268592
0.227 15.8879 -1.0884 -71.227197
0.5524 20.1154 -1.9386 -71.18337
0.4575 24.418 -2.5408 -71.138561
0.4389 27.3767 -5.5178 -71.092702
-0.013 29.9656 -8.7108 -71.045903
-0.1419 14.3216 0.264 -71.247813
0.8616 14.8245 1.2959 -71.236606
2.5303 15.409 3.4469 -71.215784
5.0961 15.9466 3.8822 -71.194251
7.8356 16.5695 3.9069 -71.171858
10.5566 17.2922 4.0994 -71.148927
13.2701 17.9524 4.5537 -71.125289
15.8121 18.8134 4.7988 -71.101022
17.2134 19.7132 4.344 -71.084338
17.5574 19.3689 4.0634 -71.085065
-0.9274 14.3109 0.2417 -71.247416
-2.5488 14.1754 0.0246 -71.248458
-4.1702 14.04 -0.1925 -71.249412
-5.6969 13.9854 -0.1496 -71.250273
-6.0083 14.0245 0.9686 -71.251049
-4.7591 13.8534 0.1003 -71.251727
-4.5248 13.8442 -1.5168 -71.252435
-4.3735 13.8457 -3.1513 -71.252988
-4.2222 13.8471 -4.7858 -71.253375
-4.0708 13.8486 -6.4202 -71.253615
-3.7648 13.9278 -8.018 -71.253737
-3.1571 14.1597 -9.5252 -71.253775
-2.5409 14.9686 -10.6984 -71.253769
-0.6612 32.5013 -8.9792 -71.016744
-1.3441 34.6869 -8.6538 -70.993993
-2.5162 37.7967 -7.959 -70.95912
-4.0883 40.798 -9.2426 -70.923708
-6.1771 43.4321 -10.5669 -70.887791
-7.4526 45.9637 -12.4793 -70.851312
-8.199 48.9959 -14.3148 -70.813894
-8.488 52.2581 -16.0262 -70.775552
-8.9751 55.6713 -17.3793 -70.736686
-8.9724 59.3456 -17.9864 -70.697322
-8.8355 62.9598 -18.9326 -70.657434
-8.1651 65.7964 -21.101 -70.616996
-8.071 69.4931 -21.2598 -70.576065
-8.0725 72.7987 -19.5494 -70.536761
-8.8931 75.9303 -20.6534 -70.503627
-9.8467 77.8663 -22.8286 -70.47456
-10.916 79.9845 -24.8489 -70.445248
-11.8107 82.572 -26.461 -70.413594
-13.9622 85.1541 -28.0376 -70.379611
-15.428 87.4195 -30.0798 -70.345208
-16.2874 89.1284 -32.8169 -70.315258
-17.1302 91.8068 -33.4334 -70.289889
-16.6579 94.7355 -33.3269 -70.264342
-16.2793 97.4317 -32.2507 -70.238639
-16.0966 100.3779 -31.8618 -70.212763
-15.6048 103.2146 -31.8672 -70.174424
-15.0646 104.6984 -30.0846 -70.123351
-14.4099 106.6313 -31.3901 -70.072037
-13.9013 109.3975 -31.7321 -70.020394
-13.1382 112.1018 -31.8855 -69.968426
-12.0288 114.6912 -32.2205 -69.916078
-9.9615 116.491 -32.7147 -69.863414
-8.3964 118.5551 -33.6954 -69.810403
-7.0441 120.3709 -35.2413 -69.756999
-16.3107 103.1222 -31.2609 -70.185936
-17.0106 105.6108 -30.0258 -70.158803
-17.7104 108.0993 -28.7907 -70.132242
-18.4103 110.5878 -27.5556 -70.106254
-19.1321 113.0846 -26.3544 -70.080833
-20.0839 115.6275 -25.7828 -70.055659
-21.6544 117.8269 -26.4818 -70.030538
-22.4041 120.0541 -28.0006 -70.005437
-23.8204 121.9956 -29.2918 -69.980408
-16.2837 88.4956 -30.6847 -70.31344
-16.9057 88.45 -28.8674 -70.284946
-17.5277 88.4044 -27.0501 -70.256982
-18.1496 88.3588 -25.2328 -70.229551
-18.7716 88.3131 -23.4155 -70.202659
-19.3936 88.2675 -21.5982 -70.176308
-20.0155 88.2219 -19.7808 -70.150502
-20.6375 88.1763 -17.9635 -70.125244
-21.2595 88.1307 -16.1462 -70.100534
-21.8814 88.0851 -14.3289 -70.076375
-22.5034 88.0394 -12.5116 -70.052768
-23.1253 87.9938 -10.6943 -70.029714
-23.7473 87.9482 -8.8769 -70.007214
-24.3693 87.9026 -7.0596 -69.985269
-24.9912 87.857 -5.2423 -69.963877
-25.6132 87.8114 -3.425 -69.943039
-26.2352 87.7657 -1.6077 -69.922756
-26.8571 87.7201 0.2096 -69.903026
-27.4791 87.6745 2.0269 -69.88385
-28.1011 87.6289 3.8443 -69.865225
-28.723 87.5833 5.6616 -69.84715
-10.6474 82.0467 -25.97 -70.422782
-9.8973 83.5702 -26.7997 -70.407605
-8.9166 84.4636 -28.1497 -70.392408
-7.9416 85.635 -29.2349 -70.377194
-6.7633 86.7616 -30.2244 -70.362009
-5.9934 87.8877 -31.5 -70.346823
-4.805 89.0805 -31.9871 -70.331655
-4.0074 90.0975 -33.2964 -70.316403
-3.642 91.5318 -34.1524 -70.301256
-3.5504 92.2381 -35.0395 -70.286121
-2.6112 93.3175 -34.37 -70.270986
-1.4138 94.7914 -34.5426 -70.255967
-0.1697 96.0984 -35.117 -70.241003
0.8889 97.112 -35.3375 -70.226093
1.8787 97.6218 -33.8386 -70.211239
3.297 98.6527 -34.2066 -70.196565
4.478 100.1526 -34.2331 -70.182049
5.7259 101.6013 -34.2783 -70.167636
6.9236 103.076 -34.3329 -70.153414
8.2378 104.4594 -34.2789 -70.139353
9.708 105.6324 -34.1824 -70.125519
11.0242 106.9149 -34.1788 -70.111858
12.03 108.5293 -34.2938 -70.09843
12.8387 110.237 -34.4028 -70.085249
13.6986 111.9172 -34.2947 -70.072333
14.9808 113.3035 -34.0183 -70.059714
16.3534 114.5382 -33.5266 -70.0474
-8.0122 74.6652 -19.0128 -70.510454
-7.3733 74.7434 -17.1393 -70.495621
-6.2129 74.8717 -15.5661 -70.480932
-4.6588 75.1485 -14.4836 -70.466282
-2.9313 75.2005 -13.5318 -70.45163
-1.1908 75.5548 -14.025 -70.436971
0.2492 75.4182 -15.2751 -70.422292
1.6994 75.2949 -16.4498 -70.407666
3.456 75.8724 -16.5978 -70.393044
4.909 77.061 -16.0201 -70.378456
6.3489 78.0205 -15.2054 -70.363924
7.6777 78.1558 -16.557 -70.349349
9.1932 78.8939 -17.1669 -70.334877
10.3243 80.3116 -17.9293 -70.320486
11.8031 81.2429 -18.8099 -70.306193
13.3202 82.0201 -19.7154 -70.291986
14.672 82.8734 -20.8357 -70.277907
15.8195 84.0369 -21.4716 -70.263977
17.3968 85.0052 -21.5241 -70.250181
19.1523 85.9091 -21.6233 -70.236545
20.835 86.8367 -21.5731 -70.223091
22.3782 87.6805 -22.4819 -70.209786
23.6336 88.6822 -23.6145 -70.196716
25.3121 89.236 -24.4178 -70.183875
26.9271 90.1776 -25.069 -70.171018
28.5711 91.1435 -25.6063 -70.158281
30.1849 92.1759 -26.0934 -70.14617
31.906 93.0582 -26.3886 -70.134432
33.349 94.3802 -26.2354 -70.123024
34.682 95.7638 -25.7885 -70.111976
36.0698 96.9946 -25.1164 -70.101297
-9.1332 71.1226 -19.9391 -70.539367
-11.2049 71.3971 -19.3463 -70.507628
-12.2503 72.1505 -17.4371 -70.475412
-13.2771 72.9723 -16.3017 -70.44279
-15.0629 74.4381 -16.0237 -70.409809
-17.1889 75.3374 -15.9102 -70.376338
-18.7708 76.7954 -16.5998 -70.342406
-20.2396 77.7578 -18.0502 -70.307942
-21.4318 79.2493 -19.3169 -70.273074
-22.4493 80.8848 -20.0685 -70.247009
-23.644 82.5321 -19.9209 -70.230183
-25.2693 83.8199 -19.7197 -70.213385
-26.4282 85.5474 -19.5741 -70.196584
-27.4271 87.2915 -19.7394 -70.17976
-28.2555 88.0894 -18.5764 -70.162781
-28.4362 88.7812 -16.6121 -70.145736
-28.7184 89.4709 -14.6555 -70.128874
-28.5952 90.5234 -12.9306 -70.112101
-28.0087 92.2281 -11.8717 -70.095376
-28.1824 93.3344 -10.523 -70.078642
-28.881 94.9101 -9.3484 -70.061954
-29.1637 96.6406 -8.2343 -70.045338
-29.7507 98.589 -7.8416 -70.028783
-31.2546 100.014 -7.7767 -70.012286
-32.9856 101.1833 -7.8435 -69.995908
-34.438 102.6859 -7.93 -69.979577
-35.8645 104.1959 -8.077 -69.963347
-37.7492 105.0636 -8.2888 -69.947244
-39.7252 105.5106 -8.4883 -69.931209
-41.4274 106.5542 -8.4275 -69.915255
-22.5697 79.9845 -21.0657 -70.245291
-23.5049 79.5868 -23.0086 -70.227129
-24.7357 79.2357 -23.1851 -70.210845
-26.0186 79.7983 -22.2548 -70.194609
-27.6912 80.6895 -21.9109 -70.178397
-29.3246 81.7314 -21.4655 -70.162222
-31.1306 82.4861 -21.4143 -70.146088
-32.9071 83.2024 -21.5235 -70.129936
-34.8537 83.2248 -21.3716 -70.113826
-36.6622 83.819 -20.8419 -70.097737
-38.0322 83.5029 -19.5874 -70.081646
-39.4902 83.5562 -18.2934 -70.065625
-40.9141 84.0358 -17.0459 -70.049653
-42.4783 85.0996 -16.5078 -70.033786
-44.0118 86.2891 -16.2793 -70.017988
-45.0805 86.8165 -17.3328 -70.001947
-45.3985 87.0849 -19.2874 -69.9861
-46.0085 87.5938 -21.1008 -69.970314
-46.5256 87.8633 -23.0125 -69.954624
-47.0124 88.1443 -24.9307 -69.939038
-48.0466 88.8001 -25.8124 -69.923767
-49.3531 89.8139 -24.8517 -69.908622
-23.4169 79.5945 -22.041 -70.235334
-7.4755 47.1812 -14.128 -70.83031
-6.6397 46.9581 -15.442 -70.825411
-6.0885 47.0624 -16.854 -70.820728
-5.6785 47.4504 -18.3124 -70.816154
-5.0375 48.1975 -19.4234 -70.811742
-4.9376 48.8586 -20.8471 -70.807466
-4.8994 49.5688 -22.2208 -70.803356
-4.8067 50.8524 -23.1201 -70.799457
-4.348 52.1399 -23.896 -70.795578
-3.8636 53.4258 -24.6617 -70.792061
-3.2759 54.7308 -25.2965 -70.78889
-2.6137 56.0992 -25.6637 -70.786014
-1.9972 57.5231 -25.7699 -70.783418
-0.7472 58.4335 -25.8246 -70.781132
0.1834 59.5702 -25.9895 -70.779175
1.0556 60.8294 -26.3063 -70.777573
1.4265 62.1744 -26.9168 -70.776345
1.2466 63.3678 -27.9187 -70.775506
0.8615 64.5278 -28.8693 -70.775076
-1.2039 34.2315 -8.7378 -70.997945
-2.1645 36.692 -8.3921 -70.971239
-3.11 39.1845 -8.3928 -70.944006
-3.9026 40.3411 -6.7187 -70.916214
-4.4638 40.8393 -4.1593 -70.887801
-5.2514 41.2336 -1.6507 -70.858913
-6.4986 41.3875 0.6577 -70.829599
-6.9016 41.3668 3.1344 -70.799605
-8.3244 41.1475 5.0228 -70.769415
-9.0777 42.2825 6.6587 -70.742729
-10.4818 44.1286 6.7312 -70.719758
-12.0542 45.877 6.472 -70.696544
-13.7926 47.4551 6.7415 -70.673065
-14.3287 48.7274 8.6097 -70.64924
-14.2892 50.0448 10.5825 -70.625219
-14.3831 52.2013 11.5125 -70.600992
-15.4653 54.1641 11.5993 -70.576534
-15.9872 56.1264 10.7348 -70.551805
-15.9935 58.493 10.4465 -70.526855
-16.6674 59.2873 8.5547 -70.501501
-17.4698 59.7595 6.3608 -70.475941
-17.8092 61.9411 6.2291 -70.450241
-19.8136 62.8997 6.5069 -70.42421
-21.3274 63.1601 7.9551 -70.397803
-22.8218 64.0013 9.1439 -70.376203
-24.7396 64.6596 9.7419 -70.359625
-25.9313 65.6939 8.2209 -70.343047
-27.3521 67.091 7.1443 -70.326451
-27.8515 68.7801 5.7356 -70.309849
-28.9706 70.1238 4.2552 -70.293285
-29.8302 71.1977 2.3661 -70.276694
-30.5772 72.9481 2.3143 -70.260102
-31.2511 73.9836 4.3225 -70.243539
-31.8836 74.7971 6.3519 -70.226968
-33.4979 76.3178 6.0157 -70.210511
-35.3494 77.7054 5.6794 -70.194101
-36.2359 77.7987 3.4859 -70.177624
-36.823 78.2142 1.2302 -70.161183
-37.2962 78.8752 -1.0041 -70.144808
-38.0777 79.5243 -3.1351 -70.128583
-38.5828 79.8578 -5.4262 -70.112311
-40.1286 80.7679 -6.86 -70.096239
-41.8887 81.3717 -5.9333 -70.080218
-43.201 81.2826 -4.0378 -70.064217
-44.3102 81.7185 -2.0187 -70.048358
-23.2557 64.0561 8.131 -70.377603
-24.9649 64.9635 8.1844 -70.363791
-26.0616 65.9005 8.9001 -70.349717
-26.305 66.1448 10.8713 -70.335562
-26.4364 66.2766 12.8582 -70.32168
-26.7662 66.3845 14.8041 -70.307863
-28.2543 66.3369 15.7942 -70.294138
-29.7596 66.2207 16.7645 -70.280386
-29.8152 66.2528 18.7633 -70.266677
-30.2709 66.9957 19.6957 -70.253032
-31.7156 67.9135 20.4594 -70.23936
-32.1409 69.5247 21.5115 -70.225763
-33.0427 71.1208 22.2483 -70.212272
-33.7682 72.7602 23.0868 -70.198867
-34.714 74.4169 23.6586 -70.185581
-35.5114 76.0162 24.4887 -70.172398
-35.8784 77.7991 25.2812 -70.159307
-36.6919 79.4931 25.9091 -70.146345
-37.5921 81.2366 26.1638 -70.13355
-37.9648 82.9348 26.6532 -70.120829
-38.1232 84.1537 28.0096 -70.108325
-37.4894 85.6297 29.04 -70.095995
-37.0034 87.4849 29.1485 -70.083861
-36.7841 89.4485 29.2879 -70.071536
-36.3959 91.4052 29.448 -70.059463
-9.6387 41.5186 6.3846 -70.749053
-11.2133 41.8239 6.3128 -70.738999
-12.0979 42.4791 4.8865 -70.728832
-13.2557 43.35 3.9751 -70.718707
-14.2423 43.577 2.4577 -70.708549
-15.3556 43.71 1.0276 -70.698415
-15.9894 44.5732 -0.4476 -70.688274
-16.6871 45.12 -2.0478 -70.678164
-17.7188 45.8368 -3.2857 -70.668043
-18.5783 46.8498 -4.5254 -70.657966
-19.9074 47.2662 -5.6939 -70.64794
-21.5852 47.5437 -6.3542 -70.637989
-22.9761 48.6597 -6.3259 -70.628136
-24.3563 49.8697 -6.2079 -70.61835
-25.8552 50.8966 -6.0169 -70.608687
-27.0962 51.9486 -5.4199 -70.59909
-27.9482 52.3876 -3.9646 -70.589574
-29.654 52.5789 -3.9322 -70.580241
-30.6445 52.9077 -5.3714 -70.571029
-32.0441 53.5066 -6.2656 -70.561991
-33.4656 54.634 -6.5349 -70.553145
-34.9544 55.5474 -7.0531 -70.544514
-36.2819 56.6634 -7.6004 -70.5361
-37.6486 57.8611 -7.7756 -70.527901
-38.5034 59.4777 -7.6459 -70.519961
-39.3718 61.0534 -7.2838 -70.512333
-40.2991 62.551 -6.7638 -70.505002
-41.2384 64.045 -6.261 -70.497981
-41.8614 65.6914 -5.7694 -70.491318
-42.4591 67.2851 -5.1652 -70.485015
-43.3383 68.5969 -4.4191 -70.479105
-44.4522 70.0317 -4.1392 -70.473629
-45.5063 71.5345 -4.0501 -70.468579
-46.5569 73.035 -4.1531 -70.463999
-47.8716 74.2263 -4.5515 -70.459909
-48.8625 75.1738 -5.5759 -70.456334
-49.2408 75.7623 -7.2733 -70.453271
-49.4584 77.0985 -8.4631 -70.450793
-49.9501 78.752 -8.946 -70.448895
-51.026 79.8745 -9.2484 -70.447612
-51.28 79.9424 -10.8927 -70.446943
17.7044 20.951 4.9703 -71.075679
18.2015 22.2043 5.6044 -71.066975
18.6985 23.4577 6.2386 -71.05834
19.0912 25.152 6.8819 -71.047486
19.429 27.2733 6.757 -71.034241
20.0937 28.9393 5.4586 -71.020818
20.5192 30.5261 4.0181 -71.00722
21.7848 31.8769 2.8501 -70.993432
22.0977 33.1829 1.0434 -70.979468
23.2662 34.71 0.0406 -70.965407
23.7528 35.2305 -1.9989 -70.95114
24.4415 36.3316 -0.4475 -70.936705
25.2156 37.3871 1.3732 -70.922158
25.5431 38.1412 3.4507 -70.907455
26.3109 39.4951 5.0553 -70.892706
27.3125 40.7429 3.9319 -70.877837
27.6125 41.5008 5.9749 -70.86276
27.8649 42.4672 7.8245 -70.847621
28.5761 44.0126 9.106 -70.832438
29.3017 45.8785 9.8466 -70.817197
29.8444 47.4239 10.9837 -70.801777
29.8427 48.4745 12.9418 -70.786332
30.4043 50.5089 13.6559 -70.770852
32.2661 51.6774 14.0416 -70.755297
33.7432 53.3643 13.9508 -70.7397
35.3704 54.8773 13.6311 -70.724036
36.404 56.7929 13.1328 -70.708321
37.9566 57.9008 12.228 -70.692606
39.1636 59.6692 11.6914 -70.676844
40.7811 61.2139 11.412 -70.661039
42.5407 62.5144 11.7504 -70.645259
43.9242 63.8221 12.81 -70.629434
45.3908 65.165 13.6376 -70.61362
45.9271 67.2097 14.1714 -70.59787
46.6355 69.1359 14.3788 -70.582142
48.3635 70.1089 14.8857 -70.566427
49.6569 71.9103 15.1633 -70.55046
50.9513 73.7475 15.4455 -70.53454
52.8054 74.9337 15.6383 -70.518993
54.7263 75.5702 15.6827 -70.503532
56.0864 76.9982 15.657 -70.488152
57.1449 78.0802 14.4904 -70.472806
58.894 79.349 14.0314 -70.457616
60.9129 80.2627 14.3307 -70.442554
62.6887 81.5896 14.007 -70.427607
64.1912 82.1373 14.8133 -70.412722
65.3934 82.3955 16.5144 -70.398023
66.9021 83.2776 17.6975 -70.383547
67.4164 84.9808 18.6495 -70.369268
68.0681 86.9646 19.2519 -70.355258
18.9087 24.0362 7.1126 -71.053989
19.1476 18.9083 3.9431 -71.076823
20.9905 18.3979 3.8423 -71.06732
22.9152 18.2333 3.6481 -71.05765
24.7758 17.8958 3.3306 -71.047847
26.5871 18.0132 3.1308 -71.037896
28.3023 18.6484 3.6845 -71.027802
29.9424 18.8206 4.6508 -71.017595
31.2866 18.6601 5.9911 -71.007234
32.7096 18.1098 7.1234 -70.996772
34.1103 16.8391 7.543 -70.986219
35.4164 15.4177 7.7072 -70.975555
36.5618 14.0174 7.4707 -70.964809
38.0589 13.6462 6.35 -70.953985
39.8047 13.3092 5.8907 -70.943093
41.5119 12.7068 5.2455 -70.932128
42.8693 12.0614 4.0202 -70.921072
44.4573 11.3345 3.2295 -70.909977
45.9294 10.8303 2.4767 -70.898807
47.1014 10.1377 3.6205 -70.887625
48.3849 9.3089 4.6779 -70.876429
49.394 9.6773 6.2389 -70.865146
50.6478 10.0528 7.6185 -70.853867
51.9327 9.8336 9.0023 -70.842615
53.4883 10.1208 10.104 -70.831382
55.2334 9.8227 9.9071 -70.820181
57.0597 9.924 9.3135 -70.808353
58.8743 9.6526 8.6558 -70.796288
60.689 9.3812 7.9981 -70.784679
62.4959 9.1815 7.3186 -70.773502
64.0964 9.6659 6.3822 -70.762522
65.6128 10.0298 5.5676 -70.75162
66.3879 8.7348 6.61 -70.740787
67.0408 7.9267 8.2378 -70.730091
67.6184 7.3624 10.0083 -70.719471
68.2214 6.7991 11.7671 -70.708983
68.8557 6.3245 13.5452 -70.698707
69.5936 6.0215 15.3177 -70.688547
70.6128 5.6939 16.9232 -70.678639
71.846 5.1297 18.3139 -70.669012
73.446 5.6128 19.1551 -70.659581
75.1394 5.1362 19.9892 -70.650258
76.7792 5.1163 20.887 -70.641367
78.3203 5.541 21.9782 -70.632754
79.5543 6.0354 23.1887 -70.624461
80.477 6.477 24.7608 -70.616542
82.1371 6.4027 25.3832 -70.608977
83.992 6.8997 25.7174 -70.601798
85.8702 6.8251 26.0726 -70.595025
87.7509 6.7088 26.4848 -70.58869
89.6348 6.7028 26.6547 -70.582822
91.0074 6.4378 25.4152 -70.577454
92.1971 6.0461 24.0228 -70.57258
93.1627 5.5053 22.7795 -70.568134
93.4181 5.3578 20.8527 -70.564268
93.6827 5.205 18.9277 -70.561017
93.9559 5.0473 17.0042 -70.558397
94.7999 4.5071 17.8661 -70.556454
-1.9865 16.2264 -10.9822 -71.253773
-1.6114 17.3396 -11.0385 -71.25375
-1.1973 18.2526 -10.4886 -71.253718
-0.4899 18.8695 -10.968 -71.253689
0.4947 18.656 -11.4238 -71.253672
-5.9486 122.6202 -36.4545 -69.703202
-4.8563 124.4889 -38.1946 -69.649015
-3.4433 126.1431 -39.8024 -69.594536
-2.2407 128.597 -40.3971 -69.53977
-1.5188 131.295 -40.1613 -69.484649
-1.6696 134.0734 -40.2753 -69.429212
-2.517 136.7345 -40.7076 -69.373431
-3.2762 139.4376 -41.1589 -69.317316
-4.1563 142.1305 -41.3938 -69.260911
-4.9956 144.8475 -41.5126 -69.204174
-4.2109 147.46 -41.641 -69.147203
-3.9407 150.1251 -41.6099 -69.089878
-3.8535 152.9656 -41.6389 -69.032324
-3.8797 155.8081 -41.7765 -68.974426
-3.362 158.4701 -41.8809 -68.916222
-3.9026 161.1882 -41.8597 -68.857743
-4.6546 163.8938 -41.7416 -68.799
-4.458 166.7321 -41.7051 -68.739994
-4.7248 169.4267 -41.9823 -68.680732
-5.9516 171.9513 -42.4086 -68.621184
-6.8697 174.6164 -42.5236 -68.561414
-7.1469 177.3942 -42.5991 -68.501376
-8.5483 179.5426 -43.6297 -68.441082
-9.0965 181.9163 -44.9846 -68.38042
-9.3572 184.5276 -45.8738 -68.319625
-10.3037 185.8819 -45.5629 -68.273502
-12.6165 185.7411 -44.527 -68.242735
-14.6492 185.7303 -43.1953 -68.212613
-16.2496 187.2653 -42.1906 -68.182791
-17.9145 189.1431 -41.8854 -68.153177
-19.4479 191.0685 -41.5909 -68.123773
-21.0169 192.9475 -41.0017 -68.094558
-22.4125 194.4386 -40.3024 -68.065539
-23.7068 195.9472 -39.0039 -68.036705
-25.0392 197.7028 -39.8911 -68.008087
-25.8175 200.0563 -40.2799 -67.979702
-26.6369 201.4551 -41.5533 -67.951474
-27.5289 202.2594 -40.2727 -67.923468
-29.472 203.3638 -40.3713 -67.895761
-31.4096 204.4733 -39.3932 -67.868281
-31.9894 205.4816 -37.1556 -67.840919
-32.896 206.6385 -35.2063 -67.813876
-33.7738 206.9925 -32.8727 -67.78701
-35.326 208.2821 -31.3862 -67.760492
-36.5537 210.18 -30.3332 -67.73422
-37.6503 212.1937 -29.5135 -67.708202
-38.7499 214.0475 -28.2022 -67.682392
-38.8366 216.2339 -27.1303 -67.656801
-39.8429 217.9451 -25.6872 -67.631411
-40.3547 220.3663 -25.6679 -67.606213
-9.0607 186.6005 -47.0068 -68.273725
-8.6412 188.5188 -48.1723 -68.243046
-7.9227 189.8909 -49.7878 -68.212465
-7.3389 191.2666 -51.5099 -68.182015
-6.8689 192.8579 -53.067 -68.15175
-6.5717 194.5306 -54.6272 -68.121618
-6.699 195.7688 -56.5782 -68.091582
-6.6007 197.3796 -57.9455 -68.061754
-5.361 198.4457 -59.4593 -68.032056
-4.0706 199.0919 -61.2062 -68.002499
-2.56 200.3359 -61.9713 -67.973203
-1.1767 202.1203 -62.473 -67.944076
0.1257 203.765 -63.1817 -67.915153
0.5779 205.9809 -62.9411 -67.886386
1.7705 207.8999 -62.7909 -67.857801
1.7806 210.0234 -63.3852 -67.82939
1.251 212.0868 -62.5412 -67.801139
0.3882 214.2228 -62.3899 -67.773118
-0.4598 216.2968 -62.9067 -67.745295
-1.2479 218.4121 -63.4146 -67.717646
-2.0973 220.5416 -63.7457 -67.690187
-3.4118 222.4275 -63.923 -67.662921
-5.2388 223.8332 -64.0726 -67.635834
-7.0057 225.2983 -64.337 -67.608907
-8.1122 227.0393 -64.9339 -67.582072
-8.3675 229.0243 -65.402 -67.561316
-8.7031 230.7886 -65.6689 -67.546612
-9.2813 232.5101 -65.8231 -67.532027
-9.2237 228.2929 -64.8468 -67.563248
-10.9382 228.5001 -64.259 -67.552653
-12.6565 228.7042 -63.682 -67.542481
-25.5183 124.0162 -29.3962 -69.957279
-26.4756 125.8583 -28.1987 -69.935996
-27.6755 127.8327 -27.6028 -69.914781
-27.9279 128.8492 -29.077 -69.893585
-28.5728 129.8586 -27.39 -69.872361
-29.4951 131.5172 -26.0388 -69.851334
-30.3172 133.5583 -25.0126 -69.830369
-30.9903 134.755 -23.0132 -69.809484
-31.8576 136.0757 -21.167 -69.788694
-32.9249 137.8539 -19.8699 -69.768011
-34.7749 138.8966 -19.3111 -69.747408
-36.3176 139.9122 -18.0849 -69.726939
-37.4604 141.3871 -16.8864 -69.706586
-38.6623 143.1941 -16.0632 -69.686322
-40.1691 144.5551 -14.9429 -69.666147
-41.2877 146.3296 -14.9203 -69.646079
-42.5778 148.1549 -14.027 -69.626153
-43.9866 149.9737 -13.1872 -69.606393
-45.0144 151.7833 -12.0503 -69.586756
-45.5532 153.8159 -10.8393 -69.567251
-46.3861 156.0367 -10.2537 -69.547893
-46.9837 158.3901 -9.9517 -69.528715
-47.8117 160.6751 -9.7756 -69.509674
-49.0447 162.6915 -9.706 -69.490813
-50.015 164.9082 -9.8518 -69.472119
-51.5234 166.8379 -9.9384 -69.453596
-52.9161 168.8061 -9.9279 -69.435255
-54.0733 170.9215 -9.7859 -69.417088
-55.7453 172.652 -9.5467 -69.399112
-57.6094 174.1497 -9.6472 -69.381324
-59.246 175.273 -8.9172 -69.363722
-60.6519 176.3429 -7.7572 -69.346322
-61.8971 178.3631 -7.4187 -69.32913
-62.7492 180.6081 -7.5045 -69.312129
-63.9736 182.7158 -7.7021 -69.295359
-65.2308 184.8141 -7.6187 -69.27882
-66.7492 186.7003 -7.6491 -69.262515
-68.417 188.4651 -7.7574 -69.246431
-69.4591 190.6092 -7.7695 -69.230602
-69.6776 192.1396 -9.5531 -69.214953
-70.6232 193.0213 -8.854 -69.199364
-70.9662 193.1386 -6.4297 -69.184047
-71.4596 193.5338 -4.0639 -69.169003
-72.1758 195.2071 -3.9513 -69.154348
-73.6159 196.7389 -5.1111 -69.139966
-74.8609 198.522 -6.148 -69.12585
-75.7426 199.5734 -7.6936 -69.111977
-75.3694 199.5725 -10.1146 -69.098149
-74.4019 199.6256 -11.6143 -69.084776
-73.8016 200.0979 -9.3728 -69.071627
-74.5843 201.3776 -7.8285 -69.058784
-75.66 202.8847 -6.3385 -69.046203
-76.7569 204.7933 -5.2692 -69.033885
-77.7876 206.5222 -4.0466 -69.021788
-78.7815 208.5213 -3.0989 -69.009926
-29.3228 87.5393 7.4141 -69.83025
-29.9005 87.4969 9.1019 -69.814448
-30.4781 87.4545 10.7898 -69.799117
-31.0558 87.4122 12.4776 -69.784258
-32.2782 87.1841 13.3671 -69.769785
-33.8866 86.6278 13.8875 -69.75541
-35.2533 87.1539 14.4242 -69.741151
-35.8481 87.8038 15.3321 -69.727038
-36.8463 86.9864 16.4788 -69.713043
-38.3951 86.3544 16.7879 -69.699215
-40.0436 86.842 16.4412 -69.685558
-41.676 86.6973 15.7688 -69.67205
-43.0795 86.67 14.6822 -69.658727
-44.7397 86.6061 14.8133 -69.645593
-46.2784 86.3685 14.6265 -69.632651
-47.931 85.969 14.7511 -69.619927
-49.3382 85.0184 15.2541 -69.607406
-51.0157 84.5548 15.4912 -69.595103
-52.76 84.3802 15.7377 -69.583065
-54.4766 84.1118 16.1326 -69.571278
-56.1575 83.722 16.5614 -69.559732
-57.6854 83.1665 17.2616 -69.548441
-59.449 83.0129 17.2864 -69.537451
-61.2047 83.1213 17.0316 -69.526769
-62.4985 83.4162 16.057 -69.516373
-64.2493 83.561 15.9695 -69.506291
-65.9938 83.4285 15.6473 -69.496525
-67.7202 83.5173 15.2308 -69.487101
-69.055 83.036 14.2322 -69.478021
-69.8653 82.2066 12.9383 -69.469296
-71.0115 81.258 11.9738 -69.460958
-72.4278 80.4398 11.5445 -69.452992
-73.698 79.222 11.6667 -69.445438
-74.8344 77.8746 11.8888 -69.438321
-76.1909 76.8138 12.1994 -69.431595
-77.7152 76.0674 12.6693 -69.425307
-79.2241 75.3783 13.2714 -69.419475
-80.5771 74.3384 13.7242 -69.414104
-81.948 73.2954 14.1285 -69.409208
-83.3128 72.1963 14.4348 -69.404808
-84.2563 70.7511 14.49 -69.400903
-85.9688 70.3467 14.3507 -69.397513
-87.6869 70.083 14.43 -69.394659
-89.1236 69.3762 14.9056 -69.392345
-90.0942 69.1674 16.3612 -69.390583
-91.4773 68.4273 17.0893 -69.389398
-93.1744 68.4543 17.5737 -69.388799
17.4714 115.5383 -32.7054 -70.03643
18.7181 116.515 -32.6736 -70.026683
19.4474 117.9165 -32.6863 -70.017213
20.2746 119.2604 -32.6312 -70.007989
21.0837 120.5882 -32.4636 -69.999047
21.7758 121.9988 -32.2416 -69.990392
22.3094 123.4582 -32.1155 -69.982032
23.1409 124.8071 -32.0128 -69.973996
23.9385 126.1782 -31.9172 -69.966264
25.0849 127.2066 -31.902 -69.958892
25.7601 127.3047 -33.2559 -69.951801
26.628 127.211 -34.5602 -69.945061
27.4583 127.1967 -35.7592 -69.938741
28.395 127.5305 -34.6253 -69.932819
29.5644 128.205 -33.8463 -69.927329
30.5696 128.6374 -32.8152 -69.922237
32.0051 129.043 -32.2921 -69.917597
33.4128 129.4399 -31.6761 -69.913418
34.7649 130.0848 -31.1622 -69.909718
36.07 130.7044 -30.5266 -69.906506
37.2954 130.2845 -29.7509 -69.903791
38.6668 129.8544 -29.4393 -69.901585
40.0959 129.824 -28.9371 -69.899913
41.6596 129.7812 -29.1527 -69.89878
43.163 129.7557 -29.5887 -69.898207
37.3605 97.6671 -24.1386 -70.092018
38.5247 98.3419 -23.3011 -70.084021
39.4075 98.7958 -22.0704 -70.076284
39.7833 99.3954 -20.6642 -70.068827
39.86 99.407 -19.0804 -70.061587
40.1939 99.8932 -18.7303 -70.054755
40.4963 100.318 -20.2174 -70.048201
41.4643 101.4944 -20.1061 -70.042041
42.3976 102.7119 -19.7798 -70.036246
43.1049 104.0833 -19.5568 -70.030811
44.0865 105.3182 -19.6544 -70.025774
44.7899 106.7249 -19.7113 -70.02113
45.9094 107.8469 -19.694 -70.016902
47.0015 108.9935 -19.6267 -70.013098
47.4874 110.1272 -19.5101 -70.009634
47.4694 110.2183 -21.0953 -70.006307
47.4514 110.3094 -22.6805 -70.003541
47.4334 110.4005 -24.2657 -70.001332
47.4153 110.4915 -25.8509 -69.999678
47.3973 110.5826 -27.4361 -69.998578
47.3793 110.6737 -29.0213 -69.99803
-43.1464 107.2097 -8.6051 -69.900633
-44.2349 108.3552 -9.2701 -69.887295
-45.5183 109.1815 -10.1573 -69.874047
-46.5455 110.332 -10.9218 -69.8609
-47.6198 111.4497 -11.7523 -69.847862
-48.7733 112.6103 -11.9929 -69.834931
-49.0763 114.3515 -11.8794 -69.822103
-49.3422 116.0762 -11.586 -69.809422
-49.7822 117.0822 -10.2937 -69.796838
-50.4256 118.2912 -9.1739 -69.784391
-50.9978 119.2379 -7.7863 -69.772078
-51.2625 120.0244 -6.2601 -69.759878
-51.6654 121.1492 -4.9912 -69.74788
-51.9476 122.7357 -4.2703 -69.736044
-52.5998 124.2212 -3.6393 -69.724388
-53.274 125.7541 -3.0637 -69.712938
-53.9887 127.1954 -2.3704 -69.701682
-53.963 128.1021 -0.9245 -69.690511
-54.6255 128.6873 -0.6995 -69.679513
-55.0557 128.8462 -2.4173 -69.668693
-55.7093 129.6088 -3.8029 -69.658209
-56.3904 130.5701 -3.4395 -69.647947
-57.2397 131.7558 -2.5815 -69.637911
-57.7383 132.4193 -1.0375 -69.628026
-58.1997 132.8604 0.5026 -69.618435
-59.135 134.2149 0.2827 -69.609139
-59.5411 135.9385 0.3726 -69.600133
-60.3211 137.5272 0.4547 -69.591412
-61.5615 138.7924 0.4272 -69.582993
-62.8427 140.0202 0.4049 -69.574859
-63.9756 141.337 0.4784 -69.567039
-65.5415 142.0698 0.6041 -69.559535
-66.8201 143.3029 0.6105 -69.552358
-67.9523 144.6731 0.6097 -69.545337
-69.0106 146.0943 0.6091 -69.538809
-69.7753 147.6531 0.6561 -69.532684
-69.9859 148.4831 2.1055 -69.52688
-70.4429 149.3779 3.3991 -69.521482
-71.6135 150.4383 2.691 -69.516486
-72.4835 151.5429 1.7355 -69.511894
-72.9227 152.8592 2.7049 -69.507703
-72.5877 154.4469 3.3601 -69.50394
-73.0119 156.1489 3.5593 -69.500606
-73.1545 157.8864 3.5882 -69.49772
-74.1953 159.319 3.6169 -69.495291
-74.932 160.9303 3.7174 -69.493326
-75.2192 162.6661 3.8423 -69.491838
-75.4158 163.3004 5.1393 -69.490817
-75.4017 163.5667 6.8972 -69.4903
-50.1374 90.531 -23.3634 -69.894471
-51.2673 90.8857 -22.5511 -69.881409
-52.7159 91.6607 -23.1098 -69.868493
-54.0702 92.6015 -23.357 -69.855691
-55.4386 93.0469 -22.4458 -69.843021
-56.998 93.6059 -21.9041 -69.830479
-58.5673 94.2413 -21.5078 -69.818094
-59.4515 94.8578 -20.2839 -69.805767
-60.3751 95.9904 -19.3491 -69.793701
-61.639 96.317 -18.2753 -69.781784
-62.5765 96.8459 -17.7339 -69.770044
-63.9654 97.6322 -17.7098 -69.758463
-65.6166 98.1559 -17.9424 -69.747082
-67.3141 98.5251 -18.0363 -69.735891
-68.9906 98.999 -17.9141 -69.724941
-70.4527 99.8368 -17.5623 -69.714194
-71.8636 100.5751 -16.8437 -69.703685
-73.2945 101.1084 -16.0241 -69.693425
-74.8032 101.5319 -15.3155 -69.683413
-76.2937 102.0431 -14.7677 -69.67366
-76.9439 103.3194 -13.9021 -69.66417
-77.7853 104.5384 -13.0235 -69.654962
-79.1174 105.4827 -13.5256 -69.64607
-80.5678 106.3785 -13.889 -69.637477
-81.9123 107.4474 -14.0602 -69.629232
-82.892 108.884 -14.1362 -69.621299
-83.7902 110.3676 -14.0768 -69.613697
-84.9748 111.6284 -13.8567 -69.606467
-86.2002 112.6963 -13.3076 -69.599571
-87.0479 113.9279 -12.479 -69.593049
-87.7411 115.4304 -11.9657 -69.586929
-88.823 116.6812 -11.5653 -69.581207
-89.4834 118.0465 -10.8065 -69.575888
-90.0558 119.4566 -9.9504 -69.570985
-90.8226 120.9302 -9.4429 -69.566527
-91.9586 122.2396 -9.3374 -69.562522
-92.8888 123.6775 -9.6286 -69.558972
-93.6083 125.2344 -9.9613 -69.55589
-94.4583 126.6908 -10.3334 -69.553295
-95.6371 127.179 -11.2403 -69.551182
-96.5223 128.3643 -11.7434 -69.549584
-97.3565 129.8343 -11.9607 -69.548506
-98.0187 131.4271 -12.0082 -69.547961
-44.8397 82.3848 -0.1022 -70.034422
-45.6858 82.6745 1.4762 -70.02232
-47.0854 83.466 2.0376 -70.010344
-47.9154 84.1261 0.6038 -69.99839
-48.4536 84.4912 -1.1078 -69.98655
-49.4629 84.7481 -2.3216 -69.974807
-50.8487 85.4683 -2.9272 -69.96313
-51.3634 86.2483 -4.138 -69.95144
-51.1604 85.8865 -5.9031 -69.939861
-51.4147 86.3329 -4.63 -69.928338
-51.3753 86.9211 -3.2026 -69.916996
-51.6511 88.546 -2.6095 -69.905775
-52.0008 89.4665 -3.9264 -69.894566
-52.6137 90.8015 -4.1725 -69.88351
-53.4473 92.4123 -3.9386 -69.87255
-53.8653 94.1635 -3.6555 -69.861697
-53.9519 95.9277 -3.215 -69.850948
-54.3051 97.4953 -2.5507 -69.840305
-54.5625 98.6898 -1.1952 -69.82981
-54.547 99.8234 0.1762 -69.819413
-54.2907 100.3598 1.9096 -69.809118
-54.7709 101.2087 3.4194 -69.799031
-54.4328 101.9413 3.8933 -69.789119
-53.0212 101.1678 3.092 -69.77936
-52.5222 101.109 4.5528 -69.769689
-54.1846 101.7537 4.4499 -69.76023
-55.6576 102.8136 4.5394 -69.750945
-56.499 104.3974 4.7059 -69.741825
-56.8786 106.1716 4.8788 -69.732876
-56.4546 107.8733 4.5587 -69.724113
-55.6814 109.1098 4.4339 -69.715462
-55.7928 109.3656 6.2457 -69.706856
-56.2213 109.7146 7.7986 -69.698636
-55.5336 111.171 7.9788 -69.690626
-57.2605 111.7016 8.1166 -69.682839
-58.1121 113.2561 8.4551 -69.675256
-58.5985 114.919 9.0311 -69.667885
-59.6859 116.036 9.8099 -69.660769
-59.434 116.5435 10.5662 -69.653861
-59.3051 118.1105 11.4366 -69.6472
-59.9415 119.6907 12.0733 -69.640767
-60.8614 121.156 12.3489 -69.634599
-61.607 122.4945 11.39 -69.628668
-62.1797 124.0961 10.8491 -69.623008
-62.6253 125.8486 10.8404 -69.617622
-62.2188 127.4063 11.6395 -69.612511
-61.8461 129.0333 12.3882 -69.607682
-62.5327 130.6886 12.3999 -69.603141
-62.936 132.4579 12.2088 -69.598882
-63.3234 134.2117 11.8803 -69.594911
-63.6303 135.945 11.5157 -69.591245
-63.951 136.5199 9.8435 -69.587859
-64.1784 137.2406 8.1925 -69.584797
-64.0694 138.3872 6.7995 -69.582065
-64.3697 140.0086 6.0583 -69.579648
-64.8732 141.6033 5.322 -69.577565
-65.5178 142.5596 4.0703 -69.575809
-65.7682 143.1976 5.3492 -69.574389
-66.7186 144.3442 5.8832 -69.573318
-67.5125 145.9488 6.0337 -69.572599
-68.2142 147.6123 6.0332 -69.572236
-36.2134 93.2108 29.5751 -70.048886
-36.6635 94.7733 29.8902 -70.039486
-36.9263 96.2364 30.4302 -70.030268
-37.1622 97.773 30.8495 -70.021218
-37.5529 99.3568 31.1525 -70.012338
-37.9173 100.9487 31.3678 -70.003686
-38.3971 102.525 31.406 -69.995221
-38.3118 104.182 31.3802 -69.986988
-38.3833 105.841 31.3619 -69.978984
-38.5184 107.493 31.3513 -69.971212
-38.1793 109.1047 31.3065 -69.963679
-37.694 110.6348 31.1726 -69.956417
-37.4366 112.1749 31.1742 -69.949406
-36.4341 113.3684 31.2349 -69.94265
-35.2673 114.4885 31.1966 -69.936187
-35.1913 116.0244 31.322 -69.930017
-36.1323 117.264 31.8032 -69.924146
-36.1013 118.8174 31.8898 -69.918581
-35.2737 120.1279 31.585 -69.913344
-34.1912 121.3196 31.36 -69.908437
-33.7141 122.9011 31.2289 -69.903889
-33.0667 124.4147 31.1658 -69.899694
-32.8786 126.0601 31.1275 -69.895873
-32.0835 127.4884 31.1247 -69.892437
-31.8296 129.12 31.1246 -69.889388
-31.1422 130.5851 30.9859 -69.886743
-30.3228 131.8477 30.3079 -69.884508
-29.6856 132.4849 28.9766 -69.882691
-29.0719 133.0333 27.5676 -69.881307
-28.0844 133.7856 27.8775 -69.880375
-27.152 134.469 28.6173 -69.879904
68.8569 88.73 19.5506 -70.343214
69.4626 89.4871 18.5505 -70.332893
69.8694 90.2922 17.5312 -70.322759
70.1133 90.9732 19.0619 -70.312763
70.2522 92.4115 19.6157 -70.302989
70.8156 93.9888 19.8859 -70.293413
70.9233 95.5529 19.5992 -70.284009
71.3862 97.0655 19.4044 -70.274822
72.5006 98.2929 19.6588 -70.265869
72.7344 99.9408 19.94 -70.257122
72.932 101.5833 19.995 -70.248599
72.4313 103.198 19.9089 -70.240313
71.8799 104.7873 20.0008 -70.232299
71.5282 106.416 19.8144 -70.224529
71.2624 108.037 19.4849 -70.217037
70.3107 109.3594 19.2993 -70.209853
69.2896 110.7156 19.219 -70.202967
68.8552 112.3448 19.1576 -70.196394
68.8224 113.8606 18.9579 -70.190147
69.0085 114.8834 18.0264 -70.184207
68.8524 116.0924 16.8932 -70.178613
69.7271 117.2159 15.9694 -70.17337
70.0973 118.581 15.0882 -70.168505
70.8674 119.2691 13.939 -70.163994
70.3855 118.9765 13.515 -70.159894
69.9666 118.6726 13.3866 -70.156164
70.2125 118.847 11.7059 -70.152802
70.4357 118.9096 10.8982 -70.14993
70.1867 118.7318 12.5649 -70.147469
69.521 118.6003 13.8778 -70.145503
69.0153 119.2849 13.1332 -70.144014
69.8993 119.8704 11.9133 -70.143006
70.2963 119.9515 10.2866 -70.142494
95.5228 3.6634 18.9207 -70.555439
95.9521 3.5018 19.9853 -70.554929
96.3294 3.3373 21.069 -70.55467
-41.3421 222.5153 -25.6062 -67.582827
-42.702 224.1478 -25.2091 -67.561675
-44.2458 225.1088 -24.0553 -67.541085
-45.8189 226.0665 -23.0056 -67.521067
-47.3319 227.1224 -21.9872 -67.501593
-48.8138 228.7344 -21.8003 -67.482642
-50.1281 230.4969 -21.9165 -67.464179
-51.8278 231.7383 -22.0527 -67.44616
-52.8158 233.6774 -22.1145 -67.428539
-53.0724 235.6787 -22.1684 -67.413858
-53.6815 237.6012 -22.215 -67.402059
-54.8336 239.2327 -22.1693 -67.39057
-55.9455 240.9107 -22.1307 -67.379373
-56.8959 242.6769 -22.2538 -67.368445
-57.6448 244.0732 -23.1351 -67.35776
-57.9004 245.3567 -24.6431 -67.347321
-58.5973 247.0318 -25.4177 -67.33713
-59.3933 248.8468 -25.6686 -67.327165
-60.5485 250.492 -25.7129 -67.317412
-62.0102 251.8694 -25.795 -67.307857
-63.5819 251.7041 -25.7766 -67.298499
-65.1861 252.5294 -25.4878 -67.289317
-66.5361 253.7075 -24.6451 -67.280316
-67.4482 255.4346 -24.2826 -67.271485
-68.0616 257.3349 -24.0645 -67.262826
-69.279 258.781 -24.0213 -67.254344
-70.6709 260.1778 -24.061 -67.24602
-71.4436 262.0159 -24.0595 -67.237861
-72.8554 263.4363 -23.888 -67.22987
-74.3055 264.6952 -23.3614 -67.222046
-75.6104 266.0079 -22.6232 -67.214378
-76.4194 267.7709 -22.2236 -67.206855
-77.0046 269.6763 -21.989 -67.199502
-77.6943 271.5617 -21.8675 -67.192317
-78.0414 273.5421 -21.7862 -67.185293
-78.9873 275.301 -21.7403 -67.178436
-80.3424 276.7952 -21.6879 -67.171751
-81.6546 278.3163 -21.6068 -67.165241
-83.1583 279.5974 -21.7854 -67.158908
-84.8953 280.6045 -21.8472 -67.152747
-86.7025 281.4584 -21.6828 -67.146764
-87.8751 282.8646 -21.0904 -67.140959
-89.4892 283.7967 -20.5891 -67.13534
-91.1007 284.9601 -20.5677 -67.129917
-92.4107 286.2858 -21.1453 -67.124678
-94.0557 286.9976 -21.9919 -67.11964
-95.7101 288.0996 -22.2545 -67.114801
-97.3406 289.2852 -22.2657 -67.110169
-98.976 289.9877 -22.9029 -67.105742
-100.2796 290.7986 -23.6291 -67.101525
-101.4799 291.8038 -22.4899 -67.097517
-103.036 292.9887 -22.0284 -67.093733
-104.6892 294.1312 -21.8834 -67.090174
-106.3559 295.2232 -22.151 -67.08684
-107.8941 296.3493 -22.6692 -67.08374
-109.1385 297.4951 -23.597 -67.080869
-110.8652 298.494 -23.4597 -67.078241
-112.4721 299.5248 -23.016 -67.075851
-113.8772 300.6139 -22.2042 -67.073707
-115.339 301.8994 -21.8314 -67.071811
-116.6463 303.427 -21.784 -67.070167
-117.9037 305.0024 -21.8441 -67.068777
-119.0254 306.6607 -22.003 -67.067642
-119.7365 308.5266 -22.2827 -67.066768
-120.0458 309.7921 -21.1758 -67.066152
-120.3335 310.3959 -19.2752 -67.065804
-120.8092 311.2425 -17.5331 -67.065723
-121.3861 312.9361 -16.6595 -67.06591
-122.3666 314.5966 -16.303 -67.066367
-123.445 316.2788 -16.4754 -67.067097
-124.5125 317.8962 -16.7048 -67.068099
-124.8879 318.6378 -14.9021 -67.069383
-124.9811 319.1413 -12.9496 -67.070942
-125.2786 319.7061 -11.0358 -67.072776
-125.7833 320.5605 -9.2875 -67.074874
-126.7853 321.2272 -7.7186 -67.077242
-128.1198 321.7372 -6.5853 -67.079888
-129.5338 322.6762 -5.6435 -67.082801
-130.8033 322.8583 -4.1103 -67.08599
-132.3486 322.5617 -2.9424 -67.089442
-133.5223 321.7567 -2.2514 -67.093158
-134.4075 321.0203 -3.7194 -67.097136
-136.141 320.0633 -3.704 -67.101366
-137.9234 319.2453 -3.5128 -67.105851
-139.8153 319.4438 -3.03 -67.110637
-141.7336 319.7231 -2.5415 -67.11562
-143.2992 318.8382 -1.8198 -67.120824
-143.6324 318.198 -3.1912 -67.126283
-144.6494 318.183 -2.5451 -67.131973
-145.6029 318.7473 -1.0864 -67.137853
-147.1116 319.1677 -0.0827 -67.143933
-149.0143 318.6505 0.3041 -67.150206
-150.835 317.9416 0.6531 -67.156651
-152.6003 318.3043 1.3039 -67.163257
-154.255 319.2248 1.8195 -67.170006
-156.1347 319.0641 1.3765 -67.176891
-157.9479 318.8394 0.6505 -67.18389
-159.8193 318.2421 0.4855 -67.190999
-161.6982 318.4908 0.8126 -67.198176
-163.3502 318.4678 1.946 -67.205415
-164.7917 318.8721 3.1901 -67.212693
-166.0348 318.4651 4.5448 -67.219972
-167.2051 317.7036 5.9108 -67.227232
-168.6856 318.3603 6.972 -67.234442
-170.5746 318.3686 7.6324 -67.241577
-172.4422 318.8037 8.0573 -67.248593
-173.7745 319.4811 7.41 -67.255496
-175.2708 319.8181 6.8918 -67.262211
-176.3866 321.0401 7.8064 -67.268716
-178.1084 321.388 8.4289 -67.274988
-179.8667 322.3331 8.1901 -67.280968
-181.7338 322.9719 7.9865 -67.286629
-183.2047 324.2061 7.6173 -67.291939
-184.6529 324.5109 6.7583 -67.296859
-186.4765 324.882 7.4149 -67.301355
-188.3601 325.5005 7.7542 -67.305383
-190.207 326.2741 7.8586 -67.308918
-191.8555 326.4884 7.2737 -67.311929
-192.3011 326.2807 5.3327 -67.314424
-192.4569 326.3027 3.3202 -67.316377
-192.6127 326.3246 1.3078 -67.317686
-192.7684 326.3466 -0.7047 -67.318342
-53.5618 234.7518 -22.4056 -67.417145
-55.3696 234.7358 -22.9279 -67.412082
-57.1775 234.7198 -23.4502 -67.407522
-58.9758 234.7413 -23.9753 -67.403434
-60.5834 235.6616 -24.1049 -67.399754
-62.2107 236.6032 -24.0421 -67.396434
-63.9306 237.3539 -24.0447 -67.393468
-65.5569 238.2591 -24.1396 -67.390831
-67.3063 238.9314 -24.1596 -67.388518
-68.8366 239.9978 -24.0522 -67.386507
-70.5332 240.314 -23.7713 -67.38479
-72.1779 239.7124 -23.3677 -67.383354
-73.9055 239.067 -23.0743 -67.382191
-75.764 238.9129 -23.0612 -67.38129
-77.5069 238.4311 -23.4834 -67.380642
-79.2728 238.5078 -23.5052 -67.38024
-81.0101 239.1307 -23.2489 -67.380078
-82.8258 239.4159 -22.9537 -67.380149
-84.5254 239.9346 -22.4418 -67.380447
-86.2406 240.0396 -21.7161 -67.380967
-87.8568 239.8217 -20.9364 -67.381706
-89.3552 239.6723 -19.8507 -67.382658
-90.7771 239.8281 -18.7653 -67.383821
-92.3262 239.5258 -18.0598 -67.38519
-94.0855 240.1028 -17.7873 -67.386761
-95.877 240.5966 -17.5579 -67.388532
-97.6988 241.0591 -17.507 -67.390502
-99.53 241.4724 -17.4393 -67.392666
-101.2527 242.1681 -17.1773 -67.395023
-102.8299 242.815 -16.4434 -67.397568
-104.4569 243.5931 -15.9937 -67.400297
-106.2956 243.7075 -16.104 -67.403216
-107.1732 243.8399 -14.6775 -67.406337
-108.3872 244.3725 -13.7017 -67.409624
-109.3454 245.4642 -12.5807 -67.413085
-110.5466 246.5332 -11.6213 -67.416725
-112.0874 247.1 -10.9503 -67.420531
-112.6927 248.1713 -9.7197 -67.42452
-113.85 248.7857 -8.6033 -67.428671
-114.9422 250.1535 -8.2414 -67.432981
-115.3929 251.8689 -7.6387 -67.437451
-116.4822 252.9605 -6.8157 -67.442065
-117.371 253.2374 -5.1806 -67.446838
-118.358 253.8356 -3.7152 -67.45175
-119.4595 254.4678 -2.3971 -67.456791
-120.9563 255.2641 -1.6822 -67.461972
-122.5163 255.9458 -1.0086 -67.467274
-123.9831 256.9071 -0.452 -67.472698
-124.7954 257.8348 0.9161 -67.478236
-125.65 259.0549 2.0473 -67.483876
-126.8265 260.4562 2.1583 -67.48962
-128.2898 261.2032 2.616 -67.495465
-129.0334 261.3894 4.2611 -67.501405
-129.2473 261.2649 6.1105 -67.507615
-129.4022 261.1437 7.9821 -67.513787
-129.5576 261.0229 9.8536 -67.519904
-129.7512 260.9235 11.7229 -67.52621
-129.9463 260.825 13.592 -67.532466
-130.1515 260.7135 15.4586 -67.538623
-130.5488 260.346 17.2477 -67.544755
-131.604 259.0778 18.099 -67.550817
-132.4067 258.2916 19.5872 -67.556831
-133.3932 257.3081 20.8241 -67.562768
-133.8044 256.3522 22.376 -67.568603
-134.6418 255.2368 23.5911 -67.574322
-135.4197 253.8392 24.4892 -67.579899
-135.7 253.4829 26.3153 -67.585334
-136.3101 252.641 27.7577 -67.590561
-136.3201 251.3179 26.4825 -67.59557
-136.8701 249.6435 26.0944 -67.600349
-137.7175 248.1362 25.6627 -67.604858
-137.6045 246.4619 25.1316 -67.609062
-137.2893 245.0053 24.2243 -67.612942
-136.6215 243.4615 23.4192 -67.616488
-135.6446 241.9497 22.8735 -67.619708
-135.3758 240.4199 22.4018 -67.622492
-136.1869 239.3032 23.0344 -67.62486
-136.341 238.0644 24.2021 -67.626791
-136.433 236.6369 25.3143 -67.628263
-136.6008 234.8539 25.6617 -67.629259
-137.1474 233.4458 25.0869 -67.629766
-10.2537 234.1313 -65.7936 -67.516633
-11.9535 235.2244 -65.4206 -67.500989
-13.2513 236.4124 -64.5554 -67.485998
-13.9825 238.2182 -64.0036 -67.471618
-13.9675 239.4333 -65.1657 -67.457789
-14.1745 240.8047 -66.5759 -67.444561
-14.74 242.3781 -67.763 -67.431869
-15.0167 243.3075 -69.5586 -67.419654
-14.9973 244.3966 -71.2899 -67.407938
-15.4806 245.6013 -72.6631 -67.396672
-16.6681 247.206 -72.2066 -67.385826
-17.3029 249.0449 -71.7718 -67.375355
-18.6676 250.382 -71.3338 -67.365243
-19.6799 251.0982 -72.0439 -67.355453
-20.4939 252.2385 -73.4165 -67.345943
-21.5912 252.7618 -72.8895 -67.337902
-21.9596 252.8176 -71.2713 -67.331344
-22.6797 254.2973 -71.5196 -67.324992
-23.6039 255.7577 -72.0067 -67.318839
-24.5721 257.236 -72.2298 -67.312871
-26.0105 258.3101 -72.2446 -67.307083
-27.3761 259.4599 -72.2196 -67.301471
-28.9516 260.3257 -72.2375 -67.295969
-30.5102 261.2195 -72.2945 -67.290705
-31.595 262.5637 -72.7018 -67.285613
-32.6547 263.9941 -72.7006 -67.280685
-33.5598 265.5319 -72.4801 -67.275923
-34.5952 266.9872 -72.4053 -67.271326
-35.2782 268.5959 -72.3691 -67.266882
-36.5462 269.7783 -72.1737 -67.262611
-37.8737 270.872 -71.8225 -67.258503
-38.8876 272.2418 -71.3145 -67.254559
-39.6217 273.7558 -70.7585 -67.250778
-40.6535 274.9959 -70.0158 -67.247164
-42.0534 275.9829 -69.5331 -67.243713
-43.5846 276.8719 -69.3005 -67.240436
-45.0655 277.8565 -69.4958 -67.237324
-45.946 279.1186 -68.7677 -67.234386
-45.8345 280.5644 -67.9551 -67.231619
-46.196 282.2235 -68.3906 -67.229029
-46.2456 283.784 -69.1293 -67.226618
-45.9356 284.9029 -69.4775 -67.224385
-46.3572 283.3243 -69.8414 -67.222329
-47.6385 284.0096 -69.6263 -67.22045
-47.8598 285.27 -68.7781 -67.218767
-47.9763 286.6481 -67.6615 -67.217273
-48.0018 287.8134 -66.394 -67.215971
-49.296 287.3623 -65.4888 -67.214866
-50.1432 286.6731 -64.1653 -67.213961
-50.2434 286.1704 -62.4405 -67.213254
-51.2742 284.9264 -61.8207 -67.212753
-52.8421 284.4426 -61.0987 -67.212457
-53.9107 283.6653 -60.0279 -67.21237
-54.752 283.3629 -58.5184 -67.212492
-55.6511 282.4981 -57.2933 -67.212825
-56.6242 281.93 -56.0196 -67.21337
-57.9991 281.9695 -54.8908 -67.21413
-59.0837 282.3361 -53.8941 -67.215106
-60.0943 282.1643 -52.7677 -67.216299
-61.4419 281.5155 -51.8651 -67.217707
-62.8626 280.827 -51.0501 -67.219334
-64.2795 280.6349 -50.0042 -67.221178
-65.804 280.5238 -49.0693 -67.223239
-66.7885 280.054 -47.7484 -67.225522
-67.9789 279.2336 -46.7905 -67.228023
-68.6552 278.446 -45.3481 -67.230742
-69.0138 277.9753 -43.6489 -67.233676
-69.4167 276.9949 -42.4398 -67.236819
-69.8247 275.5947 -42.5008 -67.240178
-70.268 276.0815 -42.6582 -67.243745
-70.9242 276.409 -41.0457 -67.247545
-71.4032 276.5871 -39.3203 -67.251528
-72.2724 276.7647 -38.0281 -67.255697
-73.2041 276.1685 -36.6914 -67.260062
-74.2918 275.5936 -35.4399 -67.264609
-75.425 274.8456 -34.2803 -67.269343
-76.9255 274.2886 -33.5609 -67.274249
-77.3251 274.3933 -31.9623 -67.279326
-77.3839 274.0953 -31.6173 -67.284613
-77.9259 274.1693 -30.1943 -67.290037
-79.5493 274.0847 -29.6223 -67.295589
-80.9279 274.149 -28.5263 -67.301276
-82.1503 274.2888 -27.2947 -67.307068
-83.1333 274.5631 -25.8399 -67.312975
-83.3586 274.0993 -24.1212 -67.318988
-83.4086 273.3363 -22.4949 -67.32506
-83.5601 272.816 -20.7795 -67.331211
-83.7705 272.4678 -19.0265 -67.337407
-84.0593 272.0789 -17.2937 -67.343601
-84.2893 271.7437 -15.5414 -67.34981
-84.9661 271.1706 -14.2656 -67.35596
-86.4465 270.5588 -13.5443 -67.362054
-87.5224 269.4821 -12.7644 -67.368076
-88.5863 270.2836 -13.3628 -67.373998
-89.344 271.7765 -13.8414 -67.379801
-90.7295 272.8654 -14.017 -67.385535
-92.0012 274.1345 -14.1202 -67.39105
-93.0728 275.5655 -14.188 -67.396305
-94.4803 276.5793 -14.1262 -67.401318
-96.2029 276.3016 -13.7358 -67.406055
-97.8612 276.4416 -13.1634 -67.410491
-99.2225 277.2086 -12.3487 -67.414592
-100.7724 276.7787 -11.5881 -67.41834
-102.4856 276.8416 -11.2384 -67.421696
-104.2435 277.0799 -11.3594 -67.42464
-105.8758 277.7134 -11.5089 -67.427141
-106.978 278.2571 -10.6069 -67.429184
-108.7214 278.4008 -10.5748 -67.430739
-110.1714 278.7473 -11.3411 -67.431792
-111.6618 279.6815 -11.4564 -67.432325
-21.5015 253.5088 -73.309 -67.339775
-22.5942 254.3623 -72.684 -67.33704
-23.4363 255.5756 -72.2611 -67.334626
-23.7952 256.2196 -73.6016 -67.332501
-24.1958 256.9175 -74.8973 -67.330677
-24.5102 257.2028 -76.431 -67.329124
-25.2575 257.9568 -77.5755 -67.327849
-25.9832 258.9049 -78.6121 -67.326832
-26.7351 259.8964 -79.3372 -67.326073
-27.7754 261.0706 -79.3699 -67.325564
-28.1276 262.1418 -78.3341 -67.325308
-14.415 228.9869 -63.4499 -67.532695
-16.1331 229.4489 -63.5343 -67.523752
-17.7421 230.1331 -63.7219 -67.515514
-19.4067 230.7023 -63.8399 -67.507969
-20.8995 231.6241 -63.8754 -67.501087
-22.4197 232.5434 -63.927 -67.494827
-23.9779 232.9794 -64.5409 -67.489169
-25.5926 233.2447 -65.0739 -67.484066
-27.3372 233.3731 -65.393 -67.479503
-29.108 233.4677 -65.4659 -67.475445
-30.8642 233.5427 -65.402 -67.471859
-32.3482 234.4256 -65.4518 -67.46872
-33.9347 234.8444 -64.9779 -67.465994
-35.6107 235.0483 -64.5372 -67.463656
-37.2988 235.2219 -64.5195 -67.461681
-38.3854 235.5894 -65.5655 -67.460038
-39.1438 235.7555 -64.0699 -67.458707
-40.4342 236.3585 -64.9633 -67.45767
-41.6538 237.408 -65.4996 -67.456905
-43.3197 237.9738 -65.7908 -67.456391
-45.0712 238.2644 -65.9288 -67.456111
-46.7994 238.6788 -65.9135 -67.456046
-48.5481 238.9796 -65.7557 -67.45618
-50.2593 239.3638 -65.4708 -67.456498
-51.9541 239.818 -65.3779 -67.456986
-53.6581 240.3081 -65.5616 -67.457628
-55.3649 240.7618 -65.7517 -67.458412
-56.9242 241.5359 -65.9538 -67.459325
-58.6438 241.8319 -66.2728 -67.460354
-59.9936 242.7156 -66.7405 -67.461487
-60.984 243.7818 -67.5294 -67.462711
-62.0855 245.146 -67.6347 -67.464014
-62.592 246.8516 -67.5474 -67.465384
-63.6958 248.1812 -67.3534 -67.466809
-65.3602 248.1365 -67.1819 -67.468278
-66.6185 247.2528 -66.7907 -67.469778
-68.2827 246.701 -66.9975 -67.471308
-69.0056 246.5375 -67.1182 -67.472832
-69.4149 247.1923 -66.2178 -67.474356
-70.5685 248.2104 -65.6787 -67.47586
-72.1021 248.9573 -65.1628 -67.47733
-73.5226 249.8734 -64.6789 -67.478757
-74.9049 250.917 -64.2744 -67.480124
-76.1941 252.0464 -63.8017 -67.481419
-77.6751 252.694 -63.2164 -67.482631
-78.9054 253.7897 -63.1101 -67.483748
-80.0531 255.1107 -63.1909 -67.484758
-81.4092 256.2087 -63.4316 -67.48565
-83.1166 256.5971 -63.7243 -67.486413
-84.8053 256.9649 -63.8465 -67.48704
-86.3232 257.8036 -63.7447 -67.487521
-88.0463 257.7843 -63.4146 -67.487847
-89.5568 258.6367 -63.0658 -67.488013
-79.8558 209.6969 -1.6956 -68.999636
-80.9345 210.9313 -0.8747 -68.991243
-81.8718 212.3265 -0.0936 -68.983338
-83.0145 213.649 0.4105 -68.975906
-83.35 215.4299 0.5242 -68.968929
-84.7236 216.0877 0.5245 -68.962391
-85.8365 216.8501 1.5461 -68.956264
-86.4751 218.3432 2.3648 -68.950565
-87.6889 219.3419 3.0091 -68.945261
-89.3832 219.625 3.5112 -68.940341
-90.5679 220.9942 3.9392 -68.935779
-91.9993 222.1339 4.2769 -68.931563
-93.1066 223.0567 5.3451 -68.927663
-94.2451 224.3484 6.04 -68.924069
-95.1955 225.7846 6.6504 -68.920771
-96.1469 227.1811 6.1703 -68.917754
-97.5307 228.1499 5.5656 -68.914996
-97.6555 229.6726 4.5217 -68.912484
-98.2632 230.7709 4.9578 -68.910205
-99.4213 231.1534 5.7424 -68.908156
-100.7458 231.4122 4.7237 -68.906321
-101.8502 232.6408 4.2535 -68.904692
-103.1436 233.9354 4.0273 -68.90326
-104.4921 234.4164 4.8558 -68.902017
-105.6117 233.6885 5.7966 -68.900948
-106.7274 232.3194 6.4016 -68.900043
-107.441 230.7522 6.8747 -68.899317
-107.4488 229.0255 7.5014 -68.898753
-107.9411 227.3511 8.131 -68.898345
-107.0902 226.8712 8.9862 -68.898088
-106.1496 226.513 10.1833 -68.897973
-105.9516 226.2598 12.0223 -68.898
-105.4787 225.2922 12.0054 -68.898162
-105.2249 224.5846 10.2988 -68.898456
-104.7784 223.6625 9.5999 -68.898874
-104.7066 222.6921 11.0296 -68.899416
-105.026 220.965 11.6033 -68.900073
-104.6066 219.9029 12.8153 -68.900844
-103.3942 219.8352 14.0764 -68.901722
-104.3073 219.9043 13.553 -68.902701
-105.885 218.9419 13.3792 -68.903778
-107.2676 218.4747 12.6842 -68.904946
-108.1193 218.5469 11.0406 -68.906202
-108.3962 219.4541 11.7193 -68.907533
-109.0143 219.6825 13.4653 -68.90894
-109.7221 219.9831 15.1561 -68.910403
-110.6667 219.9703 16.4989 -68.911913
-112.0003 218.9022 16.8845 -68.91347
-113.4433 217.9794 16.4775 -68.915059
-114.7081 217.1333 15.6968 -68.916674
-115.2947 216.7255 13.9743 -68.918305
-115.5962 216.7912 12.1637 -68.919953
-115.7677 217.1126 10.3327 -68.921589
-115.4309 217.0746 11.1227 -68.923192
-116.1181 217.6962 12.116 -68.924806
-117.3855 218.3763 13.3061 -68.92635
-118.8798 218.8959 14.099 -68.927811
-120.5533 219.5755 14.5055 -68.929195
-122.3465 220.0233 14.7431 -68.930489
-124.1585 220.1151 14.949 -68.931685
-125.565 221.2324 14.8597 -68.932767
-126.6064 222.7478 14.7267 -68.933723
-127.1945 224.5052 14.537 -68.934543
-127.9351 226.1832 14.2547 -68.935216
-129.0224 227.5634 14.5865 -68.935732
-130.1181 229.0198 14.5982 -68.936083
-131.2201 230.4645 14.2522 -68.936262
47.5528 -96.076 13.5667 -76.067306
47.0015 -95.2803 13.5986 -76.067481
46.7344 -94.3274 13.6342 -76.067567
27.7081 -94.2683 18.8592 -76.146367
26.226 -93.6204 19.8024 -76.146773
24.7439 -92.9726 20.7456 -76.147043
23.2618 -92.3248 21.6888 -76.147209
23.8038 -92.3745 21.7835 -76.147289
54.7481 -88.0637 17.871 -76.015268
97.3169 -66.6493 31.3652 -75.95402
99.3506 -67.4491 30.897 -75.954284
101.3843 -68.2489 30.4289 -75.954469
103.4181 -69.0488 29.9607 -75.954597
105.4518 -69.8486 29.4925 -75.954685
104.935 -70.7499 28.9784 -75.954739
104.6139 -70.6388 26.7694 -75.954766
96.937 -66.473 30.8282 -75.953884
44.0154 -65.7095 15.6069 -75.853801
44.0102 -66.3692 14.8486 -75.854035
44.1586 -67.2141 14.3402 -75.85415
-4.665 -9.0685 -0.0051 -71.562254
-3.3078 -10.3003 -0.0154 -71.769417
-1.9532 -11.5348 -0.0257 -71.975823
-0.7426 -12.7803 -0.0459 -72.316711
0.4334 -13.9291 -0.0935 -72.787373
1.4466 -15.2471 -0.185 -73.249779
3.5554 -27.7322 1.4257 -73.893424
8.6107 -41.3653 6.7974 -74.396367
22.8794 -62.2772 10.5055 -75.338933
26.4745 -64.8588 13.9793 -75.462693
29.0535 -67.1183 14.3116 -75.540725
42.1418 -73.5431 16.2509 -75.808768
47.2069 -85.1931 18.1557 -75.982489
44.6639 -89.9679 15.7857 -76.041811
47.7449 -96.3203 13.6398 -76.065386
78.4149 -177.3628 14.5582 -76.216048
95.2227 -265.7699 17.0719 -76.30197
48.1056 -320.1106 18.1187 -76.348347
-10.9476 -383.6056 22.9817 -76.368906
-40.36 -432.7473 17.7175 -76.370107
28.7834 -94.5812 17.274 -76.138635
14.3097 -106.6143 20.8227 -76.203863
2.7577 -126.0427 26.0848 -76.244157
-45.0792 -189.1405 27.4734 -76.289808
30.9775 -170.2053 31.4202 -76.26062
28.3969 -94.5693 18.0599 -76.144656
-40.2348 -104.2908 -5.8163 -76.25459
-111.9958 -139.102 2.509 -76.298303
54.6562 -87.9717 17.7384 -76.013083
111.8824 -135.9529 29.1893 -76.192134
164.8572 -185.7356 20.1853 -76.281593
213.7243 -226.7876 32.011 -76.315841
43.9697 -65.4565 15.7766 -75.850961
45.5333 -62.1584 17.8534 -75.86735
96.2419 -66.2233 31.6259 -75.953593
2.1326 -22.0656 -2.5814 -73.690031
6.2653 -35.3706 6.4938 -74.163844
8.3143 -40.7868 6.7183 -74.585844
15.4942 -50.7521 4.9673 -74.896966
19.5156 -57.7327 7.1557 -75.188526
24.2121 -63.3654 12.9105 -75.402255
27.7984 -65.9637 14.1964 -75.502432
35.2991 -71.3414 15.5234 -75.679987
45.9552 -78.4006 18.2802 -75.900924
45.9541 -87.9136 17.638 -76.013362
46.0845 -93.1486 14.7482 -76.056467
52.1518 -103.9606 11.3242 -76.086655
58.8833 -119.603 12.0998 -76.119115
62.6461 -133.0235 18.7767 -76.14905
68.7987 -150.479 18.27 -76.17743
75.478 -168.4071 16.0379 -76.203937
80.7201 -186.7623 13.7215 -76.228097
86.0397 -202.1519 18.4658 -76.246379
88.9594 -219.8372 14.0604 -76.263401
92.3483 -238.1707 14.3683 -76.279778
94.4112 -256.1543 16.5595 -76.295198
95.282 -267.4858 16.3224 -76.308699
95.3059 -280.3632 10.9397 -76.318302
82.392 -291.8157 13.1552 -76.327354
66.6134 -301.8126 13.5179 -76.336344
55.8832 -314.8401 17.1156 -76.344924
42.621 -325.3136 19.0805 -76.351726
32.9705 -340.7608 23.6528 -76.355776
23.9361 -354.8041 21.203 -76.359667
9.6225 -366.7531 22.7517 -76.363808
-4.6074 -378.3071 21.4152 -76.367815
-16.9731 -389.755 18.9726 -76.36996
-27.5688 -401.1213 14.9527 -76.369973
-39.573 -411.7299 14.9204 -76.369986
-40.6381 -420.4638 25.2112 -76.370402
-40.4069 -426.6412 14.8914 -76.370855
-41.6738 -434.0686 12.5022 -76.369325
-35.1298 -447.795 10.0223 -76.366126
-30.511 -455.7937 6.7671 -76.36314
-26.4654 -460.7911 2.4423 -76.360971
-24.2919 -464.5784 0.2402 -76.359844
37.1249 -94.0849 14.9718 -76.094213
20.7736 -99.7756 22.2184 -76.174896
11.0172 -108.5614 18.7473 -76.213562
5.909 -113.1292 24.1737 -76.226818
4.7649 -121.3499 27.2758 -76.238465
-3.9067 -133.7894 26.1237 -76.251977
-16.2236 -149.0836 26.7198 -76.26265
-17.7909 -159.6216 22.5822 -76.271986
-30.8645 -168.2845 21.4997 -76.280477
-40.3768 -181.2163 24.3391 -76.287722
-50.8898 -195.8899 27.7601 -76.29182
-59.8432 -207.2909 27.0024 -76.292303
-63.453 -209.2381 15.4152 -76.291946
-64.2909 -212.4765 11.1044 -76.291481
-69.7086 -217.4653 14.9612 -76.29119
-1.3141 -131.2728 34.9295 -76.247297
15.7442 -115.5027 24.1983 -76.214741
21.9499 -133.9863 25.1312 -76.227911
26.8898 -147.4387 25.6301 -76.239215
28.6429 -155.1273 32.7495 -76.24931
28.6017 -167.7997 33.6747 -76.257881
33.7647 -170.9041 21.6446 -76.263405
35.3986 -176.6564 11.4651 -76.265125
39.8278 -180.409 -7.3747 -76.265668
28.4843 -94.572 17.6083 -76.142887
24.075 -93.3058 9.4058 -76.161142
15.5128 -90.8025 -8.4542 -76.185759
-0.0475 -89.6597 -13.0268 -76.207894
-13.9393 -94.7328 -4.0497 -76.228333
-31.0534 -101.5497 -4.3571 -76.246811
-48.3446 -108.1087 -4.4853 -76.262318
-60.3769 -111.0796 -1.1234 -76.272577
-77.9711 -113.5102 3.296 -76.281426
-92.0999 -121.9743 4.6219 -76.289457
-105.6825 -132.44 0.8972 -76.296335
-119.8735 -141.3568 5.959 -76.300085
-132.8113 -151.1601 6.979 -76.300481
-147.2952 -155.5423 4.0924 -76.300111
-153.368 -158.2725 7.6335 -76.299656
-168.793 -159.6906 7.6228 -76.29938
50.8433 -86.5895 17.9535 -76.001432
61.2357 -92.3404 14.5899 -76.039806
72.1897 -102.125 21.0158 -76.079762
85.4059 -115.7278 22.6939 -76.115563
96.1046 -123.0147 27.5352 -76.14856
106.3877 -128.7142 28.8233 -76.178638
119.3522 -141.0891 32.8119 -76.205546
133.3865 -151.0456 27.4274 -76.225382
140.4642 -156.8554 25.7903 -76.243299
152.3124 -169.1266 29.8767 -76.26002
161.5491 -182.1636 26.4505 -76.275267
167.3763 -187.9265 20.8501 -76.287847
178.0174 -198.4202 27.7655 -76.295837
190.5879 -201.853 17.5881 -76.302716
198.4764 -209.0366 23.2285 -76.309018
206.4978 -222.3967 29.9785 -76.314419
216.4485 -231.2363 29.6641 -76.317162
219.3592 -241.6667 28.5636 -76.31708
217.6919 -257.4839 32.1794 -76.316374
212.7961 -271.781 39.8533 -76.315692
208.8344 -287.7139 39.3838 -76.315289
43.1478 -69.6198 16.0595 -75.836126
45.0982 -63.5211 16.1223 -75.859942
50.7937 -61.6079 11.0465 -75.88362
63.7547 -58.5312 9.7712 -75.905247
75.049 -60.4617 16.3877 -75.922593
83.0968 -60.7333 25.9161 -75.936916
91.3447 -63.64 26.8113 -75.9487
106.4082 -69.1292 24.6495 -75.959729
123.1559 -72.5629 28.9251 -75.967182
143.1961 -75.9244 28.8652 -75.970806
46.1286 -55.224 14.5026 -75.878175
37.6417 -45.2763 18.4222 -75.887774
22.8448 -43.0894 21.8828 -75.89206
