-0.8015 -1.2678 -0 -72.971607
-3.2062 -5.0715 -0 -72.97018
-5.0765 -8.0299 -0 -72.969211
-6.4123 -10.1429 0.0262 -72.968904
-8.0143 -12.677 0.1283 -72.968472
-8.8146 -13.9429 0.1666 -72.968153
-8.2187 -14.5214 0.2948 -72.967809
-8.7411 -16.3672 0.5247 -72.9669
-10.0309 -17.8905 1.1419 -72.965745
-11.386 -19.3222 1.89 -72.964624
-12.7254 -20.8552 2.392 -72.963566
-14.0432 -22.4116 2.6217 -72.962308
-14.6972 -24.3185 2.0715 -72.960778
-15.5306 -26.234 2.0482 -72.959114
-16.1094 -27.8038 2.3068 -72.957672
-14.7796 -28.9827 3.1257 -72.95646
-13.6062 -30.5844 3.6202 -72.955243
-12.2537 -32.1091 3.9089 -72.954023
-11.1222 -33.7683 4.2796 -72.952796
-10.1932 -35.2295 5.196 -72.951565
-9.3619 -36.7283 6.3117 -72.950328
-8.5851 -38.2492 7.4144 -72.949088
-7.5935 -39.8435 8.2499 -72.947843
-6.8916 -41.4349 9.2193 -72.946587
-6.2727 -43.3267 9.6108 -72.945329
-5.7427 -44.6215 10.9758 -72.944058
-5.2774 -45.3085 12.8612 -72.942783
-4.5701 -46.2857 12.7646 -72.941503
-3.9187 -47.0128 11.0346 -72.940216
-3.487 -47.3534 9.0584 -72.938917
-3.1601 -48.3203 10.2056 -72.937613
-2.5906 -49.7167 11.29 -72.936315
-2.064 -51.2649 10.2609 -72.935009
-1.9023 -53.0628 10.2828 -72.933699
-1.2374 -53.7481 8.8883 -72.932374
-0.2338 -55.4757 8.438 -72.931051
0.9268 -57.1391 8.1846 -72.929722
2.1659 -58.7648 8.26 -72.928387
2.7966 -60.3652 9.2072 -72.927044
3.5606 -62.0815 8.7826 -72.925696
4.1051 -63.9769 8.2533 -72.92434
4.7728 -65.8913 8.0534 -72.922981
5.555 -67.7898 8.1794 -72.921618
5.4215 -69.7319 8.5591 -72.920251
5.3722 -71.1779 9.39 -72.918873
6.6015 -72.8224 9.4344 -72.917492
7.9091 -74.3345 9.4579 -72.916105
9.1469 -75.9691 9.4502 -72.914713
10.0298 -77.8076 9.4917 -72.913318
10.7723 -79.6982 9.5101 -72.911915
12.3735 -80.8411 9.4583 -72.91051
13.4145 -82.6176 9.4397 -72.909099
14.1594 -84.5026 9.6273 -72.907681
14.908 -86.352 10.0263 -72.906259
15.6285 -88.1574 10.421 -72.904833
16.2688 -90.0988 10.1972 -72.9034
16.8061 -92.0324 10.2983 -72.901965
18.0591 -93.5211 10.9131 -72.900525
19.0692 -95.1762 11.592 -72.899081
20.0514 -96.8019 12.3554 -72.897634
20.7986 -98.4251 13.1509 -72.896181
22.3425 -99.643 13.6764 -72.894724
23.1324 -101.4525 13.8694 -72.893264
24.2278 -103.1764 13.8286 -72.891799
25.7948 -104.4654 13.8973 -72.890332
27.3532 -105.7951 13.951 -72.888862
28.4996 -107.4233 13.9547 -72.887388
30.0108 -108.56 13.6639 -72.88591
31.1081 -108.6091 12.0588 -72.884404
29.9694 -109.9097 10.9348 -72.882783
28.8308 -111.2104 9.8109 -72.881199
27.6922 -112.511 8.6869 -72.879652
26.8377 -113.4766 7.7017 -72.878123
28.1153 -111.9666 8.2837 -72.876502
29.3929 -110.4565 8.8658 -72.874919
30.6706 -108.9464 9.4479 -72.873376
31.1787 -108.9746 10.7509 -72.87182
31.0798 -109.3078 12.7833 -72.870259
31.1974 -110.3892 14.0207 -72.868725
31.8589 -112.2436 14.4776 -72.867199
32.2207 -114.0808 14.8897 -72.865671
32.3754 -116.0895 14.7382 -72.864142
33.2282 -117.7627 14.1097 -72.862612
34.0263 -119.6079 13.7086 -72.861083
34.4263 -121.5938 13.4703 -72.859555
34.6735 -123.5948 13.4834 -72.858027
34.4631 -125.6138 13.6554 -72.856501
35.477 -127.1975 13.9548 -72.85498
36.4488 -128.3733 14.9241 -72.853451
36.0423 -130.1872 15.3722 -72.851918
35.1621 -131.5518 15.4371 -72.850394
35.6418 -129.8523 14.8263 -72.848883
35.0348 -128.0619 14.2107 -72.847376
35.5446 -129.8444 14.1534 -72.84587
35.6291 -131.8577 14.0497 -72.844374
34.8485 -133.6181 13.7199 -72.842885
34.2995 -135.3089 12.7219 -72.841402
33.9891 -137.2127 12.2496 -72.83993
34.6951 -139.1364 12.158 -72.838467
34.4342 -141.0719 12.4762 -72.837015
34.9496 -142.8915 13.1328 -72.83557
35.1207 -144.6736 12.8365 -72.834141
36.0553 -146.4708 12.5635 -72.832725
36.5162 -147.9232 11.2272 -72.831315
37.0821 -149.6924 10.5935 -72.829929
38.1845 -151.3675 10.8233 -72.82856
38.9786 -152.5573 11.4668 -72.827206
38.5512 -154.4927 11.7745 -72.825865
38.9845 -156.4817 12.0272 -72.824541
38.8087 -158.4686 12.102 -72.823241
39.4316 -160.3993 12.1561 -72.821965
40.017 -162.1492 11.7738 -72.820711
39.9044 -164.0643 11.3068 -72.819485
40.4166 -165.9089 10.6066 -72.818286
41.3853 -167.5493 10.7632 -72.817118
42.1247 -169.1267 11.6727 -72.815981
42.1485 -170.8263 12.6221 -72.814875
41.2541 -172.1527 13.7028 -72.813807
41.3329 -173.6405 14.3131 -72.812776
41.6008 -174.8677 12.6805 -72.811781
41.8738 -176.7997 12.275 -72.810832
42.7438 -178.5456 11.9564 -72.809927
43.2439 -180.4578 12.0397 -72.80907
43.3656 -182.4295 12.4106 -72.80826
43.6747 -184.2146 13.2717 -72.807501
44.1736 -186.1236 13.8383 -72.806798
44.3535 -187.9066 14.7675 -72.806151
44.8726 -189.5685 15.6922 -72.805564
45.4404 -191.1005 14.5715 -72.805039
46.1386 -192.9259 14.1459 -72.804581
46.6287 -194.8895 13.783 -72.804191
47.9055 -196.4354 13.3908 -72.803873
49.0241 -197.9564 13.467 -72.803629
49.8322 -199.3762 13.2319 -72.803463
51.04 -200.3986 12.0409 -72.803378
-16.8109 -27.3553 2.8101 -72.957833
-17.497 -28.3029 4.2038 -72.956965
-18.1984 -29.271 5.5067 -72.956118
-18.2577 -29.3412 3.7473 -72.955133
-18.2679 -29.344 1.9276 -72.954172
-18.2781 -29.3467 0.108 -72.953236
-18.2883 -29.3494 -1.7116 -72.952326
-18.2985 -29.3522 -3.5313 -72.951441
-18.8534 -30.5664 -3.9808 -72.95057
-18.8107 -32.318 -3.8597 -72.949692
-19.3066 -34.0554 -3.7456 -72.948811
-18.9488 -34.5418 -2.2544 -72.947922
-18.3075 -35.7012 -1.0566 -72.947029
-18.003 -37.2922 -0.254 -72.946134
-17.2153 -38.7422 0.5062 -72.945237
-17.2992 -40.1694 1.5541 -72.944334
-17.1185 -41.7267 2.3954 -72.943427
-17.083 -42.8762 3.6698 -72.942511
-17.3639 -44.4413 4.545 -72.941594
-18.2212 -45.6938 5.2818 -72.940678
-18.9632 -46.7735 4.1464 -72.939758
-19.2427 -47.6114 2.5633 -72.938828
-19.7572 -49.1601 2.2576 -72.937904
-20.0441 -50.8741 2.5491 -72.936979
-20.3286 -52.4364 3.2684 -72.936054
-19.8077 -53.8024 3.6098 -72.935125
-19.2008 -54.6661 2.2731 -72.934189
-18.7221 -56.0354 2.9434 -72.93325
-18.7365 -56.729 4.1896 -72.932313
-18.8997 -58.1413 5.2798 -72.93138
-18.8149 -59.8936 5.7078 -72.930451
-18.9822 -61.072 7.0484 -72.92952
-19.3934 -62.5349 8.0119 -72.928598
-19.547 -63.8484 9.0694 -72.927674
-19.5772 -65.5723 8.63 -72.926763
-19.258 -67.3139 8.3405 -72.925857
-19.7508 -69.0603 8.364 -72.924962
-19.9946 -70.8175 8.7102 -72.924071
-19.8037 -72.5539 9.1873 -72.923191
-19.7201 -74.3251 9.5635 -72.92232
-20.2567 -75.9938 9.7611 -72.921461
-19.7758 -77.7066 9.8918 -72.920614
-19.8692 -79.394 10.0722 -72.919783
-20.6153 -80.6503 10.7965 -72.918967
-20.8101 -82.0334 11.1362 -72.918172
-21.8468 -83.2751 10.5156 -72.917396
-22.3598 -84.646 11.4203 -72.916642
-22.8139 -86.2646 12.0203 -72.915911
-22.9433 -87.4114 13.1988 -72.915199
-23.2601 -88.7922 14.1473 -72.914518
-23.5187 -90.5915 14.1567 -72.913871
-23.7693 -92.3875 14.2837 -72.913257
-23.9193 -94.161 14.5659 -72.912677
-24.765 -95.4177 14.2775 -72.912135
-25.6946 -96.5629 13.7452 -72.911634
-26.3361 -98.2508 13.7081 -72.911176
-26.22 -99.6251 14.4174 -72.910757
-26.029 -100.2322 16.1217 -72.910389
-25.98 -100.9366 17.7977 -72.910073
-26.1774 -101.1961 19.58 -72.909805
-26.4133 -101.3806 21.3748 -72.909604
-26.5757 -102.9017 22.0388 -72.909469
-26.565 -104.1061 22.8298 -72.909399
-10.4886 -18.1238 0.6694 -72.964797
-10.4015 -18.057 0.4643 -72.964121
-11.3637 -19.3353 1.4826 -72.963311
-12.4409 -20.4928 2.3203 -72.962354
-13.7335 -21.882 2.6066 -72.961315
-14.3525 -23.4451 1.6476 -72.960269
-14.7639 -24.7529 0.4153 -72.959219
-15.0123 -25.6795 -1.2982 -72.958161
-14.7483 -27.3027 -2.2341 -72.9571
-14.1682 -28.7546 -3.3613 -72.95603
-14.1335 -30.3237 -2.5621 -72.954954
-14.176 -32.0715 -1.7097 -72.953874
-14.076 -33.7889 -0.9359 -72.952789
-13.8862 -35.6563 -1.4771 -72.951699
-13.5408 -37.5381 -1.8551 -72.950605
-12.9254 -39.3671 -2.0095 -72.949502
-12.8947 -41.2639 -2.5483 -72.948396
-12.5093 -43.0891 -2.3969 -72.947285
-11.8636 -44.7358 -1.5183 -72.946162
-11.3409 -46.4019 -0.6056 -72.945034
-11.0233 -47.5467 0.9658 -72.943893
-10.5913 -48.4457 2.6789 -72.942755
-10.1405 -50.0833 3.3431 -72.941613
-10.2934 -51.7904 2.9275 -72.940465
-10.88 -52.8858 1.4404 -72.939307
-11.0363 -54.4811 1.7038 -72.938148
-11.1458 -56.3254 2.378 -72.936984
-10.357 -57.7555 3.4384 -72.935813
-10.1358 -58.8326 4.9901 -72.934636
-10.3077 -60.6124 5.6598 -72.933453
-11.2813 -62.2927 6.0116 -72.932266
-11.7958 -64.1934 6.181 -72.931075
-12.4342 -66.0517 6.3974 -72.929877
-11.9522 -67.7789 6.8906 -72.928672
-11.6762 -69.0382 8.2561 -72.927464
-11.713 -70.0381 9.9612 -72.926251
-11.8555 -70.9146 11.6774 -72.925026
-12.8132 -71.5235 13.2459 -72.923802
-13.5753 -72.2336 12.7301 -72.922573
-14.1638 -73.7043 11.8882 -72.921342
-14.4131 -75.2707 10.815 -72.920108
-13.5782 -77.0011 10.3425 -72.918869
-13.3259 -78.9499 10.1371 -72.917626
-13.3622 -80.9141 10.3308 -72.916383
-14.2376 -82.5066 10.9807 -72.915139
-14.7845 -84.1023 11.9265 -72.913889
-15.3519 -85.4422 12.6525 -72.912637
-15.7865 -86.6616 12.098 -72.91138
-16.5522 -87.7496 13.5364 -72.910122
-17.1687 -89.5648 13.8022 -72.908867
-18.2162 -91.1682 13.885 -72.90761
-19.5493 -92.634 13.9514 -72.906353
-20.3209 -94.4426 13.8656 -72.905096
-21.0095 -96.2837 13.6721 -72.90384
-21.3384 -97.8523 13.9673 -72.902572
-21.6939 -97.8965 15.9193 -72.90129
-22.3276 -98.0602 17.7316 -72.900029
-21.887 -98.9874 16.7979 -72.898758
-22.8153 -99.7306 15.3374 -72.897506
-24.3779 -100.6691 14.7056 -72.89626
-24.3457 -102.6276 14.3888 -72.895022
-24.5768 -104.5617 14.2213 -72.893791
-24.8282 -106.5067 14.2205 -72.892566
-25.0574 -108.4614 14.1941 -72.891351
-25.5558 -110.3378 14.0236 -72.890144
-26.9412 -111.6652 13.5497 -72.888946
-27.6548 -113.1993 12.651 -72.88776
-27.9593 -114.1646 11.0361 -72.886572
-28.3565 -115.3746 10.0919 -72.885416
-29.1471 -116.4978 9.0352 -72.884268
-29.5399 -117.0458 7.1689 -72.883126
-29.9596 -117.6548 5.3281 -72.88201
-30.9613 -118.935 4.5188 -72.880921
-32.1435 -120.2324 4.6581 -72.879851
-32.9363 -121.0473 6.2793 -72.8788
-33.621 -122.2206 7.5953 -72.877777
-33.9105 -123.585 8.7937 -72.876779
-34.4873 -124.3869 10.3397 -72.875809
-35.0405 -125.7656 11.4307 -72.874874
-34.701 -127.6323 11.772 -72.873971
-35.3063 -129.4991 11.9181 -72.873101
-35.9903 -131.3268 11.7835 -72.87227
-37.6819 -132.1342 11.31 -72.871479
-38.5009 -133.4806 10.3217 -72.87073
-38.4967 -134.7419 8.9782 -72.870023
-39.2613 -136.1191 9.0235 -72.869366
-39.6486 -137.8732 9.0943 -72.868761
-40.3927 -139.5578 8.4232 -72.868211
-41.3357 -141.2284 8.0319 -72.867718
-41.7461 -143.1332 7.6854 -72.867284
-42.0138 -145.0056 7.4829 -72.866915
-41.9887 -146.6225 8.5512 -72.866611
-43.1363 -148.1444 8.915 -72.866379
-43.8626 -149.8828 8.3731 -72.866221
-44.926 -151.4033 7.7386 -72.866139
-9.353 -14.8211 0.2731 -72.967657
-11.0559 -15.5864 0.7158 -72.966767
-12.8605 -15.9487 1.177 -72.965669
-14.323 -16.6873 2.6356 -72.963637
-15.6273 -17.7486 4.2904 -72.961933
-16.5612 -19.3299 4.837 -72.961161
-17.0333 -20.2944 6.2453 -72.960294
-17.8874 -21.5361 7.3823 -72.959405
-18.8508 -22.9769 8.1796 -72.958513
-19.5099 -24.5801 8.9543 -72.957615
-19.7318 -25.6734 10.3712 -72.956707
-19.6375 -26.5275 11.987 -72.955788
-20.9183 -27.5166 12.4491 -72.954872
-21.2964 -29.0814 13.3143 -72.953948
-21.83 -30.7644 14.0149 -72.953018
-22.4092 -32.288 14.7504 -72.952082
-23.1716 -32.8787 16.4102 -72.95113
-23.4458 -33.3976 17.1662 -72.950186
-23.9797 -35.1098 17.8018 -72.949233
-25.2888 -36.4276 18.1128 -72.948277
-26.4013 -37.9363 18.2431 -72.947318
-27.2908 -39.5473 18.3867 -72.946352
-28.9068 -40.2841 18.3568 -72.945382
-28.8386 -41.8551 18.071 -72.944406
-30.0593 -43.3052 18.0707 -72.943427
-30.6546 -44.9959 18.2212 -72.942441
-31.4097 -46.5757 18.3297 -72.94145
-32.6885 -47.8644 18.2798 -72.940457
-33.6705 -49.4532 18.3794 -72.939464
-34.3435 -51.1833 18.7706 -72.938467
-35.0428 -52.643 19.7515 -72.937466
-35.9334 -53.9164 20.8542 -72.936465
-36.4958 -55.5633 21.6175 -72.935465
-37.1515 -57.2664 22.1901 -72.934465
-37.503 -58.9135 22.7742 -72.933459
-37.2767 -60.629 23.5408 -72.932452
-38.3487 -62.1152 24.0868 -72.93145
-38.7835 -63.8894 24.6417 -72.93045
-39.0307 -65.5698 25.4324 -72.929453
-39.2448 -67.4312 25.7075 -72.928457
-39.4113 -69.2406 26.1323 -72.927467
-38.2265 -70.1613 27.1367 -72.926481
-37.9293 -71.6381 28.1838 -72.925495
-36.7386 -72.8721 28.5562 -72.92452
-35.4143 -74.1273 28.8617 -72.923554
-33.8413 -75.1427 29.2839 -72.922574
-32.9832 -76.7229 29.5771 -72.921624
-33.6399 -75.092 29.1649 -72.92067
-33.1635 -76.3575 28.5144 -72.919734
-32.6394 -77.9449 29.3953 -72.918812
-31.5586 -79.4236 29.8926 -72.917891
-30.8094 -81.0765 30.3763 -72.916991
-31.5811 -82.6547 30.6865 -72.916121
-31.7168 -84.5489 30.8274 -72.915273
-31.5105 -86.4537 30.8357 -72.914449
-31.5377 -88.3667 30.7633 -72.91365
-31.4829 -90.279 30.6456 -72.912879
-31.9235 -92.1277 30.4947 -72.912139
-32.2806 -93.9944 30.2829 -72.911433
-33.2826 -95.4749 30.073 -72.910762
-34.2923 -96.3147 29.212 -72.910127
-33.7984 -97.5646 29.0456 -72.90953
-33.365 -98.5644 30.3242 -72.908974
-34.9529 -99.5888 30.5864 -72.908468
-35.3561 -101.2379 30.5528 -72.908011
-35.425 -102.1901 29.7785 -72.907606
-35.4381 -103.6106 30.0236 -72.907258
-35.4329 -104.9525 28.8355 -72.906972
-35.4888 -106.6151 28.0477 -72.906752
-35.1318 -108.0258 29.2064 -72.906601
-34.5346 -109.5447 30.0645 -72.906523
-15.445 -16.6758 3.4162 -72.961924
-17.1123 -16.5493 2.7023 -72.961165
-18.8242 -16.1183 2.2844 -72.960309
-20.5247 -15.3962 2.2003 -72.959438
-22.3116 -15.3473 2.4856 -72.958564
-24.0423 -14.9367 2.9859 -72.957679
-25.7912 -14.8802 3.5418 -72.956788
-27.6376 -14.8877 3.7424 -72.955893
-29.4617 -14.8882 3.7168 -72.954992
-31.2202 -15.3922 3.5297 -72.954081
-32.7539 -15.8243 2.9445 -72.95316
-34.0829 -16.2305 1.7975 -72.952235
-35.3566 -17.1047 0.7776 -72.951305
-36.7811 -17.3591 0.0703 -72.950374
-38.4049 -17.2529 0.8951 -72.949437
-40.1857 -16.9717 1.2216 -72.948494
-41.9745 -17.3706 1.348 -72.947546
-43.6645 -17.7288 1.1737 -72.946591
-45.1638 -16.9527 0.472 -72.945632
-46.3865 -16.2335 -0.6264 -72.944665
-48.1583 -16.038 -0.1893 -72.943692
-49.5586 -16.5997 0.7893 -72.942713
-50.6275 -17.7832 1.5574 -72.941732
-52.4581 -17.9497 1.6886 -72.940746
-54.2203 -17.8442 1.1278 -72.939757
-55.6575 -18.4041 0.1681 -72.938761
-57.139 -19.2179 -0.5793 -72.937761
-58.8775 -19.6978 -0.9928 -72.93676
-60.4992 -20.5497 -0.8751 -72.935758
-62.2699 -20.9516 -0.784 -72.934753
-63.9605 -21.4851 -1.2025 -72.933737
-65.769 -21.6468 -1.2364 -72.932727
-67.4074 -21.948 -2.0416 -72.931716
-69.2303 -22.0478 -2.2783 -72.930706
-71.0405 -22.3933 -2.2 -72.929692
-72.76 -22.6876 -1.8978 -72.928681
-74.4248 -22.1245 -1.3042 -72.927671
-75.468 -21.5676 0.0962 -72.926661
-76.805 -21.0117 0.8974 -72.925653
-78.6304 -21.1688 0.7939 -72.924654
-80.2126 -21.6023 1.4208 -72.923658
-81.9055 -21.4802 1.8938 -72.922669
-83.3789 -20.5725 2.4839 -72.921686
-84.8475 -20.092 3.3977 -72.920712
-85.8797 -19.4106 4.4732 -72.919743
-86.9877 -17.9771 4.3817 -72.918788
-88.4094 -16.917 4.436 -72.917846
-89.1332 -16.2863 5.8123 -72.916906
-89.6827 -16.0961 7.5766 -72.915983
-90.6073 -14.9923 8.5732 -72.915085
-91.6573 -14.5236 9.9347 -72.914207
-92.216 -13.6924 11.4126 -72.91334
-93.3323 -12.5367 11.3011 -72.912508
-94.3529 -11.3333 10.4637 -72.9117
-95.9243 -11.359 10.3327 -72.910919
-97.085 -12.6874 10.4076 -72.910169
-98.637 -11.9209 10.4364 -72.909451
-99.8512 -10.5582 10.1484 -72.908771
-101.1467 -9.2581 9.9913 -72.908127
-102.9108 -8.8466 10.0308 -72.907525
-104.2043 -7.6318 10.4372 -72.906971
-105.7848 -7.7377 11.2376 -72.906463
-107.5295 -7.7352 11.7584 -72.906007
-108.7114 -6.5165 12.2914 -72.905606
-108.6826 -5.013 12.9437 -72.905261
-109.4316 -4.9691 14.0337 -72.904977
-110.9911 -5.321 13.2911 -72.904759
-112.3812 -4.7789 12.2565 -72.90461
-113.4541 -4.4164 10.8172 -72.904533
-15.5545 -17.632 4.3033 -72.96198
-16.8149 -18.3686 5.0193 -72.961353
-18.1535 -17.7371 5.9254 -72.960639
-19.3957 -17.6568 7.1162 -72.959909
-20.6245 -17.4395 8.329 -72.959176
-21.4073 -17.0773 9.8446 -72.958433
-22.3291 -16.4593 11.1562 -72.95769
-23.7986 -16.4039 12.1053 -72.956943
-24.636 -16.4397 13.5353 -72.956182
-26.0492 -16.413 14.4153 -72.955426
-26.5091 -16.6788 16.0866 -72.954652
-27.6416 -17.5424 16.452 -72.953889
-28.9683 -17.6171 17.1518 -72.953123
-30.2529 -16.8642 18.0015 -72.952355
-31.8112 -16.9615 18.7079 -72.95158
-32.7125 -16.0015 17.8716 -72.950806
-33.9732 -15.3124 17.8919 -72.950029
-35.5154 -14.9405 18.541 -72.949249
-36.8148 -15.2621 19.6037 -72.948466
-38.1095 -15.3947 20.6532 -72.947685
-39.3709 -15.3085 20.5665 -72.946896
-39.9084 -15.4165 22.2463 -72.946099
-41.4898 -16.1032 22.568 -72.945316
-43.1935 -16.3081 22.9719 -72.944536
-44.8671 -16.1005 23.426 -72.943759
-46.5874 -16.255 23.8037 -72.942983
-48.2806 -16.146 24.1613 -72.942216
-49.8848 -15.6408 24.6252 -72.941453
-51.569 -15.5809 25.1077 -72.940699
-53.1934 -15.8717 25.7123 -72.939953
-54.8397 -16.0518 26.2602 -72.939214
-56.4663 -15.7486 26.8593 -72.938492
-57.6381 -14.8744 27.7621 -72.937783
-58.8394 -13.7889 28.4214 -72.937089
-60.1932 -13.1386 29.3328 -72.936408
-61.8304 -12.6017 29.6751 -72.935748
-63.5039 -12.1508 29.7076 -72.93511
-64.8861 -11.121 29.4315 -72.934493
-65.5954 -10.0293 28.2627 -72.9339
-66.3587 -9.069 29.1123 -72.933333
-67.3994 -7.9254 29.8988 -72.932797
-68.8854 -7.8686 29.963 -72.932294
-70.5505 -7.352 29.9726 -72.931826
-72.0497 -6.4284 30.0037 -72.931396
-73.5599 -5.5098 29.9785 -72.931007
-74.8786 -4.3323 29.9264 -72.930651
-76.2236 -3.1844 29.9023 -72.930356
-77.2186 -1.7362 29.9278 -72.930112
-78.2778 -0.5048 29.7779 -72.929924
-79.9939 -0.3567 29.5292 -72.929794
-81.6519 -0.1123 29.479 -72.929728
-15.2282 -17.1379 4 -72.96225
-15.8134 -17.8487 4 -72.962217
-16.4306 -18.5318 4 -72.9622
-13.8552 -16.3527 0.6773 -72.964996
-6.8126 -12.9962 0.0714 -72.968271
-5.8684 -15.48 0.0572 -72.967477
-5.4058 -18.0693 0.0621 -72.966463
-4.8048 -20.6622 0.1442 -72.965187
-4.2378 -23.1032 0.3354 -72.963606
-4.2185 -23.3173 3.0099 -72.961038
-4.1991 -23.5292 5.6846 -72.958457
-3.9404 -24.0329 8.0609 -72.955915
-2.9465 -26.4423 7.8893 -72.953341
-2.9898 -29.1239 7.9366 -72.950706
-2.8312 -31.7921 8.079 -72.948002
-2.7737 -34.4658 8.0848 -72.945229
-3.1335 -36.1267 6.8772 -72.942337
-2.9668 -36.5649 4.2354 -72.939366
-3.5563 -38.3842 2.8887 -72.936366
-4.3063 -40.3834 1.497 -72.933274
-4.1208 -42.6459 0.2252 -72.930107
-4.2362 -43.7827 0.8959 -72.927582
-3.8312 -43.4159 2.8085 -72.925795
-3.4263 -43.0492 4.7211 -72.924041
-3.0214 -42.6825 6.6338 -72.922321
-2.6164 -42.3158 8.5464 -72.920634
-2.2115 -41.949 10.459 -72.918981
-1.8006 -41.5642 12.3611 -72.917362
-1.0504 -39.8462 12.7392 -72.915709
0.1758 -38.6585 13.5417 -72.914049
1.5902 -38.0395 13.8599 -72.91235
3.2347 -39.0768 14.2093 -72.910642
3.2862 -40.8715 14.6526 -72.908908
3.0921 -42.2179 15.9515 -72.907152
3.289 -43.8273 17.0278 -72.905374
3.7676 -45.0577 18.3989 -72.903561
5.3853 -45.2551 17.5078 -72.901723
6.4565 -45.5185 16.2146 -72.899827
6.4601 -45.5688 14.2263 -72.897898
7.3041 -46.1013 15.3965 -72.895951
7.7212 -46.6728 17.2551 -72.893964
8.2906 -47.8462 18.7417 -72.891965
8.7291 -49.4862 19.2615 -72.890491
9.1255 -50.9461 19.7272 -72.889591
10.0364 -52.2198 19.9693 -72.888693
10.7133 -53.6545 20.0389 -72.887793
11.8089 -54.3454 19.5071 -72.886887
12.1976 -54.6669 17.9921 -72.885981
13.1099 -54.8336 16.8714 -72.885078
13.5838 -54.6626 15.3738 -72.884122
13.6588 -54.6533 13.7788 -72.883034
13.7337 -54.644 12.1838 -72.881981
13.8087 -54.6347 10.5888 -72.880963
13.8837 -54.6254 8.9938 -72.879978
13.9586 -54.6161 7.3988 -72.879029
14.0336 -54.6068 5.8038 -72.878113
14.1085 -54.5975 4.2088 -72.877232
14.1663 -54.5744 2.6132 -72.876256
14.2206 -54.5486 1.0176 -72.875277
14.2749 -54.5228 -0.5781 -72.874336
14.3293 -54.497 -2.1737 -72.873433
14.3836 -54.4712 -3.7694 -72.872567
14.4379 -54.4454 -5.365 -72.871739
13.7113 -55.8095 -5.5929 -72.870933
13.1825 -57.2536 -6.0072 -72.870139
12.9567 -58.7053 -6.561 -72.869359
12.6682 -60.0281 -7.37 -72.868594
12.3514 -61.5353 -7.7387 -72.867845
11.9771 -63.0578 -7.8716 -72.867114
11.7617 -64.6275 -7.7751 -72.866402
11.4655 -65.9109 -8.3481 -72.865708
11.6675 -66.9063 -9.5712 -72.865035
11.728 -68.3207 -9.6289 -72.864381
11.6975 -68.4625 -8.07 -72.863753
11.4235 -69.5735 -7.0162 -72.863155
11.1196 -70.8404 -6.109 -72.862584
11.0275 -71.8722 -4.9846 -72.862039
11.2426 -73.2528 -4.3725 -72.861526
10.7531 -74.6674 -3.9199 -72.861046
10.425 -76.2016 -3.7062 -72.860599
10.77 -77.7411 -3.6532 -72.860188
11.0786 -79.2552 -3.6604 -72.859815
11.425 -80.7723 -3.755 -72.859482
11.2996 -82.2807 -4.0128 -72.859191
11.9706 -83.6675 -4.3963 -72.858943
12.7118 -84.5829 -3.8154 -72.858739
13.1706 -85.4159 -2.5821 -72.858583
13.3664 -86.853 -1.9391 -72.858477
13.3682 -87.667 -0.8755 -72.858423
8.6263 -48.9248 19.7774 -72.890538
8.971 -49.5407 20.9869 -72.889735
9.2099 -51.0475 20.8184 -72.888938
10.0927 -52.2943 20.5532 -72.888147
10.6868 -53.724 20.4404 -72.887361
11.4461 -54.1517 19.6321 -72.886566
11.5442 -54.2966 18.1881 -72.88578
12.9332 -54.8812 18.406 -72.885007
13.2774 -55.294 19.8309 -72.884221
13.7729 -56.2787 20.5319 -72.88346
14.3885 -57.7019 20.5127 -72.882705
15.16 -59.0485 20.6431 -72.881961
15.6443 -60.0525 21.5504 -72.881223
16.2084 -60.988 22.5631 -72.880496
17.2577 -61.2039 23.519 -72.879783
18.4454 -61.8839 23.9975 -72.879084
19.1422 -63.2514 24.2481 -72.878398
19.671 -63.8624 25.3071 -72.877716
20.2623 -64.3588 26.3522 -72.877057
21.638 -65.0559 26.1487 -72.876419
22.7173 -66.1327 25.8633 -72.875761
23.7256 -67.2733 25.5197 -72.875135
24.6112 -68.47 25.1932 -72.874549
24.9681 -69.954 24.971 -72.873988
24.9964 -70.9802 24.2159 -72.873424
24.9684 -71.117 22.6615 -72.872861
24.9404 -71.2538 21.1072 -72.872341
24.9124 -71.3907 19.5528 -72.871865
24.8648 -71.4567 17.9963 -72.871427
24.9221 -71.7069 16.7213 -72.871021
25.4185 -72.6144 17.5247 -72.87064
25.5779 -72.8182 19.0637 -72.87029
25.6724 -73.1458 20.5059 -72.869984
25.5385 -73.7136 21.7923 -72.869708
25.5469 -73.9336 23.3373 -72.869472
25.5553 -74.1535 24.8823 -72.869283
26.4257 -75.2629 24.9859 -72.869141
26.2037 -76.801 24.991 -72.869044
26.3234 -78.3421 25.0702 -72.868994
-4.7208 -44.7161 -0.023 -72.928011
-5.1299 -46.1818 0.6944 -72.927048
-5.3697 -46.9913 2.259 -72.926077
-5.7718 -48.0995 3.5791 -72.925107
-6.3113 -49.4357 4.5711 -72.92413
-6.1052 -51.0319 5.3148 -72.923151
-5.9754 -52.7323 5.8136 -72.922167
-5.3005 -54.3124 6.0843 -72.921179
-5.5666 -55.9139 6.2159 -72.920185
-6.3626 -57.4622 6.4728 -72.919188
-7.4327 -58.7683 6.9386 -72.918185
-8.3123 -60.0607 7.6969 -72.917178
-9.2075 -61.5771 7.5449 -72.916171
-10.0182 -63.1512 7.7642 -72.915158
-10.4982 -64.8336 7.9938 -72.914144
-11.098 -66.494 8.2496 -72.913124
-11.5795 -68.0917 8.8213 -72.912101
-11.4778 -69.48 9.814 -72.911078
-11.3768 -70.9824 10.6772 -72.91005
-11.1615 -72.6665 10.9417 -72.909017
-11.9531 -74.0675 10.3517 -72.907983
-12.2253 -75.2856 9.1163 -72.906947
-12.386 -76.5528 7.8889 -72.905912
-12.4919 -77.8973 6.8778 -72.904874
-12.6418 -79.6702 6.7282 -72.903836
-12.8923 -81.2283 7.3625 -72.902796
-13.0636 -82.0267 8.8276 -72.901747
-12.8375 -83.2389 8.8894 -72.900709
-12.4716 -84.694 8.0205 -72.899668
-12.6797 -85.5671 7.0599 -72.898626
-12.5183 -84.1321 6.1622 -72.897579
-12.5292 -84.0813 7.3739 -72.896531
-11.895 -85.6688 7.8198 -72.895488
-11.5229 -87.2946 8.4116 -72.894449
-10.3324 -88.1124 9.2259 -72.893414
-10.675 -89.8262 9.467 -72.892381
-11.2148 -91.4903 9.7261 -72.891356
-11.4919 -93.2205 9.9224 -72.89034
-11.8689 -94.9605 9.9938 -72.889328
-12.2215 -96.7085 9.9892 -72.888329
-12.5548 -98.4528 9.9031 -72.887336
-13.101 -100.1246 9.6027 -72.886355
-13.6123 -101.6942 9.0552 -72.885384
-14.5178 -102.8115 8.0351 -72.884424
-14.732 -103.8321 6.6289 -72.883474
-14.736 -104.949 5.3416 -72.882536
-14.7897 -105.5564 3.6632 -72.881612
-14.9175 -106.1934 2.0059 -72.880708
-14.8119 -107.3154 0.66 -72.879831
-14.3904 -108.3157 -0.7477 -72.87897
-14.0768 -109.6227 -1.5126 -72.878137
-14.1581 -111.3783 -1.2027 -72.877327
-14.4574 -112.7137 -0.3129 -72.876539
-14.5581 -113.8268 1.0481 -72.875782
-14.5629 -114.7419 2.5821 -72.87505
-14.3372 -115.8187 3.9677 -72.874353
-14.0073 -116.8255 5.38 -72.873689
-13.5104 -118.0936 6.4955 -72.873061
-13.0668 -119.695 6.5246 -72.872471
-12.4966 -121.0534 5.5568 -72.871923
-12.0851 -122.6625 5.1356 -72.871417
-12.5004 -124.2153 4.474 -72.870955
-12.6759 -125.9354 4.076 -72.870543
-13.0189 -127.5669 3.9008 -72.870181
-13.6129 -129.2115 3.7998 -72.869872
-14.5095 -130.7248 3.617 -72.86962
-15.1909 -132.314 3.2206 -72.869426
-16.0458 -133.6469 2.4524 -72.869294
-17.0046 -135.0632 2.0492 -72.869227
-3.6471 -8.0538 -0.0157 -72.969004
-1.3228 -8.9468 -0.0471 -72.968377
0.9314 -9.9936 -0.0832 -72.967702
2.6625 -11.7633 -0.1495 -72.966866
3.884 -13.4015 -0.8686 -72.965539
4.2751 -14.1359 -3.2157 -72.962599
4.6663 -14.8703 -5.5627 -72.9597
5.0575 -15.6047 -7.9097 -72.956842
5.4487 -16.3392 -10.2567 -72.954023
5.5082 -15.6747 -11.481 -72.951901
5.7528 -14.1284 -10.9972 -72.950581
5.1317 -14.013 -9.0503 -72.949222
5.6382 -14.026 -8.2186 -72.947786
7.6439 -14.2766 -7.8039 -72.946325
9.6042 -14.0356 -7.3728 -72.944886
11.4824 -13.5321 -6.7322 -72.943414
12.4397 -13.1153 -5.3274 -72.941905
13.1732 -12.7275 -3.4442 -72.940348
14.0029 -12.5015 -1.5695 -72.938752
14.9232 -12.6143 0.2611 -72.937125
16.0509 -12.8503 1.9217 -72.935462
17.2291 -12.7352 3.6117 -72.933742
18.6969 -13.072 4.9744 -72.93202
20.4387 -12.843 5.9867 -72.930258
22.2399 -12.9948 6.2182 -72.92898
23.7688 -13.3762 5.9788 -72.928219
25.0057 -12.6222 5.3936 -72.927456
26.3571 -12.2571 4.8087 -72.926694
27.8738 -11.9691 4.5669 -72.925927
29.2461 -11.1445 4.4391 -72.925161
30.8012 -10.7714 4.3716 -72.924398
32.3851 -10.5715 4.2891 -72.923634
33.2233 -10.1298 4.9983 -72.922865
34.0663 -9.8024 5.9221 -72.9221
35.5597 -9.845 6.5062 -72.921339
36.9026 -9.7278 7.2501 -72.920579
38.2463 -9.5474 7.9246 -72.919826
39.7277 -9.1425 8.3952 -72.919078
41.1759 -8.7377 8.951 -72.918337
42.5633 -8.3419 9.5488 -72.917597
43.7337 -8.1277 8.583 -72.916867
45.1311 -8.0308 7.9631 -72.916147
46.5242 -8.3092 7.3517 -72.915439
47.4104 -8.3281 6.0274 -72.914736
48.547 -8.1523 4.9694 -72.914051
50.1277 -8.0481 4.8161 -72.91338
51.0302 -8.412 5.9293 -72.912712
52.4231 -8.5023 6.17 -72.91207
53.895 -8.5955 6.6905 -72.911443
54.9911 -8.7652 7.7616 -72.910838
56.4893 -8.9904 7.679 -72.910256
57.587 -10.1308 7.9043 -72.909698
59.0801 -10.6364 8.1455 -72.909163
60.6014 -11.0022 8.4608 -72.908658
61.9959 -11.5958 8.0265 -72.908183
62.9752 -11.9724 7.058 -72.907731
63.4644 -12.0743 5.5381 -72.907315
64.0395 -11.9612 4.047 -72.90693
64.4337 -11.9546 2.4888 -72.906582
64.823 -11.932 0.9297 -72.906277
65.2041 -11.8836 -0.6309 -72.906018
65.5558 -11.8356 -2.1985 -72.905804
65.8976 -11.7879 -3.7682 -72.905642
66.4194 -11.7876 -5.282 -72.905532
66.4944 -12.5596 -6.6605 -72.905475
21.8035 -12.9643 5.5087 -72.928841
22.2928 -12.8975 4.0421 -72.927828
22.782 -12.8307 2.5755 -72.926847
23.2713 -12.7639 1.1089 -72.925898
23.7606 -12.6971 -0.3578 -72.924983
24.2499 -12.6303 -1.8244 -72.9241
24.7391 -12.5635 -3.291 -72.923249
25.2284 -12.4967 -4.7576 -72.922431
25.7177 -12.4299 -6.2242 -72.921646
26.2069 -12.363 -7.6908 -72.920893
26.8935 -12.3131 -8.9994 -72.920168
27.9931 -12.1349 -10.0456 -72.919452
29.4155 -12.0244 -10.5719 -72.918742
30.9321 -12.139 -10.7879 -72.918041
32.4337 -12.4908 -10.7732 -72.917343
33.7283 -13.0404 -10.3346 -72.916657
34.9591 -13.7394 -9.781 -72.915979
36.3049 -14.3754 -9.3611 -72.91531
37.7863 -14.4064 -8.971 -72.914642
38.9765 -14.4204 -8.3072 -72.913986
39.509 -14.5028 -6.8771 -72.913348
40.803 -14.1184 -7.3333 -72.912733
42.1172 -13.7343 -7.9502 -72.912135
43.481 -14.2451 -8.4653 -72.911558
44.8322 -14.6862 -9.0455 -72.911
46.2199 -15.1571 -9.5418 -72.910464
47.4998 -15.7968 -10.1041 -72.909955
48.4919 -16.341 -10.9949 -72.909469
49.2648 -16.5571 -12.2212 -72.90901
50.6437 -17.0063 -12.5265 -72.908584
52.1626 -17.2199 -12.7123 -72.90819
53.5098 -17.9199 -12.5815 -72.907831
54.8261 -18.5114 -12.0649 -72.907508
56.0144 -19.3898 -11.6485 -72.907225
57.1511 -20.3793 -11.2981 -72.906983
58.5784 -20.83 -11.009 -72.906785
59.5198 -21.3446 -11.6244 -72.90663
59.9152 -21.5013 -13.1121 -72.906525
60.3293 -21.6363 -14.5919 -72.906471
5.542 -17.4481 -11.9734 -72.952114
5.2752 -19.0549 -12.8511 -72.951243
4.5319 -20.5356 -13.6308 -72.950364
4.2842 -21.2679 -12.1504 -72.949466
4.5234 -21.5541 -11.2061 -72.948576
5.0916 -22.5097 -9.9139 -72.947673
5.6355 -23.6108 -8.5295 -72.946766
6.4022 -24.9693 -7.5369 -72.945852
6.6335 -26.3097 -6.3211 -72.944935
7.1852 -27.3717 -7.4784 -72.944005
7.7638 -28.2275 -9.037 -72.943072
9.1599 -28.8455 -10.0123 -72.94214
10.2945 -29.4271 -11.2255 -72.941202
12.0307 -29.9265 -10.7637 -72.940257
13.7255 -30.5864 -10.4924 -72.939308
15.1918 -31.515 -11.0288 -72.938356
16.7178 -31.6949 -12.0524 -72.937398
18.2188 -31.9125 -13.1144 -72.936436
19.9511 -32.1969 -13.7295 -72.935469
21.5074 -33.0418 -14.1745 -72.934463
22.8543 -34.2615 -14.6414 -72.933452
24.0059 -35.5947 -15.1729 -72.932471
24.5296 -37.1036 -15.7174 -72.931486
24.7232 -37.5624 -17.5262 -72.930486
25.1008 -38.2263 -19.2142 -72.929487
26.3789 -39.4506 -19.5884 -72.928498
28.1291 -39.8596 -20.0602 -72.927507
29.3513 -39.6098 -21.3429 -72.926512
30.6809 -38.9744 -22.3478 -72.925515
31.8544 -39.4408 -23.699 -72.924516
32.7072 -40.1312 -24.5207 -72.923518
34.1875 -40.0661 -24.2388 -72.922518
35.3747 -39.954 -25.6606 -72.921519
36.0556 -40.1808 -27.3735 -72.920508
37.1117 -40.5409 -28.8636 -72.919511
37.9499 -40.8975 -30.5002 -72.918516
38.8019 -40.6861 -32.1277 -72.917523
39.8174 -40.5169 -33.6425 -72.916539
40.8901 -40.7217 -35.068 -72.915564
42.5305 -41.61 -35.2384 -72.914597
44.3755 -41.8861 -35.4176 -72.913639
45.9871 -42.2694 -36.0731 -72.912689
47.4878 -43.2765 -36.1873 -72.911732
49.3319 -43.6209 -36.2065 -72.91077
51.1887 -43.712 -36.2324 -72.90985
53.0372 -43.4731 -36.3042 -72.908946
54.8899 -43.6769 -36.497 -72.908062
56.6959 -43.5991 -36.9065 -72.907195
58.2639 -44.1277 -37.6876 -72.906348
59.5341 -44.5902 -38.7803 -72.905515
60.5988 -45.0677 -39.8571 -72.904713
61.8729 -46.2433 -40.1922 -72.903937
63.3313 -46.5896 -41.0735 -72.903186
64.0217 -46.6763 -42.7931 -72.902459
64.5704 -46.7494 -44.583 -72.901766
64.8703 -46.6711 -46.4334 -72.901083
65.1687 -46.5915 -48.2839 -72.900458
65.5964 -46.5388 -50.1097 -72.899871
65.7108 -46.4215 -51.9702 -72.899286
65.6981 -46.2783 -53.8407 -72.898751
65.6854 -46.1351 -55.7113 -72.898285
65.6727 -45.9919 -57.5819 -72.897889
65.7296 -45.7497 -59.4403 -72.897543
65.8135 -45.4694 -61.2934 -72.897264
66.0243 -45.0935 -63.1166 -72.897051
66.1717 -44.6856 -64.9394 -72.896904
66.3305 -44.1781 -66.4646 -72.896829
5.6517 -16.7814 -12.2027 -72.951606
5.689 -16.9607 -13.7308 -72.949756
5.7263 -17.14 -15.259 -72.947944
5.7636 -17.3194 -16.7872 -72.946171
5.8009 -17.4987 -18.3154 -72.944436
5.8383 -17.678 -19.8436 -72.942739
5.8756 -17.8574 -21.3717 -72.941081
5.9129 -18.0367 -22.8999 -72.939461
5.9502 -18.216 -24.4281 -72.93788
5.9875 -18.3954 -25.9563 -72.936336
6.0248 -18.5747 -27.4845 -72.934831
6.0621 -18.754 -29.0126 -72.933364
6.0994 -18.9334 -30.5408 -72.931935
6.1367 -19.1127 -32.069 -72.930545
6.1741 -19.292 -33.5972 -72.929192
6.2114 -19.4714 -35.1254 -72.927877
6.2487 -19.6507 -36.6536 -72.9266
6.286 -19.83 -38.1817 -72.925361
6.3233 -20.0094 -39.7099 -72.92416
6.3606 -20.1887 -41.2381 -72.922997
6.3979 -20.368 -42.7663 -72.921872
6.4352 -20.5474 -44.2945 -72.920784
6.4725 -20.7267 -45.8226 -72.919734
6.5099 -20.906 -47.3508 -72.918722
6.5472 -21.0854 -48.879 -72.917748
6.5845 -21.2647 -50.4072 -72.916811
6.6218 -21.444 -51.9354 -72.915912
6.6591 -21.6234 -53.4635 -72.915051
6.6964 -21.8027 -54.9917 -72.914227
6.7337 -21.982 -56.5199 -72.913441
6.771 -22.1614 -58.0481 -72.912693
6.8083 -22.3407 -59.5763 -72.911982
6.8457 -22.52 -61.1045 -72.911308
6.883 -22.6994 -62.6326 -72.910672
6.9394 -22.8766 -64.1572 -72.910074
8.1498 -22.8799 -64.1006 -72.909498
8.9886 -23.516 -62.989 -72.908935
9.9314 -24.3205 -62.1091 -72.908393
10.5435 -25.411 -61.3105 -72.907867
11.1641 -26.7642 -60.9602 -72.907362
11.7371 -28.177 -61.0516 -72.906881
12.2468 -29.4991 -61.4619 -72.906424
12.6299 -30.7915 -61.1111 -72.90599
13.0367 -32.212 -60.6823 -72.905585
13.4206 -33.6473 -60.2909 -72.905209
13.672 -35.0666 -59.8345 -72.904866
13.7802 -36.5811 -60.0484 -72.904558
13.7177 -38.0731 -60.4184 -72.904288
13.5658 -39.5761 -60.7091 -72.904056
13.3014 -41.0704 -60.6511 -72.903865
13.3571 -42.0105 -59.4467 -72.903718
13.5377 -43.0476 -58.3404 -72.903617
13.6333 -44.0606 -57.3331 -72.903566
-2.4565 -0.91 0.0523 -72.973834
-2.8293 2.667 0.2464 -72.978344
-3.0866 6.216 0.7208 -72.982967
-2.2413 9.6979 1.5153 -72.987725
-0.7404 12.7593 0.9662 -72.992581
0.227 15.8879 -1.0884 -72.997768
0.5524 20.1154 -1.9386 -73.003312
0.4575 24.418 -2.5408 -73.009027
0.4389 27.3767 -5.5178 -73.01493
-0.013 29.9656 -8.7108 -73.021019
-0.1419 14.3216 0.264 -72.995173
0.8616 14.8245 1.2959 -72.996545
2.5303 15.409 3.4469 -72.999141
5.0961 15.9466 3.8822 -73.001872
7.8356 16.5695 3.9069 -73.004763
10.5566 17.2922 4.0994 -73.007783
13.2701 17.9524 4.5537 -73.010963
15.8121 18.8134 4.7988 -73.014306
17.2134 19.7132 4.344 -73.016699
17.5574 19.3689 4.0634 -73.01651
-0.9274 14.3109 0.2417 -72.995088
-2.5488 14.1754 0.0246 -72.994731
-4.1702 14.04 -0.1925 -72.994414
-5.6969 13.9854 -0.1496 -72.994132
-6.0083 14.0245 0.9686 -72.993877
-4.7591 13.8534 0.1003 -72.993649
-4.5248 13.8442 -1.5168 -72.993401
-4.3735 13.8457 -3.1513 -72.993196
-4.2222 13.8471 -4.7858 -72.99304
-4.0708 13.8486 -6.4202 -72.992933
-3.7648 13.9278 -8.018 -72.992874
-3.1571 14.1597 -9.5252 -72.992863
-2.5409 14.9686 -10.6984 -72.992905
-0.6612 32.5013 -8.9792 -73.024859
-1.3441 34.6869 -8.6538 -73.027752
-2.5162 37.7967 -7.959 -73.032138
-4.0883 40.798 -9.2426 -73.036597
-6.1771 43.4321 -10.5669 -73.041126
-7.4526 45.9637 -12.4793 -73.045733
-8.199 48.9959 -14.3148 -73.05047
-8.488 52.2581 -16.0262 -73.055336
-8.9751 55.6713 -17.3793 -73.060278
-8.9724 59.3456 -17.9864 -73.065293
-8.8355 62.9598 -18.9326 -73.070384
-8.1651 65.7964 -21.101 -73.075556
-8.071 69.4931 -21.2598 -73.080801
-8.0725 72.7987 -19.5494 -73.085715
-8.8931 75.9303 -20.6534 -73.089719
-9.8467 77.8663 -22.8286 -73.093211
-10.916 79.9845 -24.8489 -73.096735
-11.8107 82.572 -26.461 -73.100512
-13.9622 85.1541 -28.0376 -73.104538
-15.428 87.4195 -30.0798 -73.108614
-16.2874 89.1284 -32.8169 -73.112095
-17.1302 91.8068 -33.4334 -73.114963
-16.6579 94.7355 -33.3269 -73.117848
-16.2793 97.4317 -32.2507 -73.120745
-16.0966 100.3779 -31.8618 -73.123655
-15.6048 103.2146 -31.8672 -73.127417
-15.0646 104.6984 -30.0846 -73.13204
-14.4099 106.6313 -31.3901 -73.136663
-13.9013 109.3975 -31.7321 -73.141293
-13.1382 112.1018 -31.8855 -73.145927
-12.0288 114.6912 -32.2205 -73.150571
-9.9615 116.491 -32.7147 -73.155215
-8.3964 118.5551 -33.6954 -73.159863
-7.0441 120.3709 -35.2413 -73.164515
-16.3107 103.1222 -31.2609 -73.127523
-17.0106 105.6108 -30.0258 -73.132269
-17.7104 108.0993 -28.7907 -73.136935
-18.4103 110.5878 -27.5556 -73.141518
-19.1321 113.0846 -26.3544 -73.14602
-20.0839 115.6275 -25.7828 -73.150496
-21.6544 117.8269 -26.4818 -73.154979
-22.4041 120.0541 -28.0006 -73.159474
-23.8204 121.9956 -29.2918 -73.16397
-16.2837 88.4956 -30.6847 -73.113263
-16.9057 88.45 -28.8674 -73.118409
-17.5277 88.4044 -27.0501 -73.123489
-18.1496 88.3588 -25.2328 -73.128502
-18.7716 88.3131 -23.4155 -73.133447
-19.3936 88.2675 -21.5982 -73.138323
-20.0155 88.2219 -19.7808 -73.143129
-20.6375 88.1763 -17.9635 -73.147864
-21.2595 88.1307 -16.1462 -73.152528
-21.8814 88.0851 -14.3289 -73.157118
-22.5034 88.0394 -12.5116 -73.161635
-23.1253 87.9938 -10.6943 -73.166078
-23.7473 87.9482 -8.8769 -73.170444
-24.3693 87.9026 -7.0596 -73.174734
-24.9912 87.857 -5.2423 -73.178947
-25.6132 87.8114 -3.425 -73.183081
-26.2352 87.7657 -1.6077 -73.187135
-26.8571 87.7201 0.2096 -73.191109
-27.4791 87.6745 2.0269 -73.195002
-28.1011 87.6289 3.8443 -73.198812
-28.723 87.5833 5.6616 -73.202539
-10.6474 82.0467 -25.97 -73.099698
-9.8973 83.5702 -26.7997 -73.102048
-8.9166 84.4636 -28.1497 -73.104418
-7.9416 85.635 -29.2349 -73.106808
-6.7633 86.7616 -30.2244 -73.109211
-5.9934 87.8877 -31.5 -73.11163
-4.805 89.0805 -31.9871 -73.114064
-4.0074 90.0975 -33.2964 -73.116529
-3.642 91.5318 -34.1524 -73.118995
-3.5504 92.2381 -35.0395 -73.121476
-2.6112 93.3175 -34.37 -73.123975
-1.4138 94.7914 -34.5426 -73.126473
-0.1697 96.0984 -35.117 -73.12898
0.8889 97.112 -35.3375 -73.131496
1.8787 97.6218 -33.8386 -73.134021
3.297 98.6527 -34.2066 -73.136533
4.478 100.1526 -34.2331 -73.139038
5.7259 101.6013 -34.2783 -73.141543
6.9236 103.076 -34.3329 -73.144033
8.2378 104.4594 -34.2789 -73.146513
9.708 105.6324 -34.1824 -73.148972
11.0242 106.9149 -34.1788 -73.151418
12.03 108.5293 -34.2938 -73.153841
12.8387 110.237 -34.4028 -73.156238
13.6986 111.9172 -34.2947 -73.158605
14.9808 113.3035 -34.0183 -73.160935
16.3534 114.5382 -33.5266 -73.163227
-8.0122 74.6652 -19.0128 -73.089115
-7.3733 74.7434 -17.1393 -73.091331
-6.2129 74.8717 -15.5661 -73.093542
-4.6588 75.1485 -14.4836 -73.095765
-2.9313 75.2005 -13.5318 -73.098006
-1.1908 75.5548 -14.025 -73.100266
0.2492 75.4182 -15.2751 -73.102546
1.6994 75.2949 -16.4498 -73.104836
3.456 75.8724 -16.5978 -73.107144
4.909 77.061 -16.0201 -73.109464
6.3489 78.0205 -15.2054 -73.111794
7.6777 78.1558 -16.557 -73.114149
9.1932 78.8939 -17.1669 -73.116506
10.3243 80.3116 -17.9293 -73.118868
11.8031 81.2429 -18.8099 -73.121232
13.3202 82.0201 -19.7154 -73.1236
14.672 82.8734 -20.8357 -73.125966
15.8195 84.0369 -21.4716 -73.128325
17.3968 85.0052 -21.5241 -73.130681
19.1523 85.9091 -21.6233 -73.133027
20.835 86.8367 -21.5731 -73.135361
22.3782 87.6805 -22.4819 -73.137688
23.6336 88.6822 -23.6145 -73.139991
25.3121 89.236 -24.4178 -73.142274
26.9271 90.1776 -25.069 -73.144578
28.5711 91.1435 -25.6063 -73.146879
30.1849 92.1759 -26.0934 -73.149085
31.906 93.0582 -26.3886 -73.151241
33.349 94.3802 -26.2354 -73.153354
34.682 95.7638 -25.7885 -73.155418
36.0698 96.9946 -25.1164 -73.157431
-9.1332 71.1226 -19.9391 -73.086237
-11.2049 71.3971 -19.3463 -73.091776
-12.2503 72.1505 -17.4371 -73.097431
-13.2771 72.9723 -16.3017 -73.10319
-15.0629 74.4381 -16.0237 -73.109047
-17.1889 75.3374 -15.9102 -73.115027
-18.7708 76.7954 -16.5998 -73.121124
-20.2396 77.7578 -18.0502 -73.127354
-21.4318 79.2493 -19.3169 -73.133695
-22.4493 80.8848 -20.0685 -73.138492
-23.644 82.5321 -19.9209 -73.141661
-25.2693 83.8199 -19.7197 -73.144857
-26.4282 85.5474 -19.5741 -73.148085
-27.4271 87.2915 -19.7394 -73.151349
-28.2555 88.0894 -18.5764 -73.154675
-28.4362 88.7812 -16.6121 -73.158048
-28.7184 89.4709 -14.6555 -73.161416
-28.5952 90.5234 -12.9306 -73.1648
-28.0087 92.2281 -11.8717 -73.168206
-28.1824 93.3344 -10.523 -73.171648
-28.881 94.9101 -9.3484 -73.175114
-29.1637 96.6406 -8.2343 -73.178598
-29.7507 98.589 -7.8416 -73.182103
-31.2546 100.014 -7.7767 -73.18563
-32.9856 101.1833 -7.8435 -73.189166
-34.438 102.6859 -7.93 -73.192726
-35.8645 104.1959 -8.077 -73.196298
-37.7492 105.0636 -8.2888 -73.199877
-39.7252 105.5106 -8.4883 -73.203475
-41.4274 106.5542 -8.4275 -73.207091
-22.5697 79.9845 -21.0657 -73.138735
-23.5049 79.5868 -23.0086 -73.142021
-24.7357 79.2357 -23.1851 -73.144997
-26.0186 79.7983 -22.2548 -73.147992
-27.6912 80.6895 -21.9109 -73.15101
-29.3246 81.7314 -21.4655 -73.154048
-31.1306 82.4861 -21.4143 -73.157107
-32.9071 83.2024 -21.5235 -73.160197
-34.8537 83.2248 -21.3716 -73.163308
-36.6622 83.819 -20.8419 -73.166442
-38.0322 83.5029 -19.5874 -73.169606
-39.4902 83.5562 -18.2934 -73.172784
-40.9141 84.0358 -17.0459 -73.175982
-42.4783 85.0996 -16.5078 -73.179187
-44.0118 86.2891 -16.2793 -73.182408
-45.0805 86.8165 -17.3328 -73.185707
-45.3985 87.0849 -19.2874 -73.188997
-46.0085 87.5938 -21.1008 -73.192303
-46.5256 87.8633 -23.0125 -73.19562
-47.0124 88.1443 -24.9307 -73.198944
-48.0466 88.8001 -25.8124 -73.202231
-49.3531 89.8139 -24.8517 -73.205521
-23.4169 79.5945 -22.041 -73.140534
-7.4755 47.1812 -14.128 -73.048343
-6.6397 46.9581 -15.442 -73.048877
-6.0885 47.0624 -16.854 -73.049393
-5.6785 47.4504 -18.3124 -73.049901
-5.0375 48.1975 -19.4234 -73.050396
-4.9376 48.8586 -20.8471 -73.05088
-4.8994 49.5688 -22.2208 -73.05135
-4.8067 50.8524 -23.1201 -73.051801
-4.348 52.1399 -23.896 -73.052254
-3.8636 53.4258 -24.6617 -73.052669
-3.2759 54.7308 -25.2965 -73.053046
-2.6137 56.0992 -25.6637 -73.053393
-1.9972 57.5231 -25.7699 -73.053709
-0.7472 58.4335 -25.8246 -73.05399
0.1834 59.5702 -25.9895 -73.054234
1.0556 60.8294 -26.3063 -73.054435
1.4265 62.1744 -26.9168 -73.054591
1.2466 63.3678 -27.9187 -73.054699
0.8615 64.5278 -28.8693 -73.054755
-1.2039 34.2315 -8.7378 -73.027805
-2.1645 36.692 -8.3921 -73.032278
-3.11 39.1845 -8.3928 -73.036857
-3.9026 40.3411 -6.7187 -73.04155
-4.4638 40.8393 -4.1593 -73.046373
-5.2514 41.2336 -1.6507 -73.051303
-6.4986 41.3875 0.6577 -73.056335
-6.9016 41.3668 3.1344 -73.061516
-8.3244 41.1475 5.0228 -73.066765
-9.0777 42.2825 6.6587 -73.071545
-10.4818 44.1286 6.7312 -73.07582
-12.0542 45.877 6.472 -73.080173
-13.7926 47.4551 6.7415 -73.08461
-14.3287 48.7274 8.6097 -73.089149
-14.2892 50.0448 10.5825 -73.09376
-14.3831 52.2013 11.5125 -73.098448
-15.4653 54.1641 11.5993 -73.103219
-15.9872 56.1264 10.7348 -73.108081
-15.9935 58.493 10.4465 -73.113025
-16.6674 59.2873 8.5547 -73.118088
-17.4698 59.7595 6.3608 -73.123234
-17.8092 61.9411 6.2291 -73.128447
-19.8136 62.8997 6.5069 -73.133768
-21.3274 63.1601 7.9551 -73.139207
-22.8218 64.0013 9.1439 -73.143823
-24.7396 64.6596 9.7419 -73.147572
-25.9313 65.6939 8.2209 -73.15137
-27.3521 67.091 7.1443 -73.155221
-27.8515 68.7801 5.7356 -73.159122
-28.9706 70.1238 4.2552 -73.163064
-29.8302 71.1977 2.3661 -73.167062
-30.5772 72.9481 2.3143 -73.171111
-31.2511 73.9836 4.3225 -73.175203
-31.8836 74.7971 6.3519 -73.17935
-33.4979 76.3178 6.0157 -73.18352
-35.3494 77.7054 5.6794 -73.187731
-36.2359 77.7987 3.4859 -73.192013
-36.823 78.2142 1.2302 -73.19634
-37.2962 78.8752 -1.0041 -73.200704
-38.0777 79.5243 -3.1351 -73.205083
-38.5828 79.8578 -5.4262 -73.209531
-40.1286 80.7679 -6.86 -73.21398
-41.8887 81.3717 -5.9333 -73.218472
-43.201 81.2826 -4.0378 -73.223017
-44.3102 81.7185 -2.0187 -73.227579
-23.2557 64.0561 8.131 -73.143211
-24.9649 64.9635 8.1844 -73.145734
-26.0616 65.9005 8.9001 -73.14833
-26.305 66.1448 10.8713 -73.150968
-26.4364 66.2766 12.8582 -73.15358
-26.7662 66.3845 14.8041 -73.156206
-28.2543 66.3369 15.7942 -73.158841
-29.7596 66.2207 16.7645 -73.161506
-29.8152 66.2528 18.7633 -73.16419
-30.2709 66.9957 19.6957 -73.166887
-31.7156 67.9135 20.4594 -73.169616
-32.1409 69.5247 21.5115 -73.172357
-33.0427 71.1208 22.2483 -73.175102
-33.7682 72.7602 23.0868 -73.177857
-34.714 74.4169 23.6586 -73.180614
-35.5114 76.0162 24.4887 -73.183375
-35.8784 77.7991 25.2812 -73.186144
-36.6919 79.4931 25.9091 -73.188913
-37.5921 81.2366 26.1638 -73.191672
-37.9648 82.9348 26.6532 -73.194442
-38.1232 84.1537 28.0096 -73.197191
-37.4894 85.6297 29.04 -73.199929
-37.0034 87.4849 29.1485 -73.202649
-36.7841 89.4485 29.2879 -73.20544
-36.3959 91.4052 29.448 -73.2082
-9.6387 41.5186 6.3846 -73.07009
-11.2133 41.8239 6.3128 -73.071396
-12.0979 42.4791 4.8865 -73.07273
-13.2557 43.35 3.9751 -73.074073
-14.2423 43.577 2.4577 -73.075433
-15.3556 43.71 1.0276 -73.076804
-15.9894 44.5732 -0.4476 -73.078189
-16.6871 45.12 -2.0478 -73.079584
-17.7188 45.8368 -3.2857 -73.080994
-18.5783 46.8498 -4.5254 -73.082413
-19.9074 47.2662 -5.6939 -73.083838
-21.5852 47.5437 -6.3542 -73.085266
-22.9761 48.6597 -6.3259 -73.086695
-24.3563 49.8697 -6.2079 -73.088127
-25.8552 50.8966 -6.0169 -73.089556
-27.0962 51.9486 -5.4199 -73.090989
-27.9482 52.3876 -3.9646 -73.092424
-29.654 52.5789 -3.9322 -73.093844
-30.6445 52.9077 -5.3714 -73.095261
-32.0441 53.5066 -6.2656 -73.096664
-33.4656 54.634 -6.5349 -73.098051
-34.9544 55.5474 -7.0531 -73.099417
-36.2819 56.6634 -7.6004 -73.100763
-37.6486 57.8611 -7.7756 -73.102086
-38.5034 59.4777 -7.6459 -73.103381
-39.3718 61.0534 -7.2838 -73.104637
-40.2991 62.551 -6.7638 -73.105856
-41.2384 64.045 -6.261 -73.107035
-41.8614 65.6914 -5.7694 -73.108165
-42.4591 67.2851 -5.1652 -73.109244
-43.3383 68.5969 -4.4191 -73.110266
-44.4522 70.0317 -4.1392 -73.111222
-45.5063 71.5345 -4.0501 -73.112113
-46.5569 73.035 -4.1531 -73.112928
-47.8716 74.2263 -4.5515 -73.113663
-48.8625 75.1738 -5.5759 -73.114312
-49.2408 75.7623 -7.2733 -73.114873
-49.4584 77.0985 -8.4631 -73.115331
-49.9501 78.752 -8.946 -73.115686
-51.026 79.8745 -9.2484 -73.115929
-51.28 79.9424 -10.8927 -73.116056
17.7044 20.951 4.9703 -73.018021
18.2015 22.2043 5.6044 -73.019353
18.6985 23.4577 6.2386 -73.020678
19.0912 25.152 6.8819 -73.022349
19.429 27.2733 6.757 -73.0244
20.0937 28.9393 5.4586 -73.026491
20.5192 30.5261 4.0181 -73.028623
21.7848 31.8769 2.8501 -73.0308
22.0977 33.1829 1.0434 -73.033022
23.2662 34.71 0.0406 -73.035276
23.7528 35.2305 -1.9989 -73.037582
24.4415 36.3316 -0.4475 -73.039935
25.2156 37.3871 1.3732 -73.042326
25.5431 38.1412 3.4507 -73.044764
26.3109 39.4951 5.0553 -73.047232
27.3125 40.7429 3.9319 -73.049741
27.6125 41.5008 5.9749 -73.052309
27.8649 42.4672 7.8245 -73.054911
28.5761 44.0126 9.106 -73.057544
29.3017 45.8785 9.8466 -73.060213
29.8444 47.4239 10.9837 -73.062937
29.8427 48.4745 12.9418 -73.065692
30.4043 50.5089 13.6559 -73.068479
32.2661 51.6774 14.0416 -73.071305
33.7432 53.3643 13.9508 -73.074167
35.3704 54.8773 13.6311 -73.077067
36.404 56.7929 13.1328 -73.080005
37.9566 57.9008 12.228 -73.08297
39.1636 59.6692 11.6914 -73.085972
40.7811 61.2139 11.412 -73.089011
42.5407 62.5144 11.7504 -73.092074
43.9242 63.8221 12.81 -73.095175
45.3908 65.165 13.6376 -73.098303
45.9271 67.2097 14.1714 -73.101448
46.6355 69.1359 14.3788 -73.104618
48.3635 70.1089 14.8857 -73.107816
49.6569 71.9103 15.1633 -73.111096
50.9513 73.7475 15.4455 -73.114396
52.8054 74.9337 15.6383 -73.11765
54.7263 75.5702 15.6827 -73.120917
56.0864 76.9982 15.657 -73.124198
57.1449 78.0802 14.4904 -73.127503
58.894 79.349 14.0314 -73.130806
60.9129 80.2627 14.3307 -73.134112
62.6887 81.5896 14.007 -73.137425
64.1912 82.1373 14.8133 -73.140756
65.3934 82.3955 16.5144 -73.144077
66.9021 83.2776 17.6975 -73.147379
67.4164 84.9808 18.6495 -73.150668
68.0681 86.9646 19.2519 -73.153927
18.9087 24.0362 7.1126 -73.021345
19.1476 18.9083 3.9431 -73.017596
20.9905 18.3979 3.8423 -73.01885
22.9152 18.2333 3.6481 -73.020131
24.7758 17.8958 3.3306 -73.021436
26.5871 18.0132 3.1308 -73.022767
28.3023 18.6484 3.6845 -73.024126
29.9424 18.8206 4.6508 -73.025508
31.2866 18.6601 5.9911 -73.026921
32.7096 18.1098 7.1234 -73.028357
34.1103 16.8391 7.543 -73.029817
35.4164 15.4177 7.7072 -73.031304
36.5618 14.0174 7.4707 -73.032814
38.0589 13.6462 6.35 -73.034347
39.8047 13.3092 5.8907 -73.035903
41.5119 12.7068 5.2455 -73.037482
42.8693 12.0614 4.0202 -73.039088
44.4573 11.3345 3.2295 -73.040713
45.9294 10.8303 2.4767 -73.042363
47.1014 10.1377 3.6205 -73.04403
48.3849 9.3089 4.6779 -73.045714
49.394 9.6773 6.2389 -73.047426
50.6478 10.0528 7.6185 -73.049153
51.9327 9.8336 9.0023 -73.050891
53.4883 10.1208 10.104 -73.052642
55.2334 9.8227 9.9071 -73.054405
57.0597 9.924 9.3135 -73.056283
58.8743 9.6526 8.6558 -73.058215
60.689 9.3812 7.9981 -73.060091
62.4959 9.1815 7.3186 -73.061913
64.0964 9.6659 6.3822 -73.06372
65.6128 10.0298 5.5676 -73.06553
66.3879 8.7348 6.61 -73.067346
67.0408 7.9267 8.2378 -73.069155
67.6184 7.3624 10.0083 -73.070968
68.2214 6.7991 11.7671 -73.072775
68.8557 6.3245 13.5452 -73.074562
69.5936 6.0215 15.3177 -73.076346
70.6128 5.6939 16.9232 -73.078102
71.846 5.1297 18.3139 -73.079825
73.446 5.6128 19.1551 -73.081528
75.1394 5.1362 19.9892 -73.083228
76.7792 5.1163 20.887 -73.084864
78.3203 5.541 21.9782 -73.086464
79.5543 6.0354 23.1887 -73.08802
80.477 6.477 24.7608 -73.089519
82.1371 6.4027 25.3832 -73.090964
83.992 6.8997 25.7174 -73.092349
85.8702 6.8251 26.0726 -73.093668
87.7509 6.7088 26.4848 -73.094914
89.6348 6.7028 26.6547 -73.09608
91.0074 6.4378 25.4152 -73.097156
92.1971 6.0461 24.0228 -73.098143
93.1627 5.5053 22.7795 -73.099052
93.4181 5.3578 20.8527 -73.09985
93.6827 5.205 18.9277 -73.100528
93.9559 5.0473 17.0042 -73.10108
94.7999 4.5071 17.8661 -73.101493
-1.9865 16.2264 -10.9822 -72.992989
-1.6114 17.3396 -11.0385 -72.993047
-1.1973 18.2526 -10.4886 -72.993093
-0.4899 18.8695 -10.968 -72.993125
0.4947 18.656 -11.4238 -72.993141
-5.9486 122.6202 -36.4545 -73.169172
-4.8563 124.4889 -38.1946 -73.173831
-3.4433 126.1431 -39.8024 -73.178481
-2.2407 128.597 -40.3971 -73.183122
-1.5188 131.295 -40.1613 -73.187756
-1.6696 134.0734 -40.2753 -73.192379
-2.517 136.7345 -40.7076 -73.196992
-3.2762 139.4376 -41.1589 -73.201592
-4.1563 142.1305 -41.3938 -73.206173
-4.9956 144.8475 -41.5126 -73.210736
-4.2109 147.46 -41.641 -73.215273
-3.9407 150.1251 -41.6099 -73.219789
-3.8535 152.9656 -41.6389 -73.224274
-3.8797 155.8081 -41.7765 -73.228735
-3.362 158.4701 -41.8809 -73.233164
-3.9026 161.1882 -41.8597 -73.237559
-4.6546 163.8938 -41.7416 -73.241915
-4.458 166.7321 -41.7051 -73.246231
-4.7248 169.4267 -41.9823 -73.250502
-5.9516 171.9513 -42.4086 -73.254729
-6.8697 174.6164 -42.5236 -73.258904
-7.1469 177.3942 -42.5991 -73.263027
-8.5483 179.5426 -43.6297 -73.267094
-9.0965 181.9163 -44.9846 -73.27111
-9.3572 184.5276 -45.8738 -73.275054
-10.3037 185.8819 -45.5629 -73.277885
-12.6165 185.7411 -44.527 -73.279572
-14.6492 185.7303 -43.1953 -73.281148
-16.2496 187.2653 -42.1906 -73.282627
-17.9145 189.1431 -41.8854 -73.284012
-19.4479 191.0685 -41.5909 -73.285299
-21.0169 192.9475 -41.0017 -73.286486
-22.4125 194.4386 -40.3024 -73.287568
-23.7068 195.9472 -39.0039 -73.288541
-25.0392 197.7028 -39.8911 -73.289401
-25.8175 200.0563 -40.2799 -73.290142
-26.6369 201.4551 -41.5533 -73.290762
-27.5289 202.2594 -40.2727 -73.291255
-29.472 203.3638 -40.3713 -73.291615
-31.4096 204.4733 -39.3932 -73.291839
-31.9894 205.4816 -37.1556 -73.291921
-32.896 206.6385 -35.2063 -73.291856
-33.7738 206.9925 -32.8727 -73.291637
-35.326 208.2821 -31.3862 -73.291262
-36.5537 210.18 -30.3332 -73.290723
-37.6503 212.1937 -29.5135 -73.290015
-38.7499 214.0475 -28.2022 -73.289131
-38.8366 216.2339 -27.1303 -73.288066
-39.8429 217.9451 -25.6872 -73.286812
-40.3547 220.3663 -25.6679 -73.285364
-9.0607 186.6005 -47.0068 -73.278094
-8.6412 188.5188 -48.1723 -73.280225
-7.9227 189.8909 -49.7878 -73.282284
-7.3389 191.2666 -51.5099 -73.284265
-6.8689 192.8579 -53.067 -73.286161
-6.5717 194.5306 -54.6272 -73.287973
-6.699 195.7688 -56.5782 -73.289699
-6.6007 197.3796 -57.9455 -73.29133
-5.361 198.4457 -59.4593 -73.292866
-4.0706 199.0919 -61.2062 -73.294302
-2.56 200.3359 -61.9713 -73.29563
-1.1767 202.1203 -62.473 -73.296849
0.1257 203.765 -63.1817 -73.297953
0.5779 205.9809 -62.9411 -73.298941
1.7705 207.8999 -62.7909 -73.299807
1.7806 210.0234 -63.3852 -73.300546
1.251 212.0868 -62.5412 -73.301153
0.3882 214.2228 -62.3899 -73.301622
-0.4598 216.2968 -62.9067 -73.301949
-1.2479 218.4121 -63.4146 -73.302128
-2.0973 220.5416 -63.7457 -73.302153
-3.4118 222.4275 -63.923 -73.302019
-5.2388 223.8332 -64.0726 -73.30172
-7.0057 225.2983 -64.337 -73.30125
-8.1122 227.0393 -64.9339 -73.300601
-8.3675 229.0243 -65.402 -73.299917
-8.7031 230.7886 -65.6689 -73.299263
-9.2813 232.5101 -65.8231 -73.298489
-9.2237 228.2929 -64.8468 -73.300082
-10.9382 228.5001 -64.259 -73.299729
-12.6565 228.7042 -63.682 -73.299231
-25.5183 124.0162 -29.3962 -73.168138
-26.4756 125.8583 -28.1987 -73.171982
-27.6755 127.8327 -27.6028 -73.175823
-27.9279 128.8492 -29.077 -73.179667
-28.5728 129.8586 -27.39 -73.183524
-29.4951 131.5172 -26.0388 -73.18735
-30.3172 133.5583 -25.0126 -73.19117
-30.9903 134.755 -23.0132 -73.194979
-31.8576 136.0757 -21.167 -73.198773
-32.9249 137.8539 -19.8699 -73.202549
-34.7749 138.8966 -19.3111 -73.206311
-36.3176 139.9122 -18.0849 -73.210048
-37.4604 141.3871 -16.8864 -73.213761
-38.6623 143.1941 -16.0632 -73.217455
-40.1691 144.5551 -14.9429 -73.221127
-41.2877 146.3296 -14.9203 -73.224773
-42.5778 148.1549 -14.027 -73.228384
-43.9866 149.9737 -13.1872 -73.231955
-45.0144 151.7833 -12.0503 -73.235492
-45.5532 153.8159 -10.8393 -73.238991
-46.3861 156.0367 -10.2537 -73.242446
-46.9837 158.3901 -9.9517 -73.245851
-47.8117 160.6751 -9.7756 -73.249211
-49.0447 162.6915 -9.706 -73.252515
-50.015 164.9082 -9.8518 -73.255763
-51.5234 166.8379 -9.9384 -73.258953
-52.9161 168.8061 -9.9279 -73.262079
-54.0733 170.9215 -9.7859 -73.26514
-55.7453 172.652 -9.5467 -73.26813
-57.6094 174.1497 -9.6472 -73.271047
-59.246 175.273 -8.9172 -73.273888
-60.6519 176.3429 -7.7572 -73.276646
-61.8971 178.3631 -7.4187 -73.279318
-62.7492 180.6081 -7.5045 -73.281901
-63.9736 182.7158 -7.7021 -73.284387
-65.2308 184.8141 -7.6187 -73.28677
-66.7492 186.7003 -7.6491 -73.289047
-68.417 188.4651 -7.7574 -73.291214
-69.4591 190.6092 -7.7695 -73.293263
-69.6776 192.1396 -9.5531 -73.295198
-70.6232 193.0213 -8.854 -73.297026
-70.9662 193.1386 -6.4297 -73.298719
-71.4596 193.5338 -4.0639 -73.300268
-72.1758 195.2071 -3.9513 -73.301657
-73.6159 196.7389 -5.1111 -73.302892
-74.8609 198.522 -6.148 -73.303967
-75.7426 199.5734 -7.6936 -73.304876
-75.3694 199.5725 -10.1146 -73.305624
-74.4019 199.6256 -11.6143 -73.306179
-73.8016 200.0979 -9.3728 -73.306545
-74.5843 201.3776 -7.8285 -73.306712
-75.66 202.8847 -6.3385 -73.306671
-76.7569 204.7933 -5.2692 -73.306414
-77.7876 206.5222 -4.0466 -73.305932
-78.7815 208.5213 -3.0989 -73.305216
-29.3228 87.5393 7.4141 -73.206052
-29.9005 87.4969 9.1019 -73.209361
-30.4781 87.4545 10.7898 -73.212595
-31.0558 87.4122 12.4776 -73.215755
-32.2782 87.1841 13.3671 -73.218856
-33.8866 86.6278 13.8875 -73.221961
-35.2533 87.1539 14.4242 -73.225064
-35.8481 87.8038 15.3321 -73.22816
-36.8463 86.9864 16.4788 -73.231254
-38.3951 86.3544 16.7879 -73.234335
-40.0436 86.842 16.4412 -73.237403
-41.676 86.6973 15.7688 -73.240461
-43.0795 86.67 14.6822 -73.243501
-44.7397 86.6061 14.8133 -73.246522
-46.2784 86.3685 14.6265 -73.249522
-47.931 85.969 14.7511 -73.252496
-49.3382 85.0184 15.2541 -73.255446
-51.0157 84.5548 15.4912 -73.258368
-52.76 84.3802 15.7377 -73.26125
-54.4766 84.1118 16.1326 -73.264095
-56.1575 83.722 16.5614 -73.266905
-57.6854 83.1665 17.2616 -73.269676
-59.449 83.0129 17.2864 -73.272394
-61.2047 83.1213 17.0316 -73.275059
-62.4985 83.4162 16.057 -73.277673
-64.2493 83.561 15.9695 -73.28023
-65.9938 83.4285 15.6473 -73.282727
-67.7202 83.5173 15.2308 -73.285157
-69.055 83.036 14.2322 -73.287518
-69.8653 82.2066 12.9383 -73.289805
-71.0115 81.258 11.9738 -73.29201
-72.4278 80.4398 11.5445 -73.294134
-73.698 79.222 11.6667 -73.296165
-74.8344 77.8746 11.8888 -73.298095
-76.1909 76.8138 12.1994 -73.299934
-77.7152 76.0674 12.6693 -73.301669
-79.2241 75.3783 13.2714 -73.30329
-80.5771 74.3384 13.7242 -73.304796
-81.948 73.2954 14.1285 -73.30618
-83.3128 72.1963 14.4348 -73.307434
-84.2563 70.7511 14.49 -73.308556
-85.9688 70.3467 14.3507 -73.309538
-87.6869 70.083 14.43 -73.310372
-89.1236 69.3762 14.9056 -73.311053
-90.0942 69.1674 16.3612 -73.311576
-91.4773 68.4273 17.0893 -73.311931
-93.1744 68.4543 17.5737 -73.312112
17.4714 115.5383 -32.7054 -73.165284
18.7181 116.515 -32.6736 -73.167123
19.4474 117.9165 -32.6863 -73.168922
20.2746 119.2604 -32.6312 -73.170686
21.0837 120.5882 -32.4636 -73.172408
21.7758 121.9988 -32.2416 -73.174085
22.3094 123.4582 -32.1155 -73.175716
23.1409 124.8071 -32.0128 -73.177294
23.9385 126.1782 -31.9172 -73.178823
25.0849 127.2066 -31.902 -73.180291
25.7601 127.3047 -33.2559 -73.181712
26.628 127.211 -34.5602 -73.183072
27.4583 127.1967 -35.7592 -73.184355
28.395 127.5305 -34.6253 -73.185567
29.5644 128.205 -33.8463 -73.186697
30.5696 128.6374 -32.8152 -73.187753
32.0051 129.043 -32.2921 -73.188721
33.4128 129.4399 -31.6761 -73.1896
34.7649 130.0848 -31.1622 -73.190383
36.07 130.7044 -30.5266 -73.191067
37.2954 130.2845 -29.7509 -73.191649
38.6668 129.8544 -29.4393 -73.192126
40.0959 129.824 -28.9371 -73.192489
41.6596 129.7812 -29.1527 -73.192737
43.163 129.7557 -29.5887 -73.192864
37.3605 97.6671 -24.1386 -73.159194
38.5247 98.3419 -23.3011 -73.160725
39.4075 98.7958 -22.0704 -73.162215
39.7833 99.3954 -20.6642 -73.163661
39.86 99.407 -19.0804 -73.165076
40.1939 99.8932 -18.7303 -73.166419
40.4963 100.318 -20.2174 -73.167718
41.4643 101.4944 -20.1061 -73.168946
42.3976 102.7119 -19.7798 -73.170111
43.1049 104.0833 -19.5568 -73.17121
44.0865 105.3182 -19.6544 -73.172236
44.7899 106.7249 -19.7113 -73.173188
45.9094 107.8469 -19.694 -73.174062
47.0015 108.9935 -19.6267 -73.174853
47.4874 110.1272 -19.5101 -73.175579
47.4694 110.2183 -21.0953 -73.176281
47.4514 110.3094 -22.6805 -73.176869
47.4334 110.4005 -24.2657 -73.177341
47.4153 110.4915 -25.8509 -73.177697
47.3973 110.5826 -27.4361 -73.177935
47.3793 110.6737 -29.0213 -73.178055
-43.1464 107.2097 -8.6051 -73.210437
-44.2349 108.3552 -9.2701 -73.213515
-45.5183 109.1815 -10.1573 -73.216597
-46.5455 110.332 -10.9218 -73.219682
-47.6198 111.4497 -11.7523 -73.222766
-48.7733 112.6103 -11.9929 -73.225851
-49.0763 114.3515 -11.8794 -73.228937
-49.3422 116.0762 -11.586 -73.232014
-49.7822 117.0822 -10.2937 -73.235092
-50.4256 118.2912 -9.1739 -73.238163
-50.9978 119.2379 -7.7863 -73.241228
-51.2625 120.0244 -6.2601 -73.244289
-51.6654 121.1492 -4.9912 -73.247326
-51.9476 122.7357 -4.2703 -73.250347
-52.5998 124.2212 -3.6393 -73.253349
-53.274 125.7541 -3.0637 -73.256322
-53.9887 127.1954 -2.3704 -73.259271
-53.963 128.1021 -0.9245 -73.262222
-54.6255 128.6873 -0.6995 -73.265154
-55.0557 128.8462 -2.4173 -73.268063
-55.7093 129.6088 -3.8029 -73.270906
-56.3904 130.5701 -3.4395 -73.273714
-57.2397 131.7558 -2.5815 -73.276484
-57.7383 132.4193 -1.0375 -73.279236
-58.1997 132.8604 0.5026 -73.281931
-59.135 134.2149 0.2827 -73.284566
-59.5411 135.9385 0.3726 -73.287142
-60.3211 137.5272 0.4547 -73.289658
-61.5615 138.7924 0.4272 -73.29211
-62.8427 140.0202 0.4049 -73.2945
-63.9756 141.337 0.4784 -73.296818
-65.5415 142.0698 0.6041 -73.299062
-66.8201 143.3029 0.6105 -73.301228
-67.9523 144.6731 0.6097 -73.303367
-69.0106 146.0943 0.6091 -73.305373
-69.7753 147.6531 0.6561 -73.307272
-69.9859 148.4831 2.1055 -73.309088
-70.4429 149.3779 3.3991 -73.310792
-71.6135 150.4383 2.691 -73.312384
-72.4835 151.5429 1.7355 -73.313859
-72.9227 152.8592 2.7049 -73.315218
-72.5877 154.4469 3.3601 -73.316449
-73.0119 156.1489 3.5593 -73.317549
-73.1545 157.8864 3.5882 -73.318509
-74.1953 159.319 3.6169 -73.319324
-74.932 160.9303 3.7174 -73.319989
-75.2192 162.6661 3.8423 -73.320496
-75.4158 163.3004 5.1393 -73.320848
-75.4017 163.5667 6.8972 -73.321027
-50.1374 90.531 -23.3634 -73.208624
-51.2673 90.8857 -22.5511 -73.21151
-52.7159 91.6607 -23.1098 -73.214387
-54.0702 92.6015 -23.357 -73.217261
-55.4386 93.0469 -22.4458 -73.220129
-56.998 93.6059 -21.9041 -73.222991
-58.5673 94.2413 -21.5078 -73.22584
-59.4515 94.8578 -20.2839 -73.228699
-60.3751 95.9904 -19.3491 -73.23152
-61.639 96.317 -18.2753 -73.23433
-62.5765 96.8459 -17.7339 -73.237119
-63.9654 97.6322 -17.7098 -73.239894
-65.6166 98.1559 -17.9424 -73.242644
-67.3141 98.5251 -18.0363 -73.24537
-68.9906 98.999 -17.9141 -73.248059
-70.4527 99.8368 -17.5623 -73.250721
-71.8636 100.5751 -16.8437 -73.253346
-73.2945 101.1084 -16.0241 -73.255929
-74.8032 101.5319 -15.3155 -73.258472
-76.2937 102.0431 -14.7677 -73.26097
-76.9439 103.3194 -13.9021 -73.263421
-77.7853 104.5384 -13.0235 -73.26582
-79.1174 105.4827 -13.5256 -73.268155
-80.5678 106.3785 -13.889 -73.270432
-81.9123 107.4474 -14.0602 -73.272635
-82.892 108.884 -14.1362 -73.274772
-83.7902 110.3676 -14.0768 -73.276839
-84.9748 111.6284 -13.8567 -73.27882
-86.2002 112.6963 -13.3076 -73.280727
-87.0479 113.9279 -12.479 -73.282546
-87.7411 115.4304 -11.9657 -73.284267
-88.823 116.6812 -11.5653 -73.28589
-89.4834 118.0465 -10.8065 -73.287412
-90.0558 119.4566 -9.9504 -73.288826
-90.8226 120.9302 -9.4429 -73.290123
-91.9586 122.2396 -9.3374 -73.291297
-92.8888 123.6775 -9.6286 -73.292347
-93.6083 125.2344 -9.9613 -73.293266
-94.4583 126.6908 -10.3334 -73.294046
-95.6371 127.179 -11.2403 -73.294686
-96.5223 128.3643 -11.7434 -73.295174
-97.3565 129.8343 -11.9607 -73.295506
-98.0187 131.4271 -12.0082 -73.295676
-44.8397 82.3848 -0.1022 -73.231639
-45.6858 82.6745 1.4762 -73.235201
-47.0854 83.466 2.0376 -73.23876
-47.9154 84.1261 0.6038 -73.242349
-48.4536 84.4912 -1.1078 -73.245939
-49.4629 84.7481 -2.3216 -73.249536
-50.8487 85.4683 -2.9272 -73.253149
-51.3634 86.2483 -4.138 -73.256803
-51.1604 85.8865 -5.9031 -73.26046
-51.4147 86.3329 -4.63 -73.264136
-51.3753 86.9211 -3.2026 -73.267791
-51.6511 88.546 -2.6095 -73.271445
-52.0008 89.4665 -3.9264 -73.275133
-52.6137 90.8015 -4.1725 -73.278807
-53.4473 92.4123 -3.9386 -73.282488
-53.8653 94.1635 -3.6555 -73.286171
-53.9519 95.9277 -3.215 -73.289858
-54.3051 97.4953 -2.5507 -73.293546
-54.5625 98.6898 -1.1952 -73.297222
-54.547 99.8234 0.1762 -73.300902
-54.2907 100.3598 1.9096 -73.304585
-54.7709 101.2087 3.4194 -73.308231
-54.4328 101.9413 3.8933 -73.311854
-53.0212 101.1678 3.092 -73.315459
-52.5222 101.109 4.5528 -73.31907
-54.1846 101.7537 4.4499 -73.322639
-55.6576 102.8136 4.5394 -73.326182
-56.499 104.3974 4.7059 -73.3297
-56.8786 106.1716 4.8788 -73.333191
-56.4546 107.8733 4.5587 -73.336646
-55.6814 109.1098 4.4339 -73.340096
-55.7928 109.3656 6.2457 -73.343566
-56.2213 109.7146 7.7986 -73.346917
-55.5336 111.171 7.9788 -73.350219
-57.2605 111.7016 8.1166 -73.353466
-58.1121 113.2561 8.4551 -73.356664
-58.5985 114.919 9.0311 -73.359808
-59.6859 116.036 9.8099 -73.362878
-59.434 116.5435 10.5662 -73.365893
-59.3051 118.1105 11.4366 -73.368834
-59.9415 119.6907 12.0733 -73.371707
-60.8614 121.156 12.3489 -73.374494
-61.607 122.4945 11.39 -73.377205
-62.1797 124.0961 10.8491 -73.379822
-62.6253 125.8486 10.8404 -73.382342
-62.2188 127.4063 11.6395 -73.384762
-61.8461 129.0333 12.3882 -73.387074
-62.5327 130.6886 12.3999 -73.389275
-62.936 132.4579 12.2088 -73.391363
-63.3234 134.2117 11.8803 -73.393332
-63.6303 135.945 11.5157 -73.395172
-63.951 136.5199 9.8435 -73.396891
-64.1784 137.2406 8.1925 -73.398463
-64.0694 138.3872 6.7995 -73.399881
-64.3697 140.0086 6.0583 -73.40115
-64.8732 141.6033 5.322 -73.402256
-65.5178 142.5596 4.0703 -73.403199
-65.7682 143.1976 5.3492 -73.403969
-66.7186 144.3442 5.8832 -73.404556
-67.5125 145.9488 6.0337 -73.404956
-68.2142 147.6123 6.0332 -73.405159
-36.2134 93.2108 29.5751 -73.210641
-36.6635 94.7733 29.8902 -73.212829
-36.9263 96.2364 30.4302 -73.214991
-37.1622 97.773 30.8495 -73.217132
-37.5529 99.3568 31.1525 -73.219249
-37.9173 100.9487 31.3678 -73.221329
-38.3971 102.525 31.406 -73.223381
-38.3118 104.182 31.3802 -73.225393
-38.3833 105.841 31.3619 -73.227364
-38.5184 107.493 31.3513 -73.229295
-38.1793 109.1047 31.3065 -73.231182
-37.694 110.6348 31.1726 -73.233016
-37.4366 112.1749 31.1742 -73.234801
-36.4341 113.3684 31.2349 -73.236536
-35.2673 114.4885 31.1966 -73.238209
-35.1913 116.0244 31.322 -73.23982
-36.1323 117.264 31.8032 -73.241366
-36.1013 118.8174 31.8898 -73.242843
-35.2737 120.1279 31.585 -73.244244
-34.1912 121.3196 31.36 -73.245568
-33.7141 122.9011 31.2289 -73.246806
-33.0667 124.4147 31.1658 -73.247957
-32.8786 126.0601 31.1275 -73.249014
-32.0835 127.4884 31.1247 -73.249973
-31.8296 129.12 31.1246 -73.25083
-31.1422 130.5851 30.9859 -73.25158
-30.3228 131.8477 30.3079 -73.252219
-29.6856 132.4849 28.9766 -73.252742
-29.0719 133.0333 27.5676 -73.253144
-28.0844 133.7856 27.8775 -73.253417
-27.152 134.469 28.6173 -73.253556
68.8569 88.73 19.5506 -73.156756
69.4626 89.4871 18.5505 -73.159198
69.8694 90.2922 17.5312 -73.161614
70.1133 90.9732 19.0619 -73.164015
70.2522 92.4115 19.6157 -73.16638
70.8156 93.9888 19.8859 -73.168715
70.9233 95.5529 19.5992 -73.171025
71.3862 97.0655 19.4044 -73.173299
72.5006 98.2929 19.6588 -73.175532
72.7344 99.9408 19.94 -73.17773
72.932 101.5833 19.995 -73.179888
72.4313 103.198 19.9089 -73.182003
71.8799 104.7873 20.0008 -73.184063
71.5282 106.416 19.8144 -73.186077
71.2624 108.037 19.4849 -73.188033
70.3107 109.3594 19.2993 -73.189924
69.2896 110.7156 19.219 -73.19175
68.8552 112.3448 19.1576 -73.193507
68.8224 113.8606 18.9579 -73.19519
69.0085 114.8834 18.0264 -73.196803
68.8524 116.0924 16.8932 -73.198333
69.7271 117.2159 15.9694 -73.199779
70.0973 118.581 15.0882 -73.201131
70.8674 119.2691 13.939 -73.202395
70.3855 118.9765 13.515 -73.203552
69.9666 118.6726 13.3866 -73.204613
70.2125 118.847 11.7059 -73.205577
70.4357 118.9096 10.8982 -73.206407
70.1867 118.7318 12.5649 -73.207123
69.521 118.6003 13.8778 -73.2077
69.0153 119.2849 13.1332 -73.20814
69.8993 119.8704 11.9133 -73.208441
70.2963 119.9515 10.2866 -73.208594
95.5228 3.6634 18.9207 -73.10171
95.9521 3.5018 19.9853 -73.10182
96.3294 3.3373 21.069 -73.101876
-41.3421 222.5153 -25.6062 -73.283824
-42.702 224.1478 -25.2091 -73.282385
-44.2458 225.1088 -24.0553 -73.280936
-45.8189 226.0665 -23.0056 -73.279481
-47.3319 227.1224 -21.9872 -73.278018
-48.8138 228.7344 -21.8003 -73.276547
-50.1281 230.4969 -21.9165 -73.27507
-51.8278 231.7383 -22.0527 -73.273585
-52.8158 233.6774 -22.1145 -73.272092
-53.0724 235.6787 -22.1684 -73.270914
-53.6815 237.6012 -22.215 -73.270057
-54.8336 239.2327 -22.1693 -73.269202
-55.9455 240.9107 -22.1307 -73.268348
-56.8959 242.6769 -22.2538 -73.267493
-57.6448 244.0732 -23.1351 -73.266638
-57.9004 245.3567 -24.6431 -73.265784
-58.5973 247.0318 -25.4177 -73.264932
-59.3933 248.8468 -25.6686 -73.264081
-60.5485 250.492 -25.7129 -73.263231
-62.0102 251.8694 -25.795 -73.262381
-63.5819 251.7041 -25.7766 -73.261532
-65.1861 252.5294 -25.4878 -73.260683
-66.5361 253.7075 -24.6451 -73.259836
-67.4482 255.4346 -24.2826 -73.258988
-68.0616 257.3349 -24.0645 -73.258142
-69.279 258.781 -24.0213 -73.257298
-70.6709 260.1778 -24.061 -73.256454
-71.4436 262.0159 -24.0595 -73.255612
-72.8554 263.4363 -23.888 -73.254772
-74.3055 264.6952 -23.3614 -73.253934
-75.6104 266.0079 -22.6232 -73.253097
-76.4194 267.7709 -22.2236 -73.252259
-77.0046 269.6763 -21.989 -73.251425
-77.6943 271.5617 -21.8675 -73.250592
-78.0414 273.5421 -21.7862 -73.249761
-78.9873 275.301 -21.7403 -73.248932
-80.3424 276.7952 -21.6879 -73.248105
-81.6546 278.3163 -21.6068 -73.247281
-83.1583 279.5974 -21.7854 -73.24646
-84.8953 280.6045 -21.8472 -73.24564
-86.7025 281.4584 -21.6828 -73.244823
-87.8751 282.8646 -21.0904 -73.244007
-89.4892 283.7967 -20.5891 -73.243194
-91.1007 284.9601 -20.5677 -73.242384
-92.4107 286.2858 -21.1453 -73.241576
-94.0557 286.9976 -21.9919 -73.240771
-95.7101 288.0996 -22.2545 -73.239969
-97.3406 289.2852 -22.2657 -73.23917
-98.976 289.9877 -22.9029 -73.238374
-100.2796 290.7986 -23.6291 -73.237581
-101.4799 291.8038 -22.4899 -73.23679
-103.036 292.9887 -22.0284 -73.236003
-104.6892 294.1312 -21.8834 -73.235221
-106.3559 295.2232 -22.151 -73.234441
-107.8941 296.3493 -22.6692 -73.233666
-109.1385 297.4951 -23.597 -73.232894
-110.8652 298.494 -23.4597 -73.232127
-112.4721 299.5248 -23.016 -73.231363
-113.8772 300.6139 -22.2042 -73.230603
-115.339 301.8994 -21.8314 -73.229848
-116.6463 303.427 -21.784 -73.229098
-117.9037 305.0024 -21.8441 -73.228353
-119.0254 306.6607 -22.003 -73.227611
-119.7365 308.5266 -22.2827 -73.226875
-120.0458 309.7921 -21.1758 -73.226139
-120.3335 310.3959 -19.2752 -73.225411
-120.8092 311.2425 -17.5331 -73.22469
-121.3861 312.9361 -16.6595 -73.223974
-122.3666 314.5966 -16.303 -73.223267
-123.445 316.2788 -16.4754 -73.222563
-124.5125 317.8962 -16.7048 -73.221867
-124.8879 318.6378 -14.9021 -73.221173
-124.9811 319.1413 -12.9496 -73.220484
-125.2786 319.7061 -11.0358 -73.219803
-125.7833 320.5605 -9.2875 -73.219131
-126.7853 321.2272 -7.7186 -73.218468
-128.1198 321.7372 -6.5853 -73.217811
-129.5338 322.6762 -5.6435 -73.217163
-130.8033 322.8583 -4.1103 -73.21652
-132.3486 322.5617 -2.9424 -73.215886
-133.5223 321.7567 -2.2514 -73.215261
-134.4075 321.0203 -3.7194 -73.214643
-136.141 320.0633 -3.704 -73.214035
-137.9234 319.2453 -3.5128 -73.213436
-139.8153 319.4438 -3.03 -73.212838
-141.7336 319.7231 -2.5415 -73.212256
-143.2992 318.8382 -1.8198 -73.211685
-143.6324 318.198 -3.1912 -73.211121
-144.6494 318.183 -2.5451 -73.210566
-145.6029 318.7473 -1.0864 -73.210023
-147.1116 319.1677 -0.0827 -73.209491
-149.0143 318.6505 0.3041 -73.20897
-150.835 317.9416 0.6531 -73.208461
-152.6003 318.3043 1.3039 -73.207963
-154.255 319.2248 1.8195 -73.207478
-156.1347 319.0641 1.3765 -73.207004
-157.9479 318.8394 0.6505 -73.206544
-159.8193 318.2421 0.4855 -73.206095
-161.6982 318.4908 0.8126 -73.205661
-163.3502 318.4678 1.946 -73.205239
-164.7917 318.8721 3.1901 -73.204831
-166.0348 318.4651 4.5448 -73.204438
-167.2051 317.7036 5.9108 -73.204059
-168.6856 318.3603 6.972 -73.203696
-170.5746 318.3686 7.6324 -73.203348
-172.4422 318.8037 8.0573 -73.203016
-173.7745 319.4811 7.41 -73.202699
-175.2708 319.8181 6.8918 -73.2024
-176.3866 321.0401 7.8064 -73.202117
-178.1084 321.388 8.4289 -73.201851
-179.8667 322.3331 8.1901 -73.201604
-181.7338 322.9719 7.9865 -73.201374
-183.2047 324.2061 7.6173 -73.201164
-184.6529 324.5109 6.7583 -73.200972
-186.4765 324.882 7.4149 -73.2008
-188.3601 325.5005 7.7542 -73.200647
-190.207 326.2741 7.8586 -73.200516
-191.8555 326.4884 7.2737 -73.200405
-192.3011 326.2807 5.3327 -73.200314
-192.4569 326.3027 3.3202 -73.200243
-192.6127 326.3246 1.3078 -73.200195
-192.7684 326.3466 -0.7047 -73.200172
-53.5618 234.7518 -22.4056 -73.27095
-55.3696 234.7358 -22.9279 -73.270176
-57.1775 234.7198 -23.4502 -73.269416
-58.9758 234.7413 -23.9753 -73.268669
-60.5834 235.6616 -24.1049 -73.267929
-62.2107 236.6032 -24.0421 -73.267189
-63.9306 237.3539 -24.0447 -73.266453
-65.5569 238.2591 -24.1396 -73.265718
-67.3063 238.9314 -24.1596 -73.264987
-68.8366 239.9978 -24.0522 -73.264257
-70.5332 240.314 -23.7713 -73.263531
-72.1779 239.7124 -23.3677 -73.262807
-73.9055 239.067 -23.0743 -73.262086
-75.764 238.9129 -23.0612 -73.261368
-77.5069 238.4311 -23.4834 -73.260654
-79.2728 238.5078 -23.5052 -73.259942
-81.0101 239.1307 -23.2489 -73.259234
-82.8258 239.4159 -22.9537 -73.258529
-84.5254 239.9346 -22.4418 -73.257829
-86.2406 240.0396 -21.7161 -73.257132
-87.8568 239.8217 -20.9364 -73.256438
-89.3552 239.6723 -19.8507 -73.255749
-90.7771 239.8281 -18.7653 -73.255064
-92.3262 239.5258 -18.0598 -73.254383
-94.0855 240.1028 -17.7873 -73.253708
-95.877 240.5966 -17.5579 -73.253037
-97.6988 241.0591 -17.507 -73.252371
-99.53 241.4724 -17.4393 -73.25171
-101.2527 242.1681 -17.1773 -73.251054
-102.8299 242.815 -16.4434 -73.250404
-104.4569 243.5931 -15.9937 -73.24976
-106.2956 243.7075 -16.104 -73.249121
-107.1732 243.8399 -14.6775 -73.248484
-108.3872 244.3725 -13.7017 -73.247856
-109.3454 245.4642 -12.5807 -73.247235
-110.5466 246.5332 -11.6213 -73.24662
-112.0874 247.1 -10.9503 -73.246012
-112.6927 248.1713 -9.7197 -73.245409
-113.85 248.7857 -8.6033 -73.244813
-114.9422 250.1535 -8.2414 -73.244225
-115.3929 251.8689 -7.6387 -73.243645
-116.4822 252.9605 -6.8157 -73.243073
-117.371 253.2374 -5.1806 -73.242509
-118.358 253.8356 -3.7152 -73.241953
-119.4595 254.4678 -2.3971 -73.241406
-120.9563 255.2641 -1.6822 -73.240868
-122.5163 255.9458 -1.0086 -73.240339
-123.9831 256.9071 -0.452 -73.23982
-124.7954 257.8348 0.9161 -73.239309
-125.65 259.0549 2.0473 -73.238809
-126.8265 260.4562 2.1583 -73.238319
-128.2898 261.2032 2.616 -73.237838
-129.0334 261.3894 4.2611 -73.237366
-129.2473 261.2649 6.1105 -73.236889
-129.4022 261.1437 7.9821 -73.236432
-129.5576 261.0229 9.8536 -73.235993
-129.7512 260.9235 11.7229 -73.235555
-129.9463 260.825 13.592 -73.235134
-130.1515 260.7135 15.4586 -73.234731
-130.5488 260.346 17.2477 -73.234343
-131.604 259.0778 18.099 -73.233969
-132.4067 258.2916 19.5872 -73.233609
-133.3932 257.3081 20.8241 -73.233263
-133.8044 256.3522 22.376 -73.232932
-134.6418 255.2368 23.5911 -73.232615
-135.4197 253.8392 24.4892 -73.232313
-135.7 253.4829 26.3153 -73.232026
-136.3101 252.641 27.7577 -73.231756
-136.3201 251.3179 26.4825 -73.231502
-136.8701 249.6435 26.0944 -73.231264
-137.7175 248.1362 25.6627 -73.231044
-137.6045 246.4619 25.1316 -73.230842
-137.2893 245.0053 24.2243 -73.230658
-136.6215 243.4615 23.4192 -73.230493
-135.6446 241.9497 22.8735 -73.230344
-135.3758 240.4199 22.4018 -73.230217
-136.1869 239.3032 23.0344 -73.23011
-136.341 238.0644 24.2021 -73.230024
-136.433 236.6369 25.3143 -73.229958
-136.6008 234.8539 25.6617 -73.229914
-137.1474 233.4458 25.0869 -73.229891
-10.2537 234.1313 -65.7936 -73.297535
-11.9535 235.2244 -65.4206 -73.296524
-13.2513 236.4124 -64.5554 -73.295513
-13.9825 238.2182 -64.0036 -73.294499
-13.9675 239.4333 -65.1657 -73.293482
-14.1745 240.8047 -66.5759 -73.292466
-14.74 242.3781 -67.763 -73.29145
-15.0167 243.3075 -69.5586 -73.29043
-14.9973 244.3966 -71.2899 -73.289411
-15.4806 245.6013 -72.6631 -73.288392
-16.6681 247.206 -72.2066 -73.287374
-17.3029 249.0449 -71.7718 -73.286353
-18.6676 250.382 -71.3338 -73.285333
-19.6799 251.0982 -72.0439 -73.284312
-20.4939 252.2385 -73.4165 -73.28329
-21.5912 252.7618 -72.8895 -73.282364
-21.9596 252.8176 -71.2713 -73.281546
-22.6797 254.2973 -71.5196 -73.280729
-23.6039 255.7577 -72.0067 -73.279914
-24.5721 257.236 -72.2298 -73.2791
-26.0105 258.3101 -72.2446 -73.278287
-27.3761 259.4599 -72.2196 -73.277475
-28.9516 260.3257 -72.2375 -73.276654
-30.5102 261.2195 -72.2945 -73.275846
-31.595 262.5637 -72.7018 -73.275039
-32.6547 263.9941 -72.7006 -73.274234
-33.5598 265.5319 -72.4801 -73.273431
-34.5952 266.9872 -72.4053 -73.27263
-35.2782 268.5959 -72.3691 -73.271828
-36.5462 269.7783 -72.1737 -73.271031
-37.8737 270.872 -71.8225 -73.270236
-38.8876 272.2418 -71.3145 -73.269443
-39.6217 273.7558 -70.7585 -73.268652
-40.6535 274.9959 -70.0158 -73.267864
-42.0534 275.9829 -69.5331 -73.267078
-43.5846 276.8719 -69.3005 -73.266295
-45.0655 277.8565 -69.4958 -73.265515
-45.946 279.1186 -68.7677 -73.264737
-45.8345 280.5644 -67.9551 -73.263962
-46.196 282.2235 -68.3906 -73.26319
-46.2456 283.784 -69.1293 -73.262421
-45.9356 284.9029 -69.4775 -73.261655
-46.3572 283.3243 -69.8414 -73.26089
-47.6385 284.0096 -69.6263 -73.260125
-47.8598 285.27 -68.7781 -73.259366
-47.9763 286.6481 -67.6615 -73.25861
-48.0018 287.8134 -66.394 -73.257857
-49.296 287.3623 -65.4888 -73.257109
-50.1432 286.6731 -64.1653 -73.256365
-50.2434 286.1704 -62.4405 -73.255623
-51.2742 284.9264 -61.8207 -73.254888
-52.8421 284.4426 -61.0987 -73.254158
-53.9107 283.6653 -60.0279 -73.253432
-54.752 283.3629 -58.5184 -73.25271
-55.6511 282.4981 -57.2933 -73.251994
-56.6242 281.93 -56.0196 -73.251286
-57.9991 281.9695 -54.8908 -73.250581
-59.0837 282.3361 -53.8941 -73.249883
-60.0943 282.1643 -52.7677 -73.24919
-61.4419 281.5155 -51.8651 -73.248504
-62.8626 280.827 -51.0501 -73.247824
-64.2795 280.6349 -50.0042 -73.247151
-65.804 280.5238 -49.0693 -73.246486
-66.7885 280.054 -47.7484 -73.245825
-67.9789 279.2336 -46.7905 -73.245172
-68.6552 278.446 -45.3481 -73.244526
-69.0138 277.9753 -43.6489 -73.243887
-69.4167 276.9949 -42.4398 -73.243257
-69.8247 275.5947 -42.5008 -73.242635
-70.268 276.0815 -42.6582 -73.24202
-70.9242 276.409 -41.0457 -73.24141
-71.4032 276.5871 -39.3203 -73.240812
-72.2724 276.7647 -38.0281 -73.240224
-73.2041 276.1685 -36.6914 -73.239646
-74.2918 275.5936 -35.4399 -73.239077
-75.425 274.8456 -34.2803 -73.238518
-76.9255 274.2886 -33.5609 -73.23797
-77.3251 274.3933 -31.9623 -73.237431
-77.3839 274.0953 -31.6173 -73.236898
-77.9259 274.1693 -30.1943 -73.236378
-79.5493 274.0847 -29.6223 -73.235869
-80.9279 274.149 -28.5263 -73.235373
-82.1503 274.2888 -27.2947 -73.234889
-83.1333 274.5631 -25.8399 -73.234416
-83.3586 274.0993 -24.1212 -73.233955
-83.4086 273.3363 -22.4949 -73.233508
-83.5601 272.816 -20.7795 -73.233072
-83.7705 272.4678 -19.0265 -73.23265
-84.0593 272.0789 -17.2937 -73.232243
-84.2893 271.7437 -15.5414 -73.23185
-84.9661 271.1706 -14.2656 -73.231473
-86.4465 270.5588 -13.5443 -73.231112
-87.5224 269.4821 -12.7644 -73.230766
-88.5863 270.2836 -13.3628 -73.230436
-89.344 271.7765 -13.8414 -73.230122
-90.7295 272.8654 -14.017 -73.22982
-92.0012 274.1345 -14.1202 -73.229536
-93.0728 275.5655 -14.188 -73.229273
-94.4803 276.5793 -14.1262 -73.229027
-96.2029 276.3016 -13.7358 -73.2288
-97.8612 276.4416 -13.1634 -73.228591
-99.2225 277.2086 -12.3487 -73.228402
-100.7724 276.7787 -11.5881 -73.228231
-102.4856 276.8416 -11.2384 -73.22808
-104.2435 277.0799 -11.3594 -73.22795
-105.8758 277.7134 -11.5089 -73.22784
-106.978 278.2571 -10.6069 -73.227751
-108.7214 278.4008 -10.5748 -73.227684
-110.1714 278.7473 -11.3411 -73.227639
-111.6618 279.6815 -11.4564 -73.227616
-21.5015 253.5088 -73.309 -73.28269
-22.5942 254.3623 -72.684 -73.282528
-23.4363 255.5756 -72.2611 -73.282381
-23.7952 256.2196 -73.6016 -73.282247
-24.1958 256.9175 -74.8973 -73.282129
-24.5102 257.2028 -76.431 -73.282026
-25.2575 257.9568 -77.5755 -73.28194
-25.9832 258.9049 -78.6121 -73.28187
-26.7351 259.8964 -79.3372 -73.281818
-27.7754 261.0706 -79.3699 -73.281782
-28.1276 262.1418 -78.3341 -73.281764
-14.415 228.9869 -63.4499 -73.298589
-16.1331 229.4489 -63.5343 -73.297958
-17.7421 230.1331 -63.7219 -73.297332
-19.4067 230.7023 -63.8399 -73.296711
-20.8995 231.6241 -63.8754 -73.296096
-22.4197 232.5434 -63.927 -73.295485
-23.9779 232.9794 -64.5409 -73.294881
-25.5926 233.2447 -65.0739 -73.29428
-27.3372 233.3731 -65.393 -73.293687
-29.108 233.4677 -65.4659 -73.293099
-30.8642 233.5427 -65.402 -73.292518
-32.3482 234.4256 -65.4518 -73.291944
-33.9347 234.8444 -64.9779 -73.291376
-35.6107 235.0483 -64.5372 -73.290815
-37.2988 235.2219 -64.5195 -73.290262
-38.3854 235.5894 -65.5655 -73.289715
-39.1438 235.7555 -64.0699 -73.289175
-40.4342 236.3585 -64.9633 -73.288644
-41.6538 237.408 -65.4996 -73.288121
-43.3197 237.9738 -65.7908 -73.287608
-45.0712 238.2644 -65.9288 -73.287104
-46.7994 238.6788 -65.9135 -73.286609
-48.5481 238.9796 -65.7557 -73.286124
-50.2593 239.3638 -65.4708 -73.285649
-51.9541 239.818 -65.3779 -73.285183
-53.6581 240.3081 -65.5616 -73.284729
-55.3649 240.7618 -65.7517 -73.284286
-56.9242 241.5359 -65.9538 -73.283853
-58.6438 241.8319 -66.2728 -73.283432
-59.9936 242.7156 -66.7405 -73.283023
-60.984 243.7818 -67.5294 -73.282626
-62.0855 245.146 -67.6347 -73.282242
-62.592 246.8516 -67.5474 -73.281871
-63.6958 248.1812 -67.3534 -73.281513
-65.3602 248.1365 -67.1819 -73.281168
-66.6185 247.2528 -66.7907 -73.280837
-68.2827 246.701 -66.9975 -73.280519
-69.0056 246.5375 -67.1182 -73.280217
-69.4149 247.1923 -66.2178 -73.27993
-70.5685 248.2104 -65.6787 -73.279659
-72.1021 248.9573 -65.1628 -73.279403
-73.5226 249.8734 -64.6789 -73.279165
-74.9049 250.917 -64.2744 -73.278943
-76.1941 252.0464 -63.8017 -73.27874
-77.6751 252.694 -63.2164 -73.278554
-78.9054 253.7897 -63.1101 -73.278387
-80.0531 255.1107 -63.1909 -73.27824
-81.4092 256.2087 -63.4316 -73.278111
-83.1166 256.5971 -63.7243 -73.278003
-84.8053 256.9649 -63.8465 -73.277916
-86.3232 257.8036 -63.7447 -73.277849
-88.0463 257.7843 -63.4146 -73.277805
-89.5568 258.6367 -63.0658 -73.277782
-79.8558 209.6969 -1.6956 -73.30437
-80.9345 210.9313 -0.8747 -73.303642
-81.8718 212.3265 -0.0936 -73.302918
-83.0145 213.649 0.4105 -73.302197
-83.35 215.4299 0.5242 -73.301479
-84.7236 216.0877 0.5245 -73.300764
-85.8365 216.8501 1.5461 -73.30005
-86.4751 218.3432 2.3648 -73.299342
-87.6889 219.3419 3.0091 -73.298638
-89.3832 219.625 3.5112 -73.297939
-90.5679 220.9942 3.9392 -73.297243
-91.9993 222.1339 4.2769 -73.296554
-93.1066 223.0567 5.3451 -73.295867
-94.2451 224.3484 6.04 -73.295184
-95.1955 225.7846 6.6504 -73.294508
-96.1469 227.1811 6.1703 -73.293837
-97.5307 228.1499 5.5656 -73.293171
-97.6555 229.6726 4.5217 -73.292509
-98.2632 230.7709 4.9578 -73.291851
-99.4213 231.1534 5.7424 -73.291201
-100.7458 231.4122 4.7237 -73.290556
-101.8502 232.6408 4.2535 -73.289917
-103.1436 233.9354 4.0273 -73.289286
-104.4921 234.4164 4.8558 -73.288661
-105.6117 233.6885 5.7966 -73.28804
-106.7274 232.3194 6.4016 -73.28742
-107.441 230.7522 6.8747 -73.286815
-107.4488 229.0255 7.5014 -73.286219
-107.9411 227.3511 8.131 -73.285633
-107.0902 226.8712 8.9862 -73.285054
-106.1496 226.513 10.1833 -73.284477
-105.9516 226.2598 12.0223 -73.283908
-105.4787 225.2922 12.0054 -73.283352
-105.2249 224.5846 10.2988 -73.282805
-104.7784 223.6625 9.5999 -73.28227
-104.7066 222.6921 11.0296 -73.281744
-105.026 220.965 11.6033 -73.281229
-104.6066 219.9029 12.8153 -73.280724
-103.3942 219.8352 14.0764 -73.28023
-104.3073 219.9043 13.553 -73.279747
-105.885 218.9419 13.3792 -73.279276
-107.2676 218.4747 12.6842 -73.278815
-108.1193 218.5469 11.0406 -73.278366
-108.3962 219.4541 11.7193 -73.27793
-109.0143 219.6825 13.4653 -73.277505
-109.7221 219.9831 15.1561 -73.277095
-110.6667 219.9703 16.4989 -73.2767
-112.0003 218.9022 16.8845 -73.276319
-113.4433 217.9794 16.4775 -73.275953
-114.7081 217.1333 15.6968 -73.275601
-115.2947 216.7255 13.9743 -73.275265
-115.5962 216.7912 12.1637 -73.274941
-115.7677 217.1126 10.3327 -73.274634
-115.4309 217.0746 11.1227 -73.274346
-116.1181 217.6962 12.116 -73.274068
-117.3855 218.3763 13.3061 -73.27381
-118.8798 218.8959 14.099 -73.273575
-120.5533 219.5755 14.5055 -73.273359
-122.3465 220.0233 14.7431 -73.273162
-124.1585 220.1151 14.949 -73.272985
-125.565 221.2324 14.8597 -73.272828
-126.6064 222.7478 14.7267 -73.272692
-127.1945 224.5052 14.537 -73.272577
-127.9351 226.1832 14.2547 -73.272484
-129.0224 227.5634 14.5865 -73.272413
-130.1181 229.0198 14.5982 -73.272366
-131.2201 230.4645 14.2522 -73.272341
47.5528 -96.076 13.5667 -72.103287
47.0015 -95.2803 13.5986 -72.103374
46.7344 -94.3274 13.6342 -72.103418
27.7081 -94.2683 18.8592 -72.080312
26.226 -93.6204 19.8024 -72.080864
24.7439 -92.9726 20.7456 -72.081281
23.2618 -92.3248 21.6888 -72.08156
23.8038 -92.3745 21.7835 -72.0817
54.7481 -88.0637 17.871 -72.125629
97.3169 -66.6493 31.3652 -72.18066
99.3506 -67.4491 30.897 -72.182145
101.3843 -68.2489 30.4289 -72.183387
103.4181 -69.0488 29.9607 -72.184385
105.4518 -69.8486 29.4925 -72.185137
104.935 -70.7499 28.9784 -72.18564
104.6139 -70.6388 26.7694 -72.185893
96.937 -66.473 30.8282 -72.179888
44.0154 -65.7095 15.6069 -72.187061
44.0102 -66.3692 14.8486 -72.187128
44.1586 -67.2141 14.3402 -72.187162
-4.665 -9.0685 -0.0051 -72.95422
-3.3078 -10.3003 -0.0154 -72.924497
-1.9532 -11.5348 -0.0257 -72.894801
-0.7426 -12.7803 -0.0459 -72.845458
0.4334 -13.9291 -0.0935 -72.776944
1.4466 -15.2471 -0.185 -72.708946
3.5554 -27.7322 1.4257 -72.609
8.6107 -41.3653 6.7974 -72.517114
22.8794 -62.2772 10.5055 -72.313494
26.4745 -64.8588 13.9793 -72.283475
29.0535 -67.1183 14.3116 -72.263949
42.1418 -73.5431 16.2509 -72.193842
47.2069 -85.1931 18.1557 -72.136618
44.6639 -89.9679 15.7857 -72.115204
47.7449 -96.3203 13.6398 -72.104165
78.4149 -177.3628 14.5582 -72.003109
95.2227 -265.7699 17.0719 -71.924418
48.1056 -320.1106 18.1187 -71.865708
-10.9476 -383.6056 22.9817 -71.82533
-40.36 -432.7473 17.7175 -71.802003
28.7834 -94.5812 17.274 -72.082528
14.3097 -106.6143 20.8227 -72.058165
2.7577 -126.0427 26.0848 -72.040304
-45.0792 -189.1405 27.4734 -72.007701
30.9775 -170.2053 31.4202 -72.032172
28.3969 -94.5693 18.0599 -72.080438
-40.2348 -104.2908 -5.8163 -72.026571
-111.9958 -139.102 2.509 -71.995778
54.6562 -87.9717 17.7384 -72.126379
111.8824 -135.9529 29.1893 -72.050369
164.8572 -185.7356 20.1853 -71.998373
213.7243 -226.7876 32.011 -71.968816
43.9697 -65.4565 15.7766 -72.187284
45.5333 -62.1584 17.8534 -72.185374
96.2419 -66.2233 31.6259 -72.179773
2.1326 -22.0656 -2.5814 -72.643847
6.2653 -35.3706 6.4938 -72.562716
8.3143 -40.7868 6.7183 -72.48003
15.4942 -50.7521 4.9673 -72.414294
19.5156 -57.7327 7.1557 -72.349314
24.2121 -63.3654 12.9105 -72.298453
27.7984 -65.9637 14.1964 -72.273652
35.2991 -71.3414 15.5234 -72.228757
45.9552 -78.4006 18.2802 -72.164708
45.9541 -87.9136 17.638 -72.125729
46.0845 -93.1486 14.7482 -72.108952
52.1518 -103.9606 11.3242 -72.092204
58.8833 -119.603 12.0998 -72.071065
62.6461 -133.0235 18.7767 -72.050799
68.7987 -150.479 18.27 -72.031381
75.478 -168.4071 16.0379 -72.012789
80.7201 -186.7623 13.7215 -71.993664
86.0397 -202.1519 18.4658 -71.977088
88.9594 -219.8372 14.0604 -71.961272
92.3483 -238.1707 14.3683 -71.946196
94.4112 -256.1543 16.5595 -71.931844
95.282 -267.4858 16.3224 -71.917226
95.3059 -280.3632 10.9397 -71.904698
82.392 -291.8157 13.1552 -71.892843
66.6134 -301.8126 13.5179 -71.88165
55.8832 -314.8401 17.1156 -71.871102
42.621 -325.3136 19.0805 -71.860563
32.9705 -340.7608 23.6528 -71.851728
23.9361 -354.8041 21.203 -71.843502
9.6225 -366.7531 22.7517 -71.835876
-4.6074 -378.3071 21.4152 -71.828841
-16.9731 -389.755 18.9726 -71.822063
-27.5688 -401.1213 14.9527 -71.816632
-39.573 -411.7299 14.9204 -71.811771
-40.6381 -420.4638 25.2112 -71.807474
-40.4069 -426.6412 14.8914 -71.803735
-41.6738 -434.0686 12.5022 -71.800528
-35.1298 -447.795 10.0223 -71.798364
-30.511 -455.7937 6.7671 -71.796744
-26.4654 -460.7911 2.4423 -71.795664
-24.2919 -464.5784 0.2402 -71.795125
37.1249 -94.0849 14.9718 -72.098179
20.7736 -99.7756 22.2184 -72.069787
11.0172 -108.5614 18.7473 -72.054404
5.909 -113.1292 24.1737 -72.048731
4.7649 -121.3499 27.2758 -72.043299
-3.9067 -133.7894 26.1237 -72.035684
-16.2236 -149.0836 26.7198 -72.028047
-17.7909 -159.6216 22.5822 -72.021239
-30.8645 -168.2845 21.4997 -72.015251
-40.3768 -181.2163 24.3391 -72.010076
-50.8898 -195.8899 27.7601 -72.005581
-59.8432 -207.2909 27.0024 -72.002469
-63.453 -209.2381 15.4152 -72.000138
-64.2909 -212.4765 11.1044 -71.998586
-69.7086 -217.4653 14.9612 -71.99781
-1.3141 -131.2728 34.9295 -72.039422
15.7442 -115.5027 24.1983 -72.053792
21.9499 -133.9863 25.1312 -72.04751
26.8898 -147.4387 25.6301 -72.042077
28.6429 -155.1273 32.7495 -72.037488
28.6017 -167.7997 33.6747 -72.033737
33.7647 -170.9041 21.6446 -72.030752
35.3986 -176.6564 11.4651 -72.028983
39.8278 -180.409 -7.3747 -72.028099
28.4843 -94.572 17.6083 -72.081049
24.075 -93.3058 9.4058 -72.073586
15.5128 -90.8025 -8.4542 -72.061701
-0.0475 -89.6597 -13.0268 -72.050683
-13.9393 -94.7328 -4.0497 -72.040518
-31.0534 -101.5497 -4.3571 -72.031193
-48.3446 -108.1087 -4.4853 -72.022176
-60.3769 -111.0796 -1.1234 -72.014916
-77.9711 -113.5102 3.296 -72.008469
-92.0999 -121.9743 4.6219 -72.002827
-105.6825 -132.44 0.8972 -71.997982
-119.8735 -141.3568 5.959 -71.993944
-132.8113 -151.1601 6.979 -71.991269
-147.2952 -155.5423 4.0924 -71.989265
-153.368 -158.2725 7.6335 -71.98793
-168.793 -159.6906 7.6228 -71.987263
50.8433 -86.5895 17.9535 -72.130494
61.2357 -92.3404 14.5899 -72.117016
72.1897 -102.125 21.0158 -72.100731
85.4059 -115.7278 22.6939 -72.085361
96.1046 -123.0147 27.5352 -72.070888
106.3877 -128.7142 28.8233 -72.057294
119.3522 -141.0891 32.8119 -72.043682
133.3865 -151.0456 27.4274 -72.032235
140.4642 -156.8554 25.7903 -72.02162
152.3124 -169.1266 29.8767 -72.011822
161.5491 -182.1636 26.4505 -72.002831
167.3763 -187.9265 20.8501 -71.99416
178.0174 -198.4202 27.7655 -71.987198
190.5879 -201.853 17.5881 -71.981009
198.4764 -209.0366 23.2285 -71.975586
206.4978 -222.3967 29.9785 -71.970921
216.4485 -231.2363 29.6641 -71.967002
219.3592 -241.6667 28.5636 -71.96432
217.6919 -257.4839 32.1794 -71.962311
212.7961 -271.781 39.8533 -71.960972
208.8344 -287.7139 39.3838 -71.960303
43.1478 -69.6198 16.0595 -72.188904
45.0982 -63.5211 16.1223 -72.186277
50.7937 -61.6079 11.0465 -72.183693
63.7547 -58.5312 9.7712 -72.181465
75.049 -60.4617 16.3877 -72.179999
83.0968 -60.7333 25.9161 -72.179293
91.3447 -63.64 26.8113 -72.179346
106.4082 -69.1292 24.6495 -72.177417
123.1559 -72.5629 28.9251 -72.174247
143.1961 -75.9244 28.8652 -72.172664
46.1286 -55.224 14.5026 -72.183865
37.6417 -45.2763 18.4222 -72.182102
22.8448 -43.0894 21.8828 -72.181221
