-0.8015 -1.2678 -0 -51.342084
-3.2062 -5.0715 -0 -51.260943
-5.0765 -8.0299 -0 -51.197173
-6.4123 -10.1429 0.0262 -51.220578
-8.0143 -12.677 0.1283 -51.292581
-8.8146 -13.9429 0.1666 -51.351241
-8.2187 -14.5214 0.2948 -51.397349
-8.7411 -16.3672 0.5247 -51.528372
-10.0309 -17.8905 1.1419 -51.689382
-11.386 -19.3222 1.89 -51.835718
-12.7254 -20.8552 2.392 -51.96121
-14.0432 -22.4116 2.6217 -52.10387
-14.6972 -24.3185 2.0715 -52.270148
-15.5306 -26.234 2.0482 -52.443899
-16.1094 -27.8038 2.3068 -52.575309
-14.7796 -28.9827 3.1257 -52.663323
-13.6062 -30.5844 3.6202 -52.74506
-12.2537 -32.1091 3.9089 -52.819996
-11.1222 -33.7683 4.2796 -52.888407
-10.1932 -35.2295 5.196 -52.949875
-9.3619 -36.7283 6.3117 -53.004624
-8.5851 -38.2492 7.4144 -53.052431
-7.5935 -39.8435 8.2499 -53.093334
-6.8916 -41.4349 9.2193 -53.127396
-6.2727 -43.3267 9.6108 -53.15448
-5.7427 -44.6215 10.9758 -53.174166
-5.2774 -45.3085 12.8612 -53.186265
-4.5701 -46.2857 12.7646 -53.191227
-3.9187 -47.0128 11.0346 -53.188667
-3.487 -47.3534 9.0584 -53.178397
-3.1601 -48.3203 10.2056 -53.16095
-2.5906 -49.7167 11.29 -53.136373
-2.064 -51.2649 10.2609 -53.104122
-1.9023 -53.0628 10.2828 -53.064315
-1.2374 -53.7481 8.8883 -53.015652
-0.2338 -55.4757 8.438 -52.959989
0.9268 -57.1391 8.1846 -52.896324
2.1659 -58.7648 8.26 -52.824576
2.7966 -60.3652 9.2072 -52.744514
3.5606 -62.0815 8.7826 -52.656326
4.1051 -63.9769 8.2533 -52.559698
4.7728 -65.8913 8.0534 -52.454949
5.555 -67.7898 8.1794 -52.341847
5.4215 -69.7319 8.5591 -52.220331
5.3722 -71.1779 9.39 -52.089494
6.6015 -72.8224 9.4344 -51.950371
7.9091 -74.3345 9.4579 -51.802307
9.1469 -75.9691 9.4502 -51.645589
10.0298 -77.8076 9.4917 -51.480414
10.7723 -79.6982 9.5101 -51.30611
12.3735 -80.8411 9.4583 -51.122797
13.4145 -82.6176 9.4397 -50.930777
14.1594 -84.5026 9.6273 -50.729622
14.908 -86.352 10.0263 -50.519461
15.6285 -88.1574 10.421 -50.300373
16.2688 -90.0988 10.1972 -50.07203
16.8061 -92.0324 10.2983 -49.835102
18.0591 -93.5211 10.9131 -49.588815
19.0692 -95.1762 11.592 -49.333715
20.0514 -96.8019 12.3554 -49.069818
20.7986 -98.4251 13.1509 -48.796473
22.3425 -99.643 13.6764 -48.514115
23.1324 -101.4525 13.8694 -48.223338
24.2278 -103.1764 13.8286 -47.923484
25.7948 -104.4654 13.8973 -47.614891
27.3532 -105.7951 13.951 -47.297891
28.4996 -107.4233 13.9547 -46.972169
30.0108 -108.56 13.6639 -46.637538
31.1081 -108.6091 12.0588 -46.288129
29.9694 -109.9097 10.9348 -45.904736
28.8308 -111.2104 9.8109 -45.522562
27.6922 -112.511 8.6869 -45.142082
26.8377 -113.4766 7.7017 -44.758658
28.1153 -111.9666 8.2837 -44.343195
29.3929 -110.4565 8.8658 -43.930853
30.6706 -108.9464 9.4479 -43.521929
31.1787 -108.9746 10.7509 -43.10397
31.0798 -109.3078 12.7833 -42.678418
31.1974 -110.3892 14.0207 -42.254811
31.8589 -112.2436 14.4776 -41.827884
32.2207 -114.0808 14.8897 -41.394444
32.3754 -116.0895 14.7382 -40.95544
33.2282 -117.7627 14.1097 -40.510597
34.0263 -119.6079 13.7086 -40.061104
34.4263 -121.5938 13.4703 -39.606854
34.6735 -123.5948 13.4834 -39.148134
34.4631 -125.6138 13.6554 -38.685638
35.477 -127.1975 13.9548 -38.220297
36.4488 -128.3733 14.9241 -37.748533
36.0423 -130.1872 15.3722 -37.271759
35.1621 -131.5518 15.4371 -36.794064
35.6418 -129.8523 14.8263 -36.315544
35.0348 -128.0619 14.2107 -35.834736
35.5446 -129.8444 14.1534 -35.35381
35.6291 -131.8577 14.0497 -34.872622
34.8485 -133.6181 13.7199 -34.390979
34.2995 -135.3089 12.7219 -33.908852
33.9891 -137.2127 12.2496 -33.427649
34.6951 -139.1364 12.158 -32.946695
34.4342 -141.0719 12.4762 -32.467009
34.9496 -142.8915 13.1328 -31.987245
35.1207 -144.6736 12.8365 -31.510063
36.0553 -146.4708 12.5635 -31.034542
36.5162 -147.9232 11.2272 -30.558772
37.0821 -149.6924 10.5935 -30.088711
38.1845 -151.3675 10.8233 -29.621676
38.9786 -152.5573 11.4668 -29.156263
38.5512 -154.4927 11.7745 -28.693065
38.9845 -156.4817 12.0272 -28.23312
38.8087 -158.4686 12.102 -27.778599
39.4316 -160.3993 12.1561 -27.328812
40.017 -162.1492 11.7738 -26.883635
39.9044 -164.0643 11.3068 -26.4457
40.4166 -165.9089 10.6066 -26.013426
41.3853 -167.5493 10.7632 -25.588874
42.1247 -169.1267 11.6727 -25.172057
42.1485 -170.8263 12.6221 -24.76338
41.2541 -172.1527 13.7028 -24.365153
41.3329 -173.6405 14.3131 -23.976936
41.6008 -174.8677 12.6805 -23.598998
41.8738 -176.7997 12.275 -23.235871
42.7438 -178.5456 11.9564 -22.886369
43.2439 -180.4578 12.0397 -22.551875
43.3656 -182.4295 12.4106 -22.233584
43.6747 -184.2146 13.2717 -21.932825
44.1736 -186.1236 13.8383 -21.652378
44.3535 -187.9066 14.7675 -21.391701
44.8726 -189.5685 15.6922 -21.153063
45.4404 -191.1005 14.5715 -20.938453
46.1386 -192.9259 14.1459 -20.750285
46.6287 -194.8895 13.783 -20.590051
47.9055 -196.4354 13.3908 -20.458752
49.0241 -197.9564 13.467 -20.358209
49.8322 -199.3762 13.2319 -20.28984
51.04 -200.3986 12.0409 -20.25516
-16.8109 -27.3553 2.8101 -52.5992
-17.497 -28.3029 4.2038 -52.732675
-18.1984 -29.271 5.5067 -52.856721
-18.2577 -29.3412 3.7473 -52.993448
-18.2679 -29.344 1.9276 -53.120318
-18.2781 -29.3467 0.108 -53.237305
-18.2883 -29.3494 -1.7116 -53.344652
-18.2985 -29.3522 -3.5313 -53.442595
-18.8534 -30.5664 -3.9808 -53.533453
-18.8107 -32.318 -3.8597 -53.618841
-19.3066 -34.0554 -3.7456 -53.697881
-18.9488 -34.5418 -2.2544 -53.77017
-18.3075 -35.7012 -1.0566 -53.836493
-18.003 -37.2922 -0.254 -53.896424
-17.2153 -38.7422 0.5062 -53.949618
-17.2992 -40.1694 1.5541 -53.996148
-17.1185 -41.7267 2.3954 -54.036028
-17.083 -42.8762 3.6698 -54.068919
-17.3639 -44.4413 4.545 -54.094966
-18.2212 -45.6938 5.2818 -54.113572
-18.9632 -46.7735 4.1464 -54.124882
-19.2427 -47.6114 2.5633 -54.128778
-19.7572 -49.1601 2.2576 -54.12572
-20.0441 -50.8741 2.5491 -54.115319
-20.3286 -52.4364 3.2684 -54.097324
-19.8077 -53.8024 3.6098 -54.071584
-19.2008 -54.6661 2.2731 -54.037678
-18.7221 -56.0354 2.9434 -53.996279
-18.7365 -56.729 4.1896 -53.946842
-18.8997 -58.1413 5.2798 -53.890374
-18.8149 -59.8936 5.7078 -53.826656
-18.9822 -61.072 7.0484 -53.754733
-19.3934 -62.5349 8.0119 -53.676046
-19.547 -63.8484 9.0694 -53.589424
-19.5772 -65.5723 8.63 -53.496545
-19.258 -67.3139 8.3405 -53.396695
-19.7508 -69.0603 8.364 -53.290517
-19.9946 -70.8175 8.7102 -53.177537
-19.8037 -72.5539 9.1873 -53.058491
-19.7201 -74.3251 9.5635 -52.933546
-20.2567 -75.9938 9.7611 -52.803131
-19.7758 -77.7066 9.8918 -52.667768
-19.8692 -79.394 10.0722 -52.528128
-20.6153 -80.6503 10.7965 -52.384437
-20.8101 -82.0334 11.1362 -52.238143
-21.8468 -83.2751 10.5156 -52.08932
-22.3598 -84.646 11.4203 -51.938975
-22.8139 -86.2646 12.0203 -51.78804
-22.9433 -87.4114 13.1988 -51.635877
-23.2601 -88.7922 14.1473 -51.485737
-23.5187 -90.5915 14.1567 -51.338985
-23.7693 -92.3875 14.2837 -51.195667
-23.9193 -94.161 14.5659 -51.056754
-24.765 -95.4177 14.2775 -50.923459
-25.6946 -96.5629 13.7452 -50.797593
-26.3361 -98.2508 13.7081 -50.680739
-26.22 -99.6251 14.4174 -50.571949
-26.029 -100.2322 16.1217 -50.474496
-25.98 -100.9366 17.7977 -50.389933
-26.1774 -101.1961 19.58 -50.317225
-26.4133 -101.3806 21.3748 -50.262226
-26.5757 -102.9017 22.0388 -50.225907
-26.565 -104.1061 22.8298 -50.20732
-10.4886 -18.1238 0.6694 -51.823941
-10.4015 -18.057 0.4643 -51.924325
-11.3637 -19.3353 1.4826 -52.039275
-12.4409 -20.4928 2.3203 -52.167981
-13.7335 -21.882 2.6066 -52.300696
-14.3525 -23.4451 1.6476 -52.427487
-14.7639 -24.7529 0.4153 -52.547569
-15.0123 -25.6795 -1.2982 -52.661216
-14.7483 -27.3027 -2.2341 -52.768477
-14.1682 -28.7546 -3.3613 -52.869302
-14.1335 -30.3237 -2.5621 -52.963503
-14.176 -32.0715 -1.7097 -53.050796
-14.076 -33.7889 -0.9359 -53.131128
-13.8862 -35.6563 -1.4771 -53.204473
-13.5408 -37.5381 -1.8551 -53.270651
-12.9254 -39.3671 -2.0095 -53.3297
-12.8947 -41.2639 -2.5483 -53.381342
-12.5093 -43.0891 -2.3969 -53.425469
-11.8636 -44.7358 -1.5183 -53.462121
-11.3409 -46.4019 -0.6056 -53.491061
-11.0233 -47.5467 0.9658 -53.511997
-10.5913 -48.4457 2.6789 -53.524744
-10.1405 -50.0833 3.3431 -53.529881
-10.2934 -51.7904 2.9275 -53.526885
-10.88 -52.8858 1.4404 -53.515158
-11.0363 -54.4811 1.7038 -53.49535
-11.1458 -56.3254 2.378 -53.467085
-10.357 -57.7555 3.4384 -53.42985
-10.1358 -58.8326 4.9901 -53.383514
-10.3077 -60.6124 5.6598 -53.328598
-11.2813 -62.2927 6.0116 -53.264584
-11.7958 -64.1934 6.181 -53.191546
-12.4342 -66.0517 6.3974 -53.108959
-11.9522 -67.7789 6.8906 -53.016684
-11.6762 -69.0382 8.2561 -52.914533
-11.713 -70.0381 9.9612 -52.802556
-11.8555 -70.9146 11.6774 -52.679775
-12.8132 -71.5235 13.2459 -52.547466
-13.5753 -72.2336 12.7301 -52.404937
-14.1638 -73.7043 11.8882 -52.252769
-14.4131 -75.2707 10.815 -52.090534
-13.5782 -77.0011 10.3425 -51.917757
-13.3259 -78.9499 10.1371 -51.734586
-13.3622 -80.9141 10.3308 -51.54124
-14.2376 -82.5066 10.9807 -51.337367
-14.7845 -84.1023 11.9265 -51.122364
-15.3519 -85.4422 12.6525 -50.896268
-15.7865 -86.6616 12.098 -50.659005
-16.5522 -87.7496 13.5364 -50.411132
-17.1687 -89.5648 13.8022 -50.153682
-18.2162 -91.1682 13.885 -49.885343
-19.5493 -92.634 13.9514 -49.606417
-20.3209 -94.4426 13.8656 -49.317102
-21.0095 -96.2837 13.6721 -49.017588
-21.3384 -97.8523 13.9673 -48.704443
-21.6939 -97.8965 15.9193 -48.37659
-22.3276 -98.0602 17.7316 -48.043287
-21.887 -98.9874 16.7979 -47.697472
-22.8153 -99.7306 15.3374 -47.346436
-24.3779 -100.6691 14.7056 -46.987012
-24.3457 -102.6276 14.3888 -46.62053
-24.5768 -104.5617 14.2213 -46.246026
-24.8282 -106.5067 14.2205 -45.86357
-25.0574 -108.4614 14.1941 -45.474465
-25.5558 -110.3378 14.0236 -45.078366
-26.9412 -111.6652 13.5497 -44.675788
-27.6548 -113.1993 12.651 -44.268438
-27.9593 -114.1646 11.0361 -43.851021
-28.3565 -115.3746 10.0919 -43.436402
-29.1471 -116.4978 9.0352 -43.016442
-29.5399 -117.0458 7.1689 -42.590304
-29.9596 -117.6548 5.3281 -42.166206
-30.9613 -118.935 4.5188 -41.745354
-32.1435 -120.2324 4.6581 -41.324774
-32.9363 -121.0473 6.2793 -40.904733
-33.621 -122.2206 7.5953 -40.489601
-33.9105 -123.585 8.7937 -40.078724
-34.4873 -124.3869 10.3397 -39.673831
-35.0405 -125.7656 11.4307 -39.278309
-34.701 -127.6323 11.772 -38.891815
-35.3063 -129.4991 11.9181 -38.515569
-35.9903 -131.3268 11.7835 -38.152065
-37.6819 -132.1342 11.31 -37.802046
-38.5009 -133.4806 10.3217 -37.467735
-38.4967 -134.7419 8.9782 -37.148902
-39.2613 -136.1191 9.0235 -36.850739
-39.6486 -137.8732 9.0943 -36.574104
-40.3927 -139.5578 8.4232 -36.321218
-41.3357 -141.2284 8.0319 -36.093679
-41.7461 -143.1332 7.6854 -35.893012
-42.0138 -145.0056 7.4829 -35.721426
-41.9887 -146.6225 8.5512 -35.579807
-43.1363 -148.1444 8.915 -35.471236
-43.8626 -149.8828 8.3731 -35.397172
-44.926 -151.4033 7.7386 -35.359539
-9.353 -14.8211 0.2731 -51.455235
-11.0559 -15.5864 0.7158 -51.636987
-12.8605 -15.9487 1.177 -51.856057
-14.323 -16.6873 2.6356 -52.253314
-15.6273 -17.7486 4.2904 -52.571121
-16.5612 -19.3299 4.837 -52.697571
-17.0333 -20.2944 6.2453 -52.832633
-17.8874 -21.5361 7.3823 -52.964984
-18.8508 -22.9769 8.1796 -53.091219
-19.5099 -24.5801 8.9543 -53.211844
-19.7318 -25.6734 10.3712 -53.326884
-19.6375 -26.5275 11.987 -53.436309
-20.9183 -27.5166 12.4491 -53.538711
-21.2964 -29.0814 13.3143 -53.635372
-21.83 -30.7644 14.0149 -53.725779
-22.4092 -32.288 14.7504 -53.809622
-23.1716 -32.8787 16.4102 -53.887121
-23.4458 -33.3976 17.1662 -53.956759
-23.9797 -35.1098 17.8018 -54.020393
-25.2888 -36.4276 18.1128 -54.076619
-26.4013 -37.9363 18.2431 -54.125685
-27.2908 -39.5473 18.3867 -54.167575
-28.9068 -40.2841 18.3568 -54.201483
-28.8386 -41.8551 18.071 -54.228351
-30.0593 -43.3052 18.0707 -54.247429
-30.6546 -44.9959 18.2212 -54.258843
-31.4097 -46.5757 18.3297 -54.262195
-32.6885 -47.8644 18.2798 -54.257275
-33.6705 -49.4532 18.3794 -54.244388
-34.3435 -51.1833 18.7706 -54.223284
-35.0428 -52.643 19.7515 -54.193556
-35.9334 -53.9164 20.8542 -54.155299
-36.4958 -55.5633 21.6175 -54.108789
-37.1515 -57.2664 22.1901 -54.053763
-37.503 -58.9135 22.7742 -53.989707
-37.2767 -60.629 23.5408 -53.916905
-38.3487 -62.1152 24.0868 -53.835637
-38.7835 -63.8894 24.6417 -53.745926
-39.0307 -65.5698 25.4324 -53.647664
-39.2448 -67.4312 25.7075 -53.540672
-39.4113 -69.2406 26.1323 -53.425462
-38.2265 -70.1613 27.1367 -53.301282
-37.9293 -71.6381 28.1838 -53.168716
-36.7386 -72.8721 28.5562 -53.028569
-35.4143 -74.1273 28.8617 -52.881032
-33.8413 -75.1427 29.2839 -52.722387
-32.9832 -76.7229 29.5771 -52.560286
-33.6399 -75.092 29.1649 -52.386885
-33.1635 -76.3575 28.5144 -52.210157
-32.6394 -77.9449 29.3953 -52.028295
-31.5586 -79.4236 29.8926 -51.838112
-30.8094 -81.0765 30.3763 -51.64471
-31.5811 -82.6547 30.6865 -51.450378
-31.7168 -84.5489 30.8274 -51.25381
-31.5105 -86.4537 30.8357 -51.056209
-31.5377 -88.3667 30.7633 -50.858039
-31.4829 -90.279 30.6456 -50.660506
-31.9235 -92.1277 30.4947 -50.465264
-32.2806 -93.9944 30.2829 -50.273936
-33.2826 -95.4749 30.073 -50.08694
-34.2923 -96.3147 29.212 -49.905686
-33.7984 -97.5646 29.0456 -49.731771
-33.365 -98.5644 30.3242 -49.566484
-34.9529 -99.5888 30.5864 -49.412994
-35.3561 -101.2379 30.5528 -49.272509
-35.425 -102.1901 29.7785 -49.145956
-35.4381 -103.6106 30.0236 -49.036253
-35.4329 -104.9525 28.8355 -48.94525
-35.4888 -106.6151 28.0477 -48.875081
-35.1318 -108.0258 29.2064 -48.826453
-34.5346 -109.5447 30.0645 -48.802061
-15.445 -16.6758 3.4162 -52.572713
-17.1123 -16.5493 2.7023 -52.69814
-18.8242 -16.1183 2.2844 -52.833047
-20.5247 -15.3962 2.2003 -52.963968
-22.3116 -15.3473 2.4856 -53.089597
-24.0423 -14.9367 2.9859 -53.210063
-25.7912 -14.8802 3.5418 -53.325263
-27.6376 -14.8877 3.7424 -53.434578
-29.4617 -14.8882 3.7168 -53.538032
-31.2202 -15.3922 3.5297 -53.636198
-32.7539 -15.8243 2.9445 -53.728696
-34.0829 -16.2305 1.7975 -53.814692
-35.3566 -17.1047 0.7776 -53.894595
-36.7811 -17.3591 0.0703 -53.967275
-38.4049 -17.2529 0.8951 -54.033035
-40.1857 -16.9717 1.2216 -54.092017
-41.9745 -17.3706 1.348 -54.144536
-43.6645 -17.7288 1.1737 -54.190059
-45.1638 -16.9527 0.472 -54.227643
-46.3865 -16.2335 -0.6264 -54.258067
-48.1583 -16.038 -0.1893 -54.281403
-49.5586 -16.5997 0.7893 -54.297643
-50.6275 -17.7832 1.5574 -54.306507
-52.4581 -17.9497 1.6886 -54.306871
-54.2203 -17.8442 1.1278 -54.299099
-55.6575 -18.4041 0.1681 -54.283612
-57.139 -19.2179 -0.5793 -54.260046
-58.8775 -19.6978 -0.9928 -54.227968
-60.4992 -20.5497 -0.8751 -54.18778
-62.2699 -20.9516 -0.784 -54.138795
-63.9605 -21.4851 -1.2025 -54.080787
-65.769 -21.6468 -1.2364 -54.014308
-67.4074 -21.948 -2.0416 -53.939195
-69.2303 -22.0478 -2.2783 -53.855325
-71.0405 -22.3933 -2.2 -53.762622
-72.76 -22.6876 -1.8978 -53.66133
-74.4248 -22.1245 -1.3042 -53.550734
-75.468 -21.5676 0.0962 -53.431198
-76.805 -21.0117 0.8974 -53.303049
-78.6304 -21.1688 0.7939 -53.167657
-80.2126 -21.6023 1.4208 -53.024011
-81.9055 -21.4802 1.8938 -52.872072
-83.3789 -20.5725 2.4839 -52.711802
-84.8475 -20.092 3.3977 -52.544598
-85.8797 -19.4106 4.4732 -52.369477
-86.9877 -17.9771 4.3817 -52.187999
-88.4094 -16.917 4.436 -52.000791
-89.1332 -16.2863 5.8123 -51.806121
-89.6827 -16.0961 7.5766 -51.607187
-90.6073 -14.9923 8.5732 -51.405347
-91.6573 -14.5236 9.9347 -51.200751
-92.216 -13.6924 11.4126 -50.991523
-93.3323 -12.5367 11.3011 -50.783603
-94.3529 -11.3333 10.4637 -50.575052
-95.9243 -11.359 10.3327 -50.368338
-97.085 -12.6874 10.4076 -50.16477
-98.637 -11.9209 10.4364 -49.963694
-99.8512 -10.5582 10.1484 -49.768143
-101.1467 -9.2581 9.9913 -49.578822
-102.9108 -8.8466 10.0308 -49.39876
-104.2043 -7.6318 10.4372 -49.22896
-105.7848 -7.7377 11.2376 -49.071523
-107.5295 -7.7352 11.7584 -48.927935
-108.7114 -6.5165 12.2914 -48.799222
-108.6826 -5.013 12.9437 -48.686743
-109.4316 -4.9691 14.0337 -48.594276
-110.9911 -5.321 13.2911 -48.522957
-112.3812 -4.7789 12.2565 -48.473511
-113.4541 -4.4164 10.8172 -48.447941
-15.5545 -17.632 4.3033 -52.584335
-16.8149 -18.3686 5.0193 -52.732432
-18.1535 -17.7371 5.9254 -52.89524
-19.3957 -17.6568 7.1162 -53.057363
-20.6245 -17.4395 8.329 -53.215303
-21.4073 -17.0773 9.8446 -53.370413
-22.3291 -16.4593 11.1562 -53.520397
-23.7986 -16.4039 12.1053 -53.666736
-24.636 -16.4397 13.5353 -53.810694
-26.0492 -16.413 14.4153 -53.948772
-26.5091 -16.6788 16.0866 -54.085425
-27.6416 -17.5424 16.452 -54.215369
-28.9683 -17.6171 17.1518 -54.34037
-30.2529 -16.8642 18.0015 -54.460062
-31.8112 -16.9615 18.7079 -54.576317
-32.7125 -16.0015 17.8716 -54.68671
-33.9732 -15.3124 17.8919 -54.792692
-35.5154 -14.9405 18.541 -54.894112
-36.8148 -15.2621 19.6037 -54.991274
-38.1095 -15.3947 20.6532 -55.08298
-39.3709 -15.3085 20.5665 -55.170558
-39.9084 -15.4165 22.2463 -55.254027
-41.4898 -16.1032 22.568 -55.331426
-43.1935 -16.3081 22.9719 -55.403401
-44.8671 -16.1005 23.426 -55.46999
-46.5874 -16.255 23.8037 -55.532024
-48.2806 -16.146 24.1613 -55.588443
-49.8848 -15.6408 24.6252 -55.639765
-51.569 -15.5809 25.1077 -55.68632
-53.1934 -15.8717 25.7123 -55.728253
-54.8397 -16.0518 26.2602 -55.765528
-56.4663 -15.7486 26.8593 -55.797616
-57.6381 -14.8744 27.7621 -55.824854
-58.8394 -13.7889 28.4214 -55.847654
-60.1932 -13.1386 29.3328 -55.866714
-61.8304 -12.6017 29.6751 -55.881931
-63.5039 -12.1508 29.7076 -55.893567
-64.8861 -11.121 29.4315 -55.90157
-65.5954 -10.0293 28.2627 -55.906556
-66.3587 -9.069 29.1123 -55.908922
-67.3994 -7.9254 29.8988 -55.908804
-68.8854 -7.8686 29.963 -55.907374
-70.5505 -7.352 29.9726 -55.904097
-72.0497 -6.4284 30.0037 -55.899423
-73.5599 -5.5098 29.9785 -55.894029
-74.8786 -4.3323 29.9264 -55.888002
-76.2236 -3.1844 29.9023 -55.88226
-77.2186 -1.7362 29.9278 -55.876787
-78.2778 -0.5048 29.7779 -55.872239
-79.9939 -0.3567 29.5292 -55.86941
-81.6519 -0.1123 29.479 -55.867803
-15.2282 -17.1379 4 -52.523345
-15.8134 -17.8487 4 -52.538438
-16.4306 -18.5318 4 -52.54644
-13.8552 -16.3527 0.6773 -51.992083
-6.8126 -12.9962 0.0714 -51.294489
-5.8684 -15.48 0.0572 -51.353919
-5.4058 -18.0693 0.0621 -51.417393
-4.8048 -20.6622 0.1442 -51.482721
-4.2378 -23.1032 0.3354 -51.547577
-4.2185 -23.3173 3.0099 -51.628953
-4.1991 -23.5292 5.6846 -51.69193
-3.9404 -24.0329 8.0609 -51.735647
-2.9465 -26.4423 7.8893 -51.762515
-2.9898 -29.1239 7.9366 -51.771576
-2.8312 -31.7921 8.079 -51.762206
-2.7737 -34.4658 8.0848 -51.733942
-3.1335 -36.1267 6.8772 -51.68489
-2.9668 -36.5649 4.2354 -51.615205
-3.5563 -38.3842 2.8887 -51.52726
-4.3063 -40.3834 1.497 -51.418292
-4.1208 -42.6459 0.2252 -51.288654
-4.2362 -43.7827 0.8959 -51.141427
-3.8312 -43.4159 2.8085 -50.987143
-3.4263 -43.0492 4.7211 -50.823655
-3.0214 -42.6825 6.6338 -50.651254
-2.6164 -42.3158 8.5464 -50.470227
-2.2115 -41.949 10.459 -50.280871
-1.8006 -41.5642 12.3611 -50.083473
-1.0504 -39.8462 12.7392 -49.869072
0.1758 -38.6585 13.5417 -49.642063
1.5902 -38.0395 13.8599 -49.397645
3.2347 -39.0768 14.2093 -49.14088
3.2862 -40.8715 14.6526 -48.868278
3.0921 -42.2179 15.9515 -48.57962
3.289 -43.8273 17.0278 -48.275266
3.7676 -45.0577 18.3989 -47.952421
5.3853 -45.2551 17.5078 -47.612535
6.4565 -45.5185 16.2146 -47.249583
6.4601 -45.5688 14.2263 -46.868472
7.3041 -46.1013 15.3965 -46.472649
7.7212 -46.6728 17.2551 -46.057304
8.2906 -47.8462 18.7417 -45.629097
8.7291 -49.4862 19.2615 -45.302933
9.1255 -50.9461 19.7272 -45.092309
10.0364 -52.2198 19.9693 -44.875406
10.7133 -53.6545 20.0389 -44.651564
11.8089 -54.3454 19.5071 -44.41883
12.1976 -54.6669 17.9921 -44.179119
13.1099 -54.8336 16.8714 -43.933451
13.5838 -54.6626 15.3738 -43.666087
13.6588 -54.6533 13.7788 -43.354396
13.7337 -54.644 12.1838 -43.045579
13.8087 -54.6347 10.5888 -42.740178
13.8837 -54.6254 8.9938 -42.438687
13.9586 -54.6161 7.3988 -42.141493
14.0336 -54.6068 5.8038 -41.848938
14.1085 -54.5975 4.2088 -41.561527
14.1663 -54.5744 2.6132 -41.236681
14.2206 -54.5486 1.0176 -40.905536
14.2749 -54.5228 -0.5781 -40.581657
14.3293 -54.497 -2.1737 -40.265445
14.3836 -54.4712 -3.7694 -39.957293
14.4379 -54.4454 -5.365 -39.657845
13.7113 -55.8095 -5.5929 -39.363176
13.1825 -57.2536 -6.0072 -39.0686
12.9567 -58.7053 -6.561 -38.775111
12.6682 -60.0281 -7.37 -38.48327
12.3514 -61.5353 -7.7387 -38.193709
11.9771 -63.0578 -7.8716 -37.907814
11.7617 -64.6275 -7.7751 -37.62594
11.4655 -65.9109 -8.3481 -37.348507
11.6675 -66.9063 -9.5712 -37.07607
11.728 -68.3207 -9.6289 -36.809439
11.6975 -68.4625 -8.07 -36.549548
11.4235 -69.5735 -7.0162 -36.300381
11.1196 -70.8404 -6.109 -36.060812
11.0275 -71.8722 -4.9846 -35.830622
11.2426 -73.2528 -4.3725 -35.612363
10.7531 -74.6674 -3.9199 -35.407112
10.425 -76.2016 -3.7062 -35.214594
10.77 -77.7411 -3.6532 -35.036154
11.0786 -79.2552 -3.6604 -34.873594
11.425 -80.7723 -3.755 -34.727559
11.2996 -82.2807 -4.0128 -34.599535
11.9706 -83.6675 -4.3963 -34.490308
12.7118 -84.5829 -3.8154 -34.39961
13.1706 -85.4159 -2.5821 -34.330567
13.3664 -86.853 -1.9391 -34.284191
13.3682 -87.667 -0.8755 -34.260433
8.6263 -48.9248 19.7774 -45.320427
8.971 -49.5407 20.9869 -45.146124
9.2099 -51.0475 20.8184 -44.967172
10.0927 -52.2943 20.5532 -44.783279
10.6868 -53.724 20.4404 -44.594693
11.4461 -54.1517 19.6321 -44.396975
11.5442 -54.2966 18.1881 -44.195232
12.9332 -54.8812 18.406 -43.991219
13.2774 -55.294 19.8309 -43.777412
13.7729 -56.2787 20.5319 -43.565054
14.3885 -57.7019 20.5127 -43.349034
15.16 -59.0485 20.6431 -43.130517
15.6443 -60.0525 21.5504 -42.908043
16.2084 -60.988 22.5631 -42.683484
17.2577 -61.2039 23.519 -42.457775
18.4454 -61.8839 23.9975 -42.231887
19.1422 -63.2514 24.2481 -42.005719
19.671 -63.8624 25.3071 -41.77607
20.2623 -64.3588 26.3522 -41.549863
21.638 -65.0559 26.1487 -41.326757
22.7173 -66.1327 25.8633 -41.093079
23.7256 -67.2733 25.5197 -40.866963
24.6112 -68.47 25.1932 -40.651771
24.9681 -69.954 24.971 -40.443017
24.9964 -70.9802 24.2159 -40.229767
24.9684 -71.117 22.6615 -40.014119
24.9404 -71.2538 21.1072 -39.812707
24.9124 -71.3907 19.5528 -39.625916
24.8648 -71.4567 17.9963 -39.451995
24.9221 -71.7069 16.7213 -39.289519
25.4185 -72.6144 17.5247 -39.135898
25.5779 -72.8182 19.0637 -38.993008
25.6724 -73.1458 20.5059 -38.867757
25.5385 -73.7136 21.7923 -38.754065
25.5469 -73.9336 23.3373 -38.656071
25.5553 -74.1535 24.8823 -38.577758
26.4257 -75.2629 24.9859 -38.518852
26.2037 -76.801 24.991 -38.478968
26.3234 -78.3421 25.0702 -38.45908
-4.7208 -44.7161 -0.023 -51.211504
-5.1299 -46.1818 0.6944 -51.199916
-5.3697 -46.9913 2.259 -51.180775
-5.7718 -48.0995 3.5791 -51.154673
-6.3113 -49.4357 4.5711 -51.121231
-6.1052 -51.0319 5.3148 -51.080447
-5.9754 -52.7323 5.8136 -51.032048
-5.3005 -54.3124 6.0843 -50.975691
-5.5666 -55.9139 6.2159 -50.911296
-6.3626 -57.4622 6.4728 -50.838788
-7.4327 -58.7683 6.9386 -50.757786
-8.3123 -60.0607 7.6969 -50.668355
-9.2075 -61.5771 7.5449 -50.570938
-10.0182 -63.1512 7.7642 -50.464838
-10.4982 -64.8336 7.9938 -50.350441
-11.098 -66.494 8.2496 -50.227016
-11.5795 -68.0917 8.8213 -50.09478
-11.4778 -69.48 9.814 -49.953933
-11.3768 -70.9824 10.6772 -49.803906
-11.1615 -72.6665 10.9417 -49.644846
-11.9531 -74.0675 10.3517 -49.476872
-12.2253 -75.2856 9.1163 -49.299797
-12.386 -76.5528 7.8889 -49.11425
-12.4919 -77.8973 6.8778 -48.919306
-12.6418 -79.6702 6.7282 -48.715991
-12.8923 -81.2283 7.3625 -48.50357
-13.0636 -82.0267 8.8276 -48.280114
-12.8375 -83.2389 8.8894 -48.050264
-12.4716 -84.694 8.0205 -47.811478
-12.6797 -85.5671 7.0599 -47.563193
-12.5183 -84.1321 6.1622 -47.303442
-12.5292 -84.0813 7.3739 -47.0359
-11.895 -85.6688 7.8198 -46.761798
-11.5229 -87.2946 8.4116 -46.480569
-10.3324 -88.1124 9.2259 -46.191417
-10.675 -89.8262 9.467 -45.894693
-11.2148 -91.4903 9.7261 -45.592539
-11.4919 -93.2205 9.9224 -45.284651
-11.8689 -94.9605 9.9938 -44.970361
-12.2215 -96.7085 9.9892 -44.652059
-12.5548 -98.4528 9.9031 -44.328283
-13.101 -100.1246 9.6027 -44.001065
-13.6123 -101.6942 9.0552 -43.669929
-14.5178 -102.8115 8.0351 -43.335236
-14.732 -103.8321 6.6289 -42.99713
-14.736 -104.949 5.3416 -42.656827
-14.7897 -105.5564 3.6632 -42.315022
-14.9175 -106.1934 2.0059 -41.974329
-14.8119 -107.3154 0.66 -41.638837
-14.3904 -108.3157 -0.7477 -41.303645
-14.0768 -109.6227 -1.5126 -40.974417
-14.1581 -111.3783 -1.2027 -40.649838
-14.4574 -112.7137 -0.3129 -40.329319
-14.5581 -113.8268 1.0481 -40.01705
-14.5629 -114.7419 2.5821 -39.711251
-14.3372 -115.8187 3.9677 -39.416867
-14.0073 -116.8255 5.38 -39.132535
-13.5104 -118.0936 6.4955 -38.861258
-13.0668 -119.695 6.5246 -38.604164
-12.4966 -121.0534 5.5568 -38.36329
-12.0851 -122.6625 5.1356 -38.139407
-12.5004 -124.2153 4.474 -37.933764
-12.6759 -125.9354 4.076 -37.749187
-13.0189 -127.5669 3.9008 -37.585448
-13.6129 -129.2115 3.7998 -37.445431
-14.5095 -130.7248 3.617 -37.330433
-15.1909 -132.314 3.2206 -37.242131
-16.0458 -133.6469 2.4524 -37.181889
-17.0046 -135.0632 2.0492 -37.151476
-3.6471 -8.0538 -0.0157 -51.249431
-1.3228 -8.9468 -0.0471 -51.326156
0.9314 -9.9936 -0.0832 -51.401341
2.6625 -11.7633 -0.1495 -51.486051
3.884 -13.4015 -0.8686 -51.607025
4.2751 -14.1359 -3.2157 -51.853286
4.6663 -14.8703 -5.5627 -52.081431
5.0575 -15.6047 -7.9097 -52.292542
5.4487 -16.3392 -10.2567 -52.487622
5.5082 -15.6747 -11.481 -52.612036
5.7528 -14.1284 -10.9972 -52.660876
5.1317 -14.013 -9.0503 -52.701518
5.6382 -14.026 -8.2186 -52.733557
7.6439 -14.2766 -7.8039 -52.755604
9.6042 -14.0356 -7.3728 -52.76643
11.4824 -13.5321 -6.7322 -52.766627
12.4397 -13.1153 -5.3274 -52.756142
13.1732 -12.7275 -3.4442 -52.734566
14.0029 -12.5015 -1.5695 -52.701902
14.9232 -12.6143 0.2611 -52.658236
16.0509 -12.8503 1.9217 -52.603219
17.2291 -12.7352 3.6117 -52.535793
18.6969 -13.072 4.9744 -52.458641
20.4387 -12.843 5.9867 -52.369716
22.2399 -12.9948 6.2182 -52.300937
23.7688 -13.3762 5.9788 -52.257821
25.0057 -12.6222 5.3936 -52.208455
26.3571 -12.2571 4.8087 -52.153817
27.8738 -11.9691 4.5669 -52.093391
29.2461 -11.1445 4.4391 -52.027022
30.8012 -10.7714 4.3716 -51.955509
32.3851 -10.5715 4.2891 -51.878399
33.2233 -10.1298 4.9983 -51.794862
34.0663 -9.8024 5.9221 -51.706001
35.5597 -9.845 6.5062 -51.612174
36.9026 -9.7278 7.2501 -51.51254
38.2463 -9.5474 7.9246 -51.408233
39.7277 -9.1425 8.3952 -51.298874
41.1759 -8.7377 8.951 -51.184835
42.5633 -8.3419 9.5488 -51.06564
43.7337 -8.1277 8.583 -50.942404
45.1311 -8.0308 7.9631 -50.815744
46.5242 -8.3092 7.3517 -50.686256
47.4104 -8.3281 6.0274 -50.552406
48.547 -8.1523 4.9694 -50.416958
50.1277 -8.0481 4.8161 -50.279665
51.0302 -8.412 5.9293 -50.138668
52.4231 -8.5023 6.17 -49.998711
53.895 -8.5955 6.6905 -49.857939
54.9911 -8.7652 7.7616 -49.718079
56.4893 -8.9904 7.679 -49.580293
57.587 -10.1308 7.9043 -49.445423
59.0801 -10.6364 8.1455 -49.312813
60.6014 -11.0022 8.4608 -49.184814
61.9959 -11.5958 8.0265 -49.061821
62.9752 -11.9724 7.058 -48.942681
63.4644 -12.0743 5.5381 -48.830617
64.0395 -11.9612 4.047 -48.725247
64.4337 -11.9546 2.4888 -48.628805
64.823 -11.932 0.9297 -48.543391
65.2041 -11.8836 -0.6309 -48.470145
65.5558 -11.8356 -2.1985 -48.409174
65.8976 -11.7879 -3.7682 -48.3625
66.4194 -11.7876 -5.282 -48.330727
66.4944 -12.5596 -6.6605 -48.314809
21.8035 -12.9643 5.5087 -52.287584
22.2928 -12.8975 4.0421 -52.217826
22.782 -12.8307 2.5755 -52.143869
23.2713 -12.7639 1.1089 -52.066103
23.7606 -12.6971 -0.3578 -51.984917
24.2499 -12.6303 -1.8244 -51.900706
24.7391 -12.5635 -3.291 -51.813849
25.2284 -12.4967 -4.7576 -51.724692
25.7177 -12.4299 -6.2242 -51.633618
26.2069 -12.363 -7.6908 -51.541017
26.8935 -12.3131 -8.9994 -51.446586
27.9931 -12.1349 -10.0456 -51.348123
29.4155 -12.0244 -10.5719 -51.24544
30.9321 -12.139 -10.7879 -51.139199
32.4337 -12.4908 -10.7732 -51.028496
33.7283 -13.0404 -10.3346 -50.914833
34.9591 -13.7394 -9.781 -50.798007
36.3049 -14.3754 -9.3611 -50.677843
37.7863 -14.4064 -8.971 -50.553022
38.9765 -14.4204 -8.3072 -50.426201
39.509 -14.5028 -6.8771 -50.298694
40.803 -14.1184 -7.3333 -50.171453
42.1172 -13.7343 -7.9502 -50.043989
43.481 -14.2451 -8.4653 -49.917831
44.8322 -14.6862 -9.0455 -49.79291
46.2199 -15.1571 -9.5418 -49.669829
47.4998 -15.7968 -10.1041 -49.550341
48.4919 -16.341 -10.9949 -49.433792
49.2648 -16.5571 -12.2212 -49.32127
50.6437 -17.0063 -12.5265 -49.215062
52.1626 -17.2199 -12.7123 -49.11477
53.5098 -17.9199 -12.5815 -49.022325
54.8261 -18.5114 -12.0649 -48.937953
56.0144 -19.3898 -11.6485 -48.863323
57.1511 -20.3793 -11.2981 -48.798915
58.5784 -20.83 -11.009 -48.745708
59.5198 -21.3446 -11.6244 -48.703882
59.9152 -21.5013 -13.1121 -48.675252
60.3293 -21.6363 -14.5919 -48.66062
5.542 -17.4481 -11.9734 -52.628252
5.2752 -19.0549 -12.8511 -52.712397
4.5319 -20.5356 -13.6308 -52.790999
4.2842 -21.2679 -12.1504 -52.864523
4.5234 -21.5541 -11.2061 -52.930728
5.0916 -22.5097 -9.9139 -52.991811
5.6355 -23.6108 -8.5295 -53.046626
6.4022 -24.9693 -7.5369 -53.095292
6.6335 -26.3097 -6.3211 -53.137292
7.1852 -27.3717 -7.4784 -53.172745
7.7638 -28.2275 -9.037 -53.201141
9.1599 -28.8455 -10.0123 -53.222189
10.2945 -29.4271 -11.2255 -53.236108
12.0307 -29.9265 -10.7637 -53.242716
13.7255 -30.5864 -10.4924 -53.241995
15.1918 -31.515 -11.0288 -53.233898
16.7178 -31.6949 -12.0524 -53.217605
18.2188 -31.9125 -13.1144 -53.193501
19.9511 -32.1969 -13.7295 -53.161432
21.5074 -33.0418 -14.1745 -53.12014
22.8543 -34.2615 -14.6414 -53.070722
24.0059 -35.5947 -15.1729 -53.014794
24.5296 -37.1036 -15.7174 -52.950471
24.7232 -37.5624 -17.5262 -52.8761
25.1008 -38.2263 -19.2142 -52.793491
26.3789 -39.4506 -19.5884 -52.703553
28.1291 -39.8596 -20.0602 -52.604419
29.3513 -39.6098 -21.3429 -52.495693
30.6809 -38.9744 -22.3478 -52.377881
31.8544 -39.4408 -23.699 -52.25157
32.7072 -40.1312 -24.5207 -52.116844
34.1875 -40.0661 -24.2388 -51.972489
35.3747 -39.954 -25.6606 -51.81921
36.0556 -40.1808 -27.3735 -51.655294
37.1117 -40.5409 -28.8636 -51.484639
37.9499 -40.8975 -30.5002 -51.305508
38.8019 -40.6861 -32.1277 -51.117381
39.8174 -40.5169 -33.6425 -50.922205
40.8901 -40.7217 -35.068 -50.719989
42.5305 -41.61 -35.2384 -50.511111
44.3755 -41.8861 -35.4176 -50.295033
45.9871 -42.2694 -36.0731 -50.072433
47.4878 -43.2765 -36.1873 -49.840066
49.3319 -43.6209 -36.2065 -49.597539
51.1887 -43.712 -36.2324 -49.357309
53.0372 -43.4731 -36.3042 -49.113312
54.8899 -43.6769 -36.497 -48.86739
56.6959 -43.5991 -36.9065 -48.618507
58.2639 -44.1277 -37.6876 -48.368646
59.5341 -44.5902 -38.7803 -48.116173
60.5988 -45.0677 -39.8571 -47.866245
61.8729 -46.2433 -40.1922 -47.618799
63.3313 -46.5896 -41.0735 -47.372951
64.0217 -46.6763 -42.7931 -47.129749
64.5704 -46.7494 -44.583 -46.892574
64.8703 -46.6711 -46.4334 -46.654203
65.1687 -46.5915 -48.2839 -46.431759
65.5964 -46.5388 -50.1097 -46.219491
65.7108 -46.4215 -51.9702 -46.004231
65.6981 -46.2783 -53.8407 -45.805031
65.6854 -46.1351 -55.7113 -45.629674
65.6727 -45.9919 -57.5819 -45.478925
65.7296 -45.7497 -59.4403 -45.345823
65.8135 -45.4694 -61.2934 -45.237339
66.0243 -45.0935 -63.1166 -45.154135
66.1717 -44.6856 -64.9394 -45.096389
66.3305 -44.1781 -66.4646 -45.066695
5.6517 -16.7814 -12.2027 -52.60289
5.689 -16.9607 -13.7308 -52.628826
5.7263 -17.14 -15.259 -52.641602
5.7636 -17.3194 -16.7872 -52.64181
5.8009 -17.4987 -18.3154 -52.630002
5.8383 -17.678 -19.8436 -52.606721
5.8756 -17.8574 -21.3717 -52.572501
5.9129 -18.0367 -22.8999 -52.527894
5.9502 -18.216 -24.4281 -52.473438
5.9875 -18.3954 -25.9563 -52.409651
6.0248 -18.5747 -27.4845 -52.337024
6.0621 -18.754 -29.0126 -52.256053
6.0994 -18.9334 -30.5408 -52.167297
6.1367 -19.1127 -32.069 -52.071281
6.1741 -19.292 -33.5972 -51.968531
6.2114 -19.4714 -35.1254 -51.859574
6.2487 -19.6507 -36.6536 -51.744909
6.286 -19.83 -38.1817 -51.625086
6.3233 -20.0094 -39.7099 -51.500655
6.3606 -20.1887 -41.2381 -51.372158
6.3979 -20.368 -42.7663 -51.240122
6.4352 -20.5474 -44.2945 -51.105027
6.4725 -20.7267 -45.8226 -50.967443
6.5099 -20.906 -47.3508 -50.827939
6.5472 -21.0854 -48.879 -50.687086
6.5845 -21.2647 -50.4072 -50.545414
6.6218 -21.444 -51.9354 -50.403413
6.6591 -21.6234 -53.4635 -50.261629
6.6964 -21.8027 -54.9917 -50.12065
6.7337 -21.982 -56.5199 -49.981053
6.771 -22.1614 -58.0481 -49.843375
6.8083 -22.3407 -59.5763 -49.708082
6.8457 -22.52 -61.1045 -49.57563
6.883 -22.6994 -62.6326 -49.446502
6.9394 -22.8766 -64.1572 -49.321235
8.1498 -22.8799 -64.1006 -49.19711
8.9886 -23.516 -62.989 -49.072726
9.9314 -24.3205 -62.1091 -48.949904
10.5435 -25.411 -61.3105 -48.827809
11.1641 -26.7642 -60.9602 -48.708078
11.7371 -28.177 -61.0516 -48.591423
12.2468 -29.4991 -61.4619 -48.477976
12.6299 -30.7915 -61.1111 -48.36838
13.0367 -32.212 -60.6823 -48.26426
13.4206 -33.6473 -60.2909 -48.166158
13.672 -35.0666 -59.8345 -48.075371
13.7802 -36.5811 -60.0484 -47.993142
13.7177 -38.0731 -60.4184 -47.920177
13.5658 -39.5761 -60.7091 -47.857133
13.3014 -41.0704 -60.6511 -47.805195
13.3571 -42.0105 -59.4467 -47.76444
13.5377 -43.0476 -58.3404 -47.736866
13.6333 -44.0606 -57.3331 -47.722978
-2.4565 -0.91 0.0523 -51.456766
-2.8293 2.667 0.2464 -51.683679
-3.0866 6.216 0.7208 -51.906068
-2.2413 9.6979 1.5153 -52.125423
-0.7404 12.7593 0.9662 -52.340715
0.227 15.8879 -1.0884 -52.542337
0.5524 20.1154 -1.9386 -52.727666
0.4575 24.418 -2.5408 -52.909991
0.4389 27.3767 -5.5178 -53.091804
-0.013 29.9656 -8.7108 -53.273504
-0.1419 14.3216 0.264 -52.460143
0.8616 14.8245 1.2959 -52.598824
2.5303 15.409 3.4469 -52.842766
5.0961 15.9466 3.8822 -53.085621
7.8356 16.5695 3.9069 -53.329889
10.5566 17.2922 4.0994 -53.573243
13.2701 17.9524 4.5537 -53.819084
15.8121 18.8134 4.7988 -54.068179
17.2134 19.7132 4.344 -54.234516
17.5574 19.3689 4.0634 -54.237014
-0.9274 14.3109 0.2417 -52.544055
-2.5488 14.1754 0.0246 -52.675956
-4.1702 14.04 -0.1925 -52.798395
-5.6969 13.9854 -0.1496 -52.912986
-6.0083 14.0245 0.9686 -53.022956
-4.7591 13.8534 0.1003 -53.128881
-4.5248 13.8442 -1.5168 -53.254973
-4.3735 13.8457 -3.1513 -53.371977
-4.2222 13.8471 -4.7858 -53.476802
-4.0708 13.8486 -6.4202 -53.569935
-3.7648 13.9278 -8.018 -53.654948
-3.1571 14.1597 -9.5252 -53.734495
-2.5409 14.9686 -10.6984 -53.805224
-0.6612 32.5013 -8.9792 -53.38463
-1.3441 34.6869 -8.6538 -53.459225
-2.5162 37.7967 -7.959 -53.561442
-4.0883 40.798 -9.2426 -53.659257
-6.1771 43.4321 -10.5669 -53.753417
-7.4526 45.9637 -12.4793 -53.844476
-8.199 48.9959 -14.3148 -53.932265
-8.488 52.2581 -16.0262 -54.017016
-8.9751 55.6713 -17.3793 -54.099293
-8.9724 59.3456 -17.9864 -54.179215
-8.8355 62.9598 -18.9326 -54.257207
-8.1651 65.7964 -21.101 -54.333891
-8.071 69.4931 -21.2598 -54.408226
-8.0725 72.7987 -19.5494 -54.465024
-8.8931 75.9303 -20.6534 -54.49165
-9.8467 77.8663 -22.8286 -54.505433
-10.916 79.9845 -24.8489 -54.516961
-11.8107 82.572 -26.461 -54.517684
-13.9622 85.1541 -28.0376 -54.506446
-15.428 87.4195 -30.0798 -54.491374
-16.2874 89.1284 -32.8169 -54.467676
-17.1302 91.8068 -33.4334 -54.435715
-16.6579 94.7355 -33.3269 -54.400431
-16.2793 97.4317 -32.2507 -54.361999
-16.0966 100.3779 -31.8618 -54.319931
-15.6048 103.2146 -31.8672 -54.215598
-15.0646 104.6984 -30.0846 -54.046092
-14.4099 106.6313 -31.3901 -53.869095
-13.9013 109.3975 -31.7321 -53.683637
-13.1382 112.1018 -31.8855 -53.48982
-12.0288 114.6912 -32.2205 -53.286972
-9.9615 116.491 -32.7147 -53.075235
-8.3964 118.5551 -33.6954 -52.853256
-7.0441 120.3709 -35.2413 -52.620559
-16.3107 103.1222 -31.2609 -54.333491
-17.0106 105.6108 -30.0258 -54.400493
-17.7104 108.0993 -28.7907 -54.461698
-18.4103 110.5878 -27.5556 -54.516998
-19.1321 113.0846 -26.3544 -54.566296
-20.0839 115.6275 -25.7828 -54.610041
-21.6544 117.8269 -26.4818 -54.648556
-22.4041 120.0541 -28.0006 -54.68133
-23.8204 121.9956 -29.2918 -54.708141
-16.2837 88.4956 -30.6847 -54.571316
-16.9057 88.45 -28.8674 -54.74571
-17.5277 88.4044 -27.0501 -54.915524
-18.1496 88.3588 -25.2328 -55.080813
-18.7716 88.3131 -23.4155 -55.24161
-19.3936 88.2675 -21.5982 -55.397934
-20.0155 88.2219 -19.7808 -55.549794
-20.6375 88.1763 -17.9635 -55.697199
-21.2595 88.1307 -16.1462 -55.840146
-21.8814 88.0851 -14.3289 -55.978634
-22.5034 88.0394 -12.5116 -56.112671
-23.1253 87.9938 -10.6943 -56.242245
-23.7473 87.9482 -8.8769 -56.367341
-24.3693 87.9026 -7.0596 -56.487948
-24.9912 87.857 -5.2423 -56.604046
-25.6132 87.8114 -3.425 -56.715623
-26.2352 87.7657 -1.6077 -56.822671
-26.8571 87.7201 0.2096 -56.925172
-27.4791 87.6745 2.0269 -57.023109
-28.1011 87.6289 3.8443 -57.116464
-28.723 87.5833 5.6616 -57.20522
-10.6474 82.0467 -25.97 -54.599014
-9.8973 83.5702 -26.7997 -54.751164
-8.9166 84.4636 -28.1497 -54.904633
-7.9416 85.635 -29.2349 -55.058901
-6.7633 86.7616 -30.2244 -55.213777
-5.9934 87.8877 -31.5 -55.369579
-4.805 89.0805 -31.9871 -55.526124
-4.0074 90.0975 -33.2964 -55.684666
-3.642 91.5318 -34.1524 -55.842924
-3.5504 92.2381 -35.0395 -56.002611
-2.6112 93.3175 -34.37 -56.163216
-1.4138 94.7914 -34.5426 -56.323509
-0.1697 96.0984 -35.117 -56.484521
0.8889 97.112 -35.3375 -56.646339
1.8787 97.6218 -33.8386 -56.809121
3.297 98.6527 -34.2066 -56.970868
4.478 100.1526 -34.2331 -57.131851
5.7259 101.6013 -34.2783 -57.293003
6.9236 103.076 -34.3329 -57.453291
8.2378 104.4594 -34.2789 -57.613091
9.708 105.6324 -34.1824 -57.771721
11.0242 106.9149 -34.1788 -57.929569
12.03 108.5293 -34.2938 -58.085792
12.8387 110.237 -34.4028 -58.240332
13.6986 111.9172 -34.2947 -58.393019
14.9808 113.3035 -34.0183 -58.543597
16.3534 114.5382 -33.5266 -58.691826
-8.0122 74.6652 -19.0128 -54.559068
-7.3733 74.7434 -17.1393 -54.70579
-6.2129 74.8717 -15.5661 -54.851694
-4.6588 75.1485 -14.4836 -54.997863
-2.9313 75.2005 -13.5318 -55.145013
-1.1908 75.5548 -14.025 -55.292949
0.2492 75.4182 -15.2751 -55.442379
1.6994 75.2949 -16.4498 -55.592282
3.456 75.8724 -16.5978 -55.742808
4.909 77.061 -16.0201 -55.893743
6.3489 78.0205 -15.2054 -56.045421
7.6777 78.1558 -16.557 -56.19928
9.1932 78.8939 -17.1669 -56.352915
10.3243 80.3116 -17.9293 -56.506544
11.8031 81.2429 -18.8099 -56.660707
13.3202 82.0201 -19.7154 -56.81535
14.672 82.8734 -20.8357 -56.969883
15.8195 84.0369 -21.4716 -57.123923
17.3968 85.0052 -21.5241 -57.277951
19.1523 85.9091 -21.6233 -57.431579
20.835 86.8367 -21.5731 -57.584498
22.3782 87.6805 -22.4819 -57.737114
23.6336 88.6822 -23.6145 -57.888275
25.3121 89.236 -24.4178 -58.038401
26.9271 90.1776 -25.069 -58.189838
28.5711 91.1435 -25.6063 -58.341134
30.1849 92.1759 -26.0934 -58.486186
31.906 93.0582 -26.3886 -58.628115
33.349 94.3802 -26.2354 -58.766976
34.682 95.7638 -25.7885 -58.90258
36.0698 96.9946 -25.1164 -59.03487
-9.1332 71.1226 -19.9391 -54.540815
-11.2049 71.3971 -19.3463 -54.729707
-12.2503 72.1505 -17.4371 -54.920089
-13.2771 72.9723 -16.3017 -55.111885
-15.0629 74.4381 -16.0237 -55.304533
-17.1889 75.3374 -15.9102 -55.499597
-18.7708 76.7954 -16.5998 -55.696226
-20.2396 77.7578 -18.0502 -55.895501
-21.4318 79.2493 -19.3169 -56.096022
-22.4493 80.8848 -20.0685 -56.242072
-23.644 82.5321 -19.9209 -56.331217
-25.2693 83.8199 -19.7197 -56.419538
-26.4282 85.5474 -19.5741 -56.506636
-27.4271 87.2915 -19.7394 -56.592788
-28.2555 88.0894 -18.5764 -56.679198
-28.4362 88.7812 -16.6121 -56.764785
-28.7184 89.4709 -14.6555 -56.848156
-28.5952 90.5234 -12.9306 -56.929479
-28.0087 92.2281 -11.8717 -57.008685
-28.1824 93.3344 -10.523 -57.086722
-28.881 94.9101 -9.3484 -57.162563
-29.1637 96.6406 -8.2343 -57.236189
-29.7507 98.589 -7.8416 -57.307499
-31.2546 100.014 -7.7767 -57.376842
-32.9856 101.1833 -7.8435 -57.44369
-34.438 102.6859 -7.93 -57.507867
-35.8645 104.1959 -8.077 -57.569214
-37.7492 105.0636 -8.2888 -57.6279
-39.7252 105.5106 -8.4883 -57.683871
-41.4274 106.5542 -8.4275 -57.736302
-22.5697 79.9845 -21.0657 -56.259448
-23.5049 79.5868 -23.0086 -56.370623
-24.7357 79.2357 -23.1851 -56.469715
-26.0186 79.7983 -22.2548 -56.567355
-27.6912 80.6895 -21.9109 -56.664001
-29.3246 81.7314 -21.4655 -56.759633
-31.1306 82.4861 -21.4143 -56.854459
-32.9071 83.2024 -21.5235 -56.948605
-34.8537 83.2248 -21.3716 -57.042071
-36.6622 83.819 -20.8419 -57.134145
-38.0322 83.5029 -19.5874 -57.225812
-39.4902 83.5562 -18.2934 -57.315807
-40.9141 84.0358 -17.0459 -57.404152
-42.4783 85.0996 -16.5078 -57.490376
-44.0118 86.2891 -16.2793 -57.574891
-45.0805 86.8165 -17.3328 -57.659774
-45.3985 87.0849 -19.2874 -57.742395
-46.0085 87.5938 -21.1008 -57.82307
-46.5256 87.8633 -23.0125 -57.901824
-47.0124 88.1443 -24.9307 -57.978393
-48.0466 88.8001 -25.8124 -58.051448
-49.3531 89.8139 -24.8517 -58.121843
-23.4169 79.5945 -22.041 -56.32056
-7.4755 47.1812 -14.128 -53.913987
-6.6397 46.9581 -15.442 -53.960337
-6.0885 47.0624 -16.854 -54.002727
-5.6785 47.4504 -18.3124 -54.042506
-5.0375 48.1975 -19.4234 -54.07945
-4.9376 48.8586 -20.8471 -54.114309
-4.8994 49.5688 -22.2208 -54.146965
-4.8067 50.8524 -23.1201 -54.176945
-4.348 52.1399 -23.896 -54.206229
-3.8636 53.4258 -24.6617 -54.232323
-3.2759 54.7308 -25.2965 -54.255476
-2.6137 56.0992 -25.6637 -54.276169
-1.9972 57.5231 -25.7699 -54.294605
-0.7472 58.4335 -25.8246 -54.310989
0.1834 59.5702 -25.9895 -54.324763
1.0556 60.8294 -26.3063 -54.335842
1.4265 62.1744 -26.9168 -54.344117
1.2466 63.3678 -27.9187 -54.349637
0.8615 64.5278 -28.8693 -54.352151
-1.2039 34.2315 -8.7378 -53.504313
-2.1645 36.692 -8.3921 -53.694715
-3.11 39.1845 -8.3928 -53.882045
-3.9026 40.3411 -6.7187 -54.068463
-4.4638 40.8393 -4.1593 -54.254888
-5.2514 41.2336 -1.6507 -54.440778
-6.4986 41.3875 0.6577 -54.626552
-6.9016 41.3668 3.1344 -54.814311
-8.3244 41.1475 5.0228 -55.001489
-9.0777 42.2825 6.6587 -55.155757
-10.4818 44.1286 6.7312 -55.276407
-12.0542 45.877 6.472 -55.397222
-13.7926 47.4551 6.7415 -55.51844
-14.3287 48.7274 8.6097 -55.640623
-14.2892 50.0448 10.5825 -55.762815
-14.3831 52.2013 11.5125 -55.884597
-15.4653 54.1641 11.5993 -56.006746
-15.9872 56.1264 10.7348 -56.129356
-15.9935 58.493 10.4465 -56.251898
-16.6674 59.2873 8.5547 -56.376474
-17.4698 59.7595 6.3608 -56.50129
-17.8092 61.9411 6.2291 -56.624692
-19.8136 62.8997 6.5069 -56.749379
-21.3274 63.1601 7.9551 -56.87514
-22.8218 64.0013 9.1439 -56.962026
-24.7396 64.6596 9.7419 -57.009031
-25.9313 65.6939 8.2209 -57.053508
-27.3521 67.091 7.1443 -57.095331
-27.8515 68.7801 5.7356 -57.134314
-28.9706 70.1238 4.2552 -57.170551
-29.8302 71.1977 2.3661 -57.203919
-30.5772 72.9481 2.3143 -57.233545
-31.2511 73.9836 4.3225 -57.260003
-31.8836 74.7971 6.3519 -57.282803
-33.4979 76.3178 6.0157 -57.300944
-35.3494 77.7054 5.6794 -57.314766
-36.2359 77.7987 3.4859 -57.324771
-36.823 78.2142 1.2302 -57.329539
-37.2962 78.8752 -1.0041 -57.328765
-38.0777 79.5243 -3.1351 -57.3223
-38.5828 79.8578 -5.4262 -57.309899
-40.1286 80.7679 -6.86 -57.290772
-41.8887 81.3717 -5.9333 -57.264896
-43.201 81.2826 -4.0378 -57.231988
-44.3102 81.7185 -2.0187 -57.19105
-23.2557 64.0561 8.131 -56.990486
-24.9649 64.9635 8.1844 -57.095582
-26.0616 65.9005 8.9001 -57.202671
-26.305 66.1448 10.8713 -57.3108
-26.4364 66.2766 12.8582 -57.416874
-26.7662 66.3845 14.8041 -57.522403
-28.2543 66.3369 15.7942 -57.627253
-29.7596 66.2207 16.7645 -57.732252
-29.8152 66.2528 18.7633 -57.836726
-30.2709 66.9957 19.6957 -57.940131
-31.7156 67.9135 20.4594 -58.043481
-32.1409 69.5247 21.5115 -58.145659
-33.0427 71.1208 22.2483 -58.246847
-33.7682 72.7602 23.0868 -58.347157
-34.714 74.4169 23.6586 -58.446332
-35.5114 76.0162 24.4887 -58.544523
-35.8784 77.7991 25.2812 -58.641638
-36.6919 79.4931 25.9091 -58.737548
-37.5921 81.2366 26.1638 -58.831872
-37.9648 82.9348 26.6532 -58.925344
-38.1232 84.1537 28.0096 -59.017168
-37.4894 85.6297 29.04 -59.107197
-37.0034 87.4849 29.1485 -59.195172
-36.7841 89.4485 29.2879 -59.284081
-36.3959 91.4052 29.448 -59.370742
-9.6387 41.5186 6.3846 -55.145797
-11.2133 41.8239 6.3128 -55.245654
-12.0979 42.4791 4.8865 -55.346752
-13.2557 43.35 3.9751 -55.447755
-14.2423 43.577 2.4577 -55.550014
-15.3556 43.71 1.0276 -55.652712
-15.9894 44.5732 -0.4476 -55.755743
-16.6871 45.12 -2.0478 -55.859415
-17.7188 45.8368 -3.2857 -55.963924
-18.5783 46.8498 -4.5254 -56.068674
-19.9074 47.2662 -5.6939 -56.17419
-21.5852 47.5437 -6.3542 -56.279967
-22.9761 48.6597 -6.3259 -56.385172
-24.3563 49.8697 -6.2079 -56.490605
-25.8552 50.8966 -6.0169 -56.595837
-27.0962 51.9486 -5.4199 -56.701376
-27.9482 52.3876 -3.9646 -56.807454
-29.654 52.5789 -3.9322 -56.912688
-30.6445 52.9077 -5.3714 -57.017517
-32.0441 53.5066 -6.2656 -57.121221
-33.4656 54.634 -6.5349 -57.223419
-34.9544 55.5474 -7.0531 -57.32425
-36.2819 56.6634 -7.6004 -57.42339
-37.6486 57.8611 -7.7756 -57.520855
-38.5034 59.4777 -7.6459 -57.615871
-39.3718 61.0534 -7.2838 -57.708012
-40.2991 62.551 -6.7638 -57.797395
-41.2384 64.045 -6.261 -57.883728
-41.8614 65.6914 -5.7694 -57.966253
-42.4591 67.2851 -5.1652 -58.044964
-43.3383 68.5969 -4.4191 -58.119492
-44.4522 70.0317 -4.1392 -58.188949
-45.5063 71.5345 -4.0501 -58.253395
-46.5569 73.035 -4.1531 -58.312184
-47.8716 74.2263 -4.5515 -58.36515
-48.8625 75.1738 -5.5759 -58.411819
-49.2408 75.7623 -7.2733 -58.452207
-49.4584 77.0985 -8.4631 -58.484557
-49.9501 78.752 -8.946 -58.509109
-51.026 79.8745 -9.2484 -58.52581
-51.28 79.9424 -10.8927 -58.534895
17.7044 20.951 4.9703 -54.314451
18.2015 22.2043 5.6044 -54.392488
18.6985 23.4577 6.2386 -54.46786
19.0912 25.152 6.8819 -54.559969
19.429 27.2733 6.757 -54.668439
20.0937 28.9393 5.4586 -54.775559
20.5192 30.5261 4.0181 -54.881536
21.7848 31.8769 2.8501 -54.98695
22.0977 33.1829 1.0434 -55.091937
23.2662 34.71 0.0406 -55.196008
23.7528 35.2305 -1.9989 -55.300994
24.4415 36.3316 -0.4475 -55.405855
25.2156 37.3871 1.3732 -55.51076
25.5431 38.1412 3.4507 -55.616386
26.3109 39.4951 5.0553 -55.721517
27.3125 40.7429 3.9319 -55.827259
27.6125 41.5008 5.9749 -55.93459
27.8649 42.4672 7.8245 -56.042151
28.5761 44.0126 9.106 -56.149667
29.3017 45.8785 9.8466 -56.257475
29.8444 47.4239 10.9837 -56.366908
29.8427 48.4745 12.9418 -56.477031
30.4043 50.5089 13.6559 -56.587042
32.2661 51.6774 14.0416 -56.698436
33.7432 53.3643 13.9508 -56.810134
35.3704 54.8773 13.6311 -56.922784
36.404 56.7929 13.1328 -57.035945
37.9566 57.9008 12.228 -57.150008
39.1636 59.6692 11.6914 -57.264436
40.7811 61.2139 11.412 -57.379746
42.5407 62.5144 11.7504 -57.495474
43.9242 63.8221 12.81 -57.611992
45.3908 65.165 13.6376 -57.728863
45.9271 67.2097 14.1714 -57.845289
46.6355 69.1359 14.3788 -57.962097
48.3635 70.1089 14.8857 -58.079863
49.6569 71.9103 15.1633 -58.199495
50.9513 73.7475 15.4455 -58.319223
52.8054 74.9337 15.6383 -58.437012
54.7263 75.5702 15.6827 -58.554961
56.0864 76.9982 15.657 -58.672273
57.1449 78.0802 14.4904 -58.789995
58.894 79.349 14.0314 -58.906874
60.9129 80.2627 14.3307 -59.023442
62.6887 81.5896 14.007 -59.139329
64.1912 82.1373 14.8133 -59.255682
65.3934 82.3955 16.5144 -59.371226
66.9021 83.2776 17.6975 -59.485073
67.4164 84.9808 18.6495 -59.597302
68.0681 86.9646 19.2519 -59.707682
18.9087 24.0362 7.1126 -54.506292
19.1476 18.9083 3.9431 -54.335218
20.9905 18.3979 3.8423 -54.444088
22.9152 18.2333 3.6481 -54.551023
24.7758 17.8958 3.3306 -54.656471
26.5871 18.0132 3.1308 -54.76066
28.3023 18.6484 3.6845 -54.863903
29.9424 18.8206 4.6508 -54.96685
31.2866 18.6601 5.9911 -55.070161
32.7096 18.1098 7.1234 -55.173626
34.1103 16.8391 7.543 -55.277587
35.4164 15.4177 7.7072 -55.382118
36.5618 14.0174 7.4707 -55.487039
38.0589 13.6462 6.35 -55.591863
39.8047 13.3092 5.8907 -55.697284
41.5119 12.7068 5.2455 -55.803686
42.8693 12.0614 4.0202 -55.911211
44.4573 11.3345 3.2295 -56.019524
45.9294 10.8303 2.4767 -56.128881
47.1014 10.1377 3.6205 -56.239038
48.3849 9.3089 4.6779 -56.350065
49.394 9.6773 6.2389 -56.46193
50.6478 10.0528 7.6185 -56.57454
51.9327 9.8336 9.0023 -56.688108
53.4883 10.1208 10.104 -56.802058
55.2334 9.8227 9.9071 -56.917001
57.0597 9.924 9.3135 -57.039145
58.8743 9.6526 8.6558 -57.165024
60.689 9.3812 7.9981 -57.287217
62.4959 9.1815 7.3186 -57.40589
64.0964 9.6659 6.3822 -57.523134
65.6128 10.0298 5.5676 -57.640712
66.3879 8.7348 6.61 -57.759694
67.0408 7.9267 8.2378 -57.87799
67.6184 7.3624 10.0083 -57.996411
68.2214 6.7991 11.7671 -58.114502
68.8557 6.3245 13.5452 -58.231265
69.5936 6.0215 15.3177 -58.347728
70.6128 5.6939 16.9232 -58.46241
71.846 5.1297 18.3139 -58.575058
73.446 5.6128 19.1551 -58.685802
75.1394 5.1362 19.9892 -58.796881
76.7792 5.1163 20.887 -58.90352
78.3203 5.541 21.9782 -59.007484
79.5543 6.0354 23.1887 -59.108419
80.477 6.477 24.7608 -59.205644
82.1371 6.4027 25.3832 -59.29963
83.992 6.8997 25.7174 -59.389195
85.8702 6.8251 26.0726 -59.474738
87.7509 6.7088 26.4848 -59.555396
89.6348 6.7028 26.6547 -59.630626
91.0074 6.4378 25.4152 -59.700121
92.1971 6.0461 24.0228 -59.763773
93.1627 5.5053 22.7795 -59.822342
93.4181 5.3578 20.8527 -59.873407
93.6827 5.205 18.9277 -59.916655
93.9559 5.0473 17.0042 -59.95173
94.7999 4.5071 17.8661 -59.978164
-1.9865 16.2264 -10.9822 -53.861023
-1.6114 17.3396 -11.0385 -53.898125
-1.1973 18.2526 -10.4886 -53.926031
-0.4899 18.8695 -10.968 -53.944983
0.4947 18.656 -11.4238 -53.954903
-5.9486 122.6202 -36.4545 -52.376057
-4.8563 124.4889 -38.1946 -52.119577
-3.4433 126.1431 -39.8024 -51.850747
-2.2407 128.597 -40.3971 -51.568205
-1.5188 131.295 -40.1613 -51.271142
-1.6696 134.0734 -40.2753 -50.95899
-2.517 136.7345 -40.7076 -50.630792
-3.2762 139.4376 -41.1589 -50.285458
-4.1563 142.1305 -41.3938 -49.922212
-4.9956 144.8475 -41.5126 -49.53955
-4.2109 147.46 -41.641 -49.136834
-3.9407 150.1251 -41.6099 -48.711584
-3.8535 152.9656 -41.6389 -48.262799
-3.8797 155.8081 -41.7765 -47.787443
-3.362 158.4701 -41.8809 -47.283184
-3.9026 161.1882 -41.8597 -46.746997
-4.6546 163.8938 -41.7416 -46.175573
-4.458 166.7321 -41.7051 -45.564891
-4.7248 169.4267 -41.9823 -44.910909
-5.9516 171.9513 -42.4086 -44.208829
-6.8697 174.6164 -42.5236 -43.454673
-7.1469 177.3942 -42.5991 -42.643696
-8.5483 179.5426 -43.6297 -41.773393
-9.0965 181.9163 -44.9846 -40.840208
-9.3572 184.5276 -45.8738 -39.848802
-10.3037 185.8819 -45.5629 -39.009907
-12.6165 185.7411 -44.527 -38.349569
-14.6492 185.7303 -43.1953 -37.666478
-16.2496 187.2653 -42.1906 -36.956139
-17.9145 189.1431 -41.8854 -36.222026
-19.4479 191.0685 -41.5909 -35.470175
-21.0169 192.9475 -41.0017 -34.706965
-22.4125 194.4386 -40.3024 -33.940573
-23.7068 195.9472 -39.0039 -33.1788
-25.0392 197.7028 -39.8911 -32.431302
-25.8175 200.0563 -40.2799 -31.707732
-26.6369 201.4551 -41.5533 -31.016564
-27.5289 202.2594 -40.2727 -30.36818
-29.472 203.3638 -40.3713 -29.771969
-31.4096 204.4733 -39.3932 -29.233987
-31.9894 205.4816 -37.1556 -28.758417
-32.896 206.6385 -35.2063 -28.352966
-33.7738 206.9925 -32.8727 -28.018257
-35.326 208.2821 -31.3862 -27.755359
-36.5537 210.18 -30.3332 -27.561305
-37.6503 212.1937 -29.5135 -27.432276
-38.7499 214.0475 -28.2022 -27.362079
-38.8366 216.2339 -27.1303 -27.342472
-39.8429 217.9451 -25.6872 -27.364418
-40.3547 220.3663 -25.6679 -27.41642
-9.0607 186.6005 -47.0068 -39.121513
-8.6412 188.5188 -48.1723 -38.680553
-7.9227 189.8909 -49.7878 -38.212036
-7.3389 191.2666 -51.5099 -37.721156
-6.8689 192.8579 -53.067 -37.215067
-6.5717 194.5306 -54.6272 -36.700395
-6.699 195.7688 -56.5782 -36.185011
-6.6007 197.3796 -57.9455 -35.679609
-5.361 198.4457 -59.4593 -35.193196
-4.0706 199.0919 -61.2062 -34.73577
-2.56 200.3359 -61.9713 -34.318457
-1.1767 202.1203 -62.473 -33.949299
0.1257 203.765 -63.1817 -33.637287
0.5779 205.9809 -62.9411 -33.388349
1.7705 207.8999 -62.7909 -33.208305
1.7806 210.0234 -63.3852 -33.099421
1.251 212.0868 -62.5412 -33.062136
0.3882 214.2228 -62.3899 -33.094382
-0.4598 216.2968 -62.9067 -33.191666
-1.2479 218.4121 -63.4146 -33.347221
-2.0973 220.5416 -63.7457 -33.55257
-3.4118 222.4275 -63.923 -33.798066
-5.2388 223.8332 -64.0726 -34.073276
-7.0057 225.2983 -64.337 -34.366882
-8.1122 227.0393 -64.9339 -34.668105
-8.3675 229.0243 -65.402 -34.921708
-8.7031 230.7886 -65.6689 -35.124499
-9.2813 232.5101 -65.8231 -35.316698
-9.2237 228.2929 -64.8468 -34.837146
-10.9382 228.5001 -64.259 -34.865416
-12.6565 228.7042 -63.682 -34.875292
-25.5183 124.0162 -29.3962 -54.72681
-26.4756 125.8583 -28.1987 -54.739013
-27.6755 127.8327 -27.6028 -54.745837
-27.9279 128.8492 -29.077 -54.747689
-28.5728 129.8586 -27.39 -54.743666
-29.4951 131.5172 -26.0388 -54.733087
-30.3172 133.5583 -25.0126 -54.715756
-30.9903 134.755 -23.0132 -54.692095
-31.8576 136.0757 -21.167 -54.661153
-32.9249 137.8539 -19.8699 -54.622366
-34.7749 138.8966 -19.3111 -54.576029
-36.3176 139.9122 -18.0849 -54.52138
-37.4604 141.3871 -16.8864 -54.457631
-38.6623 143.1941 -16.0632 -54.384296
-40.1691 144.5551 -14.9429 -54.301293
-41.2877 146.3296 -14.9203 -54.207602
-42.5778 148.1549 -14.027 -54.103042
-43.9866 149.9737 -13.1872 -53.987163
-45.0144 151.7833 -12.0503 -53.859038
-45.5532 153.8159 -10.8393 -53.717877
-46.3861 156.0367 -10.2537 -53.563038
-46.9837 158.3901 -9.9517 -53.394037
-47.8117 160.6751 -9.7756 -53.209726
-49.0447 162.6915 -9.706 -53.009732
-50.015 164.9082 -9.8518 -52.792622
-51.5234 166.8379 -9.9384 -52.557691
-52.9161 168.8061 -9.9279 -52.303695
-54.0733 170.9215 -9.7859 -52.029202
-55.7453 172.652 -9.5467 -51.733427
-57.6094 174.1497 -9.6472 -51.414769
-59.246 175.273 -8.9172 -51.07162
-60.6519 176.3429 -7.7572 -50.702475
-61.8971 178.3631 -7.4187 -50.304753
-62.7492 180.6081 -7.5045 -49.876444
-63.9736 182.7158 -7.7021 -49.416319
-65.2308 184.8141 -7.6187 -48.921628
-66.7492 186.7003 -7.6491 -48.389416
-68.417 188.4651 -7.7574 -47.8153
-69.4591 190.6092 -7.7695 -47.195507
-69.6776 192.1396 -9.5531 -46.522615
-70.6232 193.0213 -8.854 -45.785332
-70.9662 193.1386 -6.4297 -44.988272
-71.4596 193.5338 -4.0639 -44.124916
-72.1758 195.2071 -3.9513 -43.195956
-73.6159 196.7389 -5.1111 -42.18886
-74.8609 198.522 -6.148 -41.095398
-75.7426 199.5734 -7.6936 -39.905855
-75.3694 199.5725 -10.1146 -38.590824
-74.4019 199.6256 -11.6143 -37.173862
-73.8016 200.0979 -9.3728 -35.611112
-74.5843 201.3776 -7.8285 -33.886064
-75.66 202.8847 -6.3385 -31.959093
-76.7569 204.7933 -5.2692 -29.781944
-77.7876 206.5222 -4.0466 -27.278526
-78.7815 208.5213 -3.0989 -24.353899
-29.3228 87.5393 7.4141 -57.286354
-29.9005 87.4969 9.1019 -57.360489
-30.4781 87.4545 10.7898 -57.430624
-31.0558 87.4122 12.4776 -57.496754
-32.2782 87.1841 13.3671 -57.559334
-33.8866 86.6278 13.8875 -57.619638
-35.2533 87.1539 14.4242 -57.676615
-35.8481 87.8038 15.3321 -57.730662
-36.8463 86.9864 16.4788 -57.782789
-38.3951 86.3544 16.7879 -57.831699
-40.0436 86.842 16.4412 -57.876699
-41.676 86.6973 15.7688 -57.918849
-43.0795 86.67 14.6822 -57.957489
-44.7397 86.6061 14.8133 -57.992638
-46.2784 86.3685 14.6265 -58.024278
-47.931 85.969 14.7511 -58.052247
-49.3382 85.0184 15.2541 -58.076741
-51.0157 84.5548 15.4912 -58.097029
-52.76 84.3802 15.7377 -58.113134
-54.4766 84.1118 16.1326 -58.125254
-56.1575 83.722 16.5614 -58.133366
-57.6854 83.1665 17.2616 -58.137455
-59.449 83.0129 17.2864 -58.137189
-61.2047 83.1213 17.0316 -58.132728
-62.4985 83.4162 16.057 -58.124127
-64.2493 83.561 15.9695 -58.111699
-65.9938 83.4285 15.6473 -58.095612
-67.7202 83.5173 15.2308 -58.075761
-69.055 83.036 14.2322 -58.052898
-69.8653 82.2066 12.9383 -58.027161
-71.0115 81.258 11.9738 -57.998722
-72.4278 80.4398 11.5445 -57.967688
-73.698 79.222 11.6667 -57.934935
-74.8344 77.8746 11.8888 -57.900824
-76.1909 76.8138 12.1994 -57.865362
-77.7152 76.0674 12.6693 -57.829357
-79.2241 75.3783 13.2714 -57.793559
-80.5771 74.3384 13.7242 -57.758714
-81.948 73.2954 14.1285 -57.725202
-83.3128 72.1963 14.4348 -57.693725
-84.2563 70.7511 14.49 -57.664944
-85.9688 70.3467 14.3507 -57.638629
-87.6869 70.083 14.43 -57.615911
-89.1236 69.3762 14.9056 -57.597535
-90.0942 69.1674 16.3612 -57.583261
-91.4773 68.4273 17.0893 -57.574077
-93.1744 68.4543 17.5737 -57.569275
17.4714 115.5383 -32.7054 -58.825019
18.7181 116.515 -32.6736 -58.944106
19.4474 117.9165 -32.6863 -59.060305
20.2746 119.2604 -32.6312 -59.17427
21.0837 120.5882 -32.4636 -59.285474
21.7758 121.9988 -32.2416 -59.393753
22.3094 123.4582 -32.1155 -59.498979
23.1409 124.8071 -32.0128 -59.600798
23.9385 126.1782 -31.9172 -59.699359
25.0849 127.2066 -31.902 -59.794096
25.7601 127.3047 -33.2559 -59.886355
26.628 127.211 -34.5602 -59.974681
27.4583 127.1967 -35.7592 -60.05796
28.395 127.5305 -34.6253 -60.13625
29.5644 128.205 -33.8463 -60.209018
30.5696 128.6374 -32.8152 -60.277008
32.0051 129.043 -32.2921 -60.339296
33.4128 129.4399 -31.6761 -60.395687
34.7649 130.0848 -31.1622 -60.445704
36.07 130.7044 -30.5266 -60.489289
37.2954 130.2845 -29.7509 -60.526902
38.6668 129.8544 -29.4393 -60.557658
40.0959 129.824 -28.9371 -60.580909
41.6596 129.7812 -29.1527 -60.59675
43.163 129.7557 -29.5887 -60.604814
37.3605 97.6671 -24.1386 -59.151044
38.5247 98.3419 -23.3011 -59.251787
39.4075 98.7958 -22.0704 -59.350021
39.7833 99.3954 -20.6642 -59.445222
39.86 99.407 -19.0804 -59.538616
40.1939 99.8932 -18.7303 -59.627017
40.4963 100.318 -20.2174 -59.712384
41.4643 101.4944 -20.1061 -59.792621
42.3976 102.7119 -19.7798 -59.868502
43.1049 104.0833 -19.5568 -59.939937
44.0865 105.3182 -19.6544 -60.00654
44.7899 106.7249 -19.7113 -60.068146
45.9094 107.8469 -19.694 -60.124645
47.0015 108.9935 -19.6267 -60.175667
47.4874 110.1272 -19.5101 -60.222311
47.4694 110.2183 -21.0953 -60.267964
47.4514 110.3094 -22.6805 -60.306103
47.4334 110.4005 -24.2657 -60.336682
47.4153 110.4915 -25.8509 -60.35966
47.3973 110.5826 -27.4361 -60.374998
47.3793 110.6737 -29.0213 -60.38266
-43.1464 107.2097 -8.6051 -57.781721
-44.2349 108.3552 -9.2701 -57.820499
-45.5183 109.1815 -10.1573 -57.856773
-46.5455 110.332 -10.9218 -57.890014
-47.6198 111.4497 -11.7523 -57.920313
-48.7733 112.6103 -11.9929 -57.947531
-49.0763 114.3515 -11.8794 -57.971243
-49.3422 116.0762 -11.586 -57.991606
-49.7822 117.0822 -10.2937 -58.009017
-50.4256 118.2912 -9.1739 -58.022719
-50.9978 119.2379 -7.7863 -58.032905
-51.2625 120.0244 -6.2601 -58.039418
-51.6654 121.1492 -4.9912 -58.041748
-51.9476 122.7357 -4.2703 -58.039723
-52.5998 124.2212 -3.6393 -58.033581
-53.274 125.7541 -3.0637 -58.023156
-53.9887 127.1954 -2.3704 -58.008446
-53.963 128.1021 -0.9245 -57.989419
-54.6255 128.6873 -0.6995 -57.96594
-55.0557 128.8462 -2.4173 -57.938045
-55.7093 129.6088 -3.8029 -57.905448
-56.3904 130.5701 -3.4395 -57.868071
-57.2397 131.7558 -2.5815 -57.825859
-57.7383 132.4193 -1.0375 -57.77889
-58.1997 132.8604 0.5026 -57.727709
-59.135 134.2149 0.2827 -57.67175
-59.5411 135.9385 0.3726 -57.611427
-60.3211 137.5272 0.4547 -57.547171
-61.5615 138.7924 0.4272 -57.479389
-62.8427 140.0202 0.4049 -57.407998
-63.9756 141.337 0.4784 -57.333544
-65.5415 142.0698 0.6041 -57.256874
-66.8201 143.3029 0.6105 -57.177738
-67.9523 144.6731 0.6097 -57.094886
-69.0106 146.0943 0.6091 -57.012824
-69.7753 147.6531 0.6561 -56.93106
-69.9859 148.4831 2.1055 -56.849714
-70.4429 149.3779 3.3991 -56.770272
-71.6135 150.4383 2.691 -56.693425
-72.4835 151.5429 1.7355 -56.619888
-72.9227 152.8592 2.7049 -56.550187
-72.5877 154.4469 3.3601 -56.485478
-73.0119 156.1489 3.5593 -56.426485
-73.1545 157.8864 3.5882 -56.374187
-74.1953 159.319 3.6169 -56.329478
-74.932 160.9303 3.7174 -56.29264
-75.2192 162.6661 3.8423 -56.264325
-75.4158 163.3004 5.1393 -56.245283
-75.4017 163.5667 6.8972 -56.235769
-50.1374 90.531 -23.3634 -58.185946
-51.2673 90.8857 -22.5511 -58.243751
-52.7159 91.6607 -23.1098 -58.299023
-54.0702 92.6015 -23.357 -58.35199
-55.4386 93.0469 -22.4458 -58.402937
-56.998 93.6059 -21.9041 -58.451453
-58.5673 94.2413 -21.5078 -58.497404
-59.4515 94.8578 -20.2839 -58.541137
-60.3751 95.9904 -19.3491 -58.581535
-61.639 96.317 -18.2753 -58.619755
-62.5765 96.8459 -17.7339 -58.655029
-63.9654 97.6322 -17.7098 -58.687354
-65.6166 98.1559 -17.9424 -58.716887
-67.3141 98.5251 -18.0363 -58.743529
-68.9906 98.999 -17.9141 -58.766968
-70.4527 99.8368 -17.5623 -58.787128
-71.8636 100.5751 -16.8437 -58.804228
-73.2945 101.1084 -16.0241 -58.818323
-74.8032 101.5319 -15.3155 -58.829358
-76.2937 102.0431 -14.7677 -58.837227
-76.9439 103.3194 -13.9021 -58.84155
-77.7853 104.5384 -13.0235 -58.842902
-79.1174 105.4827 -13.5256 -58.84155
-80.5678 106.3785 -13.889 -58.83745
-81.9123 107.4474 -14.0602 -58.83061
-82.892 108.884 -14.1362 -58.821051
-83.7902 110.3676 -14.0768 -58.80918
-84.9748 111.6284 -13.8567 -58.795477
-86.2002 112.6963 -13.3076 -58.780136
-87.0479 113.9279 -12.479 -58.763328
-87.7411 115.4304 -11.9657 -58.745335
-88.823 116.6812 -11.5653 -58.72678
-89.4834 118.0465 -10.8065 -58.707747
-90.0558 119.4566 -9.9504 -58.688666
-90.8226 120.9302 -9.4429 -58.669974
-91.9586 122.2396 -9.3374 -58.652179
-92.8888 123.6775 -9.6286 -58.635454
-93.6083 125.2344 -9.9613 -58.620192
-94.4583 126.6908 -10.3334 -58.606903
-95.6371 127.179 -11.2403 -58.596356
-96.5223 128.3643 -11.7434 -58.58785
-97.3565 129.8343 -11.9607 -58.581775
-98.0187 131.4271 -12.0082 -58.578261
-44.8397 82.3848 -0.1022 -57.147345
-45.6858 82.6745 1.4762 -57.104165
-47.0854 83.466 2.0376 -57.055447
-47.9154 84.1261 0.6038 -57.000896
-48.4536 84.4912 -1.1078 -56.940765
-49.4629 84.7481 -2.3216 -56.874566
-50.8487 85.4683 -2.9272 -56.801441
-51.3634 86.2483 -4.138 -56.720766
-51.1604 85.8865 -5.9031 -56.633808
-51.4147 86.3329 -4.63 -56.538557
-51.3753 86.9211 -3.2026 -56.436115
-51.6511 88.546 -2.6095 -56.325036
-52.0008 89.4665 -3.9264 -56.204902
-52.6137 90.8015 -4.1725 -56.076101
-53.4473 92.4123 -3.9386 -55.93763
-53.8653 94.1635 -3.6555 -55.789234
-53.9519 95.9277 -3.215 -55.630529
-54.3051 97.4953 -2.5507 -55.461169
-54.5625 98.6898 -1.1952 -55.281443
-54.547 99.8234 0.1762 -55.089827
-54.2907 100.3598 1.9096 -54.886281
-54.7709 101.2087 3.4194 -54.671832
-54.4328 101.9413 3.8933 -54.445642
-53.0212 101.1678 3.092 -54.207779
-52.5222 101.109 4.5528 -53.95478
-54.1846 101.7537 4.4499 -53.689414
-55.6576 102.8136 4.5394 -53.410595
-56.499 104.3974 4.7059 -53.117857
-56.8786 106.1716 4.8788 -52.811132
-56.4546 107.8733 4.5587 -52.490989
-55.6814 109.1098 4.4339 -52.154748
-55.7928 109.3656 6.2457 -51.799896
-56.2213 109.7146 7.7986 -51.439692
-55.5336 111.171 7.9788 -51.066331
-57.2605 111.7016 8.1166 -50.682424
-58.1121 113.2561 8.4551 -50.285615
-58.5985 114.919 9.0311 -49.877394
-59.6859 116.036 9.8099 -49.461149
-59.434 116.5435 10.5662 -49.034766
-59.3051 118.1105 11.4366 -48.59981
-59.9415 119.6907 12.0733 -48.156045
-60.8614 121.156 12.3489 -47.7068
-61.607 122.4945 11.39 -47.250891
-62.1797 124.0961 10.8491 -46.792379
-62.6253 125.8486 10.8404 -46.333294
-62.2188 127.4063 11.6395 -45.875978
-61.8461 129.0333 12.3882 -45.423436
-62.5327 130.6886 12.3999 -44.978805
-62.936 132.4579 12.2088 -44.544505
-63.3234 134.2117 11.8803 -44.124383
-63.6303 135.945 11.5157 -43.723311
-63.951 136.5199 9.8435 -43.342374
-64.1784 137.2406 8.1925 -42.988657
-64.0694 138.3872 6.7995 -42.665667
-64.3697 140.0086 6.0583 -42.374866
-64.8732 141.6033 5.322 -42.121119
-65.5178 142.5596 4.0703 -41.90614
-65.7682 143.1976 5.3492 -41.732241
-66.7186 144.3442 5.8832 -41.601143
-67.5125 145.9488 6.0337 -41.513648
-68.2142 147.6123 6.0332 -41.46991
-36.2134 93.2108 29.5751 -59.44622
-36.6635 94.7733 29.8902 -59.513025
-36.9263 96.2364 30.4302 -59.578278
-37.1622 97.773 30.8495 -59.641977
-37.5529 99.3568 31.1525 -59.704103
-37.9173 100.9487 31.3678 -59.764274
-38.3971 102.525 31.406 -59.822808
-38.3118 104.182 31.3802 -59.879332
-38.3833 105.841 31.3619 -59.933931
-38.5184 107.493 31.3513 -59.986625
-38.1793 109.1047 31.3065 -60.037386
-37.694 110.6348 31.1726 -60.086046
-37.4366 112.1749 31.1742 -60.132694
-36.4341 113.3684 31.2349 -60.177547
-35.2673 114.4885 31.1966 -60.220218
-35.1913 116.0244 31.322 -60.260431
-36.1323 117.264 31.8032 -60.298641
-36.1013 118.8174 31.8898 -60.334459
-35.2737 120.1279 31.585 -60.368139
-34.1912 121.3196 31.36 -60.399658
-33.7141 122.9011 31.2289 -60.428535
-33.0667 124.4147 31.1658 -60.455124
-32.8786 126.0601 31.1275 -60.479201
-32.0835 127.4884 31.1247 -60.500927
-31.8296 129.12 31.1246 -60.520061
-31.1422 130.5851 30.9859 -60.536706
-30.3228 131.8477 30.3079 -60.550872
-29.6856 132.4849 28.9766 -60.562738
-29.0719 133.0333 27.5676 -60.571831
-28.0844 133.7856 27.8775 -60.577815
-27.152 134.469 28.6173 -60.580709
68.8569 88.73 19.5506 -59.802918
69.4626 89.4871 18.5505 -59.885251
69.8694 90.2922 17.5312 -59.966307
70.1133 90.9732 19.0619 -60.046576
70.2522 92.4115 19.6157 -60.124811
70.8156 93.9888 19.8859 -60.201603
70.9233 95.5529 19.5992 -60.277239
71.3862 97.0655 19.4044 -60.351381
72.5006 98.2929 19.6588 -60.424003
72.7344 99.9408 19.94 -60.494893
72.932 101.5833 19.995 -60.564151
72.4313 103.198 19.9089 -60.631675
71.8799 104.7873 20.0008 -60.697149
71.5282 106.416 19.8144 -60.760776
71.2624 108.037 19.4849 -60.82231
70.3107 109.3594 19.2993 -60.881651
69.2896 110.7156 19.219 -60.938656
68.8552 112.3448 19.1576 -60.993035
68.8224 113.8606 18.9579 -61.044911
69.0085 114.8834 18.0264 -61.094658
68.8524 116.0924 16.8932 -61.141517
69.7271 117.2159 15.9694 -61.185608
70.0973 118.581 15.0882 -61.226484
70.8674 119.2691 13.939 -61.264932
70.3855 118.9765 13.515 -61.300633
69.9666 118.6726 13.3866 -61.333338
70.2125 118.847 11.7059 -61.36272
70.4357 118.9096 10.8982 -61.388033
70.1867 118.7318 12.5649 -61.410029
69.521 118.6003 13.8778 -61.427744
69.0153 119.2849 13.1332 -61.440791
69.8993 119.8704 11.9133 -61.449646
70.2963 119.9515 10.2866 -61.45433
95.5228 3.6634 18.9207 -59.9924
95.9521 3.5018 19.9853 -59.999412
96.3294 3.3373 21.069 -60.003036
-41.3421 222.5153 -25.6062 -27.482563
-42.702 224.1478 -25.2091 -27.692251
-44.2458 225.1088 -24.0553 -28.03934
-45.8189 226.0665 -23.0056 -28.510331
-47.3319 227.1224 -21.9872 -29.091912
-48.8138 228.7344 -21.8003 -29.769792
-50.1281 230.4969 -21.9165 -30.530453
-51.8278 231.7383 -22.0527 -31.361373
-52.8158 233.6774 -22.1145 -32.249427
-53.0724 235.6787 -22.1684 -32.968148
-53.6815 237.6012 -22.215 -33.500287
-54.8336 239.2327 -22.1693 -34.054753
-55.9455 240.9107 -22.1307 -34.627463
-56.8959 242.6769 -22.2538 -35.215135
-57.6448 244.0732 -23.1351 -35.815341
-57.9004 245.3567 -24.6431 -36.424075
-58.5973 247.0318 -25.4177 -37.037425
-59.3933 248.8468 -25.6686 -37.653792
-60.5485 250.492 -25.7129 -38.271449
-62.0102 251.8694 -25.795 -38.888921
-63.5819 251.7041 -25.7766 -39.505026
-65.1861 252.5294 -25.4878 -40.11765
-66.5361 253.7075 -24.6451 -40.725271
-67.4482 255.4346 -24.2826 -41.327138
-68.0616 257.3349 -24.0645 -41.922272
-69.279 258.781 -24.0213 -42.509785
-70.6709 260.1778 -24.061 -43.090035
-71.4436 262.0159 -24.0595 -43.661539
-72.8554 263.4363 -23.888 -44.224251
-74.3055 264.6952 -23.3614 -44.777752
-75.6104 266.0079 -22.6232 -45.322524
-76.4194 267.7709 -22.2236 -45.858939
-77.0046 269.6763 -21.989 -46.385537
-77.6943 271.5617 -21.8675 -46.902463
-78.0414 273.5421 -21.7862 -47.410378
-78.9873 275.301 -21.7403 -47.909208
-80.3424 276.7952 -21.6879 -48.39891
-81.6546 278.3163 -21.6068 -48.879305
-83.1583 279.5974 -21.7854 -49.350795
-84.8953 280.6045 -21.8472 -49.814001
-86.7025 281.4584 -21.6828 -50.268903
-87.8751 282.8646 -21.0904 -50.715314
-89.4892 283.7967 -20.5891 -51.153868
-91.1007 284.9601 -20.5677 -51.583524
-92.4107 286.2858 -21.1453 -52.005983
-94.0557 286.9976 -21.9919 -52.420597
-95.7101 288.0996 -22.2545 -52.827439
-97.3406 289.2852 -22.2657 -53.226502
-98.976 289.9877 -22.9029 -53.618863
-100.2796 290.7986 -23.6291 -54.004186
-101.4799 291.8038 -22.4899 -54.382885
-103.036 292.9887 -22.0284 -54.754171
-104.6892 294.1312 -21.8834 -55.118678
-106.3559 295.2232 -22.151 -55.476727
-107.8941 296.3493 -22.6692 -55.828045
-109.1385 297.4951 -23.597 -56.173548
-110.8652 298.494 -23.4597 -56.512298
-112.4721 299.5248 -23.016 -56.845409
-113.8772 300.6139 -22.2042 -57.172432
-115.339 301.8994 -21.8314 -57.493419
-116.6463 303.427 -21.784 -57.808276
-117.9037 305.0024 -21.8441 -58.117609
-119.0254 306.6607 -22.003 -58.421682
-119.7365 308.5266 -22.2827 -58.720014
-120.0458 309.7921 -21.1758 -59.01507
-120.3335 310.3959 -19.2752 -59.304259
-120.8092 311.2425 -17.5331 -59.587689
-121.3861 312.9361 -16.6595 -59.865148
-122.3666 314.5966 -16.303 -60.136722
-123.445 316.2788 -16.4754 -60.40388
-124.5125 317.8962 -16.7048 -60.665751
-124.8879 318.6378 -14.9021 -60.92498
-124.9811 319.1413 -12.9496 -61.179641
-125.2786 319.7061 -11.0358 -61.429297
-125.7833 320.5605 -9.2875 -61.672708
-126.7853 321.2272 -7.7186 -61.911115
-128.1198 321.7372 -6.5853 -62.145325
-129.5338 322.6762 -5.6435 -62.374312
-130.8033 322.8583 -4.1103 -62.599608
-132.3486 322.5617 -2.9424 -62.820286
-133.5223 321.7567 -2.2514 -63.036679
-134.4075 321.0203 -3.7194 -63.248493
-136.141 320.0633 -3.704 -63.455622
-137.9234 319.2453 -3.5128 -63.658202
-139.8153 319.4438 -3.03 -63.85787
-141.7336 319.7231 -2.5415 -64.051087
-143.2992 318.8382 -1.8198 -64.239967
-143.6324 318.198 -3.1912 -64.425051
-144.6494 318.183 -2.5451 -64.605558
-145.6029 318.7473 -1.0864 -64.780527
-147.1116 319.1677 -0.0827 -64.950983
-149.0143 318.6505 0.3041 -65.117533
-150.835 317.9416 0.6531 -65.279486
-152.6003 318.3043 1.3039 -65.436087
-154.255 319.2248 1.8195 -65.587567
-156.1347 319.0641 1.3765 -65.735111
-157.9479 318.8394 0.6505 -65.877979
-159.8193 318.2421 0.4855 -66.016615
-161.6982 318.4908 0.8126 -66.149773
-163.3502 318.4678 1.946 -66.278428
-164.7917 318.8721 3.1901 -66.402102
-166.0348 318.4651 4.5448 -66.521292
-167.2051 317.7036 5.9108 -66.635772
-168.6856 318.3603 6.972 -66.744345
-170.5746 318.3686 7.6324 -66.848316
-172.4422 318.8037 8.0573 -66.946783
-173.7745 319.4811 7.41 -67.040308
-175.2708 319.8181 6.8918 -67.128657
-176.3866 321.0401 7.8064 -67.211165
-178.1084 321.388 8.4289 -67.288998
-179.8667 322.3331 8.1901 -67.36089
-181.7338 322.9719 7.9865 -67.427465
-183.2047 324.2061 7.6173 -67.48811
-184.6529 324.5109 6.7583 -67.543668
-186.4765 324.882 7.4149 -67.593449
-188.3601 325.5005 7.7542 -67.637135
-190.207 326.2741 7.8586 -67.67478
-191.8555 326.4884 7.2737 -67.706717
-192.3011 326.2807 5.3327 -67.733152
-192.4569 326.3027 3.3202 -67.753575
-192.6127 326.3246 1.3078 -67.767176
-192.7684 326.3466 -0.7047 -67.773967
-53.5618 234.7518 -22.4056 -32.979827
-55.3696 234.7358 -22.9279 -33.532291
-57.1775 234.7198 -23.4502 -34.100694
-58.9758 234.7413 -23.9753 -34.680144
-60.5834 235.6616 -24.1049 -35.271262
-62.2107 236.6032 -24.0421 -35.875636
-63.9306 237.3539 -24.0447 -36.487998
-65.5569 238.2591 -24.1396 -37.107485
-67.3063 238.9314 -24.1596 -37.729095
-68.8366 239.9978 -24.0522 -38.352877
-70.5332 240.314 -23.7713 -38.975731
-72.1779 239.7124 -23.3677 -39.596787
-73.9055 239.067 -23.0743 -40.213444
-75.764 238.9129 -23.0612 -40.824355
-77.5069 238.4311 -23.4834 -41.429266
-79.2728 238.5078 -23.5052 -42.026386
-81.0101 239.1307 -23.2489 -42.615256
-82.8258 239.4159 -22.9537 -43.195172
-84.5254 239.9346 -22.4418 -43.765515
-86.2406 240.0396 -21.7161 -44.327202
-87.8568 239.8217 -20.9364 -44.879015
-89.3552 239.6723 -19.8507 -45.42113
-90.7771 239.8281 -18.7653 -45.952656
-92.3262 239.5258 -18.0598 -46.474169
-94.0855 240.1028 -17.7873 -46.984234
-95.877 240.5966 -17.5579 -47.484056
-97.6988 241.0591 -17.507 -47.974119
-99.53 241.4724 -17.4393 -48.453562
-101.2527 242.1681 -17.1773 -48.922939
-102.8299 242.815 -16.4434 -49.382087
-104.4569 243.5931 -15.9937 -49.830592
-106.2956 243.7075 -16.104 -50.270526
-107.1732 243.8399 -14.6775 -50.703648
-108.3872 244.3725 -13.7017 -51.124942
-109.3454 245.4642 -12.5807 -51.536105
-110.5466 246.5332 -11.6213 -51.938466
-112.0874 247.1 -10.9503 -52.331437
-112.6927 248.1713 -9.7197 -52.716565
-113.85 248.7857 -8.6033 -53.092715
-114.9422 250.1535 -8.2414 -53.459347
-115.3929 251.8689 -7.6387 -53.817208
-116.4822 252.9605 -6.8157 -54.166246
-117.371 253.2374 -5.1806 -54.507935
-118.358 253.8356 -3.7152 -54.840718
-119.4595 254.4678 -2.3971 -55.16452
-120.9563 255.2641 -1.6822 -55.480394
-122.5163 255.9458 -1.0086 -55.787812
-123.9831 256.9071 -0.452 -56.087014
-124.7954 257.8348 0.9161 -56.378231
-125.65 259.0549 2.0473 -56.661018
-126.8265 260.4562 2.1583 -56.936007
-128.2898 261.2032 2.616 -57.20398
-129.0334 261.3894 4.2611 -57.465091
-129.2473 261.2649 6.1105 -57.726992
-129.4022 261.1437 7.9821 -57.976879
-129.5576 261.0229 9.8536 -58.214856
-129.7512 260.9235 11.7229 -58.450821
-129.9463 260.825 13.592 -58.676318
-130.1515 260.7135 15.4586 -58.890306
-130.5488 260.346 17.2477 -59.09616
-131.604 259.0778 18.099 -59.29339
-132.4067 258.2916 19.5872 -59.482366
-133.3932 257.3081 20.8241 -59.66322
-133.8044 256.3522 22.376 -59.835619
-134.6418 255.2368 23.5911 -59.999799
-135.4197 253.8392 24.4892 -60.155701
-135.7 253.4829 26.3153 -60.303018
-136.3101 252.641 27.7577 -60.441485
-136.3201 251.3179 26.4825 -60.571381
-136.8701 249.6435 26.0944 -60.692871
-137.7175 248.1362 25.6627 -60.805104
-137.6045 246.4619 25.1316 -60.907949
-137.2893 245.0053 24.2243 -61.001194
-136.6215 243.4615 23.4192 -61.085204
-135.6446 241.9497 22.8735 -61.160507
-135.3758 240.4199 22.4018 -61.224967
-136.1869 239.3032 23.0344 -61.279119
-136.341 238.0644 24.2021 -61.32308
-136.433 236.6369 25.3143 -61.356694
-136.6008 234.8539 25.6617 -61.379833
-137.1474 233.4458 25.0869 -61.391875
-10.2537 234.1313 -65.7936 -35.506454
-11.9535 235.2244 -65.4206 -35.763647
-13.2513 236.4124 -64.5554 -36.071244
-13.9825 238.2182 -64.0036 -36.424119
-13.9675 239.4333 -65.1657 -36.818971
-14.1745 240.8047 -66.5759 -37.24812
-14.74 242.3781 -67.763 -37.707903
-15.0167 243.3075 -69.5586 -38.195501
-14.9973 244.3966 -71.2899 -38.704227
-15.4806 245.6013 -72.6631 -39.230969
-16.6681 247.206 -72.2066 -39.771988
-17.3029 249.0449 -71.7718 -40.324981
-18.6676 250.382 -71.3338 -40.886828
-19.6799 251.0982 -72.0439 -41.45562
-20.4939 252.2385 -73.4165 -42.029176
-21.5912 252.7618 -72.8895 -42.55014
-21.9596 252.8176 -71.2713 -43.011197
-22.6797 254.2973 -71.5196 -43.470085
-23.6039 255.7577 -72.0067 -43.927008
-24.5721 257.236 -72.2298 -44.381885
-26.0105 258.3101 -72.2446 -44.834445
-27.3761 259.4599 -72.2196 -45.283827
-28.9516 260.3257 -72.2375 -45.734958
-30.5102 261.2195 -72.2945 -46.17654
-31.595 262.5637 -72.7018 -46.613281
-32.6547 263.9941 -72.7006 -47.045646
-33.5598 265.5319 -72.4801 -47.473064
-34.5952 266.9872 -72.4053 -47.895675
-35.2782 268.5959 -72.3691 -48.314126
-36.5462 269.7783 -72.1737 -48.726797
-37.8737 270.872 -71.8225 -49.13435
-38.8876 272.2418 -71.3145 -49.53659
-39.6217 273.7558 -70.7585 -49.933639
-40.6535 274.9959 -70.0158 -50.325466
-42.0534 275.9829 -69.5331 -50.712647
-43.5846 276.8719 -69.3005 -51.093968
-45.0655 277.8565 -69.4958 -51.470576
-45.946 279.1186 -68.7677 -51.841673
-45.8345 280.5644 -67.9551 -52.207795
-46.196 282.2235 -68.3906 -52.568477
-46.2456 283.784 -69.1293 -52.924143
-45.9356 284.9029 -69.4775 -53.275488
-46.3572 283.3243 -69.8414 -53.62449
-47.6385 284.0096 -69.6263 -53.968808
-47.8598 285.27 -68.7781 -54.306534
-47.9763 286.6481 -67.6615 -54.639702
-48.0018 287.8134 -66.394 -54.968589
-49.296 287.3623 -65.4888 -55.293752
-50.1432 286.6731 -64.1653 -55.61378
-50.2434 286.1704 -62.4405 -55.930418
-51.2742 284.9264 -61.8207 -56.241542
-52.8421 284.4426 -61.0987 -56.547754
-53.9107 283.6653 -60.0279 -56.849513
-54.752 283.3629 -58.5184 -57.147242
-55.6511 282.4981 -57.2933 -57.439922
-56.6242 281.93 -56.0196 -57.727465
-57.9991 281.9695 -54.8908 -58.010627
-59.0837 282.3361 -53.8941 -58.288815
-60.0943 282.1643 -52.7677 -58.563345
-61.4419 281.5155 -51.8651 -58.833122
-62.8626 280.827 -51.0501 -59.098626
-64.2795 280.6349 -50.0042 -59.359313
-65.804 280.5238 -49.0693 -59.615277
-66.7885 280.054 -47.7484 -59.867679
-67.9789 279.2336 -46.7905 -60.115891
-68.6552 278.446 -45.3481 -60.359801
-69.0138 277.9753 -43.6489 -60.599173
-69.4167 276.9949 -42.4398 -60.834054
-69.8247 275.5947 -42.5008 -61.065061
-70.268 276.0815 -42.6582 -61.290405
-70.9242 276.409 -41.0457 -61.513044
-71.4032 276.5871 -39.3203 -61.730207
-72.2724 276.7647 -38.0281 -61.942227
-73.2041 276.1685 -36.6914 -62.150335
-74.2918 275.5936 -35.4399 -62.353653
-75.425 274.8456 -34.2803 -62.552741
-76.9255 274.2886 -33.5609 -62.746992
-77.3251 274.3933 -31.9623 -62.936323
-77.3839 274.0953 -31.6173 -63.123038
-77.9259 274.1693 -30.1943 -63.30432
-79.5493 274.0847 -29.6223 -63.480546
-80.9279 274.149 -28.5263 -63.652013
-82.1503 274.2888 -27.2947 -63.818265
-83.1333 274.5631 -25.8399 -63.979827
-83.3586 274.0993 -24.1212 -64.137344
-83.4086 273.3363 -22.4949 -64.28965
-83.5601 272.816 -20.7795 -64.437296
-83.7705 272.4678 -19.0265 -64.579834
-84.0593 272.0789 -17.2937 -64.716749
-84.2893 271.7437 -15.5414 -64.848712
-84.9661 271.1706 -14.2656 -64.9748
-86.4465 270.5588 -13.5443 -65.095358
-87.5224 269.4821 -12.7644 -65.210772
-88.5863 270.2836 -13.3628 -65.319423
-89.344 271.7765 -13.8414 -65.422155
-90.7295 272.8654 -14.017 -65.52092
-92.0012 274.1345 -14.1202 -65.613125
-93.0728 275.5655 -14.188 -65.698538
-94.4803 276.5793 -14.1262 -65.778235
-96.2029 276.3016 -13.7358 -65.852605
-97.8612 276.4416 -13.1634 -65.920543
-99.2225 277.2086 -12.3487 -65.981774
-100.7724 276.7787 -11.5881 -66.037467
-102.4856 276.8416 -11.2384 -66.086312
-104.2435 277.0799 -11.3594 -66.128465
-105.8758 277.7134 -11.5089 -66.163608
-106.978 278.2571 -10.6069 -66.192025
-108.7214 278.4008 -10.5748 -66.213656
-110.1714 278.7473 -11.3411 -66.228074
-111.6618 279.6815 -11.4564 -66.234881
-21.5015 253.5088 -73.309 -42.367522
-22.5942 254.3623 -72.684 -42.46143
-23.4363 255.5756 -72.2611 -42.54782
-23.7952 256.2196 -73.6016 -42.627274
-24.1958 256.9175 -74.8973 -42.69784
-24.5102 257.2028 -76.431 -42.760043
-25.2575 257.9568 -77.5755 -42.812178
-25.9832 258.9049 -78.6121 -42.85445
-26.7351 259.8964 -79.3372 -42.886431
-27.7754 261.0706 -79.3699 -42.907796
-28.1276 262.1418 -78.3341 -42.918319
-14.415 228.9869 -63.4499 -34.862667
-16.1331 229.4489 -63.5343 -34.904348
-17.7421 230.1331 -63.7219 -34.996694
-19.4067 230.7023 -63.8399 -35.135975
-20.8995 231.6241 -63.8754 -35.318011
-22.4197 232.5434 -63.927 -35.539416
-23.9779 232.9794 -64.5409 -35.796362
-25.5926 233.2447 -65.0739 -36.085541
-27.3372 233.3731 -65.393 -36.402331
-29.108 233.4677 -65.4659 -36.743436
-30.8642 233.5427 -65.402 -37.105508
-32.3482 234.4256 -65.4518 -37.484304
-33.9347 234.8444 -64.9779 -37.878271
-35.6107 235.0483 -64.5372 -38.284072
-37.2988 235.2219 -64.5195 -38.69875
-38.3854 235.5894 -65.5655 -39.121336
-39.1438 235.7555 -64.0699 -39.548774
-40.4342 236.3585 -64.9633 -39.977392
-41.6538 237.408 -65.4996 -40.406394
-43.3197 237.9738 -65.7908 -40.833918
-45.0712 238.2644 -65.9288 -41.258742
-46.7994 238.6788 -65.9135 -41.6793
-48.5481 238.9796 -65.7557 -42.095146
-50.2593 239.3638 -65.4708 -42.503892
-51.9541 239.818 -65.3779 -42.90586
-53.6581 240.3081 -65.5616 -43.299339
-55.3649 240.7618 -65.7517 -43.683877
-56.9242 241.5359 -65.9538 -44.058958
-58.6438 241.8319 -66.2728 -44.42368
-59.9936 242.7156 -66.7405 -44.777853
-60.984 243.7818 -67.5294 -45.120675
-62.0855 245.146 -67.6347 -45.451497
-62.592 246.8516 -67.5474 -45.770154
-63.6958 248.1812 -67.3534 -46.076785
-65.3602 248.1365 -67.1819 -46.371949
-66.6185 247.2528 -66.7907 -46.654581
-68.2827 246.701 -66.9975 -46.925872
-69.0056 246.5375 -67.1182 -47.181421
-69.4149 247.1923 -66.2178 -47.423923
-70.5685 248.2104 -65.6787 -47.651882
-72.1021 248.9573 -65.1628 -47.865644
-73.5226 249.8734 -64.6789 -48.064862
-74.9049 250.917 -64.2744 -48.249045
-76.1941 252.0464 -63.8017 -48.417731
-77.6751 252.694 -63.2164 -48.571411
-78.9054 253.7897 -63.1101 -48.70891
-80.0531 255.1107 -63.1909 -48.830225
-81.4092 256.2087 -63.4316 -48.935228
-83.1166 256.5971 -63.7243 -49.023973
-84.8053 256.9649 -63.8465 -49.095769
-86.3232 257.8036 -63.7447 -49.149804
-88.0463 257.7843 -63.4146 -49.186584
-89.5568 258.6367 -63.0658 -49.204671
-79.8558 209.6969 -1.6956 -21.27308
-80.9345 210.9313 -0.8747 -18.816878
-81.8718 212.3265 -0.0936 -16.553962
-83.0145 213.649 0.4105 -14.470375
-83.35 215.4299 0.5242 -12.550907
-84.7236 216.0877 0.5245 -10.78269
-85.8365 216.8501 1.5461 -9.148199
-86.4751 218.3432 2.3648 -7.642305
-87.6889 219.3419 3.0091 -6.248929
-89.3832 219.625 3.5112 -4.957662
-90.5679 220.9942 3.9392 -3.753894
-91.9993 222.1339 4.2769 -2.629484
-93.1066 223.0567 5.3451 -1.57138
-94.2451 224.3484 6.04 -0.572626
-95.1955 225.7846 6.6504 0.372604
-96.1469 227.1811 6.1703 1.271235
-97.5307 228.1499 5.5656 2.132323
-97.6555 229.6726 4.5217 2.962188
-98.2632 230.7709 4.9578 3.765513
-99.4213 231.1534 5.7424 4.542922
-100.7458 231.4122 4.7237 5.300967
-101.8502 232.6408 4.2535 6.042465
-103.1436 233.9354 4.0273 6.770682
-104.4921 234.4164 4.8558 7.487379
-105.6117 233.6885 5.7966 8.198903
-106.7274 232.3194 6.4016 8.909857
-107.441 230.7522 6.8747 9.605142
-107.4488 229.0255 7.5014 10.294818
-107.9411 227.3511 8.131 10.980235
-107.0902 226.8712 8.9862 11.66393
-106.1496 226.513 10.1833 12.353317
-105.9516 226.2598 12.0223 13.04014
-105.4787 225.2922 12.0054 13.72026
-105.2249 224.5846 10.2988 14.398944
-104.7784 223.6625 9.5999 15.071289
-104.7066 222.6921 11.0296 15.741764
-105.026 220.965 11.6033 16.404755
-104.6066 219.9029 12.8153 17.064475
-103.3942 219.8352 14.0764 17.718475
-104.3073 219.9043 13.553 18.364217
-105.885 218.9419 13.3792 19.000829
-107.2676 218.4747 12.6842 19.627561
-108.1193 218.5469 11.0406 20.244316
-108.3962 219.4541 11.7193 20.846894
-109.0143 219.6825 13.4653 21.435786
-109.7221 219.9831 15.1561 22.004331
-110.6667 219.9703 16.4989 22.551349
-112.0003 218.9022 16.8845 23.077266
-113.4433 217.9794 16.4775 23.580125
-114.7081 217.1333 15.6968 24.058898
-115.2947 216.7255 13.9743 24.512187
-115.5962 216.7912 12.1637 24.941992
-115.7677 217.1126 10.3327 25.342274
-115.4309 217.0746 11.1227 25.710553
-116.1181 217.6962 12.116 26.059423
-117.3855 218.3763 13.3061 26.373251
-118.8798 218.8959 14.099 26.651937
-120.5533 219.5755 14.5055 26.900216
-122.3465 220.0233 14.7431 27.118283
-124.1585 220.1151 14.949 27.307633
-125.565 221.2324 14.8597 27.470176
-126.6064 222.7478 14.7267 27.606851
-127.1945 224.5052 14.537 27.719425
-127.9351 226.1832 14.2547 27.808406
-129.0224 227.5634 14.5865 27.874763
-130.1181 229.0198 14.5982 27.919181
-131.2201 230.4645 14.2522 27.941849
47.5528 -96.076 13.5667 -74.229299
47.0015 -95.2803 13.5986 -74.230196
46.7344 -94.3274 13.6342 -74.230277
27.7081 -94.2683 18.8592 -74.960294
26.226 -93.6204 19.8024 -74.960838
24.7439 -92.9726 20.7456 -74.960836
23.2618 -92.3248 21.6888 -74.960575
23.8038 -92.3745 21.7835 -74.960643
54.7481 -88.0637 17.871 -73.719654
97.3169 -66.6493 31.3652 -73.805433
99.3506 -67.4491 30.897 -73.790422
101.3843 -68.2489 30.4289 -73.777517
103.4181 -69.0488 29.9607 -73.767018
105.4518 -69.8486 29.4925 -73.759124
104.935 -70.7499 28.9784 -73.754024
104.6139 -70.6388 26.7694 -73.751107
96.937 -66.473 30.8282 -73.813398
44.0154 -65.7095 15.6069 -72.174924
44.0102 -66.3692 14.8486 -72.178522
44.1586 -67.2141 14.3402 -72.180601
-4.665 -9.0685 -0.0051 -47.819593
-3.3078 -10.3003 -0.0154 -41.054826
-1.9532 -11.5348 -0.0257 -34.205134
-0.7426 -12.7803 -0.0459 -22.525032
0.4334 -13.9291 -0.0935 -16.977605
1.4466 -15.2471 -0.185 -21.219957
3.5554 -27.7322 1.4257 -38.404438
8.6107 -41.3653 6.7974 -49.586969
22.8794 -62.2772 10.5055 -65.385022
26.4745 -64.8588 13.9793 -67.015801
29.0535 -67.1183 14.3116 -68.034225
42.1418 -73.5431 16.2509 -71.464571
47.2069 -85.1931 18.1557 -73.350987
44.6639 -89.9679 15.7857 -73.955344
47.7449 -96.3203 13.6398 -74.209096
78.4149 -177.3628 14.5582 -75.658054
95.2227 -265.7699 17.0719 -76.29196
48.1056 -320.1106 18.1187 -76.55978
-10.9476 -383.6056 22.9817 -76.681647
-40.36 -432.7473 17.7175 -76.728243
28.7834 -94.5812 17.274 -74.887554
14.3097 -106.6143 20.8227 -75.496825
2.7577 -126.0427 26.0848 -75.860869
-45.0792 -189.1405 27.4734 -76.321034
30.9775 -170.2053 31.4202 -76.092681
28.3969 -94.5693 18.0599 -74.945472
-40.2348 -104.2908 -5.8163 -75.974742
-111.9958 -139.102 2.509 -76.369268
54.6562 -87.9717 17.7384 -73.694754
111.8824 -135.9529 29.1893 -75.496901
164.8572 -185.7356 20.1853 -76.218876
213.7243 -226.7876 32.011 -76.491924
43.9697 -65.4565 15.7766 -72.12576
45.5333 -62.1584 17.8534 -72.413207
96.2419 -66.2233 31.6259 -73.810616
2.1326 -22.0656 -2.5814 -34.921673
6.2653 -35.3706 6.4938 -45.648291
8.3143 -40.7868 6.7183 -53.63962
15.4942 -50.7521 4.9673 -59.048279
19.5156 -57.7327 7.1557 -63.430319
24.2121 -63.3654 12.9105 -66.24419
27.7984 -65.9637 14.1964 -67.541853
35.2991 -71.3414 15.5234 -69.872311
45.9552 -78.4006 18.2802 -72.490458
45.9541 -87.9136 17.638 -73.668696
46.0845 -93.1486 14.7482 -74.111337
52.1518 -103.9606 11.3242 -74.445515
58.8833 -119.603 12.0998 -74.787627
62.6461 -133.0235 18.7767 -75.078563
68.7987 -150.479 18.27 -75.335378
75.478 -168.4071 16.0379 -75.559026
80.7201 -186.7623 13.7215 -75.757103
86.0397 -202.1519 18.4658 -75.904207
88.9594 -219.8372 14.0604 -76.033065
92.3483 -238.1707 14.3683 -76.147307
94.4112 -256.1543 16.5595 -76.24734
95.282 -267.4858 16.3224 -76.331573
95.3059 -280.3632 10.9397 -76.39532
82.392 -291.8157 13.1552 -76.45003
66.6134 -301.8126 13.5179 -76.497831
55.8832 -314.8401 17.1156 -76.541675
42.621 -325.3136 19.0805 -76.577756
32.9705 -340.7608 23.6528 -76.607169
23.9361 -354.8041 21.203 -76.632502
9.6225 -366.7531 22.7517 -76.654476
-4.6074 -378.3071 21.4152 -76.674009
-16.9731 -389.755 18.9726 -76.689766
-27.5688 -401.1213 14.9527 -76.700919
-39.573 -411.7299 14.9204 -76.710564
-40.6381 -420.4638 25.2112 -76.718724
-40.4069 -426.6412 14.8914 -76.724706
-41.6738 -434.0686 12.5022 -76.728756
-35.1298 -447.795 10.0223 -76.734337
-30.511 -455.7937 6.7671 -76.736367
-26.4654 -460.7911 2.4423 -76.737284
-24.2919 -464.5784 0.2402 -76.738482
37.1249 -94.0849 14.9718 -74.467225
20.7736 -99.7756 22.2184 -75.226411
11.0172 -108.5614 18.7473 -75.582248
5.909 -113.1292 24.1737 -75.699663
4.7649 -121.3499 27.2758 -75.806497
-3.9067 -133.7894 26.1237 -75.938986
-16.2236 -149.0836 26.7198 -76.0531
-17.7909 -159.6216 22.5822 -76.146758
-30.8645 -168.2845 21.4997 -76.225404
-40.3768 -181.2163 24.3391 -76.293261
-50.8898 -195.8899 27.7601 -76.347719
-59.8432 -207.2909 27.0024 -76.380695
-63.453 -209.2381 15.4152 -76.399121
-64.2909 -212.4765 11.1044 -76.41185
-69.7086 -217.4653 14.9612 -76.420098
-1.3141 -131.2728 34.9295 -75.889972
15.7442 -115.5027 24.1983 -75.611971
21.9499 -133.9863 25.1312 -75.762656
26.8898 -147.4387 25.6301 -75.884502
28.6429 -155.1273 32.7495 -75.982585
28.6017 -167.7997 33.6747 -76.064466
33.7647 -170.9041 21.6446 -76.12056
35.3986 -176.6564 11.4651 -76.152058
39.8278 -180.409 -7.3747 -76.167182
28.4843 -94.572 17.6083 -74.92797
24.075 -93.3058 9.4058 -75.114538
15.5128 -90.8025 -8.4542 -75.359915
-0.0475 -89.6597 -13.0268 -75.56784
-13.9393 -94.7328 -4.0497 -75.750413
-31.0534 -101.5497 -4.3571 -75.907429
-48.3446 -108.1087 -4.4853 -76.042624
-60.3769 -111.0796 -1.1234 -76.137604
-77.9711 -113.5102 3.296 -76.216203
-92.0999 -121.9743 4.6219 -76.286075
-105.6825 -132.44 0.8972 -76.345219
-119.8735 -141.3568 5.959 -76.389088
-132.8113 -151.1601 6.979 -76.416115
-147.2952 -155.5423 4.0924 -76.432648
-153.368 -158.2725 7.6335 -76.442926
-168.793 -159.6906 7.6228 -76.447946
50.8433 -86.5895 17.9535 -73.562275
61.2357 -92.3404 14.5899 -74.00168
72.1897 -102.125 21.0158 -74.435539
85.4059 -115.7278 22.6939 -74.801438
96.1046 -123.0147 27.5352 -75.11272
106.3877 -128.7142 28.8233 -75.378224
119.3522 -141.0891 32.8119 -75.613856
133.3865 -151.0456 27.4274 -75.786267
140.4642 -156.8554 25.7903 -75.930888
152.3124 -169.1266 29.8767 -76.060221
161.5491 -182.1636 26.4505 -76.172232
167.3763 -187.9265 20.8501 -76.26439
178.0174 -198.4202 27.7655 -76.332888
190.5879 -201.853 17.5881 -76.386156
198.4764 -209.0366 23.2285 -76.433419
206.4978 -222.3967 29.9785 -76.476434
216.4485 -231.2363 29.6641 -76.506779
219.3592 -241.6667 28.5636 -76.526489
217.6919 -257.4839 32.1794 -76.54458
212.7961 -271.781 39.8533 -76.558345
208.8344 -287.7139 39.3838 -76.570478
43.1478 -69.6198 16.0595 -71.871532
45.0982 -63.5211 16.1223 -72.282561
50.7937 -61.6079 11.0465 -72.691783
63.7547 -58.5312 9.7712 -73.056211
75.049 -60.4617 16.3877 -73.342815
83.0968 -60.7333 25.9161 -73.567882
91.3447 -63.64 26.8113 -73.743098
106.4082 -69.1292 24.6495 -73.936055
123.1559 -72.5629 28.9251 -74.091778
143.1961 -75.9244 28.8652 -74.168807
46.1286 -55.224 14.5026 -72.614354
37.6417 -45.2763 18.4222 -72.803821
22.8448 -43.0894 21.8828 -72.892468
