-0.8015 -1.2678 -0 -73.06773
-3.2062 -5.0715 -0 -73.06631
-5.0765 -8.0299 -0 -73.065344
-6.4123 -10.1429 0.0262 -73.065053
-8.0143 -12.677 0.1283 -73.064655
-8.8146 -13.9429 0.1666 -73.064361
-8.2187 -14.5214 0.2948 -73.064044
-8.7411 -16.3672 0.5247 -73.063209
-10.0309 -17.8905 1.1419 -73.062147
-11.386 -19.3222 1.89 -73.061117
-12.7254 -20.8552 2.392 -73.060145
-14.0432 -22.4116 2.6217 -73.058989
-14.6972 -24.3185 2.0715 -73.057584
-15.5306 -26.234 2.0482 -73.056056
-16.1094 -27.8038 2.3068 -73.054732
-14.7796 -28.9827 3.1257 -73.053621
-13.6062 -30.5844 3.6202 -73.052505
-12.2537 -32.1091 3.9089 -73.051386
-11.1222 -33.7683 4.2796 -73.050262
-10.1932 -35.2295 5.196 -73.049134
-9.3619 -36.7283 6.3117 -73.048
-8.5851 -38.2492 7.4144 -73.046864
-7.5935 -39.8435 8.2499 -73.045723
-6.8916 -41.4349 9.2193 -73.044573
-6.2727 -43.3267 9.6108 -73.043421
-5.7427 -44.6215 10.9758 -73.042257
-5.2774 -45.3085 12.8612 -73.041089
-4.5701 -46.2857 12.7646 -73.039918
-3.9187 -47.0128 11.0346 -73.038739
-3.487 -47.3534 9.0584 -73.037551
-3.1601 -48.3203 10.2056 -73.036357
-2.5906 -49.7167 11.29 -73.03517
-2.064 -51.2649 10.2609 -73.033975
-1.9023 -53.0628 10.2828 -73.032777
-1.2374 -53.7481 8.8883 -73.031565
-0.2338 -55.4757 8.438 -73.030354
0.9268 -57.1391 8.1846 -73.029139
2.1659 -58.7648 8.26 -73.027919
2.7966 -60.3652 9.2072 -73.026692
3.5606 -62.0815 8.7826 -73.02546
4.1051 -63.9769 8.2533 -73.02422
4.7728 -65.8913 8.0534 -73.022978
5.555 -67.7898 8.1794 -73.021733
5.4215 -69.7319 8.5591 -73.020484
5.3722 -71.1779 9.39 -73.019226
6.6015 -72.8224 9.4344 -73.017965
7.9091 -74.3345 9.4579 -73.016698
9.1469 -75.9691 9.4502 -73.015428
10.0298 -77.8076 9.4917 -73.014154
10.7723 -79.6982 9.5101 -73.012874
12.3735 -80.8411 9.4583 -73.011592
13.4145 -82.6176 9.4397 -73.010304
14.1594 -84.5026 9.6273 -73.00901
14.908 -86.352 10.0263 -73.007713
15.6285 -88.1574 10.421 -73.006412
16.2688 -90.0988 10.1972 -73.005106
16.8061 -92.0324 10.2983 -73.003797
18.0591 -93.5211 10.9131 -73.002485
19.0692 -95.1762 11.592 -73.001169
20.0514 -96.8019 12.3554 -72.99985
20.7986 -98.4251 13.1509 -72.998526
22.3425 -99.643 13.6764 -72.997199
23.1324 -101.4525 13.8694 -72.995868
24.2278 -103.1764 13.8286 -72.994534
25.7948 -104.4654 13.8973 -72.993198
27.3532 -105.7951 13.951 -72.99186
28.4996 -107.4233 13.9547 -72.990518
30.0108 -108.56 13.6639 -72.989173
31.1081 -108.6091 12.0588 -72.987802
29.9694 -109.9097 10.9348 -72.986326
28.8308 -111.2104 9.8109 -72.984885
27.6922 -112.511 8.6869 -72.983478
26.8377 -113.4766 7.7017 -72.982087
28.1153 -111.9666 8.2837 -72.980612
29.3929 -110.4565 8.8658 -72.979173
30.6706 -108.9464 9.4479 -72.97777
31.1787 -108.9746 10.7509 -72.976355
31.0798 -109.3078 12.7833 -72.974936
31.1974 -110.3892 14.0207 -72.973542
31.8589 -112.2436 14.4776 -72.972155
32.2207 -114.0808 14.8897 -72.970767
32.3754 -116.0895 14.7382 -72.969378
33.2282 -117.7627 14.1097 -72.967989
34.0263 -119.6079 13.7086 -72.9666
34.4263 -121.5938 13.4703 -72.965212
34.6735 -123.5948 13.4834 -72.963825
34.4631 -125.6138 13.6554 -72.962439
35.477 -127.1975 13.9548 -72.961058
36.4488 -128.3733 14.9241 -72.959671
36.0423 -130.1872 15.3722 -72.95828
35.1621 -131.5518 15.4371 -72.956897
35.6418 -129.8523 14.8263 -72.955526
35.0348 -128.0619 14.2107 -72.954159
35.5446 -129.8444 14.1534 -72.952794
35.6291 -131.8577 14.0497 -72.951436
34.8485 -133.6181 13.7199 -72.950086
34.2995 -135.3089 12.7219 -72.948742
33.9891 -137.2127 12.2496 -72.947407
34.6951 -139.1364 12.158 -72.946081
34.4342 -141.0719 12.4762 -72.944765
34.9496 -142.8915 13.1328 -72.943456
35.1207 -144.6736 12.8365 -72.942161
36.0553 -146.4708 12.5635 -72.940878
36.5162 -147.9232 11.2272 -72.939601
37.0821 -149.6924 10.5935 -72.938346
38.1845 -151.3675 10.8233 -72.937106
38.9786 -152.5573 11.4668 -72.93588
38.5512 -154.4927 11.7745 -72.934665
38.9845 -156.4817 12.0272 -72.933467
38.8087 -158.4686 12.102 -72.93229
39.4316 -160.3993 12.1561 -72.931135
40.017 -162.1492 11.7738 -72.93
39.9044 -164.0643 11.3068 -72.928891
40.4166 -165.9089 10.6066 -72.927806
41.3853 -167.5493 10.7632 -72.926749
42.1247 -169.1267 11.6727 -72.925721
42.1485 -170.8263 12.6221 -72.92472
41.2541 -172.1527 13.7028 -72.923754
41.3329 -173.6405 14.3131 -72.922822
41.6008 -174.8677 12.6805 -72.921922
41.8738 -176.7997 12.275 -72.921063
42.7438 -178.5456 11.9564 -72.920246
43.2439 -180.4578 12.0397 -72.91947
43.3656 -182.4295 12.4106 -72.918738
43.6747 -184.2146 13.2717 -72.918052
44.1736 -186.1236 13.8383 -72.917417
44.3535 -187.9066 14.7675 -72.916832
44.8726 -189.5685 15.6922 -72.916301
45.4404 -191.1005 14.5715 -72.915827
46.1386 -192.9259 14.1459 -72.915413
46.6287 -194.8895 13.783 -72.915061
47.9055 -196.4354 13.3908 -72.914773
49.0241 -197.9564 13.467 -72.914553
49.8322 -199.3762 13.2319 -72.914403
51.04 -200.3986 12.0409 -72.914326
-16.8109 -27.3553 2.8101 -73.054878
-17.497 -28.3029 4.2038 -73.054077
-18.1984 -29.271 5.5067 -73.053297
-18.2577 -29.3412 3.7473 -73.052389
-18.2679 -29.344 1.9276 -73.051503
-18.2781 -29.3467 0.108 -73.050641
-18.2883 -29.3494 -1.7116 -73.049803
-18.2985 -29.3522 -3.5313 -73.048988
-18.8534 -30.5664 -3.9808 -73.048185
-18.8107 -32.318 -3.8597 -73.047376
-19.3066 -34.0554 -3.7456 -73.046565
-18.9488 -34.5418 -2.2544 -73.045746
-18.3075 -35.7012 -1.0566 -73.044924
-18.003 -37.2922 -0.254 -73.0441
-17.2153 -38.7422 0.5062 -73.043273
-17.2992 -40.1694 1.5541 -73.042442
-17.1185 -41.7267 2.3954 -73.041607
-17.083 -42.8762 3.6698 -73.040764
-17.3639 -44.4413 4.545 -73.03992
-18.2212 -45.6938 5.2818 -73.039077
-18.9632 -46.7735 4.1464 -73.03823
-19.2427 -47.6114 2.5633 -73.037374
-19.7572 -49.1601 2.2576 -73.036523
-20.0441 -50.8741 2.5491 -73.035672
-20.3286 -52.4364 3.2684 -73.034821
-19.8077 -53.8024 3.6098 -73.033967
-19.2008 -54.6661 2.2731 -73.033106
-18.7221 -56.0354 2.9434 -73.032242
-18.7365 -56.729 4.1896 -73.03138
-18.8997 -58.1413 5.2798 -73.030521
-18.8149 -59.8936 5.7078 -73.029667
-18.9822 -61.072 7.0484 -73.02881
-19.3934 -62.5349 8.0119 -73.027962
-19.547 -63.8484 9.0694 -73.027113
-19.5772 -65.5723 8.63 -73.026275
-19.258 -67.3139 8.3405 -73.025442
-19.7508 -69.0603 8.364 -73.024619
-19.9946 -70.8175 8.7102 -73.0238
-19.8037 -72.5539 9.1873 -73.022991
-19.7201 -74.3251 9.5635 -73.02219
-20.2567 -75.9938 9.7611 -73.021401
-19.7758 -77.7066 9.8918 -73.020622
-19.8692 -79.394 10.0722 -73.019858
-20.6153 -80.6503 10.7965 -73.019109
-20.8101 -82.0334 11.1362 -73.018378
-21.8468 -83.2751 10.5156 -73.017665
-22.3598 -84.646 11.4203 -73.016972
-22.8139 -86.2646 12.0203 -73.0163
-22.9433 -87.4114 13.1988 -73.015646
-23.2601 -88.7922 14.1473 -73.015021
-23.5187 -90.5915 14.1567 -73.014426
-23.7693 -92.3875 14.2837 -73.013862
-23.9193 -94.161 14.5659 -73.013329
-24.765 -95.4177 14.2775 -73.012831
-25.6946 -96.5629 13.7452 -73.012371
-26.3361 -98.2508 13.7081 -73.01195
-26.22 -99.6251 14.4174 -73.011566
-26.029 -100.2322 16.1217 -73.011227
-25.98 -100.9366 17.7977 -73.010937
-26.1774 -101.1961 19.58 -73.010691
-26.4133 -101.3806 21.3748 -73.010506
-26.5757 -102.9017 22.0388 -73.010382
-26.565 -104.1061 22.8298 -73.010318
-10.4886 -18.1238 0.6694 -73.061275
-10.4015 -18.057 0.4643 -73.060653
-11.3637 -19.3353 1.4826 -73.059907
-12.4409 -20.4928 2.3203 -73.059026
-13.7335 -21.882 2.6066 -73.058071
-14.3525 -23.4451 1.6476 -73.057108
-14.7639 -24.7529 0.4153 -73.056142
-15.0123 -25.6795 -1.2982 -73.055169
-14.7483 -27.3027 -2.2341 -73.054192
-14.1682 -28.7546 -3.3613 -73.053208
-14.1335 -30.3237 -2.5621 -73.052219
-14.176 -32.0715 -1.7097 -73.051226
-14.076 -33.7889 -0.9359 -73.050228
-13.8862 -35.6563 -1.4771 -73.049227
-13.5408 -37.5381 -1.8551 -73.04822
-12.9254 -39.3671 -2.0095 -73.047207
-12.8947 -41.2639 -2.5483 -73.04619
-12.5093 -43.0891 -2.3969 -73.045169
-11.8636 -44.7358 -1.5183 -73.044137
-11.3409 -46.4019 -0.6056 -73.043101
-11.0233 -47.5467 0.9658 -73.042053
-10.5913 -48.4457 2.6789 -73.041007
-10.1405 -50.0833 3.3431 -73.039958
-10.2934 -51.7904 2.9275 -73.038904
-10.88 -52.8858 1.4404 -73.03784
-11.0363 -54.4811 1.7038 -73.036777
-11.1458 -56.3254 2.378 -73.035707
-10.357 -57.7555 3.4384 -73.034632
-10.1358 -58.8326 4.9901 -73.033552
-10.3077 -60.6124 5.6598 -73.032466
-11.2813 -62.2927 6.0116 -73.031377
-11.7958 -64.1934 6.181 -73.030284
-12.4342 -66.0517 6.3974 -73.029184
-11.9522 -67.7789 6.8906 -73.02808
-11.6762 -69.0382 8.2561 -73.026971
-11.713 -70.0381 9.9612 -73.025859
-11.8555 -70.9146 11.6774 -73.024735
-12.8132 -71.5235 13.2459 -73.023613
-13.5753 -72.2336 12.7301 -73.022486
-14.1638 -73.7043 11.8882 -73.021356
-14.4131 -75.2707 10.815 -73.020225
-13.5782 -77.0011 10.3425 -73.01909
-13.3259 -78.9499 10.1371 -73.017951
-13.3622 -80.9141 10.3308 -73.016811
-14.2376 -82.5066 10.9807 -73.015671
-14.7845 -84.1023 11.9265 -73.014526
-15.3519 -85.4422 12.6525 -73.013378
-15.7865 -86.6616 12.098 -73.012227
-16.5522 -87.7496 13.5364 -73.011075
-17.1687 -89.5648 13.8022 -73.009925
-18.2162 -91.1682 13.885 -73.008774
-19.5493 -92.634 13.9514 -73.007623
-20.3209 -94.4426 13.8656 -73.006472
-21.0095 -96.2837 13.6721 -73.005321
-21.3384 -97.8523 13.9673 -73.00416
-21.6939 -97.8965 15.9193 -73.002988
-22.3276 -98.0602 17.7316 -73.001833
-21.887 -98.9874 16.7979 -73.00067
-22.8153 -99.7306 15.3374 -72.999524
-24.3779 -100.6691 14.7056 -72.998383
-24.3457 -102.6276 14.3888 -72.997251
-24.5768 -104.5617 14.2213 -72.996125
-24.8282 -106.5067 14.2205 -72.995005
-25.0574 -108.4614 14.1941 -72.993893
-25.5558 -110.3378 14.0236 -72.992789
-26.9412 -111.6652 13.5497 -72.991693
-27.6548 -113.1993 12.651 -72.990609
-27.9593 -114.1646 11.0361 -72.989523
-28.3565 -115.3746 10.0919 -72.988465
-29.1471 -116.4978 9.0352 -72.987416
-29.5399 -117.0458 7.1689 -72.986372
-29.9596 -117.6548 5.3281 -72.985352
-30.9613 -118.935 4.5188 -72.984357
-32.1435 -120.2324 4.6581 -72.983379
-32.9363 -121.0473 6.2793 -72.982419
-33.621 -122.2206 7.5953 -72.981484
-33.9105 -123.585 8.7937 -72.980572
-34.4873 -124.3869 10.3397 -72.979686
-35.0405 -125.7656 11.4307 -72.978831
-34.701 -127.6323 11.772 -72.978006
-35.3063 -129.4991 11.9181 -72.977212
-35.9903 -131.3268 11.7835 -72.976453
-37.6819 -132.1342 11.31 -72.975731
-38.5009 -133.4806 10.3217 -72.975047
-38.4967 -134.7419 8.9782 -72.974401
-39.2613 -136.1191 9.0235 -72.973801
-39.6486 -137.8732 9.0943 -72.973248
-40.3927 -139.5578 8.4232 -72.972746
-41.3357 -141.2284 8.0319 -72.972296
-41.7461 -143.1332 7.6854 -72.9719
-42.0138 -145.0056 7.4829 -72.971563
-41.9887 -146.6225 8.5512 -72.971285
-43.1363 -148.1444 8.915 -72.971074
-43.8626 -149.8828 8.3731 -72.970929
-44.926 -151.4033 7.7386 -72.970855
-9.353 -14.8211 0.2731 -73.063903
-11.0559 -15.5864 0.7158 -73.063082
-12.8605 -15.9487 1.177 -73.06207
-14.323 -16.6873 2.6356 -73.060195
-15.6273 -17.7486 4.2904 -73.058624
-16.5612 -19.3299 4.837 -73.057913
-17.0333 -20.2944 6.2453 -73.057113
-17.8874 -21.5361 7.3823 -73.056293
-18.8508 -22.9769 8.1796 -73.055471
-19.5099 -24.5801 8.9543 -73.054644
-19.7318 -25.6734 10.3712 -73.053807
-19.6375 -26.5275 11.987 -73.05296
-20.9183 -27.5166 12.4491 -73.052116
-21.2964 -29.0814 13.3143 -73.051265
-21.83 -30.7644 14.0149 -73.050408
-22.4092 -32.288 14.7504 -73.049546
-23.1716 -32.8787 16.4102 -73.048669
-23.4458 -33.3976 17.1662 -73.047799
-23.9797 -35.1098 17.8018 -73.046922
-25.2888 -36.4276 18.1128 -73.046041
-26.4013 -37.9363 18.2431 -73.045158
-27.2908 -39.5473 18.3867 -73.044269
-28.9068 -40.2841 18.3568 -73.043375
-28.8386 -41.8551 18.071 -73.042477
-30.0593 -43.3052 18.0707 -73.041576
-30.6546 -44.9959 18.2212 -73.040667
-31.4097 -46.5757 18.3297 -73.039756
-32.6885 -47.8644 18.2798 -73.038842
-33.6705 -49.4532 18.3794 -73.037928
-34.3435 -51.1833 18.7706 -73.037011
-35.0428 -52.643 19.7515 -73.03609
-35.9334 -53.9164 20.8542 -73.035169
-36.4958 -55.5633 21.6175 -73.034248
-37.1515 -57.2664 22.1901 -73.033328
-37.503 -58.9135 22.7742 -73.032403
-37.2767 -60.629 23.5408 -73.031476
-38.3487 -62.1152 24.0868 -73.030555
-38.7835 -63.8894 24.6417 -73.029635
-39.0307 -65.5698 25.4324 -73.028719
-39.2448 -67.4312 25.7075 -73.027803
-39.4113 -69.2406 26.1323 -73.026893
-38.2265 -70.1613 27.1367 -73.025986
-37.9293 -71.6381 28.1838 -73.02508
-36.7386 -72.8721 28.5562 -73.024183
-35.4143 -74.1273 28.8617 -73.023295
-33.8413 -75.1427 29.2839 -73.022395
-32.9832 -76.7229 29.5771 -73.021522
-33.6399 -75.092 29.1649 -73.020645
-33.1635 -76.3575 28.5144 -73.019784
-32.6394 -77.9449 29.3953 -73.018937
-31.5586 -79.4236 29.8926 -73.018091
-30.8094 -81.0765 30.3763 -73.017264
-31.5811 -82.6547 30.6865 -73.016465
-31.7168 -84.5489 30.8274 -73.015685
-31.5105 -86.4537 30.8357 -73.014929
-31.5377 -88.3667 30.7633 -73.014195
-31.4829 -90.279 30.6456 -73.013487
-31.9235 -92.1277 30.4947 -73.012807
-32.2806 -93.9944 30.2829 -73.012159
-33.2826 -95.4749 30.073 -73.011542
-34.2923 -96.3147 29.212 -73.010959
-33.7984 -97.5646 29.0456 -73.010411
-33.365 -98.5644 30.3242 -73.009901
-34.9529 -99.5888 30.5864 -73.009436
-35.3561 -101.2379 30.5528 -73.009016
-35.425 -102.1901 29.7785 -73.008644
-35.4381 -103.6106 30.0236 -73.008325
-35.4329 -104.9525 28.8355 -73.008062
-35.4888 -106.6151 28.0477 -73.007861
-35.1318 -108.0258 29.2064 -73.007721
-34.5346 -109.5447 30.0645 -73.00765
-15.445 -16.6758 3.4162 -73.058616
-17.1123 -16.5493 2.7023 -73.057916
-18.8242 -16.1183 2.2844 -73.057127
-20.5247 -15.3962 2.2003 -73.056324
-22.3116 -15.3473 2.4856 -73.055518
-24.0423 -14.9367 2.9859 -73.054703
-25.7912 -14.8802 3.5418 -73.053882
-27.6376 -14.8877 3.7424 -73.053057
-29.4617 -14.8882 3.7168 -73.052227
-31.2202 -15.3922 3.5297 -73.051388
-32.7539 -15.8243 2.9445 -73.050539
-34.0829 -16.2305 1.7975 -73.049687
-35.3566 -17.1047 0.7776 -73.048831
-36.7811 -17.3591 0.0703 -73.047973
-38.4049 -17.2529 0.8951 -73.047111
-40.1857 -16.9717 1.2216 -73.046242
-41.9745 -17.3706 1.348 -73.045369
-43.6645 -17.7288 1.1737 -73.044489
-45.1638 -16.9527 0.472 -73.043607
-46.3865 -16.2335 -0.6264 -73.042717
-48.1583 -16.038 -0.1893 -73.041821
-49.5586 -16.5997 0.7893 -73.04092
-50.6275 -17.7832 1.5574 -73.040017
-52.4581 -17.9497 1.6886 -73.03911
-54.2203 -17.8442 1.1278 -73.038199
-55.6575 -18.4041 0.1681 -73.037283
-57.139 -19.2179 -0.5793 -73.036363
-58.8775 -19.6978 -0.9928 -73.035442
-60.4992 -20.5497 -0.8751 -73.03452
-62.2699 -20.9516 -0.784 -73.033595
-63.9605 -21.4851 -1.2025 -73.032661
-65.769 -21.6468 -1.2364 -73.031732
-67.4074 -21.948 -2.0416 -73.030802
-69.2303 -22.0478 -2.2783 -73.029873
-71.0405 -22.3933 -2.2 -73.028941
-72.76 -22.6876 -1.8978 -73.028012
-74.4248 -22.1245 -1.3042 -73.027083
-75.468 -21.5676 0.0962 -73.026154
-76.805 -21.0117 0.8974 -73.025228
-78.6304 -21.1688 0.7939 -73.02431
-80.2126 -21.6023 1.4208 -73.023395
-81.9055 -21.4802 1.8938 -73.022485
-83.3789 -20.5725 2.4839 -73.021582
-84.8475 -20.092 3.3977 -73.020687
-85.8797 -19.4106 4.4732 -73.019796
-86.9877 -17.9771 4.3817 -73.018919
-88.4094 -16.917 4.436 -73.018053
-89.1332 -16.2863 5.8123 -73.01719
-89.6827 -16.0961 7.5766 -73.016342
-90.6073 -14.9923 8.5732 -73.015518
-91.6573 -14.5236 9.9347 -73.014711
-92.216 -13.6924 11.4126 -73.013915
-93.3323 -12.5367 11.3011 -73.01315
-94.3529 -11.3333 10.4637 -73.012408
-95.9243 -11.359 10.3327 -73.011692
-97.085 -12.6874 10.4076 -73.011003
-98.637 -11.9209 10.4364 -73.010343
-99.8512 -10.5582 10.1484 -73.009719
-101.1467 -9.2581 9.9913 -73.009127
-102.9108 -8.8466 10.0308 -73.008575
-104.2043 -7.6318 10.4372 -73.008066
-105.7848 -7.7377 11.2376 -73.0076
-107.5295 -7.7352 11.7584 -73.007182
-108.7114 -6.5165 12.2914 -73.006813
-108.6826 -5.013 12.9437 -73.006496
-109.4316 -4.9691 14.0337 -73.006236
-110.9911 -5.321 13.2911 -73.006035
-112.3812 -4.7789 12.2565 -73.005899
-113.4541 -4.4164 10.8172 -73.005828
-15.5545 -17.632 4.3033 -73.058667
-16.8149 -18.3686 5.0193 -73.058088
-18.1535 -17.7371 5.9254 -73.05743
-19.3957 -17.6568 7.1162 -73.056756
-20.6245 -17.4395 8.329 -73.056079
-21.4073 -17.0773 9.8446 -73.055394
-22.3291 -16.4593 11.1562 -73.054708
-23.7986 -16.4039 12.1053 -73.054019
-24.636 -16.4397 13.5353 -73.053317
-26.0492 -16.413 14.4153 -73.05262
-26.5091 -16.6788 16.0866 -73.051906
-27.6416 -17.5424 16.452 -73.051202
-28.9683 -17.6171 17.1518 -73.050495
-30.2529 -16.8642 18.0015 -73.049787
-31.8112 -16.9615 18.7079 -73.049073
-32.7125 -16.0015 17.8716 -73.048359
-33.9732 -15.3124 17.8919 -73.047642
-35.5154 -14.9405 18.541 -73.046923
-36.8148 -15.2621 19.6037 -73.046201
-38.1095 -15.3947 20.6532 -73.045482
-39.3709 -15.3085 20.5665 -73.044754
-39.9084 -15.4165 22.2463 -73.044019
-41.4898 -16.1032 22.568 -73.043298
-43.1935 -16.3081 22.9719 -73.042579
-44.8671 -16.1005 23.426 -73.041863
-46.5874 -16.255 23.8037 -73.041147
-48.2806 -16.146 24.1613 -73.04044
-49.8848 -15.6408 24.6252 -73.039737
-51.569 -15.5809 25.1077 -73.039042
-53.1934 -15.8717 25.7123 -73.038355
-54.8397 -16.0518 26.2602 -73.037674
-56.4663 -15.7486 26.8593 -73.037009
-57.6381 -14.8744 27.7621 -73.036356
-58.8394 -13.7889 28.4214 -73.035716
-60.1932 -13.1386 29.3328 -73.035089
-61.8304 -12.6017 29.6751 -73.034481
-63.5039 -12.1508 29.7076 -73.033893
-64.8861 -11.121 29.4315 -73.033325
-65.5954 -10.0293 28.2627 -73.032778
-66.3587 -9.069 29.1123 -73.032257
-67.3994 -7.9254 29.8988 -73.031763
-68.8854 -7.8686 29.963 -73.031299
-70.5505 -7.352 29.9726 -73.030869
-72.0497 -6.4284 30.0037 -73.030473
-73.5599 -5.5098 29.9785 -73.030115
-74.8786 -4.3323 29.9264 -73.029787
-76.2236 -3.1844 29.9023 -73.029515
-77.2186 -1.7362 29.9278 -73.02929
-78.2778 -0.5048 29.7779 -73.029117
-79.9939 -0.3567 29.5292 -73.028998
-81.6519 -0.1123 29.479 -73.028936
-15.2282 -17.1379 4 -73.058917
-15.8134 -17.8487 4 -73.058886
-16.4306 -18.5318 4 -73.05887
-13.8552 -16.3527 0.6773 -73.061449
-6.8126 -12.9962 0.0714 -73.06447
-5.8684 -15.48 0.0572 -73.063741
-5.4058 -18.0693 0.0621 -73.062809
-4.8048 -20.6622 0.1442 -73.061638
-4.2378 -23.1032 0.3354 -73.060186
-4.2185 -23.3173 3.0099 -73.057829
-4.1991 -23.5292 5.6846 -73.05546
-3.9404 -24.0329 8.0609 -73.053127
-2.9465 -26.4423 7.8893 -73.050765
-2.9898 -29.1239 7.9366 -73.048347
-2.8312 -31.7921 8.079 -73.045866
-2.7737 -34.4658 8.0848 -73.043323
-3.1335 -36.1267 6.8772 -73.04067
-2.9668 -36.5649 4.2354 -73.037946
-3.5563 -38.3842 2.8887 -73.035194
-4.3063 -40.3834 1.497 -73.032359
-4.1208 -42.6459 0.2252 -73.029455
-4.2362 -43.7827 0.8959 -73.027141
-3.8312 -43.4159 2.8085 -73.025504
-3.4263 -43.0492 4.7211 -73.023898
-3.0214 -42.6825 6.6338 -73.022322
-2.6164 -42.3158 8.5464 -73.020778
-2.2115 -41.949 10.459 -73.019264
-1.8006 -41.5642 12.3611 -73.017781
-1.0504 -39.8462 12.7392 -73.016268
0.1758 -38.6585 13.5417 -73.014749
1.5902 -38.0395 13.8599 -73.013194
3.2347 -39.0768 14.2093 -73.011631
3.2862 -40.8715 14.6526 -73.010044
3.0921 -42.2179 15.9515 -73.008437
3.289 -43.8273 17.0278 -73.00681
3.7676 -45.0577 18.3989 -73.005151
5.3853 -45.2551 17.5078 -73.00347
6.4565 -45.5185 16.2146 -73.001736
6.4601 -45.5688 14.2263 -72.999971
7.3041 -46.1013 15.3965 -72.99819
7.7212 -46.6728 17.2551 -72.996373
8.2906 -47.8462 18.7417 -72.994545
8.7291 -49.4862 19.2615 -72.993198
9.1255 -50.9461 19.7272 -72.992375
10.0364 -52.2198 19.9693 -72.991554
10.7133 -53.6545 20.0389 -72.990732
11.8089 -54.3454 19.5071 -72.989904
12.1976 -54.6669 17.9921 -72.989076
13.1099 -54.8336 16.8714 -72.988251
13.5838 -54.6626 15.3738 -72.987377
13.6588 -54.6533 13.7788 -72.986384
13.7337 -54.644 12.1838 -72.985422
13.8087 -54.6347 10.5888 -72.984491
13.8837 -54.6254 8.9938 -72.983592
13.9586 -54.6161 7.3988 -72.982725
14.0336 -54.6068 5.8038 -72.981889
14.1085 -54.5975 4.2088 -72.981084
14.1663 -54.5744 2.6132 -72.980193
14.2206 -54.5486 1.0176 -72.979299
14.2749 -54.5228 -0.5781 -72.97844
14.3293 -54.497 -2.1737 -72.977616
14.3836 -54.4712 -3.7694 -72.976825
14.4379 -54.4454 -5.365 -72.976069
13.7113 -55.8095 -5.5929 -72.975334
13.1825 -57.2536 -6.0072 -72.974609
12.9567 -58.7053 -6.561 -72.973897
12.6682 -60.0281 -7.37 -72.973199
12.3514 -61.5353 -7.7387 -72.972516
11.9771 -63.0578 -7.8716 -72.971849
11.7617 -64.6275 -7.7751 -72.971199
11.4655 -65.9109 -8.3481 -72.970566
11.6675 -66.9063 -9.5712 -72.969951
11.728 -68.3207 -9.6289 -72.969356
11.6975 -68.4625 -8.07 -72.968783
11.4235 -69.5735 -7.0162 -72.968237
11.1196 -70.8404 -6.109 -72.967716
11.0275 -71.8722 -4.9846 -72.967219
11.2426 -73.2528 -4.3725 -72.966751
10.7531 -74.6674 -3.9199 -72.966313
10.425 -76.2016 -3.7062 -72.965906
10.77 -77.7411 -3.6532 -72.96553
11.0786 -79.2552 -3.6604 -72.965191
11.425 -80.7723 -3.755 -72.964887
11.2996 -82.2807 -4.0128 -72.964621
11.9706 -83.6675 -4.3963 -72.964396
12.7118 -84.5829 -3.8154 -72.964209
13.1706 -85.4159 -2.5821 -72.964067
13.3664 -86.853 -1.9391 -72.963971
13.3682 -87.667 -0.8755 -72.963922
8.6263 -48.9248 19.7774 -72.99324
8.971 -49.5407 20.9869 -72.992506
9.2099 -51.0475 20.8184 -72.991776
10.0927 -52.2943 20.5532 -72.991053
10.6868 -53.724 20.4404 -72.990335
11.4461 -54.1517 19.6321 -72.989607
11.5442 -54.2966 18.1881 -72.988888
12.9332 -54.8812 18.406 -72.988182
13.2774 -55.294 19.8309 -72.987463
13.7729 -56.2787 20.5319 -72.986767
14.3885 -57.7019 20.5127 -72.986078
15.16 -59.0485 20.6431 -72.985397
15.6443 -60.0525 21.5504 -72.984723
16.2084 -60.988 22.5631 -72.984058
17.2577 -61.2039 23.519 -72.983406
18.4454 -61.8839 23.9975 -72.982768
19.1422 -63.2514 24.2481 -72.98214
19.671 -63.8624 25.3071 -72.981517
20.2623 -64.3588 26.3522 -72.980915
21.638 -65.0559 26.1487 -72.980332
22.7173 -66.1327 25.8633 -72.979731
23.7256 -67.2733 25.5197 -72.979159
24.6112 -68.47 25.1932 -72.978624
24.9681 -69.954 24.971 -72.978111
24.9964 -70.9802 24.2159 -72.977595
24.9684 -71.117 22.6615 -72.977081
24.9404 -71.2538 21.1072 -72.976607
24.9124 -71.3907 19.5528 -72.976171
24.8648 -71.4567 17.9963 -72.975771
24.9221 -71.7069 16.7213 -72.975401
25.4185 -72.6144 17.5247 -72.975053
25.5779 -72.8182 19.0637 -72.974733
25.6724 -73.1458 20.5059 -72.974454
25.5385 -73.7136 21.7923 -72.974201
25.5469 -73.9336 23.3373 -72.973986
25.5553 -74.1535 24.8823 -72.973814
26.4257 -75.2629 24.9859 -72.973683
26.2037 -76.801 24.991 -72.973594
26.3234 -78.3421 25.0702 -72.973549
-4.7208 -44.7161 -0.023 -73.027533
-5.1299 -46.1818 0.6944 -73.026649
-5.3697 -46.9913 2.259 -73.025759
-5.7718 -48.0995 3.5791 -73.024869
-6.3113 -49.4357 4.5711 -73.023973
-6.1052 -51.0319 5.3148 -73.023074
-5.9754 -52.7323 5.8136 -73.022172
-5.3005 -54.3124 6.0843 -73.021265
-5.5666 -55.9139 6.2159 -73.020354
-6.3626 -57.4622 6.4728 -73.01944
-7.4327 -58.7683 6.9386 -73.018521
-8.3123 -60.0607 7.6969 -73.017597
-9.2075 -61.5771 7.5449 -73.016674
-10.0182 -63.1512 7.7642 -73.015745
-10.4982 -64.8336 7.9938 -73.014816
-11.098 -66.494 8.2496 -73.013881
-11.5795 -68.0917 8.8213 -73.012944
-11.4778 -69.48 9.814 -73.012006
-11.3768 -70.9824 10.6772 -73.011064
-11.1615 -72.6665 10.9417 -73.010118
-11.9531 -74.0675 10.3517 -73.009171
-12.2253 -75.2856 9.1163 -73.008222
-12.386 -76.5528 7.8889 -73.007274
-12.4919 -77.8973 6.8778 -73.006323
-12.6418 -79.6702 6.7282 -73.005372
-12.8923 -81.2283 7.3625 -73.004421
-13.0636 -82.0267 8.8276 -73.003461
-12.8375 -83.2389 8.8894 -73.002509
-12.4716 -84.694 8.0205 -73.001557
-12.6797 -85.5671 7.0599 -73.000603
-12.5183 -84.1321 6.1622 -72.999644
-12.5292 -84.0813 7.3739 -72.998686
-11.895 -85.6688 7.8198 -72.997731
-11.5229 -87.2946 8.4116 -72.99678
-10.3324 -88.1124 9.2259 -72.995833
-10.675 -89.8262 9.467 -72.994888
-11.2148 -91.4903 9.7261 -72.993951
-11.4919 -93.2205 9.9224 -72.993021
-11.8689 -94.9605 9.9938 -72.992096
-12.2215 -96.7085 9.9892 -72.991181
-12.5548 -98.4528 9.9031 -72.990273
-13.101 -100.1246 9.6027 -72.989376
-13.6123 -101.6942 9.0552 -72.988489
-14.5178 -102.8115 8.0351 -72.987611
-14.732 -103.8321 6.6289 -72.986742
-14.736 -104.949 5.3416 -72.985884
-14.7897 -105.5564 3.6632 -72.98504
-14.9175 -106.1934 2.0059 -72.984213
-14.8119 -107.3154 0.66 -72.983412
-14.3904 -108.3157 -0.7477 -72.982624
-14.0768 -109.6227 -1.5126 -72.981863
-14.1581 -111.3783 -1.2027 -72.981123
-14.4574 -112.7137 -0.3129 -72.980403
-14.5581 -113.8268 1.0481 -72.979711
-14.5629 -114.7419 2.5821 -72.979042
-14.3372 -115.8187 3.9677 -72.978406
-14.0073 -116.8255 5.38 -72.977799
-13.5104 -118.0936 6.4955 -72.977225
-13.0668 -119.695 6.5246 -72.976686
-12.4966 -121.0534 5.5568 -72.976186
-12.0851 -122.6625 5.1356 -72.975723
-12.5004 -124.2153 4.474 -72.975302
-12.6759 -125.9354 4.076 -72.974926
-13.0189 -127.5669 3.9008 -72.974594
-13.6129 -129.2115 3.7998 -72.974313
-14.5095 -130.7248 3.617 -72.974082
-15.1909 -132.314 3.2206 -72.973905
-16.0458 -133.6469 2.4524 -72.973785
-17.0046 -135.0632 2.0492 -72.973723
-3.6471 -8.0538 -0.0157 -73.065163
-1.3228 -8.9468 -0.0471 -73.064586
0.9314 -9.9936 -0.0832 -73.063964
2.6625 -11.7633 -0.1495 -73.063194
3.884 -13.4015 -0.8686 -73.061972
4.2751 -14.1359 -3.2157 -73.059265
4.6663 -14.8703 -5.5627 -73.056596
5.0575 -15.6047 -7.9097 -73.053964
5.4487 -16.3392 -10.2567 -73.051369
5.5082 -15.6747 -11.481 -73.049416
5.7528 -14.1284 -10.9972 -73.048201
5.1317 -14.013 -9.0503 -73.04695
5.6382 -14.026 -8.2186 -73.045629
7.6439 -14.2766 -7.8039 -73.044284
9.6042 -14.0356 -7.3728 -73.042959
11.4824 -13.5321 -6.7322 -73.041605
12.4397 -13.1153 -5.3274 -73.040218
13.1732 -12.7275 -3.4442 -73.038785
14.0029 -12.5015 -1.5695 -73.037317
14.9232 -12.6143 0.2611 -73.035821
16.0509 -12.8503 1.9217 -73.034291
17.2291 -12.7352 3.6117 -73.032709
18.6969 -13.072 4.9744 -73.031125
20.4387 -12.843 5.9867 -73.029506
22.2399 -12.9948 6.2182 -73.02833
23.7688 -13.3762 5.9788 -73.027631
25.0057 -12.6222 5.3936 -73.02693
26.3571 -12.2571 4.8087 -73.026228
27.8738 -11.9691 4.5669 -73.025524
29.2461 -11.1445 4.4391 -73.02482
30.8012 -10.7714 4.3716 -73.024118
32.3851 -10.5715 4.2891 -73.023416
33.2233 -10.1298 4.9983 -73.02271
34.0663 -9.8024 5.9221 -73.022006
35.5597 -9.845 6.5062 -73.021307
36.9026 -9.7278 7.2501 -73.020608
38.2463 -9.5474 7.9246 -73.019916
39.7277 -9.1425 8.3952 -73.019229
41.1759 -8.7377 8.951 -73.018548
42.5633 -8.3419 9.5488 -73.017869
43.7337 -8.1277 8.583 -73.017198
45.1311 -8.0308 7.9631 -73.016536
46.5242 -8.3092 7.3517 -73.015886
47.4104 -8.3281 6.0274 -73.015241
48.547 -8.1523 4.9694 -73.014611
50.1277 -8.0481 4.8161 -73.013995
51.0302 -8.412 5.9293 -73.013381
52.4231 -8.5023 6.17 -73.012792
53.895 -8.5955 6.6905 -73.012216
54.9911 -8.7652 7.7616 -73.01166
56.4893 -8.9904 7.679 -73.011126
57.587 -10.1308 7.9043 -73.010613
59.0801 -10.6364 8.1455 -73.010122
60.6014 -11.0022 8.4608 -73.009659
61.9959 -11.5958 8.0265 -73.009222
62.9752 -11.9724 7.058 -73.008808
63.4644 -12.0743 5.5381 -73.008426
64.0395 -11.9612 4.047 -73.008072
64.4337 -11.9546 2.4888 -73.007752
64.823 -11.932 0.9297 -73.007473
65.2041 -11.8836 -0.6309 -73.007235
65.5558 -11.8356 -2.1985 -73.007039
65.8976 -11.7879 -3.7682 -73.00689
66.4194 -11.7876 -5.282 -73.006789
66.4944 -12.5596 -6.6605 -73.006737
21.8035 -12.9643 5.5087 -73.028203
22.2928 -12.8975 4.0421 -73.027271
22.782 -12.8307 2.5755 -73.026369
23.2713 -12.7639 1.1089 -73.025497
23.7606 -12.6971 -0.3578 -73.024656
24.2499 -12.6303 -1.8244 -73.023844
24.7391 -12.5635 -3.291 -73.023062
25.2284 -12.4967 -4.7576 -73.022311
25.7177 -12.4299 -6.2242 -73.021589
26.2069 -12.363 -7.6908 -73.020897
26.8935 -12.3131 -8.9994 -73.020231
27.9931 -12.1349 -10.0456 -73.019572
29.4155 -12.0244 -10.5719 -73.01892
30.9321 -12.139 -10.7879 -73.018276
32.4337 -12.4908 -10.7732 -73.017635
33.7283 -13.0404 -10.3346 -73.017004
34.9591 -13.7394 -9.781 -73.016382
36.3049 -14.3754 -9.3611 -73.015767
37.7863 -14.4064 -8.971 -73.015153
38.9765 -14.4204 -8.3072 -73.014551
39.509 -14.5028 -6.8771 -73.013965
40.803 -14.1184 -7.3333 -73.0134
42.1172 -13.7343 -7.9502 -73.012851
43.481 -14.2451 -8.4653 -73.012321
44.8322 -14.6862 -9.0455 -73.011809
46.2199 -15.1571 -9.5418 -73.011317
47.4998 -15.7968 -10.1041 -73.010849
48.4919 -16.341 -10.9949 -73.010403
49.2648 -16.5571 -12.2212 -73.009981
50.6437 -17.0063 -12.5265 -73.00959
52.1626 -17.2199 -12.7123 -73.009228
53.5098 -17.9199 -12.5815 -73.008899
54.8261 -18.5114 -12.0649 -73.008602
56.0144 -19.3898 -11.6485 -73.008342
57.1511 -20.3793 -11.2981 -73.00812
58.5784 -20.83 -11.009 -73.007938
59.5198 -21.3446 -11.6244 -73.007796
59.9152 -21.5013 -13.1121 -73.0077
60.3293 -21.6363 -14.5919 -73.007651
5.542 -17.4481 -11.9734 -73.049611
5.2752 -19.0549 -12.8511 -73.048809
4.5319 -20.5356 -13.6308 -73.048
4.2842 -21.2679 -12.1504 -73.047173
4.5234 -21.5541 -11.2061 -73.046354
5.0916 -22.5097 -9.9139 -73.045523
5.6355 -23.6108 -8.5295 -73.044688
6.4022 -24.9693 -7.5369 -73.043847
6.6335 -26.3097 -6.3211 -73.043003
7.1852 -27.3717 -7.4784 -73.042147
7.7638 -28.2275 -9.037 -73.041288
9.1599 -28.8455 -10.0123 -73.040431
10.2945 -29.4271 -11.2255 -73.039568
12.0307 -29.9265 -10.7637 -73.038698
13.7255 -30.5864 -10.4924 -73.037826
15.1918 -31.515 -11.0288 -73.036951
16.7178 -31.6949 -12.0524 -73.036069
18.2188 -31.9125 -13.1144 -73.035184
19.9511 -32.1969 -13.7295 -73.034295
21.5074 -33.0418 -14.1745 -73.03337
22.8543 -34.2615 -14.6414 -73.032441
24.0059 -35.5947 -15.1729 -73.031539
24.5296 -37.1036 -15.7174 -73.030634
24.7232 -37.5624 -17.5262 -73.029715
25.1008 -38.2263 -19.2142 -73.028796
26.3789 -39.4506 -19.5884 -73.027887
28.1291 -39.8596 -20.0602 -73.026977
29.3513 -39.6098 -21.3429 -73.026062
30.6809 -38.9744 -22.3478 -73.025146
31.8544 -39.4408 -23.699 -73.024228
32.7072 -40.1312 -24.5207 -73.023311
34.1875 -40.0661 -24.2388 -73.022393
35.3747 -39.954 -25.6606 -73.021475
36.0556 -40.1808 -27.3735 -73.020547
37.1117 -40.5409 -28.8636 -73.019631
37.9499 -40.8975 -30.5002 -73.018717
38.8019 -40.6861 -32.1277 -73.017805
39.8174 -40.5169 -33.6425 -73.016902
40.8901 -40.7217 -35.068 -73.016006
42.5305 -41.61 -35.2384 -73.015119
44.3755 -41.8861 -35.4176 -73.014239
45.9871 -42.2694 -36.0731 -73.013367
47.4878 -43.2765 -36.1873 -73.012489
49.3319 -43.6209 -36.2065 -73.011606
51.1887 -43.712 -36.2324 -73.010761
53.0372 -43.4731 -36.3042 -73.009932
54.8899 -43.6769 -36.497 -73.009121
56.6959 -43.5991 -36.9065 -73.008325
58.2639 -44.1277 -37.6876 -73.007548
59.5341 -44.5902 -38.7803 -73.006784
60.5988 -45.0677 -39.8571 -73.006048
61.8729 -46.2433 -40.1922 -73.005336
63.3313 -46.5896 -41.0735 -73.004647
64.0217 -46.6763 -42.7931 -73.003981
64.5704 -46.7494 -44.583 -73.003345
64.8703 -46.6711 -46.4334 -73.002718
65.1687 -46.5915 -48.2839 -73.002145
65.5964 -46.5388 -50.1097 -73.001607
65.7108 -46.4215 -51.9702 -73.00107
65.6981 -46.2783 -53.8407 -73.000579
65.6854 -46.1351 -55.7113 -73.000153
65.6727 -45.9919 -57.5819 -72.99979
65.7296 -45.7497 -59.4403 -72.999472
65.8135 -45.4694 -61.2934 -72.999216
66.0243 -45.0935 -63.1166 -72.999021
66.1717 -44.6856 -64.9394 -72.998886
66.3305 -44.1781 -66.4646 -72.998818
5.6517 -16.7814 -12.2027 -73.049145
5.689 -16.9607 -13.7308 -73.047442
5.7263 -17.14 -15.259 -73.045775
5.7636 -17.3194 -16.7872 -73.044144
5.8009 -17.4987 -18.3154 -73.042548
5.8383 -17.678 -19.8436 -73.040988
5.8756 -17.8574 -21.3717 -73.039463
5.9129 -18.0367 -22.8999 -73.037974
5.9502 -18.216 -24.4281 -73.036519
5.9875 -18.3954 -25.9563 -73.0351
6.0248 -18.5747 -27.4845 -73.033716
6.0621 -18.754 -29.0126 -73.032368
6.0994 -18.9334 -30.5408 -73.031054
6.1367 -19.1127 -32.069 -73.029776
6.1741 -19.292 -33.5972 -73.028532
6.2114 -19.4714 -35.1254 -73.027324
6.2487 -19.6507 -36.6536 -73.026151
6.286 -19.83 -38.1817 -73.025012
6.3233 -20.0094 -39.7099 -73.023909
6.3606 -20.1887 -41.2381 -73.02284
6.3979 -20.368 -42.7663 -73.021806
6.4352 -20.5474 -44.2945 -73.020807
6.4725 -20.7267 -45.8226 -73.019842
6.5099 -20.906 -47.3508 -73.018913
6.5472 -21.0854 -48.879 -73.018018
6.5845 -21.2647 -50.4072 -73.017157
6.6218 -21.444 -51.9354 -73.016332
6.6591 -21.6234 -53.4635 -73.015541
6.6964 -21.8027 -54.9917 -73.014784
6.7337 -21.982 -56.5199 -73.014062
6.771 -22.1614 -58.0481 -73.013375
6.8083 -22.3407 -59.5763 -73.012722
6.8457 -22.52 -61.1045 -73.012103
6.883 -22.6994 -62.6326 -73.011519
6.9394 -22.8766 -64.1572 -73.01097
8.1498 -22.8799 -64.1006 -73.010442
8.9886 -23.516 -62.989 -73.009925
9.9314 -24.3205 -62.1091 -73.009427
10.5435 -25.411 -61.3105 -73.008944
11.1641 -26.7642 -60.9602 -73.00848
11.7371 -28.177 -61.0516 -73.008039
12.2468 -29.4991 -61.4619 -73.007619
12.6299 -30.7915 -61.1111 -73.007221
13.0367 -32.212 -60.6823 -73.00685
13.4206 -33.6473 -60.2909 -73.006504
13.672 -35.0666 -59.8345 -73.006189
13.7802 -36.5811 -60.0484 -73.005907
13.7177 -38.0731 -60.4184 -73.005659
13.5658 -39.5761 -60.7091 -73.005446
13.3014 -41.0704 -60.6511 -73.005271
13.3571 -42.0105 -59.4467 -73.005136
13.5377 -43.0476 -58.3404 -73.005043
13.6333 -44.0606 -57.3331 -73.004996
-2.4565 -0.91 0.0523 -73.069944
-2.8293 2.667 0.2464 -73.074426
-3.0866 6.216 0.7208 -73.079019
-2.2413 9.6979 1.5153 -73.083745
-0.7404 12.7593 0.9662 -73.088565
0.227 15.8879 -1.0884 -73.093711
0.5524 20.1154 -1.9386 -73.099204
0.4575 24.418 -2.5408 -73.104864
0.4389 27.3767 -5.5178 -73.110709
-0.013 29.9656 -8.7108 -73.116736
-0.1419 14.3216 0.264 -73.091139
0.8616 14.8245 1.2959 -73.092512
2.5303 15.409 3.4469 -73.095105
5.0961 15.9466 3.8822 -73.097831
7.8356 16.5695 3.9069 -73.100713
10.5566 17.2922 4.0994 -73.10372
13.2701 17.9524 4.5537 -73.106884
15.8121 18.8134 4.7988 -73.110206
17.2134 19.7132 4.344 -73.112581
17.5574 19.3689 4.0634 -73.112397
-0.9274 14.3109 0.2417 -73.09107
-2.5488 14.1754 0.0246 -73.090743
-4.1702 14.04 -0.1925 -73.090453
-5.6969 13.9854 -0.1496 -73.090195
-6.0083 14.0245 0.9686 -73.089962
-4.7591 13.8534 0.1003 -73.089756
-4.5248 13.8442 -1.5168 -73.089532
-4.3735 13.8457 -3.1513 -73.089349
-4.2222 13.8471 -4.7858 -73.089212
-4.0708 13.8486 -6.4202 -73.08912
-3.7648 13.9278 -8.018 -73.089074
-3.1571 14.1597 -9.5252 -73.089072
-2.5409 14.9686 -10.6984 -73.08912
-0.6612 32.5013 -8.9792 -73.120535
-1.3441 34.6869 -8.6538 -73.123398
-2.5162 37.7967 -7.959 -73.12774
-4.0883 40.798 -9.2426 -73.132153
-6.1771 43.4321 -10.5669 -73.136634
-7.4526 45.9637 -12.4793 -73.141192
-8.199 48.9959 -14.3148 -73.145878
-8.488 52.2581 -16.0262 -73.150691
-8.9751 55.6713 -17.3793 -73.155578
-8.9724 59.3456 -17.9864 -73.160537
-8.8355 62.9598 -18.9326 -73.165572
-8.1651 65.7964 -21.101 -73.170686
-8.071 69.4931 -21.2598 -73.175871
-8.0725 72.7987 -19.5494 -73.180732
-8.8931 75.9303 -20.6534 -73.184696
-9.8467 77.8663 -22.8286 -73.188154
-10.916 79.9845 -24.8489 -73.191644
-11.8107 82.572 -26.461 -73.195384
-13.9622 85.1541 -28.0376 -73.199372
-15.428 87.4195 -30.0798 -73.20341
-16.2874 89.1284 -32.8169 -73.206859
-17.1302 91.8068 -33.4334 -73.209705
-16.6579 94.7355 -33.3269 -73.212567
-16.2793 97.4317 -32.2507 -73.21544
-16.0966 100.3779 -31.8618 -73.218328
-15.6048 103.2146 -31.8672 -73.222074
-15.0646 104.6984 -30.0846 -73.226687
-14.4099 106.6313 -31.3901 -73.231302
-13.9013 109.3975 -31.7321 -73.235923
-13.1382 112.1018 -31.8855 -73.240551
-12.0288 114.6912 -32.2205 -73.245188
-9.9615 116.491 -32.7147 -73.249828
-8.3964 118.5551 -33.6954 -73.254472
-7.0441 120.3709 -35.2413 -73.259122
-16.3107 103.1222 -31.2609 -73.222145
-17.0106 105.6108 -30.0258 -73.226814
-17.7104 108.0993 -28.7907 -73.231404
-18.4103 110.5878 -27.5556 -73.235913
-19.1321 113.0846 -26.3544 -73.240342
-20.0839 115.6275 -25.7828 -73.244744
-21.6544 117.8269 -26.4818 -73.249154
-22.4041 120.0541 -28.0006 -73.253576
-23.8204 121.9956 -29.2918 -73.257999
-16.2837 88.4956 -30.6847 -73.20799
-16.9057 88.45 -28.8674 -73.213036
-17.5277 88.4044 -27.0501 -73.218017
-18.1496 88.3588 -25.2328 -73.222932
-18.7716 88.3131 -23.4155 -73.22778
-19.3936 88.2675 -21.5982 -73.23256
-20.0155 88.2219 -19.7808 -73.237271
-20.6375 88.1763 -17.9635 -73.241912
-21.2595 88.1307 -16.1462 -73.246482
-21.8814 88.0851 -14.3289 -73.250981
-22.5034 88.0394 -12.5116 -73.255407
-23.1253 87.9938 -10.6943 -73.259759
-23.7473 87.9482 -8.8769 -73.264037
-24.3693 87.9026 -7.0596 -73.268239
-24.9912 87.857 -5.2423 -73.272365
-25.6132 87.8114 -3.425 -73.276414
-26.2352 87.7657 -1.6077 -73.280384
-26.8571 87.7201 0.2096 -73.284276
-27.4791 87.6745 2.0269 -73.288087
-28.1011 87.6289 3.8443 -73.291818
-28.723 87.5833 5.6616 -73.295466
-10.6474 82.0467 -25.97 -73.19457
-9.8973 83.5702 -26.7997 -73.196882
-8.9166 84.4636 -28.1497 -73.199214
-7.9416 85.635 -29.2349 -73.201564
-6.7633 86.7616 -30.2244 -73.203926
-5.9934 87.8877 -31.5 -73.206306
-4.805 89.0805 -31.9871 -73.208698
-4.0074 90.0975 -33.2964 -73.211121
-3.642 91.5318 -34.1524 -73.213544
-3.5504 92.2381 -35.0395 -73.215983
-2.6112 93.3175 -34.37 -73.218438
-1.4138 94.7914 -34.5426 -73.220892
-0.1697 96.0984 -35.117 -73.223355
0.8889 97.112 -35.3375 -73.225826
1.8787 97.6218 -33.8386 -73.228305
3.297 98.6527 -34.2066 -73.230773
4.478 100.1526 -34.2331 -73.233231
5.7259 101.6013 -34.2783 -73.23569
6.9236 103.076 -34.3329 -73.238135
8.2378 104.4594 -34.2789 -73.240569
9.708 105.6324 -34.1824 -73.242982
11.0242 106.9149 -34.1788 -73.245382
12.03 108.5293 -34.2938 -73.24776
12.8387 110.237 -34.4028 -73.250111
13.6986 111.9172 -34.2947 -73.252432
14.9808 113.3035 -34.0183 -73.254718
16.3534 114.5382 -33.5266 -73.256965
-8.0122 74.6652 -19.0128 -73.184092
-7.3733 74.7434 -17.1393 -73.186275
-6.2129 74.8717 -15.5661 -73.188453
-4.6588 75.1485 -14.4836 -73.190642
-2.9313 75.2005 -13.5318 -73.192848
-1.1908 75.5548 -14.025 -73.195073
0.2492 75.4182 -15.2751 -73.197317
1.6994 75.2949 -16.4498 -73.199571
3.456 75.8724 -16.5978 -73.201841
4.909 77.061 -16.0201 -73.204124
6.3489 78.0205 -15.2054 -73.206415
7.6777 78.1558 -16.557 -73.208731
9.1932 78.8939 -17.1669 -73.211048
10.3243 80.3116 -17.9293 -73.21337
11.8031 81.2429 -18.8099 -73.215694
13.3202 82.0201 -19.7154 -73.218022
14.672 82.8734 -20.8357 -73.220346
15.8195 84.0369 -21.4716 -73.222665
17.3968 85.0052 -21.5241 -73.224979
19.1523 85.9091 -21.6233 -73.227284
20.835 86.8367 -21.5731 -73.229576
22.3782 87.6805 -22.4819 -73.23186
23.6336 88.6822 -23.6145 -73.234123
25.3121 89.236 -24.4178 -73.236364
26.9271 90.1776 -25.069 -73.238626
28.5711 91.1435 -25.6063 -73.240884
30.1849 92.1759 -26.0934 -73.243049
31.906 93.0582 -26.3886 -73.245165
33.349 94.3802 -26.2354 -73.247239
34.682 95.7638 -25.7885 -73.249264
36.0698 96.9946 -25.1164 -73.251238
-9.1332 71.1226 -19.9391 -73.181228
-11.2049 71.3971 -19.3463 -73.186668
-12.2503 72.1505 -17.4371 -73.192222
-13.2771 72.9723 -16.3017 -73.197877
-15.0629 74.4381 -16.0237 -73.203629
-17.1889 75.3374 -15.9102 -73.209499
-18.7708 76.7954 -16.5998 -73.215486
-20.2396 77.7578 -18.0502 -73.221602
-21.4318 79.2493 -19.3169 -73.227825
-22.4493 80.8848 -20.0685 -73.232533
-23.644 82.5321 -19.9209 -73.235642
-25.2693 83.8199 -19.7197 -73.238777
-26.4282 85.5474 -19.5741 -73.241943
-27.4271 87.2915 -19.7394 -73.245144
-28.2555 88.0894 -18.5764 -73.248407
-28.4362 88.7812 -16.6121 -73.251713
-28.7184 89.4709 -14.6555 -73.255015
-28.5952 90.5234 -12.9306 -73.258332
-28.0087 92.2281 -11.8717 -73.261671
-28.1824 93.3344 -10.523 -73.265044
-28.881 94.9101 -9.3484 -73.26844
-29.1637 96.6406 -8.2343 -73.271853
-29.7507 98.589 -7.8416 -73.275288
-31.2546 100.014 -7.7767 -73.278742
-32.9856 101.1833 -7.8435 -73.282205
-34.438 102.6859 -7.93 -73.285692
-35.8645 104.1959 -8.077 -73.28919
-37.7492 105.0636 -8.2888 -73.292694
-39.7252 105.5106 -8.4883 -73.296217
-41.4274 106.5542 -8.4275 -73.299757
-22.5697 79.9845 -21.0657 -73.232772
-23.5049 79.5868 -23.0086 -73.235998
-24.7357 79.2357 -23.1851 -73.238918
-26.0186 79.7983 -22.2548 -73.241857
-27.6912 80.6895 -21.9109 -73.244818
-29.3246 81.7314 -21.4655 -73.247799
-31.1306 82.4861 -21.4143 -73.250799
-32.9071 83.2024 -21.5235 -73.25383
-34.8537 83.2248 -21.3716 -73.25688
-36.6622 83.819 -20.8419 -73.259954
-38.0322 83.5029 -19.5874 -73.263056
-39.4902 83.5562 -18.2934 -73.266171
-40.9141 84.0358 -17.0459 -73.269306
-42.4783 85.0996 -16.5078 -73.272447
-44.0118 86.2891 -16.2793 -73.275603
-45.0805 86.8165 -17.3328 -73.278837
-45.3985 87.0849 -19.2874 -73.28206
-46.0085 87.5938 -21.1008 -73.285299
-46.5256 87.8633 -23.0125 -73.288548
-47.0124 88.1443 -24.9307 -73.291804
-48.0466 88.8001 -25.8124 -73.295023
-49.3531 89.8139 -24.8517 -73.298245
-23.4169 79.5945 -22.041 -73.234538
-7.4755 47.1812 -14.128 -73.143778
-6.6397 46.9581 -15.442 -73.144313
-6.0885 47.0624 -16.854 -73.144829
-5.6785 47.4504 -18.3124 -73.145338
-5.0375 48.1975 -19.4234 -73.145833
-4.9376 48.8586 -20.8471 -73.146317
-4.8994 49.5688 -22.2208 -73.146787
-4.8067 50.8524 -23.1201 -73.147237
-4.348 52.1399 -23.896 -73.147689
-3.8636 53.4258 -24.6617 -73.148103
-3.2759 54.7308 -25.2965 -73.14848
-2.6137 56.0992 -25.6637 -73.148825
-1.9972 57.5231 -25.7699 -73.149141
-0.7472 58.4335 -25.8246 -73.149421
0.1834 59.5702 -25.9895 -73.149664
1.0556 60.8294 -26.3063 -73.149865
1.4265 62.1744 -26.9168 -73.15002
1.2466 63.3678 -27.9187 -73.150128
0.8615 64.5278 -28.8693 -73.150184
-1.2039 34.2315 -8.7378 -73.123443
-2.1645 36.692 -8.3921 -73.127854
-3.11 39.1845 -8.3928 -73.132368
-3.9026 40.3411 -6.7187 -73.136995
-4.4638 40.8393 -4.1593 -73.141747
-5.2514 41.2336 -1.6507 -73.146605
-6.4986 41.3875 0.6577 -73.151563
-6.9016 41.3668 3.1344 -73.156666
-8.3244 41.1475 5.0228 -73.161835
-9.0777 42.2825 6.6587 -73.16654
-10.4818 44.1286 6.7312 -73.170743
-12.0542 45.877 6.472 -73.175024
-13.7926 47.4551 6.7415 -73.179386
-14.3287 48.7274 8.6097 -73.183847
-14.2892 50.0448 10.5825 -73.18838
-14.3831 52.2013 11.5125 -73.192987
-15.4653 54.1641 11.5993 -73.197674
-15.9872 56.1264 10.7348 -73.20245
-15.9935 58.493 10.4465 -73.207307
-16.6674 59.2873 8.5547 -73.21228
-17.4698 59.7595 6.3608 -73.217333
-17.8092 61.9411 6.2291 -73.222452
-19.8136 62.8997 6.5069 -73.227677
-21.3274 63.1601 7.9551 -73.233017
-22.8218 64.0013 9.1439 -73.237546
-24.7396 64.6596 9.7419 -73.241223
-25.9313 65.6939 8.2209 -73.244948
-27.3521 67.091 7.1443 -73.248723
-27.8515 68.7801 5.7356 -73.252547
-28.9706 70.1238 4.2552 -73.25641
-29.8302 71.1977 2.3661 -73.260328
-30.5772 72.9481 2.3143 -73.264295
-31.2511 73.9836 4.3225 -73.268305
-31.8836 74.7971 6.3519 -73.272367
-33.4979 76.3178 6.0157 -73.276451
-35.3494 77.7054 5.6794 -73.280575
-36.2359 77.7987 3.4859 -73.284768
-36.823 78.2142 1.2302 -73.289004
-37.2962 78.8752 -1.0041 -73.293277
-38.0777 79.5243 -3.1351 -73.297563
-38.5828 79.8578 -5.4262 -73.301916
-40.1286 80.7679 -6.86 -73.30627
-41.8887 81.3717 -5.9333 -73.310667
-43.201 81.2826 -4.0378 -73.315113
-44.3102 81.7185 -2.0187 -73.319576
-23.2557 64.0561 8.131 -73.23695
-24.9649 64.9635 8.1844 -73.23943
-26.0616 65.9005 8.9001 -73.241982
-26.305 66.1448 10.8713 -73.244574
-26.4364 66.2766 12.8582 -73.247141
-26.7662 66.3845 14.8041 -73.249722
-28.2543 66.3369 15.7942 -73.25231
-29.7596 66.2207 16.7645 -73.254928
-29.8152 66.2528 18.7633 -73.257564
-30.2709 66.9957 19.6957 -73.260213
-31.7156 67.9135 20.4594 -73.262892
-32.1409 69.5247 21.5115 -73.265583
-33.0427 71.1208 22.2483 -73.268278
-33.7682 72.7602 23.0868 -73.270981
-34.714 74.4169 23.6586 -73.273686
-35.5114 76.0162 24.4887 -73.276396
-35.8784 77.7991 25.2812 -73.279113
-36.6919 79.4931 25.9091 -73.281829
-37.5921 81.2366 26.1638 -73.284535
-37.9648 82.9348 26.6532 -73.287252
-38.1232 84.1537 28.0096 -73.289948
-37.4894 85.6297 29.04 -73.292633
-37.0034 87.4849 29.1485 -73.2953
-36.7841 89.4485 29.2879 -73.298036
-36.3959 91.4052 29.448 -73.300741
-9.6387 41.5186 6.3846 -73.165114
-11.2133 41.8239 6.3128 -73.16641
-12.0979 42.4791 4.8865 -73.167733
-13.2557 43.35 3.9751 -73.169064
-14.2423 43.577 2.4577 -73.170412
-15.3556 43.71 1.0276 -73.17177
-15.9894 44.5732 -0.4476 -73.173143
-16.6871 45.12 -2.0478 -73.174524
-17.7188 45.8368 -3.2857 -73.17592
-18.5783 46.8498 -4.5254 -73.177324
-19.9074 47.2662 -5.6939 -73.178734
-21.5852 47.5437 -6.3542 -73.180147
-22.9761 48.6597 -6.3259 -73.18156
-24.3563 49.8697 -6.2079 -73.182976
-25.8552 50.8966 -6.0169 -73.184389
-27.0962 51.9486 -5.4199 -73.185805
-27.9482 52.3876 -3.9646 -73.187222
-29.654 52.5789 -3.9322 -73.188626
-30.6445 52.9077 -5.3714 -73.190025
-32.0441 53.5066 -6.2656 -73.19141
-33.4656 54.634 -6.5349 -73.192779
-34.9544 55.5474 -7.0531 -73.194128
-36.2819 56.6634 -7.6004 -73.195456
-37.6486 57.8611 -7.7756 -73.196762
-38.5034 59.4777 -7.6459 -73.19804
-39.3718 61.0534 -7.2838 -73.199279
-40.2991 62.551 -6.7638 -73.200481
-41.2384 64.045 -6.261 -73.201643
-41.8614 65.6914 -5.7694 -73.202757
-42.4591 67.2851 -5.1652 -73.203821
-43.3383 68.5969 -4.4191 -73.204828
-44.4522 70.0317 -4.1392 -73.20577
-45.5063 71.5345 -4.0501 -73.206648
-46.5569 73.035 -4.1531 -73.207451
-47.8716 74.2263 -4.5515 -73.208175
-48.8625 75.1738 -5.5759 -73.208814
-49.2408 75.7623 -7.2733 -73.209366
-49.4584 77.0985 -8.4631 -73.209818
-49.9501 78.752 -8.946 -73.210167
-51.026 79.8745 -9.2484 -73.210406
-51.28 79.9424 -10.8927 -73.210531
17.7044 20.951 4.9703 -73.11389
18.2015 22.2043 5.6044 -73.115209
18.6985 23.4577 6.2386 -73.116521
19.0912 25.152 6.8819 -73.118174
19.429 27.2733 6.757 -73.120203
20.0937 28.9393 5.4586 -73.122271
20.5192 30.5261 4.0181 -73.124378
21.7848 31.8769 2.8501 -73.12653
22.0977 33.1829 1.0434 -73.128725
23.2662 34.71 0.0406 -73.130952
23.7528 35.2305 -1.9989 -73.133229
24.4415 36.3316 -0.4475 -73.135551
25.2156 37.3871 1.3732 -73.137911
25.5431 38.1412 3.4507 -73.140316
26.3109 39.4951 5.0553 -73.142749
27.3125 40.7429 3.9319 -73.145224
27.6125 41.5008 5.9749 -73.147755
27.8649 42.4672 7.8245 -73.150319
28.5761 44.0126 9.106 -73.152914
29.3017 45.8785 9.8466 -73.155542
29.8444 47.4239 10.9837 -73.158226
29.8427 48.4745 12.9418 -73.160938
30.4043 50.5089 13.6559 -73.163681
32.2661 51.6774 14.0416 -73.166463
33.7432 53.3643 13.9508 -73.169279
35.3704 54.8773 13.6311 -73.172132
36.404 56.7929 13.1328 -73.175022
37.9566 57.9008 12.228 -73.177938
39.1636 59.6692 11.6914 -73.18089
40.7811 61.2139 11.412 -73.183878
42.5407 62.5144 11.7504 -73.186888
43.9242 63.8221 12.81 -73.189936
45.3908 65.165 13.6376 -73.193009
45.9271 67.2097 14.1714 -73.196099
46.6355 69.1359 14.3788 -73.199213
48.3635 70.1089 14.8857 -73.202353
49.6569 71.9103 15.1633 -73.205574
50.9513 73.7475 15.4455 -73.208815
52.8054 74.9337 15.6383 -73.212009
54.7263 75.5702 15.6827 -73.215216
56.0864 76.9982 15.657 -73.218436
57.1449 78.0802 14.4904 -73.221679
58.894 79.349 14.0314 -73.22492
60.9129 80.2627 14.3307 -73.228163
62.6887 81.5896 14.007 -73.231413
64.1912 82.1373 14.8133 -73.23468
65.3934 82.3955 16.5144 -73.237936
66.9021 83.2776 17.6975 -73.241175
67.4164 84.9808 18.6495 -73.244399
68.0681 86.9646 19.2519 -73.247594
18.9087 24.0362 7.1126 -73.117181
19.1476 18.9083 3.9431 -73.113477
20.9905 18.3979 3.8423 -73.114726
22.9152 18.2333 3.6481 -73.116001
24.7758 17.8958 3.3306 -73.117298
26.5871 18.0132 3.1308 -73.118622
28.3023 18.6484 3.6845 -73.119972
29.9424 18.8206 4.6508 -73.121345
31.2866 18.6601 5.9911 -73.122747
32.7096 18.1098 7.1234 -73.124173
34.1103 16.8391 7.543 -73.125622
35.4164 15.4177 7.7072 -73.127096
36.5618 14.0174 7.4707 -73.128593
38.0589 13.6462 6.35 -73.130113
39.8047 13.3092 5.8907 -73.131654
41.5119 12.7068 5.2455 -73.133218
42.8693 12.0614 4.0202 -73.134808
44.4573 11.3345 3.2295 -73.136417
45.9294 10.8303 2.4767 -73.13805
47.1014 10.1377 3.6205 -73.139699
48.3849 9.3089 4.6779 -73.141365
49.394 9.6773 6.2389 -73.143058
50.6478 10.0528 7.6185 -73.144765
51.9327 9.8336 9.0023 -73.146483
53.4883 10.1208 10.104 -73.148213
55.2334 9.8227 9.9071 -73.149954
57.0597 9.924 9.3135 -73.151809
58.8743 9.6526 8.6558 -73.153717
60.689 9.3812 7.9981 -73.155569
62.4959 9.1815 7.3186 -73.157368
64.0964 9.6659 6.3822 -73.159151
65.6128 10.0298 5.5676 -73.160937
66.3879 8.7348 6.61 -73.162727
67.0408 7.9267 8.2378 -73.164512
67.6184 7.3624 10.0083 -73.166299
68.2214 6.7991 11.7671 -73.168081
68.8557 6.3245 13.5452 -73.169842
69.5936 6.0215 15.3177 -73.171601
70.6128 5.6939 16.9232 -73.173331
71.846 5.1297 18.3139 -73.175028
73.446 5.6128 19.1551 -73.176706
75.1394 5.1362 19.9892 -73.17838
76.7792 5.1163 20.887 -73.179991
78.3203 5.541 21.9782 -73.181566
79.5543 6.0354 23.1887 -73.183097
80.477 6.477 24.7608 -73.184573
82.1371 6.4027 25.3832 -73.185996
83.992 6.8997 25.7174 -73.187358
85.8702 6.8251 26.0726 -73.188656
87.7509 6.7088 26.4848 -73.189882
89.6348 6.7028 26.6547 -73.191028
91.0074 6.4378 25.4152 -73.192087
92.1971 6.0461 24.0228 -73.193058
93.1627 5.5053 22.7795 -73.193951
93.4181 5.3578 20.8527 -73.194736
93.6827 5.205 18.9277 -73.195402
93.9559 5.0473 17.0042 -73.195944
94.7999 4.5071 17.8661 -73.19635
-1.9865 16.2264 -10.9822 -73.089207
-1.6114 17.3396 -11.0385 -73.089267
-1.1973 18.2526 -10.4886 -73.089314
-0.4899 18.8695 -10.968 -73.089347
0.4947 18.656 -11.4238 -73.089364
-5.9486 122.6202 -36.4545 -73.263777
-4.8563 124.4889 -38.1946 -73.268436
-3.4433 126.1431 -39.8024 -73.273089
-2.2407 128.597 -40.3971 -73.277733
-1.5188 131.295 -40.1613 -73.282372
-1.6696 134.0734 -40.2753 -73.287003
-2.517 136.7345 -40.7076 -73.291624
-3.2762 139.4376 -41.1589 -73.296235
-4.1563 142.1305 -41.3938 -73.300829
-4.9956 144.8475 -41.5126 -73.305408
-4.2109 147.46 -41.641 -73.309962
-3.9407 150.1251 -41.6099 -73.314499
-3.8535 152.9656 -41.6389 -73.319006
-3.8797 155.8081 -41.7765 -73.323492
-3.362 158.4701 -41.8809 -73.32795
-3.9026 161.1882 -41.8597 -73.332376
-4.6546 163.8938 -41.7416 -73.336767
-4.458 166.7321 -41.7051 -73.34112
-4.7248 169.4267 -41.9823 -73.345432
-5.9516 171.9513 -42.4086 -73.349704
-6.8697 174.6164 -42.5236 -73.353927
-7.1469 177.3942 -42.5991 -73.358102
-8.5483 179.5426 -43.6297 -73.362225
-9.0965 181.9163 -44.9846 -73.366301
-9.3572 184.5276 -45.8738 -73.37031
-10.3037 185.8819 -45.5629 -73.3732
-12.6165 185.7411 -44.527 -73.374938
-14.6492 185.7303 -43.1953 -73.376567
-16.2496 187.2653 -42.1906 -73.378104
-17.9145 189.1431 -41.8854 -73.37955
-19.4479 191.0685 -41.5909 -73.380903
-21.0169 192.9475 -41.0017 -73.382159
-22.4125 194.4386 -40.3024 -73.383315
-23.7068 195.9472 -39.0039 -73.384367
-25.0392 197.7028 -39.8911 -73.38531
-25.8175 200.0563 -40.2799 -73.38614
-26.6369 201.4551 -41.5533 -73.386853
-27.5289 202.2594 -40.2727 -73.387445
-29.472 203.3638 -40.3713 -73.387909
-31.4096 204.4733 -39.3932 -73.388242
-31.9894 205.4816 -37.1556 -73.388439
-32.896 206.6385 -35.2063 -73.388495
-33.7738 206.9925 -32.8727 -73.388405
-35.326 208.2821 -31.3862 -73.388163
-36.5537 210.18 -30.3332 -73.387765
-37.6503 212.1937 -29.5135 -73.387204
-38.7499 214.0475 -28.2022 -73.386474
-38.8366 216.2339 -27.1303 -73.385569
-39.8429 217.9451 -25.6872 -73.384484
-40.3547 220.3663 -25.6679 -73.383213
-9.0607 186.6005 -47.0068 -73.373394
-8.6412 188.5188 -48.1723 -73.375548
-7.9227 189.8909 -49.7878 -73.377632
-7.3389 191.2666 -51.5099 -73.379642
-6.8689 192.8579 -53.067 -73.381571
-6.5717 194.5306 -54.6272 -73.383419
-6.699 195.7688 -56.5782 -73.385185
-6.6007 197.3796 -57.9455 -73.38686
-5.361 198.4457 -59.4593 -73.388443
-4.0706 199.0919 -61.2062 -73.389932
-2.56 200.3359 -61.9713 -73.391315
-1.1767 202.1203 -62.473 -73.392595
0.1257 203.765 -63.1817 -73.393765
0.5779 205.9809 -62.9411 -73.394823
1.7705 207.8999 -62.7909 -73.395764
1.7806 210.0234 -63.3852 -73.396583
1.251 212.0868 -62.5412 -73.397276
0.3882 214.2228 -62.3899 -73.397837
-0.4598 216.2968 -62.9067 -73.398261
-1.2479 218.4121 -63.4146 -73.398542
-2.0973 220.5416 -63.7457 -73.398677
-3.4118 222.4275 -63.923 -73.398658
-5.2388 223.8332 -64.0726 -73.398481
-7.0057 225.2983 -64.337 -73.39814
-8.1122 227.0393 -64.9339 -73.397627
-8.3675 229.0243 -65.402 -73.397056
-8.7031 230.7886 -65.6689 -73.396489
-9.2813 232.5101 -65.8231 -73.395807
-9.2237 228.2929 -64.8468 -73.397205
-10.9382 228.5001 -64.259 -73.396909
-12.6565 228.7042 -63.682 -73.396473
-25.5183 124.0162 -29.3962 -73.262099
-26.4756 125.8583 -28.1987 -73.265881
-27.6755 127.8327 -27.6028 -73.269659
-27.9279 128.8492 -29.077 -73.273442
-28.5728 129.8586 -27.39 -73.277236
-29.4951 131.5172 -26.0388 -73.281001
-30.3172 133.5583 -25.0126 -73.28476
-30.9903 134.755 -23.0132 -73.288508
-31.8576 136.0757 -21.167 -73.292242
-32.9249 137.8539 -19.8699 -73.295959
-34.7749 138.8966 -19.3111 -73.299662
-36.3176 139.9122 -18.0849 -73.303341
-37.4604 141.3871 -16.8864 -73.306997
-38.6623 143.1941 -16.0632 -73.310635
-40.1691 144.5551 -14.9429 -73.314251
-41.2877 146.3296 -14.9203 -73.317843
-42.5778 148.1549 -14.027 -73.321401
-43.9866 149.9737 -13.1872 -73.32492
-45.0144 151.7833 -12.0503 -73.328406
-45.5532 153.8159 -10.8393 -73.331855
-46.3861 156.0367 -10.2537 -73.335263
-46.9837 158.3901 -9.9517 -73.338622
-47.8117 160.6751 -9.7756 -73.341937
-49.0447 162.6915 -9.706 -73.345198
-50.015 164.9082 -9.8518 -73.348406
-51.5234 166.8379 -9.9384 -73.351556
-52.9161 168.8061 -9.9279 -73.354646
-54.0733 170.9215 -9.7859 -73.357672
-55.7453 172.652 -9.5467 -73.36063
-57.6094 174.1497 -9.6472 -73.363518
-59.246 175.273 -8.9172 -73.366331
-60.6519 176.3429 -7.7572 -73.369065
-61.8971 178.3631 -7.4187 -73.371716
-62.7492 180.6081 -7.5045 -73.374281
-63.9736 182.7158 -7.7021 -73.376752
-65.2308 184.8141 -7.6187 -73.379123
-66.7492 186.7003 -7.6491 -73.381392
-68.417 188.4651 -7.7574 -73.383555
-69.4591 190.6092 -7.7695 -73.385603
-69.6776 192.1396 -9.5531 -73.387541
-70.6232 193.0213 -8.854 -73.389377
-70.9662 193.1386 -6.4297 -73.391081
-71.4596 193.5338 -4.0639 -73.392647
-72.1758 195.2071 -3.9513 -73.394058
-73.6159 196.7389 -5.1111 -73.39532
-74.8609 198.522 -6.148 -73.396426
-75.7426 199.5734 -7.6936 -73.397373
-75.3694 199.5725 -10.1146 -73.398164
-74.4019 199.6256 -11.6143 -73.398769
-73.8016 200.0979 -9.3728 -73.39919
-74.5843 201.3776 -7.8285 -73.399418
-75.66 202.8847 -6.3385 -73.399446
-76.7569 204.7933 -5.2692 -73.399265
-77.7876 206.5222 -4.0466 -73.398866
-78.7815 208.5213 -3.0989 -73.39824
-29.3228 87.5393 7.4141 -73.298905
-29.9005 87.4969 9.1019 -73.302144
-30.4781 87.4545 10.7898 -73.305309
-31.0558 87.4122 12.4776 -73.308401
-32.2782 87.1841 13.3671 -73.311436
-33.8866 86.6278 13.8875 -73.314474
-35.2533 87.1539 14.4242 -73.317511
-35.8481 87.8038 15.3321 -73.320539
-36.8463 86.9864 16.4788 -73.323566
-38.3951 86.3544 16.7879 -73.326581
-40.0436 86.842 16.4412 -73.329581
-41.676 86.6973 15.7688 -73.332572
-43.0795 86.67 14.6822 -73.335545
-44.7397 86.6061 14.8133 -73.3385
-46.2784 86.3685 14.6265 -73.341434
-47.931 85.969 14.7511 -73.344342
-49.3382 85.0184 15.2541 -73.347226
-51.0157 84.5548 15.4912 -73.350083
-52.76 84.3802 15.7377 -73.352901
-54.4766 84.1118 16.1326 -73.355682
-56.1575 83.722 16.5614 -73.358429
-57.6854 83.1665 17.2616 -73.361137
-59.449 83.0129 17.2864 -73.363794
-61.2047 83.1213 17.0316 -73.366398
-62.4985 83.4162 16.057 -73.368953
-64.2493 83.561 15.9695 -73.371452
-65.9938 83.4285 15.6473 -73.373892
-67.7202 83.5173 15.2308 -73.376267
-69.055 83.036 14.2322 -73.378574
-69.8653 82.2066 12.9383 -73.380809
-71.0115 81.258 11.9738 -73.382963
-72.4278 80.4398 11.5445 -73.385038
-73.698 79.222 11.6667 -73.387022
-74.8344 77.8746 11.8888 -73.388907
-76.1909 76.8138 12.1994 -73.390704
-77.7152 76.0674 12.6693 -73.392398
-79.2241 75.3783 13.2714 -73.393982
-80.5771 74.3384 13.7242 -73.395452
-81.948 73.2954 14.1285 -73.396804
-83.3128 72.1963 14.4348 -73.398028
-84.2563 70.7511 14.49 -73.399124
-85.9688 70.3467 14.3507 -73.400083
-87.6869 70.083 14.43 -73.400897
-89.1236 69.3762 14.9056 -73.401563
-90.0942 69.1674 16.3612 -73.402073
-91.4773 68.4273 17.0893 -73.40242
-93.1744 68.4543 17.5737 -73.402596
17.4714 115.5383 -32.7054 -73.258983
18.7181 116.515 -32.6736 -73.260786
19.4474 117.9165 -32.6863 -73.26255
20.2746 119.2604 -32.6312 -73.26428
21.0837 120.5882 -32.4636 -73.265967
21.7758 121.9988 -32.2416 -73.267611
22.3094 123.4582 -32.1155 -73.26921
23.1409 124.8071 -32.0128 -73.270757
23.9385 126.1782 -31.9172 -73.272255
25.0849 127.2066 -31.902 -73.273694
25.7601 127.3047 -33.2559 -73.275086
26.628 127.211 -34.5602 -73.276419
27.4583 127.1967 -35.7592 -73.277676
28.395 127.5305 -34.6253 -73.278863
29.5644 128.205 -33.8463 -73.27997
30.5696 128.6374 -32.8152 -73.281005
32.0051 129.043 -32.2921 -73.281953
33.4128 129.4399 -31.6761 -73.282814
34.7649 130.0848 -31.1622 -73.283581
36.07 130.7044 -30.5266 -73.284251
37.2954 130.2845 -29.7509 -73.284821
38.6668 129.8544 -29.4393 -73.285287
40.0959 129.824 -28.9371 -73.285643
41.6596 129.7812 -29.1527 -73.285886
43.163 129.7557 -29.5887 -73.28601
37.3605 97.6671 -24.1386 -73.252968
38.5247 98.3419 -23.3011 -73.254469
39.4075 98.7958 -22.0704 -73.255931
39.7833 99.3954 -20.6642 -73.257349
39.86 99.407 -19.0804 -73.258736
40.1939 99.8932 -18.7303 -73.260054
40.4963 100.318 -20.2174 -73.261327
41.4643 101.4944 -20.1061 -73.262531
42.3976 102.7119 -19.7798 -73.263673
43.1049 104.0833 -19.5568 -73.26475
44.0865 105.3182 -19.6544 -73.265756
44.7899 106.7249 -19.7113 -73.266689
45.9094 107.8469 -19.694 -73.267545
47.0015 108.9935 -19.6267 -73.268321
47.4874 110.1272 -19.5101 -73.269032
47.4694 110.2183 -21.0953 -73.26972
47.4514 110.3094 -22.6805 -73.270296
47.4334 110.4005 -24.2657 -73.270759
47.4153 110.4915 -25.8509 -73.271108
47.3973 110.5826 -27.4361 -73.271341
47.3793 110.6737 -29.0213 -73.271458
-43.1464 107.2097 -8.6051 -73.303032
-44.2349 108.3552 -9.2701 -73.306045
-45.5183 109.1815 -10.1573 -73.309061
-46.5455 110.332 -10.9218 -73.31208
-47.6198 111.4497 -11.7523 -73.315098
-48.7733 112.6103 -11.9929 -73.318117
-49.0763 114.3515 -11.8794 -73.321136
-49.3422 116.0762 -11.586 -73.324146
-49.7822 117.0822 -10.2937 -73.327158
-50.4256 118.2912 -9.1739 -73.330162
-50.9978 119.2379 -7.7863 -73.33316
-51.2625 120.0244 -6.2601 -73.336154
-51.6654 121.1492 -4.9912 -73.339124
-51.9476 122.7357 -4.2703 -73.342079
-52.5998 124.2212 -3.6393 -73.345014
-53.274 125.7541 -3.0637 -73.347921
-53.9887 127.1954 -2.3704 -73.350804
-53.963 128.1021 -0.9245 -73.35369
-54.6255 128.6873 -0.6995 -73.356556
-55.0557 128.8462 -2.4173 -73.3594
-55.7093 129.6088 -3.8029 -73.362179
-56.3904 130.5701 -3.4395 -73.364924
-57.2397 131.7558 -2.5815 -73.367631
-57.7383 132.4193 -1.0375 -73.370322
-58.1997 132.8604 0.5026 -73.372955
-59.135 134.2149 0.2827 -73.37553
-59.5411 135.9385 0.3726 -73.378047
-60.3211 137.5272 0.4547 -73.380506
-61.5615 138.7924 0.4272 -73.382902
-62.8427 140.0202 0.4049 -73.385237
-63.9756 141.337 0.4784 -73.387501
-65.5415 142.0698 0.6041 -73.389694
-66.8201 143.3029 0.6105 -73.39181
-67.9523 144.6731 0.6097 -73.393899
-69.0106 146.0943 0.6091 -73.395859
-69.7753 147.6531 0.6561 -73.397714
-69.9859 148.4831 2.1055 -73.399488
-70.4429 149.3779 3.3991 -73.401152
-71.6135 150.4383 2.691 -73.402706
-72.4835 151.5429 1.7355 -73.404147
-72.9227 152.8592 2.7049 -73.405474
-72.5877 154.4469 3.3601 -73.406676
-73.0119 156.1489 3.5593 -73.40775
-73.1545 157.8864 3.5882 -73.408687
-74.1953 159.319 3.6169 -73.409483
-74.932 160.9303 3.7174 -73.410132
-75.2192 162.6661 3.8423 -73.410628
-75.4158 163.3004 5.1393 -73.410971
-75.4017 163.5667 6.8972 -73.411146
-50.1374 90.531 -23.3634 -73.301283
-51.2673 90.8857 -22.5511 -73.304109
-52.7159 91.6607 -23.1098 -73.306926
-54.0702 92.6015 -23.357 -73.30974
-55.4386 93.0469 -22.4458 -73.312547
-56.998 93.6059 -21.9041 -73.315348
-58.5673 94.2413 -21.5078 -73.318137
-59.4515 94.8578 -20.2839 -73.320935
-60.3751 95.9904 -19.3491 -73.323696
-61.639 96.317 -18.2753 -73.326445
-62.5765 96.8459 -17.7339 -73.329175
-63.9654 97.6322 -17.7098 -73.33189
-65.6166 98.1559 -17.9424 -73.33458
-67.3141 98.5251 -18.0363 -73.337247
-68.9906 98.999 -17.9141 -73.339878
-70.4527 99.8368 -17.5623 -73.342481
-71.8636 100.5751 -16.8437 -73.345048
-73.2945 101.1084 -16.0241 -73.347575
-74.8032 101.5319 -15.3155 -73.350062
-76.2937 102.0431 -14.7677 -73.352505
-76.9439 103.3194 -13.9021 -73.354901
-77.7853 104.5384 -13.0235 -73.357247
-79.1174 105.4827 -13.5256 -73.35953
-80.5678 106.3785 -13.889 -73.361756
-81.9123 107.4474 -14.0602 -73.36391
-82.892 108.884 -14.1362 -73.365999
-83.7902 110.3676 -14.0768 -73.368019
-84.9748 111.6284 -13.8567 -73.369956
-86.2002 112.6963 -13.3076 -73.37182
-87.0479 113.9279 -12.479 -73.373597
-87.7411 115.4304 -11.9657 -73.37528
-88.823 116.6812 -11.5653 -73.376866
-89.4834 118.0465 -10.8065 -73.378353
-90.0558 119.4566 -9.9504 -73.379735
-90.8226 120.9302 -9.4429 -73.381002
-91.9586 122.2396 -9.3374 -73.38215
-92.8888 123.6775 -9.6286 -73.383176
-93.6083 125.2344 -9.9613 -73.384073
-94.4583 126.6908 -10.3334 -73.384835
-95.6371 127.179 -11.2403 -73.38546
-96.5223 128.3643 -11.7434 -73.385937
-97.3565 129.8343 -11.9607 -73.386262
-98.0187 131.4271 -12.0082 -73.386427
-44.8397 82.3848 -0.1022 -73.323548
-45.6858 82.6745 1.4762 -73.327032
-47.0854 83.466 2.0376 -73.330513
-47.9154 84.1261 0.6038 -73.334023
-48.4536 84.4912 -1.1078 -73.337534
-49.4629 84.7481 -2.3216 -73.341052
-50.8487 85.4683 -2.9272 -73.344584
-51.3634 86.2483 -4.138 -73.348157
-51.1604 85.8865 -5.9031 -73.351732
-51.4147 86.3329 -4.63 -73.355325
-51.3753 86.9211 -3.2026 -73.358898
-51.6511 88.546 -2.6095 -73.36247
-52.0008 89.4665 -3.9264 -73.366074
-52.6137 90.8015 -4.1725 -73.369665
-53.4473 92.4123 -3.9386 -73.373262
-53.8653 94.1635 -3.6555 -73.376862
-53.9519 95.9277 -3.215 -73.380464
-54.3051 97.4953 -2.5507 -73.384068
-54.5625 98.6898 -1.1952 -73.387659
-54.547 99.8234 0.1762 -73.391254
-54.2907 100.3598 1.9096 -73.394851
-54.7709 101.2087 3.4194 -73.398414
-54.4328 101.9413 3.8933 -73.401952
-53.0212 101.1678 3.092 -73.405473
-52.5222 101.109 4.5528 -73.409
-54.1846 101.7537 4.4499 -73.412486
-55.6576 102.8136 4.5394 -73.415946
-56.499 104.3974 4.7059 -73.419381
-56.8786 106.1716 4.8788 -73.42279
-56.4546 107.8733 4.5587 -73.426164
-55.6814 109.1098 4.4339 -73.429532
-55.7928 109.3656 6.2457 -73.43292
-56.2213 109.7146 7.7986 -73.436191
-55.5336 111.171 7.9788 -73.439415
-57.2605 111.7016 8.1166 -73.442584
-58.1121 113.2561 8.4551 -73.445706
-58.5985 114.919 9.0311 -73.448775
-59.6859 116.036 9.8099 -73.451771
-59.434 116.5435 10.5662 -73.454714
-59.3051 118.1105 11.4366 -73.457584
-59.9415 119.6907 12.0733 -73.460388
-60.8614 121.156 12.3489 -73.463108
-61.607 122.4945 11.39 -73.465754
-62.1797 124.0961 10.8491 -73.468308
-62.6253 125.8486 10.8404 -73.470767
-62.2188 127.4063 11.6395 -73.473127
-61.8461 129.0333 12.3882 -73.475384
-62.5327 130.6886 12.3999 -73.477531
-62.936 132.4579 12.2088 -73.479568
-63.3234 134.2117 11.8803 -73.481489
-63.6303 135.945 11.5157 -73.483284
-63.951 136.5199 9.8435 -73.48496
-64.1784 137.2406 8.1925 -73.486494
-64.0694 138.3872 6.7995 -73.487878
-64.3697 140.0086 6.0583 -73.489115
-64.8732 141.6033 5.322 -73.490194
-65.5178 142.5596 4.0703 -73.491113
-65.7682 143.1976 5.3492 -73.491865
-66.7186 144.3442 5.8832 -73.492437
-67.5125 145.9488 6.0337 -73.492827
-68.2142 147.6123 6.0332 -73.493025
-36.2134 93.2108 29.5751 -73.303134
-36.6635 94.7733 29.8902 -73.305278
-36.9263 96.2364 30.4302 -73.307397
-37.1622 97.773 30.8495 -73.309495
-37.5529 99.3568 31.1525 -73.31157
-37.9173 100.9487 31.3678 -73.313607
-38.3971 102.525 31.406 -73.315618
-38.3118 104.182 31.3802 -73.317589
-38.3833 105.841 31.3619 -73.31952
-38.5184 107.493 31.3513 -73.321411
-38.1793 109.1047 31.3065 -73.323259
-37.694 110.6348 31.1726 -73.325055
-37.4366 112.1749 31.1742 -73.326804
-36.4341 113.3684 31.2349 -73.328502
-35.2673 114.4885 31.1966 -73.330141
-35.1913 116.0244 31.322 -73.331718
-36.1323 117.264 31.8032 -73.333231
-36.1013 118.8174 31.8898 -73.334677
-35.2737 120.1279 31.585 -73.336049
-34.1912 121.3196 31.36 -73.337346
-33.7141 122.9011 31.2289 -73.338557
-33.0667 124.4147 31.1658 -73.339683
-32.8786 126.0601 31.1275 -73.340718
-32.0835 127.4884 31.1247 -73.341656
-31.8296 129.12 31.1246 -73.342495
-31.1422 130.5851 30.9859 -73.343229
-30.3228 131.8477 30.3079 -73.343854
-29.6856 132.4849 28.9766 -73.344366
-29.0719 133.0333 27.5676 -73.344759
-28.0844 133.7856 27.8775 -73.345026
-27.152 134.469 28.6173 -73.345162
68.8569 88.73 19.5506 -73.250367
69.4626 89.4871 18.5505 -73.252761
69.8694 90.2922 17.5312 -73.255128
70.1133 90.9732 19.0619 -73.257481
70.2522 92.4115 19.6157 -73.259799
70.8156 93.9888 19.8859 -73.262086
70.9233 95.5529 19.5992 -73.26435
71.3862 97.0655 19.4044 -73.266578
72.5006 98.2929 19.6588 -73.268765
72.7344 99.9408 19.94 -73.270918
72.932 101.5833 19.995 -73.273032
72.4313 103.198 19.9089 -73.275103
71.8799 104.7873 20.0008 -73.277121
71.5282 106.416 19.8144 -73.279092
71.2624 108.037 19.4849 -73.281008
70.3107 109.3594 19.2993 -73.28286
69.2896 110.7156 19.219 -73.284648
68.8552 112.3448 19.1576 -73.286368
68.8224 113.8606 18.9579 -73.288015
69.0085 114.8834 18.0264 -73.289594
68.8524 116.0924 16.8932 -73.291092
69.7271 117.2159 15.9694 -73.292507
70.0973 118.581 15.0882 -73.293831
70.8674 119.2691 13.939 -73.295067
70.3855 118.9765 13.515 -73.2962
69.9666 118.6726 13.3866 -73.297238
70.2125 118.847 11.7059 -73.298181
70.4357 118.9096 10.8982 -73.298993
70.1867 118.7318 12.5649 -73.299694
69.521 118.6003 13.8778 -73.300258
69.0153 119.2849 13.1332 -73.300689
69.8993 119.8704 11.9133 -73.300983
70.2963 119.9515 10.2866 -73.301133
95.5228 3.6634 18.9207 -73.196564
95.9521 3.5018 19.9853 -73.196672
96.3294 3.3373 21.069 -73.196727
-41.3421 222.5153 -25.6062 -73.381845
-42.702 224.1478 -25.2091 -73.380567
-44.2458 225.1088 -24.0553 -73.379281
-45.8189 226.0665 -23.0056 -73.377989
-47.3319 227.1224 -21.9872 -73.37669
-48.8138 228.7344 -21.8003 -73.375385
-50.1281 230.4969 -21.9165 -73.374074
-51.8278 231.7383 -22.0527 -73.372757
-52.8158 233.6774 -22.1145 -73.371432
-53.0724 235.6787 -22.1684 -73.370387
-53.6815 237.6012 -22.215 -73.369629
-54.8336 239.2327 -22.1693 -73.368872
-55.9455 240.9107 -22.1307 -73.368115
-56.8959 242.6769 -22.2538 -73.367359
-57.6448 244.0732 -23.1351 -73.366602
-57.9004 245.3567 -24.6431 -73.365847
-58.5973 247.0318 -25.4177 -73.365093
-59.3933 248.8468 -25.6686 -73.36434
-60.5485 250.492 -25.7129 -73.363588
-62.0102 251.8694 -25.795 -73.362836
-63.5819 251.7041 -25.7766 -73.362086
-65.1861 252.5294 -25.4878 -73.361336
-66.5361 253.7075 -24.6451 -73.360587
-67.4482 255.4346 -24.2826 -73.359838
-68.0616 257.3349 -24.0645 -73.35909
-69.279 258.781 -24.0213 -73.358345
-70.6709 260.1778 -24.061 -73.357599
-71.4436 262.0159 -24.0595 -73.356856
-72.8554 263.4363 -23.888 -73.356114
-74.3055 264.6952 -23.3614 -73.355374
-75.6104 266.0079 -22.6232 -73.354635
-76.4194 267.7709 -22.2236 -73.353896
-77.0046 269.6763 -21.989 -73.353159
-77.6943 271.5617 -21.8675 -73.352425
-78.0414 273.5421 -21.7862 -73.351691
-78.9873 275.301 -21.7403 -73.35096
-80.3424 276.7952 -21.6879 -73.350231
-81.6546 278.3163 -21.6068 -73.349504
-83.1583 279.5974 -21.7854 -73.34878
-84.8953 280.6045 -21.8472 -73.348058
-86.7025 281.4584 -21.6828 -73.347337
-87.8751 282.8646 -21.0904 -73.346618
-89.4892 283.7967 -20.5891 -73.345901
-91.1007 284.9601 -20.5677 -73.345188
-92.4107 286.2858 -21.1453 -73.344476
-94.0557 286.9976 -21.9919 -73.343767
-95.7101 288.0996 -22.2545 -73.343061
-97.3406 289.2852 -22.2657 -73.342358
-98.976 289.9877 -22.9029 -73.341657
-100.2796 290.7986 -23.6291 -73.340959
-101.4799 291.8038 -22.4899 -73.340263
-103.036 292.9887 -22.0284 -73.33957
-104.6892 294.1312 -21.8834 -73.338881
-106.3559 295.2232 -22.151 -73.338196
-107.8941 296.3493 -22.6692 -73.337514
-109.1385 297.4951 -23.597 -73.336834
-110.8652 298.494 -23.4597 -73.33616
-112.4721 299.5248 -23.016 -73.335488
-113.8772 300.6139 -22.2042 -73.33482
-115.339 301.8994 -21.8314 -73.334157
-116.6463 303.427 -21.784 -73.333498
-117.9037 305.0024 -21.8441 -73.332842
-119.0254 306.6607 -22.003 -73.332191
-119.7365 308.5266 -22.2827 -73.331544
-120.0458 309.7921 -21.1758 -73.330897
-120.3335 310.3959 -19.2752 -73.330258
-120.8092 311.2425 -17.5331 -73.329624
-121.3861 312.9361 -16.6595 -73.328996
-122.3666 314.5966 -16.303 -73.328375
-123.445 316.2788 -16.4754 -73.327757
-124.5125 317.8962 -16.7048 -73.327146
-124.8879 318.6378 -14.9021 -73.326536
-124.9811 319.1413 -12.9496 -73.325932
-125.2786 319.7061 -11.0358 -73.325334
-125.7833 320.5605 -9.2875 -73.324745
-126.7853 321.2272 -7.7186 -73.324163
-128.1198 321.7372 -6.5853 -73.323587
-129.5338 322.6762 -5.6435 -73.323018
-130.8033 322.8583 -4.1103 -73.322455
-132.3486 322.5617 -2.9424 -73.321899
-133.5223 321.7567 -2.2514 -73.32135
-134.4075 321.0203 -3.7194 -73.320809
-136.141 320.0633 -3.704 -73.320276
-137.9234 319.2453 -3.5128 -73.319751
-139.8153 319.4438 -3.03 -73.319227
-141.7336 319.7231 -2.5415 -73.318717
-143.2992 318.8382 -1.8198 -73.318216
-143.6324 318.198 -3.1912 -73.317722
-144.6494 318.183 -2.5451 -73.317236
-145.6029 318.7473 -1.0864 -73.316761
-147.1116 319.1677 -0.0827 -73.316295
-149.0143 318.6505 0.3041 -73.315839
-150.835 317.9416 0.6531 -73.315392
-152.6003 318.3043 1.3039 -73.314957
-154.255 319.2248 1.8195 -73.314532
-156.1347 319.0641 1.3765 -73.314118
-157.9479 318.8394 0.6505 -73.313715
-159.8193 318.2421 0.4855 -73.313322
-161.6982 318.4908 0.8126 -73.312942
-163.3502 318.4678 1.946 -73.312573
-164.7917 318.8721 3.1901 -73.312216
-166.0348 318.4651 4.5448 -73.311872
-167.2051 317.7036 5.9108 -73.311541
-168.6856 318.3603 6.972 -73.311223
-170.5746 318.3686 7.6324 -73.310919
-172.4422 318.8037 8.0573 -73.310628
-173.7745 319.4811 7.41 -73.310351
-175.2708 319.8181 6.8918 -73.310089
-176.3866 321.0401 7.8064 -73.309842
-178.1084 321.388 8.4289 -73.30961
-179.8667 322.3331 8.1901 -73.309394
-181.7338 322.9719 7.9865 -73.309193
-183.2047 324.2061 7.6173 -73.309009
-184.6529 324.5109 6.7583 -73.308841
-186.4765 324.882 7.4149 -73.308691
-188.3601 325.5005 7.7542 -73.308558
-190.207 326.2741 7.8586 -73.308443
-191.8555 326.4884 7.2737 -73.308346
-192.3011 326.2807 5.3327 -73.308266
-192.4569 326.3027 3.3202 -73.308204
-192.6127 326.3246 1.3078 -73.308163
-192.7684 326.3466 -0.7047 -73.308142
-53.5618 234.7518 -22.4056 -73.370418
-55.3696 234.7358 -22.9279 -73.36973
-57.1775 234.7198 -23.4502 -73.369054
-58.9758 234.7413 -23.9753 -73.368391
-60.5834 235.6616 -24.1049 -73.367733
-62.2107 236.6032 -24.0421 -73.367076
-63.9306 237.3539 -24.0447 -73.366422
-65.5569 238.2591 -24.1396 -73.365769
-67.3063 238.9314 -24.1596 -73.36512
-68.8366 239.9978 -24.0522 -73.364472
-70.5332 240.314 -23.7713 -73.363827
-72.1779 239.7124 -23.3677 -73.363184
-73.9055 239.067 -23.0743 -73.362544
-75.764 238.9129 -23.0612 -73.361907
-77.5069 238.4311 -23.4834 -73.361273
-79.2728 238.5078 -23.5052 -73.360641
-81.0101 239.1307 -23.2489 -73.360013
-82.8258 239.4159 -22.9537 -73.359388
-84.5254 239.9346 -22.4418 -73.358767
-86.2406 240.0396 -21.7161 -73.358148
-87.8568 239.8217 -20.9364 -73.357533
-89.3552 239.6723 -19.8507 -73.356922
-90.7771 239.8281 -18.7653 -73.356315
-92.3262 239.5258 -18.0598 -73.355711
-94.0855 240.1028 -17.7873 -73.355112
-95.877 240.5966 -17.5579 -73.354518
-97.6988 241.0591 -17.507 -73.353927
-99.53 241.4724 -17.4393 -73.353342
-101.2527 242.1681 -17.1773 -73.352761
-102.8299 242.815 -16.4434 -73.352185
-104.4569 243.5931 -15.9937 -73.351615
-106.2956 243.7075 -16.104 -73.351049
-107.1732 243.8399 -14.6775 -73.350485
-108.3872 244.3725 -13.7017 -73.349928
-109.3454 245.4642 -12.5807 -73.349378
-110.5466 246.5332 -11.6213 -73.348834
-112.0874 247.1 -10.9503 -73.348296
-112.6927 248.1713 -9.7197 -73.347762
-113.85 248.7857 -8.6033 -73.347235
-114.9422 250.1535 -8.2414 -73.346714
-115.3929 251.8689 -7.6387 -73.346201
-116.4822 252.9605 -6.8157 -73.345695
-117.371 253.2374 -5.1806 -73.345195
-118.358 253.8356 -3.7152 -73.344703
-119.4595 254.4678 -2.3971 -73.34422
-120.9563 255.2641 -1.6822 -73.343744
-122.5163 255.9458 -1.0086 -73.343276
-123.9831 256.9071 -0.452 -73.342817
-124.7954 257.8348 0.9161 -73.342366
-125.65 259.0549 2.0473 -73.341924
-126.8265 260.4562 2.1583 -73.34149
-128.2898 261.2032 2.616 -73.341065
-129.0334 261.3894 4.2611 -73.340648
-129.2473 261.2649 6.1105 -73.340227
-129.4022 261.1437 7.9821 -73.339822
-129.5576 261.0229 9.8536 -73.339434
-129.7512 260.9235 11.7229 -73.339047
-129.9463 260.825 13.592 -73.338675
-130.1515 260.7135 15.4586 -73.33832
-130.5488 260.346 17.2477 -73.337976
-131.604 259.0778 18.099 -73.337647
-132.4067 258.2916 19.5872 -73.337328
-133.3932 257.3081 20.8241 -73.337023
-133.8044 256.3522 22.376 -73.33673
-134.6418 255.2368 23.5911 -73.336451
-135.4197 253.8392 24.4892 -73.336184
-135.7 253.4829 26.3153 -73.335931
-136.3101 252.641 27.7577 -73.335692
-136.3201 251.3179 26.4825 -73.335468
-136.8701 249.6435 26.0944 -73.335258
-137.7175 248.1362 25.6627 -73.335063
-137.6045 246.4619 25.1316 -73.334885
-137.2893 245.0053 24.2243 -73.334723
-136.6215 243.4615 23.4192 -73.334577
-135.6446 241.9497 22.8735 -73.334446
-135.3758 240.4199 22.4018 -73.334334
-136.1869 239.3032 23.0344 -73.334239
-136.341 238.0644 24.2021 -73.334163
-136.433 236.6369 25.3143 -73.334105
-136.6008 234.8539 25.6617 -73.334066
-137.1474 233.4458 25.0869 -73.334046
-10.2537 234.1313 -65.7936 -73.394956
-11.9535 235.2244 -65.4206 -73.394053
-13.2513 236.4124 -64.5554 -73.39315
-13.9825 238.2182 -64.0036 -73.392246
-13.9675 239.4333 -65.1657 -73.391339
-14.1745 240.8047 -66.5759 -73.390433
-14.74 242.3781 -67.763 -73.389527
-15.0167 243.3075 -69.5586 -73.388618
-14.9973 244.3966 -71.2899 -73.38771
-15.4806 245.6013 -72.6631 -73.386801
-16.6681 247.206 -72.2066 -73.385894
-17.3029 249.0449 -71.7718 -73.384985
-18.6676 250.382 -71.3338 -73.384076
-19.6799 251.0982 -72.0439 -73.383167
-20.4939 252.2385 -73.4165 -73.382256
-21.5912 252.7618 -72.8895 -73.381432
-21.9596 252.8176 -71.2713 -73.380704
-22.6797 254.2973 -71.5196 -73.379978
-23.6039 255.7577 -72.0067 -73.379253
-24.5721 257.236 -72.2298 -73.378529
-26.0105 258.3101 -72.2446 -73.377806
-27.3761 259.4599 -72.2196 -73.377084
-28.9516 260.3257 -72.2375 -73.376355
-30.5102 261.2195 -72.2945 -73.375637
-31.595 262.5637 -72.7018 -73.37492
-32.6547 263.9941 -72.7006 -73.374205
-33.5598 265.5319 -72.4801 -73.373491
-34.5952 266.9872 -72.4053 -73.372779
-35.2782 268.5959 -72.3691 -73.372068
-36.5462 269.7783 -72.1737 -73.37136
-37.8737 270.872 -71.8225 -73.370654
-38.8876 272.2418 -71.3145 -73.36995
-39.6217 273.7558 -70.7585 -73.369248
-40.6535 274.9959 -70.0158 -73.368549
-42.0534 275.9829 -69.5331 -73.367851
-43.5846 276.8719 -69.3005 -73.367157
-45.0655 277.8565 -69.4958 -73.366464
-45.946 279.1186 -68.7677 -73.365774
-45.8345 280.5644 -67.9551 -73.365087
-46.196 282.2235 -68.3906 -73.364402
-46.2456 283.784 -69.1293 -73.363721
-45.9356 284.9029 -69.4775 -73.363041
-46.3572 283.3243 -69.8414 -73.362363
-47.6385 284.0096 -69.6263 -73.361685
-47.8598 285.27 -68.7781 -73.361013
-47.9763 286.6481 -67.6615 -73.360343
-48.0018 287.8134 -66.394 -73.359676
-49.296 287.3623 -65.4888 -73.359013
-50.1432 286.6731 -64.1653 -73.358354
-50.2434 286.1704 -62.4405 -73.357697
-51.2742 284.9264 -61.8207 -73.357046
-52.8421 284.4426 -61.0987 -73.356399
-53.9107 283.6653 -60.0279 -73.355757
-54.752 283.3629 -58.5184 -73.355117
-55.6511 282.4981 -57.2933 -73.354484
-56.6242 281.93 -56.0196 -73.353857
-57.9991 281.9695 -54.8908 -73.353233
-59.0837 282.3361 -53.8941 -73.352616
-60.0943 282.1643 -52.7677 -73.352002
-61.4419 281.5155 -51.8651 -73.351396
-62.8626 280.827 -51.0501 -73.350794
-64.2795 280.6349 -50.0042 -73.350199
-65.804 280.5238 -49.0693 -73.34961
-66.7885 280.054 -47.7484 -73.349027
-67.9789 279.2336 -46.7905 -73.348449
-68.6552 278.446 -45.3481 -73.347878
-69.0138 277.9753 -43.6489 -73.347313
-69.4167 276.9949 -42.4398 -73.346756
-69.8247 275.5947 -42.5008 -73.346206
-70.268 276.0815 -42.6582 -73.345663
-70.9242 276.409 -41.0457 -73.345124
-71.4032 276.5871 -39.3203 -73.344596
-72.2724 276.7647 -38.0281 -73.344077
-73.2041 276.1685 -36.6914 -73.343565
-74.2918 275.5936 -35.4399 -73.343064
-75.425 274.8456 -34.2803 -73.34257
-76.9255 274.2886 -33.5609 -73.342085
-77.3251 274.3933 -31.9623 -73.34161
-77.3839 274.0953 -31.6173 -73.341139
-77.9259 274.1693 -30.1943 -73.34068
-79.5493 274.0847 -29.6223 -73.340231
-80.9279 274.149 -28.5263 -73.339793
-82.1503 274.2888 -27.2947 -73.339366
-83.1333 274.5631 -25.8399 -73.338949
-83.3586 274.0993 -24.1212 -73.338542
-83.4086 273.3363 -22.4949 -73.338147
-83.5601 272.816 -20.7795 -73.337763
-83.7705 272.4678 -19.0265 -73.337391
-84.0593 272.0789 -17.2937 -73.337032
-84.2893 271.7437 -15.5414 -73.336685
-84.9661 271.1706 -14.2656 -73.336352
-86.4465 270.5588 -13.5443 -73.336034
-87.5224 269.4821 -12.7644 -73.335729
-88.5863 270.2836 -13.3628 -73.335438
-89.344 271.7765 -13.8414 -73.335161
-90.7295 272.8654 -14.017 -73.334895
-92.0012 274.1345 -14.1202 -73.334645
-93.0728 275.5655 -14.188 -73.334413
-94.4803 276.5793 -14.1262 -73.334196
-96.2029 276.3016 -13.7358 -73.333996
-97.8612 276.4416 -13.1634 -73.333812
-99.2225 277.2086 -12.3487 -73.333645
-100.7724 276.7787 -11.5881 -73.333494
-102.4856 276.8416 -11.2384 -73.333362
-104.2435 277.0799 -11.3594 -73.333247
-105.8758 277.7134 -11.5089 -73.33315
-106.978 278.2571 -10.6069 -73.333072
-108.7214 278.4008 -10.5748 -73.333013
-110.1714 278.7473 -11.3411 -73.332973
-111.6618 279.6815 -11.4564 -73.332952
-21.5015 253.5088 -73.309 -73.381721
-22.5942 254.3623 -72.684 -73.381576
-23.4363 255.5756 -72.2611 -73.381444
-23.7952 256.2196 -73.6016 -73.381324
-24.1958 256.9175 -74.8973 -73.381218
-24.5102 257.2028 -76.431 -73.381126
-25.2575 257.9568 -77.5755 -73.381049
-25.9832 258.9049 -78.6121 -73.380986
-26.7351 259.8964 -79.3372 -73.380939
-27.7754 261.0706 -79.3699 -73.380907
-28.1276 262.1418 -78.3341 -73.38089
-14.415 228.9869 -63.4499 -73.395896
-16.1331 229.4489 -63.5343 -73.395329
-17.7421 230.1331 -63.7219 -73.394766
-19.4067 230.7023 -63.8399 -73.394208
-20.8995 231.6241 -63.8754 -73.393656
-22.4197 232.5434 -63.927 -73.393108
-23.9779 232.9794 -64.5409 -73.392565
-25.5926 233.2447 -65.0739 -73.392026
-27.3372 233.3731 -65.393 -73.391493
-29.108 233.4677 -65.4659 -73.390966
-30.8642 233.5427 -65.402 -73.390445
-32.3482 234.4256 -65.4518 -73.389929
-33.9347 234.8444 -64.9779 -73.38942
-35.6107 235.0483 -64.5372 -73.388917
-37.2988 235.2219 -64.5195 -73.388421
-38.3854 235.5894 -65.5655 -73.38793
-39.1438 235.7555 -64.0699 -73.387445
-40.4342 236.3585 -64.9633 -73.386969
-41.6538 237.408 -65.4996 -73.386501
-43.3197 237.9738 -65.7908 -73.386041
-45.0712 238.2644 -65.9288 -73.385589
-46.7994 238.6788 -65.9135 -73.385146
-48.5481 238.9796 -65.7557 -73.38471
-50.2593 239.3638 -65.4708 -73.384285
-51.9541 239.818 -65.3779 -73.383868
-53.6581 240.3081 -65.5616 -73.383461
-55.3649 240.7618 -65.7517 -73.383063
-56.9242 241.5359 -65.9538 -73.382676
-58.6438 241.8319 -66.2728 -73.382299
-59.9936 242.7156 -66.7405 -73.381932
-60.984 243.7818 -67.5294 -73.381577
-62.0855 245.146 -67.6347 -73.381233
-62.592 246.8516 -67.5474 -73.3809
-63.6958 248.1812 -67.3534 -73.380579
-65.3602 248.1365 -67.1819 -73.380271
-66.6185 247.2528 -66.7907 -73.379975
-68.2827 246.701 -66.9975 -73.379689
-69.0056 246.5375 -67.1182 -73.37942
-69.4149 247.1923 -66.2178 -73.379162
-70.5685 248.2104 -65.6787 -73.378919
-72.1021 248.9573 -65.1628 -73.378691
-73.5226 249.8734 -64.6789 -73.378477
-74.9049 250.917 -64.2744 -73.378279
-76.1941 252.0464 -63.8017 -73.378097
-77.6751 252.694 -63.2164 -73.377931
-78.9054 253.7897 -63.1101 -73.377781
-80.0531 255.1107 -63.1909 -73.377649
-81.4092 256.2087 -63.4316 -73.377534
-83.1166 256.5971 -63.7243 -73.377438
-84.8053 256.9649 -63.8465 -73.377359
-86.3232 257.8036 -63.7447 -73.3773
-88.0463 257.7843 -63.4146 -73.37726
-89.5568 258.6367 -63.0658 -73.377239
-79.8558 209.6969 -1.6956 -73.397481
-80.9345 210.9313 -0.8747 -73.396828
-81.8718 212.3265 -0.0936 -73.396179
-83.0145 213.649 0.4105 -73.395532
-83.35 215.4299 0.5242 -73.394888
-84.7236 216.0877 0.5245 -73.394246
-85.8365 216.8501 1.5461 -73.393607
-86.4751 218.3432 2.3648 -73.392972
-87.6889 219.3419 3.0091 -73.392341
-89.3832 219.625 3.5112 -73.391714
-90.5679 220.9942 3.9392 -73.391091
-91.9993 222.1339 4.2769 -73.390473
-93.1066 223.0567 5.3451 -73.389858
-94.2451 224.3484 6.04 -73.389247
-95.1955 225.7846 6.6504 -73.388641
-96.1469 227.1811 6.1703 -73.38804
-97.5307 228.1499 5.5656 -73.387443
-97.6555 229.6726 4.5217 -73.386851
-98.2632 230.7709 4.9578 -73.386262
-99.4213 231.1534 5.7424 -73.38568
-100.7458 231.4122 4.7237 -73.385103
-101.8502 232.6408 4.2535 -73.384532
-103.1436 233.9354 4.0273 -73.383967
-104.4921 234.4164 4.8558 -73.383408
-105.6117 233.6885 5.7966 -73.382852
-106.7274 232.3194 6.4016 -73.382297
-107.441 230.7522 6.8747 -73.381757
-107.4488 229.0255 7.5014 -73.381224
-107.9411 227.3511 8.131 -73.3807
-107.0902 226.8712 8.9862 -73.380182
-106.1496 226.513 10.1833 -73.379666
-105.9516 226.2598 12.0223 -73.379158
-105.4787 225.2922 12.0054 -73.378661
-105.2249 224.5846 10.2988 -73.378172
-104.7784 223.6625 9.5999 -73.377694
-104.7066 222.6921 11.0296 -73.377224
-105.026 220.965 11.6033 -73.376764
-104.6066 219.9029 12.8153 -73.376313
-103.3942 219.8352 14.0764 -73.375871
-104.3073 219.9043 13.553 -73.37544
-105.885 218.9419 13.3792 -73.375019
-107.2676 218.4747 12.6842 -73.374608
-108.1193 218.5469 11.0406 -73.374206
-108.3962 219.4541 11.7193 -73.373817
-109.0143 219.6825 13.4653 -73.373438
-109.7221 219.9831 15.1561 -73.373072
-110.6667 219.9703 16.4989 -73.372719
-112.0003 218.9022 16.8845 -73.372379
-113.4433 217.9794 16.4775 -73.372052
-114.7081 217.1333 15.6968 -73.371738
-115.2947 216.7255 13.9743 -73.371438
-115.5962 216.7912 12.1637 -73.371149
-115.7677 217.1126 10.3327 -73.370875
-115.4309 217.0746 11.1227 -73.370618
-116.1181 217.6962 12.116 -73.370369
-117.3855 218.3763 13.3061 -73.37014
-118.8798 218.8959 14.099 -73.36993
-120.5533 219.5755 14.5055 -73.369737
-122.3465 220.0233 14.7431 -73.369561
-124.1585 220.1151 14.949 -73.369403
-125.565 221.2324 14.8597 -73.369263
-126.6064 222.7478 14.7267 -73.369142
-127.1945 224.5052 14.537 -73.369039
-127.9351 226.1832 14.2547 -73.368957
-129.0224 227.5634 14.5865 -73.368894
-130.1181 229.0198 14.5982 -73.368851
-131.2201 230.4645 14.2522 -73.36883
47.5528 -96.076 13.5667 -72.155118
47.0015 -95.2803 13.5986 -72.155205
46.7344 -94.3274 13.6342 -72.155249
27.7081 -94.2683 18.8592 -72.130909
26.226 -93.6204 19.8024 -72.131459
24.7439 -92.9726 20.7456 -72.131873
23.2618 -92.3248 21.6888 -72.132151
23.8038 -92.3745 21.7835 -72.13229
54.7481 -88.0637 17.871 -72.178626
97.3169 -66.6493 31.3652 -72.234785
99.3506 -67.4491 30.897 -72.236256
101.3843 -68.2489 30.4289 -72.237487
103.4181 -69.0488 29.9607 -72.238476
105.4518 -69.8486 29.4925 -72.239221
104.935 -70.7499 28.9784 -72.23972
104.6139 -70.6388 26.7694 -72.23997
96.937 -66.473 30.8282 -72.23402
44.0154 -65.7095 15.6069 -72.242996
44.0102 -66.3692 14.8486 -72.243064
44.1586 -67.2141 14.3402 -72.243098
-4.665 -9.0685 -0.0051 -73.049629
-3.3078 -10.3003 -0.0154 -73.018458
-1.9532 -11.5348 -0.0257 -72.987312
-0.7426 -12.7803 -0.0459 -72.935552
0.4334 -13.9291 -0.0935 -72.863637
1.4466 -15.2471 -0.185 -72.792218
3.5554 -27.7322 1.4257 -72.687166
8.6107 -41.3653 6.7974 -72.590538
22.8794 -62.2772 10.5055 -72.376306
26.4745 -64.8588 13.9793 -72.344708
29.0535 -67.1183 14.3116 -72.324145
42.1418 -73.5431 16.2509 -72.250283
47.2069 -85.1931 18.1557 -72.190164
44.6639 -89.9679 15.7857 -72.167655
47.7449 -96.3203 13.6398 -72.156046
78.4149 -177.3628 14.5582 -72.049859
95.2227 -265.7699 17.0719 -71.967147
48.1056 -320.1106 18.1187 -71.905407
-10.9476 -383.6056 22.9817 -71.862909
-40.36 -432.7473 17.7175 -71.838305
28.7834 -94.5812 17.274 -72.133273
14.3097 -106.6143 20.8227 -72.10769
2.7577 -126.0427 26.0848 -72.088923
-45.0792 -189.1405 27.4734 -72.054601
30.9775 -170.2053 31.4202 -72.080358
28.3969 -94.5693 18.0599 -72.131067
-40.2348 -104.2908 -5.8163 -72.074456
-111.9958 -139.102 2.509 -72.04205
54.6562 -87.9717 17.7384 -72.179414
111.8824 -135.9529 29.1893 -72.099551
164.8572 -185.7356 20.1853 -72.044874
213.7243 -226.7876 32.011 -72.013736
43.9697 -65.4565 15.7766 -72.243248
45.5333 -62.1584 17.8534 -72.241152
96.2419 -66.2233 31.6259 -72.233911
2.1326 -22.0656 -2.5814 -72.723796
6.2653 -35.3706 6.4938 -72.638496
8.3143 -40.7868 6.7183 -72.551525
15.4942 -50.7521 4.9673 -72.482365
19.5156 -57.7327 7.1557 -72.413997
24.2121 -63.3654 12.9105 -72.360474
27.7984 -65.9637 14.1964 -72.334363
35.2991 -71.3414 15.5234 -72.287071
45.9552 -78.4006 18.2802 -72.219671
45.9541 -87.9136 17.638 -72.178719
46.0845 -93.1486 14.7482 -72.16108
52.1518 -103.9606 11.3242 -72.14347
58.8833 -119.603 12.0998 -72.121249
62.6461 -133.0235 18.7767 -72.09995
68.7987 -150.479 18.27 -72.07955
75.478 -168.4071 16.0379 -72.060024
80.7201 -186.7623 13.7215 -72.039925
86.0397 -202.1519 18.4658 -72.022492
88.9594 -219.8372 14.0604 -72.005864
92.3483 -238.1707 14.3683 -71.990022
94.4112 -256.1543 16.5595 -71.974946
95.282 -267.4858 16.3224 -71.959577
95.3059 -280.3632 10.9397 -71.946393
82.392 -291.8157 13.1552 -71.933924
66.6134 -301.8126 13.5179 -71.922155
55.8832 -314.8401 17.1156 -71.911073
42.621 -325.3136 19.0805 -71.899986
32.9705 -340.7608 23.6528 -71.890678
23.9361 -354.8041 21.203 -71.882017
9.6225 -366.7531 22.7517 -71.873994
-4.6074 -378.3071 21.4152 -71.866598
-16.9731 -389.755 18.9726 -71.859458
-27.5688 -401.1213 14.9527 -71.853723
-39.573 -411.7299 14.9204 -71.848594
-40.6381 -420.4638 25.2112 -71.844064
-40.4069 -426.6412 14.8914 -71.840128
-41.6738 -434.0686 12.5022 -71.836737
-35.1298 -447.795 10.0223 -71.834431
-30.511 -455.7937 6.7671 -71.832704
-26.4654 -460.7911 2.4423 -71.831553
-24.2919 -464.5784 0.2402 -71.830977
37.1249 -94.0849 14.9718 -72.149743
20.7736 -99.7756 22.2184 -72.119892
11.0172 -108.5614 18.7473 -72.103738
5.909 -113.1292 24.1737 -72.097778
4.7649 -121.3499 27.2758 -72.09207
-3.9067 -133.7894 26.1237 -72.084055
-16.2236 -149.0836 26.7198 -72.076009
-17.7909 -159.6216 22.5822 -72.068839
-30.8645 -168.2845 21.4997 -72.062538
-40.3768 -181.2163 24.3391 -72.057097
-50.8898 -195.8899 27.7601 -72.052356
-59.8432 -207.2909 27.0024 -72.049058
-63.453 -209.2381 15.4152 -72.046587
-64.2909 -212.4765 11.1044 -72.044941
-69.7086 -217.4653 14.9612 -72.044118
-1.3141 -131.2728 34.9295 -72.087994
15.7442 -115.5027 24.1983 -72.103087
21.9499 -133.9863 25.1312 -72.096473
26.8898 -147.4387 25.6301 -72.090757
28.6429 -155.1273 32.7495 -72.085934
28.6017 -167.7997 33.6747 -72.081997
33.7647 -170.9041 21.6446 -72.078856
35.3986 -176.6564 11.4651 -72.076983
39.8278 -180.409 -7.3747 -72.076046
28.4843 -94.572 17.6083 -72.131714
24.075 -93.3058 9.4058 -72.123855
15.5128 -90.8025 -8.4542 -72.111359
-0.0475 -89.6597 -13.0268 -72.099777
-13.9393 -94.7328 -4.0497 -72.089097
-31.0534 -101.5497 -4.3571 -72.079307
-48.3446 -108.1087 -4.4853 -72.069826
-60.3769 -111.0796 -1.1234 -72.062179
-77.9711 -113.5102 3.296 -72.055392
-92.0999 -121.9743 4.6219 -72.049457
-105.6825 -132.44 0.8972 -72.044366
-119.8735 -141.3568 5.959 -72.040109
-132.8113 -151.1601 6.979 -72.037274
-147.2952 -155.5423 4.0924 -72.035149
-153.368 -158.2725 7.6335 -72.033733
-168.793 -159.6906 7.6228 -72.033025
50.8433 -86.5895 17.9535 -72.183734
61.2357 -92.3404 14.5899 -72.169572
72.1897 -102.125 21.0158 -72.152453
85.4059 -115.7278 22.6939 -72.136301
96.1046 -123.0147 27.5352 -72.121097
106.3877 -128.7142 28.8233 -72.106822
119.3522 -141.0891 32.8119 -72.092515
133.3865 -151.0456 27.4274 -72.08047
140.4642 -156.8554 25.7903 -72.069303
152.3124 -169.1266 29.8767 -72.059003
161.5491 -182.1636 26.4505 -72.049557
167.3763 -187.9265 20.8501 -72.040432
178.0174 -198.4202 27.7655 -72.033092
190.5879 -201.853 17.5881 -72.02657
198.4764 -209.0366 23.2285 -72.020858
206.4978 -222.3967 29.9785 -72.01595
216.4485 -231.2363 29.6641 -72.011815
219.3592 -241.6667 28.5636 -72.00897
217.6919 -257.4839 32.1794 -72.006839
212.7961 -271.781 39.8533 -72.005419
208.8344 -287.7139 39.3838 -72.004709
43.1478 -69.6198 16.0595 -72.245023
45.0982 -63.5211 16.1223 -72.242143
50.7937 -61.6079 11.0465 -72.239239
63.7547 -58.5312 9.7712 -72.236625
75.049 -60.4617 16.3877 -72.234813
83.0968 -60.7333 25.9161 -72.233805
91.3447 -63.64 26.8113 -72.233599
106.4082 -69.1292 24.6495 -72.231416
123.1559 -72.5629 28.9251 -72.228069
143.1961 -75.9244 28.8652 -72.226397
46.1286 -55.224 14.5026 -72.239552
37.6417 -45.2763 18.4222 -72.237691
22.8448 -43.0894 21.8828 -72.236761
