-0.8015 -1.2678 -0 -74.112437
-3.2062 -5.0715 -0 -74.112956
-5.0765 -8.0299 -0 -74.113317
-6.4123 -10.1429 0.0262 -74.113385
-8.0143 -12.677 0.1283 -74.11344
-8.8146 -13.9429 0.1666 -74.113481
-8.2187 -14.5214 0.2948 -74.113529
-8.7411 -16.3672 0.5247 -74.113655
-10.0309 -17.8905 1.1419 -74.113817
-11.386 -19.3222 1.89 -74.113984
-12.7254 -20.8552 2.392 -74.114153
-14.0432 -22.4116 2.6217 -74.114357
-14.6972 -24.3185 2.0715 -74.114609
-15.5306 -26.234 2.0482 -74.114885
-16.1094 -27.8038 2.3068 -74.115132
-14.7796 -28.9827 3.1257 -74.115348
-13.6062 -30.5844 3.6202 -74.115568
-12.2537 -32.1091 3.9089 -74.11579
-11.1222 -33.7683 4.2796 -74.116017
-10.1932 -35.2295 5.196 -74.116247
-9.3619 -36.7283 6.3117 -74.116481
-8.5851 -38.2492 7.4144 -74.116718
-7.5935 -39.8435 8.2499 -74.116958
-6.8916 -41.4349 9.2193 -74.117203
-6.2727 -43.3267 9.6108 -74.117452
-5.7427 -44.6215 10.9758 -74.117705
-5.2774 -45.3085 12.8612 -74.117962
-4.5701 -46.2857 12.7646 -74.118223
-3.9187 -47.0128 11.0346 -74.118488
-3.487 -47.3534 9.0584 -74.118758
-3.1601 -48.3203 10.2056 -74.119032
-2.5906 -49.7167 11.29 -74.119307
-2.064 -51.2649 10.2609 -74.119587
-1.9023 -53.0628 10.2828 -74.119871
-1.2374 -53.7481 8.8883 -74.120161
-0.2338 -55.4757 8.438 -74.120455
0.9268 -57.1391 8.1846 -74.120752
2.1659 -58.7648 8.26 -74.121054
2.7966 -60.3652 9.2072 -74.121361
3.5606 -62.0815 8.7826 -74.121673
4.1051 -63.9769 8.2533 -74.12199
4.7728 -65.8913 8.0534 -74.122312
5.555 -67.7898 8.1794 -74.122638
5.4215 -69.7319 8.5591 -74.122969
5.3722 -71.1779 9.39 -74.123307
6.6015 -72.8224 9.4344 -74.123649
7.9091 -74.3345 9.4579 -74.123997
9.1469 -75.9691 9.4502 -74.12435
10.0298 -77.8076 9.4917 -74.124708
10.7723 -79.6982 9.5101 -74.125073
12.3735 -80.8411 9.4583 -74.125443
13.4145 -82.6176 9.4397 -74.125819
14.1594 -84.5026 9.6273 -74.126201
14.908 -86.352 10.0263 -74.12659
15.6285 -88.1574 10.421 -74.126984
16.2688 -90.0988 10.1972 -74.127386
16.8061 -92.0324 10.2983 -74.127793
18.0591 -93.5211 10.9131 -74.128206
19.0692 -95.1762 11.592 -74.128627
20.0514 -96.8019 12.3554 -74.129053
20.7986 -98.4251 13.1509 -74.129487
22.3425 -99.643 13.6764 -74.129928
23.1324 -101.4525 13.8694 -74.130376
24.2278 -103.1764 13.8286 -74.130831
25.7948 -104.4654 13.8973 -74.131293
27.3532 -105.7951 13.951 -74.131762
28.4996 -107.4233 13.9547 -74.13224
30.0108 -108.56 13.6639 -74.132725
31.1081 -108.6091 12.0588 -74.133226
29.9694 -109.9097 10.9348 -74.133773
28.8308 -111.2104 9.8109 -74.134315
27.6922 -112.511 8.6869 -74.134851
26.8377 -113.4766 7.7017 -74.135389
28.1153 -111.9666 8.2837 -74.135967
29.3929 -110.4565 8.8658 -74.136539
30.6706 -108.9464 9.4479 -74.137105
31.1787 -108.9746 10.7509 -74.137683
31.0798 -109.3078 12.7833 -74.138272
31.1974 -110.3892 14.0207 -74.138858
31.8589 -112.2436 14.4776 -74.13945
32.2207 -114.0808 14.8897 -74.140051
32.3754 -116.0895 14.7382 -74.14066
33.2282 -117.7627 14.1097 -74.141279
34.0263 -119.6079 13.7086 -74.141906
34.4263 -121.5938 13.4703 -74.142542
34.6735 -123.5948 13.4834 -74.143187
34.4631 -125.6138 13.6554 -74.14384
35.477 -127.1975 13.9548 -74.144501
36.4488 -128.3733 14.9241 -74.145175
36.0423 -130.1872 15.3722 -74.145861
35.1621 -131.5518 15.4371 -74.146553
35.6418 -129.8523 14.8263 -74.147249
35.0348 -128.0619 14.2107 -74.147954
35.5446 -129.8444 14.1534 -74.148669
35.6291 -131.8577 14.0497 -74.14939
34.8485 -133.6181 13.7199 -74.150118
34.2995 -135.3089 12.7219 -74.150855
33.9891 -137.2127 12.2496 -74.151597
34.6951 -139.1364 12.158 -74.152347
34.4342 -141.0719 12.4762 -74.153102
34.9496 -142.8915 13.1328 -74.153866
35.1207 -144.6736 12.8365 -74.154634
36.0553 -146.4708 12.5635 -74.155407
36.5162 -147.9232 11.2272 -74.156189
37.0821 -149.6924 10.5935 -74.15697
38.1845 -151.3675 10.8233 -74.157755
38.9786 -152.5573 11.4668 -74.158545
38.5512 -154.4927 11.7745 -74.15934
38.9845 -156.4817 12.0272 -74.160139
38.8087 -158.4686 12.102 -74.160936
39.4316 -160.3993 12.1561 -74.161732
40.017 -162.1492 11.7738 -74.162528
39.9044 -164.0643 11.3068 -74.163319
40.4166 -165.9089 10.6066 -74.164107
41.3853 -167.5493 10.7632 -74.164888
42.1247 -169.1267 11.6727 -74.165661
42.1485 -170.8263 12.6221 -74.166426
41.2541 -172.1527 13.7028 -74.167177
41.3329 -173.6405 14.3131 -74.167915
41.6008 -174.8677 12.6805 -74.168638
41.8738 -176.7997 12.275 -74.169339
42.7438 -178.5456 11.9564 -74.170018
43.2439 -180.4578 12.0397 -74.170671
43.3656 -182.4295 12.4106 -74.171296
43.6747 -184.2146 13.2717 -74.17189
44.1736 -186.1236 13.8383 -74.172448
44.3535 -187.9066 14.7675 -74.172967
44.8726 -189.5685 15.6922 -74.173443
45.4404 -191.1005 14.5715 -74.173873
46.1386 -192.9259 14.1459 -74.174252
46.6287 -194.8895 13.783 -74.174576
47.9055 -196.4354 13.3908 -74.174843
49.0241 -197.9564 13.467 -74.175048
49.8322 -199.3762 13.2319 -74.175189
51.04 -200.3986 12.0409 -74.17526
-16.8109 -27.3553 2.8101 -74.115091
-17.497 -28.3029 4.2038 -74.115221
-18.1984 -29.271 5.5067 -74.115349
-18.2577 -29.3412 3.7473 -74.115502
-18.2679 -29.344 1.9276 -74.115653
-18.2781 -29.3467 0.108 -74.115802
-18.2883 -29.3494 -1.7116 -74.115949
-18.2985 -29.3522 -3.5313 -74.116094
-18.8534 -30.5664 -3.9808 -74.116238
-18.8107 -32.318 -3.8597 -74.116385
-19.3066 -34.0554 -3.7456 -74.116534
-18.9488 -34.5418 -2.2544 -74.116687
-18.3075 -35.7012 -1.0566 -74.116841
-18.003 -37.2922 -0.254 -74.116998
-17.2153 -38.7422 0.5062 -74.117156
-17.2992 -40.1694 1.5541 -74.117318
-17.1185 -41.7267 2.3954 -74.117482
-17.083 -42.8762 3.6698 -74.117649
-17.3639 -44.4413 4.545 -74.117818
-18.2212 -45.6938 5.2818 -74.117989
-18.9632 -46.7735 4.1464 -74.118163
-19.2427 -47.6114 2.5633 -74.118341
-19.7572 -49.1601 2.2576 -74.11852
-20.0441 -50.8741 2.5491 -74.118702
-20.3286 -52.4364 3.2684 -74.118886
-19.8077 -53.8024 3.6098 -74.119074
-19.2008 -54.6661 2.2731 -74.119265
-18.7221 -56.0354 2.9434 -74.119461
-18.7365 -56.729 4.1896 -74.119659
-18.8997 -58.1413 5.2798 -74.119859
-18.8149 -59.8936 5.7078 -74.120062
-18.9822 -61.072 7.0484 -74.120269
-19.3934 -62.5349 8.0119 -74.120478
-19.547 -63.8484 9.0694 -74.12069
-19.5772 -65.5723 8.63 -74.120904
-19.258 -67.3139 8.3405 -74.121121
-19.7508 -69.0603 8.364 -74.121339
-19.9946 -70.8175 8.7102 -74.121561
-19.8037 -72.5539 9.1873 -74.121784
-19.7201 -74.3251 9.5635 -74.12201
-20.2567 -75.9938 9.7611 -74.122237
-19.7758 -77.7066 9.8918 -74.122466
-19.8692 -79.394 10.0722 -74.122695
-20.6153 -80.6503 10.7965 -74.122925
-20.8101 -82.0334 11.1362 -74.123153
-21.8468 -83.2751 10.5156 -74.123381
-22.3598 -84.646 11.4203 -74.123607
-22.8139 -86.2646 12.0203 -74.12383
-22.9433 -87.4114 13.1988 -74.124052
-23.2601 -88.7922 14.1473 -74.124268
-23.5187 -90.5915 14.1567 -74.124477
-23.7693 -92.3875 14.2837 -74.12468
-23.9193 -94.161 14.5659 -74.124874
-24.765 -95.4177 14.2775 -74.125058
-25.6946 -96.5629 13.7452 -74.125231
-26.3361 -98.2508 13.7081 -74.125391
-26.22 -99.6251 14.4174 -74.125539
-26.029 -100.2322 16.1217 -74.125671
-25.98 -100.9366 17.7977 -74.125785
-26.1774 -101.1961 19.58 -74.125882
-26.4133 -101.3806 21.3748 -74.125956
-26.5757 -102.9017 22.0388 -74.126005
-26.565 -104.1061 22.8298 -74.126031
-10.4886 -18.1238 0.6694 -74.113944
-10.4015 -18.057 0.4643 -74.114023
-11.3637 -19.3353 1.4826 -74.11412
-12.4409 -20.4928 2.3203 -74.114237
-13.7335 -21.882 2.6066 -74.114367
-14.3525 -23.4451 1.6476 -74.1145
-14.7639 -24.7529 0.4153 -74.114636
-15.0123 -25.6795 -1.2982 -74.114775
-14.7483 -27.3027 -2.2341 -74.114916
-14.1682 -28.7546 -3.3613 -74.11506
-14.1335 -30.3237 -2.5621 -74.115207
-14.176 -32.0715 -1.7097 -74.115356
-14.076 -33.7889 -0.9359 -74.115508
-13.8862 -35.6563 -1.4771 -74.115661
-13.5408 -37.5381 -1.8551 -74.115817
-12.9254 -39.3671 -2.0095 -74.115976
-12.8947 -41.2639 -2.5483 -74.116137
-12.5093 -43.0891 -2.3969 -74.1163
-11.8636 -44.7358 -1.5183 -74.116466
-11.3409 -46.4019 -0.6056 -74.116634
-11.0233 -47.5467 0.9658 -74.116806
-10.5913 -48.4457 2.6789 -74.116979
-10.1405 -50.0833 3.3431 -74.117154
-10.2934 -51.7904 2.9275 -74.117332
-10.88 -52.8858 1.4404 -74.117513
-11.0363 -54.4811 1.7038 -74.117696
-11.1458 -56.3254 2.378 -74.117881
-10.357 -57.7555 3.4384 -74.118069
-10.1358 -58.8326 4.9901 -74.118261
-10.3077 -60.6124 5.6598 -74.118455
-11.2813 -62.2927 6.0116 -74.118652
-11.7958 -64.1934 6.181 -74.118852
-12.4342 -66.0517 6.3974 -74.119056
-11.9522 -67.7789 6.8906 -74.119263
-11.6762 -69.0382 8.2561 -74.119473
-11.713 -70.0381 9.9612 -74.119687
-11.8555 -70.9146 11.6774 -74.119905
-12.8132 -71.5235 13.2459 -74.120126
-13.5753 -72.2336 12.7301 -74.120352
-14.1638 -73.7043 11.8882 -74.12058
-14.4131 -75.2707 10.815 -74.120813
-13.5782 -77.0011 10.3425 -74.12105
-13.3259 -78.9499 10.1371 -74.121291
-13.3622 -80.9141 10.3308 -74.121536
-14.2376 -82.5066 10.9807 -74.121785
-14.7845 -84.1023 11.9265 -74.122039
-15.3519 -85.4422 12.6525 -74.122297
-15.7865 -86.6616 12.098 -74.122562
-16.5522 -87.7496 13.5364 -74.12283
-17.1687 -89.5648 13.8022 -74.123103
-18.2162 -91.1682 13.885 -74.123382
-19.5493 -92.634 13.9514 -74.123665
-20.3209 -94.4426 13.8656 -74.123954
-21.0095 -96.2837 13.6721 -74.124248
-21.3384 -97.8523 13.9673 -74.124551
-21.6939 -97.8965 15.9193 -74.124863
-22.3276 -98.0602 17.7316 -74.125176
-21.887 -98.9874 16.7979 -74.125498
-22.8153 -99.7306 15.3374 -74.125822
-24.3779 -100.6691 14.7056 -74.126151
-24.3457 -102.6276 14.3888 -74.126485
-24.5768 -104.5617 14.2213 -74.126824
-24.8282 -106.5067 14.2205 -74.127169
-25.0574 -108.4614 14.1941 -74.127519
-25.5558 -110.3378 14.0236 -74.127874
-26.9412 -111.6652 13.5497 -74.128235
-27.6548 -113.1993 12.651 -74.1286
-27.9593 -114.1646 11.0361 -74.128975
-28.3565 -115.3746 10.0919 -74.129348
-29.1471 -116.4978 9.0352 -74.129728
-29.5399 -117.0458 7.1689 -74.130114
-29.9596 -117.6548 5.3281 -74.130501
-30.9613 -118.935 4.5188 -74.130887
-32.1435 -120.2324 4.6581 -74.131276
-32.9363 -121.0473 6.2793 -74.131666
-33.621 -122.2206 7.5953 -74.132056
-33.9105 -123.585 8.7937 -74.132444
-34.4873 -124.3869 10.3397 -74.132831
-35.0405 -125.7656 11.4307 -74.133212
-34.701 -127.6323 11.772 -74.133588
-35.3063 -129.4991 11.9181 -74.133957
-35.9903 -131.3268 11.7835 -74.134318
-37.6819 -132.1342 11.31 -74.134668
-38.5009 -133.4806 10.3217 -74.135007
-38.4967 -134.7419 8.9782 -74.135332
-39.2613 -136.1191 9.0235 -74.135638
-39.6486 -137.8732 9.0943 -74.135925
-40.3927 -139.5578 8.4232 -74.13619
-41.3357 -141.2284 8.0319 -74.136431
-41.7461 -143.1332 7.6854 -74.136644
-42.0138 -145.0056 7.4829 -74.136828
-41.9887 -146.6225 8.5512 -74.13698
-43.1363 -148.1444 8.915 -74.137097
-43.8626 -149.8828 8.3731 -74.137178
-44.926 -151.4033 7.7386 -74.137219
-9.353 -14.8211 0.2731 -74.113544
-11.0559 -15.5864 0.7158 -74.113658
-12.8605 -15.9487 1.177 -74.113802
-14.323 -16.6873 2.6356 -74.114073
-15.6273 -17.7486 4.2904 -74.114302
-16.5612 -19.3299 4.837 -74.114404
-17.0333 -20.2944 6.2453 -74.114521
-17.8874 -21.5361 7.3823 -74.114643
-18.8508 -22.9769 8.1796 -74.114768
-19.5099 -24.5801 8.9543 -74.114895
-19.7318 -25.6734 10.3712 -74.115026
-19.6375 -26.5275 11.987 -74.11516
-20.9183 -27.5166 12.4491 -74.115295
-21.2964 -29.0814 13.3143 -74.115433
-21.83 -30.7644 14.0149 -74.115573
-22.4092 -32.288 14.7504 -74.115716
-23.1716 -32.8787 16.4102 -74.115863
-23.4458 -33.3976 17.1662 -74.11601
-23.9797 -35.1098 17.8018 -74.11616
-25.2888 -36.4276 18.1128 -74.116312
-26.4013 -37.9363 18.2431 -74.116466
-27.2908 -39.5473 18.3867 -74.116623
-28.9068 -40.2841 18.3568 -74.116783
-28.8386 -41.8551 18.071 -74.116944
-30.0593 -43.3052 18.0707 -74.117109
-30.6546 -44.9959 18.2212 -74.117276
-31.4097 -46.5757 18.3297 -74.117446
-32.6885 -47.8644 18.2798 -74.117619
-33.6705 -49.4532 18.3794 -74.117794
-34.3435 -51.1833 18.7706 -74.117972
-35.0428 -52.643 19.7515 -74.118153
-35.9334 -53.9164 20.8542 -74.118337
-36.4958 -55.5633 21.6175 -74.118524
-37.1515 -57.2664 22.1901 -74.118713
-37.503 -58.9135 22.7742 -74.118907
-37.2767 -60.629 23.5408 -74.119104
-38.3487 -62.1152 24.0868 -74.119304
-38.7835 -63.8894 24.6417 -74.119507
-39.0307 -65.5698 25.4324 -74.119713
-39.2448 -67.4312 25.7075 -74.119923
-39.4113 -69.2406 26.1323 -74.120136
-38.2265 -70.1613 27.1367 -74.120352
-37.9293 -71.6381 28.1838 -74.120573
-36.7386 -72.8721 28.5562 -74.120797
-35.4143 -74.1273 28.8617 -74.121023
-33.8413 -75.1427 29.2839 -74.121258
-32.9832 -76.7229 29.5771 -74.12149
-33.6399 -75.092 29.1649 -74.12173
-33.1635 -76.3575 28.5144 -74.12197
-32.6394 -77.9449 29.3953 -74.122212
-31.5586 -79.4236 29.8926 -74.12246
-30.8094 -81.0765 30.3763 -74.122708
-31.5811 -82.6547 30.6865 -74.122953
-31.7168 -84.5489 30.8274 -74.123197
-31.5105 -86.4537 30.8357 -74.12344
-31.5377 -88.3667 30.7633 -74.123681
-31.4829 -90.279 30.6456 -74.123919
-31.9235 -92.1277 30.4947 -74.124152
-32.2806 -93.9944 30.2829 -74.124379
-33.2826 -95.4749 30.073 -74.1246
-34.2923 -96.3147 29.212 -74.124812
-33.7984 -97.5646 29.0456 -74.125015
-33.365 -98.5644 30.3242 -74.125208
-34.9529 -99.5888 30.5864 -74.125386
-35.3561 -101.2379 30.5528 -74.125549
-35.425 -102.1901 29.7785 -74.125695
-35.4381 -103.6106 30.0236 -74.125822
-35.4329 -104.9525 28.8355 -74.125927
-35.4888 -106.6151 28.0477 -74.126008
-35.1318 -108.0258 29.2064 -74.126065
-34.5346 -109.5447 30.0645 -74.126094
-15.445 -16.6758 3.4162 -74.114303
-17.1123 -16.5493 2.7023 -74.114404
-18.8242 -16.1183 2.2844 -74.11452
-20.5247 -15.3962 2.2003 -74.11464
-22.3116 -15.3473 2.4856 -74.114762
-24.0423 -14.9367 2.9859 -74.114887
-25.7912 -14.8802 3.5418 -74.115016
-27.6376 -14.8877 3.7424 -74.115146
-29.4617 -14.8882 3.7168 -74.115279
-31.2202 -15.3922 3.5297 -74.115414
-32.7539 -15.8243 2.9445 -74.115553
-34.0829 -16.2305 1.7975 -74.115693
-35.3566 -17.1047 0.7776 -74.115836
-36.7811 -17.3591 0.0703 -74.11598
-38.4049 -17.2529 0.8951 -74.116127
-40.1857 -16.9717 1.2216 -74.116276
-41.9745 -17.3706 1.348 -74.116427
-43.6645 -17.7288 1.1737 -74.11658
-45.1638 -16.9527 0.472 -74.116736
-46.3865 -16.2335 -0.6264 -74.116895
-48.1583 -16.038 -0.1893 -74.117056
-49.5586 -16.5997 0.7893 -74.117219
-50.6275 -17.7832 1.5574 -74.117385
-52.4581 -17.9497 1.6886 -74.117554
-54.2203 -17.8442 1.1278 -74.117725
-55.6575 -18.4041 0.1681 -74.117899
-57.139 -19.2179 -0.5793 -74.118076
-58.8775 -19.6978 -0.9928 -74.118256
-60.4992 -20.5497 -0.8751 -74.118438
-62.2699 -20.9516 -0.784 -74.118624
-63.9605 -21.4851 -1.2025 -74.118814
-65.769 -21.6468 -1.2364 -74.119006
-67.4074 -21.948 -2.0416 -74.119202
-69.2303 -22.0478 -2.2783 -74.119401
-71.0405 -22.3933 -2.2 -74.119604
-72.76 -22.6876 -1.8978 -74.11981
-74.4248 -22.1245 -1.3042 -74.12002
-75.468 -21.5676 0.0962 -74.120235
-76.805 -21.0117 0.8974 -74.120453
-78.6304 -21.1688 0.7939 -74.120673
-80.2126 -21.6023 1.4208 -74.120898
-81.9055 -21.4802 1.8938 -74.121126
-83.3789 -20.5725 2.4839 -74.121358
-84.8475 -20.092 3.3977 -74.121592
-85.8797 -19.4106 4.4732 -74.121831
-86.9877 -17.9771 4.3817 -74.122072
-88.4094 -16.917 4.436 -74.122316
-89.1332 -16.2863 5.8123 -74.122564
-89.6827 -16.0961 7.5766 -74.122814
-90.6073 -14.9923 8.5732 -74.123063
-91.6573 -14.5236 9.9347 -74.123312
-92.216 -13.6924 11.4126 -74.123564
-93.3323 -12.5367 11.3011 -74.123811
-94.3529 -11.3333 10.4637 -74.124057
-95.9243 -11.359 10.3327 -74.124299
-97.085 -12.6874 10.4076 -74.124537
-98.637 -11.9209 10.4364 -74.12477
-99.8512 -10.5582 10.1484 -74.124995
-101.1467 -9.2581 9.9913 -74.125212
-102.9108 -8.8466 10.0308 -74.125418
-104.2043 -7.6318 10.4372 -74.125612
-105.7848 -7.7377 11.2376 -74.125792
-107.5295 -7.7352 11.7584 -74.125955
-108.7114 -6.5165 12.2914 -74.126101
-108.6826 -5.013 12.9437 -74.126228
-109.4316 -4.9691 14.0337 -74.126333
-110.9911 -5.321 13.2911 -74.126415
-112.3812 -4.7789 12.2565 -74.126471
-113.4541 -4.4164 10.8172 -74.1265
-15.5545 -17.632 4.3033 -74.114304
-16.8149 -18.3686 5.0193 -74.114405
-18.1535 -17.7371 5.9254 -74.114522
-19.3957 -17.6568 7.1162 -74.114646
-20.6245 -17.4395 8.329 -74.114772
-21.4073 -17.0773 9.8446 -74.114903
-22.3291 -16.4593 11.1562 -74.115037
-23.7986 -16.4039 12.1053 -74.115173
-24.636 -16.4397 13.5353 -74.115314
-26.0492 -16.413 14.4153 -74.115457
-26.5091 -16.6788 16.0866 -74.115606
-27.6416 -17.5424 16.452 -74.115754
-28.9683 -17.6171 17.1518 -74.115905
-30.2529 -16.8642 18.0015 -74.116059
-31.8112 -16.9615 18.7079 -74.116216
-32.7125 -16.0015 17.8716 -74.116376
-33.9732 -15.3124 17.8919 -74.116538
-35.5154 -14.9405 18.541 -74.116703
-36.8148 -15.2621 19.6037 -74.116871
-38.1095 -15.3947 20.6532 -74.11704
-39.3709 -15.3085 20.5665 -74.117214
-39.9084 -15.4165 22.2463 -74.117391
-41.4898 -16.1032 22.568 -74.117568
-43.1935 -16.3081 22.9719 -74.117747
-44.8671 -16.1005 23.426 -74.117928
-46.5874 -16.255 23.8037 -74.118112
-48.2806 -16.146 24.1613 -74.118296
-49.8848 -15.6408 24.6252 -74.118482
-51.569 -15.5809 25.1077 -74.118668
-53.1934 -15.8717 25.7123 -74.118856
-54.8397 -16.0518 26.2602 -74.119045
-56.4663 -15.7486 26.8593 -74.119232
-57.6381 -14.8744 27.7621 -74.119419
-58.8394 -13.7889 28.4214 -74.119606
-60.1932 -13.1386 29.3328 -74.119791
-61.8304 -12.6017 29.6751 -74.119974
-63.5039 -12.1508 29.7076 -74.120154
-64.8861 -11.121 29.4315 -74.12033
-65.5954 -10.0293 28.2627 -74.120502
-66.3587 -9.069 29.1123 -74.120669
-67.3994 -7.9254 29.8988 -74.120829
-68.8854 -7.8686 29.963 -74.120982
-70.5505 -7.352 29.9726 -74.121125
-72.0497 -6.4284 30.0037 -74.121259
-73.5599 -5.5098 29.9785 -74.121381
-74.8786 -4.3323 29.9264 -74.121493
-76.2236 -3.1844 29.9023 -74.121588
-77.2186 -1.7362 29.9278 -74.121666
-78.2778 -0.5048 29.7779 -74.121727
-79.9939 -0.3567 29.5292 -74.121769
-81.6519 -0.1123 29.479 -74.121791
-15.2282 -17.1379 4 -74.114258
-15.8134 -17.8487 4 -74.114259
-16.4306 -18.5318 4 -74.11426
-13.8552 -16.3527 0.6773 -74.113889
-6.8126 -12.9962 0.0714 -74.113463
-5.8684 -15.48 0.0572 -74.113562
-5.4058 -18.0693 0.0621 -74.113694
-4.8048 -20.6622 0.1442 -74.113865
-4.2378 -23.1032 0.3354 -74.114085
-4.2185 -23.3173 3.0099 -74.114451
-4.1991 -23.5292 5.6846 -74.114828
-3.9404 -24.0329 8.0609 -74.115208
-2.9465 -26.4423 7.8893 -74.115603
-2.9898 -29.1239 7.9366 -74.116016
-2.8312 -31.7921 8.079 -74.116451
-2.7737 -34.4658 8.0848 -74.116908
-3.1335 -36.1267 6.8772 -74.117397
-2.9668 -36.5649 4.2354 -74.117909
-3.5563 -38.3842 2.8887 -74.118439
-4.3063 -40.3834 1.497 -74.118996
-4.1208 -42.6459 0.2252 -74.119577
-4.2362 -43.7827 0.8959 -74.120054
-3.8312 -43.4159 2.8085 -74.120406
-3.4263 -43.0492 4.7211 -74.120757
-3.0214 -42.6825 6.6338 -74.121109
-2.6164 -42.3158 8.5464 -74.121461
-2.2115 -41.949 10.459 -74.121812
-1.8006 -41.5642 12.3611 -74.122164
-1.0504 -39.8462 12.7392 -74.122531
0.1758 -38.6585 13.5417 -74.122908
1.5902 -38.0395 13.8599 -74.123302
3.2347 -39.0768 14.2093 -74.123707
3.2862 -40.8715 14.6526 -74.124128
3.0921 -42.2179 15.9515 -74.124564
3.289 -43.8273 17.0278 -74.125015
3.7676 -45.0577 18.3989 -74.125486
5.3853 -45.2551 17.5078 -74.125975
6.4565 -45.5185 16.2146 -74.12649
6.4601 -45.5688 14.2263 -74.127025
7.3041 -46.1013 15.3965 -74.127575
7.7212 -46.6728 17.2551 -74.128148
8.2906 -47.8462 18.7417 -74.128734
8.7291 -49.4862 19.2615 -74.129168
9.1255 -50.9461 19.7272 -74.129434
10.0364 -52.2198 19.9693 -74.129705
10.7133 -53.6545 20.0389 -74.12998
11.8089 -54.3454 19.5071 -74.130263
12.1976 -54.6669 17.9921 -74.130551
13.1099 -54.8336 16.8714 -74.130843
13.5838 -54.6626 15.3738 -74.131158
13.6588 -54.6533 13.7788 -74.131522
13.7337 -54.644 12.1838 -74.13188
13.8087 -54.6347 10.5888 -74.132232
13.8837 -54.6254 8.9938 -74.132578
13.9586 -54.6161 7.3988 -74.132917
14.0336 -54.6068 5.8038 -74.13325
14.1085 -54.5975 4.2088 -74.133575
14.1663 -54.5744 2.6132 -74.133943
14.2206 -54.5486 1.0176 -74.134317
14.2749 -54.5228 -0.5781 -74.134682
14.3293 -54.497 -2.1737 -74.135039
14.3836 -54.4712 -3.7694 -74.135386
14.4379 -54.4454 -5.365 -74.135724
13.7113 -55.8095 -5.5929 -74.136058
13.1825 -57.2536 -6.0072 -74.136393
12.9567 -58.7053 -6.561 -74.136727
12.6682 -60.0281 -7.37 -74.13706
12.3514 -61.5353 -7.7387 -74.137392
11.9771 -63.0578 -7.8716 -74.13772
11.7617 -64.6275 -7.7751 -74.138045
11.4655 -65.9109 -8.3481 -74.138367
11.6675 -66.9063 -9.5712 -74.138684
11.728 -68.3207 -9.6289 -74.138996
11.6975 -68.4625 -8.07 -74.1393
11.4235 -69.5735 -7.0162 -74.139594
11.1196 -70.8404 -6.109 -74.139878
11.0275 -71.8722 -4.9846 -74.140152
11.2426 -73.2528 -4.3725 -74.140414
10.7531 -74.6674 -3.9199 -74.140661
10.425 -76.2016 -3.7062 -74.140894
10.77 -77.7411 -3.6532 -74.14111
11.0786 -79.2552 -3.6604 -74.141308
11.425 -80.7723 -3.755 -74.141486
11.2996 -82.2807 -4.0128 -74.141643
11.9706 -83.6675 -4.3963 -74.141777
12.7118 -84.5829 -3.8154 -74.141888
13.1706 -85.4159 -2.5821 -74.141973
13.3664 -86.853 -1.9391 -74.142031
13.3682 -87.667 -0.8755 -74.142061
8.6263 -48.9248 19.7774 -74.129162
8.971 -49.5407 20.9869 -74.129414
9.2099 -51.0475 20.8184 -74.129669
10.0927 -52.2943 20.5532 -74.129927
10.6868 -53.724 20.4404 -74.130189
11.4461 -54.1517 19.6321 -74.130459
11.5442 -54.2966 18.1881 -74.130731
12.9332 -54.8812 18.406 -74.131003
13.2774 -55.294 19.8309 -74.131285
13.7729 -56.2787 20.5319 -74.131562
14.3885 -57.7019 20.5127 -74.131841
15.16 -59.0485 20.6431 -74.132121
15.6443 -60.0525 21.5504 -74.132403
16.2084 -60.988 22.5631 -74.132686
17.2577 -61.2039 23.519 -74.132967
18.4454 -61.8839 23.9975 -74.133247
19.1422 -63.2514 24.2481 -74.133527
19.671 -63.8624 25.3071 -74.133809
20.2623 -64.3588 26.3522 -74.134085
21.638 -65.0559 26.1487 -74.134357
22.7173 -66.1327 25.8633 -74.134642
23.7256 -67.2733 25.5197 -74.134916
24.6112 -68.47 25.1932 -74.135176
24.9681 -69.954 24.971 -74.135429
24.9964 -70.9802 24.2159 -74.135687
24.9684 -71.117 22.6615 -74.135947
24.9404 -71.2538 21.1072 -74.13619
24.9124 -71.3907 19.5528 -74.136415
24.8648 -71.4567 17.9963 -74.136625
24.9221 -71.7069 16.7213 -74.136821
25.4185 -72.6144 17.5247 -74.137007
25.5779 -72.8182 19.0637 -74.137179
25.6724 -73.1458 20.5059 -74.13733
25.5385 -73.7136 21.7923 -74.137468
25.5469 -73.9336 23.3373 -74.137587
25.5553 -74.1535 24.8823 -74.137682
26.4257 -75.2629 24.9859 -74.137754
26.2037 -76.801 24.991 -74.137803
26.3234 -78.3421 25.0702 -74.137828
-4.7208 -44.7161 -0.023 -74.119965
-5.1299 -46.1818 0.6944 -74.120141
-5.3697 -46.9913 2.259 -74.120322
-5.7718 -48.0995 3.5791 -74.120507
-6.3113 -49.4357 4.5711 -74.120697
-6.1052 -51.0319 5.3148 -74.12089
-5.9754 -52.7323 5.8136 -74.121088
-5.3005 -54.3124 6.0843 -74.121289
-5.5666 -55.9139 6.2159 -74.121495
-6.3626 -57.4622 6.4728 -74.121704
-7.4327 -58.7683 6.9386 -74.121917
-8.3123 -60.0607 7.6969 -74.122134
-9.2075 -61.5771 7.5449 -74.122354
-10.0182 -63.1512 7.7642 -74.122578
-10.4982 -64.8336 7.9938 -74.122806
-11.098 -66.494 8.2496 -74.123037
-11.5795 -68.0917 8.8213 -74.123272
-11.4778 -69.48 9.814 -74.12351
-11.3768 -70.9824 10.6772 -74.123752
-11.1615 -72.6665 10.9417 -74.123999
-11.9531 -74.0675 10.3517 -74.124249
-12.2253 -75.2856 9.1163 -74.124503
-12.386 -76.5528 7.8889 -74.12476
-12.4919 -77.8973 6.8778 -74.125021
-12.6418 -79.6702 6.7282 -74.125286
-12.8923 -81.2283 7.3625 -74.125556
-13.0636 -82.0267 8.8276 -74.125831
-12.8375 -83.2389 8.8894 -74.126109
-12.4716 -84.694 8.0205 -74.126391
-12.6797 -85.5671 7.0599 -74.126677
-12.5183 -84.1321 6.1622 -74.12697
-12.5292 -84.0813 7.3739 -74.127268
-11.895 -85.6688 7.8198 -74.12757
-11.5229 -87.2946 8.4116 -74.127875
-10.3324 -88.1124 9.2259 -74.128184
-10.675 -89.8262 9.467 -74.128499
-11.2148 -91.4903 9.7261 -74.128816
-11.4919 -93.2205 9.9224 -74.129136
-11.8689 -94.9605 9.9938 -74.129461
-12.2215 -96.7085 9.9892 -74.129788
-12.5548 -98.4528 9.9031 -74.130119
-13.101 -100.1246 9.6027 -74.130452
-13.6123 -101.6942 9.0552 -74.130788
-14.5178 -102.8115 8.0351 -74.131128
-14.732 -103.8321 6.6289 -74.13147
-14.736 -104.949 5.3416 -74.131815
-14.7897 -105.5564 3.6632 -74.132161
-14.9175 -106.1934 2.0059 -74.132506
-14.8119 -107.3154 0.66 -74.132848
-14.3904 -108.3157 -0.7477 -74.13319
-14.0768 -109.6227 -1.5126 -74.133528
-14.1581 -111.3783 -1.2027 -74.133862
-14.4574 -112.7137 -0.3129 -74.134193
-14.5581 -113.8268 1.0481 -74.134517
-14.5629 -114.7419 2.5821 -74.134836
-14.3372 -115.8187 3.9677 -74.135145
-14.0073 -116.8255 5.38 -74.135445
-13.5104 -118.0936 6.4955 -74.135732
-13.0668 -119.695 6.5246 -74.136006
-12.4966 -121.0534 5.5568 -74.136264
-12.0851 -122.6625 5.1356 -74.136505
-12.5004 -124.2153 4.474 -74.136727
-12.6759 -125.9354 4.076 -74.136928
-13.0189 -127.5669 3.9008 -74.137106
-13.6129 -129.2115 3.7998 -74.137259
-14.5095 -130.7248 3.617 -74.137385
-15.1909 -132.314 3.2206 -74.137482
-16.0458 -133.6469 2.4524 -74.137549
-17.0046 -135.0632 2.0492 -74.137583
-3.6471 -8.0538 -0.0157 -74.113309
-1.3228 -8.9468 -0.0471 -74.113386
0.9314 -9.9936 -0.0832 -74.113473
2.6625 -11.7633 -0.1495 -74.113583
3.884 -13.4015 -0.8686 -74.113766
4.2751 -14.1359 -3.2157 -74.114179
4.6663 -14.8703 -5.5627 -74.114594
5.0575 -15.6047 -7.9097 -74.11501
5.4487 -16.3392 -10.2567 -74.115427
5.5082 -15.6747 -11.481 -74.11575
5.7528 -14.1284 -10.9972 -74.115961
5.1317 -14.013 -9.0503 -74.116184
5.6382 -14.026 -8.2186 -74.116425
7.6439 -14.2766 -7.8039 -74.116676
9.6042 -14.0356 -7.3728 -74.116928
11.4824 -13.5321 -6.7322 -74.117193
12.4397 -13.1153 -5.3274 -74.117471
13.1732 -12.7275 -3.4442 -74.117764
14.0029 -12.5015 -1.5695 -74.118072
14.9232 -12.6143 0.2611 -74.118393
16.0509 -12.8503 1.9217 -74.118729
17.2291 -12.7352 3.6117 -74.119084
18.6969 -13.072 4.9744 -74.119446
20.4387 -12.843 5.9867 -74.119824
22.2399 -12.9948 6.2182 -74.120102
23.7688 -13.3762 5.9788 -74.120269
25.0057 -12.6222 5.3936 -74.120439
26.3571 -12.2571 4.8087 -74.120614
27.8738 -11.9691 4.5669 -74.120792
29.2461 -11.1445 4.4391 -74.120974
30.8012 -10.7714 4.3716 -74.121158
32.3851 -10.5715 4.2891 -74.121346
33.2233 -10.1298 4.9983 -74.121539
34.0663 -9.8024 5.9221 -74.121734
35.5597 -9.845 6.5062 -74.121931
36.9026 -9.7278 7.2501 -74.122131
38.2463 -9.5474 7.9246 -74.122333
39.7277 -9.1425 8.3952 -74.122537
41.1759 -8.7377 8.951 -74.122743
42.5633 -8.3419 9.5488 -74.122951
43.7337 -8.1277 8.583 -74.123161
45.1311 -8.0308 7.9631 -74.123371
46.5242 -8.3092 7.3517 -74.123581
47.4104 -8.3281 6.0274 -74.123793
48.547 -8.1523 4.9694 -74.124004
50.1277 -8.0481 4.8161 -74.124213
51.0302 -8.412 5.9293 -74.124425
52.4231 -8.5023 6.17 -74.124632
53.895 -8.5955 6.6905 -74.124837
54.9911 -8.7652 7.7616 -74.125039
56.4893 -8.9904 7.679 -74.125236
57.587 -10.1308 7.9043 -74.125427
59.0801 -10.6364 8.1455 -74.125613
60.6014 -11.0022 8.4608 -74.125791
61.9959 -11.5958 8.0265 -74.125961
62.9752 -11.9724 7.058 -74.126124
63.4644 -12.0743 5.5381 -74.126277
64.0395 -11.9612 4.047 -74.126419
64.4337 -11.9546 2.4888 -74.12655
64.823 -11.932 0.9297 -74.126664
65.2041 -11.8836 -0.6309 -74.126763
65.5558 -11.8356 -2.1985 -74.126844
65.8976 -11.7879 -3.7682 -74.126907
66.4194 -11.7876 -5.282 -74.126949
66.4944 -12.5596 -6.6605 -74.126971
21.8035 -12.9643 5.5087 -74.120136
22.2928 -12.8975 4.0421 -74.120366
22.782 -12.8307 2.5755 -74.120594
23.2713 -12.7639 1.1089 -74.120818
23.7606 -12.6971 -0.3578 -74.121038
24.2499 -12.6303 -1.8244 -74.121255
24.7391 -12.5635 -3.291 -74.121467
25.2284 -12.4967 -4.7576 -74.121675
25.7177 -12.4299 -6.2242 -74.121878
26.2069 -12.363 -7.6908 -74.122076
26.8935 -12.3131 -8.9994 -74.122271
27.9931 -12.1349 -10.0456 -74.122466
29.4155 -12.0244 -10.5719 -74.122664
30.9321 -12.139 -10.7879 -74.122862
32.4337 -12.4908 -10.7732 -74.123062
33.7283 -13.0404 -10.3346 -74.123263
34.9591 -13.7394 -9.781 -74.123464
36.3049 -14.3754 -9.3611 -74.123667
37.7863 -14.4064 -8.971 -74.123872
38.9765 -14.4204 -8.3072 -74.124077
39.509 -14.5028 -6.8771 -74.124279
40.803 -14.1184 -7.3333 -74.124478
42.1172 -13.7343 -7.9502 -74.124674
43.481 -14.2451 -8.4653 -74.124866
44.8322 -14.6862 -9.0455 -74.125054
46.2199 -15.1571 -9.5418 -74.125237
47.4998 -15.7968 -10.1041 -74.125414
48.4919 -16.341 -10.9949 -74.125585
49.2648 -16.5571 -12.2212 -74.125748
50.6437 -17.0063 -12.5265 -74.125902
52.1626 -17.2199 -12.7123 -74.126045
53.5098 -17.9199 -12.5815 -74.126177
54.8261 -18.5114 -12.0649 -74.126297
56.0144 -19.3898 -11.6485 -74.126403
57.1511 -20.3793 -11.2981 -74.126494
58.5784 -20.83 -11.009 -74.126569
59.5198 -21.3446 -11.6244 -74.126627
59.9152 -21.5013 -13.1121 -74.126667
60.3293 -21.6363 -14.5919 -74.126688
5.542 -17.4481 -11.9734 -74.11571
5.2752 -19.0549 -12.8511 -74.115836
4.5319 -20.5356 -13.6308 -74.115966
4.2842 -21.2679 -12.1504 -74.116101
4.5234 -21.5541 -11.2061 -74.116238
5.0916 -22.5097 -9.9139 -74.116379
5.6355 -23.6108 -8.5295 -74.116523
6.4022 -24.9693 -7.5369 -74.11667
6.6335 -26.3097 -6.3211 -74.11682
7.1852 -27.3717 -7.4784 -74.116974
7.7638 -28.2275 -9.037 -74.11713
9.1599 -28.8455 -10.0123 -74.117288
10.2945 -29.4271 -11.2255 -74.117449
12.0307 -29.9265 -10.7637 -74.117613
13.7255 -30.5864 -10.4924 -74.11778
15.1918 -31.515 -11.0288 -74.117949
16.7178 -31.6949 -12.0524 -74.118121
18.2188 -31.9125 -13.1144 -74.118296
19.9511 -32.1969 -13.7295 -74.118473
21.5074 -33.0418 -14.1745 -74.11866
22.8543 -34.2615 -14.6414 -74.11885
24.0059 -35.5947 -15.1729 -74.119037
24.5296 -37.1036 -15.7174 -74.119227
24.7232 -37.5624 -17.5262 -74.119422
25.1008 -38.2263 -19.2142 -74.11962
26.3789 -39.4506 -19.5884 -74.119819
28.1291 -39.8596 -20.0602 -74.12002
29.3513 -39.6098 -21.3429 -74.120226
30.6809 -38.9744 -22.3478 -74.120435
31.8544 -39.4408 -23.699 -74.120648
32.7072 -40.1312 -24.5207 -74.120865
34.1875 -40.0661 -24.2388 -74.121085
35.3747 -39.954 -25.6606 -74.121309
36.0556 -40.1808 -27.3735 -74.12154
37.1117 -40.5409 -28.8636 -74.121772
37.9499 -40.8975 -30.5002 -74.122007
38.8019 -40.6861 -32.1277 -74.122247
39.8174 -40.5169 -33.6425 -74.122489
40.8901 -40.7217 -35.068 -74.122734
42.5305 -41.61 -35.2384 -74.122982
44.3755 -41.8861 -35.4176 -74.123233
45.9871 -42.2694 -36.0731 -74.123486
47.4878 -43.2765 -36.1873 -74.123747
49.3319 -43.6209 -36.2065 -74.124016
51.1887 -43.712 -36.2324 -74.124278
53.0372 -43.4731 -36.3042 -74.124541
54.8899 -43.6769 -36.497 -74.124804
56.6959 -43.5991 -36.9065 -74.125068
58.2639 -44.1277 -37.6876 -74.125332
59.5341 -44.5902 -38.7803 -74.125596
60.5988 -45.0677 -39.8571 -74.125856
61.8729 -46.2433 -40.1922 -74.126113
63.3313 -46.5896 -41.0735 -74.126367
64.0217 -46.6763 -42.7931 -74.126618
64.5704 -46.7494 -44.583 -74.126862
64.8703 -46.6711 -46.4334 -74.127107
65.1687 -46.5915 -48.2839 -74.127335
65.5964 -46.5388 -50.1097 -74.127553
65.7108 -46.4215 -51.9702 -74.127774
65.6981 -46.2783 -53.8407 -74.127979
65.6854 -46.1351 -55.7113 -74.12816
65.6727 -45.9919 -57.5819 -74.128315
65.7296 -45.7497 -59.4403 -74.128452
65.8135 -45.4694 -61.2934 -74.128564
66.0243 -45.0935 -63.1166 -74.12865
66.1717 -44.6856 -64.9394 -74.128709
66.3305 -44.1781 -66.4646 -74.12874
5.6517 -16.7814 -12.2027 -74.115795
5.689 -16.9607 -13.7308 -74.116088
5.7263 -17.14 -15.259 -74.116381
5.7636 -17.3194 -16.7872 -74.116674
5.8009 -17.4987 -18.3154 -74.116967
5.8383 -17.678 -19.8436 -74.11726
5.8756 -17.8574 -21.3717 -74.117553
5.9129 -18.0367 -22.8999 -74.117846
5.9502 -18.216 -24.4281 -74.118139
5.9875 -18.3954 -25.9563 -74.118431
6.0248 -18.5747 -27.4845 -74.118724
6.0621 -18.754 -29.0126 -74.119015
6.0994 -18.9334 -30.5408 -74.119306
6.1367 -19.1127 -32.069 -74.119597
6.1741 -19.292 -33.5972 -74.119886
6.2114 -19.4714 -35.1254 -74.120173
6.2487 -19.6507 -36.6536 -74.120459
6.286 -19.83 -38.1817 -74.120744
6.3233 -20.0094 -39.7099 -74.121026
6.3606 -20.1887 -41.2381 -74.121305
6.3979 -20.368 -42.7663 -74.121582
6.4352 -20.5474 -44.2945 -74.121855
6.4725 -20.7267 -45.8226 -74.122125
6.5099 -20.906 -47.3508 -74.122391
6.5472 -21.0854 -48.879 -74.122652
6.5845 -21.2647 -50.4072 -74.122909
6.6218 -21.444 -51.9354 -74.12316
6.6591 -21.6234 -53.4635 -74.123406
6.6964 -21.8027 -54.9917 -74.123645
6.7337 -21.982 -56.5199 -74.123878
6.771 -22.1614 -58.0481 -74.124104
6.8083 -22.3407 -59.5763 -74.124322
6.8457 -22.52 -61.1045 -74.124533
6.883 -22.6994 -62.6326 -74.124735
6.9394 -22.8766 -64.1572 -74.124929
8.1498 -22.8799 -64.1006 -74.125118
8.9886 -23.516 -62.989 -74.125305
9.9314 -24.3205 -62.1091 -74.125489
10.5435 -25.411 -61.3105 -74.12567
11.1641 -26.7642 -60.9602 -74.125845
11.7371 -28.177 -61.0516 -74.126015
12.2468 -29.4991 -61.4619 -74.126178
12.6299 -30.7915 -61.1111 -74.126335
13.0367 -32.212 -60.6823 -74.126483
13.4206 -33.6473 -60.2909 -74.126622
13.672 -35.0666 -59.8345 -74.126749
13.7802 -36.5811 -60.0484 -74.126865
13.7177 -38.0731 -60.4184 -74.126967
13.5658 -39.5761 -60.7091 -74.127055
13.3014 -41.0704 -60.6511 -74.127128
13.3571 -42.0105 -59.4467 -74.127184
13.5377 -43.0476 -58.3404 -74.127223
13.6333 -44.0606 -57.3331 -74.127243
-2.4565 -0.91 0.0523 -74.111641
-2.8293 2.667 0.2464 -74.110037
-3.0866 6.216 0.7208 -74.10841
-2.2413 9.6979 1.5153 -74.106758
-0.7404 12.7593 0.9662 -74.105094
0.227 15.8879 -1.0884 -74.103348
0.5524 20.1154 -1.9386 -74.101525
0.4575 24.418 -2.5408 -74.099692
0.4389 27.3767 -5.5178 -74.097849
-0.013 29.9656 -8.7108 -74.096005
-0.1419 14.3216 0.264 -74.104219
0.8616 14.8245 1.2959 -74.103788
2.5303 15.409 3.4469 -74.103024
5.0961 15.9466 3.8822 -74.102267
7.8356 16.5695 3.9069 -74.101514
10.5566 17.2922 4.0994 -74.100781
13.2701 17.9524 4.5537 -74.100066
15.8121 18.8134 4.7988 -74.099378
17.2134 19.7132 4.344 -74.098951
17.5574 19.3689 4.0634 -74.098939
-0.9274 14.3109 0.2417 -74.104072
-2.5488 14.1754 0.0246 -74.10388
-4.1702 14.04 -0.1925 -74.103708
-5.6969 13.9854 -0.1496 -74.103553
-6.0083 14.0245 0.9686 -74.103408
-4.7591 13.8534 0.1003 -74.103274
-4.5248 13.8442 -1.5168 -74.103118
-4.3735 13.8457 -3.1513 -74.102979
-4.2222 13.8471 -4.7858 -74.102861
-4.0708 13.8486 -6.4202 -74.102767
-3.7648 13.9278 -8.018 -74.102695
-3.1571 14.1597 -9.5252 -74.102647
-2.5409 14.9686 -10.6984 -74.102631
-0.6612 32.5013 -8.9792 -74.09488
-1.3441 34.6869 -8.6538 -74.093964
-2.5162 37.7967 -7.959 -74.092544
-4.0883 40.798 -9.2426 -74.091104
-6.1771 43.4321 -10.5669 -74.089647
-7.4526 45.9637 -12.4793 -74.088169
-8.199 48.9959 -14.3148 -74.086655
-8.488 52.2581 -16.0262 -74.085106
-8.9751 55.6713 -17.3793 -74.083537
-8.9724 59.3456 -17.9864 -74.08195
-8.8355 62.9598 -18.9326 -74.080343
-8.1651 65.7964 -21.101 -74.078713
-8.071 69.4931 -21.2598 -74.077064
-8.0725 72.7987 -19.5494 -74.075393
-8.8931 75.9303 -20.6534 -74.073876
-9.8467 77.8663 -22.8286 -74.072512
-10.916 79.9845 -24.8489 -74.071133
-11.8107 82.572 -26.461 -74.069602
-13.9622 85.1541 -28.0376 -74.067918
-15.428 87.4195 -30.0798 -74.066203
-16.2874 89.1284 -32.8169 -74.064649
-17.1302 91.8068 -33.4334 -74.063266
-16.6579 94.7355 -33.3269 -74.061863
-16.2793 97.4317 -32.2507 -74.060442
-16.0966 100.3779 -31.8618 -74.059001
-15.6048 103.2146 -31.8672 -74.056603
-15.0646 104.6984 -30.0846 -74.053217
-14.4099 106.6313 -31.3901 -74.049792
-13.9013 109.3975 -31.7321 -74.046319
-13.1382 112.1018 -31.8855 -74.042798
-12.0288 114.6912 -32.2205 -74.039224
-9.9615 116.491 -32.7147 -74.035598
-8.3964 118.5551 -33.6954 -74.031918
-7.0441 120.3709 -35.2413 -74.028179
-16.3107 103.1222 -31.2609 -74.057887
-17.0106 105.6108 -30.0258 -74.057123
-17.7104 108.0993 -28.7907 -74.056369
-18.4103 110.5878 -27.5556 -74.055621
-19.1321 113.0846 -26.3544 -74.054881
-20.0839 115.6275 -25.7828 -74.054138
-21.6544 117.8269 -26.4818 -74.053384
-22.4041 120.0541 -28.0006 -74.052619
-23.8204 121.9956 -29.2918 -74.051841
-16.2837 88.4956 -30.6847 -74.065296
-16.9057 88.45 -28.8674 -74.065228
-17.5277 88.4044 -27.0501 -74.065172
-18.1496 88.3588 -25.2328 -74.065129
-18.7716 88.3131 -23.4155 -74.065098
-19.3936 88.2675 -21.5982 -74.06508
-20.0155 88.2219 -19.7808 -74.065074
-20.6375 88.1763 -17.9635 -74.06508
-21.2595 88.1307 -16.1462 -74.065098
-21.8814 88.0851 -14.3289 -74.065127
-22.5034 88.0394 -12.5116 -74.065168
-23.1253 87.9938 -10.6943 -74.06522
-23.7473 87.9482 -8.8769 -74.065283
-24.3693 87.9026 -7.0596 -74.065356
-24.9912 87.857 -5.2423 -74.065439
-25.6132 87.8114 -3.425 -74.065531
-26.2352 87.7657 -1.6077 -74.065633
-26.8571 87.7201 0.2096 -74.065744
-27.4791 87.6745 2.0269 -74.065864
-28.1011 87.6289 3.8443 -74.065991
-28.723 87.5833 5.6616 -74.066126
-10.6474 82.0467 -25.97 -74.07037
-9.8973 83.5702 -26.7997 -74.070243
-8.9166 84.4636 -28.1497 -74.070126
-7.9416 85.635 -29.2349 -74.070018
-6.7633 86.7616 -30.2244 -74.069918
-5.9934 87.8877 -31.5 -74.069828
-4.805 89.0805 -31.9871 -74.069748
-4.0074 90.0975 -33.2964 -74.069676
-3.642 91.5318 -34.1524 -74.069613
-3.5504 92.2381 -35.0395 -74.06956
-2.6112 93.3175 -34.37 -74.069516
-1.4138 94.7914 -34.5426 -74.069482
-0.1697 96.0984 -35.117 -74.069457
0.8889 97.112 -35.3375 -74.069441
1.8787 97.6218 -33.8386 -74.069435
3.297 98.6527 -34.2066 -74.069439
4.478 100.1526 -34.2331 -74.069452
5.7259 101.6013 -34.2783 -74.069474
6.9236 103.076 -34.3329 -74.069505
8.2378 104.4594 -34.2789 -74.069544
9.708 105.6324 -34.1824 -74.069593
11.0242 106.9149 -34.1788 -74.06965
12.03 108.5293 -34.2938 -74.069715
12.8387 110.237 -34.4028 -74.069788
13.6986 111.9172 -34.2947 -74.069868
14.9808 113.3035 -34.0183 -74.069956
16.3534 114.5382 -33.5266 -74.07005
-8.0122 74.6652 -19.0128 -74.074457
-7.3733 74.7434 -17.1393 -74.074281
-6.2129 74.8717 -15.5661 -74.074116
-4.6588 75.1485 -14.4836 -74.073961
-2.9313 75.2005 -13.5318 -74.073815
-1.1908 75.5548 -14.025 -74.073679
0.2492 75.4182 -15.2751 -74.073552
1.6994 75.2949 -16.4498 -74.073435
3.456 75.8724 -16.5978 -74.073327
4.909 77.061 -16.0201 -74.073229
6.3489 78.0205 -15.2054 -74.073142
7.6777 78.1558 -16.557 -74.073063
9.1932 78.8939 -17.1669 -74.072995
10.3243 80.3116 -17.9293 -74.072936
11.8031 81.2429 -18.8099 -74.072888
13.3202 82.0201 -19.7154 -74.072849
14.672 82.8734 -20.8357 -74.07282
15.8195 84.0369 -21.4716 -74.072801
17.3968 85.0052 -21.5241 -74.072791
19.1523 85.9091 -21.6233 -74.072791
20.835 86.8367 -21.5731 -74.0728
22.3782 87.6805 -22.4819 -74.072819
23.6336 88.6822 -23.6145 -74.072846
25.3121 89.236 -24.4178 -74.072882
26.9271 90.1776 -25.069 -74.072928
28.5711 91.1435 -25.6063 -74.072983
30.1849 92.1759 -26.0934 -74.073043
31.906 93.0582 -26.3886 -74.073111
33.349 94.3802 -26.2354 -74.073186
34.682 95.7638 -25.7885 -74.073267
36.0698 96.9946 -25.1164 -74.073354
-9.1332 71.1226 -19.9391 -74.07606
-11.2049 71.3971 -19.3463 -74.075732
-12.2503 72.1505 -17.4371 -74.075412
-13.2771 72.9723 -16.3017 -74.0751
-15.0629 74.4381 -16.0237 -74.074798
-17.1889 75.3374 -15.9102 -74.074504
-18.7708 76.7954 -16.5998 -74.07422
-20.2396 77.7578 -18.0502 -74.073946
-21.4318 79.2493 -19.3169 -74.073682
-22.4493 80.8848 -20.0685 -74.073502
-23.644 82.5321 -19.9209 -74.073407
-25.2693 83.8199 -19.7197 -74.073324
-26.4282 85.5474 -19.5741 -74.073252
-27.4271 87.2915 -19.7394 -74.073192
-28.2555 88.0894 -18.5764 -74.073144
-28.4362 88.7812 -16.6121 -74.073108
-28.7184 89.4709 -14.6555 -74.073084
-28.5952 90.5234 -12.9306 -74.073072
-28.0087 92.2281 -11.8717 -74.073072
-28.1824 93.3344 -10.523 -74.073084
-28.881 94.9101 -9.3484 -74.073108
-29.1637 96.6406 -8.2343 -74.073145
-29.7507 98.589 -7.8416 -74.073193
-31.2546 100.014 -7.7767 -74.073254
-32.9856 101.1833 -7.8435 -74.073327
-34.438 102.6859 -7.93 -74.073411
-35.8645 104.1959 -8.077 -74.073508
-37.7492 105.0636 -8.2888 -74.073616
-39.7252 105.5106 -8.4883 -74.073737
-41.4274 106.5542 -8.4275 -74.073869
-22.5697 79.9845 -21.0657 -74.073474
-23.5049 79.5868 -23.0086 -74.073343
-24.7357 79.2357 -23.1851 -74.073237
-26.0186 79.7983 -22.2548 -74.073142
-27.6912 80.6895 -21.9109 -74.073058
-29.3246 81.7314 -21.4655 -74.072985
-31.1306 82.4861 -21.4143 -74.072923
-32.9071 83.2024 -21.5235 -74.072872
-34.8537 83.2248 -21.3716 -74.072831
-36.6622 83.819 -20.8419 -74.072802
-38.0322 83.5029 -19.5874 -74.072783
-39.4902 83.5562 -18.2934 -74.072776
-40.9141 84.0358 -17.0459 -74.072779
-42.4783 85.0996 -16.5078 -74.072794
-44.0118 86.2891 -16.2793 -74.07282
-45.0805 86.8165 -17.3328 -74.072857
-45.3985 87.0849 -19.2874 -74.072905
-46.0085 87.5938 -21.1008 -74.072964
-46.5256 87.8633 -23.0125 -74.073035
-47.0124 88.1443 -24.9307 -74.073116
-48.0466 88.8001 -25.8124 -74.073207
-49.3531 89.8139 -24.8517 -74.073308
-23.4169 79.5945 -22.041 -74.073401
-7.4755 47.1812 -14.128 -74.087324
-6.6397 46.9581 -15.442 -74.087137
-6.0885 47.0624 -16.854 -74.086962
-5.6785 47.4504 -18.3124 -74.086793
-5.0375 48.1975 -19.4234 -74.086634
-4.9376 48.8586 -20.8471 -74.086482
-4.8994 49.5688 -22.2208 -74.086338
-4.8067 50.8524 -23.1201 -74.086205
-4.348 52.1399 -23.896 -74.086075
-3.8636 53.4258 -24.6617 -74.085959
-3.2759 54.7308 -25.2965 -74.085857
-2.6137 56.0992 -25.6637 -74.085766
-1.9972 57.5231 -25.7699 -74.085686
-0.7472 58.4335 -25.8246 -74.085618
0.1834 59.5702 -25.9895 -74.08556
1.0556 60.8294 -26.3063 -74.085514
1.4265 62.1744 -26.9168 -74.08548
1.2466 63.3678 -27.9187 -74.085457
0.8615 64.5278 -28.8693 -74.085446
-1.2039 34.2315 -8.7378 -74.094331
-2.1645 36.692 -8.3921 -74.09366
-3.11 39.1845 -8.3928 -74.092983
-3.9026 40.3411 -6.7187 -74.092302
-4.4638 40.8393 -4.1593 -74.091615
-5.2514 41.2336 -1.6507 -74.090927
-6.4986 41.3875 0.6577 -74.090241
-6.9016 41.3668 3.1344 -74.089551
-8.3244 41.1475 5.0228 -74.088868
-9.0777 42.2825 6.6587 -74.088298
-10.4818 44.1286 6.7312 -74.087844
-12.0542 45.877 6.472 -74.087396
-13.7926 47.4551 6.7415 -74.086955
-14.3287 48.7274 8.6097 -74.08652
-14.2892 50.0448 10.5825 -74.086092
-14.3831 52.2013 11.5125 -74.085674
-15.4653 54.1641 11.5993 -74.085264
-15.9872 56.1264 10.7348 -74.084862
-15.9935 58.493 10.4465 -74.084469
-16.6674 59.2873 8.5547 -74.084084
-17.4698 59.7595 6.3608 -74.083708
-17.8092 61.9411 6.2291 -74.083343
-19.8136 62.8997 6.5069 -74.082987
-21.3274 63.1601 7.9551 -74.08264
-22.8218 64.0013 9.1439 -74.082388
-24.7396 64.6596 9.7419 -74.082236
-25.9313 65.6939 8.2209 -74.082099
-27.3521 67.091 7.1443 -74.081977
-27.8515 68.7801 5.7356 -74.081869
-28.9706 70.1238 4.2552 -74.081776
-29.8302 71.1977 2.3661 -74.081698
-30.5772 72.9481 2.3143 -74.081635
-31.2511 73.9836 4.3225 -74.081588
-31.8836 74.7971 6.3519 -74.081555
-33.4979 76.3178 6.0157 -74.081538
-35.3494 77.7054 5.6794 -74.081537
-36.2359 77.7987 3.4859 -74.081552
-36.823 78.2142 1.2302 -74.081582
-37.2962 78.8752 -1.0041 -74.081628
-38.0777 79.5243 -3.1351 -74.081689
-38.5828 79.8578 -5.4262 -74.081767
-40.1286 80.7679 -6.86 -74.08186
-41.8887 81.3717 -5.9333 -74.081969
-43.201 81.2826 -4.0378 -74.082095
-44.3102 81.7185 -2.0187 -74.082236
-23.2557 64.0561 8.131 -74.082353
-24.9649 64.9635 8.1844 -74.082127
-26.0616 65.9005 8.9001 -74.081908
-26.305 66.1448 10.8713 -74.081698
-26.4364 66.2766 12.8582 -74.081502
-26.7662 66.3845 14.8041 -74.081318
-28.2543 66.3369 15.7942 -74.081145
-29.7596 66.2207 16.7645 -74.080982
-29.8152 66.2528 18.7633 -74.08083
-30.2709 66.9957 19.6957 -74.080689
-31.7156 67.9135 20.4594 -74.080559
-32.1409 69.5247 21.5115 -74.08044
-33.0427 71.1208 22.2483 -74.080332
-33.7682 72.7602 23.0868 -74.080235
-34.714 74.4169 23.6586 -74.08015
-35.5114 76.0162 24.4887 -74.080076
-35.8784 77.7991 25.2812 -74.080013
-36.6919 79.4931 25.9091 -74.079961
-37.5921 81.2366 26.1638 -74.07992
-37.9648 82.9348 26.6532 -74.07989
-38.1232 84.1537 28.0096 -74.079871
-37.4894 85.6297 29.04 -74.079863
-37.0034 87.4849 29.1485 -74.079865
-36.7841 89.4485 29.2879 -74.079878
-36.3959 91.4052 29.448 -74.079902
-9.6387 41.5186 6.3846 -74.088369
-11.2133 41.8239 6.3128 -74.088061
-12.0979 42.4791 4.8865 -74.087756
-13.2557 43.35 3.9751 -74.08746
-14.2423 43.577 2.4577 -74.08717
-15.3556 43.71 1.0276 -74.086889
-15.9894 44.5732 -0.4476 -74.086614
-16.6871 45.12 -2.0478 -74.086347
-17.7188 45.8368 -3.2857 -74.086088
-18.5783 46.8498 -4.5254 -74.085837
-19.9074 47.2662 -5.6939 -74.085594
-21.5852 47.5437 -6.3542 -74.085361
-22.9761 48.6597 -6.3259 -74.085137
-24.3563 49.8697 -6.2079 -74.084922
-25.8552 50.8966 -6.0169 -74.084716
-27.0962 51.9486 -5.4199 -74.084519
-27.9482 52.3876 -3.9646 -74.084331
-29.654 52.5789 -3.9322 -74.084153
-30.6445 52.9077 -5.3714 -74.083985
-32.0441 53.5066 -6.2656 -74.083827
-33.4656 54.634 -6.5349 -74.083678
-34.9544 55.5474 -7.0531 -74.08354
-36.2819 56.6634 -7.6004 -74.083412
-37.6486 57.8611 -7.7756 -74.083294
-38.5034 59.4777 -7.6459 -74.083186
-39.3718 61.0534 -7.2838 -74.083088
-40.2991 62.551 -6.7638 -74.082999
-41.2384 64.045 -6.261 -74.08292
-41.8614 65.6914 -5.7694 -74.082851
-42.4591 67.2851 -5.1652 -74.08279
-43.3383 68.5969 -4.4191 -74.082738
-44.4522 70.0317 -4.1392 -74.082694
-45.5063 71.5345 -4.0501 -74.082658
-46.5569 73.035 -4.1531 -74.082629
-47.8716 74.2263 -4.5515 -74.082607
-48.8625 75.1738 -5.5759 -74.08259
-49.2408 75.7623 -7.2733 -74.082579
-49.4584 77.0985 -8.4631 -74.082572
-49.9501 78.752 -8.946 -74.082568
-51.026 79.8745 -9.2484 -74.082567
-51.28 79.9424 -10.8927 -74.082567
17.7044 20.951 4.9703 -74.098763
18.2015 22.2043 5.6044 -74.098577
18.6985 23.4577 6.2386 -74.098395
19.0912 25.152 6.8819 -74.09817
19.429 27.2733 6.757 -74.097903
20.0937 28.9393 5.4586 -74.09764
20.5192 30.5261 4.0181 -74.097382
21.7848 31.8769 2.8501 -74.097129
22.0977 33.1829 1.0434 -74.096882
23.2662 34.71 0.0406 -74.096642
23.7528 35.2305 -1.9989 -74.096409
24.4415 36.3316 -0.4475 -74.096183
25.2156 37.3871 1.3732 -74.095965
25.5431 38.1412 3.4507 -74.095755
26.3109 39.4951 5.0553 -74.095555
27.3125 40.7429 3.9319 -74.095365
27.6125 41.5008 5.9749 -74.095183
27.8649 42.4672 7.8245 -74.095011
28.5761 44.0126 9.106 -74.09485
29.3017 45.8785 9.8466 -74.094701
29.8444 47.4239 10.9837 -74.094561
29.8427 48.4745 12.9418 -74.094432
30.4043 50.5089 13.6559 -74.094316
32.2661 51.6774 14.0416 -74.094211
33.7432 53.3643 13.9508 -74.094118
35.3704 54.8773 13.6311 -74.094036
36.404 56.7929 13.1328 -74.093967
37.9566 57.9008 12.228 -74.093911
39.1636 59.6692 11.6914 -74.093867
40.7811 61.2139 11.412 -74.093835
42.5407 62.5144 11.7504 -74.093816
43.9242 63.8221 12.81 -74.09381
45.3908 65.165 13.6376 -74.093818
45.9271 67.2097 14.1714 -74.093838
46.6355 69.1359 14.3788 -74.093871
48.3635 70.1089 14.8857 -74.093917
49.6569 71.9103 15.1633 -74.093977
50.9513 73.7475 15.4455 -74.094051
52.8054 74.9337 15.6383 -74.094136
54.7263 75.5702 15.6827 -74.094234
56.0864 76.9982 15.657 -74.094345
57.1449 78.0802 14.4904 -74.094469
58.894 79.349 14.0314 -74.094606
60.9129 80.2627 14.3307 -74.094755
62.6887 81.5896 14.007 -74.094917
64.1912 82.1373 14.8133 -74.095091
65.3934 82.3955 16.5144 -74.095277
66.9021 83.2776 17.6975 -74.095474
67.4164 84.9808 18.6495 -74.095682
68.0681 86.9646 19.2519 -74.095899
18.9087 24.0362 7.1126 -74.098302
19.1476 18.9083 3.9431 -74.0987
20.9905 18.3979 3.8423 -74.098429
22.9152 18.2333 3.6481 -74.098158
24.7758 17.8958 3.3306 -74.097888
26.5871 18.0132 3.1308 -74.097619
28.3023 18.6484 3.6845 -74.097352
29.9424 18.8206 4.6508 -74.097089
31.2866 18.6601 5.9911 -74.096827
32.7096 18.1098 7.1234 -74.09657
34.1103 16.8391 7.543 -74.096317
35.4164 15.4177 7.7072 -74.096068
36.5618 14.0174 7.4707 -74.095824
38.0589 13.6462 6.35 -74.095585
39.8047 13.3092 5.8907 -74.095353
41.5119 12.7068 5.2455 -74.095126
42.8693 12.0614 4.0202 -74.094905
44.4573 11.3345 3.2295 -74.094691
45.9294 10.8303 2.4767 -74.094483
47.1014 10.1377 3.6205 -74.094282
48.3849 9.3089 4.6779 -74.09409
49.394 9.6773 6.2389 -74.093904
50.6478 10.0528 7.6185 -74.093726
51.9327 9.8336 9.0023 -74.093557
53.4883 10.1208 10.104 -74.093397
55.2334 9.8227 9.9071 -74.093245
57.0597 9.924 9.3135 -74.093094
58.8743 9.6526 8.6558 -74.092948
60.689 9.3812 7.9981 -74.092816
62.4959 9.1815 7.3186 -74.092697
64.0964 9.6659 6.3822 -74.092589
65.6128 10.0298 5.5676 -74.09249
66.3879 8.7348 6.61 -74.0924
67.0408 7.9267 8.2378 -74.092319
67.6184 7.3624 10.0083 -74.092247
68.2214 6.7991 11.7671 -74.092185
68.8557 6.3245 13.5452 -74.092132
69.5936 6.0215 15.3177 -74.092088
70.6128 5.6939 16.9232 -74.092053
71.846 5.1297 18.3139 -74.092027
73.446 5.6128 19.1551 -74.09201
75.1394 5.1362 19.9892 -74.092
76.7792 5.1163 20.887 -74.091999
78.3203 5.541 21.9782 -74.092005
79.5543 6.0354 23.1887 -74.092018
80.477 6.477 24.7608 -74.092037
82.1371 6.4027 25.3832 -74.092062
83.992 6.8997 25.7174 -74.092091
85.8702 6.8251 26.0726 -74.092126
87.7509 6.7088 26.4848 -74.092164
89.6348 6.7028 26.6547 -74.092205
91.0074 6.4378 25.4152 -74.092248
92.1971 6.0461 24.0228 -74.092291
93.1627 5.5053 22.7795 -74.092335
93.4181 5.3578 20.8527 -74.092376
93.6827 5.205 18.9277 -74.092415
93.9559 5.0473 17.0042 -74.092448
94.7999 4.5071 17.8661 -74.092475
-1.9865 16.2264 -10.9822 -74.10265
-1.6114 17.3396 -11.0385 -74.102661
-1.1973 18.2526 -10.4886 -74.102669
-0.4899 18.8695 -10.968 -74.102675
0.4947 18.656 -11.4238 -74.102677
-5.9486 122.6202 -36.4545 -74.024378
-4.8563 124.4889 -38.1946 -74.020514
-3.4433 126.1431 -39.8024 -74.016592
-2.2407 128.597 -40.3971 -74.012611
-1.5188 131.295 -40.1613 -74.008563
-1.6696 134.0734 -40.2753 -74.004451
-2.517 136.7345 -40.7076 -74.000268
-3.2762 139.4376 -41.1589 -73.996015
-4.1563 142.1305 -41.3938 -73.991691
-4.9956 144.8475 -41.5126 -73.987293
-4.2109 147.46 -41.641 -73.982824
-3.9407 150.1251 -41.6099 -73.978273
-3.8535 152.9656 -41.6389 -73.973648
-3.8797 155.8081 -41.7765 -73.968936
-3.362 158.4701 -41.8809 -73.964138
-3.9026 161.1882 -41.8597 -73.959255
-4.6546 163.8938 -41.7416 -73.954283
-4.458 166.7321 -41.7051 -73.94922
-4.7248 169.4267 -41.9823 -73.944064
-5.9516 171.9513 -42.4086 -73.938809
-6.8697 174.6164 -42.5236 -73.933458
-7.1469 177.3942 -42.5991 -73.928004
-8.5483 179.5426 -43.6297 -73.922443
-9.0965 181.9163 -44.9846 -73.916763
-9.3572 184.5276 -45.8738 -73.910981
-10.3037 185.8819 -45.5629 -73.906386
-12.6165 185.7411 -44.527 -73.903059
-14.6492 185.7303 -43.1953 -73.899718
-16.2496 187.2653 -42.1906 -73.896322
-17.9145 189.1431 -41.8854 -73.89286
-19.4479 191.0685 -41.5909 -73.889327
-21.0169 192.9475 -41.0017 -73.88572
-22.4125 194.4386 -40.3024 -73.882035
-23.7068 195.9472 -39.0039 -73.878268
-25.0392 197.7028 -39.8911 -73.874419
-25.8175 200.0563 -40.2799 -73.870488
-26.6369 201.4551 -41.5533 -73.86646
-27.5289 202.2594 -40.2727 -73.862341
-29.472 203.3638 -40.3713 -73.858139
-31.4096 204.4733 -39.3932 -73.85384
-31.9894 205.4816 -37.1556 -73.849421
-32.896 206.6385 -35.2063 -73.844912
-33.7738 206.9925 -32.8727 -73.840287
-35.326 208.2821 -31.3862 -73.835569
-36.5537 210.18 -30.3332 -73.830738
-37.6503 212.1937 -29.5135 -73.825792
-38.7499 214.0475 -28.2022 -73.82072
-38.8366 216.2339 -27.1303 -73.815521
-39.8429 217.9451 -25.6872 -73.810189
-40.3547 220.3663 -25.6679 -73.804721
-9.0607 186.6005 -47.0068 -73.90672
-8.6412 188.5188 -48.1723 -73.904034
-7.9227 189.8909 -49.7878 -73.901286
-7.3389 191.2666 -51.5099 -73.898477
-6.8689 192.8579 -53.067 -73.89561
-6.5717 194.5306 -54.6272 -73.892677
-6.699 195.7688 -56.5782 -73.889672
-6.6007 197.3796 -57.9455 -73.886604
-5.361 198.4457 -59.4593 -73.883461
-4.0706 199.0919 -61.2062 -73.880242
-2.56 200.3359 -61.9713 -73.876957
-1.1767 202.1203 -62.473 -73.873593
0.1257 203.765 -63.1817 -73.87015
0.5779 205.9809 -62.9411 -73.86662
1.7705 207.8999 -62.7909 -73.863003
1.7806 210.0234 -63.3852 -73.859294
1.251 212.0868 -62.5412 -73.855487
0.3882 214.2228 -62.3899 -73.85159
-0.4598 216.2968 -62.9067 -73.847593
-1.2479 218.4121 -63.4146 -73.843491
-2.0973 220.5416 -63.7457 -73.839282
-3.4118 222.4275 -63.923 -73.834964
-5.2388 223.8332 -64.0726 -73.830531
-7.0057 225.2983 -64.337 -73.825979
-8.1122 227.0393 -64.9339 -73.821295
-8.3675 229.0243 -65.402 -73.81753
-8.7031 230.7886 -65.6689 -73.814738
-9.2813 232.5101 -65.8231 -73.811873
-9.2237 228.2929 -64.8468 -73.817946
-10.9382 228.5001 -64.259 -73.816
-12.6565 228.7042 -63.682 -73.814011
-25.5183 124.0162 -29.3962 -74.051109
-26.4756 125.8583 -28.1987 -74.050423
-27.6755 127.8327 -27.6028 -74.049727
-27.9279 128.8492 -29.077 -74.049018
-28.5728 129.8586 -27.39 -74.048293
-29.4951 131.5172 -26.0388 -74.047559
-30.3172 133.5583 -25.0126 -74.046811
-30.9903 134.755 -23.0132 -74.046048
-31.8576 136.0757 -21.167 -74.045269
-32.9249 137.8539 -19.8699 -74.044475
-34.7749 138.8966 -19.3111 -74.043663
-36.3176 139.9122 -18.0849 -74.042834
-37.4604 141.3871 -16.8864 -74.041986
-38.6623 143.1941 -16.0632 -74.041117
-40.1691 144.5551 -14.9429 -74.040226
-41.2877 146.3296 -14.9203 -74.039312
-42.5778 148.1549 -14.027 -74.038375
-43.9866 149.9737 -13.1872 -74.037415
-45.0144 151.7833 -12.0503 -74.036428
-45.5532 153.8159 -10.8393 -74.035414
-46.3861 156.0367 -10.2537 -74.034372
-46.9837 158.3901 -9.9517 -74.033301
-47.8117 160.6751 -9.7756 -74.032197
-49.0447 162.6915 -9.706 -74.031062
-50.015 164.9082 -9.8518 -74.029892
-51.5234 166.8379 -9.9384 -74.028687
-52.9161 168.8061 -9.9279 -74.027444
-54.0733 170.9215 -9.7859 -74.026162
-55.7453 172.652 -9.5467 -74.024838
-57.6094 174.1497 -9.6472 -74.023471
-59.246 175.273 -8.9172 -74.022059
-60.6519 176.3429 -7.7572 -74.020599
-61.8971 178.3631 -7.4187 -74.019091
-62.7492 180.6081 -7.5045 -74.017529
-63.9736 182.7158 -7.7021 -74.015916
-65.2308 184.8141 -7.6187 -74.014247
-66.7492 186.7003 -7.6491 -74.012522
-68.417 188.4651 -7.7574 -74.010734
-69.4591 190.6092 -7.7695 -74.008886
-69.6776 192.1396 -9.5531 -74.006964
-70.6232 193.0213 -8.854 -74.004949
-70.9662 193.1386 -6.4297 -74.002865
-71.4596 193.5338 -4.0639 -74.000709
-72.1758 195.2071 -3.9513 -73.998493
-73.6159 196.7389 -5.1111 -73.996198
-74.8609 198.522 -6.148 -73.993818
-75.7426 199.5734 -7.6936 -73.991346
-75.3694 199.5725 -10.1146 -73.98874
-74.4019 199.6256 -11.6143 -73.986073
-73.8016 200.0979 -9.3728 -73.983297
-74.5843 201.3776 -7.8285 -73.980425
-75.66 202.8847 -6.3385 -73.977443
-76.7569 204.7933 -5.2692 -73.97435
-77.7876 206.5222 -4.0466 -73.971133
-78.7815 208.5213 -3.0989 -73.967796
-29.3228 87.5393 7.4141 -74.066263
-29.9005 87.4969 9.1019 -74.066401
-30.4781 87.4545 10.7898 -74.066544
-31.0558 87.4122 12.4776 -74.066692
-32.2782 87.1841 13.3671 -74.066846
-33.8866 86.6278 13.8875 -74.067008
-35.2533 87.1539 14.4242 -74.067178
-35.8481 87.8038 15.3321 -74.067355
-36.8463 86.9864 16.4788 -74.067541
-38.3951 86.3544 16.7879 -74.067733
-40.0436 86.842 16.4412 -74.067933
-41.676 86.6973 15.7688 -74.06814
-43.0795 86.67 14.6822 -74.068353
-44.7397 86.6061 14.8133 -74.068573
-46.2784 86.3685 14.6265 -74.068799
-47.931 85.969 14.7511 -74.06903
-49.3382 85.0184 15.2541 -74.069267
-51.0157 84.5548 15.4912 -74.069508
-52.76 84.3802 15.7377 -74.069754
-54.4766 84.1118 16.1326 -74.070004
-56.1575 83.722 16.5614 -74.070258
-57.6854 83.1665 17.2616 -74.070515
-59.449 83.0129 17.2864 -74.070774
-61.2047 83.1213 17.0316 -74.071034
-62.4985 83.4162 16.057 -74.071296
-64.2493 83.561 15.9695 -74.071559
-65.9938 83.4285 15.6473 -74.071822
-67.7202 83.5173 15.2308 -74.072084
-69.055 83.036 14.2322 -74.072344
-69.8653 82.2066 12.9383 -74.072602
-71.0115 81.258 11.9738 -74.072856
-72.4278 80.4398 11.5445 -74.073105
-73.698 79.222 11.6667 -74.073349
-74.8344 77.8746 11.8888 -74.073586
-76.1909 76.8138 12.1994 -74.073816
-77.7152 76.0674 12.6693 -74.074038
-79.2241 75.3783 13.2714 -74.074249
-80.5771 74.3384 13.7242 -74.074448
-81.948 73.2954 14.1285 -74.074635
-83.3128 72.1963 14.4348 -74.074807
-84.2563 70.7511 14.49 -74.074964
-85.9688 70.3467 14.3507 -74.075104
-87.6869 70.083 14.43 -74.075224
-89.1236 69.3762 14.9056 -74.075325
-90.0942 69.1674 16.3612 -74.075403
-91.4773 68.4273 17.0893 -74.075457
-93.1744 68.4543 17.5737 -74.075485
17.4714 115.5383 -32.7054 -74.070141
18.7181 116.515 -32.6736 -74.070228
19.4474 117.9165 -32.6863 -74.070319
20.2746 119.2604 -32.6312 -74.070413
21.0837 120.5882 -32.4636 -74.070509
21.7758 121.9988 -32.2416 -74.070608
22.3094 123.4582 -32.1155 -74.070709
23.1409 124.8071 -32.0128 -74.070811
23.9385 126.1782 -31.9172 -74.070914
25.0849 127.2066 -31.902 -74.071017
25.7601 127.3047 -33.2559 -74.071121
26.628 127.211 -34.5602 -74.071224
27.4583 127.1967 -35.7592 -74.071325
28.395 127.5305 -34.6253 -74.071424
29.5644 128.205 -33.8463 -74.071519
30.5696 128.6374 -32.8152 -74.071611
32.0051 129.043 -32.2921 -74.071698
33.4128 129.4399 -31.6761 -74.071779
34.7649 130.0848 -31.1622 -74.071854
36.07 130.7044 -30.5266 -74.071921
37.2954 130.2845 -29.7509 -74.071979
38.6668 129.8544 -29.4393 -74.072028
40.0959 129.824 -28.9371 -74.072067
41.6596 129.7812 -29.1527 -74.072094
43.163 129.7557 -29.5887 -74.072108
37.3605 97.6671 -24.1386 -74.073437
38.5247 98.3419 -23.3011 -74.073513
39.4075 98.7958 -22.0704 -74.073592
39.7833 99.3954 -20.6642 -74.073673
39.86 99.407 -19.0804 -74.073756
40.1939 99.8932 -18.7303 -74.07384
40.4963 100.318 -20.2174 -74.073924
41.4643 101.4944 -20.1061 -74.074007
42.3976 102.7119 -19.7798 -74.07409
43.1049 104.0833 -19.5568 -74.074171
44.0865 105.3182 -19.6544 -74.07425
44.7899 106.7249 -19.7113 -74.074325
45.9094 107.8469 -19.694 -74.074398
47.0015 108.9935 -19.6267 -74.074465
47.4874 110.1272 -19.5101 -74.074529
47.4694 110.2183 -21.0953 -74.074593
47.4514 110.3094 -22.6805 -74.074649
47.4334 110.4005 -24.2657 -74.074694
47.4153 110.4915 -25.8509 -74.074729
47.3973 110.5826 -27.4361 -74.074754
47.3793 110.6737 -29.0213 -74.074766
-43.1464 107.2097 -8.6051 -74.074002
-44.2349 108.3552 -9.2701 -74.074132
-45.5183 109.1815 -10.1573 -74.07427
-46.5455 110.332 -10.9218 -74.074417
-47.6198 111.4497 -11.7523 -74.074572
-48.7733 112.6103 -11.9929 -74.074734
-49.0763 114.3515 -11.8794 -74.074905
-49.3422 116.0762 -11.586 -74.075082
-49.7822 117.0822 -10.2937 -74.075268
-50.4256 118.2912 -9.1739 -74.075461
-50.9978 119.2379 -7.7863 -74.075661
-51.2625 120.0244 -6.2601 -74.075869
-51.6654 121.1492 -4.9912 -74.076082
-51.9476 122.7357 -4.2703 -74.076302
-52.5998 124.2212 -3.6393 -74.076528
-53.274 125.7541 -3.0637 -74.076759
-53.9887 127.1954 -2.3704 -74.076996
-53.963 128.1021 -0.9245 -74.07724
-54.6255 128.6873 -0.6995 -74.077489
-55.0557 128.8462 -2.4173 -74.077744
-55.7093 129.6088 -3.8029 -74.078
-56.3904 130.5701 -3.4395 -74.078259
-57.2397 131.7558 -2.5815 -74.078522
-57.7383 132.4193 -1.0375 -74.07879
-58.1997 132.8604 0.5026 -74.079058
-59.135 134.2149 0.2827 -74.079327
-59.5411 135.9385 0.3726 -74.079597
-60.3211 137.5272 0.4547 -74.079866
-61.5615 138.7924 0.4272 -74.080135
-62.8427 140.0202 0.4049 -74.080402
-63.9756 141.337 0.4784 -74.080667
-65.5415 142.0698 0.6041 -74.080929
-66.8201 143.3029 0.6105 -74.081187
-67.9523 144.6731 0.6097 -74.081447
-69.0106 146.0943 0.6091 -74.081696
-69.7753 147.6531 0.6561 -74.081937
-69.9859 148.4831 2.1055 -74.082171
-70.4429 149.3779 3.3991 -74.082395
-71.6135 150.4383 2.691 -74.082608
-72.4835 151.5429 1.7355 -74.082809
-72.9227 152.8592 2.7049 -74.082997
-72.5877 154.4469 3.3601 -74.083171
-73.0119 156.1489 3.5593 -74.083328
-73.1545 157.8864 3.5882 -74.083468
-74.1953 159.319 3.6169 -74.083589
-74.932 160.9303 3.7174 -74.083689
-75.2192 162.6661 3.8423 -74.083767
-75.4158 163.3004 5.1393 -74.083821
-75.4017 163.5667 6.8972 -74.08385
-50.1374 90.531 -23.3634 -74.073414
-51.2673 90.8857 -22.5511 -74.07352
-52.7159 91.6607 -23.1098 -74.073633
-54.0702 92.6015 -23.357 -74.073754
-55.4386 93.0469 -22.4458 -74.073883
-56.998 93.6059 -21.9041 -74.074019
-58.5673 94.2413 -21.5078 -74.074162
-59.4515 94.8578 -20.2839 -74.074313
-60.3751 95.9904 -19.3491 -74.07447
-61.639 96.317 -18.2753 -74.074634
-62.5765 96.8459 -17.7339 -74.074803
-63.9654 97.6322 -17.7098 -74.074979
-65.6166 98.1559 -17.9424 -74.075161
-67.3141 98.5251 -18.0363 -74.075348
-68.9906 98.999 -17.9141 -74.07554
-70.4527 99.8368 -17.5623 -74.075736
-71.8636 100.5751 -16.8437 -74.075937
-73.2945 101.1084 -16.0241 -74.076141
-74.8032 101.5319 -15.3155 -74.076349
-76.2937 102.0431 -14.7677 -74.07656
-76.9439 103.3194 -13.9021 -74.076772
-77.7853 104.5384 -13.0235 -74.076987
-79.1174 105.4827 -13.5256 -74.077202
-80.5678 106.3785 -13.889 -74.077417
-81.9123 107.4474 -14.0602 -74.077631
-82.892 108.884 -14.1362 -74.077844
-83.7902 110.3676 -14.0768 -74.078056
-84.9748 111.6284 -13.8567 -74.078263
-86.2002 112.6963 -13.3076 -74.078468
-87.0479 113.9279 -12.479 -74.078668
-87.7411 115.4304 -11.9657 -74.078862
-88.823 116.6812 -11.5653 -74.079049
-89.4834 118.0465 -10.8065 -74.079228
-90.0558 119.4566 -9.9504 -74.079398
-90.8226 120.9302 -9.4429 -74.079557
-91.9586 122.2396 -9.3374 -74.079704
-92.8888 123.6775 -9.6286 -74.079838
-93.6083 125.2344 -9.9613 -74.079958
-94.4583 126.6908 -10.3334 -74.080062
-95.6371 127.179 -11.2403 -74.080148
-96.5223 128.3643 -11.7434 -74.080215
-97.3565 129.8343 -11.9607 -74.080262
-98.0187 131.4271 -12.0082 -74.080286
-44.8397 82.3848 -0.1022 -74.082375
-45.6858 82.6745 1.4762 -74.082505
-47.0854 83.466 2.0376 -74.082645
-47.9154 84.1261 0.6038 -74.082794
-48.4536 84.4912 -1.1078 -74.082952
-49.4629 84.7481 -2.3216 -74.083119
-50.8487 85.4683 -2.9272 -74.083295
-51.3634 86.2483 -4.138 -74.083482
-51.1604 85.8865 -5.9031 -74.083678
-51.4147 86.3329 -4.63 -74.083884
-51.3753 86.9211 -3.2026 -74.084097
-51.6511 88.546 -2.6095 -74.084319
-52.0008 89.4665 -3.9264 -74.084551
-52.6137 90.8015 -4.1725 -74.08479
-53.4473 92.4123 -3.9386 -74.085039
-53.8653 94.1635 -3.6555 -74.085296
-53.9519 95.9277 -3.215 -74.085562
-54.3051 97.4953 -2.5507 -74.085836
-54.5625 98.6898 -1.1952 -74.086118
-54.547 99.8234 0.1762 -74.086408
-54.2907 100.3598 1.9096 -74.086707
-54.7709 101.2087 3.4194 -74.087011
-54.4328 101.9413 3.8933 -74.087321
-53.0212 101.1678 3.092 -74.087637
-52.5222 101.109 4.5528 -74.087962
-54.1846 101.7537 4.4499 -74.088291
-55.6576 102.8136 4.5394 -74.088626
-56.499 104.3974 4.7059 -74.088965
-56.8786 106.1716 4.8788 -74.08931
-56.4546 107.8733 4.5587 -74.08966
-55.6814 109.1098 4.4339 -74.090016
-55.7928 109.3656 6.2457 -74.090382
-56.2213 109.7146 7.7986 -74.090743
-55.5336 111.171 7.9788 -74.091106
-57.2605 111.7016 8.1166 -74.091469
-58.1121 113.2561 8.4551 -74.091835
-58.5985 114.919 9.0311 -74.092201
-59.6859 116.036 9.8099 -74.092566
-59.434 116.5435 10.5662 -74.092931
-59.3051 118.1105 11.4366 -74.093293
-59.9415 119.6907 12.0733 -74.093654
-60.8614 121.156 12.3489 -74.09401
-61.607 122.4945 11.39 -74.094362
-62.1797 124.0961 10.8491 -74.094709
-62.6253 125.8486 10.8404 -74.095048
-62.2188 127.4063 11.6395 -74.095379
-61.8461 129.0333 12.3882 -74.0957
-62.5327 130.6886 12.3999 -74.096012
-62.936 132.4579 12.2088 -74.096311
-63.3234 134.2117 11.8803 -74.096599
-63.6303 135.945 11.5157 -74.096872
-63.951 136.5199 9.8435 -74.09713
-64.1784 137.2406 8.1925 -74.097371
-64.0694 138.3872 6.7995 -74.097591
-64.3697 140.0086 6.0583 -74.09779
-64.8732 141.6033 5.322 -74.097967
-65.5178 142.5596 4.0703 -74.09812
-65.7682 143.1976 5.3492 -74.098246
-66.7186 144.3442 5.8832 -74.098344
-67.5125 145.9488 6.0337 -74.098411
-68.2142 147.6123 6.0332 -74.098446
-36.2134 93.2108 29.5751 -74.079932
-36.6635 94.7733 29.8902 -74.079965
-36.9263 96.2364 30.4302 -74.080005
-37.1622 97.773 30.8495 -74.080051
-37.5529 99.3568 31.1525 -74.080103
-37.9173 100.9487 31.3678 -74.08016
-38.3971 102.525 31.406 -74.080223
-38.3118 104.182 31.3802 -74.080291
-38.3833 105.841 31.3619 -74.080363
-38.5184 107.493 31.3513 -74.08044
-38.1793 109.1047 31.3065 -74.08052
-37.694 110.6348 31.1726 -74.080604
-37.4366 112.1749 31.1742 -74.08069
-36.4341 113.3684 31.2349 -74.08078
-35.2673 114.4885 31.1966 -74.080871
-35.1913 116.0244 31.322 -74.080964
-36.1323 117.264 31.8032 -74.081057
-36.1013 118.8174 31.8898 -74.081151
-35.2737 120.1279 31.585 -74.081244
-34.1912 121.3196 31.36 -74.081335
-33.7141 122.9011 31.2289 -74.081425
-33.0667 124.4147 31.1658 -74.081511
-32.8786 126.0601 31.1275 -74.081593
-32.0835 127.4884 31.1247 -74.081671
-31.8296 129.12 31.1246 -74.081743
-31.1422 130.5851 30.9859 -74.081807
-30.3228 131.8477 30.3079 -74.081865
-29.6856 132.4849 28.9766 -74.081913
-29.0719 133.0333 27.5676 -74.081951
-28.0844 133.7856 27.8775 -74.081978
-27.152 134.469 28.6173 -74.081992
68.8569 88.73 19.5506 -74.096098
69.4626 89.4871 18.5505 -74.096276
69.8694 90.2922 17.5312 -74.096459
70.1133 90.9732 19.0619 -74.096647
70.2522 92.4115 19.6157 -74.096838
70.8156 93.9888 19.8859 -74.097033
70.9233 95.5529 19.5992 -74.097232
71.3862 97.0655 19.4044 -74.097433
72.5006 98.2929 19.6588 -74.097637
72.7344 99.9408 19.94 -74.097844
72.932 101.5833 19.995 -74.098052
72.4313 103.198 19.9089 -74.098261
71.8799 104.7873 20.0008 -74.098471
71.5282 106.416 19.8144 -74.098681
71.2624 108.037 19.4849 -74.098889
70.3107 109.3594 19.2993 -74.099096
69.2896 110.7156 19.219 -74.099301
68.8552 112.3448 19.1576 -74.099502
68.8224 113.8606 18.9579 -74.099699
69.0085 114.8834 18.0264 -74.099891
68.8524 116.0924 16.8932 -74.100078
69.7271 117.2159 15.9694 -74.100258
70.0973 118.581 15.0882 -74.10043
70.8674 119.2691 13.939 -74.100594
70.3855 118.9765 13.515 -74.100747
69.9666 118.6726 13.3866 -74.10089
70.2125 118.847 11.7059 -74.101022
70.4357 118.9096 10.8982 -74.101138
70.1867 118.7318 12.5649 -74.10124
69.521 118.6003 13.8778 -74.101323
69.0153 119.2849 13.1332 -74.101388
69.8993 119.8704 11.9133 -74.101433
70.2963 119.9515 10.2866 -74.101456
95.5228 3.6634 18.9207 -74.09249
95.9521 3.5018 19.9853 -74.092498
96.3294 3.3373 21.069 -74.092502
-41.3421 222.5153 -25.6062 -73.799481
-42.702 224.1478 -25.2091 -73.794613
-44.2458 225.1088 -24.0553 -73.789743
-45.8189 226.0665 -23.0056 -73.784877
-47.3319 227.1224 -21.9872 -73.780014
-48.8138 228.7344 -21.8003 -73.775151
-50.1281 230.4969 -21.9165 -73.770289
-51.8278 231.7383 -22.0527 -73.765421
-52.8158 233.6774 -22.1145 -73.760545
-53.0724 235.6787 -22.1684 -73.756689
-53.6815 237.6012 -22.215 -73.753869
-54.8336 239.2327 -22.1693 -73.751062
-55.9455 240.9107 -22.1307 -73.748266
-56.8959 242.6769 -22.2538 -73.74548
-57.6448 244.0732 -23.1351 -73.7427
-57.9004 245.3567 -24.6431 -73.739928
-58.5973 247.0318 -25.4177 -73.737168
-59.3933 248.8468 -25.6686 -73.734417
-60.5485 250.492 -25.7129 -73.731673
-62.0102 251.8694 -25.795 -73.728935
-63.5819 251.7041 -25.7766 -73.726203
-65.1861 252.5294 -25.4878 -73.723474
-66.5361 253.7075 -24.6451 -73.72075
-67.4482 255.4346 -24.2826 -73.718029
-68.0616 257.3349 -24.0645 -73.715314
-69.279 258.781 -24.0213 -73.712607
-70.6709 260.1778 -24.061 -73.709901
-71.4436 262.0159 -24.0595 -73.707202
-72.8554 263.4363 -23.888 -73.704509
-74.3055 264.6952 -23.3614 -73.701823
-75.6104 266.0079 -22.6232 -73.69914
-76.4194 267.7709 -22.2236 -73.696457
-77.0046 269.6763 -21.989 -73.693782
-77.6943 271.5617 -21.8675 -73.691115
-78.0414 273.5421 -21.7862 -73.688452
-78.9873 275.301 -21.7403 -73.685795
-80.3424 276.7952 -21.6879 -73.683146
-81.6546 278.3163 -21.6068 -73.680506
-83.1583 279.5974 -21.7854 -73.677873
-84.8953 280.6045 -21.8472 -73.675247
-86.7025 281.4584 -21.6828 -73.672627
-87.8751 282.8646 -21.0904 -73.670014
-89.4892 283.7967 -20.5891 -73.667408
-91.1007 284.9601 -20.5677 -73.664815
-92.4107 286.2858 -21.1453 -73.662226
-94.0557 286.9976 -21.9919 -73.659649
-95.7101 288.0996 -22.2545 -73.657082
-97.3406 289.2852 -22.2657 -73.654527
-98.976 289.9877 -22.9029 -73.651981
-100.2796 290.7986 -23.6291 -73.649445
-101.4799 291.8038 -22.4899 -73.646918
-103.036 292.9887 -22.0284 -73.644406
-104.6892 294.1312 -21.8834 -73.641908
-106.3559 295.2232 -22.151 -73.639422
-107.8941 296.3493 -22.6692 -73.636952
-109.1385 297.4951 -23.597 -73.634493
-110.8652 298.494 -23.4597 -73.632054
-112.4721 299.5248 -23.016 -73.629627
-113.8772 300.6139 -22.2042 -73.627218
-115.339 301.8994 -21.8314 -73.624825
-116.6463 303.427 -21.784 -73.622451
-117.9037 305.0024 -21.8441 -73.620095
-119.0254 306.6607 -22.003 -73.617754
-119.7365 308.5266 -22.2827 -73.615434
-120.0458 309.7921 -21.1758 -73.613121
-120.3335 310.3959 -19.2752 -73.610836
-120.8092 311.2425 -17.5331 -73.608575
-121.3861 312.9361 -16.6595 -73.606339
-122.3666 314.5966 -16.303 -73.604132
-123.445 316.2788 -16.4754 -73.601944
-124.5125 317.8962 -16.7048 -73.599782
-124.8879 318.6378 -14.9021 -73.597632
-124.9811 319.1413 -12.9496 -73.595507
-125.2786 319.7061 -11.0358 -73.593409
-125.7833 320.5605 -9.2875 -73.59135
-126.7853 321.2272 -7.7186 -73.589322
-128.1198 321.7372 -6.5853 -73.587319
-129.5338 322.6762 -5.6435 -73.585349
-130.8033 322.8583 -4.1103 -73.583406
-132.3486 322.5617 -2.9424 -73.581497
-133.5223 321.7567 -2.2514 -73.57962
-134.4075 321.0203 -3.7194 -73.577777
-136.141 320.0633 -3.704 -73.575969
-137.9234 319.2453 -3.5128 -73.574196
-139.8153 319.4438 -3.03 -73.572439
-141.7336 319.7231 -2.5415 -73.570735
-143.2992 318.8382 -1.8198 -73.569073
-143.6324 318.198 -3.1912 -73.567442
-144.6494 318.183 -2.5451 -73.565847
-145.6029 318.7473 -1.0864 -73.564298
-147.1116 319.1677 -0.0827 -73.56279
-149.0143 318.6505 0.3041 -73.561323
-150.835 317.9416 0.6531 -73.5599
-152.6003 318.3043 1.3039 -73.55852
-154.255 319.2248 1.8195 -73.557186
-156.1347 319.0641 1.3765 -73.555896
-157.9479 318.8394 0.6505 -73.554652
-159.8193 318.2421 0.4855 -73.553452
-161.6982 318.4908 0.8126 -73.552299
-163.3502 318.4678 1.946 -73.551193
-164.7917 318.8721 3.1901 -73.550133
-166.0348 318.4651 4.5448 -73.549121
-167.2051 317.7036 5.9108 -73.548158
-168.6856 318.3603 6.972 -73.547243
-170.5746 318.3686 7.6324 -73.546376
-172.4422 318.8037 8.0573 -73.545559
-173.7745 319.4811 7.41 -73.544788
-175.2708 319.8181 6.8918 -73.544066
-176.3866 321.0401 7.8064 -73.543393
-178.1084 321.388 8.4289 -73.542767
-179.8667 322.3331 8.1901 -73.54219
-181.7338 322.9719 7.9865 -73.541662
-183.2047 324.2061 7.6173 -73.54118
-184.6529 324.5109 6.7583 -73.540747
-186.4765 324.882 7.4149 -73.54036
-188.3601 325.5005 7.7542 -73.540022
-190.207 326.2741 7.8586 -73.539731
-191.8555 326.4884 7.2737 -73.539487
-192.3011 326.2807 5.3327 -73.539288
-192.4569 326.3027 3.3202 -73.539134
-192.6127 326.3246 1.3078 -73.539031
-192.7684 326.3466 -0.7047 -73.53898
-53.5618 234.7518 -22.4056 -73.756865
-55.3696 234.7358 -22.9279 -73.754429
-57.1775 234.7198 -23.4502 -73.752048
-58.9758 234.7413 -23.9753 -73.749721
-60.5834 235.6616 -24.1049 -73.747426
-62.2107 236.6032 -24.0421 -73.745143
-63.9306 237.3539 -24.0447 -73.742879
-65.5569 238.2591 -24.1396 -73.740627
-67.3063 238.9314 -24.1596 -73.738395
-68.8366 239.9978 -24.0522 -73.736172
-70.5332 240.314 -23.7713 -73.733966
-72.1779 239.7124 -23.3677 -73.731772
-73.9055 239.067 -23.0743 -73.729594
-75.764 238.9129 -23.0612 -73.727429
-77.5069 238.4311 -23.4834 -73.725277
-79.2728 238.5078 -23.5052 -73.723139
-81.0101 239.1307 -23.2489 -73.721013
-82.8258 239.4159 -22.9537 -73.718903
-84.5254 239.9346 -22.4418 -73.716808
-86.2406 240.0396 -21.7161 -73.714725
-87.8568 239.8217 -20.9364 -73.712657
-89.3552 239.6723 -19.8507 -73.710603
-90.7771 239.8281 -18.7653 -73.708564
-92.3262 239.5258 -18.0598 -73.706542
-94.0855 240.1028 -17.7873 -73.704538
-95.877 240.5966 -17.5579 -73.70255
-97.6988 241.0591 -17.507 -73.700578
-99.53 241.4724 -17.4393 -73.698626
-101.2527 242.1681 -17.1773 -73.69669
-102.8299 242.815 -16.4434 -73.694775
-104.4569 243.5931 -15.9937 -73.692882
-106.2956 243.7075 -16.104 -73.691006
-107.1732 243.8399 -14.6775 -73.689139
-108.3872 244.3725 -13.7017 -73.687302
-109.3454 245.4642 -12.5807 -73.685489
-110.5466 246.5332 -11.6213 -73.683696
-112.0874 247.1 -10.9503 -73.68193
-112.6927 248.1713 -9.7197 -73.680181
-113.85 248.7857 -8.6033 -73.678459
-114.9422 250.1535 -8.2414 -73.676764
-115.3929 251.8689 -7.6387 -73.675095
-116.4822 252.9605 -6.8157 -73.673456
-117.371 253.2374 -5.1806 -73.671843
-118.358 253.8356 -3.7152 -73.67026
-119.4595 254.4678 -2.3971 -73.66871
-120.9563 255.2641 -1.6822 -73.667188
-122.5163 255.9458 -1.0086 -73.6657
-123.9831 256.9071 -0.452 -73.664244
-124.7954 257.8348 0.9161 -73.66282
-125.65 259.0549 2.0473 -73.661432
-126.8265 260.4562 2.1583 -73.660077
-128.2898 261.2032 2.616 -73.658754
-129.0334 261.3894 4.2611 -73.657464
-129.2473 261.2649 6.1105 -73.656169
-129.4022 261.1437 7.9821 -73.654933
-129.5576 261.0229 9.8536 -73.653754
-129.7512 260.9235 11.7229 -73.652585
-129.9463 260.825 13.592 -73.651469
-130.1515 260.7135 15.4586 -73.65041
-130.5488 260.346 17.2477 -73.649394
-131.604 259.0778 18.099 -73.648425
-132.4067 258.2916 19.5872 -73.647497
-133.3932 257.3081 20.8241 -73.646612
-133.8044 256.3522 22.376 -73.64577
-134.6418 255.2368 23.5911 -73.644972
-135.4197 253.8392 24.4892 -73.644218
-135.7 253.4829 26.3153 -73.643505
-136.3101 252.641 27.7577 -73.642838
-136.3201 251.3179 26.4825 -73.642217
-136.8701 249.6435 26.0944 -73.64164
-137.7175 248.1362 25.6627 -73.641108
-137.6045 246.4619 25.1316 -73.640624
-137.2893 245.0053 24.2243 -73.640187
-136.6215 243.4615 23.4192 -73.639794
-135.6446 241.9497 22.8735 -73.639444
-135.3758 240.4199 22.4018 -73.639146
-136.1869 239.3032 23.0344 -73.638896
-136.341 238.0644 24.2021 -73.638694
-136.433 236.6369 25.3143 -73.638542
-136.6008 234.8539 25.6617 -73.638439
-137.1474 233.4458 25.0869 -73.638387
-10.2537 234.1313 -65.7936 -73.808746
-11.9535 235.2244 -65.4206 -73.805461
-13.2513 236.4124 -64.5554 -73.802204
-13.9825 238.2182 -64.0036 -73.798969
-13.9675 239.4333 -65.1657 -73.795747
-14.1745 240.8047 -66.5759 -73.792554
-14.74 242.3781 -67.763 -73.789381
-15.0167 243.3075 -69.5586 -73.786219
-14.9973 244.3966 -71.2899 -73.78308
-15.4806 245.6013 -72.6631 -73.779957
-16.6681 247.206 -72.2066 -73.776849
-17.3029 249.0449 -71.7718 -73.77375
-18.6676 250.382 -71.3338 -73.770664
-19.6799 251.0982 -72.0439 -73.767586
-20.4939 252.2385 -73.4165 -73.764511
-21.5912 252.7618 -72.8895 -73.761733
-21.9596 252.8176 -71.2713 -73.75928
-22.6797 254.2973 -71.5196 -73.756836
-23.6039 255.7577 -72.0067 -73.754401
-24.5721 257.236 -72.2298 -73.751971
-26.0105 258.3101 -72.2446 -73.749547
-27.3761 259.4599 -72.2196 -73.747128
-28.9516 260.3257 -72.2375 -73.744686
-30.5102 261.2195 -72.2945 -73.742281
-31.595 262.5637 -72.7018 -73.739884
-32.6547 263.9941 -72.7006 -73.737491
-33.5598 265.5319 -72.4801 -73.735106
-34.5952 266.9872 -72.4053 -73.732727
-35.2782 268.5959 -72.3691 -73.730349
-36.5462 269.7783 -72.1737 -73.727984
-37.8737 270.872 -71.8225 -73.725626
-38.8876 272.2418 -71.3145 -73.723275
-39.6217 273.7558 -70.7585 -73.720931
-40.6535 274.9959 -70.0158 -73.718595
-42.0534 275.9829 -69.5331 -73.716266
-43.5846 276.8719 -69.3005 -73.713949
-45.0655 277.8565 -69.4958 -73.711637
-45.946 279.1186 -68.7677 -73.709336
-45.8345 280.5644 -67.9551 -73.707042
-46.196 282.2235 -68.3906 -73.70476
-46.2456 283.784 -69.1293 -73.702488
-45.9356 284.9029 -69.4775 -73.700224
-46.3572 283.3243 -69.8414 -73.697966
-47.6385 284.0096 -69.6263 -73.695708
-47.8598 285.27 -68.7781 -73.693471
-47.9763 286.6481 -67.6615 -73.691245
-48.0018 287.8134 -66.394 -73.68903
-49.296 287.3623 -65.4888 -73.686828
-50.1432 286.6731 -64.1653 -73.684645
-50.2434 286.1704 -62.4405 -73.682467
-51.2742 284.9264 -61.8207 -73.680314
-52.8421 284.4426 -61.0987 -73.678176
-53.9107 283.6653 -60.0279 -73.676056
-54.752 283.3629 -58.5184 -73.673947
-55.6511 282.4981 -57.2933 -73.671863
-56.6242 281.93 -56.0196 -73.669802
-57.9991 281.9695 -54.8908 -73.667757
-59.0837 282.3361 -53.8941 -73.665735
-60.0943 282.1643 -52.7677 -73.663731
-61.4419 281.5155 -51.8651 -73.661753
-62.8626 280.827 -51.0501 -73.659798
-64.2795 280.6349 -50.0042 -73.657867
-65.804 280.5238 -49.0693 -73.655962
-66.7885 280.054 -47.7484 -73.654078
-67.9789 279.2336 -46.7905 -73.652219
-68.6552 278.446 -45.3481 -73.650387
-69.0138 277.9753 -43.6489 -73.648582
-69.4167 276.9949 -42.4398 -73.646808
-69.8247 275.5947 -42.5008 -73.645062
-70.268 276.0815 -42.6582 -73.643346
-70.9242 276.409 -41.0457 -73.641648
-71.4032 276.5871 -39.3203 -73.639991
-72.2724 276.7647 -38.0281 -73.638371
-73.2041 276.1685 -36.6914 -73.636784
-74.2918 275.5936 -35.4399 -73.635233
-75.425 274.8456 -34.2803 -73.633715
-76.9255 274.2886 -33.5609 -73.632234
-77.3251 274.3933 -31.9623 -73.630789
-77.3839 274.0953 -31.6173 -73.629368
-77.9259 274.1693 -30.1943 -73.627989
-79.5493 274.0847 -29.6223 -73.626652
-80.9279 274.149 -28.5263 -73.625354
-82.1503 274.2888 -27.2947 -73.624099
-83.1333 274.5631 -25.8399 -73.622883
-83.3586 274.0993 -24.1212 -73.621706
-83.4086 273.3363 -22.4949 -73.620574
-83.5601 272.816 -20.7795 -73.619481
-83.7705 272.4678 -19.0265 -73.61843
-84.0593 272.0789 -17.2937 -73.617427
-84.2893 271.7437 -15.5414 -73.616465
-84.9661 271.1706 -14.2656 -73.615553
-86.4465 270.5588 -13.5443 -73.614687
-87.5224 269.4821 -12.7644 -73.613866
-88.5863 270.2836 -13.3628 -73.61309
-89.344 271.7765 -13.8414 -73.612358
-90.7295 272.8654 -14.017 -73.611661
-92.0012 274.1345 -14.1202 -73.611014
-93.0728 275.5655 -14.188 -73.610418
-94.4803 276.5793 -14.1262 -73.609867
-96.2029 276.3016 -13.7358 -73.609361
-97.8612 276.4416 -13.1634 -73.608901
-99.2225 277.2086 -12.3487 -73.608486
-100.7724 276.7787 -11.5881 -73.608115
-102.4856 276.8416 -11.2384 -73.60779
-104.2435 277.0799 -11.3594 -73.60751
-105.8758 277.7134 -11.5089 -73.607276
-106.978 278.2571 -10.6069 -73.607087
-108.7214 278.4008 -10.5748 -73.606945
-110.1714 278.7473 -11.3411 -73.606849
-111.6618 279.6815 -11.4564 -73.606801
-21.5015 253.5088 -73.309 -73.762712
-22.5942 254.3623 -72.684 -73.762233
-23.4363 255.5756 -72.2611 -73.7618
-23.7952 256.2196 -73.6016 -73.761412
-24.1958 256.9175 -74.8973 -73.761072
-24.5102 257.2028 -76.431 -73.760778
-25.2575 257.9568 -77.5755 -73.760534
-25.9832 258.9049 -78.6121 -73.760336
-26.7351 259.8964 -79.3372 -73.760187
-27.7754 261.0706 -79.3699 -73.760086
-28.1276 262.1418 -78.3341 -73.760036
-14.415 228.9869 -63.4499 -73.811977
-16.1331 229.4489 -63.5343 -73.810011
-17.7421 230.1331 -63.7219 -73.808088
-19.4067 230.7023 -63.8399 -73.806211
-20.8995 231.6241 -63.8754 -73.804378
-22.4197 232.5434 -63.927 -73.802585
-23.9779 232.9794 -64.5409 -73.800835
-25.5926 233.2447 -65.0739 -73.79912
-27.3372 233.3731 -65.393 -73.797446
-29.108 233.4677 -65.4659 -73.795809
-30.8642 233.5427 -65.402 -73.794208
-32.3482 234.4256 -65.4518 -73.792644
-33.9347 234.8444 -64.9779 -73.791113
-35.6107 235.0483 -64.5372 -73.789617
-37.2988 235.2219 -64.5195 -73.788154
-38.3854 235.5894 -65.5655 -73.78672
-39.1438 235.7555 -64.0699 -73.785316
-40.4342 236.3585 -64.9633 -73.783948
-41.6538 237.408 -65.4996 -73.782611
-43.3197 237.9738 -65.7908 -73.781307
-45.0712 238.2644 -65.9288 -73.780035
-46.7994 238.6788 -65.9135 -73.778795
-48.5481 238.9796 -65.7557 -73.777586
-50.2593 239.3638 -65.4708 -73.77641
-51.9541 239.818 -65.3779 -73.775264
-53.6581 240.3081 -65.5616 -73.774151
-55.3649 240.7618 -65.7517 -73.773071
-56.9242 241.5359 -65.9538 -73.772023
-58.6438 241.8319 -66.2728 -73.771009
-59.9936 242.7156 -66.7405 -73.770027
-60.984 243.7818 -67.5294 -73.769079
-62.0855 245.146 -67.6347 -73.768167
-62.592 246.8516 -67.5474 -73.767289
-63.6958 248.1812 -67.3534 -73.766446
-65.3602 248.1365 -67.1819 -73.765638
-66.6185 247.2528 -66.7907 -73.764867
-68.2827 246.701 -66.9975 -73.764127
-69.0056 246.5375 -67.1182 -73.763431
-69.4149 247.1923 -66.2178 -73.762769
-70.5685 248.2104 -65.6787 -73.762146
-72.1021 248.9573 -65.1628 -73.761563
-73.5226 249.8734 -64.6789 -73.761019
-74.9049 250.917 -64.2744 -73.760517
-76.1941 252.0464 -63.8017 -73.760056
-77.6751 252.694 -63.2164 -73.759638
-78.9054 253.7897 -63.1101 -73.759263
-80.0531 255.1107 -63.1909 -73.758932
-81.4092 256.2087 -63.4316 -73.758645
-83.1166 256.5971 -63.7243 -73.758404
-84.8053 256.9649 -63.8465 -73.758208
-86.3232 257.8036 -63.7447 -73.758061
-88.0463 257.7843 -63.4146 -73.757961
-89.5568 258.6367 -63.0658 -73.757911
-79.8558 209.6969 -1.6956 -73.964738
-80.9345 210.9313 -0.8747 -73.962128
-81.8718 212.3265 -0.0936 -73.959551
-83.0145 213.649 0.4105 -73.957004
-83.35 215.4299 0.5242 -73.954486
-84.7236 216.0877 0.5245 -73.951996
-85.8365 216.8501 1.5461 -73.949529
-86.4751 218.3432 2.3648 -73.947097
-87.6889 219.3419 3.0091 -73.944695
-89.3832 219.625 3.5112 -73.942324
-90.5679 220.9942 3.9392 -73.93998
-91.9993 222.1339 4.2769 -73.937667
-93.1066 223.0567 5.3451 -73.935376
-94.2451 224.3484 6.04 -73.93311
-95.1955 225.7846 6.6504 -73.930873
-96.1469 227.1811 6.1703 -73.928666
-97.5307 228.1499 5.5656 -73.926481
-97.6555 229.6726 4.5217 -73.924319
-98.2632 230.7709 4.9578 -73.922179
-99.4213 231.1534 5.7424 -73.920069
-100.7458 231.4122 4.7237 -73.917983
-101.8502 232.6408 4.2535 -73.915926
-103.1436 233.9354 4.0273 -73.913896
-104.4921 234.4164 4.8558 -73.911894
-105.6117 233.6885 5.7966 -73.909907
-106.7274 232.3194 6.4016 -73.907928
-107.441 230.7522 6.8747 -73.906006
-107.4488 229.0255 7.5014 -73.904116
-107.9411 227.3511 8.131 -73.902259
-107.0902 226.8712 8.9862 -73.900432
-106.1496 226.513 10.1833 -73.898614
-105.9516 226.2598 12.0223 -73.896828
-105.4787 225.2922 12.0054 -73.895086
-105.2249 224.5846 10.2988 -73.893376
-104.7784 223.6625 9.5999 -73.891709
-104.7066 222.6921 11.0296 -73.890072
-105.026 220.965 11.6033 -73.888477
-104.6066 219.9029 12.8153 -73.886916
-103.3942 219.8352 14.0764 -73.885394
-104.3073 219.9043 13.553 -73.883912
-105.885 218.9419 13.3792 -73.882468
-107.2676 218.4747 12.6842 -73.881063
-108.1193 218.5469 11.0406 -73.879697
-108.3962 219.4541 11.7193 -73.878375
-109.0143 219.6825 13.4653 -73.877092
-109.7221 219.9831 15.1561 -73.875859
-110.6667 219.9703 16.4989 -73.874676
-112.0003 218.9022 16.8845 -73.873538
-113.4433 217.9794 16.4775 -73.872448
-114.7081 217.1333 15.6968 -73.871407
-115.2947 216.7255 13.9743 -73.870413
-115.5962 216.7912 12.1637 -73.869462
-115.7677 217.1126 10.3327 -73.868563
-115.4309 217.0746 11.1227 -73.867723
-116.1181 217.6962 12.116 -73.866912
-117.3855 218.3763 13.3061 -73.866167
-118.8798 218.8959 14.099 -73.865488
-120.5533 219.5755 14.5055 -73.864866
-122.3465 220.0233 14.7431 -73.864301
-124.1585 220.1151 14.949 -73.863794
-125.565 221.2324 14.8597 -73.863346
-126.6064 222.7478 14.7267 -73.862959
-127.1945 224.5052 14.537 -73.862633
-127.9351 226.1832 14.2547 -73.86237
-129.0224 227.5634 14.5865 -73.86217
-130.1181 229.0198 14.5982 -73.862035
-131.2201 230.4645 14.2522 -73.861967
47.5528 -96.076 13.5667 -74.443873
47.0015 -95.2803 13.5986 -74.444015
46.7344 -94.3274 13.6342 -74.444086
27.7081 -94.2683 18.8592 -74.448734
26.226 -93.6204 19.8024 -74.449375
24.7439 -92.9726 20.7456 -74.449843
23.2618 -92.3248 21.6888 -74.45015
23.8038 -92.3745 21.7835 -74.450302
54.7481 -88.0637 17.871 -74.443953
97.3169 -66.6493 31.3652 -74.435689
99.3506 -67.4491 30.897 -74.436856
101.3843 -68.2489 30.4289 -74.437819
103.4181 -69.0488 29.9607 -74.438584
105.4518 -69.8486 29.4925 -74.439157
104.935 -70.7499 28.9784 -74.439538
104.6139 -70.6388 26.7694 -74.439729
96.937 -66.473 30.8282 -74.435083
44.0154 -65.7095 15.6069 -74.439146
44.0102 -66.3692 14.8486 -74.43928
44.1586 -67.2141 14.3402 -74.439346
-4.665 -9.0685 -0.0051 -74.121473
-3.3078 -10.3003 -0.0154 -74.137685
-1.9532 -11.5348 -0.0257 -74.153849
-0.7426 -12.7803 -0.0459 -74.180552
0.4334 -13.9291 -0.0935 -74.217602
1.4466 -15.2471 -0.185 -74.254096
3.5554 -27.7322 1.4257 -74.304512
8.6107 -41.3653 6.7974 -74.34254
22.8794 -62.2772 10.5055 -74.410084
26.4745 -64.8588 13.9793 -74.418082
29.0535 -67.1183 14.3116 -74.422782
42.1418 -73.5431 16.2509 -74.436996
47.2069 -85.1931 18.1557 -74.443472
44.6639 -89.9679 15.7857 -74.444936
47.7449 -96.3203 13.6398 -74.443922
78.4149 -177.3628 14.5582 -74.42029
95.2227 -265.7699 17.0719 -74.399315
48.1056 -320.1106 18.1187 -74.38062
-10.9476 -383.6056 22.9817 -74.363803
-40.36 -432.7473 17.7175 -74.348307
28.7834 -94.5812 17.274 -74.448161
14.3097 -106.6143 20.8227 -74.448103
2.7577 -126.0427 26.0848 -74.445939
-45.0792 -189.1405 27.4734 -74.431277
30.9775 -170.2053 31.4202 -74.442033
28.3969 -94.5693 18.0599 -74.448285
-40.2348 -104.2908 -5.8163 -74.437537
-111.9958 -139.102 2.509 -74.425385
54.6562 -87.9717 17.7384 -74.443961
111.8824 -135.9529 29.1893 -74.435366
164.8572 -185.7356 20.1853 -74.423364
213.7243 -226.7876 32.011 -74.41072
43.9697 -65.4565 15.7766 -74.438956
45.5333 -62.1584 17.8534 -74.439127
96.2419 -66.2233 31.6259 -74.434988
2.1326 -22.0656 -2.5814 -74.288903
6.2653 -35.3706 6.4938 -74.325297
8.3143 -40.7868 6.7183 -74.356617
15.4942 -50.7521 4.9673 -74.379173
19.5156 -57.7327 7.1557 -74.399988
24.2121 -63.3654 12.9105 -74.414335
27.7984 -65.9637 14.1964 -74.420543
35.2991 -71.3414 15.5234 -74.430914
45.9552 -78.4006 18.2802 -74.441031
45.9541 -87.9136 17.638 -74.44439
46.0845 -93.1486 14.7482 -74.444714
52.1518 -103.9606 11.3242 -74.441408
58.8833 -119.603 12.0998 -74.435845
62.6461 -133.0235 18.7767 -74.430777
68.7987 -150.479 18.27 -74.426467
75.478 -168.4071 16.0379 -74.422678
80.7201 -186.7623 13.7215 -74.417914
86.0397 -202.1519 18.4658 -74.412976
88.9594 -219.8372 14.0604 -74.40852
92.3483 -238.1707 14.3683 -74.404747
94.4112 -256.1543 16.5595 -74.401436
95.282 -267.4858 16.3224 -74.397203
95.3059 -280.3632 10.9397 -74.392748
82.392 -291.8157 13.1552 -74.388755
66.6134 -301.8126 13.5179 -74.385421
55.8832 -314.8401 17.1156 -74.382522
42.621 -325.3136 19.0805 -74.37873
32.9705 -340.7608 23.6528 -74.374676
23.9361 -354.8041 21.203 -74.37107
9.6225 -366.7531 22.7517 -74.368102
-4.6074 -378.3071 21.4152 -74.365541
-16.9731 -389.755 18.9726 -74.36207
-27.5688 -401.1213 14.9527 -74.358272
-39.573 -411.7299 14.9204 -74.354902
-40.6381 -420.4638 25.2112 -74.352175
-40.4069 -426.6412 14.8914 -74.349881
-41.6738 -434.0686 12.5022 -74.346749
-35.1298 -447.795 10.0223 -74.343322
-30.511 -455.7937 6.7671 -74.340423
-26.4654 -460.7911 2.4423 -74.338389
-24.2919 -464.5784 0.2402 -74.337348
37.1249 -94.0849 14.9718 -74.447254
20.7736 -99.7756 22.2184 -74.448853
11.0172 -108.5614 18.7473 -74.448062
5.909 -113.1292 24.1737 -74.44756
4.7649 -121.3499 27.2758 -74.446698
-3.9067 -133.7894 26.1237 -74.444252
-16.2236 -149.0836 26.7198 -74.440634
-17.7909 -159.6216 22.5822 -74.437467
-30.8645 -168.2845 21.4997 -74.43493
-40.3768 -181.2163 24.3391 -74.432794
-50.8898 -195.8899 27.7601 -74.429786
-59.8432 -207.2909 27.0024 -74.42643
-63.453 -209.2381 15.4152 -74.423577
-64.2909 -212.4765 11.1044 -74.421568
-69.7086 -217.4653 14.9612 -74.420537
-1.3141 -131.2728 34.9295 -74.446233
15.7442 -115.5027 24.1983 -74.447439
21.9499 -133.9863 25.1312 -74.445527
26.8898 -147.4387 25.6301 -74.443989
28.6429 -155.1273 32.7495 -74.443061
28.6017 -167.7997 33.6747 -74.442561
33.7647 -170.9041 21.6446 -74.441502
35.3986 -176.6564 11.4651 -74.440053
39.8278 -180.409 -7.3747 -74.439186
28.4843 -94.572 17.6083 -74.448249
24.075 -93.3058 9.4058 -74.447381
15.5128 -90.8025 -8.4542 -74.444683
-0.0475 -89.6597 -13.0268 -74.442271
-13.9393 -94.7328 -4.0497 -74.440379
-31.0534 -101.5497 -4.3571 -74.438804
-48.3446 -108.1087 -4.4853 -74.436279
-60.3769 -111.0796 -1.1234 -74.433222
-77.9711 -113.5102 3.296 -74.43052
-92.0999 -121.9743 4.6219 -74.428406
-105.6825 -132.44 0.8972 -74.42668
-119.8735 -141.3568 5.959 -74.424191
-132.8113 -151.1601 6.979 -74.421389
-147.2952 -155.5423 4.0924 -74.418971
-153.368 -158.2725 7.6335 -74.417259
-168.793 -159.6906 7.6228 -74.41638
50.8433 -86.5895 17.9535 -74.444045
61.2357 -92.3404 14.5899 -74.443669
72.1897 -102.125 21.0158 -74.441577
85.4059 -115.7278 22.6939 -74.439543
96.1046 -123.0147 27.5352 -74.43793
106.3877 -128.7142 28.8233 -74.436566
119.3522 -141.0891 32.8119 -74.43418
133.3865 -151.0456 27.4274 -74.431188
140.4642 -156.8554 25.7903 -74.428524
152.3124 -169.1266 29.8767 -74.426425
161.5491 -182.1636 26.4505 -74.424691
167.3763 -187.9265 20.8501 -74.422051
178.0174 -198.4202 27.7655 -74.4189
190.5879 -201.853 17.5881 -74.416099
198.4764 -209.0366 23.2285 -74.41387
206.4978 -222.3967 29.9785 -74.41202
216.4485 -231.2363 29.6641 -74.409492
219.3592 -241.6667 28.5636 -74.406668
217.6919 -257.4839 32.1794 -74.404233
212.7961 -271.781 39.8533 -74.402504
208.8344 -287.7139 39.3838 -74.40161
43.1478 -69.6198 16.0595 -74.438471
45.0982 -63.5211 16.1223 -74.439139
50.7937 -61.6079 11.0465 -74.438841
63.7547 -58.5312 9.7712 -74.437384
75.049 -60.4617 16.3877 -74.436036
83.0968 -60.7333 25.9161 -74.435147
91.3447 -63.64 26.8113 -74.434842
106.4082 -69.1292 24.6495 -74.432688
123.1559 -72.5629 28.9251 -74.429506
143.1961 -75.9244 28.8652 -74.427891
46.1286 -55.224 14.5026 -74.439399
37.6417 -45.2763 18.4222 -74.438962
22.8448 -43.0894 21.8828 -74.438593
