-0.8015 -1.2678 -0 -42.578557
-3.2062 -5.0715 -0 -42.424175
-5.0765 -8.0299 -0 -42.309095
-6.4123 -10.1429 0.0262 -42.314388
-8.0143 -12.677 0.1283 -42.354714
-8.8146 -13.9429 0.1666 -42.387368
-8.2187 -14.5214 0.2948 -42.408644
-8.7411 -16.3672 0.5247 -42.469219
-10.0309 -17.8905 1.1419 -42.537784
-11.386 -19.3222 1.89 -42.590971
-12.7254 -20.8552 2.392 -42.624089
-14.0432 -22.4116 2.6217 -42.653908
-14.6972 -24.3185 2.0715 -42.680041
-15.5306 -26.234 2.0482 -42.698414
-16.1094 -27.8038 2.3068 -42.697803
-14.7796 -28.9827 3.1257 -42.678475
-13.6062 -30.5844 3.6202 -42.650478
-12.2537 -32.1091 3.9089 -42.613529
-11.1222 -33.7683 4.2796 -42.567793
-10.1932 -35.2295 5.196 -42.513141
-9.3619 -36.7283 6.3117 -42.44973
-8.5851 -38.2492 7.4144 -42.377798
-7.5935 -39.8435 8.2499 -42.297374
-6.8916 -41.4349 9.2193 -42.20799
-6.2727 -43.3267 9.6108 -42.11064
-5.7427 -44.6215 10.9758 -42.003852
-5.2774 -45.3085 12.8612 -41.888294
-4.5701 -46.2857 12.7646 -41.765032
-3.9187 -47.0128 11.0346 -41.633231
-3.487 -47.3534 9.0584 -41.49263
-3.1601 -48.3203 10.2056 -41.344558
-2.5906 -49.7167 11.29 -41.190603
-2.064 -51.2649 10.2609 -41.028615
-1.9023 -53.0628 10.2828 -40.859514
-1.2374 -53.7481 8.8883 -40.680776
-0.2338 -55.4757 8.438 -40.496612
0.9268 -57.1391 8.1846 -40.305339
2.1659 -58.7648 8.26 -40.107037
2.7966 -60.3652 9.2072 -39.90142
3.5606 -62.0815 8.7826 -39.6892
4.1051 -63.9769 8.2533 -39.469911
4.7728 -65.8913 8.0534 -39.244719
5.555 -67.7898 8.1794 -39.013457
5.4215 -69.7319 8.5591 -38.776282
5.3722 -71.1779 9.39 -38.531939
6.6015 -72.8224 9.4344 -38.282408
7.9091 -74.3345 9.4579 -38.026794
9.1469 -75.9691 9.4502 -37.76576
10.0298 -77.8076 9.4917 -37.499902
10.7723 -79.6982 9.5101 -37.228458
12.3735 -80.8411 9.4583 -36.951983
13.4145 -82.6176 9.4397 -36.671013
14.1594 -84.5026 9.6273 -36.385121
14.908 -86.352 10.0263 -36.0946
15.6285 -88.1574 10.421 -35.799797
16.2688 -90.0988 10.1972 -35.500521
16.8061 -92.0324 10.2983 -35.197847
18.0591 -93.5211 10.9131 -34.890862
19.0692 -95.1762 11.592 -34.580381
20.0514 -96.8019 12.3554 -34.266435
20.7986 -98.4251 13.1509 -33.948437
22.3425 -99.643 13.6764 -33.627046
23.1324 -101.4525 13.8694 -33.303189
24.2278 -103.1764 13.8286 -32.97607
25.7948 -104.4654 13.8973 -32.645981
27.3532 -105.7951 13.951 -32.313261
28.4996 -107.4233 13.9547 -31.977795
30.0108 -108.56 13.6639 -31.639287
31.1081 -108.6091 12.0588 -31.291729
29.9694 -109.9097 10.9348 -30.91684
28.8308 -111.2104 9.8109 -30.548761
27.6922 -112.511 8.6869 -30.187678
26.8377 -113.4766 7.7017 -29.828948
28.1153 -111.9666 8.2837 -29.444741
29.3929 -110.4565 8.8658 -29.068095
30.6706 -108.9464 9.4479 -28.69875
31.1787 -108.9746 10.7509 -28.32573
31.0798 -109.3078 12.7833 -27.949806
31.1974 -110.3892 14.0207 -27.579296
31.8589 -112.2436 14.4776 -27.209198
32.2207 -114.0808 14.8897 -26.836067
32.3754 -116.0895 14.7382 -26.46064
33.2282 -117.7627 14.1097 -26.082318
34.0263 -119.6079 13.7086 -25.701973
34.4263 -121.5938 13.4703 -25.319084
34.6735 -123.5948 13.4834 -24.933348
34.4631 -125.6138 13.6554 -24.545267
35.477 -127.1975 13.9548 -24.155168
36.4488 -128.3733 14.9241 -23.75966
36.0423 -130.1872 15.3722 -23.359764
35.1621 -131.5518 15.4371 -22.958259
35.6418 -129.8523 14.8263 -22.554106
35.0348 -128.0619 14.2107 -22.146679
35.5446 -129.8444 14.1534 -21.738519
35.6291 -131.8577 14.0497 -21.327946
34.8485 -133.6181 13.7199 -20.914563
34.2995 -135.3089 12.7219 -20.498125
33.9891 -137.2127 12.2496 -20.079578
34.6951 -139.1364 12.158 -19.657816
34.4342 -141.0719 12.4762 -19.233791
34.9496 -142.8915 13.1328 -18.806081
35.1207 -144.6736 12.8365 -18.376853
36.0553 -146.4708 12.5635 -17.944978
36.5162 -147.9232 11.2272 -17.508762
37.0821 -149.6924 10.5935 -17.073818
38.1845 -151.3675 10.8233 -16.637496
38.9786 -152.5573 11.4668 -16.198215
38.5512 -154.4927 11.7745 -15.757195
38.9845 -156.4817 12.0272 -15.315351
38.8087 -158.4686 12.102 -14.874878
39.4316 -160.3993 12.1561 -14.435198
40.017 -162.1492 11.7738 -13.99674
39.9044 -164.0643 11.3068 -13.562547
40.4166 -165.9089 10.6066 -13.131113
41.3853 -167.5493 10.7632 -12.704617
42.1247 -169.1267 11.6727 -12.283584
42.1485 -170.8263 12.6221 -11.868775
41.2541 -172.1527 13.7028 -11.462589
41.3329 -173.6405 14.3131 -11.064878
41.6008 -174.8677 12.6805 -10.676173
41.8738 -176.7997 12.275 -10.301593
42.7438 -178.5456 11.9564 -9.93993
43.2439 -180.4578 12.0397 -9.592877
43.3656 -182.4295 12.4106 -9.261911
43.6747 -184.2146 13.2717 -8.948525
44.1736 -186.1236 13.8383 -8.6558
44.3535 -187.9066 14.7675 -8.383205
44.8726 -189.5685 15.6922 -8.133393
45.4404 -191.1005 14.5715 -7.908639
46.1386 -192.9259 14.1459 -7.711609
46.6287 -194.8895 13.783 -7.543867
47.9055 -196.4354 13.3908 -7.406375
49.0241 -197.9564 13.467 -7.301137
49.8322 -199.3762 13.2319 -7.229644
51.04 -200.3986 12.0409 -7.193442
-16.8109 -27.3553 2.8101 -42.722038
-17.497 -28.3029 4.2038 -42.750433
-18.1984 -29.271 5.5067 -42.768968
-18.2577 -29.3412 3.7473 -42.779278
-18.2679 -29.344 1.9276 -42.779649
-18.2781 -29.3467 0.108 -42.770581
-18.2883 -29.3494 -1.7116 -42.752528
-18.2985 -29.3522 -3.5313 -42.725932
-18.8534 -30.5664 -3.9808 -42.691748
-18.8107 -32.318 -3.8597 -42.648649
-19.3066 -34.0554 -3.7456 -42.596343
-18.9488 -34.5418 -2.2544 -42.533469
-18.3075 -35.7012 -1.0566 -42.461915
-18.003 -37.2922 -0.254 -42.381745
-17.2153 -38.7422 0.5062 -42.292377
-17.2992 -40.1694 1.5541 -42.193757
-17.1185 -41.7267 2.3954 -42.08601
-17.083 -42.8762 3.6698 -41.968267
-17.3639 -44.4413 4.545 -41.842046
-18.2212 -45.6938 5.2818 -41.707233
-18.9632 -46.7735 4.1464 -41.563117
-19.2427 -47.6114 2.5633 -41.408941
-19.7572 -49.1601 2.2576 -41.248192
-20.0441 -50.8741 2.5491 -41.079402
-20.3286 -52.4364 3.2684 -40.902521
-19.8077 -53.8024 3.6098 -40.717011
-19.2008 -54.6661 2.2731 -40.521748
-18.7221 -56.0354 2.9434 -40.318596
-18.7365 -56.729 4.1896 -40.107778
-18.8997 -58.1413 5.2798 -39.891222
-18.8149 -59.8936 5.7078 -39.66876
-18.9822 -61.072 7.0484 -39.438445
-19.3934 -62.5349 8.0119 -39.203919
-19.547 -63.8484 9.0694 -38.962114
-19.5772 -65.5723 8.63 -38.717287
-19.258 -67.3139 8.3405 -38.467841
-19.7508 -69.0603 8.364 -38.215358
-19.9946 -70.8175 8.7102 -37.958603
-19.8037 -72.5539 9.1873 -37.699124
-19.7201 -74.3251 9.5635 -37.437015
-20.2567 -75.9938 9.7611 -37.173099
-19.7758 -77.7066 9.8918 -36.908289
-19.8692 -79.394 10.0722 -36.64367
-20.6153 -80.6503 10.7965 -36.37946
-20.8101 -82.0334 11.1362 -36.117671
-21.8468 -83.2751 10.5156 -35.85799
-22.3598 -84.646 11.4203 -35.601798
-22.8139 -86.2646 12.0203 -35.350373
-22.9433 -87.4114 13.1988 -35.10239
-23.2601 -88.7922 14.1473 -34.86253
-23.5187 -90.5915 14.1567 -34.632319
-23.7693 -92.3875 14.2837 -34.411177
-23.9193 -94.161 14.5659 -34.200071
-24.765 -95.4177 14.2775 -34.000526
-25.6946 -96.5629 13.7452 -33.814724
-26.3361 -98.2508 13.7081 -33.64444
-26.22 -99.6251 14.4174 -33.487816
-26.029 -100.2322 16.1217 -33.349018
-25.98 -100.9366 17.7977 -33.229673
-26.1774 -101.1961 19.58 -33.127819
-26.4133 -101.3806 21.3748 -33.051177
-26.5757 -102.9017 22.0388 -33.000712
-26.565 -104.1061 22.8298 -32.974914
-10.4886 -18.1238 0.6694 -42.596241
-10.4015 -18.057 0.4643 -42.642295
-11.3637 -19.3353 1.4826 -42.689457
-12.4409 -20.4928 2.3203 -42.734757
-13.7335 -21.882 2.6066 -42.773899
-14.3525 -23.4451 1.6476 -42.803438
-14.7639 -24.7529 0.4153 -42.822883
-15.0123 -25.6795 -1.2982 -42.832211
-14.7483 -27.3027 -2.2341 -42.832322
-14.1682 -28.7546 -3.3613 -42.822487
-14.1335 -30.3237 -2.5621 -42.80298
-14.176 -32.0715 -1.7097 -42.773955
-14.076 -33.7889 -0.9359 -42.735227
-13.8862 -35.6563 -1.4771 -42.686987
-13.5408 -37.5381 -1.8551 -42.629176
-12.9254 -39.3671 -2.0095 -42.561556
-12.8947 -41.2639 -2.5483 -42.48453
-12.5093 -43.0891 -2.3969 -42.397855
-11.8636 -44.7358 -1.5183 -42.301018
-11.3409 -46.4019 -0.6056 -42.194841
-11.0233 -47.5467 0.9658 -42.078171
-10.5913 -48.4457 2.6789 -41.952771
-10.1405 -50.0833 3.3431 -41.819116
-10.2934 -51.7904 2.9275 -41.676368
-10.88 -52.8858 1.4404 -41.523326
-11.0363 -54.4811 1.7038 -41.362433
-11.1458 -56.3254 2.378 -41.192644
-10.357 -57.7555 3.4384 -41.013685
-10.1358 -58.8326 4.9901 -40.825634
-10.3077 -60.6124 5.6598 -40.629507
-11.2813 -62.2927 6.0116 -40.425157
-11.7958 -64.1934 6.181 -40.212939
-12.4342 -66.0517 6.3974 -39.992089
-11.9522 -67.7789 6.8906 -39.762814
-11.6762 -69.0382 8.2561 -39.525346
-11.713 -70.0381 9.9612 -39.28021
-11.8555 -70.9146 11.6774 -39.025714
-12.8132 -71.5235 13.2459 -38.76504
-13.5753 -72.2336 12.7301 -38.496998
-14.1638 -73.7043 11.8882 -38.22276
-14.4131 -75.2707 10.815 -37.94208
-13.5782 -77.0011 10.3425 -37.654555
-13.3259 -78.9499 10.1371 -37.360829
-13.3622 -80.9141 10.3308 -37.061577
-14.2376 -82.5066 10.9807 -36.75653
-14.7845 -84.1023 11.9265 -36.444953
-15.3519 -85.4422 12.6525 -36.127253
-15.7865 -86.6616 12.098 -35.803679
-16.5522 -87.7496 13.5364 -35.475259
-17.1687 -89.5648 13.8022 -35.143554
-18.2162 -91.1682 13.885 -34.806886
-19.5493 -92.634 13.9514 -34.465658
-20.3209 -94.4426 13.8656 -34.120485
-21.0095 -96.2837 13.6721 -33.771767
-21.3384 -97.8523 13.9673 -33.415645
-21.6939 -97.8965 15.9193 -33.05079
-22.3276 -98.0602 17.7316 -32.687693
-21.887 -98.9874 16.7979 -32.3189
-22.8153 -99.7306 15.3374 -31.951997
-24.3779 -100.6691 14.7056 -31.583619
-24.3457 -102.6276 14.3888 -31.215105
-24.5768 -104.5617 14.2213 -30.84494
-24.8282 -106.5067 14.2205 -30.473303
-25.0574 -108.4614 14.1941 -30.101335
-25.5558 -110.3378 14.0236 -29.728478
-26.9412 -111.6652 13.5497 -29.354761
-27.6548 -113.1993 12.651 -28.981586
-27.9593 -114.1646 11.0361 -28.603938
-28.3565 -115.3746 10.0919 -28.233406
-29.1471 -116.4978 9.0352 -27.862245
-29.5399 -117.0458 7.1689 -27.489113
-29.9596 -117.6548 5.3281 -27.121251
-30.9613 -118.935 4.5188 -26.759622
-32.1435 -120.2324 4.6581 -26.401043
-32.9363 -121.0473 6.2793 -26.045114
-33.621 -122.2206 7.5953 -25.695367
-33.9105 -123.585 8.7937 -25.351172
-34.4873 -124.3869 10.3397 -25.013435
-35.0405 -125.7656 11.4307 -24.684919
-34.701 -127.6323 11.772 -24.364801
-35.3063 -129.4991 11.9181 -24.053933
-35.9903 -131.3268 11.7835 -23.754299
-37.6819 -132.1342 11.31 -23.465978
-38.5009 -133.4806 10.3217 -23.191022
-38.4967 -134.7419 8.9782 -22.928626
-39.2613 -136.1191 9.0235 -22.683251
-39.6486 -137.8732 9.0943 -22.455802
-40.3927 -139.5578 8.4232 -22.247986
-41.3357 -141.2284 8.0319 -22.061112
-41.7461 -143.1332 7.6854 -21.896457
-42.0138 -145.0056 7.4829 -21.755674
-41.9887 -146.6225 8.5512 -21.639271
-43.1363 -148.1444 8.915 -21.549934
-43.8626 -149.8828 8.3731 -21.489128
-44.926 -151.4033 7.7386 -21.458412
-9.353 -14.8211 0.2731 -42.446189
-11.0559 -15.5864 0.7158 -42.543906
-12.8605 -15.9487 1.177 -42.656073
-14.323 -16.6873 2.6356 -42.849941
-15.6273 -17.7486 4.2904 -42.991783
-16.5612 -19.3299 4.837 -43.035191
-17.0333 -20.2944 6.2453 -43.073306
-17.8874 -21.5361 7.3823 -43.102847
-18.8508 -22.9769 8.1796 -43.12285
-19.5099 -24.5801 8.9543 -43.133351
-19.7318 -25.6734 10.3712 -43.133729
-19.6375 -26.5275 11.987 -43.124149
-20.9183 -27.5166 12.4491 -43.105009
-21.2964 -29.0814 13.3143 -43.076497
-21.83 -30.7644 14.0149 -43.038216
-22.4092 -32.288 14.7504 -42.989866
-23.1716 -32.8787 16.4102 -42.930152
-23.4458 -33.3976 17.1662 -42.861206
-23.9797 -35.1098 17.8018 -42.783062
-25.2888 -36.4276 18.1128 -42.69477
-26.4013 -37.9363 18.2431 -42.596909
-27.2908 -39.5473 18.3867 -42.489101
-28.9068 -40.2841 18.3568 -42.3707
-28.8386 -41.8551 18.071 -42.243252
-30.0593 -43.3052 18.0707 -42.106032
-30.6546 -44.9959 18.2212 -41.958851
-31.4097 -46.5757 18.3297 -41.80192
-32.6885 -47.8644 18.2798 -41.635281
-33.6705 -49.4532 18.3794 -41.460297
-34.3435 -51.1833 18.7706 -41.276198
-35.0428 -52.643 19.7515 -41.082584
-35.9334 -53.9164 20.8542 -40.880521
-36.4958 -55.5633 21.6175 -40.67058
-37.1515 -57.2664 22.1901 -40.452574
-37.503 -58.9135 22.7742 -40.225272
-37.2767 -60.629 23.5408 -39.989954
-38.3487 -62.1152 24.0868 -39.748183
-38.7835 -63.8894 24.6417 -39.499769
-39.0307 -65.5698 25.4324 -39.244933
-39.2448 -67.4312 25.7075 -38.983132
-39.4113 -69.2406 26.1323 -38.715967
-38.2265 -70.1613 27.1367 -38.442404
-37.9293 -71.6381 28.1838 -38.163218
-36.7386 -72.8721 28.5562 -37.880525
-35.4143 -74.1273 28.8617 -37.594528
-33.8413 -75.1427 29.2839 -37.29818
-32.9832 -76.7229 29.5771 -37.005551
-33.6399 -75.092 29.1649 -36.703471
-33.1635 -76.3575 28.5144 -36.404411
-32.6394 -77.9449 29.3953 -36.105454
-31.5586 -79.4236 29.8926 -35.801288
-30.8094 -81.0765 30.3763 -35.499587
-31.5811 -82.6547 30.6865 -35.203833
-31.7168 -84.5489 30.8274 -34.911656
-31.5105 -86.4537 30.8357 -34.624439
-31.5377 -88.3667 30.7633 -34.342311
-31.4829 -90.279 30.6456 -34.06634
-31.9235 -92.1277 30.4947 -33.798418
-32.2806 -93.9944 30.2829 -33.540357
-33.2826 -95.4749 30.073 -33.292146
-34.2923 -96.3147 29.212 -33.055063
-33.7984 -97.5646 29.0456 -32.830554
-33.365 -98.5644 30.3242 -32.619505
-34.9529 -99.5888 30.5864 -32.425382
-35.3561 -101.2379 30.5528 -32.249361
-35.425 -102.1901 29.7785 -32.092067
-35.4381 -103.6106 30.0236 -31.956766
-35.4329 -104.9525 28.8355 -31.845235
-35.4888 -106.6151 28.0477 -31.759718
-35.1318 -108.0258 29.2064 -31.700688
-34.5346 -109.5447 30.0645 -31.671219
-15.445 -16.6758 3.4162 -42.993429
-17.1123 -16.5493 2.7023 -43.039425
-18.8242 -16.1183 2.2844 -43.081491
-20.5247 -15.3962 2.2003 -43.114684
-22.3116 -15.3473 2.4856 -43.139228
-24.0423 -14.9367 2.9859 -43.154338
-25.7912 -14.8802 3.5418 -43.160492
-27.6376 -14.8877 3.7424 -43.157384
-29.4617 -14.8882 3.7168 -43.144893
-31.2202 -15.3922 3.5297 -43.123331
-32.7539 -15.8243 2.9445 -43.092045
-34.0829 -16.2305 1.7975 -43.051331
-35.3566 -17.1047 0.7776 -43.001451
-36.7811 -17.3591 0.0703 -42.941652
-38.4049 -17.2529 0.8951 -42.871944
-40.1857 -16.9717 1.2216 -42.792354
-41.9745 -17.3706 1.348 -42.703708
-43.6645 -17.7288 1.1737 -42.605322
-45.1638 -16.9527 0.472 -42.496576
-46.3865 -16.2335 -0.6264 -42.37795
-48.1583 -16.038 -0.1893 -42.250139
-49.5586 -16.5997 0.7893 -42.113203
-50.6275 -17.7832 1.5574 -41.967687
-52.4581 -17.9497 1.6886 -41.81184
-54.2203 -17.8442 1.1278 -41.646543
-55.6575 -18.4041 0.1681 -41.472305
-57.139 -19.2179 -0.5793 -41.289254
-58.8775 -19.6978 -0.9928 -41.097298
-60.4992 -20.5497 -0.8751 -40.897458
-62.2699 -20.9516 -0.784 -40.68872
-63.9605 -21.4851 -1.2025 -40.469791
-65.769 -21.6468 -1.2364 -40.244012
-67.4074 -21.948 -2.0416 -40.010539
-69.2303 -22.0478 -2.2783 -39.769725
-71.0405 -22.3933 -2.2 -39.5213
-72.76 -22.6876 -1.8978 -39.266404
-74.4248 -22.1245 -1.3042 -39.004004
-75.468 -21.5676 0.0962 -38.734677
-76.805 -21.0117 0.8974 -38.459445
-78.6304 -21.1688 0.7939 -38.181114
-80.2126 -21.6023 1.4208 -37.897837
-81.9055 -21.4802 1.8938 -37.609878
-83.3789 -20.5725 2.4839 -37.317196
-84.8475 -20.092 3.3977 -37.022037
-85.8797 -19.4106 4.4732 -36.722917
-86.9877 -17.9771 4.3817 -36.422556
-88.4094 -16.917 4.436 -36.121528
-89.1332 -16.2863 5.8123 -35.816879
-89.6827 -16.0961 7.5766 -35.513301
-90.6073 -14.9923 8.5732 -35.212878
-91.6573 -14.5236 9.9347 -34.915498
-92.216 -13.6924 11.4126 -34.618173
-93.3323 -12.5367 11.3011 -34.328835
-94.3529 -11.3333 10.4637 -34.044106
-95.9243 -11.359 10.3327 -33.766946
-97.085 -12.6874 10.4076 -33.498775
-98.637 -11.9209 10.4364 -33.238129
-99.8512 -10.5582 10.1484 -32.988431
-101.1467 -9.2581 9.9913 -32.749938
-102.9108 -8.8466 10.0308 -32.525774
-104.2043 -7.6318 10.4372 -32.316553
-105.7848 -7.7377 11.2376 -32.124673
-107.5295 -7.7352 11.7584 -31.951367
-108.7114 -6.5165 12.2914 -31.797271
-108.6826 -5.013 12.9437 -31.663625
-109.4316 -4.9691 14.0337 -31.554622
-110.9911 -5.321 13.2911 -31.471047
-112.3812 -4.7789 12.2565 -31.413235
-113.4541 -4.4164 10.8172 -31.383401
-15.5545 -17.632 4.3033 -43.008045
-16.8149 -18.3686 5.0193 -43.083965
-18.1535 -17.7371 5.9254 -43.160539
-19.3957 -17.6568 7.1162 -43.230886
-20.6245 -17.4395 8.329 -43.292954
-21.4073 -17.0773 9.8446 -43.347202
-22.3291 -16.4593 11.1562 -43.392695
-23.7986 -16.4039 12.1053 -43.430442
-24.636 -16.4397 13.5353 -43.460341
-26.0492 -16.413 14.4153 -43.481522
-26.5091 -16.6788 16.0866 -43.494853
-27.6416 -17.5424 16.452 -43.500061
-28.9683 -17.6171 17.1518 -43.496167
-30.2529 -16.8642 18.0015 -43.483124
-31.8112 -16.9615 18.7079 -43.46222
-32.7125 -16.0015 17.8716 -43.431987
-33.9732 -15.3124 17.8919 -43.393461
-35.5154 -14.9405 18.541 -43.346776
-36.8148 -15.2621 19.6037 -43.292282
-38.1095 -15.3947 20.6532 -43.229682
-39.3709 -15.3085 20.5665 -43.158057
-39.9084 -15.4165 22.2463 -43.078024
-41.4898 -16.1032 22.568 -42.992164
-43.1935 -16.3081 22.9719 -42.898482
-44.8671 -16.1005 23.426 -42.797235
-46.5874 -16.255 23.8037 -42.688883
-48.2806 -16.146 24.1613 -42.574631
-49.8848 -15.6408 24.6252 -42.453742
-51.569 -15.5809 25.1077 -42.327976
-53.1934 -15.8717 25.7123 -42.197442
-54.8397 -16.0518 26.2602 -42.061766
-56.4663 -15.7486 26.8593 -41.922807
-57.6381 -14.8744 27.7621 -41.780137
-58.8394 -13.7889 28.4214 -41.634747
-60.1932 -13.1386 29.3328 -41.487408
-61.8304 -12.6017 29.6751 -41.33981
-63.5039 -12.1508 29.7076 -41.192975
-64.8861 -11.121 29.4315 -41.046651
-65.5954 -10.0293 28.2627 -40.901881
-66.3587 -9.069 29.1123 -40.760393
-67.3994 -7.9254 29.8988 -40.622756
-68.8854 -7.8686 29.963 -40.491532
-70.5505 -7.352 29.9726 -40.366939
-72.0497 -6.4284 30.0037 -40.250108
-73.5599 -5.5098 29.9785 -40.142892
-74.8786 -4.3323 29.9264 -40.043436
-76.2236 -3.1844 29.9023 -39.959832
-77.2186 -1.7362 29.9278 -39.889986
-78.2778 -0.5048 29.7779 -39.835784
-79.9939 -0.3567 29.5292 -39.79894
-81.6519 -0.1123 29.479 -39.779735
-15.2282 -17.1379 4 -42.980552
-15.8134 -17.8487 4 -42.997293
-16.4306 -18.5318 4 -43.006219
-13.8552 -16.3527 0.6773 -42.727485
-6.8126 -12.9962 0.0714 -42.347366
-5.8684 -15.48 0.0572 -42.355195
-5.4058 -18.0693 0.0621 -42.347818
-4.8048 -20.6622 0.1442 -42.31848
-4.2378 -23.1032 0.3354 -42.259865
-4.2185 -23.3173 3.0099 -42.132239
-4.1991 -23.5292 5.6846 -41.97888
-3.9404 -24.0329 8.0609 -41.803996
-2.9465 -26.4423 7.8893 -41.604882
-2.9898 -29.1239 7.9366 -41.378157
-2.8312 -31.7921 8.079 -41.123036
-2.7737 -34.4658 8.0848 -40.839435
-3.1335 -36.1267 6.8772 -40.521231
-2.9668 -36.5649 4.2354 -40.173086
-3.5563 -38.3842 2.8887 -39.803138
-4.3063 -40.3834 1.497 -39.40323
-4.1208 -42.6459 0.2252 -38.976219
-4.2362 -43.7827 0.8959 -38.607381
-3.8312 -43.4159 2.8085 -38.315779
-3.4263 -43.0492 4.7211 -38.019689
-3.0214 -42.6825 6.6338 -37.719679
-2.6164 -42.3158 8.5464 -37.416248
-2.2115 -41.949 10.459 -37.10984
-1.8006 -41.5642 12.3611 -36.800837
-1.0504 -39.8462 12.7392 -36.475704
0.1758 -38.6585 13.5417 -36.141412
1.5902 -38.0395 13.8599 -35.791328
3.2347 -39.0768 14.2093 -35.433018
3.2862 -40.8715 14.6526 -35.061931
3.0921 -42.2179 15.9515 -34.678136
3.289 -43.8273 17.0278 -34.282539
3.7676 -45.0577 18.3989 -33.871771
5.3853 -45.2551 17.5078 -33.447801
6.4565 -45.5185 16.2146 -33.003452
6.4601 -45.5688 14.2263 -32.54497
7.3041 -46.1013 15.3965 -32.076621
7.7212 -46.6728 17.2551 -31.592277
8.2906 -47.8462 18.7417 -31.099835
8.7291 -49.4862 19.2615 -30.733891
9.1255 -50.9461 19.7272 -30.507325
10.0364 -52.2198 19.9693 -30.277581
10.7133 -53.6545 20.0389 -30.044087
11.8089 -54.3454 19.5071 -29.804711
12.1976 -54.6669 17.9921 -29.561547
13.1099 -54.8336 16.8714 -29.315683
13.5838 -54.6626 15.3738 -29.051397
13.6588 -54.6533 13.7788 -28.746753
13.7337 -54.644 12.1838 -28.448161
13.8087 -54.6347 10.5888 -28.155985
13.8837 -54.6254 8.9938 -27.870487
13.9586 -54.6161 7.3988 -27.591728
14.0336 -54.6068 5.8038 -27.319682
14.1085 -54.5975 4.2088 -27.054682
14.1663 -54.5744 2.6132 -26.757644
14.2206 -54.5486 1.0176 -26.457128
14.2749 -54.5228 -0.5781 -26.165201
14.3293 -54.497 -2.1737 -25.881874
14.3836 -54.4712 -3.7694 -25.607164
14.4379 -54.4454 -5.365 -25.341598
13.7113 -55.8095 -5.5929 -25.082047
13.1825 -57.2536 -6.0072 -24.823785
12.9567 -58.7053 -6.561 -24.567443
12.6682 -60.0281 -7.37 -24.313236
12.3514 -61.5353 -7.7387 -24.06166
11.9771 -63.0578 -7.8716 -23.813954
11.7617 -64.6275 -7.7751 -23.570394
11.4655 -65.9109 -8.3481 -23.331105
11.6675 -66.9063 -9.5712 -23.096386
11.728 -68.3207 -9.6289 -22.866931
11.6975 -68.4625 -8.07 -22.642862
11.4235 -69.5735 -7.0162 -22.428487
11.1196 -70.8404 -6.109 -22.222568
11.0275 -71.8722 -4.9846 -22.02475
11.2426 -73.2528 -4.3725 -21.837348
10.7531 -74.6674 -3.9199 -21.661083
10.425 -76.2016 -3.7062 -21.495624
10.77 -77.7411 -3.6532 -21.341981
11.0786 -79.2552 -3.6604 -21.20185
11.425 -80.7723 -3.755 -21.075868
11.2996 -82.2807 -4.0128 -20.965387
11.9706 -83.6675 -4.3963 -20.871099
12.7118 -84.5829 -3.8154 -20.792696
13.1706 -85.4159 -2.5821 -20.733031
13.3664 -86.853 -1.9391 -20.693214
13.3682 -87.667 -0.8755 -20.672835
8.6263 -48.9248 19.7774 -30.744448
8.971 -49.5407 20.9869 -30.540505
9.2099 -51.0475 20.8184 -30.33486
10.0927 -52.2943 20.5532 -30.127005
10.6868 -53.724 20.4404 -29.917269
11.4461 -54.1517 19.6321 -29.700559
11.5442 -54.2966 18.1881 -29.482517
12.9332 -54.8812 18.406 -29.265034
13.2774 -55.294 19.8309 -29.039885
13.7729 -56.2787 20.5319 -28.819104
14.3885 -57.7019 20.5127 -28.597297
15.16 -59.0485 20.6431 -28.375526
15.6443 -60.0525 21.5504 -28.152125
16.2084 -60.988 22.5631 -27.92889
17.2577 -61.2039 23.519 -27.706375
18.4454 -61.8839 23.9975 -27.485788
19.1422 -63.2514 24.2481 -27.26709
19.671 -63.8624 25.3071 -27.046818
20.2623 -64.3588 26.3522 -26.831623
21.638 -65.0559 26.1487 -26.62104
22.7173 -66.1327 25.8633 -26.402006
23.7256 -67.2733 25.5197 -26.191231
24.6112 -68.47 25.1932 -25.991852
24.9681 -69.954 24.971 -25.799754
24.9964 -70.9802 24.2159 -25.604577
24.9684 -71.117 22.6615 -25.408
24.9404 -71.2538 21.1072 -25.225244
24.9124 -71.3907 19.5528 -25.056366
24.8648 -71.4567 17.9963 -24.899473
24.9221 -71.7069 16.7213 -24.75327
25.4185 -72.6144 17.5247 -24.615589
25.5779 -72.8182 19.0637 -24.487656
25.6724 -73.1458 20.5059 -24.375833
25.5385 -73.7136 21.7923 -24.274637
25.5469 -73.9336 23.3373 -24.187498
25.5553 -74.1535 24.8823 -24.117975
26.4257 -75.2629 24.9859 -24.066017
26.2037 -76.801 24.991 -24.031093
26.3234 -78.3421 25.0702 -24.013916
-4.7208 -44.7161 -0.023 -38.693646
-5.1299 -46.1818 0.6944 -38.573006
-5.3697 -46.9913 2.259 -38.444385
-5.7718 -48.0995 3.5791 -38.30954
-6.3113 -49.4357 4.5711 -38.167438
-6.1052 -51.0319 5.3148 -38.018645
-5.9754 -52.7323 5.8136 -37.862927
-5.3005 -54.3124 6.0843 -37.699909
-5.5666 -55.9139 6.2159 -37.529645
-6.3626 -57.4622 6.4728 -37.352374
-7.4327 -58.7683 6.9386 -37.167722
-8.3123 -60.0607 7.6969 -36.976083
-9.2075 -61.5771 7.5449 -36.77861
-10.0182 -63.1512 7.7642 -36.574267
-10.4982 -64.8336 7.9938 -36.364046
-11.098 -66.494 8.2496 -36.146876
-11.5795 -68.0917 8.8213 -35.923353
-11.4778 -69.48 9.814 -35.694126
-11.3768 -70.9824 10.6772 -35.458495
-11.1615 -72.6665 10.9417 -35.21697
-11.9531 -74.0675 10.3517 -34.970014
-12.2253 -75.2856 9.1163 -34.717522
-12.386 -76.5528 7.8889 -34.46048
-12.4919 -77.8973 6.8778 -34.197761
-12.6418 -79.6702 6.7282 -33.931005
-12.8923 -81.2283 7.3625 -33.659417
-13.0636 -82.0267 8.8276 -33.38072
-12.8375 -83.2389 8.8894 -33.100868
-12.4716 -84.694 8.0205 -32.816733
-12.6797 -85.5671 7.0599 -32.527554
-12.5183 -84.1321 6.1622 -32.231036
-12.5292 -84.0813 7.3739 -31.932052
-11.895 -85.6688 7.8198 -31.632001
-11.5229 -87.2946 8.4116 -31.329893
-10.3324 -88.1124 9.2259 -31.024584
-10.675 -89.8262 9.467 -30.716723
-11.2148 -91.4903 9.7261 -30.408439
-11.4919 -93.2205 9.9224 -30.099348
-11.8689 -94.9605 9.9938 -29.788631
-12.2215 -96.7085 9.9892 -29.478432
-12.5548 -98.4528 9.9031 -29.167004
-13.101 -100.1246 9.6027 -28.85634
-13.6123 -101.6942 9.0552 -28.545886
-14.5178 -102.8115 8.0351 -28.235681
-14.732 -103.8321 6.6289 -27.925707
-14.736 -104.949 5.3416 -27.616793
-14.7897 -105.5564 3.6632 -27.309285
-14.9175 -106.1934 2.0059 -27.005571
-14.8119 -107.3154 0.66 -26.709166
-14.3904 -108.3157 -0.7477 -26.415182
-14.0768 -109.6227 -1.5126 -26.128336
-14.1581 -111.3783 -1.2027 -25.847335
-14.4574 -112.7137 -0.3129 -25.571355
-14.5581 -113.8268 1.0481 -25.303878
-14.5629 -114.7419 2.5821 -25.043107
-14.3372 -115.8187 3.9677 -24.793017
-14.0073 -116.8255 5.38 -24.551957
-13.5104 -118.0936 6.4955 -24.322695
-13.0668 -119.695 6.5246 -24.106162
-12.4966 -121.0534 5.5568 -23.903779
-12.0851 -122.6625 5.1356 -23.716212
-12.5004 -124.2153 4.474 -23.54422
-12.6759 -125.9354 4.076 -23.390044
-13.0189 -127.5669 3.9008 -23.253173
-13.6129 -129.2115 3.7998 -23.13613
-14.5095 -130.7248 3.617 -23.039997
-15.1909 -132.314 3.2206 -22.966275
-16.0458 -133.6469 2.4524 -22.916035
-17.0046 -135.0632 2.0492 -22.890906
-3.6471 -8.0538 -0.0157 -42.33901
-1.3228 -8.9468 -0.0471 -42.357388
0.9314 -9.9936 -0.0832 -42.365763
2.6625 -11.7633 -0.1495 -42.363356
3.884 -13.4015 -0.8686 -42.339257
4.2751 -14.1359 -3.2157 -42.253454
4.6663 -14.8703 -5.5627 -42.147167
5.0575 -15.6047 -7.9097 -42.022531
5.4487 -16.3392 -10.2567 -41.881478
5.5082 -15.6747 -11.481 -41.747357
5.7528 -14.1284 -10.9972 -41.629086
5.1317 -14.013 -9.0503 -41.494937
5.6382 -14.026 -8.2186 -41.339328
7.6439 -14.2766 -7.8039 -41.167793
9.6042 -14.0356 -7.3728 -40.98533
11.4824 -13.5321 -6.7322 -40.785546
12.4397 -13.1153 -5.3274 -40.567987
13.1732 -12.7275 -3.4442 -40.330693
14.0029 -12.5015 -1.5695 -40.075467
14.9232 -12.6143 0.2611 -39.80369
16.0509 -12.8503 1.9217 -39.514422
17.2291 -12.7352 3.6117 -39.203779
18.6969 -13.072 4.9744 -38.882766
20.4387 -12.843 5.9867 -38.544156
22.2399 -12.9948 6.2182 -38.29445
23.7688 -13.3762 5.9788 -38.144047
25.0057 -12.6222 5.3936 -37.98714
26.3571 -12.2571 4.8087 -37.825392
27.8738 -11.9691 4.5669 -37.657842
29.2461 -11.1445 4.4391 -37.484837
30.8012 -10.7714 4.3716 -37.307839
32.3851 -10.5715 4.2891 -37.12602
33.2233 -10.1298 4.9983 -36.937805
34.0663 -9.8024 5.9221 -36.745583
35.5597 -9.845 6.5062 -36.550109
36.9026 -9.7278 7.2501 -36.34998
38.2463 -9.5474 7.9246 -36.147457
39.7277 -9.1425 8.3952 -35.941862
41.1759 -8.7377 8.951 -35.733764
42.5633 -8.3419 9.5488 -35.522208
43.7337 -8.1277 8.583 -35.309006
45.1311 -8.0308 7.9631 -35.095241
46.5242 -8.3092 7.3517 -34.881807
47.4104 -8.3281 6.0274 -34.666216
48.547 -8.1523 4.9694 -34.452751
50.1277 -8.0481 4.8161 -34.240706
51.0302 -8.412 5.9293 -34.026892
52.4231 -8.5023 6.17 -33.8182
53.895 -8.5955 6.6905 -33.611702
54.9911 -8.7652 7.7616 -33.409785
56.4893 -8.9904 7.679 -33.213899
57.587 -10.1308 7.9043 -33.024886
59.0801 -10.6364 8.1455 -32.841518
60.6014 -11.0022 8.4608 -32.66665
61.9959 -11.5958 8.0265 -32.500385
62.9752 -11.9724 7.058 -32.340775
63.4644 -12.0743 5.5381 -32.191962
64.0395 -11.9612 4.047 -32.053236
64.4337 -11.9546 2.4888 -31.92726
64.823 -11.932 0.9297 -31.816483
65.2041 -11.8836 -0.6309 -31.722068
65.5558 -11.8356 -2.1985 -31.643889
65.8976 -11.7879 -3.7682 -31.584286
66.4194 -11.7876 -5.282 -31.543833
66.4944 -12.5596 -6.6605 -31.523652
21.8035 -12.9643 5.5087 -38.26114
22.2928 -12.8975 4.0421 -38.047437
22.782 -12.8307 2.5755 -37.834486
23.2713 -12.7639 1.1089 -37.622799
23.7606 -12.6971 -0.3578 -37.412864
24.2499 -12.6303 -1.8244 -37.205146
24.7391 -12.5635 -3.291 -37.00004
25.2284 -12.4967 -4.7576 -36.797822
25.7177 -12.4299 -6.2242 -36.598974
26.2069 -12.363 -7.6908 -36.403972
26.8935 -12.3131 -8.9994 -36.211849
27.9931 -12.1349 -10.0456 -36.017992
29.4155 -12.0244 -10.5719 -35.821884
30.9321 -12.139 -10.7879 -35.624617
32.4337 -12.4908 -10.7732 -35.424387
33.7283 -13.0404 -10.3346 -35.223863
34.9591 -13.7394 -9.781 -35.022647
36.3049 -14.3754 -9.3611 -34.820448
37.7863 -14.4064 -8.971 -34.615075
38.9765 -14.4204 -8.3072 -34.41067
39.509 -14.5028 -6.8771 -34.208974
40.803 -14.1184 -7.3333 -34.011213
42.1172 -13.7343 -7.9502 -33.81622
43.481 -14.2451 -8.4653 -33.626113
44.8322 -14.6862 -9.0455 -33.440687
46.2199 -15.1571 -9.5418 -33.260598
47.4998 -15.7968 -10.1041 -33.08808
48.4919 -16.341 -10.9949 -32.92186
49.2648 -16.5571 -12.2212 -32.763132
50.6437 -17.0063 -12.5265 -32.6147
52.1626 -17.2199 -12.7123 -32.475571
53.5098 -17.9199 -12.5815 -32.348221
54.8261 -18.5114 -12.0649 -32.232777
56.0144 -19.3898 -11.6485 -32.131294
57.1511 -20.3793 -11.2981 -32.04419
58.5784 -20.83 -11.009 -31.97256
59.5198 -21.3446 -11.6244 -31.916467
59.9152 -21.5013 -13.1121 -31.878171
60.3293 -21.6363 -14.5919 -31.858633
5.542 -17.4481 -11.9734 -41.792443
5.2752 -19.0549 -12.8511 -41.771145
4.5319 -20.5356 -13.6308 -41.741261
4.2842 -21.2679 -12.1504 -41.701677
4.5234 -21.5541 -11.2061 -41.653833
5.0916 -22.5097 -9.9139 -41.597558
5.6355 -23.6108 -8.5295 -41.532899
6.4022 -24.9693 -7.5369 -41.459685
6.6335 -26.3097 -6.3211 -41.377952
7.1852 -27.3717 -7.4784 -41.286505
7.7638 -28.2275 -9.037 -41.186278
9.1599 -28.8455 -10.0123 -41.07789
10.2945 -29.4271 -11.2255 -40.960568
12.0307 -29.9265 -10.7637 -40.834165
13.7255 -30.5864 -10.4924 -40.699581
15.1918 -31.515 -11.0288 -40.556924
16.7178 -31.6949 -12.0524 -40.404835
18.2188 -31.9125 -13.1144 -40.244425
19.9511 -32.1969 -13.7295 -40.075583
21.5074 -33.0418 -14.1745 -39.892448
22.8543 -34.2615 -14.6414 -39.701148
24.0059 -35.5947 -15.1729 -39.508481
24.5296 -37.1036 -15.7174 -39.307991
24.7232 -37.5624 -17.5262 -39.096459
25.1008 -38.2263 -19.2142 -38.878448
26.3789 -39.4506 -19.5884 -38.656294
28.1291 -39.8596 -20.0602 -38.426482
29.3513 -39.6098 -21.3429 -38.188399
30.6809 -38.9744 -22.3478 -37.943414
31.8544 -39.4408 -23.699 -37.692437
32.7072 -40.1312 -24.5207 -37.436252
34.1875 -40.0661 -24.2388 -37.173091
35.3747 -39.954 -25.6606 -36.90417
36.0556 -40.1808 -27.3735 -36.626622
37.1117 -40.5409 -28.8636 -36.347415
37.9499 -40.8975 -30.5002 -36.063869
38.8019 -40.6861 -32.1277 -35.775319
39.8174 -40.5169 -33.6425 -35.484699
40.8901 -40.7217 -35.068 -35.191911
42.5305 -41.61 -35.2384 -34.897447
44.3755 -41.8861 -35.4176 -34.600722
45.9871 -42.2694 -36.0731 -34.302627
47.4878 -43.2765 -36.1873 -33.998802
49.3319 -43.6209 -36.2065 -33.688601
51.1887 -43.712 -36.2324 -33.387671
53.0372 -43.4731 -36.3042 -33.088216
54.8899 -43.6769 -36.497 -32.792462
56.6959 -43.5991 -36.9065 -32.498835
58.2639 -44.1277 -37.6876 -32.209442
59.5341 -44.5902 -38.7803 -31.921892
60.5988 -45.0677 -39.8571 -31.64168
61.8729 -46.2433 -40.1922 -31.368721
63.3313 -46.5896 -41.0735 -31.101476
64.0217 -46.6763 -42.7931 -30.840773
64.5704 -46.7494 -44.583 -30.589785
64.8703 -46.6711 -46.4334 -30.340303
65.1687 -46.5915 -48.2839 -30.10994
65.5964 -46.5388 -50.1097 -29.89245
65.7108 -46.4215 -51.9702 -29.674132
65.6981 -46.2783 -53.8407 -29.473941
65.6854 -46.1351 -55.7113 -29.299153
65.6727 -45.9919 -57.5819 -29.149944
65.7296 -45.7497 -59.4403 -29.018902
65.8135 -45.4694 -61.2934 -28.912422
66.0243 -45.0935 -63.1166 -28.830916
66.1717 -44.6856 -64.9394 -28.774421
66.3305 -44.1781 -66.4646 -28.745333
5.6517 -16.7814 -12.2027 -41.70695
5.689 -16.9607 -13.7308 -41.510118
5.7263 -17.14 -15.259 -41.301733
5.7636 -17.3194 -16.7872 -41.082891
5.8009 -17.4987 -18.3154 -40.854535
5.8383 -17.678 -19.8436 -40.617555
5.8756 -17.8574 -21.3717 -40.372775
5.9129 -18.0367 -22.8999 -40.121186
5.9502 -18.216 -24.4281 -39.863731
5.9875 -18.3954 -25.9563 -39.601231
6.0248 -18.5747 -27.4845 -39.33438
6.0621 -18.754 -29.0126 -39.063823
6.0994 -18.9334 -30.5408 -38.790479
6.1367 -19.1127 -32.069 -38.515116
6.1741 -19.292 -33.5972 -38.238426
6.2114 -19.4714 -35.1254 -37.961032
6.2487 -19.6507 -36.6536 -37.683451
6.286 -19.83 -38.1817 -37.406418
6.3233 -20.0094 -39.7099 -37.130635
6.3606 -20.1887 -41.2381 -36.856744
6.3979 -20.368 -42.7663 -36.585289
6.4352 -20.5474 -44.2945 -36.316611
6.4725 -20.7267 -45.8226 -36.051388
6.5099 -20.906 -47.3508 -35.79024
6.5472 -21.0854 -48.879 -35.533752
6.5845 -21.2647 -50.4072 -35.282375
6.6218 -21.444 -51.9354 -35.036411
6.6591 -21.6234 -53.4635 -34.796338
6.6964 -21.8027 -54.9917 -34.562763
6.7337 -21.982 -56.5199 -34.336227
6.771 -22.1614 -58.0481 -34.11715
6.8083 -22.3407 -59.5763 -33.9058
6.8457 -22.52 -61.1045 -33.702414
6.883 -22.6994 -62.6326 -33.507326
6.9394 -22.8766 -64.1572 -33.321075
8.1498 -22.8799 -64.1006 -33.139411
8.9886 -23.516 -62.989 -32.960085
9.9314 -24.3205 -62.1091 -32.785516
10.5435 -25.411 -61.3105 -32.614255
11.1641 -26.7642 -60.9602 -32.448305
11.7371 -28.177 -61.0516 -32.288303
12.2468 -29.4991 -61.4619 -32.134191
12.6299 -30.7915 -61.1111 -31.986723
13.0367 -32.212 -60.6823 -31.847941
13.4206 -33.6473 -60.2909 -31.71834
13.672 -35.0666 -59.8345 -31.599389
13.7802 -36.5811 -60.0484 -31.492464
13.7177 -38.0731 -60.4184 -31.398224
13.5658 -39.5761 -60.7091 -31.317278
13.3014 -41.0704 -60.6511 -31.25093
13.3571 -42.0105 -59.4467 -31.199051
13.5377 -43.0476 -58.3404 -31.164071
13.6333 -44.0606 -57.3331 -31.146515
-2.4565 -0.91 0.0523 -42.804707
-2.8293 2.667 0.2464 -43.263279
-3.0866 6.216 0.7208 -43.728166
-2.2413 9.6979 1.5153 -44.202438
-0.7404 12.7593 0.9662 -44.68352
0.227 15.8879 -1.0884 -45.166048
0.5524 20.1154 -1.9386 -45.650667
0.4575 24.418 -2.5408 -46.149504
0.4389 27.3767 -5.5178 -46.666311
-0.013 29.9656 -8.7108 -47.200748
-0.1419 14.3216 0.264 -44.951729
0.8616 14.8245 1.2959 -45.212539
2.5303 15.409 3.4469 -45.694647
5.0961 15.9466 3.8822 -46.195152
7.8356 16.5695 3.9069 -46.7189
10.5566 17.2922 4.0994 -47.260232
13.2701 17.9524 4.5537 -47.825278
15.8121 18.8134 4.7988 -48.41416
17.2134 19.7132 4.344 -48.816403
17.5574 19.3689 4.0634 -48.822648
-0.9274 14.3109 0.2417 -45.03751
-2.5488 14.1754 0.0246 -45.162504
-4.1702 14.04 -0.1925 -45.28792
-5.6969 13.9854 -0.1496 -45.415552
-6.0083 14.0245 0.9686 -45.549473
-4.7591 13.8534 0.1003 -45.691559
-4.5248 13.8442 -1.5168 -45.878164
-4.3735 13.8457 -3.1513 -46.069366
-4.2222 13.8471 -4.7858 -46.26035
-4.0708 13.8486 -6.4202 -46.451508
-3.7648 13.9278 -8.018 -46.65025
-3.1571 14.1597 -9.5252 -46.862999
-2.5409 14.9686 -10.6984 -47.081143
-0.6612 32.5013 -8.9792 -47.537945
-1.3441 34.6869 -8.6538 -47.779963
-2.5162 37.7967 -7.959 -48.118406
-4.0883 40.798 -9.2426 -48.4409
-6.1771 43.4321 -10.5669 -48.749739
-7.4526 45.9637 -12.4793 -49.047165
-8.199 48.9959 -14.3148 -49.332575
-8.488 52.2581 -16.0262 -49.606422
-8.9751 55.6713 -17.3793 -49.871369
-8.9724 59.3456 -17.9864 -50.128047
-8.8355 62.9598 -18.9326 -50.377568
-8.1651 65.7964 -21.101 -50.621251
-8.071 69.4931 -21.2598 -50.857789
-8.0725 72.7987 -19.5494 -51.067888
-8.8931 75.9303 -20.6534 -51.218446
-9.8467 77.8663 -22.8286 -51.333824
-10.916 79.9845 -24.8489 -51.44367
-11.8107 82.572 -26.461 -51.543463
-13.9622 85.1541 -28.0376 -51.630195
-15.428 87.4195 -30.0798 -51.708363
-16.2874 89.1284 -32.8169 -51.762402
-17.1302 91.8068 -33.4334 -51.79422
-16.6579 94.7355 -33.3269 -51.819243
-16.2793 97.4317 -32.2507 -51.837612
-16.0966 100.3779 -31.8618 -51.848657
-15.6048 103.2146 -31.8672 -51.810662
-15.0646 104.6984 -30.0846 -51.719092
-14.4099 106.6313 -31.3901 -51.613738
-13.9013 109.3975 -31.7321 -51.493473
-13.1382 112.1018 -31.8855 -51.358377
-12.0288 114.6912 -32.2205 -51.207615
-9.9615 116.491 -32.7147 -51.041163
-8.3964 118.5551 -33.6954 -50.857146
-7.0441 120.3709 -35.2413 -50.654913
-16.3107 103.1222 -31.2609 -51.923737
-17.0106 105.6108 -30.0258 -52.055651
-17.7104 108.0993 -28.7907 -52.172944
-18.4103 110.5878 -27.5556 -52.275609
-19.1321 113.0846 -26.3544 -52.363651
-20.0839 115.6275 -25.7828 -52.438006
-21.6544 117.8269 -26.4818 -52.499176
-22.4041 120.0541 -28.0006 -52.546351
-23.8204 121.9956 -29.2918 -52.579117
-16.2837 88.4956 -30.6847 -51.84547
-16.9057 88.45 -28.8674 -52.038223
-17.5277 88.4044 -27.0501 -52.218126
-18.1496 88.3588 -25.2328 -52.385384
-18.7716 88.3131 -23.4155 -52.540147
-19.3936 88.2675 -21.5982 -52.682533
-20.0155 88.2219 -19.7808 -52.812628
-20.6375 88.1763 -17.9635 -52.93052
-21.2595 88.1307 -16.1462 -53.036266
-21.8814 88.0851 -14.3289 -53.129933
-22.5034 88.0394 -12.5116 -53.211617
-23.1253 87.9938 -10.6943 -53.281361
-23.7473 87.9482 -8.8769 -53.33921
-24.3693 87.9026 -7.0596 -53.385218
-24.9912 87.857 -5.2423 -53.419389
-25.6132 87.8114 -3.425 -53.441789
-26.2352 87.7657 -1.6077 -53.452489
-26.8571 87.7201 0.2096 -53.451547
-27.4791 87.6745 2.0269 -53.439045
-28.1011 87.6289 3.8443 -53.41504
-28.723 87.5833 5.6616 -53.379613
-10.6474 82.0467 -25.97 -51.620083
-9.8973 83.5702 -26.7997 -51.859587
-8.9166 84.4636 -28.1497 -52.095988
-7.9416 85.635 -29.2349 -52.328598
-6.7633 86.7616 -30.2244 -52.557107
-5.9934 87.8877 -31.5 -52.781979
-4.805 89.0805 -31.9871 -53.002947
-4.0074 90.0975 -33.2964 -53.221747
-3.642 91.5318 -34.1524 -53.435225
-3.5504 92.2381 -35.0395 -53.645736
-2.6112 93.3175 -34.37 -53.852548
-1.4138 94.7914 -34.5426 -54.054083
-0.1697 96.0984 -35.117 -54.251698
0.8889 97.112 -35.3375 -54.445507
1.8787 97.6218 -33.8386 -54.635735
3.297 98.6527 -34.2066 -54.819947
4.478 100.1526 -34.2331 -54.998526
5.7259 101.6013 -34.2783 -55.172629
6.9236 103.076 -34.3329 -55.341168
8.2378 104.4594 -34.2789 -55.504608
9.708 105.6324 -34.1824 -55.662362
11.0242 106.9149 -34.1788 -55.81484
12.03 108.5293 -34.2938 -55.961258
12.8387 110.237 -34.4028 -56.101754
13.6986 111.9172 -34.2947 -56.236355
14.9808 113.3035 -34.0183 -56.365078
16.3534 114.5382 -33.5266 -56.487854
-8.0122 74.6652 -19.0128 -51.289732
-7.3733 74.7434 -17.1393 -51.541396
-6.2129 74.8717 -15.5661 -51.786684
-4.6588 75.1485 -14.4836 -52.027524
-2.9313 75.2005 -13.5318 -52.265075
-1.1908 75.5548 -14.025 -52.499127
0.2492 75.4182 -15.2751 -52.730719
1.6994 75.2949 -16.4498 -52.958334
3.456 75.8724 -16.5978 -53.182268
4.909 77.061 -16.0201 -53.402216
6.3489 78.0205 -15.2054 -53.618649
7.6777 78.1558 -16.557 -53.833603
9.1932 78.8939 -17.1669 -54.043745
10.3243 80.3116 -17.9293 -54.249412
11.8031 81.2429 -18.8099 -54.451396
13.3202 82.0201 -19.7154 -54.649653
14.672 82.8734 -20.8357 -54.843454
15.8195 84.0369 -21.4716 -55.03238
17.3968 85.0052 -21.5241 -55.217141
19.1523 85.9091 -21.6233 -55.397323
20.835 86.8367 -21.5731 -55.57264
22.3782 87.6805 -22.4819 -55.743651
23.6336 88.6822 -23.6145 -55.909131
25.3121 89.236 -24.4178 -56.069791
26.9271 90.1776 -25.069 -56.228017
28.5711 91.1435 -25.6063 -56.382452
30.1849 92.1759 -26.0934 -56.527057
31.906 93.0582 -26.3886 -56.665286
33.349 94.3802 -26.2354 -56.79726
34.682 95.7638 -25.7885 -56.923115
36.0698 96.9946 -25.1164 -57.04311
-9.1332 71.1226 -19.9391 -51.11143
-11.2049 71.3971 -19.3463 -51.376487
-12.2503 72.1505 -17.4371 -51.63666
-13.2771 72.9723 -16.3017 -51.89182
-15.0629 74.4381 -16.0237 -52.141165
-17.1889 75.3374 -15.9102 -52.386736
-18.7708 76.7954 -16.5998 -52.627307
-20.2396 77.7578 -18.0502 -52.864229
-21.4318 79.2493 -19.3169 -53.095656
-22.4493 80.8848 -20.0685 -53.25987
-23.644 82.5321 -19.9209 -53.35545
-25.2693 83.8199 -19.7197 -53.444457
-26.4282 85.5474 -19.5741 -53.526104
-27.4271 87.2915 -19.7394 -53.600562
-28.2555 88.0894 -18.5764 -53.668911
-28.4362 88.7812 -16.6121 -53.729684
-28.7184 89.4709 -14.6555 -53.781625
-28.5952 90.5234 -12.9306 -53.824506
-28.0087 92.2281 -11.8717 -53.85788
-28.1824 93.3344 -10.523 -53.882564
-28.881 94.9101 -9.3484 -53.897178
-29.1637 96.6406 -8.2343 -53.901624
-29.7507 98.589 -7.8416 -53.895448
-31.2546 100.014 -7.7767 -53.878872
-32.9856 101.1833 -7.8435 -53.851378
-34.438 102.6859 -7.93 -53.811994
-35.8645 104.1959 -8.077 -53.760649
-37.7492 105.0636 -8.2888 -53.697513
-39.7252 105.5106 -8.4883 -53.621735
-41.4274 106.5542 -8.4275 -53.532027
-22.5697 79.9845 -21.0657 -53.277766
-23.5049 79.5868 -23.0086 -53.392886
-24.7357 79.2357 -23.1851 -53.489366
-26.0186 79.7983 -22.2548 -53.578222
-27.6912 80.6895 -21.9109 -53.659876
-29.3246 81.7314 -21.4655 -53.734176
-31.1306 82.4861 -21.4143 -53.801254
-32.9071 83.2024 -21.5235 -53.860848
-34.8537 83.2248 -21.3716 -53.913021
-36.6622 83.819 -20.8419 -53.9565
-38.0322 83.5029 -19.5874 -53.99229
-39.4902 83.5562 -18.2934 -54.018826
-40.9141 84.0358 -17.0459 -54.035788
-42.4783 85.0996 -16.5078 -54.042662
-44.0118 86.2891 -16.2793 -54.039541
-45.0805 86.8165 -17.3328 -54.026555
-45.3985 87.0849 -19.2874 -54.003386
-46.0085 87.5938 -21.1008 -53.969067
-46.5256 87.8633 -23.0125 -53.923711
-47.0124 88.1443 -24.9307 -53.86675
-48.0466 88.8001 -25.8124 -53.798445
-49.3531 89.8139 -24.8517 -53.717749
-23.4169 79.5945 -22.041 -53.341682
-7.4755 47.1812 -14.128 -49.28627
-6.6397 46.9581 -15.442 -49.461607
-6.0885 47.0624 -16.854 -49.623668
-5.6785 47.4504 -18.3124 -49.777345
-5.0375 48.1975 -19.4234 -49.921708
-4.9376 48.8586 -20.8471 -50.058781
-4.8994 49.5688 -22.2208 -50.188141
-4.8067 50.8524 -23.1201 -50.308578
-4.348 52.1399 -23.896 -50.42686
-3.8636 53.4258 -24.6617 -50.532933
-3.2759 54.7308 -25.2965 -50.627651
-2.6137 56.0992 -25.6637 -50.712881
-1.9972 57.5231 -25.7699 -50.789316
-0.7472 58.4335 -25.8246 -50.856751
0.1834 59.5702 -25.9895 -50.914099
1.0556 60.8294 -26.3063 -50.960795
1.4265 62.1744 -26.9168 -50.996318
1.2466 63.3678 -27.9187 -51.020461
0.8615 64.5278 -28.8693 -51.032431
-1.2039 34.2315 -8.7378 -47.827814
-2.1645 36.692 -8.3921 -48.253197
-3.11 39.1845 -8.3928 -48.661132
-3.9026 40.3411 -6.7187 -49.056782
-4.4638 40.8393 -4.1593 -49.443257
-5.2514 41.2336 -1.6507 -49.820405
-6.4986 41.3875 0.6577 -50.189616
-6.9016 41.3668 3.1344 -50.555534
-8.3244 41.1475 5.0228 -50.91353
-9.0777 42.2825 6.6587 -51.194149
-10.4818 44.1286 6.7312 -51.396901
-12.0542 45.877 6.472 -51.594446
-13.7926 47.4551 6.7415 -51.78714
-14.3287 48.7274 8.6097 -51.975827
-14.2892 50.0448 10.5825 -52.159008
-14.3831 52.2013 11.5125 -52.336059
-15.4653 54.1641 11.5993 -52.508035
-15.9872 56.1264 10.7348 -52.675023
-15.9935 58.493 10.4465 -52.836221
-16.6674 59.2873 8.5547 -52.994394
-17.4698 59.7595 6.3608 -53.147089
-17.8092 61.9411 6.2291 -53.292037
-19.8136 62.8997 6.5069 -53.432735
-21.3274 63.1601 7.9551 -53.568764
-22.8218 64.0013 9.1439 -53.6611
-24.7396 64.6596 9.7419 -53.708898
-25.9313 65.6939 8.2209 -53.747857
-27.3521 67.091 7.1443 -53.777625
-27.8515 68.7801 5.7356 -53.797774
-28.9706 70.1238 4.2552 -53.808347
-29.8302 71.1977 2.3661 -53.808847
-30.5772 72.9481 2.3143 -53.797934
-31.2511 73.9836 4.3225 -53.776309
-31.8836 74.7971 6.3519 -53.743012
-33.4979 76.3178 6.0157 -53.69699
-35.3494 77.7054 5.6794 -53.638258
-36.2359 77.7987 3.4859 -53.566727
-36.823 78.2142 1.2302 -53.480707
-37.2962 78.8752 -1.0041 -53.379711
-38.0777 79.5243 -3.1351 -53.263956
-38.5828 79.8578 -5.4262 -53.131705
-40.1286 80.7679 -6.86 -52.983363
-41.8887 81.3717 -5.9333 -52.817586
-43.201 81.2826 -4.0378 -52.633567
-44.3102 81.7185 -2.0187 -52.430845
-23.2557 64.0561 8.131 -53.684073
-24.9649 64.9635 8.1844 -53.779349
-26.0616 65.9005 8.9001 -53.870341
-26.305 66.1448 10.8713 -53.956259
-26.4364 66.2766 12.8582 -54.034222
-26.7662 66.3845 14.8041 -54.105219
-28.2543 66.3369 15.7942 -54.169079
-29.7596 66.2207 16.7645 -54.226052
-29.8152 66.2528 18.7633 -54.275437
-30.2709 66.9957 19.6957 -54.316441
-31.7156 67.9135 20.4594 -54.349544
-32.1409 69.5247 21.5115 -54.373822
-33.0427 71.1208 22.2483 -54.389619
-33.7682 72.7602 23.0868 -54.396752
-34.714 74.4169 23.6586 -54.395056
-35.5114 76.0162 24.4887 -54.384362
-35.8784 77.7991 25.2812 -54.364206
-36.6919 79.4931 25.9091 -54.334701
-37.5921 81.2366 26.1638 -54.295675
-37.9648 82.9348 26.6532 -54.246726
-38.1232 84.1537 28.0096 -54.188758
-37.4894 85.6297 29.04 -54.120932
-37.0034 87.4849 29.1485 -54.043115
-36.7841 89.4485 29.2879 -53.952743
-36.3959 91.4052 29.448 -53.853075
-9.6387 41.5186 6.3846 -51.205515
-11.2133 41.8239 6.3128 -51.430307
-12.0979 42.4791 4.8865 -51.65449
-13.2557 43.35 3.9751 -51.875071
-14.2423 43.577 2.4577 -52.094605
-15.3556 43.71 1.0276 -52.311643
-15.9894 44.5732 -0.4476 -52.526385
-16.6871 45.12 -2.0478 -52.739045
-17.7188 45.8368 -3.2857 -52.950255
-18.5783 46.8498 -4.5254 -53.158919
-19.9074 47.2662 -5.6939 -53.365815
-21.5852 47.5437 -6.3542 -53.570178
-22.9761 48.6597 -6.3259 -53.770811
-24.3563 49.8697 -6.2079 -53.969056
-25.8552 50.8966 -6.0169 -54.164114
-27.0962 51.9486 -5.4199 -54.357081
-27.9482 52.3876 -3.9646 -54.548303
-29.654 52.5789 -3.9322 -54.735487
-30.6445 52.9077 -5.3714 -54.919635
-32.0441 53.5066 -6.2656 -55.099633
-33.4656 54.634 -6.5349 -55.275022
-34.9544 55.5474 -7.0531 -55.446032
-36.2819 56.6634 -7.6004 -55.612331
-37.6486 57.8611 -7.7756 -55.774075
-38.5034 59.4777 -7.6459 -55.930206
-39.3718 61.0534 -7.2838 -56.080133
-40.2991 62.551 -6.7638 -56.224207
-41.2384 64.045 -6.261 -56.362145
-41.8614 65.6914 -5.7694 -56.492944
-42.4591 67.2851 -5.1652 -56.616749
-43.3383 68.5969 -4.4191 -56.733131
-44.4522 70.0317 -4.1392 -56.840931
-45.5063 71.5345 -4.0501 -56.940402
-46.5569 73.035 -4.1531 -57.030698
-47.8716 74.2263 -4.5515 -57.111693
-48.8625 75.1738 -5.5759 -57.182813
-49.2408 75.7623 -7.2733 -57.244191
-49.4584 77.0985 -8.4631 -57.293355
-49.9501 78.752 -8.946 -57.330712
-51.026 79.8745 -9.2484 -57.35614
-51.28 79.9424 -10.8927 -57.369951
17.7044 20.951 4.9703 -49.013126
18.2015 22.2043 5.6044 -49.202947
18.6985 23.4577 6.2386 -49.384146
19.0912 25.152 6.8819 -49.602657
19.429 27.2733 6.757 -49.854923
20.0937 28.9393 5.4586 -50.099006
20.5192 30.5261 4.0181 -50.335733
21.7848 31.8769 2.8501 -50.566369
22.0977 33.1829 1.0434 -50.791352
23.2662 34.71 0.0406 -51.009787
23.7528 35.2305 -1.9989 -51.224934
24.4415 36.3316 -0.4475 -51.435281
25.2156 37.3871 1.3732 -51.640884
25.5431 38.1412 3.4507 -51.842939
26.3109 39.4951 5.0553 -52.039351
27.3125 40.7429 3.9319 -52.2319
27.6125 41.5008 5.9749 -52.42215
27.8649 42.4672 7.8245 -52.607784
28.5761 44.0126 9.106 -52.788301
29.3017 45.8785 9.8466 -52.964142
29.8444 47.4239 10.9837 -53.137241
29.8427 48.4745 12.9418 -53.305989
30.4043 50.5089 13.6559 -53.469187
32.2661 51.6774 14.0416 -53.628814
33.7432 53.3643 13.9508 -53.783207
35.3704 54.8773 13.6311 -53.933122
36.404 56.7929 13.1328 -54.077794
37.9566 57.9008 12.228 -54.217655
39.1636 59.6692 11.6914 -54.351738
40.7811 61.2139 11.412 -54.480567
42.5407 62.5144 11.7504 -54.603466
43.9242 63.8221 12.81 -54.720575
45.3908 65.165 13.6376 -54.831241
45.9271 67.2097 14.1714 -54.934354
46.6355 69.1359 14.3788 -55.030701
48.3635 70.1089 14.8857 -55.120815
49.6569 71.9103 15.1633 -55.204338
50.9513 73.7475 15.4455 -55.280138
52.8054 74.9337 15.6383 -55.347054
54.7263 75.5702 15.6827 -55.406111
56.0864 76.9982 15.657 -55.455918
57.1449 78.0802 14.4904 -55.497289
58.894 79.349 14.0314 -55.529203
60.9129 80.2627 14.3307 -55.55196
62.6887 81.5896 14.007 -55.564663
64.1912 82.1373 14.8133 -55.568126
65.3934 82.3955 16.5144 -55.561639
66.9021 83.2776 17.6975 -55.544165
67.4164 84.9808 18.6495 -55.515398
68.0681 86.9646 19.2519 -55.475865
18.9087 24.0362 7.1126 -49.477051
19.1476 18.9083 3.9431 -49.064751
20.9905 18.3979 3.8423 -49.328694
22.9152 18.2333 3.6481 -49.583903
24.7758 17.8958 3.3306 -49.831325
26.5871 18.0132 3.1308 -50.072007
28.3023 18.6484 3.6845 -50.30685
29.9424 18.8206 4.6508 -50.536871
31.2866 18.6601 5.9911 -50.763679
32.7096 18.1098 7.1234 -50.986825
34.1103 16.8391 7.543 -51.20692
35.4164 15.4177 7.7072 -51.424392
36.5618 14.0174 7.4707 -51.638951
38.0589 13.6462 6.35 -51.850028
39.8047 13.3092 5.8907 -52.058638
41.5119 12.7068 5.2455 -52.265408
42.8693 12.0614 4.0202 -52.470663
44.4573 11.3345 3.2295 -52.673743
45.9294 10.8303 2.4767 -52.875213
47.1014 10.1377 3.6205 -53.074499
48.3849 9.3089 4.6779 -53.271742
49.394 9.6773 6.2389 -53.467208
50.6478 10.0528 7.6185 -53.660444
51.9327 9.8336 9.0023 -53.851715
53.4883 10.1208 10.104 -54.040267
55.2334 9.8227 9.9071 -54.226942
57.0597 9.924 9.3135 -54.421807
58.8743 9.6526 8.6558 -54.619154
60.689 9.3812 7.9981 -54.807451
62.4959 9.1815 7.3186 -54.987184
64.0964 9.6659 6.3822 -55.161727
65.6128 10.0298 5.5676 -55.333736
66.3879 8.7348 6.61 -55.504771
67.0408 7.9267 8.2378 -55.671979
67.6184 7.3624 10.0083 -55.836583
68.2214 6.7991 11.7671 -55.998043
68.8557 6.3245 13.5452 -56.155126
69.5936 6.0215 15.3177 -56.309331
70.6128 5.6939 16.9232 -56.458837
71.846 5.1297 18.3139 -56.603468
73.446 5.6128 19.1551 -56.743468
75.1394 5.1362 19.9892 -56.881945
76.7792 5.1163 20.887 -57.012987
78.3203 5.541 21.9782 -57.138954
79.5543 6.0354 23.1887 -57.259636
80.477 6.477 24.7608 -57.37443
82.1371 6.4027 25.3832 -57.484142
83.992 6.8997 25.7174 -57.58744
85.8702 6.8251 26.0726 -57.685163
87.7509 6.7088 26.4848 -57.776444
89.6348 6.7028 26.6547 -57.86085
91.0074 6.4378 25.4152 -57.938287
92.1971 6.0461 24.0228 -58.00878
93.1627 5.5053 22.7795 -58.073337
93.4181 5.3578 20.8527 -58.129363
93.6827 5.205 18.9277 -58.176717
93.9559 5.0473 17.0042 -58.215111
94.7999 4.5071 17.8661 -58.244152
-1.9865 16.2264 -10.9822 -47.279904
-1.6114 17.3396 -11.0385 -47.412656
-1.1973 18.2526 -10.4886 -47.512804
-0.4899 18.8695 -10.968 -47.580958
0.4947 18.656 -11.4238 -47.61598
-5.9486 122.6202 -36.4545 -50.432839
-4.8563 124.4889 -38.1946 -50.190549
-3.4433 126.1431 -39.8024 -49.927163
-2.2407 128.597 -40.3971 -49.640588
-1.5188 131.295 -40.1613 -49.329577
-1.6696 134.0734 -40.2753 -48.99295
-2.517 136.7345 -40.7076 -48.628965
-3.2762 139.4376 -41.1589 -48.235409
-4.1563 142.1305 -41.3938 -47.810209
-4.9956 144.8475 -41.5126 -47.349969
-4.2109 147.46 -41.641 -46.852082
-3.9407 150.1251 -41.6099 -46.311568
-3.8535 152.9656 -41.6389 -45.725272
-3.8797 155.8081 -41.7765 -45.087521
-3.362 158.4701 -41.8809 -44.39408
-3.9026 161.1882 -41.8597 -43.64048
-4.6546 163.8938 -41.7416 -42.822926
-4.458 166.7321 -41.7051 -41.937781
-4.7248 169.4267 -41.9823 -40.983207
-5.9516 171.9513 -42.4086 -39.958632
-6.8697 174.6164 -42.5236 -38.86738
-7.1469 177.3942 -42.5991 -37.714356
-8.5483 179.5426 -43.6297 -36.510346
-9.0965 181.9163 -44.9846 -35.266504
-9.3572 184.5276 -45.8738 -34.00561
-10.3037 185.8819 -45.5629 -33.023507
-12.6165 185.7411 -44.527 -32.347311
-14.6492 185.7303 -43.1953 -31.713815
-16.2496 187.2653 -42.1906 -31.124123
-17.9145 189.1431 -41.8854 -30.587494
-19.4479 191.0685 -41.5909 -30.114265
-21.0169 192.9475 -41.0017 -29.714072
-22.4125 194.4386 -40.3024 -29.396569
-23.7068 195.9472 -39.0039 -29.169395
-25.0392 197.7028 -39.8911 -29.039182
-25.8175 200.0563 -40.2799 -29.0105
-26.6369 201.4551 -41.5533 -29.087223
-27.5289 202.2594 -40.2727 -29.268651
-29.472 203.3638 -40.3713 -29.550225
-31.4096 204.4733 -39.3932 -29.927182
-31.9894 205.4816 -37.1556 -30.393334
-32.896 206.6385 -35.2063 -30.934886
-33.7738 206.9925 -32.8727 -31.543516
-35.326 208.2821 -31.3862 -32.201158
-36.5537 210.18 -30.3332 -32.897623
-37.6503 212.1937 -29.5135 -33.620619
-38.7499 214.0475 -28.2022 -34.359887
-38.8366 216.2339 -27.1303 -35.103894
-39.8429 217.9451 -25.6872 -35.844087
-40.3547 220.3663 -25.6679 -36.571038
-9.0607 186.6005 -47.0068 -33.098916
-8.6412 188.5188 -48.1723 -32.566706
-7.9227 189.8909 -49.7878 -32.069582
-7.3389 191.2666 -51.5099 -31.618477
-6.8689 192.8579 -53.067 -31.225177
-6.5717 194.5306 -54.6272 -30.900178
-6.699 195.7688 -56.5782 -30.65402
-6.6007 197.3796 -57.9455 -30.496548
-5.361 198.4457 -59.4593 -30.436212
-4.0706 199.0919 -61.2062 -30.478832
-2.56 200.3359 -61.9713 -30.626564
-1.1767 202.1203 -62.473 -30.880352
0.1257 203.765 -63.1817 -31.237679
0.5779 205.9809 -62.9411 -31.69305
1.7705 207.8999 -62.7909 -32.238636
1.7806 210.0234 -63.3852 -32.86357
1.251 212.0868 -62.5412 -33.556391
0.3882 214.2228 -62.3899 -34.302644
-0.4598 216.2968 -62.9067 -35.090425
-1.2479 218.4121 -63.4146 -35.908009
-2.0973 220.5416 -63.7457 -36.743767
-3.4118 222.4275 -63.923 -37.58792
-5.2388 223.8332 -64.0726 -38.432451
-7.0057 225.2983 -64.337 -39.270209
-8.1122 227.0393 -64.9339 -40.096873
-8.3675 229.0243 -65.402 -40.708967
-8.7031 230.7886 -65.6689 -41.110217
-9.2813 232.5101 -65.8231 -41.495426
-9.2237 228.2929 -64.8468 -40.696573
-10.9382 228.5001 -64.259 -41.062519
-12.6565 228.7042 -63.682 -41.39972
-25.5183 124.0162 -29.3962 -52.595088
-26.4756 125.8583 -28.1987 -52.598161
-27.6755 127.8327 -27.6028 -52.588996
-27.9279 128.8492 -29.077 -52.567993
-28.5728 129.8586 -27.39 -52.533714
-29.4951 131.5172 -26.0388 -52.485425
-30.3172 133.5583 -25.0126 -52.42251
-30.9903 134.755 -23.0132 -52.345434
-31.8576 136.0757 -21.167 -52.25277
-32.9249 137.8539 -19.8699 -52.143643
-34.7749 138.8966 -19.3111 -52.018253
-36.3176 139.9122 -18.0849 -51.875512
-37.4604 141.3871 -16.8864 -51.714125
-38.6623 143.1941 -16.0632 -51.533196
-40.1691 144.5551 -14.9429 -51.332336
-41.2877 146.3296 -14.9203 -51.110011
-42.5778 148.1549 -14.027 -50.865983
-43.9866 149.9737 -13.1872 -50.599481
-45.0144 151.7833 -12.0503 -50.3087
-45.5532 153.8159 -10.8393 -49.992323
-46.3861 156.0367 -10.2537 -49.649095
-46.9837 158.3901 -9.9517 -49.278205
-47.8117 160.6751 -9.7756 -48.876942
-49.0447 162.6915 -9.706 -48.444339
-50.015 164.9082 -9.8518 -47.977006
-51.5234 166.8379 -9.9384 -47.472414
-52.9161 168.8061 -9.9279 -46.92731
-54.0733 170.9215 -9.7859 -46.337899
-55.7453 172.652 -9.5467 -45.701822
-57.6094 174.1497 -9.6472 -45.015324
-59.246 175.273 -8.9172 -44.275232
-60.6519 176.3429 -7.7572 -43.478992
-61.8971 178.3631 -7.4187 -42.623177
-62.7492 180.6081 -7.5045 -41.705529
-63.9736 182.7158 -7.7021 -40.727271
-65.2308 184.8141 -7.6187 -39.688027
-66.7492 186.7003 -7.6491 -38.588858
-68.417 188.4651 -7.7574 -37.430532
-69.4591 190.6092 -7.7695 -36.216948
-69.6776 192.1396 -9.5531 -34.945379
-70.6232 193.0213 -8.854 -33.607462
-70.9662 193.1386 -6.4297 -32.224014
-71.4596 193.5338 -4.0639 -30.795442
-72.1758 195.2071 -3.9513 -29.332594
-73.6159 196.7389 -5.1111 -27.823364
-74.8609 198.522 -6.148 -26.261829
-75.7426 199.5734 -7.6936 -24.638369
-75.3694 199.5725 -10.1146 -22.915876
-74.4019 199.6256 -11.6143 -21.12548
-73.8016 200.0979 -9.3728 -19.210716
-74.5843 201.3776 -7.8285 -17.151348
-75.66 202.8847 -6.3385 -14.902439
-76.7569 204.7933 -5.2692 -12.414131
-77.7876 206.5222 -4.0466 -9.611464
-78.7815 208.5213 -3.0989 -6.407855
-29.3228 87.5393 7.4141 -53.334467
-29.9005 87.4969 9.1019 -53.281271
-30.4781 87.4545 10.7898 -53.218519
-31.0558 87.4122 12.4776 -53.146364
-32.2782 87.1841 13.3671 -53.064549
-33.8866 86.6278 13.8875 -52.971396
-35.2533 87.1539 14.4242 -52.865531
-35.8481 87.8038 15.3321 -52.747734
-36.8463 86.9864 16.4788 -52.618954
-38.3951 86.3544 16.7879 -52.477991
-40.0436 86.842 16.4412 -52.323837
-41.676 86.6973 15.7688 -52.157534
-43.0795 86.67 14.6822 -51.978749
-44.7397 86.6061 14.8133 -51.787752
-46.2784 86.3685 14.6265 -51.584589
-47.931 85.969 14.7511 -51.36956
-49.3382 85.0184 15.2541 -51.142737
-51.0157 84.5548 15.4912 -50.903706
-52.76 84.3802 15.7377 -50.653954
-54.4766 84.1118 16.1326 -50.393589
-56.1575 83.722 16.5614 -50.122561
-57.6854 83.1665 17.2616 -49.841425
-59.449 83.0129 17.2864 -49.551491
-61.2047 83.1213 17.0316 -49.253857
-62.4985 83.4162 16.057 -48.948116
-64.2493 83.561 15.9695 -48.635894
-65.9938 83.4285 15.6473 -48.317674
-67.7202 83.5173 15.2308 -47.994428
-69.055 83.036 14.2322 -47.66798
-69.8653 82.2066 12.9383 -47.339611
-71.0115 81.258 11.9738 -47.011364
-72.4278 80.4398 11.5445 -46.684025
-73.698 79.222 11.6667 -46.361557
-74.8344 77.8746 11.8888 -46.046324
-76.1909 76.8138 12.1994 -45.737756
-77.7152 76.0674 12.6693 -45.440156
-79.2241 75.3783 13.2714 -45.156586
-80.5771 74.3384 13.7242 -44.889512
-81.948 73.2954 14.1285 -44.641258
-83.3128 72.1963 14.4348 -44.414881
-84.2563 70.7511 14.49 -44.212236
-85.9688 70.3467 14.3507 -44.034693
-87.6869 70.083 14.43 -43.885138
-89.1236 69.3762 14.9056 -43.765044
-90.0942 69.1674 16.3612 -43.674404
-91.4773 68.4273 17.0893 -43.615111
-93.1744 68.4543 17.5737 -43.585737
17.4714 115.5383 -32.7054 -56.594702
18.7181 116.515 -32.6736 -56.687627
19.4474 117.9165 -32.6863 -56.775638
20.2746 119.2604 -32.6312 -56.859563
21.0837 120.5882 -32.4636 -56.939164
21.7758 121.9988 -32.2416 -57.014457
22.3094 123.4582 -32.1155 -57.085528
23.1409 124.8071 -32.0128 -57.152378
23.9385 126.1782 -31.9172 -57.215257
25.0849 127.2066 -31.902 -57.274195
25.7601 127.3047 -33.2559 -57.330533
26.628 127.211 -34.5602 -57.383228
27.4583 127.1967 -35.7592 -57.431733
28.395 127.5305 -34.6253 -57.47618
29.5644 128.205 -33.8463 -57.51648
30.5696 128.6374 -32.8152 -57.553546
32.0051 129.043 -32.2921 -57.586951
33.4128 129.4399 -31.6761 -57.616765
34.7649 130.0848 -31.1622 -57.642757
36.07 130.7044 -30.5266 -57.665181
37.2954 130.2845 -29.7509 -57.684955
38.6668 129.8544 -29.4393 -57.701175
40.0959 129.824 -28.9371 -57.71333
41.6596 129.7812 -29.1527 -57.721691
43.163 129.7557 -29.5887 -57.726012
37.3605 97.6671 -24.1386 -57.146222
38.5247 98.3419 -23.3011 -57.234004
39.4075 98.7958 -22.0704 -57.318151
39.7833 99.3954 -20.6642 -57.398246
39.86 99.407 -19.0804 -57.475715
40.1939 99.8932 -18.7303 -57.547708
40.4963 100.318 -20.2174 -57.616165
41.4643 101.4944 -20.1061 -57.679261
42.3976 102.7119 -19.7798 -57.738041
43.1049 104.0833 -19.5568 -57.792549
44.0865 105.3182 -19.6544 -57.842762
44.7899 106.7249 -19.7113 -57.888585
45.9094 107.8469 -19.694 -57.93026
47.0015 108.9935 -19.6267 -57.967501
47.4874 110.1272 -19.5101 -58.001236
47.4694 110.2183 -21.0953 -58.034486
47.4514 110.3094 -22.6805 -58.062175
47.4334 110.4005 -24.2657 -58.08435
47.4153 110.4915 -25.8509 -58.101036
47.3973 110.5826 -27.4361 -58.112217
47.3793 110.6737 -29.0213 -58.117833
-43.1464 107.2097 -8.6051 -53.436873
-44.2349 108.3552 -9.2701 -53.338957
-45.5183 109.1815 -10.1573 -53.230925
-46.5455 110.332 -10.9218 -53.112025
-47.6198 111.4497 -11.7523 -52.982384
-48.7733 112.6103 -11.9929 -52.84167
-49.0763 114.3515 -11.8794 -52.68922
-49.3422 116.0762 -11.586 -52.525733
-49.7822 117.0822 -10.2937 -52.350861
-50.4256 118.2912 -9.1739 -52.164141
-50.9978 119.2379 -7.7863 -51.965797
-51.2625 120.0244 -6.2601 -51.755374
-51.6654 121.1492 -4.9912 -51.533579
-51.9476 122.7357 -4.2703 -51.299514
-52.5998 124.2212 -3.6393 -51.053891
-53.274 125.7541 -3.0637 -50.797226
-53.9887 127.1954 -2.3704 -50.529518
-53.963 128.1021 -0.9245 -50.248116
-54.6255 128.6873 -0.6995 -49.954813
-55.0557 128.8462 -2.4173 -49.650133
-55.7093 129.6088 -3.8029 -49.337749
-56.3904 130.5701 -3.4395 -49.014947
-57.2397 131.7558 -2.5815 -48.681685
-57.7383 132.4193 -1.0375 -48.335752
-58.1997 132.8604 0.5026 -47.982034
-59.135 134.2149 0.2827 -47.619999
-59.5411 135.9385 0.3726 -47.250243
-60.3211 137.5272 0.4547 -46.873858
-61.5615 138.7924 0.4272 -46.492377
-62.8427 140.0202 0.4049 -46.10564
-63.9756 141.337 0.4784 -45.716347
-65.5415 142.0698 0.6041 -45.326405
-66.8201 143.3029 0.6105 -44.936833
-67.9523 144.6731 0.6097 -44.54064
-69.0106 146.0943 0.6091 -44.158863
-69.7753 147.6531 0.6561 -43.788271
-69.9859 148.4831 2.1055 -43.426644
-70.4429 149.3779 3.3991 -43.081095
-71.6135 150.4383 2.691 -42.753631
-72.4835 151.5429 1.7355 -42.446262
-72.9227 152.8592 2.7049 -42.160693
-72.5877 154.4469 3.3601 -41.901125
-73.0119 156.1489 3.5593 -41.669208
-73.1545 157.8864 3.5882 -41.467648
-74.1953 159.319 3.6169 -41.298261
-74.932 160.9303 3.7174 -41.161789
-75.2192 162.6661 3.8423 -41.059488
-75.4158 163.3004 5.1393 -40.991217
-75.4017 163.5667 6.8972 -40.957765
-50.1374 90.531 -23.3634 -53.630231
-51.2673 90.8857 -22.5511 -53.539387
-52.7159 91.6607 -23.1098 -53.438519
-54.0702 92.6015 -23.357 -53.327422
-55.4386 93.0469 -22.4458 -53.206609
-56.998 93.6059 -21.9041 -53.075432
-58.5673 94.2413 -21.5078 -52.934161
-59.4515 94.8578 -20.2839 -52.781514
-60.3751 95.9904 -19.3491 -52.619356
-61.639 96.317 -18.2753 -52.447321
-62.5765 96.8459 -17.7339 -52.264982
-63.9654 97.6322 -17.7098 -52.07214
-65.6166 98.1559 -17.9424 -51.869911
-67.3141 98.5251 -18.0363 -51.658025
-68.9906 98.999 -17.9141 -51.437374
-70.4527 99.8368 -17.5623 -51.207318
-71.8636 100.5751 -16.8437 -50.969421
-73.2945 101.1084 -16.0241 -50.72437
-74.8032 101.5319 -15.3155 -50.472367
-76.2937 102.0431 -14.7677 -50.213982
-76.9439 103.3194 -13.9021 -49.949198
-77.7853 104.5384 -13.0235 -49.680004
-79.1174 105.4827 -13.5256 -49.408645
-80.5678 106.3785 -13.889 -49.13496
-81.9123 107.4474 -14.0602 -48.860942
-82.892 108.884 -14.1362 -48.586058
-83.7902 110.3676 -14.0768 -48.311995
-84.9748 111.6284 -13.8567 -48.041625
-86.2002 112.6963 -13.3076 -47.774583
-87.0479 113.9279 -12.479 -47.513279
-87.7411 115.4304 -11.9657 -47.260221
-88.823 116.6812 -11.5653 -47.017363
-89.4834 118.0465 -10.8065 -46.785949
-90.0558 119.4566 -9.9504 -46.568139
-90.8226 120.9302 -9.4429 -46.366471
-91.9586 122.2396 -9.3374 -46.182614
-92.8888 123.6775 -9.6286 -46.017718
-93.6083 125.2344 -9.9613 -45.873538
-94.4583 126.6908 -10.3334 -45.751978
-95.6371 127.179 -11.2403 -45.654224
-96.5223 128.3643 -11.7434 -45.580532
-97.3565 129.8343 -11.9607 -45.531399
-98.0187 131.4271 -12.0082 -45.506619
-44.8397 82.3848 -0.1022 -52.234072
-45.6858 82.6745 1.4762 -52.050477
-47.0854 83.466 2.0376 -51.854978
-47.9154 84.1261 0.6038 -51.64603
-48.4536 84.4912 -1.1078 -51.425063
-49.4629 84.7481 -2.3216 -51.191114
-50.8487 85.4683 -2.9272 -50.942547
-51.3634 86.2483 -4.138 -50.677433
-51.1604 85.8865 -5.9031 -50.399169
-51.4147 86.3329 -4.63 -50.104225
-51.3753 86.9211 -3.2026 -49.795679
-51.6511 88.546 -2.6095 -49.470483
-52.0008 89.4665 -3.9264 -49.126284
-52.6137 90.8015 -4.1725 -48.765599
-53.4473 92.4123 -3.9386 -48.385547
-53.8653 94.1635 -3.6555 -47.985338
-53.9519 95.9277 -3.215 -47.563783
-54.3051 97.4953 -2.5507 -47.119821
-54.5625 98.6898 -1.1952 -46.654202
-54.547 99.8234 0.1762 -46.163185
-54.2907 100.3598 1.9096 -45.646367
-54.7709 101.2087 3.4194 -45.107388
-54.4328 101.9413 3.8933 -44.544133
-53.0212 101.1678 3.092 -43.956112
-52.5222 101.109 4.5528 -43.336562
-54.1846 101.7537 4.4499 -42.69321
-55.6576 102.8136 4.5394 -42.023898
-56.499 104.3974 4.7059 -41.328186
-56.8786 106.1716 4.8788 -40.607122
-56.4546 107.8733 4.5587 -39.863222
-55.6814 109.1098 4.4339 -39.091105
-55.7928 109.3656 6.2457 -38.286406
-56.2213 109.7146 7.7986 -37.481635
-55.5336 111.171 7.9788 -36.660815
-57.2605 111.7016 8.1166 -35.829887
-58.1121 113.2561 8.4551 -34.986816
-58.5985 114.919 9.0311 -34.1361
-59.6859 116.036 9.8099 -33.285414
-59.434 116.5435 10.5662 -32.431477
-59.3051 118.1105 11.4366 -31.580355
-59.9415 119.6907 12.0733 -30.73277
-60.8614 121.156 12.3489 -29.896216
-61.607 122.4945 11.39 -29.068973
-62.1797 124.0961 10.8491 -28.258646
-62.6253 125.8486 10.8404 -27.468109
-62.2188 127.4063 11.6395 -26.700337
-61.8461 129.0333 12.3882 -25.959171
-62.5327 130.6886 12.3999 -25.247826
-62.936 132.4579 12.2088 -24.568013
-63.3234 134.2117 11.8803 -23.923812
-63.6303 135.945 11.5157 -23.320579
-63.951 136.5199 9.8435 -22.757502
-64.1784 137.2406 8.1925 -22.242929
-64.0694 138.3872 6.7995 -21.779777
-64.3697 140.0086 6.0583 -21.368302
-64.8732 141.6033 5.322 -21.013515
-65.5178 142.5596 4.0703 -20.716235
-65.7682 143.1976 5.3492 -20.478153
-66.7186 144.3442 5.8832 -20.300327
-67.5125 145.9488 6.0337 -20.182829
-68.2142 147.6123 6.0332 -20.124693
-36.2134 93.2108 29.5751 -53.755498
-36.6635 94.7733 29.8902 -53.661099
-36.9263 96.2364 30.4302 -53.560972
-37.1622 97.773 30.8495 -53.454856
-37.5529 99.3568 31.1525 -53.342916
-37.9173 100.9487 31.3678 -53.22616
-38.3971 102.525 31.406 -53.104298
-38.3118 104.182 31.3802 -52.978197
-38.3833 105.841 31.3619 -52.848354
-38.5184 107.493 31.3513 -52.715282
-38.1793 109.1047 31.3065 -52.579626
-37.694 110.6348 31.1726 -52.442454
-37.4366 112.1749 31.1742 -52.303795
-36.4341 113.3684 31.2349 -52.164504
-35.2673 114.4885 31.1966 -52.025805
-35.1913 116.0244 31.322 -51.888004
-36.1323 117.264 31.8032 -51.752618
-36.1013 118.8174 31.8898 -51.620126
-35.2737 120.1279 31.585 -51.492335
-34.1912 121.3196 31.36 -51.370049
-33.7141 122.9011 31.2289 -51.254192
-33.0667 124.4147 31.1658 -51.145597
-32.8786 126.0601 31.1275 -51.045352
-32.0835 127.4884 31.1247 -50.954599
-31.8296 129.12 31.1246 -50.873418
-31.1422 130.5851 30.9859 -50.802985
-30.3228 131.8477 30.3079 -50.743675
-29.6856 132.4849 28.9766 -50.696134
-29.0719 133.0333 27.5676 -50.660316
-28.0844 133.7856 27.8775 -50.636353
-27.152 134.469 28.6173 -50.624342
68.8569 88.73 19.5506 -55.431921
69.4626 89.4871 18.5505 -55.388276
69.8694 90.2922 17.5312 -55.338686
70.1133 90.9732 19.0619 -55.283052
70.2522 92.4115 19.6157 -55.221131
70.8156 93.9888 19.8859 -55.15345
70.9233 95.5529 19.5992 -55.080077
71.3862 97.0655 19.4044 -55.001582
72.5006 98.2929 19.6588 -54.918454
72.7344 99.9408 19.94 -54.830009
72.932 101.5833 19.995 -54.737022
72.4313 103.198 19.9089 -54.639933
71.8799 104.7873 20.0008 -54.539539
71.5282 106.416 19.8144 -54.435836
71.2624 108.037 19.4849 -54.32995
70.3107 109.3594 19.2993 -54.223031
69.2896 110.7156 19.219 -54.115091
68.8552 112.3448 19.1576 -54.00663
68.8224 113.8606 18.9579 -53.89889
69.0085 114.8834 18.0264 -53.792531
68.8524 116.0924 16.8932 -53.68834
69.7271 117.2159 15.9694 -53.587338
70.0973 118.581 15.0882 -53.490566
70.8674 119.2691 13.939 -53.399146
70.3855 118.9765 13.515 -53.31529
69.9666 118.6726 13.3866 -53.237891
70.2125 118.847 11.7059 -53.166947
70.4357 118.9096 10.8982 -53.106
70.1867 118.7318 12.5649 -53.053908
69.521 118.6003 13.8778 -53.01235
69.0153 119.2849 13.1332 -52.98044
69.8993 119.8704 11.9133 -52.959018
70.2963 119.9515 10.2866 -52.948541
95.5228 3.6634 18.9207 -58.259933
95.9521 3.5018 19.9853 -58.267679
96.3294 3.3373 21.069 -58.271712
-41.3421 222.5153 -25.6062 -37.231896
-42.702 224.1478 -25.2091 -37.888474
-44.2458 225.1088 -24.0553 -38.581334
-45.8189 226.0665 -23.0056 -39.302844
-47.3319 227.1224 -21.9872 -40.047757
-48.8138 228.7344 -21.8003 -40.810826
-50.1281 230.4969 -21.9165 -41.588452
-51.8278 231.7383 -22.0527 -42.378296
-52.8158 233.6774 -22.1145 -43.17677
-53.0724 235.6787 -22.1684 -43.795372
-53.6815 237.6012 -22.215 -44.229206
-54.8336 239.2327 -22.1693 -44.662666
-55.9455 240.9107 -22.1307 -45.094896
-56.8959 242.6769 -22.2538 -45.525601
-57.6448 244.0732 -23.1351 -45.955131
-57.9004 245.3567 -24.6431 -46.382249
-58.5973 247.0318 -25.4177 -46.805555
-59.3933 248.8468 -25.6686 -47.225424
-60.5485 250.492 -25.7129 -47.642014
-62.0102 251.8694 -25.795 -48.055414
-63.5819 251.7041 -25.7766 -48.466309
-65.1861 252.5294 -25.4878 -48.872941
-66.5361 253.7075 -24.6451 -49.275254
-67.4482 255.4346 -24.2826 -49.673228
-68.0616 257.3349 -24.0645 -50.066865
-69.279 258.781 -24.0213 -50.45625
-70.6709 260.1778 -24.061 -50.841767
-71.4436 262.0159 -24.0595 -51.22247
-72.8554 263.4363 -23.888 -51.598916
-74.3055 264.6952 -23.3614 -51.970865
-75.6104 266.0079 -22.6232 -52.33866
-76.4194 267.7709 -22.2236 -52.70246
-77.0046 269.6763 -21.989 -53.061453
-77.6943 271.5617 -21.8675 -53.415827
-78.0414 273.5421 -21.7862 -53.765977
-78.9873 275.301 -21.7403 -54.111963
-80.3424 276.7952 -21.6879 -54.453733
-81.6546 278.3163 -21.6068 -54.790985
-83.1583 279.5974 -21.7854 -55.124054
-84.8953 280.6045 -21.8472 -55.453324
-86.7025 281.4584 -21.6828 -55.778658
-87.8751 282.8646 -21.0904 -56.099553
-89.4892 283.7967 -20.5891 -56.416805
-91.1007 284.9601 -20.5677 -56.729284
-92.4107 286.2858 -21.1453 -57.038171
-94.0557 286.9976 -21.9919 -57.343217
-95.7101 288.0996 -22.2545 -57.643981
-97.3406 289.2852 -22.2657 -57.940491
-98.976 289.9877 -22.9029 -58.233687
-100.2796 290.7986 -23.6291 -58.522994
-101.4799 291.8038 -22.4899 -58.808606
-103.036 292.9887 -22.0284 -59.089847
-104.6892 294.1312 -21.8834 -59.367199
-106.3559 295.2232 -22.151 -59.64083
-107.8941 296.3493 -22.6692 -59.910416
-109.1385 297.4951 -23.597 -60.176591
-110.8652 298.494 -23.4597 -60.438617
-112.4721 299.5248 -23.016 -60.69722
-113.8772 300.6139 -22.2042 -60.951968
-115.339 301.8994 -21.8314 -61.202782
-116.6463 303.427 -21.784 -61.449507
-117.9037 305.0024 -21.8441 -61.692626
-119.0254 306.6607 -22.003 -61.932277
-119.7365 308.5266 -22.2827 -62.167975
-120.0458 309.7921 -21.1758 -62.401918
-120.3335 310.3959 -19.2752 -62.632018
-120.8092 311.2425 -17.5331 -62.857976
-121.3861 312.9361 -16.6595 -63.079356
-122.3666 314.5966 -16.303 -63.296496
-123.445 316.2788 -16.4754 -63.510513
-124.5125 317.8962 -16.7048 -63.720695
-124.8879 318.6378 -14.9021 -63.929428
-124.9811 319.1413 -12.9496 -64.134892
-125.2786 319.7061 -11.0358 -64.336592
-125.7833 320.5605 -9.2875 -64.533411
-126.7853 321.2272 -7.7186 -64.726489
-128.1198 321.7372 -6.5853 -64.916441
-129.5338 322.6762 -5.6435 -65.102199
-130.8033 322.8583 -4.1103 -65.285404
-132.3486 322.5617 -2.9424 -65.465178
-133.5223 321.7567 -2.2514 -65.641783
-134.4075 321.0203 -3.7194 -65.81475
-136.141 320.0633 -3.704 -65.984079
-137.9234 319.2453 -3.5128 -66.149735
-139.8153 319.4438 -3.03 -66.312728
-141.7336 319.7231 -2.5415 -66.470484
-143.2992 318.8382 -1.8198 -66.625155
-143.6324 318.198 -3.1912 -66.776675
-144.6494 318.183 -2.5451 -66.924259
-145.6029 318.7473 -1.0864 -67.06713
-147.1116 319.1677 -0.0827 -67.20637
-149.0143 318.6505 0.3041 -67.34275
-150.835 317.9416 0.6531 -67.475435
-152.6003 318.3043 1.3039 -67.603356
-154.255 319.2248 1.8195 -67.72688
-156.1347 319.0641 1.3765 -67.847548
-157.9479 318.8394 0.6505 -67.964397
-159.8193 318.2421 0.4855 -68.077893
-161.6982 318.4908 0.8126 -68.18659
-163.3502 318.4678 1.946 -68.291676
-164.7917 318.8721 3.1901 -68.392515
-166.0348 318.4651 4.5448 -68.48995
-167.2051 317.7036 5.9108 -68.583638
-168.6856 318.3603 6.972 -68.671975
-170.5746 318.3686 7.6324 -68.756759
-172.4422 318.8037 8.0573 -68.836877
-173.7745 319.4811 7.41 -68.912854
-175.2708 319.8181 6.8918 -68.98471
-176.3866 321.0401 7.8064 -69.051472
-178.1084 321.388 8.4289 -69.114716
-179.8667 322.3331 8.1901 -69.172893
-181.7338 322.9719 7.9865 -69.226835
-183.2047 324.2061 7.6173 -69.275727
-184.6529 324.5109 6.7583 -69.3208
-186.4765 324.882 7.4149 -69.361141
-188.3601 325.5005 7.7542 -69.396431
-190.207 326.2741 7.8586 -69.42675
-191.8555 326.4884 7.2737 -69.452625
-192.3011 326.2807 5.3327 -69.474176
-192.4569 326.3027 3.3202 -69.490758
-192.6127 326.3246 1.3078 -69.501799
-192.7684 326.3466 -0.7047 -69.507308
-53.5618 234.7518 -22.4056 -43.808423
-55.3696 234.7358 -22.9279 -44.263655
-57.1775 234.7198 -23.4502 -44.711732
-58.9758 234.7413 -23.9753 -45.15196
-60.5834 235.6616 -24.1049 -45.587111
-62.2107 236.6032 -24.0421 -46.020879
-63.9306 237.3539 -24.0447 -46.451442
-65.5569 238.2591 -24.1396 -46.879707
-67.3063 238.9314 -24.1596 -47.303839
-68.8366 239.9978 -24.0522 -47.724882
-70.5332 240.314 -23.7713 -48.142357
-72.1779 239.7124 -23.3677 -48.55672
-73.9055 239.067 -23.0743 -48.966678
-75.764 238.9129 -23.0612 -49.371799
-77.5069 238.4311 -23.4834 -49.772879
-79.2728 238.5078 -23.5052 -50.16883
-81.0101 239.1307 -23.2489 -50.559765
-82.8258 239.4159 -22.9537 -50.945942
-84.5254 239.9346 -22.4418 -51.326958
-86.2406 240.0396 -21.7161 -51.703919
-87.8568 239.8217 -20.9364 -52.076121
-89.3552 239.6723 -19.8507 -52.44362
-90.7771 239.8281 -18.7653 -52.805777
-92.3262 239.5258 -18.0598 -53.163351
-94.0855 240.1028 -17.7873 -53.514785
-95.877 240.5966 -17.5579 -53.861301
-97.6988 241.0591 -17.507 -54.203175
-99.53 241.4724 -17.4393 -54.539759
-101.2527 242.1681 -17.1773 -54.871237
-102.8299 242.815 -16.4434 -55.197558
-104.4569 243.5931 -15.9937 -55.518265
-106.2956 243.7075 -16.104 -55.835084
-107.1732 243.8399 -14.6775 -56.148921
-108.3872 244.3725 -13.7017 -56.455885
-109.3454 245.4642 -12.5807 -56.757041
-110.5466 246.5332 -11.6213 -57.053498
-112.0874 247.1 -10.9503 -57.344911
-112.6927 248.1713 -9.7197 -57.631925
-113.85 248.7857 -8.6033 -57.913975
-114.9422 250.1535 -8.2414 -58.190077
-115.3929 251.8689 -7.6387 -58.460847
-116.4822 252.9605 -6.8157 -58.726526
-117.371 253.2374 -5.1806 -58.988209
-118.358 253.8356 -3.7152 -59.244176
-119.4595 254.4678 -2.3971 -59.494379
-120.9563 255.2641 -1.6822 -59.739494
-122.5163 255.9458 -1.0086 -59.979127
-123.9831 256.9071 -0.452 -60.213229
-124.7954 257.8348 0.9161 -60.442015
-125.65 259.0549 2.0473 -60.664933
-126.8265 260.4562 2.1583 -60.882447
-128.2898 261.2032 2.616 -61.095411
-129.0334 261.3894 4.2611 -61.303843
-129.2473 261.2649 6.1105 -61.513709
-129.4022 261.1437 7.9821 -61.714576
-129.5576 261.0229 9.8536 -61.906447
-129.7512 260.9235 11.7229 -62.097236
-129.9463 260.825 13.592 -62.280055
-130.1515 260.7135 15.4586 -62.453998
-130.5488 260.346 17.2477 -62.621834
-131.604 259.0778 18.099 -62.783338
-132.4067 258.2916 19.5872 -62.938273
-133.3932 257.3081 20.8241 -63.086939
-133.8044 256.3522 22.376 -63.228939
-134.6418 255.2368 23.5911 -63.36449
-135.4197 253.8392 24.4892 -63.493548
-135.7 253.4829 26.3153 -63.61536
-136.3101 252.641 27.7577 -63.730202
-136.3201 251.3179 26.4825 -63.83827
-136.8701 249.6435 26.0944 -63.939626
-137.7175 248.1362 25.6627 -64.033355
-137.6045 246.4619 25.1316 -64.119437
-137.2893 245.0053 24.2243 -64.197537
-136.6215 243.4615 23.4192 -64.268043
-135.6446 241.9497 22.8735 -64.331334
-135.3758 240.4199 22.4018 -64.385627
-136.1869 239.3032 23.0344 -64.431207
-136.341 238.0644 24.2021 -64.468339
-136.433 236.6369 25.3143 -64.496906
-136.6008 234.8539 25.6617 -64.516849
-137.1474 233.4458 25.0869 -64.527393
-10.2537 234.1313 -65.7936 -41.886816
-11.9535 235.2244 -65.4206 -42.315825
-13.2513 236.4124 -64.5554 -42.756094
-13.9825 238.2182 -64.0036 -43.205702
-13.9675 239.4333 -65.1657 -43.665048
-14.1745 240.8047 -66.5759 -44.129279
-14.74 242.3781 -67.763 -44.598158
-15.0167 243.3075 -69.5586 -45.072225
-14.9973 244.3966 -71.2899 -45.547726
-15.4806 245.6013 -72.6631 -46.024422
-16.6681 247.206 -72.2066 -46.501193
-17.3029 249.0449 -71.7718 -46.978132
-18.6676 250.382 -71.3338 -47.454619
-19.6799 251.0982 -72.0439 -47.930693
-20.4939 252.2385 -73.4165 -48.405588
-21.5912 252.7618 -72.8895 -48.828841
-21.9596 252.8176 -71.2713 -49.195952
-22.6797 254.2973 -71.5196 -49.55906
-23.6039 255.7577 -72.0067 -49.919307
-24.5721 257.236 -72.2298 -50.277006
-26.0105 258.3101 -72.2446 -50.632433
-27.3761 259.4599 -72.2196 -50.985022
-28.9516 260.3257 -72.2375 -51.339019
-30.5102 261.2195 -72.2945 -51.685639
-31.595 262.5637 -72.7018 -52.028592
-32.6547 263.9941 -72.7006 -52.368515
-33.5598 265.5319 -72.4801 -52.705059
-34.5952 266.9872 -72.4053 -53.038488
-35.2782 268.5959 -72.3691 -53.369292
-36.5462 269.7783 -72.1737 -53.696452
-37.8737 270.872 -71.8225 -54.020399
-38.8876 272.2418 -71.3145 -54.34087
-39.6217 273.7558 -70.7585 -54.658019
-40.6535 274.9959 -70.0158 -54.971976
-42.0534 275.9829 -69.5331 -55.283189
-43.5846 276.8719 -69.3005 -55.590613
-45.0655 277.8565 -69.4958 -55.895083
-45.946 279.1186 -68.7677 -56.195865
-45.8345 280.5644 -67.9551 -56.493402
-46.196 282.2235 -68.3906 -56.787271
-46.2456 283.784 -69.1293 -57.077897
-45.9356 284.9029 -69.4775 -57.365932
-46.3572 283.3243 -69.8414 -57.653756
-47.6385 284.0096 -69.6263 -57.937674
-47.8598 285.27 -68.7781 -58.216661
-47.9763 286.6481 -67.6615 -58.492516
-48.0018 287.8134 -66.394 -58.76554
-49.296 287.3623 -65.4888 -59.036642
-50.1432 286.6731 -64.1653 -59.304129
-50.2434 286.1704 -62.4405 -59.569277
-51.2742 284.9264 -61.8207 -59.830585
-52.8421 284.4426 -61.0987 -60.088006
-53.9107 283.6653 -60.0279 -60.342245
-54.752 283.3629 -58.5184 -60.593361
-55.6511 282.4981 -57.2933 -60.840809
-56.6242 281.93 -56.0196 -61.084191
-57.9991 281.9695 -54.8908 -61.324008
-59.0837 282.3361 -53.8941 -61.559819
-60.0943 282.1643 -52.7677 -61.792999
-61.4419 281.5155 -51.8651 -62.022567
-62.8626 280.827 -51.0501 -62.248757
-64.2795 280.6349 -50.0042 -62.470903
-65.804 280.5238 -49.0693 -62.689196
-66.7885 280.054 -47.7484 -62.904748
-67.9789 279.2336 -46.7905 -63.116997
-68.6552 278.446 -45.3481 -63.325699
-69.0138 277.9753 -43.6489 -63.530539
-69.4167 276.9949 -42.4398 -63.731812
-69.8247 275.5947 -42.5008 -63.929997
-70.268 276.0815 -42.6582 -64.122789
-70.9242 276.409 -41.0457 -64.313378
-71.4032 276.5871 -39.3203 -64.499374
-72.2724 276.7647 -38.0281 -64.681
-73.2041 276.1685 -36.6914 -64.859555
-74.2918 275.5936 -35.4399 -65.034014
-75.425 274.8456 -34.2803 -65.204912
-76.9255 274.2886 -33.5609 -65.371601
-77.3251 274.3933 -31.9623 -65.533849
-77.3839 274.0953 -31.6173 -65.693973
-77.9259 274.1693 -30.1943 -65.8493
-79.5493 274.0847 -29.6223 -66.000323
-80.9279 274.149 -28.5263 -66.147192
-82.1503 274.2888 -27.2947 -66.289538
-83.1333 274.5631 -25.8399 -66.42779
-83.3586 274.0993 -24.1212 -66.562785
-83.4086 273.3363 -22.4949 -66.693382
-83.5601 272.816 -20.7795 -66.819872
-83.7705 272.4678 -19.0265 -66.941899
-84.0593 272.0789 -17.2937 -67.05909
-84.2893 271.7437 -15.5414 -67.171991
-84.9661 271.1706 -14.2656 -67.279913
-86.4465 270.5588 -13.5443 -67.383087
-87.5224 269.4821 -12.7644 -67.481986
-88.5863 270.2836 -13.3628 -67.574458
-89.344 271.7765 -13.8414 -67.661618
-90.7295 272.8654 -14.017 -67.745497
-92.0012 274.1345 -14.1202 -67.823696
-93.0728 275.5655 -14.188 -67.896027
-94.4803 276.5793 -14.1262 -67.963603
-96.2029 276.3016 -13.7358 -68.027049
-97.8612 276.4416 -13.1634 -68.084862
-99.2225 277.2086 -12.3487 -68.136742
-100.7724 276.7787 -11.5881 -68.184294
-102.4856 276.8416 -11.2384 -68.225843
-104.2435 277.0799 -11.3594 -68.261633
-105.8758 277.7134 -11.5089 -68.29132
-106.978 278.2571 -10.6069 -68.315313
-108.7214 278.4008 -10.5748 -68.333664
-110.1714 278.7473 -11.3411 -68.345812
-111.6618 279.6815 -11.4564 -68.351291
-21.5015 253.5088 -73.309 -48.694583
-22.5942 254.3623 -72.684 -48.791212
-23.4363 255.5756 -72.2611 -48.879071
-23.7952 256.2196 -73.6016 -48.95924
-24.1958 256.9175 -74.8973 -49.029847
-24.5102 257.2028 -76.431 -49.091745
-25.2575 257.9568 -77.5755 -49.14321
-25.9832 258.9049 -78.6121 -49.184665
-26.7351 259.8964 -79.3372 -49.215851
-27.7754 261.0706 -79.3699 -49.236505
-28.1276 262.1418 -78.3341 -49.246539
-14.415 228.9869 -63.4499 -41.707142
-16.1331 229.4489 -63.5343 -42.023222
-17.7421 230.1331 -63.7219 -42.349701
-19.4067 230.7023 -63.8399 -42.684566
-20.8995 231.6241 -63.8754 -43.025851
-22.4197 232.5434 -63.927 -43.372916
-23.9779 232.9794 -64.5409 -43.724359
-25.5926 233.2447 -65.0739 -44.079604
-27.3372 233.3731 -65.393 -44.436395
-29.108 233.4677 -65.4659 -44.794033
-30.8642 233.5427 -65.402 -45.151661
-32.3482 234.4256 -65.4518 -45.507276
-33.9347 234.8444 -64.9779 -45.861878
-35.6107 235.0483 -64.5372 -46.214255
-37.2988 235.2219 -64.5195 -46.563465
-38.3854 235.5894 -65.5655 -46.910089
-39.1438 235.7555 -64.0699 -47.25308
-40.4342 236.3585 -64.9633 -47.590439
-41.6538 237.408 -65.4996 -47.922598
-43.3197 237.9738 -65.7908 -48.249388
-45.0712 238.2644 -65.9288 -48.570601
-46.7994 238.6788 -65.9135 -48.885602
-48.5481 238.9796 -65.7557 -49.194756
-50.2593 239.3638 -65.4708 -49.496734
-51.9541 239.818 -65.3779 -49.792228
-53.6581 240.3081 -65.5616 -50.080371
-55.3649 240.7618 -65.7517 -50.361182
-56.9242 241.5359 -65.9538 -50.634405
-58.6438 241.8319 -66.2728 -50.899925
-59.9936 242.7156 -66.7405 -51.157347
-60.984 243.7818 -67.5294 -51.406391
-62.0855 245.146 -67.6347 -51.646647
-62.592 246.8516 -67.5474 -51.878054
-63.6958 248.1812 -67.3534 -52.101064
-65.3602 248.1365 -67.1819 -52.316523
-66.6185 247.2528 -66.7907 -52.523454
-68.2827 246.701 -66.9975 -52.722258
-69.0056 246.5375 -67.1182 -52.909677
-69.4149 247.1923 -66.2178 -53.087491
-70.5685 248.2104 -65.6787 -53.254755
-72.1021 248.9573 -65.1628 -53.411945
-73.5226 249.8734 -64.6789 -53.558588
-74.9049 250.917 -64.2744 -53.694296
-76.1941 252.0464 -63.8017 -53.818701
-77.6751 252.694 -63.2164 -53.932351
-78.9054 253.7897 -63.1101 -54.03396
-80.0531 255.1107 -63.1909 -54.123574
-81.4092 256.2087 -63.4316 -54.201237
-83.1166 256.5971 -63.7243 -54.267151
-84.8053 256.9649 -63.8465 -54.320494
-86.3232 257.8036 -63.7447 -54.360442
-88.0463 257.7843 -63.4146 -54.38788
-89.5568 258.6367 -63.0658 -54.401034
-79.8558 209.6969 -1.6956 -3.115154
-80.9345 210.9313 -0.8747 -0.52067
-81.8718 212.3265 -0.0936 1.84251
-83.0145 213.649 0.4105 3.993137
-83.35 215.4299 0.5242 5.950226
-84.7236 216.0877 0.5245 7.727958
-85.8365 216.8501 1.5461 9.344287
-86.4751 218.3432 2.3648 10.803624
-87.6889 219.3419 3.0091 12.119756
-89.3832 219.625 3.5112 13.300454
-90.5679 220.9942 3.9392 14.35715
-91.9993 222.1339 4.2769 15.29393
-93.1066 223.0567 5.3451 16.118594
-94.2451 224.3484 6.04 16.83343
-95.1955 225.7846 6.6504 17.43918
-96.1469 227.1811 6.1703 17.936846
-97.5307 228.1499 5.5656 18.327583
-97.6555 229.6726 4.5217 18.611005
-98.2632 230.7709 4.9578 18.783375
-99.4213 231.1534 5.7424 18.84051
-100.7458 231.4122 4.7237 18.778784
-101.8502 232.6408 4.2535 18.594688
-103.1436 233.9354 4.0273 18.282404
-104.4921 234.4164 4.8558 17.835939
-105.6117 233.6885 5.7966 17.245307
-106.7274 232.3194 6.4016 16.502205
-107.441 230.7522 6.8747 15.620159
-107.4488 229.0255 7.5014 14.586945
-107.9411 227.3511 8.131 13.402293
-107.0902 226.8712 8.9862 12.064413
-106.1496 226.513 10.1833 10.557453
-105.9516 226.2598 12.0223 8.905216
-105.4787 225.2922 12.0054 7.12605
-105.2249 224.5846 10.2988 5.223136
-104.7784 223.6625 9.5999 3.221444
-104.7066 222.6921 11.0296 1.123492
-105.026 220.965 11.6033 -1.03699
-104.6066 219.9029 12.8153 -3.249981
-103.3942 219.8352 14.0764 -5.487256
-104.3073 219.9043 13.553 -7.728422
-105.885 218.9419 13.3792 -9.959627
-107.2676 218.4747 12.6842 -12.160899
-108.1193 218.5469 11.0406 -14.321005
-108.3962 219.4541 11.7193 -16.416895
-109.0143 219.6825 13.4653 -18.451719
-109.7221 219.9831 15.1561 -20.39878
-110.6667 219.9703 16.4989 -22.255304
-112.0003 218.9022 16.8845 -24.026321
-113.4433 217.9794 16.4775 -25.703563
-114.7081 217.1333 15.6968 -27.289195
-115.2947 216.7255 13.9743 -28.782678
-115.5962 216.7912 12.1637 -30.195257
-115.7677 217.1126 10.3327 -31.511892
-115.4309 217.0746 11.1227 -32.728921
-116.1181 217.6962 12.116 -33.887248
-117.3855 218.3763 13.3061 -34.940084
-118.8798 218.8959 14.099 -35.889279
-120.5533 219.5755 14.5055 -36.750288
-122.3465 220.0233 14.7431 -37.523914
-124.1585 220.1151 14.949 -38.21326
-125.565 221.2324 14.8597 -38.81665
-126.6064 222.7478 14.7267 -39.334268
-127.1945 224.5052 14.537 -39.767524
-127.9351 226.1832 14.2547 -40.115223
-129.0224 227.5634 14.5865 -40.378141
-130.1181 229.0198 14.5982 -40.554488
-131.2201 230.4645 14.2522 -40.642804
47.5528 -96.076 13.5667 -70.799669
47.0015 -95.2803 13.5986 -70.800926
46.7344 -94.3274 13.6342 -70.800976
27.7081 -94.2683 18.8592 -72.558995
26.226 -93.6204 19.8024 -72.540302
24.7439 -92.9726 20.7456 -72.524652
23.2618 -92.3248 21.6888 -72.513423
23.8038 -92.3745 21.7835 -72.507964
54.7481 -88.0637 17.871 -69.598821
97.3169 -66.6493 31.3652 -69.925562
99.3506 -67.4491 30.897 -69.842025
101.3843 -68.2489 30.4289 -69.771618
103.4181 -69.0488 29.9607 -69.714947
105.4518 -69.8486 29.4925 -69.672374
104.935 -70.7499 28.9784 -69.644207
104.6139 -70.6388 26.7694 -69.629612
96.937 -66.473 30.8282 -69.969273
44.0154 -65.7095 15.6069 -65.979666
44.0102 -66.3692 14.8486 -65.99298
44.1586 -67.2141 14.3402 -65.999879
-4.665 -9.0685 -0.0051 -38.280005
-3.3078 -10.3003 -0.0154 -30.206156
-1.9532 -11.5348 -0.0257 -21.992755
-0.7426 -12.7803 -0.0459 -7.89421
0.4334 -13.9291 -0.0935 -1.540875
1.4466 -15.2471 -0.185 -6.364679
3.5554 -27.7322 1.4257 -25.659176
8.6107 -41.3653 6.7974 -37.153611
22.8794 -62.2772 10.5055 -52.805733
26.4745 -64.8588 13.9793 -54.464346
29.0535 -67.1183 14.3116 -56.227758
42.1418 -73.5431 16.2509 -64.223728
47.2069 -85.1931 18.1557 -68.697819
44.6639 -89.9679 15.7857 -70.128114
47.7449 -96.3203 13.6398 -70.744414
78.4149 -177.3628 14.5582 -74.348511
95.2227 -265.7699 17.0719 -75.76196
48.1056 -320.1106 18.1187 -76.3475
-10.9476 -383.6056 22.9817 -76.603536
-40.36 -432.7473 17.7175 -76.703166
28.7834 -94.5812 17.274 -72.396425
14.3097 -106.6143 20.8227 -73.938267
2.7577 -126.0427 26.0848 -74.824057
-45.0792 -189.1405 27.4734 -75.870443
30.9775 -170.2053 31.4202 -75.355622
28.3969 -94.5693 18.0599 -72.533739
-40.2348 -104.2908 -5.8163 -75.105877
-111.9958 -139.102 2.509 -75.995876
54.6562 -87.9717 17.7384 -69.526392
111.8824 -135.9529 29.1893 -74.120855
164.8572 -185.7356 20.1853 -75.718618
213.7243 -226.7876 32.011 -76.283664
43.9697 -65.4565 15.7766 -65.832378
45.5333 -62.1584 17.8534 -66.663718
96.2419 -66.2233 31.6259 -69.96842
2.1326 -22.0656 -2.5814 -22.675143
6.2653 -35.3706 6.4938 -34.32246
8.3143 -40.7868 6.7183 -42.794343
15.4942 -50.7521 4.9673 -48.872598
19.5156 -57.7327 7.1557 -52.379834
24.2121 -63.3654 12.9105 -53.801994
27.7984 -65.9637 14.1964 -55.40851
35.2991 -71.3414 15.5234 -60.741567
45.9552 -78.4006 18.2802 -66.74401
45.9541 -87.9136 17.638 -69.463068
46.0845 -93.1486 14.7482 -70.519237
52.1518 -103.9606 11.3242 -71.40449
58.8833 -119.603 12.0998 -72.280975
62.6461 -133.0235 18.7767 -72.994118
68.7987 -150.479 18.27 -73.603937
75.478 -168.4071 16.0379 -74.123332
80.7201 -186.7623 13.7215 -74.5761
86.0397 -202.1519 18.4658 -74.909481
88.9594 -219.8372 14.0604 -75.196702
92.3483 -238.1707 14.3683 -75.44804
94.4112 -256.1543 16.5595 -75.665692
95.282 -267.4858 16.3224 -75.852084
95.3059 -280.3632 10.9397 -75.992331
82.392 -291.8157 13.1552 -76.112025
66.6134 -301.8126 13.5179 -76.215815
55.8832 -314.8401 17.1156 -76.308394
42.621 -325.3136 19.0805 -76.386727
32.9705 -340.7608 23.6528 -76.44886
23.9361 -354.8041 21.203 -76.501926
9.6225 -366.7531 22.7517 -76.547531
-4.6074 -378.3071 21.4152 -76.587273
-16.9731 -389.755 18.9726 -76.620616
-27.5688 -401.1213 14.9527 -76.644991
-39.573 -411.7299 14.9204 -76.665713
-40.6381 -420.4638 25.2112 -76.682985
-40.4069 -426.6412 14.8914 -76.696056
-41.6738 -434.0686 12.5022 -76.706158
-35.1298 -447.795 10.0223 -76.717518
-30.511 -455.7937 6.7671 -76.723113
-26.4654 -460.7911 2.4423 -76.726248
-24.2919 -464.5784 0.2402 -76.72884
37.1249 -94.0849 14.9718 -71.413291
20.7736 -99.7756 22.2184 -73.26988
11.0172 -108.5614 18.7473 -74.152438
5.909 -113.1292 24.1737 -74.440035
4.7649 -121.3499 27.2758 -74.695628
-3.9067 -133.7894 26.1237 -75.008346
-16.2236 -149.0836 26.7198 -75.27065
-17.7909 -159.6216 22.5822 -75.484624
-30.8645 -168.2845 21.4997 -75.662461
-40.3768 -181.2163 24.3391 -75.811187
-50.8898 -195.8899 27.7601 -75.929171
-59.8432 -207.2909 27.0024 -76.001222
-63.453 -209.2381 15.4152 -76.044655
-64.2909 -212.4765 11.1044 -76.073568
-69.7086 -217.4653 14.9612 -76.090459
-1.3141 -131.2728 34.9295 -74.894671
15.7442 -115.5027 24.1983 -74.226161
21.9499 -133.9863 25.1312 -74.587252
26.8898 -147.4387 25.6301 -74.874755
28.6429 -155.1273 32.7495 -75.104962
28.6017 -167.7997 33.6747 -75.290943
33.7647 -170.9041 21.6446 -75.42192
35.3986 -176.6564 11.4651 -75.494335
39.8278 -180.409 -7.3747 -75.528572
28.4843 -94.572 17.6083 -72.494993
24.075 -93.3058 9.4058 -72.992498
15.5128 -90.8025 -8.4542 -73.625123
-0.0475 -89.6597 -13.0268 -74.142627
-13.9393 -94.7328 -4.0497 -74.582596
-31.0534 -101.5497 -4.3571 -74.951561
-48.3446 -108.1087 -4.4853 -75.264741
-60.3769 -111.0796 -1.1234 -75.484776
-77.9711 -113.5102 3.296 -75.664365
-92.0999 -121.9743 4.6219 -75.818494
-105.6825 -132.44 0.8972 -75.945609
-119.8735 -141.3568 5.959 -76.04023
-132.8113 -151.1601 6.979 -76.098128
-147.2952 -155.5423 4.0924 -76.134918
-153.368 -158.2725 7.6335 -76.157907
-168.793 -159.6906 7.6228 -76.169109
50.8433 -86.5895 17.9535 -69.224789
61.2357 -92.3404 14.5899 -70.41469
72.1897 -102.125 21.0158 -71.558488
85.4059 -115.7278 22.6939 -72.471636
96.1046 -123.0147 27.5352 -73.226545
106.3877 -128.7142 28.8233 -73.85311
119.3522 -141.0891 32.8119 -74.392569
133.3865 -151.0456 27.4274 -74.781424
140.4642 -156.8554 25.7903 -75.103239
152.3124 -169.1266 29.8767 -75.383094
161.5491 -182.1636 26.4505 -75.620547
167.3763 -187.9265 20.8501 -75.816998
178.0174 -198.4202 27.7655 -75.960202
190.5879 -201.853 17.5881 -76.072479
198.4764 -209.0366 23.2285 -76.168974
206.4978 -222.3967 29.9785 -76.252923
216.4485 -231.2363 29.6641 -76.313589
219.3592 -241.6667 28.5636 -76.352749
217.6919 -257.4839 32.1794 -76.385946
212.7961 -271.781 39.8533 -76.410157
208.8344 -287.7139 39.3838 -76.429446
43.1478 -69.6198 16.0595 -65.251911
45.0982 -63.5211 16.1223 -66.292754
50.7937 -61.6079 11.0465 -67.471808
63.7547 -58.5312 9.7712 -68.399704
75.049 -60.4617 16.3877 -69.059754
83.0968 -60.7333 25.9161 -69.53431
91.3447 -63.64 26.8113 -69.864021
106.4082 -69.1292 24.6495 -70.290024
123.1559 -72.5629 28.9251 -70.687355
143.1961 -75.9244 28.8652 -70.881289
46.1286 -55.224 14.5026 -67.375666
37.6417 -45.2763 18.4222 -68.026034
22.8448 -43.0894 21.8828 -68.318452
