-0.8015 -1.2678 -0 -73.021216
-3.2062 -5.0715 -0 -73.019791
-5.0765 -8.0299 -0 -73.018823
-6.4123 -10.1429 0.0262 -73.018524
-8.0143 -12.677 0.1283 -73.01811
-8.8146 -13.9429 0.1666 -73.017803
-8.2187 -14.5214 0.2948 -73.017474
-8.7411 -16.3672 0.5247 -73.016603
-10.0309 -17.8905 1.1419 -73.015496
-11.386 -19.3222 1.89 -73.014422
-12.7254 -20.8552 2.392 -73.013408
-14.0432 -22.4116 2.6217 -73.012203
-14.6972 -24.3185 2.0715 -73.010738
-15.5306 -26.234 2.0482 -73.009144
-16.1094 -27.8038 2.3068 -73.007762
-14.7796 -28.9827 3.1257 -73.006603
-13.6062 -30.5844 3.6202 -73.005438
-12.2537 -32.1091 3.9089 -73.00427
-11.1222 -33.7683 4.2796 -73.003096
-10.1932 -35.2295 5.196 -73.001919
-9.3619 -36.7283 6.3117 -73.000735
-8.5851 -38.2492 7.4144 -72.999548
-7.5935 -39.8435 8.2499 -72.998357
-6.8916 -41.4349 9.2193 -72.997156
-6.2727 -43.3267 9.6108 -72.995953
-5.7427 -44.6215 10.9758 -72.994737
-5.2774 -45.3085 12.8612 -72.993517
-4.5701 -46.2857 12.7646 -72.992294
-3.9187 -47.0128 11.0346 -72.991062
-3.487 -47.3534 9.0584 -72.989821
-3.1601 -48.3203 10.2056 -72.988573
-2.5906 -49.7167 11.29 -72.987333
-2.064 -51.2649 10.2609 -72.986084
-1.9023 -53.0628 10.2828 -72.984832
-1.2374 -53.7481 8.8883 -72.983566
-0.2338 -55.4757 8.438 -72.9823
0.9268 -57.1391 8.1846 -72.98103
2.1659 -58.7648 8.26 -72.979755
2.7966 -60.3652 9.2072 -72.978472
3.5606 -62.0815 8.7826 -72.977184
4.1051 -63.9769 8.2533 -72.975887
4.7728 -65.8913 8.0534 -72.974589
5.555 -67.7898 8.1794 -72.973287
5.4215 -69.7319 8.5591 -72.971981
5.3722 -71.1779 9.39 -72.970665
6.6015 -72.8224 9.4344 -72.969346
7.9091 -74.3345 9.4579 -72.968021
9.1469 -75.9691 9.4502 -72.966692
10.0298 -77.8076 9.4917 -72.96536
10.7723 -79.6982 9.5101 -72.96402
12.3735 -80.8411 9.4583 -72.962679
13.4145 -82.6176 9.4397 -72.961331
14.1594 -84.5026 9.6273 -72.959977
14.908 -86.352 10.0263 -72.95862
15.6285 -88.1574 10.421 -72.957259
16.2688 -90.0988 10.1972 -72.955891
16.8061 -92.0324 10.2983 -72.954521
18.0591 -93.5211 10.9131 -72.953147
19.0692 -95.1762 11.592 -72.951769
20.0514 -96.8019 12.3554 -72.950389
20.7986 -98.4251 13.1509 -72.949002
22.3425 -99.643 13.6764 -72.947613
23.1324 -101.4525 13.8694 -72.94622
24.2278 -103.1764 13.8286 -72.944822
25.7948 -104.4654 13.8973 -72.943423
27.3532 -105.7951 13.951 -72.942021
28.4996 -107.4233 13.9547 -72.940615
30.0108 -108.56 13.6639 -72.939206
31.1081 -108.6091 12.0588 -72.93777
29.9694 -109.9097 10.9348 -72.936224
28.8308 -111.2104 9.8109 -72.934713
27.6922 -112.511 8.6869 -72.933239
26.8377 -113.4766 7.7017 -72.931781
28.1153 -111.9666 8.2837 -72.930236
29.3929 -110.4565 8.8658 -72.928727
30.6706 -108.9464 9.4479 -72.927256
31.1787 -108.9746 10.7509 -72.925774
31.0798 -109.3078 12.7833 -72.924286
31.1974 -110.3892 14.0207 -72.922824
31.8589 -112.2436 14.4776 -72.92137
32.2207 -114.0808 14.8897 -72.919914
32.3754 -116.0895 14.7382 -72.918458
33.2282 -117.7627 14.1097 -72.917001
34.0263 -119.6079 13.7086 -72.915544
34.4263 -121.5938 13.4703 -72.914088
34.6735 -123.5948 13.4834 -72.912633
34.4631 -125.6138 13.6554 -72.91118
35.477 -127.1975 13.9548 -72.909731
36.4488 -128.3733 14.9241 -72.908276
36.0423 -130.1872 15.3722 -72.906815
35.1621 -131.5518 15.4371 -72.905364
35.6418 -129.8523 14.8263 -72.903926
35.0348 -128.0619 14.2107 -72.902491
35.5446 -129.8444 14.1534 -72.901058
35.6291 -131.8577 14.0497 -72.899633
34.8485 -133.6181 13.7199 -72.898216
34.2995 -135.3089 12.7219 -72.896805
33.9891 -137.2127 12.2496 -72.895404
34.6951 -139.1364 12.158 -72.894012
34.4342 -141.0719 12.4762 -72.89263
34.9496 -142.8915 13.1328 -72.891256
35.1207 -144.6736 12.8365 -72.889895
36.0553 -146.4708 12.5635 -72.888548
36.5162 -147.9232 11.2272 -72.887207
37.0821 -149.6924 10.5935 -72.885889
38.1845 -151.3675 10.8233 -72.884587
38.9786 -152.5573 11.4668 -72.883298
38.5512 -154.4927 11.7745 -72.882022
38.9845 -156.4817 12.0272 -72.880763
38.8087 -158.4686 12.102 -72.879527
39.4316 -160.3993 12.1561 -72.878314
40.017 -162.1492 11.7738 -72.877121
39.9044 -164.0643 11.3068 -72.875956
40.4166 -165.9089 10.6066 -72.874815
41.3853 -167.5493 10.7632 -72.873705
42.1247 -169.1267 11.6727 -72.872624
42.1485 -170.8263 12.6221 -72.871572
41.2541 -172.1527 13.7028 -72.870557
41.3329 -173.6405 14.3131 -72.869577
41.6008 -174.8677 12.6805 -72.868631
41.8738 -176.7997 12.275 -72.867728
42.7438 -178.5456 11.9564 -72.866869
43.2439 -180.4578 12.0397 -72.866054
43.3656 -182.4295 12.4106 -72.865284
43.6747 -184.2146 13.2717 -72.864563
44.1736 -186.1236 13.8383 -72.863895
44.3535 -187.9066 14.7675 -72.86328
44.8726 -189.5685 15.6922 -72.862722
45.4404 -191.1005 14.5715 -72.862223
46.1386 -192.9259 14.1459 -72.861788
46.6287 -194.8895 13.783 -72.861417
47.9055 -196.4354 13.3908 -72.861115
49.0241 -197.9564 13.467 -72.860883
49.8322 -199.3762 13.2319 -72.860725
51.04 -200.3986 12.0409 -72.860645
-16.8109 -27.3553 2.8101 -73.007916
-17.497 -28.3029 4.2038 -73.007082
-18.1984 -29.271 5.5067 -73.00627
-18.2577 -29.3412 3.7473 -73.005325
-18.2679 -29.344 1.9276 -73.004402
-18.2781 -29.3467 0.108 -73.003505
-18.2883 -29.3494 -1.7116 -73.002632
-18.2985 -29.3522 -3.5313 -73.001783
-18.8534 -30.5664 -3.9808 -73.000947
-18.8107 -32.318 -3.8597 -73.000104
-19.3066 -34.0554 -3.7456 -72.999259
-18.9488 -34.5418 -2.2544 -72.998407
-18.3075 -35.7012 -1.0566 -72.99755
-18.003 -37.2922 -0.254 -72.996692
-17.2153 -38.7422 0.5062 -72.995831
-17.2992 -40.1694 1.5541 -72.994966
-17.1185 -41.7267 2.3954 -72.994095
-17.083 -42.8762 3.6698 -72.993217
-17.3639 -44.4413 4.545 -72.992338
-18.2212 -45.6938 5.2818 -72.99146
-18.9632 -46.7735 4.1464 -72.990577
-19.2427 -47.6114 2.5633 -72.989685
-19.7572 -49.1601 2.2576 -72.988799
-20.0441 -50.8741 2.5491 -72.987912
-20.3286 -52.4364 3.2684 -72.987025
-19.8077 -53.8024 3.6098 -72.986135
-19.2008 -54.6661 2.2731 -72.985238
-18.7221 -56.0354 2.9434 -72.984337
-18.7365 -56.729 4.1896 -72.983439
-18.8997 -58.1413 5.2798 -72.982545
-18.8149 -59.8936 5.7078 -72.981654
-18.9822 -61.072 7.0484 -72.980761
-19.3934 -62.5349 8.0119 -72.979877
-19.547 -63.8484 9.0694 -72.978992
-19.5772 -65.5723 8.63 -72.978119
-19.258 -67.3139 8.3405 -72.97725
-19.7508 -69.0603 8.364 -72.976392
-19.9946 -70.8175 8.7102 -72.975539
-19.8037 -72.5539 9.1873 -72.974695
-19.7201 -74.3251 9.5635 -72.97386
-20.2567 -75.9938 9.7611 -72.973037
-19.7758 -77.7066 9.8918 -72.972226
-19.8692 -79.394 10.0722 -72.971429
-20.6153 -80.6503 10.7965 -72.970648
-20.8101 -82.0334 11.1362 -72.969886
-21.8468 -83.2751 10.5156 -72.969142
-22.3598 -84.646 11.4203 -72.968419
-22.8139 -86.2646 12.0203 -72.967719
-22.9433 -87.4114 13.1988 -72.967037
-23.2601 -88.7922 14.1473 -72.966385
-23.5187 -90.5915 14.1567 -72.965765
-23.7693 -92.3875 14.2837 -72.965176
-23.9193 -94.161 14.5659 -72.964621
-24.765 -95.4177 14.2775 -72.964101
-25.6946 -96.5629 13.7452 -72.963621
-26.3361 -98.2508 13.7081 -72.963182
-26.22 -99.6251 14.4174 -72.962781
-26.029 -100.2322 16.1217 -72.962429
-25.98 -100.9366 17.7977 -72.962126
-26.1774 -101.1961 19.58 -72.961869
-26.4133 -101.3806 21.3748 -72.961677
-26.5757 -102.9017 22.0388 -72.961547
-26.565 -104.1061 22.8298 -72.96148
-10.4886 -18.1238 0.6694 -73.014587
-10.4015 -18.057 0.4643 -73.013939
-11.3637 -19.3353 1.4826 -73.013162
-12.4409 -20.4928 2.3203 -73.012244
-13.7335 -21.882 2.6066 -73.011249
-14.3525 -23.4451 1.6476 -73.010246
-14.7639 -24.7529 0.4153 -73.009239
-15.0123 -25.6795 -1.2982 -73.008224
-14.7483 -27.3027 -2.2341 -73.007207
-14.1682 -28.7546 -3.3613 -73.006181
-14.1335 -30.3237 -2.5621 -73.00515
-14.176 -32.0715 -1.7097 -73.004115
-14.076 -33.7889 -0.9359 -73.003075
-13.8862 -35.6563 -1.4771 -73.002031
-13.5408 -37.5381 -1.8551 -73.000982
-12.9254 -39.3671 -2.0095 -72.999926
-12.8947 -41.2639 -2.5483 -72.998866
-12.5093 -43.0891 -2.3969 -72.997801
-11.8636 -44.7358 -1.5183 -72.996725
-11.3409 -46.4019 -0.6056 -72.995644
-11.0233 -47.5467 0.9658 -72.994552
-10.5913 -48.4457 2.6789 -72.993461
-10.1405 -50.0833 3.3431 -72.992367
-10.2934 -51.7904 2.9275 -72.991268
-10.88 -52.8858 1.4404 -72.990158
-11.0363 -54.4811 1.7038 -72.989049
-11.1458 -56.3254 2.378 -72.987933
-10.357 -57.7555 3.4384 -72.986812
-10.1358 -58.8326 4.9901 -72.985685
-10.3077 -60.6124 5.6598 -72.984552
-11.2813 -62.2927 6.0116 -72.983415
-11.7958 -64.1934 6.181 -72.982275
-12.4342 -66.0517 6.3974 -72.981128
-11.9522 -67.7789 6.8906 -72.979975
-11.6762 -69.0382 8.2561 -72.978818
-11.713 -70.0381 9.9612 -72.977657
-11.8555 -70.9146 11.6774 -72.976484
-12.8132 -71.5235 13.2459 -72.975313
-13.5753 -72.2336 12.7301 -72.974137
-14.1638 -73.7043 11.8882 -72.972958
-14.4131 -75.2707 10.815 -72.971777
-13.5782 -77.0011 10.3425 -72.970591
-13.3259 -78.9499 10.1371 -72.969402
-13.3622 -80.9141 10.3308 -72.968212
-14.2376 -82.5066 10.9807 -72.967022
-14.7845 -84.1023 11.9265 -72.965826
-15.3519 -85.4422 12.6525 -72.964628
-15.7865 -86.6616 12.098 -72.963426
-16.5522 -87.7496 13.5364 -72.962223
-17.1687 -89.5648 13.8022 -72.961021
-18.2162 -91.1682 13.885 -72.959819
-19.5493 -92.634 13.9514 -72.958617
-20.3209 -94.4426 13.8656 -72.957415
-21.0095 -96.2837 13.6721 -72.956213
-21.3384 -97.8523 13.9673 -72.955
-21.6939 -97.8965 15.9193 -72.953775
-22.3276 -98.0602 17.7316 -72.952569
-21.887 -98.9874 16.7979 -72.951353
-22.8153 -99.7306 15.3374 -72.950156
-24.3779 -100.6691 14.7056 -72.948965
-24.3457 -102.6276 14.3888 -72.947781
-24.5768 -104.5617 14.2213 -72.946605
-24.8282 -106.5067 14.2205 -72.945434
-25.0574 -108.4614 14.1941 -72.944272
-25.5558 -110.3378 14.0236 -72.943118
-26.9412 -111.6652 13.5497 -72.941973
-27.6548 -113.1993 12.651 -72.940839
-27.9593 -114.1646 11.0361 -72.939704
-28.3565 -115.3746 10.0919 -72.938599
-29.1471 -116.4978 9.0352 -72.937501
-29.5399 -117.0458 7.1689 -72.93641
-29.9596 -117.6548 5.3281 -72.935344
-30.9613 -118.935 4.5188 -72.934303
-32.1435 -120.2324 4.6581 -72.933281
-32.9363 -121.0473 6.2793 -72.932277
-33.621 -122.2206 7.5953 -72.931299
-33.9105 -123.585 8.7937 -72.930345
-34.4873 -124.3869 10.3397 -72.929419
-35.0405 -125.7656 11.4307 -72.928525
-34.701 -127.6323 11.772 -72.927662
-35.3063 -129.4991 11.9181 -72.926832
-35.9903 -131.3268 11.7835 -72.926038
-37.6819 -132.1342 11.31 -72.925282
-38.5009 -133.4806 10.3217 -72.924567
-38.4967 -134.7419 8.9782 -72.923891
-39.2613 -136.1191 9.0235 -72.923264
-39.6486 -137.8732 9.0943 -72.922686
-40.3927 -139.5578 8.4232 -72.92216
-41.3357 -141.2284 8.0319 -72.921689
-41.7461 -143.1332 7.6854 -72.921275
-42.0138 -145.0056 7.4829 -72.920922
-41.9887 -146.6225 8.5512 -72.920632
-43.1363 -148.1444 8.915 -72.920411
-43.8626 -149.8828 8.3731 -72.920259
-44.926 -151.4033 7.7386 -72.920182
-9.353 -14.8211 0.2731 -73.017327
-11.0559 -15.5864 0.7158 -73.016473
-12.8605 -15.9487 1.177 -73.01542
-14.323 -16.6873 2.6356 -73.013468
-15.6273 -17.7486 4.2904 -73.011833
-16.5612 -19.3299 4.837 -73.011092
-17.0333 -20.2944 6.2453 -73.01026
-17.8874 -21.5361 7.3823 -73.009406
-18.8508 -22.9769 8.1796 -73.008551
-19.5099 -24.5801 8.9543 -73.007689
-19.7318 -25.6734 10.3712 -73.006817
-19.6375 -26.5275 11.987 -73.005936
-20.9183 -27.5166 12.4491 -73.005057
-21.2964 -29.0814 13.3143 -73.004171
-21.83 -30.7644 14.0149 -73.003279
-22.4092 -32.288 14.7504 -73.002381
-23.1716 -32.8787 16.4102 -73.001468
-23.4458 -33.3976 17.1662 -73.000562
-23.9797 -35.1098 17.8018 -72.999648
-25.2888 -36.4276 18.1128 -72.998731
-26.4013 -37.9363 18.2431 -72.997811
-27.2908 -39.5473 18.3867 -72.996884
-28.9068 -40.2841 18.3568 -72.995954
-28.8386 -41.8551 18.071 -72.995018
-30.0593 -43.3052 18.0707 -72.994079
-30.6546 -44.9959 18.2212 -72.993133
-31.4097 -46.5757 18.3297 -72.992183
-32.6885 -47.8644 18.2798 -72.991231
-33.6705 -49.4532 18.3794 -72.990278
-34.3435 -51.1833 18.7706 -72.989323
-35.0428 -52.643 19.7515 -72.988363
-35.9334 -53.9164 20.8542 -72.987404
-36.4958 -55.5633 21.6175 -72.986444
-37.1515 -57.2664 22.1901 -72.985485
-37.503 -58.9135 22.7742 -72.984521
-37.2767 -60.629 23.5408 -72.983556
-38.3487 -62.1152 24.0868 -72.982595
-38.7835 -63.8894 24.6417 -72.981637
-39.0307 -65.5698 25.4324 -72.980682
-39.2448 -67.4312 25.7075 -72.979727
-39.4113 -69.2406 26.1323 -72.978778
-38.2265 -70.1613 27.1367 -72.977832
-37.9293 -71.6381 28.1838 -72.976888
-36.7386 -72.8721 28.5562 -72.975953
-35.4143 -74.1273 28.8617 -72.975027
-33.8413 -75.1427 29.2839 -72.974089
-32.9832 -76.7229 29.5771 -72.973178
-33.6399 -75.092 29.1649 -72.972264
-33.1635 -76.3575 28.5144 -72.971367
-32.6394 -77.9449 29.3953 -72.970484
-31.5586 -79.4236 29.8926 -72.969601
-30.8094 -81.0765 30.3763 -72.968739
-31.5811 -82.6547 30.6865 -72.967905
-31.7168 -84.5489 30.8274 -72.967093
-31.5105 -86.4537 30.8357 -72.966304
-31.5377 -88.3667 30.7633 -72.965538
-31.4829 -90.279 30.6456 -72.9648
-31.9235 -92.1277 30.4947 -72.964091
-32.2806 -93.9944 30.2829 -72.963415
-33.2826 -95.4749 30.073 -72.962771
-34.2923 -96.3147 29.212 -72.962163
-33.7984 -97.5646 29.0456 -72.961591
-33.365 -98.5644 30.3242 -72.961059
-34.9529 -99.5888 30.5864 -72.960574
-35.3561 -101.2379 30.5528 -72.960136
-35.425 -102.1901 29.7785 -72.959748
-35.4381 -103.6106 30.0236 -72.959415
-35.4329 -104.9525 28.8355 -72.959141
-35.4888 -106.6151 28.0477 -72.958931
-35.1318 -108.0258 29.2064 -72.958785
-34.5346 -109.5447 30.0645 -72.958711
-15.445 -16.6758 3.4162 -73.011825
-17.1123 -16.5493 2.7023 -73.011096
-18.8242 -16.1183 2.2844 -73.010274
-20.5247 -15.3962 2.2003 -73.009439
-22.3116 -15.3473 2.4856 -73.0086
-24.0423 -14.9367 2.9859 -73.007751
-25.7912 -14.8802 3.5418 -73.006896
-27.6376 -14.8877 3.7424 -73.006037
-29.4617 -14.8882 3.7168 -73.005172
-31.2202 -15.3922 3.5297 -73.004299
-32.7539 -15.8243 2.9445 -73.003415
-34.0829 -16.2305 1.7975 -73.002528
-35.3566 -17.1047 0.7776 -73.001636
-36.7811 -17.3591 0.0703 -73.000742
-38.4049 -17.2529 0.8951 -72.999844
-40.1857 -16.9717 1.2216 -72.99894
-41.9745 -17.3706 1.348 -72.99803
-43.6645 -17.7288 1.1737 -72.997114
-45.1638 -16.9527 0.472 -72.996194
-46.3865 -16.2335 -0.6264 -72.995267
-48.1583 -16.038 -0.1893 -72.994334
-49.5586 -16.5997 0.7893 -72.993395
-50.6275 -17.7832 1.5574 -72.992454
-52.4581 -17.9497 1.6886 -72.991509
-54.2203 -17.8442 1.1278 -72.99056
-55.6575 -18.4041 0.1681 -72.989605
-57.139 -19.2179 -0.5793 -72.988647
-58.8775 -19.6978 -0.9928 -72.987687
-60.4992 -20.5497 -0.8751 -72.986726
-62.2699 -20.9516 -0.784 -72.985763
-63.9605 -21.4851 -1.2025 -72.984789
-65.769 -21.6468 -1.2364 -72.983821
-67.4074 -21.948 -2.0416 -72.982852
-69.2303 -22.0478 -2.2783 -72.981883
-71.0405 -22.3933 -2.2 -72.980912
-72.76 -22.6876 -1.8978 -72.979943
-74.4248 -22.1245 -1.3042 -72.978975
-75.468 -21.5676 0.0962 -72.978007
-76.805 -21.0117 0.8974 -72.977041
-78.6304 -21.1688 0.7939 -72.976084
-80.2126 -21.6023 1.4208 -72.975129
-81.9055 -21.4802 1.8938 -72.974181
-83.3789 -20.5725 2.4839 -72.973239
-84.8475 -20.092 3.3977 -72.972306
-85.8797 -19.4106 4.4732 -72.971378
-86.9877 -17.9771 4.3817 -72.970463
-88.4094 -16.917 4.436 -72.96956
-89.1332 -16.2863 5.8123 -72.968659
-89.6827 -16.0961 7.5766 -72.967776
-90.6073 -14.9923 8.5732 -72.966915
-91.6573 -14.5236 9.9347 -72.966074
-92.216 -13.6924 11.4126 -72.965243
-93.3323 -12.5367 11.3011 -72.964446
-94.3529 -11.3333 10.4637 -72.963672
-95.9243 -11.359 10.3327 -72.962925
-97.085 -12.6874 10.4076 -72.962206
-98.637 -11.9209 10.4364 -72.961518
-99.8512 -10.5582 10.1484 -72.960867
-101.1467 -9.2581 9.9913 -72.96025
-102.9108 -8.8466 10.0308 -72.959674
-104.2043 -7.6318 10.4372 -72.959143
-105.7848 -7.7377 11.2376 -72.958657
-107.5295 -7.7352 11.7584 -72.95822
-108.7114 -6.5165 12.2914 -72.957836
-108.6826 -5.013 12.9437 -72.957505
-109.4316 -4.9691 14.0337 -72.957233
-110.9911 -5.321 13.2911 -72.957024
-112.3812 -4.7789 12.2565 -72.956882
-113.4541 -4.4164 10.8172 -72.956808
-15.5545 -17.632 4.3033 -73.011878
-16.8149 -18.3686 5.0193 -73.011276
-18.1535 -17.7371 5.9254 -73.01059
-19.3957 -17.6568 7.1162 -73.009889
-20.6245 -17.4395 8.329 -73.009185
-21.4073 -17.0773 9.8446 -73.008472
-22.3291 -16.4593 11.1562 -73.007759
-23.7986 -16.4039 12.1053 -73.007041
-24.636 -16.4397 13.5353 -73.006311
-26.0492 -16.413 14.4153 -73.005586
-26.5091 -16.6788 16.0866 -73.004842
-27.6416 -17.5424 16.452 -73.00411
-28.9683 -17.6171 17.1518 -73.003374
-30.2529 -16.8642 18.0015 -73.002637
-31.8112 -16.9615 18.7079 -73.001893
-32.7125 -16.0015 17.8716 -73.00115
-33.9732 -15.3124 17.8919 -73.000404
-35.5154 -14.9405 18.541 -72.999656
-36.8148 -15.2621 19.6037 -72.998904
-38.1095 -15.3947 20.6532 -72.998155
-39.3709 -15.3085 20.5665 -72.997397
-39.9084 -15.4165 22.2463 -72.996633
-41.4898 -16.1032 22.568 -72.995882
-43.1935 -16.3081 22.9719 -72.995133
-44.8671 -16.1005 23.426 -72.994388
-46.5874 -16.255 23.8037 -72.993642
-48.2806 -16.146 24.1613 -72.992906
-49.8848 -15.6408 24.6252 -72.992174
-51.569 -15.5809 25.1077 -72.991451
-53.1934 -15.8717 25.7123 -72.990735
-54.8397 -16.0518 26.2602 -72.990026
-56.4663 -15.7486 26.8593 -72.989333
-57.6381 -14.8744 27.7621 -72.988653
-58.8394 -13.7889 28.4214 -72.987987
-60.1932 -13.1386 29.3328 -72.987334
-61.8304 -12.6017 29.6751 -72.9867
-63.5039 -12.1508 29.7076 -72.986088
-64.8861 -11.121 29.4315 -72.985497
-65.5954 -10.0293 28.2627 -72.984928
-66.3587 -9.069 29.1123 -72.984384
-67.3994 -7.9254 29.8988 -72.98387
-68.8854 -7.8686 29.963 -72.983387
-70.5505 -7.352 29.9726 -72.982938
-72.0497 -6.4284 30.0037 -72.982526
-73.5599 -5.5098 29.9785 -72.982153
-74.8786 -4.3323 29.9264 -72.981812
-76.2236 -3.1844 29.9023 -72.981528
-77.2186 -1.7362 29.9278 -72.981294
-78.2778 -0.5048 29.7779 -72.981114
-79.9939 -0.3567 29.5292 -72.98099
-81.6519 -0.1123 29.479 -72.980926
-15.2282 -17.1379 4 -73.012138
-15.8134 -17.8487 4 -73.012106
-16.4306 -18.5318 4 -73.012089
-13.8552 -16.3527 0.6773 -73.014773
-6.8126 -12.9962 0.0714 -73.017917
-5.8684 -15.48 0.0572 -73.017156
-5.4058 -18.0693 0.0621 -73.016185
-4.8048 -20.6622 0.1442 -73.014964
-4.2378 -23.1032 0.3354 -73.013449
-4.2185 -23.3173 3.0099 -73.01099
-4.1991 -23.5292 5.6846 -73.008518
-3.9404 -24.0329 8.0609 -73.006085
-2.9465 -26.4423 7.8893 -73.00362
-2.9898 -29.1239 7.9366 -73.001096
-2.8312 -31.7921 8.079 -72.998508
-2.7737 -34.4658 8.0848 -72.995854
-3.1335 -36.1267 6.8772 -72.993085
-2.9668 -36.5649 4.2354 -72.990242
-3.5563 -38.3842 2.8887 -72.98737
-4.3063 -40.3834 1.497 -72.98441
-4.1208 -42.6459 0.2252 -72.981379
-4.2362 -43.7827 0.8959 -72.978964
-3.8312 -43.4159 2.8085 -72.977254
-3.4263 -43.0492 4.7211 -72.975576
-3.0214 -42.6825 6.6338 -72.973931
-2.6164 -42.3158 8.5464 -72.972317
-2.2115 -41.949 10.459 -72.970736
-1.8006 -41.5642 12.3611 -72.969187
-1.0504 -39.8462 12.7392 -72.967607
0.1758 -38.6585 13.5417 -72.96602
1.5902 -38.0395 13.8599 -72.964395
3.2347 -39.0768 14.2093 -72.962761
3.2862 -40.8715 14.6526 -72.961104
3.0921 -42.2179 15.9515 -72.959425
3.289 -43.8273 17.0278 -72.957725
3.7676 -45.0577 18.3989 -72.955991
5.3853 -45.2551 17.5078 -72.954234
6.4565 -45.5185 16.2146 -72.952421
6.4601 -45.5688 14.2263 -72.950577
7.3041 -46.1013 15.3965 -72.948716
7.7212 -46.6728 17.2551 -72.946817
8.2906 -47.8462 18.7417 -72.944906
8.7291 -49.4862 19.2615 -72.943498
9.1255 -50.9461 19.7272 -72.942637
10.0364 -52.2198 19.9693 -72.941779
10.7133 -53.6545 20.0389 -72.94092
11.8089 -54.3454 19.5071 -72.940054
12.1976 -54.6669 17.9921 -72.939188
13.1099 -54.8336 16.8714 -72.938325
13.5838 -54.6626 15.3738 -72.937412
13.6588 -54.6533 13.7788 -72.936373
13.7337 -54.644 12.1838 -72.935367
13.8087 -54.6347 10.5888 -72.934393
13.8837 -54.6254 8.9938 -72.933453
13.9586 -54.6161 7.3988 -72.932546
14.0336 -54.6068 5.8038 -72.931672
14.1085 -54.5975 4.2088 -72.93083
14.1663 -54.5744 2.6132 -72.929897
14.2206 -54.5486 1.0176 -72.928963
14.2749 -54.5228 -0.5781 -72.928064
14.3293 -54.497 -2.1737 -72.927201
14.3836 -54.4712 -3.7694 -72.926374
14.4379 -54.4454 -5.365 -72.925583
13.7113 -55.8095 -5.5929 -72.924814
13.1825 -57.2536 -6.0072 -72.924056
12.9567 -58.7053 -6.561 -72.923311
12.6682 -60.0281 -7.37 -72.922581
12.3514 -61.5353 -7.7387 -72.921866
11.9771 -63.0578 -7.8716 -72.921168
11.7617 -64.6275 -7.7751 -72.920487
11.4655 -65.9109 -8.3481 -72.919825
11.6675 -66.9063 -9.5712 -72.919182
11.728 -68.3207 -9.6289 -72.918558
11.6975 -68.4625 -8.07 -72.917959
11.4235 -69.5735 -7.0162 -72.917387
11.1196 -70.8404 -6.109 -72.916842
11.0275 -71.8722 -4.9846 -72.916322
11.2426 -73.2528 -4.3725 -72.915832
10.7531 -74.6674 -3.9199 -72.915374
10.425 -76.2016 -3.7062 -72.914947
10.77 -77.7411 -3.6532 -72.914555
11.0786 -79.2552 -3.6604 -72.914199
11.425 -80.7723 -3.755 -72.913881
11.2996 -82.2807 -4.0128 -72.913603
11.9706 -83.6675 -4.3963 -72.913367
12.7118 -84.5829 -3.8154 -72.913172
13.1706 -85.4159 -2.5821 -72.913023
13.3664 -86.853 -1.9391 -72.912922
13.3682 -87.667 -0.8755 -72.912871
8.6263 -48.9248 19.7774 -72.943542
8.971 -49.5407 20.9869 -72.942775
9.2099 -51.0475 20.8184 -72.942012
10.0927 -52.2943 20.5532 -72.941256
10.6868 -53.724 20.4404 -72.940505
11.4461 -54.1517 19.6321 -72.939745
11.5442 -54.2966 18.1881 -72.938994
12.9332 -54.8812 18.406 -72.938255
13.2774 -55.294 19.8309 -72.937504
13.7729 -56.2787 20.5319 -72.936777
14.3885 -57.7019 20.5127 -72.936055
15.16 -59.0485 20.6431 -72.935344
15.6443 -60.0525 21.5504 -72.934639
16.2084 -60.988 22.5631 -72.933944
17.2577 -61.2039 23.519 -72.933262
18.4454 -61.8839 23.9975 -72.932595
19.1422 -63.2514 24.2481 -72.931939
19.671 -63.8624 25.3071 -72.931287
20.2623 -64.3588 26.3522 -72.930658
21.638 -65.0559 26.1487 -72.930048
22.7173 -66.1327 25.8633 -72.929419
23.7256 -67.2733 25.5197 -72.928822
24.6112 -68.47 25.1932 -72.928262
24.9681 -69.954 24.971 -72.927726
24.9964 -70.9802 24.2159 -72.927186
24.9684 -71.117 22.6615 -72.926648
24.9404 -71.2538 21.1072 -72.926152
24.9124 -71.3907 19.5528 -72.925697
24.8648 -71.4567 17.9963 -72.925278
24.9221 -71.7069 16.7213 -72.924891
25.4185 -72.6144 17.5247 -72.924527
25.5779 -72.8182 19.0637 -72.924192
25.6724 -73.1458 20.5059 -72.9239
25.5385 -73.7136 21.7923 -72.923637
25.5469 -73.9336 23.3373 -72.923411
25.5553 -74.1535 24.8823 -72.923231
26.4257 -75.2629 24.9859 -72.923095
26.2037 -76.801 24.991 -72.923002
26.3234 -78.3421 25.0702 -72.922954
-4.7208 -44.7161 -0.023 -72.979374
-5.1299 -46.1818 0.6944 -72.978451
-5.3697 -46.9913 2.259 -72.977522
-5.7718 -48.0995 3.5791 -72.976593
-6.3113 -49.4357 4.5711 -72.975658
-6.1052 -51.0319 5.3148 -72.97472
-5.9754 -52.7323 5.8136 -72.973778
-5.3005 -54.3124 6.0843 -72.972832
-5.5666 -55.9139 6.2159 -72.971881
-6.3626 -57.4622 6.4728 -72.970927
-7.4327 -58.7683 6.9386 -72.969967
-8.3123 -60.0607 7.6969 -72.969004
-9.2075 -61.5771 7.5449 -72.968039
-10.0182 -63.1512 7.7642 -72.96707
-10.4982 -64.8336 7.9938 -72.9661
-11.098 -66.494 8.2496 -72.965124
-11.5795 -68.0917 8.8213 -72.964145
-11.4778 -69.48 9.814 -72.963166
-11.3768 -70.9824 10.6772 -72.962182
-11.1615 -72.6665 10.9417 -72.961194
-11.9531 -74.0675 10.3517 -72.960205
-12.2253 -75.2856 9.1163 -72.959214
-12.386 -76.5528 7.8889 -72.958224
-12.4919 -77.8973 6.8778 -72.957231
-12.6418 -79.6702 6.7282 -72.956238
-12.8923 -81.2283 7.3625 -72.955244
-13.0636 -82.0267 8.8276 -72.954241
-12.8375 -83.2389 8.8894 -72.953247
-12.4716 -84.694 8.0205 -72.952252
-12.6797 -85.5671 7.0599 -72.951256
-12.5183 -84.1321 6.1622 -72.950254
-12.5292 -84.0813 7.3739 -72.949252
-11.895 -85.6688 7.8198 -72.948254
-11.5229 -87.2946 8.4116 -72.947261
-10.3324 -88.1124 9.2259 -72.946272
-10.675 -89.8262 9.467 -72.945284
-11.2148 -91.4903 9.7261 -72.944305
-11.4919 -93.2205 9.9224 -72.943333
-11.8689 -94.9605 9.9938 -72.942366
-12.2215 -96.7085 9.9892 -72.94141
-12.5548 -98.4528 9.9031 -72.940461
-13.101 -100.1246 9.6027 -72.939524
-13.6123 -101.6942 9.0552 -72.938596
-14.5178 -102.8115 8.0351 -72.937678
-14.732 -103.8321 6.6289 -72.93677
-14.736 -104.949 5.3416 -72.935873
-14.7897 -105.5564 3.6632 -72.934991
-14.9175 -106.1934 2.0059 -72.934126
-14.8119 -107.3154 0.66 -72.933288
-14.3904 -108.3157 -0.7477 -72.932465
-14.0768 -109.6227 -1.5126 -72.931669
-14.1581 -111.3783 -1.2027 -72.930895
-14.4574 -112.7137 -0.3129 -72.930143
-14.5581 -113.8268 1.0481 -72.929419
-14.5629 -114.7419 2.5821 -72.928719
-14.3372 -115.8187 3.9677 -72.928054
-14.0073 -116.8255 5.38 -72.927419
-13.5104 -118.0936 6.4955 -72.926819
-13.0668 -119.695 6.5246 -72.926255
-12.4966 -121.0534 5.5568 -72.925732
-12.0851 -122.6625 5.1356 -72.925248
-12.5004 -124.2153 4.474 -72.924808
-12.6759 -125.9354 4.076 -72.924414
-13.0189 -127.5669 3.9008 -72.924068
-13.6129 -129.2115 3.7998 -72.923773
-14.5095 -130.7248 3.617 -72.923532
-15.1909 -132.314 3.2206 -72.923347
-16.0458 -133.6469 2.4524 -72.923221
-17.0046 -135.0632 2.0492 -72.923156
-3.6471 -8.0538 -0.0157 -73.01863
-1.3228 -8.9468 -0.0471 -73.018028
0.9314 -9.9936 -0.0832 -73.01738
2.6625 -11.7633 -0.1495 -73.016578
3.884 -13.4015 -0.8686 -73.015306
4.2751 -14.1359 -3.2157 -73.012486
4.6663 -14.8703 -5.5627 -73.009706
5.0575 -15.6047 -7.9097 -73.006964
5.4487 -16.3392 -10.2567 -73.004261
5.5082 -15.6747 -11.481 -73.002226
5.7528 -14.1284 -10.9972 -73.00096
5.1317 -14.013 -9.0503 -72.999657
5.6382 -14.026 -8.2186 -72.99828
7.6439 -14.2766 -7.8039 -72.996879
9.6042 -14.0356 -7.3728 -72.995499
11.4824 -13.5321 -6.7322 -72.994088
12.4397 -13.1153 -5.3274 -72.992642
13.1732 -12.7275 -3.4442 -72.991149
14.0029 -12.5015 -1.5695 -72.989619
14.9232 -12.6143 0.2611 -72.98806
16.0509 -12.8503 1.9217 -72.986465
17.2291 -12.7352 3.6117 -72.984816
18.6969 -13.072 4.9744 -72.983166
20.4387 -12.843 5.9867 -72.981477
22.2399 -12.9948 6.2182 -72.980252
23.7688 -13.3762 5.9788 -72.979523
25.0057 -12.6222 5.3936 -72.978792
26.3571 -12.2571 4.8087 -72.978061
27.8738 -11.9691 4.5669 -72.977327
29.2461 -11.1445 4.4391 -72.976593
30.8012 -10.7714 4.3716 -72.975861
32.3851 -10.5715 4.2891 -72.975129
33.2233 -10.1298 4.9983 -72.974392
34.0663 -9.8024 5.9221 -72.973659
35.5597 -9.845 6.5062 -72.97293
36.9026 -9.7278 7.2501 -72.972201
38.2463 -9.5474 7.9246 -72.97148
39.7277 -9.1425 8.3952 -72.970764
41.1759 -8.7377 8.951 -72.970053
42.5633 -8.3419 9.5488 -72.969345
43.7337 -8.1277 8.583 -72.968645
45.1311 -8.0308 7.9631 -72.967955
46.5242 -8.3092 7.3517 -72.967277
47.4104 -8.3281 6.0274 -72.966604
48.547 -8.1523 4.9694 -72.965947
50.1277 -8.0481 4.8161 -72.965304
51.0302 -8.412 5.9293 -72.964664
52.4231 -8.5023 6.17 -72.96405
53.895 -8.5955 6.6905 -72.963449
54.9911 -8.7652 7.7616 -72.962869
56.4893 -8.9904 7.679 -72.962312
57.587 -10.1308 7.9043 -72.961777
59.0801 -10.6364 8.1455 -72.961265
60.6014 -11.0022 8.4608 -72.960782
61.9959 -11.5958 8.0265 -72.960326
62.9752 -11.9724 7.058 -72.959894
63.4644 -12.0743 5.5381 -72.959495
64.0395 -11.9612 4.047 -72.959126
64.4337 -11.9546 2.4888 -72.958793
64.823 -11.932 0.9297 -72.958501
65.2041 -11.8836 -0.6309 -72.958253
65.5558 -11.8356 -2.1985 -72.958048
65.8976 -11.7879 -3.7682 -72.957893
66.4194 -11.7876 -5.282 -72.957787
66.4944 -12.5596 -6.6605 -72.957733
21.8035 -12.9643 5.5087 -72.98012
22.2928 -12.8975 4.0421 -72.979148
22.782 -12.8307 2.5755 -72.978208
23.2713 -12.7639 1.1089 -72.977299
23.7606 -12.6971 -0.3578 -72.976421
24.2499 -12.6303 -1.8244 -72.975575
24.7391 -12.5635 -3.291 -72.97476
25.2284 -12.4967 -4.7576 -72.973976
25.7177 -12.4299 -6.2242 -72.973224
26.2069 -12.363 -7.6908 -72.972503
26.8935 -12.3131 -8.9994 -72.971808
27.9931 -12.1349 -10.0456 -72.971121
29.4155 -12.0244 -10.5719 -72.970441
30.9321 -12.139 -10.7879 -72.969769
32.4337 -12.4908 -10.7732 -72.969101
33.7283 -13.0404 -10.3346 -72.968443
34.9591 -13.7394 -9.781 -72.967794
36.3049 -14.3754 -9.3611 -72.967153
37.7863 -14.4064 -8.971 -72.966513
38.9765 -14.4204 -8.3072 -72.965885
39.509 -14.5028 -6.8771 -72.965274
40.803 -14.1184 -7.3333 -72.964685
42.1172 -13.7343 -7.9502 -72.964112
43.481 -14.2451 -8.4653 -72.963558
44.8322 -14.6862 -9.0455 -72.963025
46.2199 -15.1571 -9.5418 -72.962511
47.4998 -15.7968 -10.1041 -72.962023
48.4919 -16.341 -10.9949 -72.961558
49.2648 -16.5571 -12.2212 -72.961118
50.6437 -17.0063 -12.5265 -72.96071
52.1626 -17.2199 -12.7123 -72.960333
53.5098 -17.9199 -12.5815 -72.959989
54.8261 -18.5114 -12.0649 -72.959679
56.0144 -19.3898 -11.6485 -72.959408
57.1511 -20.3793 -11.2981 -72.959176
58.5784 -20.83 -11.009 -72.958987
59.5198 -21.3446 -11.6244 -72.958839
59.9152 -21.5013 -13.1121 -72.958738
60.3293 -21.6363 -14.5919 -72.958687
5.542 -17.4481 -11.9734 -73.00243
5.2752 -19.0549 -12.8511 -73.001594
4.5319 -20.5356 -13.6308 -73.000752
4.2842 -21.2679 -12.1504 -72.99989
4.5234 -21.5541 -11.2061 -72.999037
5.0916 -22.5097 -9.9139 -72.998171
5.6355 -23.6108 -8.5295 -72.997301
6.4022 -24.9693 -7.5369 -72.996425
6.6335 -26.3097 -6.3211 -72.995546
7.1852 -27.3717 -7.4784 -72.994654
7.7638 -28.2275 -9.037 -72.993759
9.1599 -28.8455 -10.0123 -72.992866
10.2945 -29.4271 -11.2255 -72.991967
12.0307 -29.9265 -10.7637 -72.99106
13.7255 -30.5864 -10.4924 -72.990151
15.1918 -31.515 -11.0288 -72.989239
16.7178 -31.6949 -12.0524 -72.98832
18.2188 -31.9125 -13.1144 -72.987398
19.9511 -32.1969 -13.7295 -72.986471
21.5074 -33.0418 -14.1745 -72.985507
22.8543 -34.2615 -14.6414 -72.984538
24.0059 -35.5947 -15.1729 -72.983598
24.5296 -37.1036 -15.7174 -72.982654
24.7232 -37.5624 -17.5262 -72.981696
25.1008 -38.2263 -19.2142 -72.980738
26.3789 -39.4506 -19.5884 -72.97979
28.1291 -39.8596 -20.0602 -72.978841
29.3513 -39.6098 -21.3429 -72.977887
30.6809 -38.9744 -22.3478 -72.976933
31.8544 -39.4408 -23.699 -72.975975
32.7072 -40.1312 -24.5207 -72.975019
34.1875 -40.0661 -24.2388 -72.974061
35.3747 -39.954 -25.6606 -72.973104
36.0556 -40.1808 -27.3735 -72.972136
37.1117 -40.5409 -28.8636 -72.97118
37.9499 -40.8975 -30.5002 -72.970227
38.8019 -40.6861 -32.1277 -72.969276
39.8174 -40.5169 -33.6425 -72.968334
40.8901 -40.7217 -35.068 -72.9674
42.5305 -41.61 -35.2384 -72.966474
44.3755 -41.8861 -35.4176 -72.965556
45.9871 -42.2694 -36.0731 -72.964646
47.4878 -43.2765 -36.1873 -72.96373
49.3319 -43.6209 -36.2065 -72.962809
51.1887 -43.712 -36.2324 -72.961928
53.0372 -43.4731 -36.3042 -72.961062
54.8899 -43.6769 -36.497 -72.960216
56.6959 -43.5991 -36.9065 -72.959385
58.2639 -44.1277 -37.6876 -72.958574
59.5341 -44.5902 -38.7803 -72.957777
60.5988 -45.0677 -39.8571 -72.957009
61.8729 -46.2433 -40.1922 -72.956267
63.3313 -46.5896 -41.0735 -72.955547
64.0217 -46.6763 -42.7931 -72.954852
64.5704 -46.7494 -44.583 -72.954188
64.8703 -46.6711 -46.4334 -72.953534
65.1687 -46.5915 -48.2839 -72.952936
65.5964 -46.5388 -50.1097 -72.952374
65.7108 -46.4215 -51.9702 -72.951813
65.6981 -46.2783 -53.8407 -72.951301
65.6854 -46.1351 -55.7113 -72.950856
65.6727 -45.9919 -57.5819 -72.950477
65.7296 -45.7497 -59.4403 -72.950146
65.8135 -45.4694 -61.2934 -72.949878
66.0243 -45.0935 -63.1166 -72.949674
66.1717 -44.6856 -64.9394 -72.949534
66.3305 -44.1781 -66.4646 -72.949462
5.6517 -16.7814 -12.2027 -73.001944
5.689 -16.9607 -13.7308 -73.00017
5.7263 -17.14 -15.259 -72.998433
5.7636 -17.3194 -16.7872 -72.996733
5.8009 -17.4987 -18.3154 -72.995069
5.8383 -17.678 -19.8436 -72.993443
5.8756 -17.8574 -21.3717 -72.991854
5.9129 -18.0367 -22.8999 -72.990301
5.9502 -18.216 -24.4281 -72.988785
5.9875 -18.3954 -25.9563 -72.987306
6.0248 -18.5747 -27.4845 -72.985864
6.0621 -18.754 -29.0126 -72.984458
6.0994 -18.9334 -30.5408 -72.983088
6.1367 -19.1127 -32.069 -72.981755
6.1741 -19.292 -33.5972 -72.980459
6.2114 -19.4714 -35.1254 -72.979199
6.2487 -19.6507 -36.6536 -72.977976
6.286 -19.83 -38.1817 -72.976789
6.3233 -20.0094 -39.7099 -72.975638
6.3606 -20.1887 -41.2381 -72.974523
6.3979 -20.368 -42.7663 -72.973445
6.4352 -20.5474 -44.2945 -72.972403
6.4725 -20.7267 -45.8226 -72.971398
6.5099 -20.906 -47.3508 -72.970428
6.5472 -21.0854 -48.879 -72.969495
6.5845 -21.2647 -50.4072 -72.968597
6.6218 -21.444 -51.9354 -72.967736
6.6591 -21.6234 -53.4635 -72.966911
6.6964 -21.8027 -54.9917 -72.966122
6.7337 -21.982 -56.5199 -72.965369
6.771 -22.1614 -58.0481 -72.964652
6.8083 -22.3407 -59.5763 -72.963971
6.8457 -22.52 -61.1045 -72.963326
6.883 -22.6994 -62.6326 -72.962717
6.9394 -22.8766 -64.1572 -72.962143
8.1498 -22.8799 -64.1006 -72.961592
8.9886 -23.516 -62.989 -72.961053
9.9314 -24.3205 -62.1091 -72.960534
10.5435 -25.411 -61.3105 -72.96003
11.1641 -26.7642 -60.9602 -72.959546
11.7371 -28.177 -61.0516 -72.959086
12.2468 -29.4991 -61.4619 -72.958648
12.6299 -30.7915 -61.1111 -72.958233
13.0367 -32.212 -60.6823 -72.957845
13.4206 -33.6473 -60.2909 -72.957485
13.672 -35.0666 -59.8345 -72.957156
13.7802 -36.5811 -60.0484 -72.956861
13.7177 -38.0731 -60.4184 -72.956602
13.5658 -39.5761 -60.7091 -72.95638
13.3014 -41.0704 -60.6511 -72.956198
13.3571 -42.0105 -59.4467 -72.956056
13.5377 -43.0476 -58.3404 -72.95596
13.6333 -44.0606 -57.3331 -72.955911
-2.4565 -0.91 0.0523 -73.023436
-2.8293 2.667 0.2464 -73.027934
-3.0866 6.216 0.7208 -73.032545
-2.2413 9.6979 1.5153 -73.037289
-0.7404 12.7593 0.9662 -73.042129
0.227 15.8879 -1.0884 -73.047297
0.5524 20.1154 -1.9386 -73.052818
0.4575 24.418 -2.5408 -73.058507
0.4389 27.3767 -5.5178 -73.064383
-0.013 29.9656 -8.7108 -73.070443
-0.1419 14.3216 0.264 -73.044712
0.8616 14.8245 1.2959 -73.046085
2.5303 15.409 3.4469 -73.048681
5.0961 15.9466 3.8822 -73.05141
7.8356 16.5695 3.9069 -73.054297
10.5566 17.2922 4.0994 -73.057311
13.2701 17.9524 4.5537 -73.060484
15.8121 18.8134 4.7988 -73.063817
17.2134 19.7132 4.344 -73.066201
17.5574 19.3689 4.0634 -73.066015
-0.9274 14.3109 0.2417 -73.044636
-2.5488 14.1754 0.0246 -73.044294
-4.1702 14.04 -0.1925 -73.043991
-5.6969 13.9854 -0.1496 -73.043722
-6.0083 14.0245 0.9686 -73.043478
-4.7591 13.8534 0.1003 -73.043262
-4.5248 13.8442 -1.5168 -73.043026
-4.3735 13.8457 -3.1513 -73.042832
-4.2222 13.8471 -4.7858 -73.042686
-4.0708 13.8486 -6.4202 -73.042588
-3.7648 13.9278 -8.018 -73.042535
-3.1571 14.1597 -9.5252 -73.042529
-2.5409 14.9686 -10.6984 -73.042574
-0.6612 32.5013 -8.9792 -73.074264
-1.3441 34.6869 -8.6538 -73.077143
-2.5162 37.7967 -7.959 -73.081509
-4.0883 40.798 -9.2426 -73.085947
-6.1771 43.4321 -10.5669 -73.090454
-7.4526 45.9637 -12.4793 -73.095038
-8.199 48.9959 -14.3148 -73.099751
-8.488 52.2581 -16.0262 -73.104592
-8.9751 55.6713 -17.3793 -73.109509
-8.9724 59.3456 -17.9864 -73.114498
-8.8355 62.9598 -18.9326 -73.119563
-8.1651 65.7964 -21.101 -73.124708
-8.071 69.4931 -21.2598 -73.129924
-8.0725 72.7987 -19.5494 -73.134814
-8.8931 75.9303 -20.6534 -73.1388
-9.8467 77.8663 -22.8286 -73.142277
-10.916 79.9845 -24.8489 -73.145786
-11.8107 82.572 -26.461 -73.149547
-13.9622 85.1541 -28.0376 -73.153556
-15.428 87.4195 -30.0798 -73.157615
-16.2874 89.1284 -32.8169 -73.161082
-17.1302 91.8068 -33.4334 -73.163941
-16.6579 94.7355 -33.3269 -73.166816
-16.2793 97.4317 -32.2507 -73.169704
-16.0966 100.3779 -31.8618 -73.172605
-15.6048 103.2146 -31.8672 -73.176362
-15.0646 104.6984 -30.0846 -73.180986
-14.4099 106.6313 -31.3901 -73.18561
-13.9013 109.3975 -31.7321 -73.190242
-13.1382 112.1018 -31.8855 -73.194878
-12.0288 114.6912 -32.2205 -73.199524
-9.9615 116.491 -32.7147 -73.204172
-8.3964 118.5551 -33.6954 -73.208824
-7.0441 120.3709 -35.2413 -73.213482
-16.3107 103.1222 -31.2609 -73.176449
-17.0106 105.6108 -30.0258 -73.181156
-17.7104 108.0993 -28.7907 -73.185784
-18.4103 110.5878 -27.5556 -73.190331
-19.1321 113.0846 -26.3544 -73.194796
-20.0839 115.6275 -25.7828 -73.199235
-21.6544 117.8269 -26.4818 -73.203682
-22.4041 120.0541 -28.0006 -73.20814
-23.8204 121.9956 -29.2918 -73.212601
-16.2837 88.4956 -30.6847 -73.16223
-16.9057 88.45 -28.8674 -73.167326
-17.5277 88.4044 -27.0501 -73.172356
-18.1496 88.3588 -25.2328 -73.177319
-18.7716 88.3131 -23.4155 -73.182215
-19.3936 88.2675 -21.5982 -73.187043
-20.0155 88.2219 -19.7808 -73.191801
-20.6375 88.1763 -17.9635 -73.196488
-21.2595 88.1307 -16.1462 -73.201104
-21.8814 88.0851 -14.3289 -73.205648
-22.5034 88.0394 -12.5116 -73.210119
-23.1253 87.9938 -10.6943 -73.214516
-23.7473 87.9482 -8.8769 -73.218837
-24.3693 87.9026 -7.0596 -73.223083
-24.9912 87.857 -5.2423 -73.227252
-25.6132 87.8114 -3.425 -73.231342
-26.2352 87.7657 -1.6077 -73.235354
-26.8571 87.7201 0.2096 -73.239286
-27.4791 87.6745 2.0269 -73.243138
-28.1011 87.6289 3.8443 -73.246908
-28.723 87.5833 5.6616 -73.250595
-10.6474 82.0467 -25.97 -73.148731
-9.8973 83.5702 -26.7997 -73.151062
-8.9166 84.4636 -28.1497 -73.153413
-7.9416 85.635 -29.2349 -73.155783
-6.7633 86.7616 -30.2244 -73.158165
-5.9934 87.8877 -31.5 -73.160565
-4.805 89.0805 -31.9871 -73.162978
-4.0074 90.0975 -33.2964 -73.165422
-3.642 91.5318 -34.1524 -73.167866
-3.5504 92.2381 -35.0395 -73.170325
-2.6112 93.3175 -34.37 -73.172803
-1.4138 94.7914 -34.5426 -73.175278
-0.1697 96.0984 -35.117 -73.177763
0.8889 97.112 -35.3375 -73.180256
1.8787 97.6218 -33.8386 -73.182758
3.297 98.6527 -34.2066 -73.185248
4.478 100.1526 -34.2331 -73.187729
5.7259 101.6013 -34.2783 -73.190211
6.9236 103.076 -34.3329 -73.192678
8.2378 104.4594 -34.2789 -73.195135
9.708 105.6324 -34.1824 -73.197571
11.0242 106.9149 -34.1788 -73.199994
12.03 108.5293 -34.2938 -73.202394
12.8387 110.237 -34.4028 -73.204767
13.6986 111.9172 -34.2947 -73.207111
14.9808 113.3035 -34.0183 -73.209419
16.3534 114.5382 -33.5266 -73.211688
-8.0122 74.6652 -19.0128 -73.138195
-7.3733 74.7434 -17.1393 -73.140395
-6.2129 74.8717 -15.5661 -73.14259
-4.6588 75.1485 -14.4836 -73.144796
-2.9313 75.2005 -13.5318 -73.147019
-1.1908 75.5548 -14.025 -73.149261
0.2492 75.4182 -15.2751 -73.151523
1.6994 75.2949 -16.4498 -73.153795
3.456 75.8724 -16.5978 -73.156084
4.909 77.061 -16.0201 -73.158385
6.3489 78.0205 -15.2054 -73.160696
7.6777 78.1558 -16.557 -73.163031
9.1932 78.8939 -17.1669 -73.165368
10.3243 80.3116 -17.9293 -73.16771
11.8031 81.2429 -18.8099 -73.170054
13.3202 82.0201 -19.7154 -73.172401
14.672 82.8734 -20.8357 -73.174746
15.8195 84.0369 -21.4716 -73.177085
17.3968 85.0052 -21.5241 -73.179419
19.1523 85.9091 -21.6233 -73.181745
20.835 86.8367 -21.5731 -73.184058
22.3782 87.6805 -22.4819 -73.186363
23.6336 88.6822 -23.6145 -73.188646
25.3121 89.236 -24.4178 -73.190907
26.9271 90.1776 -25.069 -73.19319
28.5711 91.1435 -25.6063 -73.19547
30.1849 92.1759 -26.0934 -73.197655
31.906 93.0582 -26.3886 -73.199791
33.349 94.3802 -26.2354 -73.201884
34.682 95.7638 -25.7885 -73.203928
36.0698 96.9946 -25.1164 -73.205922
-9.1332 71.1226 -19.9391 -73.135322
-11.2049 71.3971 -19.3463 -73.140811
-12.2503 72.1505 -17.4371 -73.146415
-13.2771 72.9723 -16.3017 -73.152122
-15.0629 74.4381 -16.0237 -73.157926
-17.1889 75.3374 -15.9102 -73.16385
-18.7708 76.7954 -16.5998 -73.169892
-20.2396 77.7578 -18.0502 -73.176064
-21.4318 79.2493 -19.3169 -73.182345
-22.4493 80.8848 -20.0685 -73.187098
-23.644 82.5321 -19.9209 -73.190237
-25.2693 83.8199 -19.7197 -73.193401
-26.4282 85.5474 -19.5741 -73.196598
-27.4271 87.2915 -19.7394 -73.19983
-28.2555 88.0894 -18.5764 -73.203124
-28.4362 88.7812 -16.6121 -73.206463
-28.7184 89.4709 -14.6555 -73.209798
-28.5952 90.5234 -12.9306 -73.213148
-28.0087 92.2281 -11.8717 -73.21652
-28.1824 93.3344 -10.523 -73.219927
-28.881 94.9101 -9.3484 -73.223357
-29.1637 96.6406 -8.2343 -73.226806
-29.7507 98.589 -7.8416 -73.230275
-31.2546 100.014 -7.7767 -73.233765
-32.9856 101.1833 -7.8435 -73.237264
-34.438 102.6859 -7.93 -73.240787
-35.8645 104.1959 -8.077 -73.244321
-37.7492 105.0636 -8.2888 -73.247862
-39.7252 105.5106 -8.4883 -73.251423
-41.4274 106.5542 -8.4275 -73.255
-22.5697 79.9845 -21.0657 -73.187338
-23.5049 79.5868 -23.0086 -73.190594
-24.7357 79.2357 -23.1851 -73.193542
-26.0186 79.7983 -22.2548 -73.196509
-27.6912 80.6895 -21.9109 -73.199498
-29.3246 81.7314 -21.4655 -73.202507
-31.1306 82.4861 -21.4143 -73.205536
-32.9071 83.2024 -21.5235 -73.208597
-34.8537 83.2248 -21.3716 -73.211677
-36.6622 83.819 -20.8419 -73.21478
-38.0322 83.5029 -19.5874 -73.217913
-39.4902 83.5562 -18.2934 -73.221059
-40.9141 84.0358 -17.0459 -73.224225
-42.4783 85.0996 -16.5078 -73.227398
-44.0118 86.2891 -16.2793 -73.230586
-45.0805 86.8165 -17.3328 -73.233852
-45.3985 87.0849 -19.2874 -73.237107
-46.0085 87.5938 -21.1008 -73.24038
-46.5256 87.8633 -23.0125 -73.243662
-47.0124 88.1443 -24.9307 -73.246952
-48.0466 88.8001 -25.8124 -73.250204
-49.3531 89.8139 -24.8517 -73.25346
-23.4169 79.5945 -22.041 -73.18912
-7.4755 47.1812 -14.128 -73.097636
-6.6397 46.9581 -15.442 -73.098172
-6.0885 47.0624 -16.854 -73.098688
-5.6785 47.4504 -18.3124 -73.099196
-5.0375 48.1975 -19.4234 -73.099691
-4.9376 48.8586 -20.8471 -73.100176
-4.8994 49.5688 -22.2208 -73.100646
-4.8067 50.8524 -23.1201 -73.101096
-4.348 52.1399 -23.896 -73.101549
-3.8636 53.4258 -24.6617 -73.101964
-3.2759 54.7308 -25.2965 -73.102341
-2.6137 56.0992 -25.6637 -73.102687
-1.9972 57.5231 -25.7699 -73.103003
-0.7472 58.4335 -25.8246 -73.103284
0.1834 59.5702 -25.9895 -73.103527
1.0556 60.8294 -26.3063 -73.103728
1.4265 62.1744 -26.9168 -73.103884
1.2466 63.3678 -27.9187 -73.103992
0.8615 64.5278 -28.8693 -73.104048
-1.2039 34.2315 -8.7378 -73.077191
-2.1645 36.692 -8.3921 -73.081634
-3.11 39.1845 -8.3928 -73.08618
-3.9026 40.3411 -6.7187 -73.09084
-4.4638 40.8393 -4.1593 -73.095628
-5.2514 41.2336 -1.6507 -73.100522
-6.4986 41.3875 0.6577 -73.105517
-6.9016 41.3668 3.1344 -73.110659
-8.3244 41.1475 5.0228 -73.115867
-9.0777 42.2825 6.6587 -73.12061
-10.4818 44.1286 6.7312 -73.124849
-12.0542 45.877 6.472 -73.129165
-13.7926 47.4551 6.7415 -73.133565
-14.3287 48.7274 8.6097 -73.138064
-14.2892 50.0448 10.5825 -73.142636
-14.3831 52.2013 11.5125 -73.147284
-15.4653 54.1641 11.5993 -73.152012
-15.9872 56.1264 10.7348 -73.156831
-15.9935 58.493 10.4465 -73.161731
-16.6674 59.2873 8.5547 -73.166749
-17.4698 59.7595 6.3608 -73.171848
-17.8092 61.9411 6.2291 -73.177013
-19.8136 62.8997 6.5069 -73.182286
-21.3274 63.1601 7.9551 -73.187675
-22.8218 64.0013 9.1439 -73.192247
-24.7396 64.6596 9.7419 -73.19596
-25.9313 65.6939 8.2209 -73.19972
-27.3521 67.091 7.1443 -73.203533
-27.8515 68.7801 5.7356 -73.207395
-28.9706 70.1238 4.2552 -73.211297
-29.8302 71.1977 2.3661 -73.215254
-30.5772 72.9481 2.3143 -73.219262
-31.2511 73.9836 4.3225 -73.223312
-31.8836 74.7971 6.3519 -73.227416
-33.4979 76.3178 6.0157 -73.231542
-35.3494 77.7054 5.6794 -73.235709
-36.2359 77.7987 3.4859 -73.239946
-36.823 78.2142 1.2302 -73.244227
-37.2962 78.8752 -1.0041 -73.248544
-38.0777 79.5243 -3.1351 -73.252876
-38.5828 79.8578 -5.4262 -73.257276
-40.1286 80.7679 -6.86 -73.261677
-41.8887 81.3717 -5.9333 -73.26612
-43.201 81.2826 -4.0378 -73.270615
-44.3102 81.7185 -2.0187 -73.275127
-23.2557 64.0561 8.131 -73.191643
-24.9649 64.9635 8.1844 -73.194144
-26.0616 65.9005 8.9001 -73.196718
-26.305 66.1448 10.8713 -73.199333
-26.4364 66.2766 12.8582 -73.201923
-26.7662 66.3845 14.8041 -73.204526
-28.2543 66.3369 15.7942 -73.207137
-29.7596 66.2207 16.7645 -73.209778
-29.8152 66.2528 18.7633 -73.212438
-30.2709 66.9957 19.6957 -73.215111
-31.7156 67.9135 20.4594 -73.217815
-32.1409 69.5247 21.5115 -73.22053
-33.0427 71.1208 22.2483 -73.22325
-33.7682 72.7602 23.0868 -73.225979
-34.714 74.4169 23.6586 -73.228709
-35.5114 76.0162 24.4887 -73.231445
-35.8784 77.7991 25.2812 -73.234187
-36.6919 79.4931 25.9091 -73.236929
-37.5921 81.2366 26.1638 -73.239662
-37.9648 82.9348 26.6532 -73.242405
-38.1232 84.1537 28.0096 -73.245127
-37.4894 85.6297 29.04 -73.247838
-37.0034 87.4849 29.1485 -73.250531
-36.7841 89.4485 29.2879 -73.253294
-36.3959 91.4052 29.448 -73.256026
-9.6387 41.5186 6.3846 -73.11917
-11.2133 41.8239 6.3128 -73.120471
-12.0979 42.4791 4.8865 -73.1218
-13.2557 43.35 3.9751 -73.123137
-14.2423 43.577 2.4577 -73.124491
-15.3556 43.71 1.0276 -73.125856
-15.9894 44.5732 -0.4476 -73.127235
-16.6871 45.12 -2.0478 -73.128623
-17.7188 45.8368 -3.2857 -73.130026
-18.5783 46.8498 -4.5254 -73.131438
-19.9074 47.2662 -5.6939 -73.132855
-21.5852 47.5437 -6.3542 -73.134276
-22.9761 48.6597 -6.3259 -73.135697
-24.3563 49.8697 -6.2079 -73.137122
-25.8552 50.8966 -6.0169 -73.138542
-27.0962 51.9486 -5.4199 -73.139967
-27.9482 52.3876 -3.9646 -73.141393
-29.654 52.5789 -3.9322 -73.142805
-30.6445 52.9077 -5.3714 -73.144213
-32.0441 53.5066 -6.2656 -73.145607
-33.4656 54.634 -6.5349 -73.146985
-34.9544 55.5474 -7.0531 -73.148343
-36.2819 56.6634 -7.6004 -73.14968
-37.6486 57.8611 -7.7756 -73.150995
-38.5034 59.4777 -7.6459 -73.152281
-39.3718 61.0534 -7.2838 -73.153528
-40.2991 62.551 -6.7638 -73.154739
-41.2384 64.045 -6.261 -73.155909
-41.8614 65.6914 -5.7694 -73.157031
-42.4591 67.2851 -5.1652 -73.158103
-43.3383 68.5969 -4.4191 -73.159118
-44.4522 70.0317 -4.1392 -73.160067
-45.5063 71.5345 -4.0501 -73.16095
-46.5569 73.035 -4.1531 -73.161759
-47.8716 74.2263 -4.5515 -73.162489
-48.8625 75.1738 -5.5759 -73.163133
-49.2408 75.7623 -7.2733 -73.16369
-49.4584 77.0985 -8.4631 -73.164145
-49.9501 78.752 -8.946 -73.164497
-51.026 79.8745 -9.2484 -73.164737
-51.28 79.9424 -10.8927 -73.164864
17.7044 20.951 4.9703 -73.067518
18.2015 22.2043 5.6044 -73.068843
18.6985 23.4577 6.2386 -73.070161
19.0912 25.152 6.8819 -73.071824
19.429 27.2733 6.757 -73.073864
20.0937 28.9393 5.4586 -73.075943
20.5192 30.5261 4.0181 -73.078063
21.7848 31.8769 2.8501 -73.080228
22.0977 33.1829 1.0434 -73.082436
23.2662 34.71 0.0406 -73.084677
23.7528 35.2305 -1.9989 -73.086968
24.4415 36.3316 -0.4475 -73.089306
25.2156 37.3871 1.3732 -73.091681
25.5431 38.1412 3.4507 -73.094103
26.3109 39.4951 5.0553 -73.096553
27.3125 40.7429 3.9319 -73.099045
27.6125 41.5008 5.9749 -73.101595
27.8649 42.4672 7.8245 -73.104178
28.5761 44.0126 9.106 -73.106792
29.3017 45.8785 9.8466 -73.10944
29.8444 47.4239 10.9837 -73.112144
29.8427 48.4745 12.9418 -73.114877
30.4043 50.5089 13.6559 -73.117642
32.2661 51.6774 14.0416 -73.120446
33.7432 53.3643 13.9508 -73.123285
35.3704 54.8773 13.6311 -73.126161
36.404 56.7929 13.1328 -73.129075
37.9566 57.9008 12.228 -73.132015
39.1636 59.6692 11.6914 -73.134992
40.7811 61.2139 11.412 -73.138005
42.5407 62.5144 11.7504 -73.141042
43.9242 63.8221 12.81 -73.144116
45.3908 65.165 13.6376 -73.147216
45.9271 67.2097 14.1714 -73.150333
46.6355 69.1359 14.3788 -73.153475
48.3635 70.1089 14.8857 -73.156644
49.6569 71.9103 15.1633 -73.159894
50.9513 73.7475 15.4455 -73.163164
52.8054 74.9337 15.6383 -73.166388
54.7263 75.5702 15.6827 -73.169624
56.0864 76.9982 15.657 -73.172874
57.1449 78.0802 14.4904 -73.176148
58.894 79.349 14.0314 -73.179419
60.9129 80.2627 14.3307 -73.182694
62.6887 81.5896 14.007 -73.185974
64.1912 82.1373 14.8133 -73.189272
65.3934 82.3955 16.5144 -73.192561
66.9021 83.2776 17.6975 -73.195831
67.4164 84.9808 18.6495 -73.199087
68.0681 86.9646 19.2519 -73.202313
18.9087 24.0362 7.1126 -73.070825
19.1476 18.9083 3.9431 -73.067098
20.9905 18.3979 3.8423 -73.06835
22.9152 18.2333 3.6481 -73.069629
24.7758 17.8958 3.3306 -73.07093
26.5871 18.0132 3.1308 -73.072258
28.3023 18.6484 3.6845 -73.073612
29.9424 18.8206 4.6508 -73.07499
31.2866 18.6601 5.9911 -73.076398
32.7096 18.1098 7.1234 -73.077829
34.1103 16.8391 7.543 -73.079284
35.4164 15.4177 7.7072 -73.080764
36.5618 14.0174 7.4707 -73.082268
38.0589 13.6462 6.35 -73.083795
39.8047 13.3092 5.8907 -73.085343
41.5119 12.7068 5.2455 -73.086915
42.8693 12.0614 4.0202 -73.088513
44.4573 11.3345 3.2295 -73.09013
45.9294 10.8303 2.4767 -73.091772
47.1014 10.1377 3.6205 -73.09343
48.3849 9.3089 4.6779 -73.095105
49.394 9.6773 6.2389 -73.096807
50.6478 10.0528 7.6185 -73.098524
51.9327 9.8336 9.0023 -73.100253
53.4883 10.1208 10.104 -73.101994
55.2334 9.8227 9.9071 -73.103746
57.0597 9.924 9.3135 -73.105612
58.8743 9.6526 8.6558 -73.107532
60.689 9.3812 7.9981 -73.109396
62.4959 9.1815 7.3186 -73.111206
64.0964 9.6659 6.3822 -73.113001
65.6128 10.0298 5.5676 -73.1148
66.3879 8.7348 6.61 -73.116603
67.0408 7.9267 8.2378 -73.118399
67.6184 7.3624 10.0083 -73.120199
68.2214 6.7991 11.7671 -73.121994
68.8557 6.3245 13.5452 -73.123768
69.5936 6.0215 15.3177 -73.125539
70.6128 5.6939 16.9232 -73.127282
71.846 5.1297 18.3139 -73.128992
73.446 5.6128 19.1551 -73.130683
75.1394 5.1362 19.9892 -73.132369
76.7792 5.1163 20.887 -73.133993
78.3203 5.541 21.9782 -73.135581
79.5543 6.0354 23.1887 -73.137124
80.477 6.477 24.7608 -73.138611
82.1371 6.4027 25.3832 -73.140045
83.992 6.8997 25.7174 -73.141419
85.8702 6.8251 26.0726 -73.142727
87.7509 6.7088 26.4848 -73.143963
89.6348 6.7028 26.6547 -73.145119
91.0074 6.4378 25.4152 -73.146186
92.1971 6.0461 24.0228 -73.147165
93.1627 5.5053 22.7795 -73.148066
93.4181 5.3578 20.8527 -73.148858
93.6827 5.205 18.9277 -73.14953
93.9559 5.0473 17.0042 -73.150076
94.7999 4.5071 17.8661 -73.150486
-1.9865 16.2264 -10.9822 -73.042659
-1.6114 17.3396 -11.0385 -73.042719
-1.1973 18.2526 -10.4886 -73.042765
-0.4899 18.8695 -10.968 -73.042797
0.4947 18.656 -11.4238 -73.042814
-5.9486 122.6202 -36.4545 -73.218144
-4.8563 124.4889 -38.1946 -73.222809
-3.4433 126.1431 -39.8024 -73.227467
-2.2407 128.597 -40.3971 -73.232115
-1.5188 131.295 -40.1613 -73.236759
-1.6696 134.0734 -40.2753 -73.241393
-2.517 136.7345 -40.7076 -73.246017
-3.2762 139.4376 -41.1589 -73.250629
-4.1563 142.1305 -41.3938 -73.255223
-4.9956 144.8475 -41.5126 -73.259802
-4.2109 147.46 -41.641 -73.264354
-3.9407 150.1251 -41.6099 -73.268889
-3.8535 152.9656 -41.6389 -73.273393
-3.8797 155.8081 -41.7765 -73.277873
-3.362 158.4701 -41.8809 -73.282325
-3.9026 161.1882 -41.8597 -73.286744
-4.6546 163.8938 -41.7416 -73.291125
-4.458 166.7321 -41.7051 -73.295468
-4.7248 169.4267 -41.9823 -73.299769
-5.9516 171.9513 -42.4086 -73.304027
-6.8697 174.6164 -42.5236 -73.308234
-7.1469 177.3942 -42.5991 -73.312392
-8.5483 179.5426 -43.6297 -73.316497
-9.0965 181.9163 -44.9846 -73.320552
-9.3572 184.5276 -45.8738 -73.324539
-10.3037 185.8819 -45.5629 -73.327407
-12.6165 185.7411 -44.527 -73.329125
-14.6492 185.7303 -43.1953 -73.330733
-16.2496 187.2653 -42.1906 -73.332248
-17.9145 189.1431 -41.8854 -73.333669
-19.4479 191.0685 -41.5909 -73.334996
-21.0169 192.9475 -41.0017 -73.336223
-22.4125 194.4386 -40.3024 -73.337349
-23.7068 195.9472 -39.0039 -73.338368
-25.0392 197.7028 -39.8911 -73.339276
-25.8175 200.0563 -40.2799 -73.340068
-26.6369 201.4551 -41.5533 -73.340742
-27.5289 202.2594 -40.2727 -73.341292
-29.472 203.3638 -40.3713 -73.341711
-31.4096 204.4733 -39.3932 -73.341997
-31.9894 205.4816 -37.1556 -73.342144
-32.896 206.6385 -35.2063 -73.342148
-33.7738 206.9925 -32.8727 -73.342001
-35.326 208.2821 -31.3862 -73.341701
-36.5537 210.18 -30.3332 -73.341241
-37.6503 212.1937 -29.5135 -73.340615
-38.7499 214.0475 -28.2022 -73.339817
-38.8366 216.2339 -27.1303 -73.338841
-39.8429 217.9451 -25.6872 -73.337681
-40.3547 220.3663 -25.6679 -73.336331
-9.0607 186.6005 -47.0068 -73.327608
-8.6412 188.5188 -48.1723 -73.329755
-7.9227 189.8909 -49.7878 -73.331831
-7.3389 191.2666 -51.5099 -73.33383
-6.8689 192.8579 -53.067 -73.335747
-6.5717 194.5306 -54.6272 -73.337582
-6.699 195.7688 -56.5782 -73.339333
-6.6007 197.3796 -57.9455 -73.34099
-5.361 198.4457 -59.4593 -73.342555
-4.0706 199.0919 -61.2062 -73.344022
-2.56 200.3359 -61.9713 -73.345383
-1.1767 202.1203 -62.473 -73.346638
0.1257 203.765 -63.1817 -73.34778
0.5779 205.9809 -62.9411 -73.348809
1.7705 207.8999 -62.7909 -73.349718
1.7806 210.0234 -63.3852 -73.350503
1.251 212.0868 -62.5412 -73.351159
0.3882 214.2228 -62.3899 -73.35168
-0.4598 216.2968 -62.9067 -73.352062
-1.2479 218.4121 -63.4146 -73.352298
-2.0973 220.5416 -63.7457 -73.352385
-3.4118 222.4275 -63.923 -73.352315
-5.2388 223.8332 -64.0726 -73.352084
-7.0057 225.2983 -64.337 -73.351686
-8.1122 227.0393 -64.9339 -73.351112
-8.3675 229.0243 -65.402 -73.35049
-8.7031 230.7886 -65.6689 -73.349885
-9.2813 232.5101 -65.8231 -73.349161
-9.2237 228.2929 -64.8468 -73.350647
-10.9382 228.5001 -64.259 -73.350325
-12.6565 228.7042 -63.682 -73.349861
-25.5183 124.0162 -29.3962 -73.216735
-26.4756 125.8583 -28.1987 -73.220548
-27.6755 127.8327 -27.6028 -73.224357
-27.9279 128.8492 -29.077 -73.228171
-28.5728 129.8586 -27.39 -73.231997
-29.4951 131.5172 -26.0388 -73.235793
-30.3172 133.5583 -25.0126 -73.239582
-30.9903 134.755 -23.0132 -73.243361
-31.8576 136.0757 -21.167 -73.247126
-32.9249 137.8539 -19.8699 -73.250872
-34.7749 138.8966 -19.3111 -73.254605
-36.3176 139.9122 -18.0849 -73.258314
-37.4604 141.3871 -16.8864 -73.261999
-38.6623 143.1941 -16.0632 -73.265665
-40.1691 144.5551 -14.9429 -73.269309
-41.2877 146.3296 -14.9203 -73.272928
-42.5778 148.1549 -14.027 -73.276514
-43.9866 149.9737 -13.1872 -73.280059
-45.0144 151.7833 -12.0503 -73.283571
-45.5532 153.8159 -10.8393 -73.287046
-46.3861 156.0367 -10.2537 -73.290478
-46.9837 158.3901 -9.9517 -73.29386
-47.8117 160.6751 -9.7756 -73.297198
-49.0447 162.6915 -9.706 -73.300482
-50.015 164.9082 -9.8518 -73.30371
-51.5234 166.8379 -9.9384 -73.306881
-52.9161 168.8061 -9.9279 -73.30999
-54.0733 170.9215 -9.7859 -73.313034
-55.7453 172.652 -9.5467 -73.316009
-57.6094 174.1497 -9.6472 -73.318912
-59.246 175.273 -8.9172 -73.321741
-60.6519 176.3429 -7.7572 -73.324488
-61.8971 178.3631 -7.4187 -73.32715
-62.7492 180.6081 -7.5045 -73.329726
-63.9736 182.7158 -7.7021 -73.332205
-65.2308 184.8141 -7.6187 -73.334584
-66.7492 186.7003 -7.6491 -73.336858
-68.417 188.4651 -7.7574 -73.339024
-69.4591 190.6092 -7.7695 -73.341074
-69.6776 192.1396 -9.5531 -73.343012
-70.6232 193.0213 -8.854 -73.344846
-70.9662 193.1386 -6.4297 -73.346546
-71.4596 193.5338 -4.0639 -73.348106
-72.1758 195.2071 -3.9513 -73.349508
-73.6159 196.7389 -5.1111 -73.350758
-74.8609 198.522 -6.148 -73.351851
-75.7426 199.5734 -7.6936 -73.352781
-75.3694 199.5725 -10.1146 -73.353552
-74.4019 199.6256 -11.6143 -73.354135
-73.8016 200.0979 -9.3728 -73.354531
-74.5843 201.3776 -7.8285 -73.354731
-75.66 202.8847 -6.3385 -73.354727
-76.7569 204.7933 -5.2692 -73.354511
-77.7876 206.5222 -4.0466 -73.354073
-78.7815 208.5213 -3.0989 -73.353406
-29.3228 87.5393 7.4141 -73.254069
-29.9005 87.4969 9.1019 -73.257343
-30.4781 87.4545 10.7898 -73.260543
-31.0558 87.4122 12.4776 -73.263668
-32.2782 87.1841 13.3671 -73.266735
-33.8866 86.6278 13.8875 -73.269806
-35.2533 87.1539 14.4242 -73.272875
-35.8481 87.8038 15.3321 -73.275937
-36.8463 86.9864 16.4788 -73.278997
-38.3951 86.3544 16.7879 -73.282044
-40.0436 86.842 16.4412 -73.285078
-41.676 86.6973 15.7688 -73.288101
-43.0795 86.67 14.6822 -73.291108
-44.7397 86.6061 14.8133 -73.294095
-46.2784 86.3685 14.6265 -73.297061
-47.931 85.969 14.7511 -73.300002
-49.3382 85.0184 15.2541 -73.302918
-51.0157 84.5548 15.4912 -73.305807
-52.76 84.3802 15.7377 -73.308657
-54.4766 84.1118 16.1326 -73.311469
-56.1575 83.722 16.5614 -73.314247
-57.6854 83.1665 17.2616 -73.316986
-59.449 83.0129 17.2864 -73.319673
-61.2047 83.1213 17.0316 -73.322306
-62.4985 83.4162 16.057 -73.324891
-64.2493 83.561 15.9695 -73.327418
-65.9938 83.4285 15.6473 -73.329886
-67.7202 83.5173 15.2308 -73.332288
-69.055 83.036 14.2322 -73.334621
-69.8653 82.2066 12.9383 -73.336882
-71.0115 81.258 11.9738 -73.339061
-72.4278 80.4398 11.5445 -73.34116
-73.698 79.222 11.6667 -73.343167
-74.8344 77.8746 11.8888 -73.345074
-76.1909 76.8138 12.1994 -73.346892
-77.7152 76.0674 12.6693 -73.348605
-79.2241 75.3783 13.2714 -73.350208
-80.5771 74.3384 13.7242 -73.351696
-81.948 73.2954 14.1285 -73.353063
-83.3128 72.1963 14.4348 -73.354302
-84.2563 70.7511 14.49 -73.355411
-85.9688 70.3467 14.3507 -73.356381
-87.6869 70.083 14.43 -73.357204
-89.1236 69.3762 14.9056 -73.357878
-90.0942 69.1674 16.3612 -73.358395
-91.4773 68.4273 17.0893 -73.358745
-93.1744 68.4543 17.5737 -73.358924
17.4714 115.5383 -32.7054 -73.213725
18.7181 116.515 -32.6736 -73.215546
19.4474 117.9165 -32.6863 -73.217327
20.2746 119.2604 -32.6312 -73.219074
21.0837 120.5882 -32.4636 -73.220778
21.7758 121.9988 -32.2416 -73.222438
22.3094 123.4582 -32.1155 -73.224053
23.1409 124.8071 -32.0128 -73.225615
23.9385 126.1782 -31.9172 -73.227129
25.0849 127.2066 -31.902 -73.228581
25.7601 127.3047 -33.2559 -73.229988
26.628 127.211 -34.5602 -73.231334
27.4583 127.1967 -35.7592 -73.232605
28.395 127.5305 -34.6253 -73.233803
29.5644 128.205 -33.8463 -73.234922
30.5696 128.6374 -32.8152 -73.235967
32.0051 129.043 -32.2921 -73.236925
33.4128 129.4399 -31.6761 -73.237794
34.7649 130.0848 -31.1622 -73.238569
36.07 130.7044 -30.5266 -73.239247
37.2954 130.2845 -29.7509 -73.239823
38.6668 129.8544 -29.4393 -73.240294
40.0959 129.824 -28.9371 -73.240654
41.6596 129.7812 -29.1527 -73.240899
43.163 129.7557 -29.5887 -73.241024
37.3605 97.6671 -24.1386 -73.207668
38.5247 98.3419 -23.3011 -73.209183
39.4075 98.7958 -22.0704 -73.210659
39.7833 99.3954 -20.6642 -73.212092
39.86 99.407 -19.0804 -73.213492
40.1939 99.8932 -18.7303 -73.214822
40.4963 100.318 -20.2174 -73.216108
41.4643 101.4944 -20.1061 -73.217324
42.3976 102.7119 -19.7798 -73.218477
43.1049 104.0833 -19.5568 -73.219565
44.0865 105.3182 -19.6544 -73.220581
44.7899 106.7249 -19.7113 -73.221524
45.9094 107.8469 -19.694 -73.222388
47.0015 108.9935 -19.6267 -73.223172
47.4874 110.1272 -19.5101 -73.22389
47.4694 110.2183 -21.0953 -73.224585
47.4514 110.3094 -22.6805 -73.225167
47.4334 110.4005 -24.2657 -73.225634
47.4153 110.4915 -25.8509 -73.225986
47.3973 110.5826 -27.4361 -73.226222
47.3793 110.6737 -29.0213 -73.226341
-43.1464 107.2097 -8.6051 -73.25831
-44.2349 108.3552 -9.2701 -73.261354
-45.5183 109.1815 -10.1573 -73.264403
-46.5455 110.332 -10.9218 -73.267454
-47.6198 111.4497 -11.7523 -73.270505
-48.7733 112.6103 -11.9929 -73.273556
-49.0763 114.3515 -11.8794 -73.276609
-49.3422 116.0762 -11.586 -73.279651
-49.7822 117.0822 -10.2937 -73.282696
-50.4256 118.2912 -9.1739 -73.285733
-50.9978 119.2379 -7.7863 -73.288763
-51.2625 120.0244 -6.2601 -73.29179
-51.6654 121.1492 -4.9912 -73.294793
-51.9476 122.7357 -4.2703 -73.297781
-52.5998 124.2212 -3.6393 -73.300748
-53.274 125.7541 -3.0637 -73.303688
-53.9887 127.1954 -2.3704 -73.306603
-53.963 128.1021 -0.9245 -73.309522
-54.6255 128.6873 -0.6995 -73.312419
-55.0557 128.8462 -2.4173 -73.315295
-55.7093 129.6088 -3.8029 -73.318106
-56.3904 130.5701 -3.4395 -73.320882
-57.2397 131.7558 -2.5815 -73.32362
-57.7383 132.4193 -1.0375 -73.326341
-58.1997 132.8604 0.5026 -73.329004
-59.135 134.2149 0.2827 -73.331608
-59.5411 135.9385 0.3726 -73.334154
-60.3211 137.5272 0.4547 -73.336641
-61.5615 138.7924 0.4272 -73.339064
-62.8427 140.0202 0.4049 -73.341426
-63.9756 141.337 0.4784 -73.343717
-65.5415 142.0698 0.6041 -73.345935
-66.8201 143.3029 0.6105 -73.348076
-67.9523 144.6731 0.6097 -73.350189
-69.0106 146.0943 0.6091 -73.352171
-69.7753 147.6531 0.6561 -73.354048
-69.9859 148.4831 2.1055 -73.355843
-70.4429 149.3779 3.3991 -73.357527
-71.6135 150.4383 2.691 -73.359099
-72.4835 151.5429 1.7355 -73.360557
-72.9227 152.8592 2.7049 -73.361899
-72.5877 154.4469 3.3601 -73.363115
-73.0119 156.1489 3.5593 -73.364202
-73.1545 157.8864 3.5882 -73.36515
-74.1953 159.319 3.6169 -73.365956
-74.932 160.9303 3.7174 -73.366613
-75.2192 162.6661 3.8423 -73.367114
-75.4158 163.3004 5.1393 -73.367461
-75.4017 163.5667 6.8972 -73.367639
-50.1374 90.531 -23.3634 -73.256529
-51.2673 90.8857 -22.5511 -73.259385
-52.7159 91.6607 -23.1098 -73.262231
-54.0702 92.6015 -23.357 -73.265075
-55.4386 93.0469 -22.4458 -73.267912
-56.998 93.6059 -21.9041 -73.270743
-58.5673 94.2413 -21.5078 -73.273562
-59.4515 94.8578 -20.2839 -73.27639
-60.3751 95.9904 -19.3491 -73.27918
-61.639 96.317 -18.2753 -73.281959
-62.5765 96.8459 -17.7339 -73.284718
-63.9654 97.6322 -17.7098 -73.287463
-65.6166 98.1559 -17.9424 -73.290182
-67.3141 98.5251 -18.0363 -73.292878
-68.9906 98.999 -17.9141 -73.295538
-70.4527 99.8368 -17.5623 -73.29817
-71.8636 100.5751 -16.8437 -73.300765
-73.2945 101.1084 -16.0241 -73.30332
-74.8032 101.5319 -15.3155 -73.305834
-76.2937 102.0431 -14.7677 -73.308304
-76.9439 103.3194 -13.9021 -73.310727
-77.7853 104.5384 -13.0235 -73.313098
-79.1174 105.4827 -13.5256 -73.315408
-80.5678 106.3785 -13.889 -73.317658
-81.9123 107.4474 -14.0602 -73.319836
-82.892 108.884 -14.1362 -73.321949
-83.7902 110.3676 -14.0768 -73.323992
-84.9748 111.6284 -13.8567 -73.325951
-86.2002 112.6963 -13.3076 -73.327836
-87.0479 113.9279 -12.479 -73.329633
-87.7411 115.4304 -11.9657 -73.331335
-88.823 116.6812 -11.5653 -73.332939
-89.4834 118.0465 -10.8065 -73.334443
-90.0558 119.4566 -9.9504 -73.335841
-90.8226 120.9302 -9.4429 -73.337123
-91.9586 122.2396 -9.3374 -73.338284
-92.8888 123.6775 -9.6286 -73.339321
-93.6083 125.2344 -9.9613 -73.340229
-94.4583 126.6908 -10.3334 -73.341
-95.6371 127.179 -11.2403 -73.341632
-96.5223 128.3643 -11.7434 -73.342115
-97.3565 129.8343 -11.9607 -73.342443
-98.0187 131.4271 -12.0082 -73.34261
-44.8397 82.3848 -0.1022 -73.279142
-45.6858 82.6745 1.4762 -73.282664
-47.0854 83.466 2.0376 -73.286184
-47.9154 84.1261 0.6038 -73.289733
-48.4536 84.4912 -1.1078 -73.293282
-49.4629 84.7481 -2.3216 -73.296839
-50.8487 85.4683 -2.9272 -73.300411
-51.3634 86.2483 -4.138 -73.304024
-51.1604 85.8865 -5.9031 -73.307638
-51.4147 86.3329 -4.63 -73.311272
-51.3753 86.9211 -3.2026 -73.314886
-51.6511 88.546 -2.6095 -73.318498
-52.0008 89.4665 -3.9264 -73.322143
-52.6137 90.8015 -4.1725 -73.325775
-53.4473 92.4123 -3.9386 -73.329413
-53.8653 94.1635 -3.6555 -73.333054
-53.9519 95.9277 -3.215 -73.336697
-54.3051 97.4953 -2.5507 -73.340343
-54.5625 98.6898 -1.1952 -73.343975
-54.547 99.8234 0.1762 -73.347612
-54.2907 100.3598 1.9096 -73.351251
-54.7709 101.2087 3.4194 -73.354855
-54.4328 101.9413 3.8933 -73.358434
-53.0212 101.1678 3.092 -73.361996
-52.5222 101.109 4.5528 -73.365564
-54.1846 101.7537 4.4499 -73.369092
-55.6576 102.8136 4.5394 -73.372592
-56.499 104.3974 4.7059 -73.376068
-56.8786 106.1716 4.8788 -73.379517
-56.4546 107.8733 4.5587 -73.38293
-55.6814 109.1098 4.4339 -73.386339
-55.7928 109.3656 6.2457 -73.389767
-56.2213 109.7146 7.7986 -73.393077
-55.5336 111.171 7.9788 -73.39634
-57.2605 111.7016 8.1166 -73.399546
-58.1121 113.2561 8.4551 -73.402706
-58.5985 114.919 9.0311 -73.405811
-59.6859 116.036 9.8099 -73.408843
-59.434 116.5435 10.5662 -73.411821
-59.3051 118.1105 11.4366 -73.414726
-59.9415 119.6907 12.0733 -73.417564
-60.8614 121.156 12.3489 -73.420317
-61.607 122.4945 11.39 -73.422995
-62.1797 124.0961 10.8491 -73.42558
-62.6253 125.8486 10.8404 -73.428068
-62.2188 127.4063 11.6395 -73.430458
-61.8461 129.0333 12.3882 -73.432742
-62.5327 130.6886 12.3999 -73.434915
-62.936 132.4579 12.2088 -73.436977
-63.3234 134.2117 11.8803 -73.438922
-63.6303 135.945 11.5157 -73.440739
-63.951 136.5199 9.8435 -73.442436
-64.1784 137.2406 8.1925 -73.443988
-64.0694 138.3872 6.7995 -73.445389
-64.3697 140.0086 6.0583 -73.446642
-64.8732 141.6033 5.322 -73.447733
-65.5178 142.5596 4.0703 -73.448664
-65.7682 143.1976 5.3492 -73.449425
-66.7186 144.3442 5.8832 -73.450005
-67.5125 145.9488 6.0337 -73.450399
-68.2142 147.6123 6.0332 -73.4506
-36.2134 93.2108 29.5751 -73.258443
-36.6635 94.7733 29.8902 -73.260609
-36.9263 96.2364 30.4302 -73.262749
-37.1622 97.773 30.8495 -73.264868
-37.5529 99.3568 31.1525 -73.266963
-37.9173 100.9487 31.3678 -73.269022
-38.3971 102.525 31.406 -73.271053
-38.3118 104.182 31.3802 -73.273044
-38.3833 105.841 31.3619 -73.274995
-38.5184 107.493 31.3513 -73.276906
-38.1793 109.1047 31.3065 -73.278773
-37.694 110.6348 31.1726 -73.280588
-37.4366 112.1749 31.1742 -73.282354
-36.4341 113.3684 31.2349 -73.28407
-35.2673 114.4885 31.1966 -73.285726
-35.1913 116.0244 31.322 -73.28732
-36.1323 117.264 31.8032 -73.288849
-36.1013 118.8174 31.8898 -73.29031
-35.2737 120.1279 31.585 -73.291697
-34.1912 121.3196 31.36 -73.293007
-33.7141 122.9011 31.2289 -73.294231
-33.0667 124.4147 31.1658 -73.295369
-32.8786 126.0601 31.1275 -73.296415
-32.0835 127.4884 31.1247 -73.297363
-31.8296 129.12 31.1246 -73.298211
-31.1422 130.5851 30.9859 -73.298953
-30.3228 131.8477 30.3079 -73.299585
-29.6856 132.4849 28.9766 -73.300102
-29.0719 133.0333 27.5676 -73.3005
-28.0844 133.7856 27.8775 -73.300769
-27.152 134.469 28.6173 -73.300907
68.8569 88.73 19.5506 -73.205114
69.4626 89.4871 18.5505 -73.207531
69.8694 90.2922 17.5312 -73.209923
70.1133 90.9732 19.0619 -73.212299
70.2522 92.4115 19.6157 -73.21464
70.8156 93.9888 19.8859 -73.216951
70.9233 95.5529 19.5992 -73.219237
71.3862 97.0655 19.4044 -73.221488
72.5006 98.2929 19.6588 -73.223697
72.7344 99.9408 19.94 -73.225873
72.932 101.5833 19.995 -73.228008
72.4313 103.198 19.9089 -73.230101
71.8799 104.7873 20.0008 -73.232139
71.5282 106.416 19.8144 -73.234132
71.2624 108.037 19.4849 -73.236067
70.3107 109.3594 19.2993 -73.237938
69.2896 110.7156 19.219 -73.239745
68.8552 112.3448 19.1576 -73.241483
68.8224 113.8606 18.9579 -73.243148
69.0085 114.8834 18.0264 -73.244743
68.8524 116.0924 16.8932 -73.246257
69.7271 117.2159 15.9694 -73.247688
70.0973 118.581 15.0882 -73.249025
70.8674 119.2691 13.939 -73.250275
70.3855 118.9765 13.515 -73.251419
69.9666 118.6726 13.3866 -73.252469
70.2125 118.847 11.7059 -73.253422
70.4357 118.9096 10.8982 -73.254243
70.1867 118.7318 12.5649 -73.254951
69.521 118.6003 13.8778 -73.255522
69.0153 119.2849 13.1332 -73.255957
69.8993 119.8704 11.9133 -73.256254
70.2963 119.9515 10.2866 -73.256406
95.5228 3.6634 18.9207 -73.150701
95.9521 3.5018 19.9853 -73.15081
96.3294 3.3373 21.069 -73.150866
-41.3421 222.5153 -25.6062 -73.334886
-42.702 224.1478 -25.2091 -73.333535
-44.2458 225.1088 -24.0553 -73.332176
-45.8189 226.0665 -23.0056 -73.330811
-47.3319 227.1224 -21.9872 -73.329439
-48.8138 228.7344 -21.8003 -73.32806
-50.1281 230.4969 -21.9165 -73.326675
-51.8278 231.7383 -22.0527 -73.325282
-52.8158 233.6774 -22.1145 -73.323882
-53.0724 235.6787 -22.1684 -73.322778
-53.6815 237.6012 -22.215 -73.321976
-54.8336 239.2327 -22.1693 -73.321175
-55.9455 240.9107 -22.1307 -73.320374
-56.8959 242.6769 -22.2538 -73.319574
-57.6448 244.0732 -23.1351 -73.318774
-57.9004 245.3567 -24.6431 -73.317974
-58.5973 247.0318 -25.4177 -73.317177
-59.3933 248.8468 -25.6686 -73.31638
-60.5485 250.492 -25.7129 -73.315584
-62.0102 251.8694 -25.795 -73.314789
-63.5819 251.7041 -25.7766 -73.313995
-65.1861 252.5294 -25.4878 -73.313201
-66.5361 253.7075 -24.6451 -73.312408
-67.4482 255.4346 -24.2826 -73.311615
-68.0616 257.3349 -24.0645 -73.310824
-69.279 258.781 -24.0213 -73.310035
-70.6709 260.1778 -24.061 -73.309246
-71.4436 262.0159 -24.0595 -73.308458
-72.8554 263.4363 -23.888 -73.307673
-74.3055 264.6952 -23.3614 -73.306889
-75.6104 266.0079 -22.6232 -73.306106
-76.4194 267.7709 -22.2236 -73.305324
-77.0046 269.6763 -21.989 -73.304543
-77.6943 271.5617 -21.8675 -73.303765
-78.0414 273.5421 -21.7862 -73.302989
-78.9873 275.301 -21.7403 -73.302214
-80.3424 276.7952 -21.6879 -73.301442
-81.6546 278.3163 -21.6068 -73.300672
-83.1583 279.5974 -21.7854 -73.299905
-84.8953 280.6045 -21.8472 -73.299139
-86.7025 281.4584 -21.6828 -73.298375
-87.8751 282.8646 -21.0904 -73.297614
-89.4892 283.7967 -20.5891 -73.296854
-91.1007 284.9601 -20.5677 -73.296098
-92.4107 286.2858 -21.1453 -73.295344
-94.0557 286.9976 -21.9919 -73.294592
-95.7101 288.0996 -22.2545 -73.293844
-97.3406 289.2852 -22.2657 -73.293098
-98.976 289.9877 -22.9029 -73.292355
-100.2796 290.7986 -23.6291 -73.291615
-101.4799 291.8038 -22.4899 -73.290877
-103.036 292.9887 -22.0284 -73.290143
-104.6892 294.1312 -21.8834 -73.289413
-106.3559 295.2232 -22.151 -73.288685
-107.8941 296.3493 -22.6692 -73.287962
-109.1385 297.4951 -23.597 -73.287242
-110.8652 298.494 -23.4597 -73.286527
-112.4721 299.5248 -23.016 -73.285814
-113.8772 300.6139 -22.2042 -73.285106
-115.339 301.8994 -21.8314 -73.284402
-116.6463 303.427 -21.784 -73.283703
-117.9037 305.0024 -21.8441 -73.283008
-119.0254 306.6607 -22.003 -73.282316
-119.7365 308.5266 -22.2827 -73.28163
-120.0458 309.7921 -21.1758 -73.280944
-120.3335 310.3959 -19.2752 -73.280266
-120.8092 311.2425 -17.5331 -73.279593
-121.3861 312.9361 -16.6595 -73.278926
-122.3666 314.5966 -16.303 -73.278267
-123.445 316.2788 -16.4754 -73.277612
-124.5125 317.8962 -16.7048 -73.276963
-124.8879 318.6378 -14.9021 -73.276316
-124.9811 319.1413 -12.9496 -73.275675
-125.2786 319.7061 -11.0358 -73.27504
-125.7833 320.5605 -9.2875 -73.274415
-126.7853 321.2272 -7.7186 -73.273797
-128.1198 321.7372 -6.5853 -73.273185
-129.5338 322.6762 -5.6435 -73.272581
-130.8033 322.8583 -4.1103 -73.271983
-132.3486 322.5617 -2.9424 -73.271393
-133.5223 321.7567 -2.2514 -73.27081
-134.4075 321.0203 -3.7194 -73.270236
-136.141 320.0633 -3.704 -73.269669
-137.9234 319.2453 -3.5128 -73.269111
-139.8153 319.4438 -3.03 -73.268555
-141.7336 319.7231 -2.5415 -73.268013
-143.2992 318.8382 -1.8198 -73.267482
-143.6324 318.198 -3.1912 -73.266957
-144.6494 318.183 -2.5451 -73.266441
-145.6029 318.7473 -1.0864 -73.265936
-147.1116 319.1677 -0.0827 -73.265441
-149.0143 318.6505 0.3041 -73.264956
-150.835 317.9416 0.6531 -73.264482
-152.6003 318.3043 1.3039 -73.264019
-154.255 319.2248 1.8195 -73.263567
-156.1347 319.0641 1.3765 -73.263127
-157.9479 318.8394 0.6505 -73.262699
-159.8193 318.2421 0.4855 -73.262282
-161.6982 318.4908 0.8126 -73.261877
-163.3502 318.4678 1.946 -73.261485
-164.7917 318.8721 3.1901 -73.261106
-166.0348 318.4651 4.5448 -73.26074
-167.2051 317.7036 5.9108 -73.260388
-168.6856 318.3603 6.972 -73.26005
-170.5746 318.3686 7.6324 -73.259727
-172.4422 318.8037 8.0573 -73.259418
-173.7745 319.4811 7.41 -73.259124
-175.2708 319.8181 6.8918 -73.258845
-176.3866 321.0401 7.8064 -73.258582
-178.1084 321.388 8.4289 -73.258335
-179.8667 322.3331 8.1901 -73.258105
-181.7338 322.9719 7.9865 -73.257892
-183.2047 324.2061 7.6173 -73.257696
-184.6529 324.5109 6.7583 -73.257518
-186.4765 324.882 7.4149 -73.257358
-188.3601 325.5005 7.7542 -73.257217
-190.207 326.2741 7.8586 -73.257094
-191.8555 326.4884 7.2737 -73.256991
-192.3011 326.2807 5.3327 -73.256906
-192.4569 326.3027 3.3202 -73.25684
-192.6127 326.3246 1.3078 -73.256796
-192.7684 326.3466 -0.7047 -73.256774
-53.5618 234.7518 -22.4056 -73.322811
-55.3696 234.7358 -22.9279 -73.322084
-57.1775 234.7198 -23.4502 -73.32137
-58.9758 234.7413 -23.9753 -73.320669
-60.5834 235.6616 -24.1049 -73.319974
-62.2107 236.6032 -24.0421 -73.31928
-63.9306 237.3539 -24.0447 -73.318589
-65.5569 238.2591 -24.1396 -73.317899
-67.3063 238.9314 -24.1596 -73.317213
-68.8366 239.9978 -24.0522 -73.316528
-70.5332 240.314 -23.7713 -73.315847
-72.1779 239.7124 -23.3677 -73.315167
-73.9055 239.067 -23.0743 -73.314491
-75.764 238.9129 -23.0612 -73.313818
-77.5069 238.4311 -23.4834 -73.313147
-79.2728 238.5078 -23.5052 -73.31248
-81.0101 239.1307 -23.2489 -73.311815
-82.8258 239.4159 -22.9537 -73.311155
-84.5254 239.9346 -22.4418 -73.310498
-86.2406 240.0396 -21.7161 -73.309844
-87.8568 239.8217 -20.9364 -73.309194
-89.3552 239.6723 -19.8507 -73.308547
-90.7771 239.8281 -18.7653 -73.307905
-92.3262 239.5258 -18.0598 -73.307267
-94.0855 240.1028 -17.7873 -73.306634
-95.877 240.5966 -17.5579 -73.306005
-97.6988 241.0591 -17.507 -73.30538
-99.53 241.4724 -17.4393 -73.304761
-101.2527 242.1681 -17.1773 -73.304146
-102.8299 242.815 -16.4434 -73.303537
-104.4569 243.5931 -15.9937 -73.302934
-106.2956 243.7075 -16.104 -73.302335
-107.1732 243.8399 -14.6775 -73.301738
-108.3872 244.3725 -13.7017 -73.30115
-109.3454 245.4642 -12.5807 -73.300568
-110.5466 246.5332 -11.6213 -73.299992
-112.0874 247.1 -10.9503 -73.299422
-112.6927 248.1713 -9.7197 -73.298857
-113.85 248.7857 -8.6033 -73.298299
-114.9422 250.1535 -8.2414 -73.297749
-115.3929 251.8689 -7.6387 -73.297205
-116.4822 252.9605 -6.8157 -73.29667
-117.371 253.2374 -5.1806 -73.296141
-118.358 253.8356 -3.7152 -73.29562
-119.4595 254.4678 -2.3971 -73.295109
-120.9563 255.2641 -1.6822 -73.294605
-122.5163 255.9458 -1.0086 -73.29411
-123.9831 256.9071 -0.452 -73.293623
-124.7954 257.8348 0.9161 -73.293146
-125.65 259.0549 2.0473 -73.292677
-126.8265 260.4562 2.1583 -73.292218
-128.2898 261.2032 2.616 -73.291768
-129.0334 261.3894 4.2611 -73.291326
-129.2473 261.2649 6.1105 -73.29088
-129.4022 261.1437 7.9821 -73.290452
-129.5576 261.0229 9.8536 -73.290041
-129.7512 260.9235 11.7229 -73.289631
-129.9463 260.825 13.592 -73.289237
-130.1515 260.7135 15.4586 -73.288861
-130.5488 260.346 17.2477 -73.288497
-131.604 259.0778 18.099 -73.288148
-132.4067 258.2916 19.5872 -73.287811
-133.3932 257.3081 20.8241 -73.287487
-133.8044 256.3522 22.376 -73.287177
-134.6418 255.2368 23.5911 -73.286881
-135.4197 253.8392 24.4892 -73.286599
-135.7 253.4829 26.3153 -73.28633
-136.3101 252.641 27.7577 -73.286077
-136.3201 251.3179 26.4825 -73.285839
-136.8701 249.6435 26.0944 -73.285617
-137.7175 248.1362 25.6627 -73.285411
-137.6045 246.4619 25.1316 -73.285222
-137.2893 245.0053 24.2243 -73.28505
-136.6215 243.4615 23.4192 -73.284896
-135.6446 241.9497 22.8735 -73.284757
-135.3758 240.4199 22.4018 -73.284638
-136.1869 239.3032 23.0344 -73.284538
-136.341 238.0644 24.2021 -73.284457
-136.433 236.6369 25.3143 -73.284395
-136.6008 234.8539 25.6617 -73.284354
-137.1474 233.4458 25.0869 -73.284333
-10.2537 234.1313 -65.7936 -73.348264
-11.9535 235.2244 -65.4206 -73.347312
-13.2513 236.4124 -64.5554 -73.346361
-13.9825 238.2182 -64.0036 -73.345407
-13.9675 239.4333 -65.1657 -73.34445
-14.1745 240.8047 -66.5759 -73.343495
-14.74 242.3781 -67.763 -73.342539
-15.0167 243.3075 -69.5586 -73.34158
-14.9973 244.3966 -71.2899 -73.340622
-15.4806 245.6013 -72.6631 -73.339664
-16.6681 247.206 -72.2066 -73.338706
-17.3029 249.0449 -71.7718 -73.337747
-18.6676 250.382 -71.3338 -73.336788
-19.6799 251.0982 -72.0439 -73.335828
-20.4939 252.2385 -73.4165 -73.334867
-21.5912 252.7618 -72.8895 -73.333998
-21.9596 252.8176 -71.2713 -73.333229
-22.6797 254.2973 -71.5196 -73.332462
-23.6039 255.7577 -72.0067 -73.331697
-24.5721 257.236 -72.2298 -73.330932
-26.0105 258.3101 -72.2446 -73.330169
-27.3761 259.4599 -72.2196 -73.329406
-28.9516 260.3257 -72.2375 -73.328636
-30.5102 261.2195 -72.2945 -73.327877
-31.595 262.5637 -72.7018 -73.32712
-32.6547 263.9941 -72.7006 -73.326364
-33.5598 265.5319 -72.4801 -73.32561
-34.5952 266.9872 -72.4053 -73.324858
-35.2782 268.5959 -72.3691 -73.324107
-36.5462 269.7783 -72.1737 -73.323359
-37.8737 270.872 -71.8225 -73.322613
-38.8876 272.2418 -71.3145 -73.321869
-39.6217 273.7558 -70.7585 -73.321127
-40.6535 274.9959 -70.0158 -73.320388
-42.0534 275.9829 -69.5331 -73.31965
-43.5846 276.8719 -69.3005 -73.318916
-45.0655 277.8565 -69.4958 -73.318184
-45.946 279.1186 -68.7677 -73.317455
-45.8345 280.5644 -67.9551 -73.316728
-46.196 282.2235 -68.3906 -73.316005
-46.2456 283.784 -69.1293 -73.315284
-45.9356 284.9029 -69.4775 -73.314566
-46.3572 283.3243 -69.8414 -73.313848
-47.6385 284.0096 -69.6263 -73.313131
-47.8598 285.27 -68.7781 -73.31242
-47.9763 286.6481 -67.6615 -73.311712
-48.0018 287.8134 -66.394 -73.311007
-49.296 287.3623 -65.4888 -73.310305
-50.1432 286.6731 -64.1653 -73.309608
-50.2434 286.1704 -62.4405 -73.308913
-51.2742 284.9264 -61.8207 -73.308225
-52.8421 284.4426 -61.0987 -73.30754
-53.9107 283.6653 -60.0279 -73.306861
-54.752 283.3629 -58.5184 -73.306184
-55.6511 282.4981 -57.2933 -73.305514
-56.6242 281.93 -56.0196 -73.30485
-57.9991 281.9695 -54.8908 -73.304191
-59.0837 282.3361 -53.8941 -73.303537
-60.0943 282.1643 -52.7677 -73.302888
-61.4419 281.5155 -51.8651 -73.302246
-62.8626 280.827 -51.0501 -73.301609
-64.2795 280.6349 -50.0042 -73.300979
-65.804 280.5238 -49.0693 -73.300356
-66.7885 280.054 -47.7484 -73.299738
-67.9789 279.2336 -46.7905 -73.299127
-68.6552 278.446 -45.3481 -73.298522
-69.0138 277.9753 -43.6489 -73.297924
-69.4167 276.9949 -42.4398 -73.297335
-69.8247 275.5947 -42.5008 -73.296752
-70.268 276.0815 -42.6582 -73.296178
-70.9242 276.409 -41.0457 -73.295607
-71.4032 276.5871 -39.3203 -73.295047
-72.2724 276.7647 -38.0281 -73.294497
-73.2041 276.1685 -36.6914 -73.293956
-74.2918 275.5936 -35.4399 -73.293424
-75.425 274.8456 -34.2803 -73.292901
-76.9255 274.2886 -33.5609 -73.292388
-77.3251 274.3933 -31.9623 -73.291885
-77.3839 274.0953 -31.6173 -73.291386
-77.9259 274.1693 -30.1943 -73.290899
-79.5493 274.0847 -29.6223 -73.290424
-80.9279 274.149 -28.5263 -73.28996
-82.1503 274.2888 -27.2947 -73.289507
-83.1333 274.5631 -25.8399 -73.289065
-83.3586 274.0993 -24.1212 -73.288634
-83.4086 273.3363 -22.4949 -73.288216
-83.5601 272.816 -20.7795 -73.287809
-83.7705 272.4678 -19.0265 -73.287414
-84.0593 272.0789 -17.2937 -73.287034
-84.2893 271.7437 -15.5414 -73.286666
-84.9661 271.1706 -14.2656 -73.286314
-86.4465 270.5588 -13.5443 -73.285976
-87.5224 269.4821 -12.7644 -73.285653
-88.5863 270.2836 -13.3628 -73.285345
-89.344 271.7765 -13.8414 -73.285051
-90.7295 272.8654 -14.017 -73.284769
-92.0012 274.1345 -14.1202 -73.284504
-93.0728 275.5655 -14.188 -73.284258
-94.4803 276.5793 -14.1262 -73.284028
-96.2029 276.3016 -13.7358 -73.283816
-97.8612 276.4416 -13.1634 -73.283621
-99.2225 277.2086 -12.3487 -73.283444
-100.7724 276.7787 -11.5881 -73.283284
-102.4856 276.8416 -11.2384 -73.283143
-104.2435 277.0799 -11.3594 -73.283022
-105.8758 277.7134 -11.5089 -73.282919
-106.978 278.2571 -10.6069 -73.282836
-108.7214 278.4008 -10.5748 -73.282773
-110.1714 278.7473 -11.3411 -73.282731
-111.6618 279.6815 -11.4564 -73.28271
-21.5015 253.5088 -73.309 -73.334303
-22.5942 254.3623 -72.684 -73.334151
-23.4363 255.5756 -72.2611 -73.334011
-23.7952 256.2196 -73.6016 -73.333885
-24.1958 256.9175 -74.8973 -73.333774
-24.5102 257.2028 -76.431 -73.333677
-25.2575 257.9568 -77.5755 -73.333595
-25.9832 258.9049 -78.6121 -73.33353
-26.7351 259.8964 -79.3372 -73.33348
-27.7754 261.0706 -79.3699 -73.333446
-28.1276 262.1418 -78.3341 -73.333429
-14.415 228.9869 -63.4499 -73.349254
-16.1331 229.4489 -63.5343 -73.348658
-17.7421 230.1331 -63.7219 -73.348066
-19.4067 230.7023 -63.8399 -73.34748
-20.8995 231.6241 -63.8754 -73.346899
-22.4197 232.5434 -63.927 -73.346322
-23.9779 232.9794 -64.5409 -73.345751
-25.5926 233.2447 -65.0739 -73.345184
-27.3372 233.3731 -65.393 -73.344624
-29.108 233.4677 -65.4659 -73.344069
-30.8642 233.5427 -65.402 -73.34352
-32.3482 234.4256 -65.4518 -73.342978
-33.9347 234.8444 -64.9779 -73.342442
-35.6107 235.0483 -64.5372 -73.341913
-37.2988 235.2219 -64.5195 -73.34139
-38.3854 235.5894 -65.5655 -73.340874
-39.1438 235.7555 -64.0699 -73.340364
-40.4342 236.3585 -64.9633 -73.339863
-41.6538 237.408 -65.4996 -73.33937
-43.3197 237.9738 -65.7908 -73.338885
-45.0712 238.2644 -65.9288 -73.338409
-46.7994 238.6788 -65.9135 -73.337943
-48.5481 238.9796 -65.7557 -73.337484
-50.2593 239.3638 -65.4708 -73.337036
-51.9541 239.818 -65.3779 -73.336597
-53.6581 240.3081 -65.5616 -73.336169
-55.3649 240.7618 -65.7517 -73.33575
-56.9242 241.5359 -65.9538 -73.335342
-58.6438 241.8319 -66.2728 -73.334945
-59.9936 242.7156 -66.7405 -73.334559
-60.984 243.7818 -67.5294 -73.334184
-62.0855 245.146 -67.6347 -73.333822
-62.592 246.8516 -67.5474 -73.333472
-63.6958 248.1812 -67.3534 -73.333134
-65.3602 248.1365 -67.1819 -73.332809
-66.6185 247.2528 -66.7907 -73.332497
-68.2827 246.701 -66.9975 -73.332197
-69.0056 246.5375 -67.1182 -73.331912
-69.4149 247.1923 -66.2178 -73.331641
-70.5685 248.2104 -65.6787 -73.331385
-72.1021 248.9573 -65.1628 -73.331145
-73.5226 249.8734 -64.6789 -73.330919
-74.9049 250.917 -64.2744 -73.330711
-76.1941 252.0464 -63.8017 -73.330519
-77.6751 252.694 -63.2164 -73.330344
-78.9054 253.7897 -63.1101 -73.330186
-80.0531 255.1107 -63.1909 -73.330047
-81.4092 256.2087 -63.4316 -73.329926
-83.1166 256.5971 -63.7243 -73.329824
-84.8053 256.9649 -63.8465 -73.329742
-86.3232 257.8036 -63.7447 -73.329679
-88.0463 257.7843 -63.4146 -73.329637
-89.5568 258.6367 -63.0658 -73.329616
-79.8558 209.6969 -1.6956 -73.352606
-80.9345 210.9313 -0.8747 -73.351919
-81.8718 212.3265 -0.0936 -73.351234
-83.0145 213.649 0.4105 -73.350553
-83.35 215.4299 0.5242 -73.349874
-84.7236 216.0877 0.5245 -73.349198
-85.8365 216.8501 1.5461 -73.348524
-86.4751 218.3432 2.3648 -73.347855
-87.6889 219.3419 3.0091 -73.347189
-89.3832 219.625 3.5112 -73.346529
-90.5679 220.9942 3.9392 -73.345872
-91.9993 222.1339 4.2769 -73.345221
-93.1066 223.0567 5.3451 -73.344572
-94.2451 224.3484 6.04 -73.343928
-95.1955 225.7846 6.6504 -73.343289
-96.1469 227.1811 6.1703 -73.342655
-97.5307 228.1499 5.5656 -73.342026
-97.6555 229.6726 4.5217 -73.341401
-98.2632 230.7709 4.9578 -73.34078
-99.4213 231.1534 5.7424 -73.340166
-100.7458 231.4122 4.7237 -73.339557
-101.8502 232.6408 4.2535 -73.338955
-103.1436 233.9354 4.0273 -73.338359
-104.4921 234.4164 4.8558 -73.337769
-105.6117 233.6885 5.7966 -73.337183
-106.7274 232.3194 6.4016 -73.336597
-107.441 230.7522 6.8747 -73.336027
-107.4488 229.0255 7.5014 -73.335465
-107.9411 227.3511 8.131 -73.334911
-107.0902 226.8712 8.9862 -73.334365
-106.1496 226.513 10.1833 -73.333821
-105.9516 226.2598 12.0223 -73.333284
-105.4787 225.2922 12.0054 -73.33276
-105.2249 224.5846 10.2988 -73.332244
-104.7784 223.6625 9.5999 -73.331739
-104.7066 222.6921 11.0296 -73.331242
-105.026 220.965 11.6033 -73.330757
-104.6066 219.9029 12.8153 -73.33028
-103.3942 219.8352 14.0764 -73.329814
-104.3073 219.9043 13.553 -73.329359
-105.885 218.9419 13.3792 -73.328914
-107.2676 218.4747 12.6842 -73.32848
-108.1193 218.5469 11.0406 -73.328057
-108.3962 219.4541 11.7193 -73.327645
-109.0143 219.6825 13.4653 -73.327245
-109.7221 219.9831 15.1561 -73.326858
-110.6667 219.9703 16.4989 -73.326486
-112.0003 218.9022 16.8845 -73.326127
-113.4433 217.9794 16.4775 -73.325781
-114.7081 217.1333 15.6968 -73.32545
-115.2947 216.7255 13.9743 -73.325133
-115.5962 216.7912 12.1637 -73.324827
-115.7677 217.1126 10.3327 -73.324538
-115.4309 217.0746 11.1227 -73.324267
-116.1181 217.6962 12.116 -73.324004
-117.3855 218.3763 13.3061 -73.323761
-118.8798 218.8959 14.099 -73.32354
-120.5533 219.5755 14.5055 -73.323336
-122.3465 220.0233 14.7431 -73.32315
-124.1585 220.1151 14.949 -73.322983
-125.565 221.2324 14.8597 -73.322835
-126.6064 222.7478 14.7267 -73.322707
-127.1945 224.5052 14.537 -73.322599
-127.9351 226.1832 14.2547 -73.322511
-129.0224 227.5634 14.5865 -73.322445
-130.1181 229.0198 14.5982 -73.3224
-131.2201 230.4645 14.2522 -73.322377
47.5528 -96.076 13.5667 -72.129261
47.0015 -95.2803 13.5986 -72.129348
46.7344 -94.3274 13.6342 -72.129392
27.7081 -94.2683 18.8592 -72.10563
26.226 -93.6204 19.8024 -72.106181
24.7439 -92.9726 20.7456 -72.106596
23.2618 -92.3248 21.6888 -72.106874
23.8038 -92.3745 21.7835 -72.107014
54.7481 -88.0637 17.871 -72.152222
97.3169 -66.6493 31.3652 -72.207869
99.3506 -67.4491 30.897 -72.209347
101.3843 -68.2489 30.4289 -72.210583
103.4181 -69.0488 29.9607 -72.211577
105.4518 -69.8486 29.4925 -72.212325
104.935 -70.7499 28.9784 -72.212826
104.6139 -70.6388 26.7694 -72.213077
96.937 -66.473 30.8282 -72.207101
44.0154 -65.7095 15.6069 -72.215217
44.0102 -66.3692 14.8486 -72.215284
44.1586 -67.2141 14.3402 -72.215318
-4.665 -9.0685 -0.0051 -73.003444
-3.3078 -10.3003 -0.0154 -72.972946
-1.9532 -11.5348 -0.0257 -72.942475
-0.7426 -12.7803 -0.0459 -72.891838
0.4334 -13.9291 -0.0935 -72.821505
1.4466 -15.2471 -0.185 -72.751677
3.5554 -27.7322 1.4257 -72.649002
8.6107 -41.3653 6.7974 -72.554585
22.8794 -62.2772 10.5055 -72.345308
26.4745 -64.8588 13.9793 -72.314448
29.0535 -67.1183 14.3116 -72.29437
42.1418 -73.5431 16.2509 -72.222266
47.2069 -85.1931 18.1557 -72.163502
44.6639 -89.9679 15.7857 -72.141507
47.7449 -96.3203 13.6398 -72.130165
78.4149 -177.3628 14.5582 -72.026396
95.2227 -265.7699 17.0719 -71.94558
48.1056 -320.1106 18.1187 -71.885269
-10.9476 -383.6056 22.9817 -71.843773
-40.36 -432.7473 17.7175 -71.819776
28.7834 -94.5812 17.274 -72.107924
14.3097 -106.6143 20.8227 -72.082915
2.7577 -126.0427 26.0848 -72.064574
-45.0792 -189.1405 27.4734 -72.031067
30.9775 -170.2053 31.4202 -72.056214
28.3969 -94.5693 18.0599 -72.105773
-40.2348 -104.2908 -5.8163 -72.050455
-111.9958 -139.102 2.509 -72.018813
54.6562 -87.9717 17.7384 -72.152992
111.8824 -135.9529 29.1893 -72.074943
164.8572 -185.7356 20.1853 -72.02153
213.7243 -226.7876 32.011 -71.991141
43.9697 -65.4565 15.7766 -72.215455
45.5333 -62.1584 17.8534 -72.213447
96.2419 -66.2233 31.6259 -72.206989
2.1326 -22.0656 -2.5814 -72.684801
6.2653 -35.3706 6.4938 -72.601444
8.3143 -40.7868 6.7183 -72.516472
15.4942 -50.7521 4.9673 -72.44891
19.5156 -57.7327 7.1557 -72.382124
24.2121 -63.3654 12.9105 -72.329846
27.7984 -65.9637 14.1964 -72.304347
35.2991 -71.3414 15.5234 -72.258177
45.9552 -78.4006 18.2802 -72.192346
45.9541 -87.9136 17.638 -72.152318
46.0845 -93.1486 14.7482 -72.135084
52.1518 -103.9606 11.3242 -72.117879
58.8833 -119.603 12.0998 -72.096168
62.6461 -133.0235 18.7767 -72.075357
68.7987 -150.479 18.27 -72.055419
75.478 -168.4071 16.0379 -72.036333
80.7201 -186.7623 13.7215 -72.016693
86.0397 -202.1519 18.4658 -71.999664
88.9594 -219.8372 14.0604 -71.983419
92.3483 -238.1707 14.3683 -71.967938
94.4112 -256.1543 16.5595 -71.953203
95.282 -267.4858 16.3224 -71.938188
95.3059 -280.3632 10.9397 -71.925313
82.392 -291.8157 13.1552 -71.913134
66.6134 -301.8126 13.5179 -71.901637
55.8832 -314.8401 17.1156 -71.890807
42.621 -325.3136 19.0805 -71.879978
32.9705 -340.7608 23.6528 -71.870894
23.9361 -354.8041 21.203 -71.862439
9.6225 -366.7531 22.7517 -71.854604
-4.6074 -378.3071 21.4152 -71.847378
-16.9731 -389.755 18.9726 -71.840409
-27.5688 -401.1213 14.9527 -71.834819
-39.573 -411.7299 14.9204 -71.829817
-40.6381 -420.4638 25.2112 -71.825398
-40.4069 -426.6412 14.8914 -71.821556
-41.6738 -434.0686 12.5022 -71.818253
-35.1298 -447.795 10.0223 -71.816016
-30.511 -455.7937 6.7671 -71.81434
-26.4654 -460.7911 2.4423 -71.813224
-24.2919 -464.5784 0.2402 -71.812666
37.1249 -94.0849 14.9718 -72.12401
20.7736 -99.7756 22.2184 -72.094844
11.0172 -108.5614 18.7473 -72.079052
5.909 -113.1292 24.1737 -72.073227
4.7649 -121.3499 27.2758 -72.067649
-3.9067 -133.7894 26.1237 -72.059823
-16.2236 -149.0836 26.7198 -72.051971
-17.7909 -159.6216 22.5822 -72.044973
-30.8645 -168.2845 21.4997 -72.03882
-40.3768 -181.2163 24.3391 -72.033505
-50.8898 -195.8899 27.7601 -72.028881
-59.8432 -207.2909 27.0024 -72.025673
-63.453 -209.2381 15.4152 -72.023269
-64.2909 -212.4765 11.1044 -72.021668
-69.7086 -217.4653 14.9612 -72.020868
-1.3141 -131.2728 34.9295 -72.063667
15.7442 -115.5027 24.1983 -72.078419
21.9499 -133.9863 25.1312 -72.071962
26.8898 -147.4387 25.6301 -72.066381
28.6429 -155.1273 32.7495 -72.061668
28.6017 -167.7997 33.6747 -72.057818
33.7647 -170.9041 21.6446 -72.054751
35.3986 -176.6564 11.4651 -72.052927
39.8278 -180.409 -7.3747 -72.052016
28.4843 -94.572 17.6083 -72.106403
24.075 -93.3058 9.4058 -72.098731
15.5128 -90.8025 -8.4542 -72.086523
-0.0475 -89.6597 -13.0268 -72.075207
-13.9393 -94.7328 -4.0497 -72.06477
-31.0534 -101.5497 -4.3571 -72.055198
-48.3446 -108.1087 -4.4853 -72.045936
-60.3769 -111.0796 -1.1234 -72.038473
-77.9711 -113.5102 3.296 -72.031847
-92.0999 -121.9743 4.6219 -72.026051
-105.6825 -132.44 0.8972 -72.021076
-119.8735 -141.3568 5.959 -72.016924
-132.8113 -151.1601 6.979 -72.014165
-147.2952 -155.5423 4.0924 -72.012098
-153.368 -158.2725 7.6335 -72.010721
-168.793 -159.6906 7.6228 -72.010033
50.8433 -86.5895 17.9535 -72.157216
61.2357 -92.3404 14.5899 -72.143375
72.1897 -102.125 21.0158 -72.126649
85.4059 -115.7278 22.6939 -72.110865
96.1046 -123.0147 27.5352 -72.096005
106.3877 -128.7142 28.8233 -72.082051
119.3522 -141.0891 32.8119 -72.068071
133.3865 -151.0456 27.4274 -72.056308
140.4642 -156.8554 25.7903 -72.045402
152.3124 -169.1266 29.8767 -72.035339
161.5491 -182.1636 26.4505 -72.026107
167.3763 -187.9265 20.8501 -72.017197
178.0174 -198.4202 27.7655 -72.010036
190.5879 -201.853 17.5881 -72.003672
198.4764 -209.0366 23.2285 -71.998096
206.4978 -222.3967 29.9785 -71.993304
216.4485 -231.2363 29.6641 -71.989271
219.3592 -241.6667 28.5636 -71.986505
217.6919 -257.4839 32.1794 -71.984432
212.7961 -271.781 39.8533 -71.983051
208.8344 -287.7139 39.3838 -71.982361
43.1478 -69.6198 16.0595 -72.217157
45.0982 -63.5211 16.1223 -72.214397
50.7937 -61.6079 11.0465 -72.211644
63.7547 -58.5312 9.7712 -72.209214
75.049 -60.4617 16.3877 -72.207568
83.0968 -60.7333 25.9161 -72.206704
91.3447 -63.64 26.8113 -72.206622
106.4082 -69.1292 24.6495 -72.20456
123.1559 -72.5629 28.9251 -72.201299
143.1961 -75.9244 28.8652 -72.199669
46.1286 -55.224 14.5026 -72.21189
37.6417 -45.2763 18.4222 -72.210076
22.8448 -43.0894 21.8828 -72.209169
