-0.8015 -1.2678 -0 -74.111713
-3.2062 -5.0715 -0 -74.111836
-5.0765 -8.0299 -0 -74.111923
-6.4123 -10.1429 0.0262 -74.111931
-8.0143 -12.677 0.1283 -74.111927
-8.8146 -13.9429 0.1666 -74.111925
-8.2187 -14.5214 0.2948 -74.111923
-8.7411 -16.3672 0.5247 -74.11192
-10.0309 -17.8905 1.1419 -74.111918
-11.386 -19.3222 1.89 -74.111922
-12.7254 -20.8552 2.392 -74.111934
-14.0432 -22.4116 2.6217 -74.11195
-14.6972 -24.3185 2.0715 -74.111972
-15.5306 -26.234 2.0482 -74.111997
-16.1094 -27.8038 2.3068 -74.112023
-14.7796 -28.9827 3.1257 -74.11205
-13.6062 -30.5844 3.6202 -74.112078
-12.2537 -32.1091 3.9089 -74.112108
-11.1222 -33.7683 4.2796 -74.112139
-10.1932 -35.2295 5.196 -74.112173
-9.3619 -36.7283 6.3117 -74.112209
-8.5851 -38.2492 7.4144 -74.112246
-7.5935 -39.8435 8.2499 -74.112285
-6.8916 -41.4349 9.2193 -74.112326
-6.2727 -43.3267 9.6108 -74.112369
-5.7427 -44.6215 10.9758 -74.112413
-5.2774 -45.3085 12.8612 -74.11246
-4.5701 -46.2857 12.7646 -74.112509
-3.9187 -47.0128 11.0346 -74.11256
-3.487 -47.3534 9.0584 -74.112613
-3.1601 -48.3203 10.2056 -74.112668
-2.5906 -49.7167 11.29 -74.112724
-2.064 -51.2649 10.2609 -74.112783
-1.9023 -53.0628 10.2828 -74.112844
-1.2374 -53.7481 8.8883 -74.112907
-0.2338 -55.4757 8.438 -74.112973
0.9268 -57.1391 8.1846 -74.113041
2.1659 -58.7648 8.26 -74.113111
2.7966 -60.3652 9.2072 -74.113184
3.5606 -62.0815 8.7826 -74.113259
4.1051 -63.9769 8.2533 -74.113337
4.7728 -65.8913 8.0534 -74.113418
5.555 -67.7898 8.1794 -74.113501
5.4215 -69.7319 8.5591 -74.113587
5.3722 -71.1779 9.39 -74.113677
6.6015 -72.8224 9.4344 -74.113769
7.9091 -74.3345 9.4579 -74.113864
9.1469 -75.9691 9.4502 -74.113963
10.0298 -77.8076 9.4917 -74.114064
10.7723 -79.6982 9.5101 -74.114169
12.3735 -80.8411 9.4583 -74.114278
13.4145 -82.6176 9.4397 -74.114389
14.1594 -84.5026 9.6273 -74.114505
14.908 -86.352 10.0263 -74.114624
15.6285 -88.1574 10.421 -74.114747
16.2688 -90.0988 10.1972 -74.114873
16.8061 -92.0324 10.2983 -74.115004
18.0591 -93.5211 10.9131 -74.115138
19.0692 -95.1762 11.592 -74.115277
20.0514 -96.8019 12.3554 -74.115419
20.7986 -98.4251 13.1509 -74.115566
22.3425 -99.643 13.6764 -74.115717
23.1324 -101.4525 13.8694 -74.115873
24.2278 -103.1764 13.8286 -74.116033
25.7948 -104.4654 13.8973 -74.116198
27.3532 -105.7951 13.951 -74.116367
28.4996 -107.4233 13.9547 -74.116541
30.0108 -108.56 13.6639 -74.116721
31.1081 -108.6091 12.0588 -74.116908
29.9694 -109.9097 10.9348 -74.117115
28.8308 -111.2104 9.8109 -74.117323
27.6922 -112.511 8.6869 -74.117531
26.8377 -113.4766 7.7017 -74.117741
28.1153 -111.9666 8.2837 -74.11797
29.3929 -110.4565 8.8658 -74.118199
30.6706 -108.9464 9.4479 -74.118428
31.1787 -108.9746 10.7509 -74.118664
31.0798 -109.3078 12.7833 -74.118907
31.1974 -110.3892 14.0207 -74.119151
31.8589 -112.2436 14.4776 -74.1194
32.2207 -114.0808 14.8897 -74.119655
32.3754 -116.0895 14.7382 -74.119916
33.2282 -117.7627 14.1097 -74.120183
34.0263 -119.6079 13.7086 -74.120457
34.4263 -121.5938 13.4703 -74.120737
34.6735 -123.5948 13.4834 -74.121023
34.4631 -125.6138 13.6554 -74.121315
35.477 -127.1975 13.9548 -74.121614
36.4488 -128.3733 14.9241 -74.121921
36.0423 -130.1872 15.3722 -74.122236
35.1621 -131.5518 15.4371 -74.122556
35.6418 -129.8523 14.8263 -74.122881
35.0348 -128.0619 14.2107 -74.123213
35.5446 -129.8444 14.1534 -74.123551
35.6291 -131.8577 14.0497 -74.123896
34.8485 -133.6181 13.7199 -74.124247
34.2995 -135.3089 12.7219 -74.124604
33.9891 -137.2127 12.2496 -74.124967
34.6951 -139.1364 12.158 -74.125336
34.4342 -141.0719 12.4762 -74.125711
34.9496 -142.8915 13.1328 -74.126092
35.1207 -144.6736 12.8365 -74.126479
36.0553 -146.4708 12.5635 -74.12687
36.5162 -147.9232 11.2272 -74.127269
37.0821 -149.6924 10.5935 -74.127671
38.1845 -151.3675 10.8233 -74.128077
38.9786 -152.5573 11.4668 -74.128489
38.5512 -154.4927 11.7745 -74.128906
38.9845 -156.4817 12.0272 -74.129328
38.8087 -158.4686 12.102 -74.129752
39.4316 -160.3993 12.1561 -74.130178
40.017 -162.1492 11.7738 -74.130607
39.9044 -164.0643 11.3068 -74.131035
40.4166 -165.9089 10.6066 -74.131465
41.3853 -167.5493 10.7632 -74.131894
42.1247 -169.1267 11.6727 -74.132321
42.1485 -170.8263 12.6221 -74.132745
41.2541 -172.1527 13.7028 -74.133165
41.3329 -173.6405 14.3131 -74.133579
41.6008 -174.8677 12.6805 -74.133987
41.8738 -176.7997 12.275 -74.134385
42.7438 -178.5456 11.9564 -74.134771
43.2439 -180.4578 12.0397 -74.135145
43.3656 -182.4295 12.4106 -74.135504
43.6747 -184.2146 13.2717 -74.135847
44.1736 -186.1236 13.8383 -74.13617
44.3535 -187.9066 14.7675 -74.136472
44.8726 -189.5685 15.6922 -74.13675
45.4404 -191.1005 14.5715 -74.137001
46.1386 -192.9259 14.1459 -74.137223
46.6287 -194.8895 13.783 -74.137413
47.9055 -196.4354 13.3908 -74.13757
49.0241 -197.9564 13.467 -74.137691
49.8322 -199.3762 13.2319 -74.137774
51.04 -200.3986 12.0409 -74.137816
-16.8109 -27.3553 2.8101 -74.112014
-17.497 -28.3029 4.2038 -74.112022
-18.1984 -29.271 5.5067 -74.112032
-18.2577 -29.3412 3.7473 -74.112045
-18.2679 -29.344 1.9276 -74.112059
-18.2781 -29.3467 0.108 -74.112074
-18.2883 -29.3494 -1.7116 -74.11209
-18.2985 -29.3522 -3.5313 -74.112107
-18.8534 -30.5664 -3.9808 -74.112125
-18.8107 -32.318 -3.8597 -74.112144
-19.3066 -34.0554 -3.7456 -74.112165
-18.9488 -34.5418 -2.2544 -74.112186
-18.3075 -35.7012 -1.0566 -74.112209
-18.003 -37.2922 -0.254 -74.112233
-17.2153 -38.7422 0.5062 -74.112259
-17.2992 -40.1694 1.5541 -74.112285
-17.1185 -41.7267 2.3954 -74.112313
-17.083 -42.8762 3.6698 -74.112343
-17.3639 -44.4413 4.545 -74.112374
-18.2212 -45.6938 5.2818 -74.112406
-18.9632 -46.7735 4.1464 -74.11244
-19.2427 -47.6114 2.5633 -74.112476
-19.7572 -49.1601 2.2576 -74.112513
-20.0441 -50.8741 2.5491 -74.112551
-20.3286 -52.4364 3.2684 -74.112592
-19.8077 -53.8024 3.6098 -74.112634
-19.2008 -54.6661 2.2731 -74.112679
-18.7221 -56.0354 2.9434 -74.112726
-18.7365 -56.729 4.1896 -74.112776
-18.8997 -58.1413 5.2798 -74.112827
-18.8149 -59.8936 5.7078 -74.11288
-18.9822 -61.072 7.0484 -74.112937
-19.3934 -62.5349 8.0119 -74.112995
-19.547 -63.8484 9.0694 -74.113056
-19.5772 -65.5723 8.63 -74.113119
-19.258 -67.3139 8.3405 -74.113185
-19.7508 -69.0603 8.364 -74.113253
-19.9946 -70.8175 8.7102 -74.113324
-19.8037 -72.5539 9.1873 -74.113397
-19.7201 -74.3251 9.5635 -74.113473
-20.2567 -75.9938 9.7611 -74.113551
-19.7758 -77.7066 9.8918 -74.113632
-19.8692 -79.394 10.0722 -74.113714
-20.6153 -80.6503 10.7965 -74.113799
-20.8101 -82.0334 11.1362 -74.113885
-21.8468 -83.2751 10.5156 -74.113972
-22.3598 -84.646 11.4203 -74.11406
-22.8139 -86.2646 12.0203 -74.114149
-22.9433 -87.4114 13.1988 -74.114238
-23.2601 -88.7922 14.1473 -74.114326
-23.5187 -90.5915 14.1567 -74.114413
-23.7693 -92.3875 14.2837 -74.114498
-23.9193 -94.161 14.5659 -74.114581
-24.765 -95.4177 14.2775 -74.11466
-25.6946 -96.5629 13.7452 -74.114736
-26.3361 -98.2508 13.7081 -74.114806
-26.22 -99.6251 14.4174 -74.114872
-26.029 -100.2322 16.1217 -74.11493
-25.98 -100.9366 17.7977 -74.114982
-26.1774 -101.1961 19.58 -74.115026
-26.4133 -101.3806 21.3748 -74.115059
-26.5757 -102.9017 22.0388 -74.115081
-26.565 -104.1061 22.8298 -74.115093
-10.4886 -18.1238 0.6694 -74.111911
-10.4015 -18.057 0.4643 -74.111899
-11.3637 -19.3353 1.4826 -74.111886
-12.4409 -20.4928 2.3203 -74.111873
-13.7335 -21.882 2.6066 -74.11186
-14.3525 -23.4451 1.6476 -74.111848
-14.7639 -24.7529 0.4153 -74.111838
-15.0123 -25.6795 -1.2982 -74.111829
-14.7483 -27.3027 -2.2341 -74.111821
-14.1682 -28.7546 -3.3613 -74.111814
-14.1335 -30.3237 -2.5621 -74.111809
-14.176 -32.0715 -1.7097 -74.111804
-14.076 -33.7889 -0.9359 -74.111801
-13.8862 -35.6563 -1.4771 -74.111799
-13.5408 -37.5381 -1.8551 -74.111797
-12.9254 -39.3671 -2.0095 -74.111796
-12.8947 -41.2639 -2.5483 -74.111797
-12.5093 -43.0891 -2.3969 -74.111798
-11.8636 -44.7358 -1.5183 -74.1118
-11.3409 -46.4019 -0.6056 -74.111803
-11.0233 -47.5467 0.9658 -74.111808
-10.5913 -48.4457 2.6789 -74.111813
-10.1405 -50.0833 3.3431 -74.111819
-10.2934 -51.7904 2.9275 -74.111826
-10.88 -52.8858 1.4404 -74.111834
-11.0363 -54.4811 1.7038 -74.111843
-11.1458 -56.3254 2.378 -74.111854
-10.357 -57.7555 3.4384 -74.111865
-10.1358 -58.8326 4.9901 -74.111878
-10.3077 -60.6124 5.6598 -74.111893
-11.2813 -62.2927 6.0116 -74.111908
-11.7958 -64.1934 6.181 -74.111926
-12.4342 -66.0517 6.3974 -74.111944
-11.9522 -67.7789 6.8906 -74.111965
-11.6762 -69.0382 8.2561 -74.111987
-11.713 -70.0381 9.9612 -74.112011
-11.8555 -70.9146 11.6774 -74.112037
-12.8132 -71.5235 13.2459 -74.112065
-13.5753 -72.2336 12.7301 -74.112095
-14.1638 -73.7043 11.8882 -74.112128
-14.4131 -75.2707 10.815 -74.112162
-13.5782 -77.0011 10.3425 -74.112199
-13.3259 -78.9499 10.1371 -74.112239
-13.3622 -80.9141 10.3308 -74.112281
-14.2376 -82.5066 10.9807 -74.112325
-14.7845 -84.1023 11.9265 -74.112373
-15.3519 -85.4422 12.6525 -74.112424
-15.7865 -86.6616 12.098 -74.112478
-16.5522 -87.7496 13.5364 -74.112535
-17.1687 -89.5648 13.8022 -74.112595
-18.2162 -91.1682 13.885 -74.112659
-19.5493 -92.634 13.9514 -74.112726
-20.3209 -94.4426 13.8656 -74.112797
-21.0095 -96.2837 13.6721 -74.112872
-21.3384 -97.8523 13.9673 -74.112952
-21.6939 -97.8965 15.9193 -74.113037
-22.3276 -98.0602 17.7316 -74.113125
-21.887 -98.9874 16.7979 -74.113218
-22.8153 -99.7306 15.3374 -74.113315
-24.3779 -100.6691 14.7056 -74.113416
-24.3457 -102.6276 14.3888 -74.113521
-24.5768 -104.5617 14.2213 -74.113631
-24.8282 -106.5067 14.2205 -74.113745
-25.0574 -108.4614 14.1941 -74.113864
-25.5558 -110.3378 14.0236 -74.113989
-26.9412 -111.6652 13.5497 -74.114118
-27.6548 -113.1993 12.651 -74.114251
-27.9593 -114.1646 11.0361 -74.114392
-28.3565 -115.3746 10.0919 -74.114534
-29.1471 -116.4978 9.0352 -74.114683
-29.5399 -117.0458 7.1689 -74.114836
-29.9596 -117.6548 5.3281 -74.114993
-30.9613 -118.935 4.5188 -74.115153
-32.1435 -120.2324 4.6581 -74.115317
-32.9363 -121.0473 6.2793 -74.115484
-33.621 -122.2206 7.5953 -74.115654
-33.9105 -123.585 8.7937 -74.115826
-34.4873 -124.3869 10.3397 -74.115999
-35.0405 -125.7656 11.4307 -74.116172
-34.701 -127.6323 11.772 -74.116346
-35.3063 -129.4991 11.9181 -74.116518
-35.9903 -131.3268 11.7835 -74.116689
-37.6819 -132.1342 11.31 -74.116856
-38.5009 -133.4806 10.3217 -74.117019
-38.4967 -134.7419 8.9782 -74.117177
-39.2613 -136.1191 9.0235 -74.117328
-39.6486 -137.8732 9.0943 -74.11747
-40.3927 -139.5578 8.4232 -74.117602
-41.3357 -141.2284 8.0319 -74.117723
-41.7461 -143.1332 7.6854 -74.117831
-42.0138 -145.0056 7.4829 -74.117924
-41.9887 -146.6225 8.5512 -74.118001
-43.1363 -148.1444 8.915 -74.118061
-43.8626 -149.8828 8.3731 -74.118102
-44.926 -151.4033 7.7386 -74.118123
-9.353 -14.8211 0.2731 -74.111921
-11.0559 -15.5864 0.7158 -74.111917
-12.8605 -15.9487 1.177 -74.111913
-14.323 -16.6873 2.6356 -74.111909
-15.6273 -17.7486 4.2904 -74.111907
-16.5612 -19.3299 4.837 -74.111905
-17.0333 -20.2944 6.2453 -74.111904
-17.8874 -21.5361 7.3823 -74.111904
-18.8508 -22.9769 8.1796 -74.111906
-19.5099 -24.5801 8.9543 -74.111909
-19.7318 -25.6734 10.3712 -74.111913
-19.6375 -26.5275 11.987 -74.111919
-20.9183 -27.5166 12.4491 -74.111926
-21.2964 -29.0814 13.3143 -74.111934
-21.83 -30.7644 14.0149 -74.111943
-22.4092 -32.288 14.7504 -74.111953
-23.1716 -32.8787 16.4102 -74.111964
-23.4458 -33.3976 17.1662 -74.111976
-23.9797 -35.1098 17.8018 -74.11199
-25.2888 -36.4276 18.1128 -74.112004
-26.4013 -37.9363 18.2431 -74.11202
-27.2908 -39.5473 18.3867 -74.112036
-28.9068 -40.2841 18.3568 -74.112054
-28.8386 -41.8551 18.071 -74.112074
-30.0593 -43.3052 18.0707 -74.112094
-30.6546 -44.9959 18.2212 -74.112116
-31.4097 -46.5757 18.3297 -74.11214
-32.6885 -47.8644 18.2798 -74.112165
-33.6705 -49.4532 18.3794 -74.112191
-34.3435 -51.1833 18.7706 -74.11222
-35.0428 -52.643 19.7515 -74.11225
-35.9334 -53.9164 20.8542 -74.112282
-36.4958 -55.5633 21.6175 -74.112316
-37.1515 -57.2664 22.1901 -74.112352
-37.503 -58.9135 22.7742 -74.112391
-37.2767 -60.629 23.5408 -74.112431
-38.3487 -62.1152 24.0868 -74.112475
-38.7835 -63.8894 24.6417 -74.11252
-39.0307 -65.5698 25.4324 -74.112568
-39.2448 -67.4312 25.7075 -74.11262
-39.4113 -69.2406 26.1323 -74.112673
-38.2265 -70.1613 27.1367 -74.11273
-37.9293 -71.6381 28.1838 -74.11279
-36.7386 -72.8721 28.5562 -74.112853
-35.4143 -74.1273 28.8617 -74.112919
-33.8413 -75.1427 29.2839 -74.11299
-32.9832 -76.7229 29.5771 -74.113062
-33.6399 -75.092 29.1649 -74.113139
-33.1635 -76.3575 28.5144 -74.113218
-32.6394 -77.9449 29.3953 -74.1133
-31.5586 -79.4236 29.8926 -74.113386
-30.8094 -81.0765 30.3763 -74.113475
-31.5811 -82.6547 30.6865 -74.113564
-31.7168 -84.5489 30.8274 -74.113656
-31.5105 -86.4537 30.8357 -74.113748
-31.5377 -88.3667 30.7633 -74.113842
-31.4829 -90.279 30.6456 -74.113937
-31.9235 -92.1277 30.4947 -74.114031
-32.2806 -93.9944 30.2829 -74.114124
-33.2826 -95.4749 30.073 -74.114216
-34.2923 -96.3147 29.212 -74.114306
-33.7984 -97.5646 29.0456 -74.114394
-33.365 -98.5644 30.3242 -74.114477
-34.9529 -99.5888 30.5864 -74.114555
-35.3561 -101.2379 30.5528 -74.114628
-35.425 -102.1901 29.7785 -74.114693
-35.4381 -103.6106 30.0236 -74.11475
-35.4329 -104.9525 28.8355 -74.114798
-35.4888 -106.6151 28.0477 -74.114835
-35.1318 -108.0258 29.2064 -74.11486
-34.5346 -109.5447 30.0645 -74.114874
-15.445 -16.6758 3.4162 -74.111907
-17.1123 -16.5493 2.7023 -74.111905
-18.8242 -16.1183 2.2844 -74.111904
-20.5247 -15.3962 2.2003 -74.111905
-22.3116 -15.3473 2.4856 -74.111906
-24.0423 -14.9367 2.9859 -74.111909
-25.7912 -14.8802 3.5418 -74.111913
-27.6376 -14.8877 3.7424 -74.111919
-29.4617 -14.8882 3.7168 -74.111925
-31.2202 -15.3922 3.5297 -74.111932
-32.7539 -15.8243 2.9445 -74.111941
-34.0829 -16.2305 1.7975 -74.11195
-35.3566 -17.1047 0.7776 -74.11196
-36.7811 -17.3591 0.0703 -74.111972
-38.4049 -17.2529 0.8951 -74.111984
-40.1857 -16.9717 1.2216 -74.111997
-41.9745 -17.3706 1.348 -74.112011
-43.6645 -17.7288 1.1737 -74.112027
-45.1638 -16.9527 0.472 -74.112043
-46.3865 -16.2335 -0.6264 -74.112061
-48.1583 -16.038 -0.1893 -74.112079
-49.5586 -16.5997 0.7893 -74.112099
-50.6275 -17.7832 1.5574 -74.11212
-52.4581 -17.9497 1.6886 -74.112143
-54.2203 -17.8442 1.1278 -74.112166
-55.6575 -18.4041 0.1681 -74.112192
-57.139 -19.2179 -0.5793 -74.112219
-58.8775 -19.6978 -0.9928 -74.112248
-60.4992 -20.5497 -0.8751 -74.112278
-62.2699 -20.9516 -0.784 -74.11231
-63.9605 -21.4851 -1.2025 -74.112345
-65.769 -21.6468 -1.2364 -74.112382
-67.4074 -21.948 -2.0416 -74.112421
-69.2303 -22.0478 -2.2783 -74.112462
-71.0405 -22.3933 -2.2 -74.112506
-72.76 -22.6876 -1.8978 -74.112553
-74.4248 -22.1245 -1.3042 -74.112602
-75.468 -21.5676 0.0962 -74.112654
-76.805 -21.0117 0.8974 -74.11271
-78.6304 -21.1688 0.7939 -74.112768
-80.2126 -21.6023 1.4208 -74.112829
-81.9055 -21.4802 1.8938 -74.112893
-83.3789 -20.5725 2.4839 -74.112961
-84.8475 -20.092 3.3977 -74.113032
-85.8797 -19.4106 4.4732 -74.113106
-86.9877 -17.9771 4.3817 -74.113184
-88.4094 -16.917 4.436 -74.113264
-89.1332 -16.2863 5.8123 -74.113348
-89.6827 -16.0961 7.5766 -74.113435
-90.6073 -14.9923 8.5732 -74.113524
-91.6573 -14.5236 9.9347 -74.113616
-92.216 -13.6924 11.4126 -74.11371
-93.3323 -12.5367 11.3011 -74.113805
-94.3529 -11.3333 10.4637 -74.113901
-95.9243 -11.359 10.3327 -74.113997
-97.085 -12.6874 10.4076 -74.114094
-98.637 -11.9209 10.4364 -74.11419
-99.8512 -10.5582 10.1484 -74.114284
-101.1467 -9.2581 9.9913 -74.114376
-102.9108 -8.8466 10.0308 -74.114465
-104.2043 -7.6318 10.4372 -74.114549
-105.7848 -7.7377 11.2376 -74.114628
-107.5295 -7.7352 11.7584 -74.114701
-108.7114 -6.5165 12.2914 -74.114766
-108.6826 -5.013 12.9437 -74.114823
-109.4316 -4.9691 14.0337 -74.114871
-110.9911 -5.321 13.2911 -74.114908
-112.3812 -4.7789 12.2565 -74.114934
-113.4541 -4.4164 10.8172 -74.114947
-15.5545 -17.632 4.3033 -74.111914
-16.8149 -18.3686 5.0193 -74.111927
-18.1535 -17.7371 5.9254 -74.111943
-19.3957 -17.6568 7.1162 -74.111962
-20.6245 -17.4395 8.329 -74.111983
-21.4073 -17.0773 9.8446 -74.112006
-22.3291 -16.4593 11.1562 -74.112031
-23.7986 -16.4039 12.1053 -74.112058
-24.636 -16.4397 13.5353 -74.112087
-26.0492 -16.413 14.4153 -74.112118
-26.5091 -16.6788 16.0866 -74.112151
-27.6416 -17.5424 16.452 -74.112185
-28.9683 -17.6171 17.1518 -74.11222
-30.2529 -16.8642 18.0015 -74.112257
-31.8112 -16.9615 18.7079 -74.112297
-32.7125 -16.0015 17.8716 -74.112337
-33.9732 -15.3124 17.8919 -74.11238
-35.5154 -14.9405 18.541 -74.112424
-36.8148 -15.2621 19.6037 -74.11247
-38.1095 -15.3947 20.6532 -74.112517
-39.3709 -15.3085 20.5665 -74.112567
-39.9084 -15.4165 22.2463 -74.112618
-41.4898 -16.1032 22.568 -74.112671
-43.1935 -16.3081 22.9719 -74.112725
-44.8671 -16.1005 23.426 -74.112781
-46.5874 -16.255 23.8037 -74.112839
-48.2806 -16.146 24.1613 -74.112898
-49.8848 -15.6408 24.6252 -74.112959
-51.569 -15.5809 25.1077 -74.113021
-53.1934 -15.8717 25.7123 -74.113085
-54.8397 -16.0518 26.2602 -74.113151
-56.4663 -15.7486 26.8593 -74.113217
-57.6381 -14.8744 27.7621 -74.113284
-58.8394 -13.7889 28.4214 -74.113352
-60.1932 -13.1386 29.3328 -74.113421
-61.8304 -12.6017 29.6751 -74.113489
-63.5039 -12.1508 29.7076 -74.113558
-64.8861 -11.121 29.4315 -74.113626
-65.5954 -10.0293 28.2627 -74.113694
-66.3587 -9.069 29.1123 -74.11376
-67.3994 -7.9254 29.8988 -74.113825
-68.8854 -7.8686 29.963 -74.113887
-70.5505 -7.352 29.9726 -74.113946
-72.0497 -6.4284 30.0037 -74.114001
-73.5599 -5.5098 29.9785 -74.114052
-74.8786 -4.3323 29.9264 -74.1141
-76.2236 -3.1844 29.9023 -74.11414
-77.2186 -1.7362 29.9278 -74.114173
-78.2778 -0.5048 29.7779 -74.1142
-79.9939 -0.3567 29.5292 -74.114218
-81.6519 -0.1123 29.479 -74.114227
-15.2282 -17.1379 4 -74.111907
-15.8134 -17.8487 4 -74.111905
-16.4306 -18.5318 4 -74.111903
-13.8552 -16.3527 0.6773 -74.11191
-6.8126 -12.9962 0.0714 -74.111921
-5.8684 -15.48 0.0572 -74.111908
-5.4058 -18.0693 0.0621 -74.111896
-4.8048 -20.6622 0.1442 -74.111884
-4.2378 -23.1032 0.3354 -74.111873
-4.2185 -23.3173 3.0099 -74.111863
-4.1991 -23.5292 5.6846 -74.111858
-3.9404 -24.0329 8.0609 -74.11186
-2.9465 -26.4423 7.8893 -74.111868
-2.9898 -29.1239 7.9366 -74.111884
-2.8312 -31.7921 8.079 -74.111907
-2.7737 -34.4658 8.0848 -74.111938
-3.1335 -36.1267 6.8772 -74.111978
-2.9668 -36.5649 4.2354 -74.112028
-3.5563 -38.3842 2.8887 -74.112086
-4.3063 -40.3834 1.497 -74.112154
-4.1208 -42.6459 0.2252 -74.112231
-4.2362 -43.7827 0.8959 -74.112302
-3.8312 -43.4159 2.8085 -74.112359
-3.4263 -43.0492 4.7211 -74.112421
-3.0214 -42.6825 6.6338 -74.112486
-2.6164 -42.3158 8.5464 -74.112554
-2.2115 -41.949 10.459 -74.112626
-1.8006 -41.5642 12.3611 -74.112702
-1.0504 -39.8462 12.7392 -74.112785
0.1758 -38.6585 13.5417 -74.112874
1.5902 -38.0395 13.8599 -74.112972
3.2347 -39.0768 14.2093 -74.113076
3.2862 -40.8715 14.6526 -74.113189
3.0921 -42.2179 15.9515 -74.11331
3.289 -43.8273 17.0278 -74.11344
3.7676 -45.0577 18.3989 -74.11358
5.3853 -45.2551 17.5078 -74.11373
6.4565 -45.5185 16.2146 -74.113893
6.4601 -45.5688 14.2263 -74.114066
7.3041 -46.1013 15.3965 -74.114249
7.7212 -46.6728 17.2551 -74.114444
8.2906 -47.8462 18.7417 -74.114646
8.7291 -49.4862 19.2615 -74.114798
9.1255 -50.9461 19.7272 -74.11489
10.0364 -52.2198 19.9693 -74.114985
10.7133 -53.6545 20.0389 -74.115084
11.8089 -54.3454 19.5071 -74.115188
12.1976 -54.6669 17.9921 -74.115295
13.1099 -54.8336 16.8714 -74.115406
13.5838 -54.6626 15.3738 -74.115527
13.6588 -54.6533 13.7788 -74.115669
13.7337 -54.644 12.1838 -74.115811
13.8087 -54.6347 10.5888 -74.115952
13.8837 -54.6254 8.9938 -74.116092
13.9586 -54.6161 7.3988 -74.116232
14.0336 -54.6068 5.8038 -74.11637
14.1085 -54.5975 4.2088 -74.116508
14.1663 -54.5744 2.6132 -74.116665
14.2206 -54.5486 1.0176 -74.116827
14.2749 -54.5228 -0.5781 -74.116986
14.3293 -54.497 -2.1737 -74.117144
14.3836 -54.4712 -3.7694 -74.117299
14.4379 -54.4454 -5.365 -74.117452
13.7113 -55.8095 -5.5929 -74.117604
13.1825 -57.2536 -6.0072 -74.117758
12.9567 -58.7053 -6.561 -74.117913
12.6682 -60.0281 -7.37 -74.118069
12.3514 -61.5353 -7.7387 -74.118226
11.9771 -63.0578 -7.8716 -74.118383
11.7617 -64.6275 -7.7751 -74.11854
11.4655 -65.9109 -8.3481 -74.118696
11.6675 -66.9063 -9.5712 -74.118851
11.728 -68.3207 -9.6289 -74.119004
11.6975 -68.4625 -8.07 -74.119155
11.4235 -69.5735 -7.0162 -74.119302
11.1196 -70.8404 -6.109 -74.119445
11.0275 -71.8722 -4.9846 -74.119583
11.2426 -73.2528 -4.3725 -74.119716
10.7531 -74.6674 -3.9199 -74.119843
10.425 -76.2016 -3.7062 -74.119962
10.77 -77.7411 -3.6532 -74.120073
11.0786 -79.2552 -3.6604 -74.120176
11.425 -80.7723 -3.755 -74.120268
11.2996 -82.2807 -4.0128 -74.12035
11.9706 -83.6675 -4.3963 -74.12042
12.7118 -84.5829 -3.8154 -74.120478
13.1706 -85.4159 -2.5821 -74.120523
13.3664 -86.853 -1.9391 -74.120553
13.3682 -87.667 -0.8755 -74.120569
8.6263 -48.9248 19.7774 -74.114799
8.971 -49.5407 20.9869 -74.114893
9.2099 -51.0475 20.8184 -74.114991
10.0927 -52.2943 20.5532 -74.115091
10.6868 -53.724 20.4404 -74.115195
11.4461 -54.1517 19.6321 -74.115303
11.5442 -54.2966 18.1881 -74.115414
12.9332 -54.8812 18.406 -74.115527
13.2774 -55.294 19.8309 -74.115644
13.7729 -56.2787 20.5319 -74.115762
14.3885 -57.7019 20.5127 -74.115882
15.16 -59.0485 20.6431 -74.116003
15.6443 -60.0525 21.5504 -74.116127
16.2084 -60.988 22.5631 -74.116253
17.2577 -61.2039 23.519 -74.116379
18.4454 -61.8839 23.9975 -74.116505
19.1422 -63.2514 24.2481 -74.116633
19.671 -63.8624 25.3071 -74.116763
20.2623 -64.3588 26.3522 -74.116892
21.638 -65.0559 26.1487 -74.117019
22.7173 -66.1327 25.8633 -74.117154
23.7256 -67.2733 25.5197 -74.117284
24.6112 -68.47 25.1932 -74.11741
24.9681 -69.954 24.971 -74.117532
24.9964 -70.9802 24.2159 -74.117657
24.9684 -71.117 22.6615 -74.117785
24.9404 -71.2538 21.1072 -74.117905
24.9124 -71.3907 19.5528 -74.118017
24.8648 -71.4567 17.9963 -74.118121
24.9221 -71.7069 16.7213 -74.118219
25.4185 -72.6144 17.5247 -74.118313
25.5779 -72.8182 19.0637 -74.1184
25.6724 -73.1458 20.5059 -74.118476
25.5385 -73.7136 21.7923 -74.118547
25.5469 -73.9336 23.3373 -74.118607
25.5553 -74.1535 24.8823 -74.118655
26.4257 -75.2629 24.9859 -74.118692
26.2037 -76.801 24.991 -74.118718
26.3234 -78.3421 25.0702 -74.11873
-4.7208 -44.7161 -0.023 -74.112285
-5.1299 -46.1818 0.6944 -74.11231
-5.3697 -46.9913 2.259 -74.112337
-5.7718 -48.0995 3.5791 -74.112367
-6.3113 -49.4357 4.5711 -74.1124
-6.1052 -51.0319 5.3148 -74.112435
-5.9754 -52.7323 5.8136 -74.112473
-5.3005 -54.3124 6.0843 -74.112512
-5.5666 -55.9139 6.2159 -74.112554
-6.3626 -57.4622 6.4728 -74.112599
-7.4327 -58.7683 6.9386 -74.112645
-8.3123 -60.0607 7.6969 -74.112694
-9.2075 -61.5771 7.5449 -74.112744
-10.0182 -63.1512 7.7642 -74.112797
-10.4982 -64.8336 7.9938 -74.112852
-11.098 -66.494 8.2496 -74.112909
-11.5795 -68.0917 8.8213 -74.112969
-11.4778 -69.48 9.814 -74.11303
-11.3768 -70.9824 10.6772 -74.113094
-11.1615 -72.6665 10.9417 -74.113161
-11.9531 -74.0675 10.3517 -74.113229
-12.2253 -75.2856 9.1163 -74.113301
-12.386 -76.5528 7.8889 -74.113374
-12.4919 -77.8973 6.8778 -74.113451
-12.6418 -79.6702 6.7282 -74.11353
-12.8923 -81.2283 7.3625 -74.113611
-13.0636 -82.0267 8.8276 -74.113697
-12.8375 -83.2389 8.8894 -74.113784
-12.4716 -84.694 8.0205 -74.113875
-12.6797 -85.5671 7.0599 -74.113969
-12.5183 -84.1321 6.1622 -74.114066
-12.5292 -84.0813 7.3739 -74.114168
-11.895 -85.6688 7.8198 -74.114272
-11.5229 -87.2946 8.4116 -74.114379
-10.3324 -88.1124 9.2259 -74.11449
-10.675 -89.8262 9.467 -74.114605
-11.2148 -91.4903 9.7261 -74.114722
-11.4919 -93.2205 9.9224 -74.114843
-11.8689 -94.9605 9.9938 -74.114968
-12.2215 -96.7085 9.9892 -74.115095
-12.5548 -98.4528 9.9031 -74.115226
-13.101 -100.1246 9.6027 -74.115361
-13.6123 -101.6942 9.0552 -74.115498
-14.5178 -102.8115 8.0351 -74.115639
-14.732 -103.8321 6.6289 -74.115783
-14.736 -104.949 5.3416 -74.11593
-14.7897 -105.5564 3.6632 -74.11608
-14.9175 -106.1934 2.0059 -74.116232
-14.8119 -107.3154 0.66 -74.116384
-14.3904 -108.3157 -0.7477 -74.116538
-14.0768 -109.6227 -1.5126 -74.116692
-14.1581 -111.3783 -1.2027 -74.116846
-14.4574 -112.7137 -0.3129 -74.117
-14.5581 -113.8268 1.0481 -74.117153
-14.5629 -114.7419 2.5821 -74.117305
-14.3372 -115.8187 3.9677 -74.117453
-14.0073 -116.8255 5.38 -74.117598
-13.5104 -118.0936 6.4955 -74.117738
-13.0668 -119.695 6.5246 -74.117873
-12.4966 -121.0534 5.5568 -74.118
-12.0851 -122.6625 5.1356 -74.11812
-12.5004 -124.2153 4.474 -74.118232
-12.6759 -125.9354 4.076 -74.118333
-13.0189 -127.5669 3.9008 -74.118423
-13.6129 -129.2115 3.7998 -74.118501
-14.5095 -130.7248 3.617 -74.118565
-15.1909 -132.314 3.2206 -74.118614
-16.0458 -133.6469 2.4524 -74.118648
-17.0046 -135.0632 2.0492 -74.118666
-3.6471 -8.0538 -0.0157 -74.111906
-1.3228 -8.9468 -0.0471 -74.111899
0.9314 -9.9936 -0.0832 -74.111893
2.6625 -11.7633 -0.1495 -74.111889
3.884 -13.4015 -0.8686 -74.111887
4.2751 -14.1359 -3.2157 -74.111889
4.6663 -14.8703 -5.5627 -74.111896
5.0575 -15.6047 -7.9097 -74.111907
5.4487 -16.3392 -10.2567 -74.111924
5.5082 -15.6747 -11.481 -74.111942
5.7528 -14.1284 -10.9972 -74.111962
5.1317 -14.013 -9.0503 -74.111985
5.6382 -14.026 -8.2186 -74.112014
7.6439 -14.2766 -7.8039 -74.112047
9.6042 -14.0356 -7.3728 -74.112084
11.4824 -13.5321 -6.7322 -74.112126
12.4397 -13.1153 -5.3274 -74.112174
13.1732 -12.7275 -3.4442 -74.112228
14.0029 -12.5015 -1.5695 -74.112289
14.9232 -12.6143 0.2611 -74.112356
16.0509 -12.8503 1.9217 -74.11243
17.2291 -12.7352 3.6117 -74.112512
18.6969 -13.072 4.9744 -74.112599
20.4387 -12.843 5.9867 -74.112694
22.2399 -12.9948 6.2182 -74.112765
23.7688 -13.3762 5.9788 -74.112809
25.0057 -12.6222 5.3936 -74.112855
26.3571 -12.2571 4.8087 -74.112903
27.8738 -11.9691 4.5669 -74.112955
29.2461 -11.1445 4.4391 -74.113009
30.8012 -10.7714 4.3716 -74.113065
32.3851 -10.5715 4.2891 -74.113123
33.2233 -10.1298 4.9983 -74.113184
34.0663 -9.8024 5.9221 -74.113248
35.5597 -9.845 6.5062 -74.113313
36.9026 -9.7278 7.2501 -74.113381
38.2463 -9.5474 7.9246 -74.113451
39.7277 -9.1425 8.3952 -74.113523
41.1759 -8.7377 8.951 -74.113596
42.5633 -8.3419 9.5488 -74.113672
43.7337 -8.1277 8.583 -74.11375
45.1311 -8.0308 7.9631 -74.113829
46.5242 -8.3092 7.3517 -74.11391
47.4104 -8.3281 6.0274 -74.113992
48.547 -8.1523 4.9694 -74.114075
50.1277 -8.0481 4.8161 -74.114159
51.0302 -8.412 5.9293 -74.114245
52.4231 -8.5023 6.17 -74.11433
53.895 -8.5955 6.6905 -74.114415
54.9911 -8.7652 7.7616 -74.1145
56.4893 -8.9904 7.679 -74.114583
57.587 -10.1308 7.9043 -74.114666
59.0801 -10.6364 8.1455 -74.114746
60.6014 -11.0022 8.4608 -74.114824
61.9959 -11.5958 8.0265 -74.1149
62.9752 -11.9724 7.058 -74.114972
63.4644 -12.0743 5.5381 -74.115041
64.0395 -11.9612 4.047 -74.115106
64.4337 -11.9546 2.4888 -74.115165
64.823 -11.932 0.9297 -74.115217
65.2041 -11.8836 -0.6309 -74.115263
65.5558 -11.8356 -2.1985 -74.1153
65.8976 -11.7879 -3.7682 -74.115329
66.4194 -11.7876 -5.282 -74.115349
66.4944 -12.5596 -6.6605 -74.115359
21.8035 -12.9643 5.5087 -74.112776
22.2928 -12.8975 4.0421 -74.11284
22.782 -12.8307 2.5755 -74.112905
23.2713 -12.7639 1.1089 -74.112971
23.7606 -12.6971 -0.3578 -74.113037
24.2499 -12.6303 -1.8244 -74.113105
24.7391 -12.5635 -3.291 -74.113172
25.2284 -12.4967 -4.7576 -74.11324
25.7177 -12.4299 -6.2242 -74.113307
26.2069 -12.363 -7.6908 -74.113374
26.8935 -12.3131 -8.9994 -74.113442
27.9931 -12.1349 -10.0456 -74.113511
29.4155 -12.0244 -10.5719 -74.113581
30.9321 -12.139 -10.7879 -74.113654
32.4337 -12.4908 -10.7732 -74.113728
33.7283 -13.0404 -10.3346 -74.113804
34.9591 -13.7394 -9.781 -74.113881
36.3049 -14.3754 -9.3611 -74.11396
37.7863 -14.4064 -8.971 -74.114042
38.9765 -14.4204 -8.3072 -74.114124
39.509 -14.5028 -6.8771 -74.114206
40.803 -14.1184 -7.3333 -74.114288
42.1172 -13.7343 -7.9502 -74.114369
43.481 -14.2451 -8.4653 -74.11445
44.8322 -14.6862 -9.0455 -74.11453
46.2199 -15.1571 -9.5418 -74.114609
47.4998 -15.7968 -10.1041 -74.114686
48.4919 -16.341 -10.9949 -74.11476
49.2648 -16.5571 -12.2212 -74.114833
50.6437 -17.0063 -12.5265 -74.114901
52.1626 -17.2199 -12.7123 -74.114965
53.5098 -17.9199 -12.5815 -74.115025
54.8261 -18.5114 -12.0649 -74.115079
56.0144 -19.3898 -11.6485 -74.115127
57.1511 -20.3793 -11.2981 -74.115169
58.5784 -20.83 -11.009 -74.115203
59.5198 -21.3446 -11.6244 -74.11523
59.9152 -21.5013 -13.1121 -74.115249
60.3293 -21.6363 -14.5919 -74.115258
5.542 -17.4481 -11.9734 -74.111935
5.2752 -19.0549 -12.8511 -74.111938
4.5319 -20.5356 -13.6308 -74.111943
4.2842 -21.2679 -12.1504 -74.111951
4.5234 -21.5541 -11.2061 -74.11196
5.0916 -22.5097 -9.9139 -74.11197
5.6355 -23.6108 -8.5295 -74.111982
6.4022 -24.9693 -7.5369 -74.111996
6.6335 -26.3097 -6.3211 -74.112011
7.1852 -27.3717 -7.4784 -74.112028
7.7638 -28.2275 -9.037 -74.112046
9.1599 -28.8455 -10.0123 -74.112066
10.2945 -29.4271 -11.2255 -74.112087
12.0307 -29.9265 -10.7637 -74.112109
13.7255 -30.5864 -10.4924 -74.112133
15.1918 -31.515 -11.0288 -74.112158
16.7178 -31.6949 -12.0524 -74.112184
18.2188 -31.9125 -13.1144 -74.112212
19.9511 -32.1969 -13.7295 -74.112242
21.5074 -33.0418 -14.1745 -74.112274
22.8543 -34.2615 -14.6414 -74.112308
24.0059 -35.5947 -15.1729 -74.112342
24.5296 -37.1036 -15.7174 -74.112378
24.7232 -37.5624 -17.5262 -74.112417
25.1008 -38.2263 -19.2142 -74.112457
26.3789 -39.4506 -19.5884 -74.112499
28.1291 -39.8596 -20.0602 -74.112543
29.3513 -39.6098 -21.3429 -74.112589
30.6809 -38.9744 -22.3478 -74.112638
31.8544 -39.4408 -23.699 -74.112689
32.7072 -40.1312 -24.5207 -74.112743
34.1875 -40.0661 -24.2388 -74.112799
35.3747 -39.954 -25.6606 -74.112858
36.0556 -40.1808 -27.3735 -74.11292
37.1117 -40.5409 -28.8636 -74.112985
37.9499 -40.8975 -30.5002 -74.113053
38.8019 -40.6861 -32.1277 -74.113124
39.8174 -40.5169 -33.6425 -74.113197
40.8901 -40.7217 -35.068 -74.113273
42.5305 -41.61 -35.2384 -74.113353
44.3755 -41.8861 -35.4176 -74.113435
45.9871 -42.2694 -36.0731 -74.113521
47.4878 -43.2765 -36.1873 -74.113611
49.3319 -43.6209 -36.2065 -74.113705
51.1887 -43.712 -36.2324 -74.1138
53.0372 -43.4731 -36.3042 -74.113897
54.8899 -43.6769 -36.497 -74.113997
56.6959 -43.5991 -36.9065 -74.114098
58.2639 -44.1277 -37.6876 -74.114201
59.5341 -44.5902 -38.7803 -74.114307
60.5988 -45.0677 -39.8571 -74.114413
61.8729 -46.2433 -40.1922 -74.114519
63.3313 -46.5896 -41.0735 -74.114626
64.0217 -46.6763 -42.7931 -74.114732
64.5704 -46.7494 -44.583 -74.114838
64.8703 -46.6711 -46.4334 -74.114945
65.1687 -46.5915 -48.2839 -74.115046
65.5964 -46.5388 -50.1097 -74.115144
65.7108 -46.4215 -51.9702 -74.115244
65.6981 -46.2783 -53.8407 -74.115338
65.6854 -46.1351 -55.7113 -74.115421
65.6727 -45.9919 -57.5819 -74.115493
65.7296 -45.7497 -59.4403 -74.115557
65.8135 -45.4694 -61.2934 -74.115609
66.0243 -45.0935 -63.1166 -74.11565
66.1717 -44.6856 -64.9394 -74.115678
66.3305 -44.1781 -66.4646 -74.115692
5.6517 -16.7814 -12.2027 -74.111944
5.689 -16.9607 -13.7308 -74.111967
5.7263 -17.14 -15.259 -74.111994
5.7636 -17.3194 -16.7872 -74.112025
5.8009 -17.4987 -18.3154 -74.112059
5.8383 -17.678 -19.8436 -74.112098
5.8756 -17.8574 -21.3717 -74.11214
5.9129 -18.0367 -22.8999 -74.112186
5.9502 -18.216 -24.4281 -74.112236
5.9875 -18.3954 -25.9563 -74.11229
6.0248 -18.5747 -27.4845 -74.112347
6.0621 -18.754 -29.0126 -74.112408
6.0994 -18.9334 -30.5408 -74.112472
6.1367 -19.1127 -32.069 -74.112539
6.1741 -19.292 -33.5972 -74.11261
6.2114 -19.4714 -35.1254 -74.112684
6.2487 -19.6507 -36.6536 -74.11276
6.286 -19.83 -38.1817 -74.112839
6.3233 -20.0094 -39.7099 -74.11292
6.3606 -20.1887 -41.2381 -74.113003
6.3979 -20.368 -42.7663 -74.113088
6.4352 -20.5474 -44.2945 -74.113175
6.4725 -20.7267 -45.8226 -74.113263
6.5099 -20.906 -47.3508 -74.113352
6.5472 -21.0854 -48.879 -74.113442
6.5845 -21.2647 -50.4072 -74.113532
6.6218 -21.444 -51.9354 -74.113622
6.6591 -21.6234 -53.4635 -74.113712
6.6964 -21.8027 -54.9917 -74.113801
6.7337 -21.982 -56.5199 -74.11389
6.771 -22.1614 -58.0481 -74.113977
6.8083 -22.3407 -59.5763 -74.114063
6.8457 -22.52 -61.1045 -74.114147
6.883 -22.6994 -62.6326 -74.114228
6.9394 -22.8766 -64.1572 -74.114307
8.1498 -22.8799 -64.1006 -74.114386
8.9886 -23.516 -62.989 -74.114465
9.9314 -24.3205 -62.1091 -74.114543
10.5435 -25.411 -61.3105 -74.11462
11.1641 -26.7642 -60.9602 -74.114696
11.7371 -28.177 -61.0516 -74.11477
12.2468 -29.4991 -61.4619 -74.114842
12.6299 -30.7915 -61.1111 -74.114912
13.0367 -32.212 -60.6823 -74.114978
13.4206 -33.6473 -60.2909 -74.11504
13.672 -35.0666 -59.8345 -74.115098
13.7802 -36.5811 -60.0484 -74.115151
13.7177 -38.0731 -60.4184 -74.115197
13.5658 -39.5761 -60.7091 -74.115238
13.3014 -41.0704 -60.6511 -74.115271
13.3571 -42.0105 -59.4467 -74.115297
13.5377 -43.0476 -58.3404 -74.115315
13.6333 -44.0606 -57.3331 -74.115324
-2.4565 -0.91 0.0523 -74.111529
-2.8293 2.667 0.2464 -74.111163
-3.0866 6.216 0.7208 -74.110799
-2.2413 9.6979 1.5153 -74.110438
-0.7404 12.7593 0.9662 -74.110084
0.227 15.8879 -1.0884 -74.109718
0.5524 20.1154 -1.9386 -74.109346
0.4575 24.418 -2.5408 -74.108995
0.4389 27.3767 -5.5178 -74.108667
-0.013 29.9656 -8.7108 -74.108368
-0.1419 14.3216 0.264 -74.109908
0.8616 14.8245 1.2959 -74.109881
2.5303 15.409 3.4469 -74.109861
5.0961 15.9466 3.8822 -74.109871
7.8356 16.5695 3.9069 -74.109912
10.5566 17.2922 4.0994 -74.109991
13.2701 17.9524 4.5537 -74.110112
15.8121 18.8134 4.7988 -74.11028
17.2134 19.7132 4.344 -74.110445
17.5574 19.3689 4.0634 -74.110403
-0.9274 14.3109 0.2417 -74.109805
-2.5488 14.1754 0.0246 -74.10963
-4.1702 14.04 -0.1925 -74.109475
-5.6969 13.9854 -0.1496 -74.109336
-6.0083 14.0245 0.9686 -74.109208
-4.7591 13.8534 0.1003 -74.109091
-4.5248 13.8442 -1.5168 -74.10896
-4.3735 13.8457 -3.1513 -74.108846
-4.2222 13.8471 -4.7858 -74.108753
-4.0708 13.8486 -6.4202 -74.108684
-3.7648 13.9278 -8.018 -74.108636
-3.1571 14.1597 -9.5252 -74.108613
-2.5409 14.9686 -10.6984 -74.108621
-0.6612 32.5013 -8.9792 -74.108207
-1.3441 34.6869 -8.6538 -74.108026
-2.5162 37.7967 -7.959 -74.107723
-4.0883 40.798 -9.2426 -74.107418
-6.1771 43.4321 -10.5669 -74.107109
-7.4526 45.9637 -12.4793 -74.106797
-8.199 48.9959 -14.3148 -74.106479
-8.488 52.2581 -16.0262 -74.106153
-8.9751 55.6713 -17.3793 -74.105825
-8.9724 59.3456 -17.9864 -74.105493
-8.8355 62.9598 -18.9326 -74.105158
-8.1651 65.7964 -21.101 -74.104819
-8.071 69.4931 -21.2598 -74.104476
-8.0725 72.7987 -19.5494 -74.10405
-8.8931 75.9303 -20.6534 -74.103575
-9.8467 77.8663 -22.8286 -74.103125
-10.916 79.9845 -24.8489 -74.102668
-11.8107 82.572 -26.461 -74.102133
-13.9622 85.1541 -28.0376 -74.101518
-15.428 87.4195 -30.0798 -74.100887
-16.2874 89.1284 -32.8169 -74.100274
-17.1302 91.8068 -33.4334 -74.099685
-16.6579 94.7355 -33.3269 -74.099083
-16.2793 97.4317 -32.2507 -74.098468
-16.0966 100.3779 -31.8618 -74.097838
-15.6048 103.2146 -31.8672 -74.096586
-15.0646 104.6984 -30.0846 -74.094691
-14.4099 106.6313 -31.3901 -74.092761
-13.9013 109.3975 -31.7321 -74.090794
-13.1382 112.1018 -31.8855 -74.088788
-12.0288 114.6912 -32.2205 -74.086739
-9.9615 116.491 -32.7147 -74.084649
-8.3964 118.5551 -33.6954 -74.082514
-7.0441 120.3709 -35.2413 -74.080332
-16.3107 103.1222 -31.2609 -74.097653
-17.0106 105.6108 -30.0258 -74.097918
-17.7104 108.0993 -28.7907 -74.098174
-18.4103 110.5878 -27.5556 -74.098419
-19.1321 113.0846 -26.3544 -74.098655
-20.0839 115.6275 -25.7828 -74.098882
-21.6544 117.8269 -26.4818 -74.099103
-22.4041 120.0541 -28.0006 -74.099315
-23.8204 121.9956 -29.2918 -74.099517
-16.2837 88.4956 -30.6847 -74.101012
-16.9057 88.45 -28.8674 -74.101904
-17.5277 88.4044 -27.0501 -74.102793
-18.1496 88.3588 -25.2328 -74.103678
-18.7716 88.3131 -23.4155 -74.104559
-19.3936 88.2675 -21.5982 -74.105437
-20.0155 88.2219 -19.7808 -74.106309
-20.6375 88.1763 -17.9635 -74.107178
-21.2595 88.1307 -16.1462 -74.108041
-21.8814 88.0851 -14.3289 -74.108899
-22.5034 88.0394 -12.5116 -74.109751
-23.1253 87.9938 -10.6943 -74.110597
-23.7473 87.9482 -8.8769 -74.111437
-24.3693 87.9026 -7.0596 -74.11227
-24.9912 87.857 -5.2423 -74.113096
-25.6132 87.8114 -3.425 -74.113915
-26.2352 87.7657 -1.6077 -74.114725
-26.8571 87.7201 0.2096 -74.115527
-27.4791 87.6745 2.0269 -74.116321
-28.1011 87.6289 3.8443 -74.117104
-28.723 87.5833 5.6616 -74.117878
-10.6474 82.0467 -25.97 -74.10261
-9.8973 83.5702 -26.7997 -74.102958
-8.9166 84.4636 -28.1497 -74.103317
-7.9416 85.635 -29.2349 -74.103685
-6.7633 86.7616 -30.2244 -74.104062
-5.9934 87.8877 -31.5 -74.104449
-4.805 89.0805 -31.9871 -74.104844
-4.0074 90.0975 -33.2964 -74.105251
-3.642 91.5318 -34.1524 -74.105665
-3.5504 92.2381 -35.0395 -74.106088
-2.6112 93.3175 -34.37 -74.106521
-1.4138 94.7914 -34.5426 -74.106961
-0.1697 96.0984 -35.117 -74.107408
0.8889 97.112 -35.3375 -74.107864
1.8787 97.6218 -33.8386 -74.108328
3.297 98.6527 -34.2066 -74.108796
4.478 100.1526 -34.2331 -74.109269
5.7259 101.6013 -34.2783 -74.109749
6.9236 103.076 -34.3329 -74.110232
8.2378 104.4594 -34.2789 -74.11072
9.708 105.6324 -34.1824 -74.11121
11.0242 106.9149 -34.1788 -74.111703
12.03 108.5293 -34.2938 -74.112197
12.8387 110.237 -34.4028 -74.112693
13.6986 111.9172 -34.2947 -74.113188
14.9808 113.3035 -34.0183 -74.113681
16.3534 114.5382 -33.5266 -74.114171
-8.0122 74.6652 -19.0128 -74.103941
-7.3733 74.7434 -17.1393 -74.104232
-6.2129 74.8717 -15.5661 -74.10453
-4.6588 75.1485 -14.4836 -74.104836
-2.9313 75.2005 -13.5318 -74.105152
-1.1908 75.5548 -14.025 -74.105478
0.2492 75.4182 -15.2751 -74.105814
1.6994 75.2949 -16.4498 -74.106159
3.456 75.8724 -16.5978 -74.106514
4.909 77.061 -16.0201 -74.106878
6.3489 78.0205 -15.2054 -74.10725
7.6777 78.1558 -16.557 -74.107634
9.1932 78.8939 -17.1669 -74.108025
10.3243 80.3116 -17.9293 -74.108424
11.8031 81.2429 -18.8099 -74.10883
13.3202 82.0201 -19.7154 -74.109243
14.672 82.8734 -20.8357 -74.109663
15.8195 84.0369 -21.4716 -74.110088
17.3968 85.0052 -21.5241 -74.110519
19.1523 85.9091 -21.6233 -74.110956
20.835 86.8367 -21.5731 -74.111396
22.3782 87.6805 -22.4819 -74.111842
23.6336 88.6822 -23.6145 -74.112289
25.3121 89.236 -24.4178 -74.112739
26.9271 90.1776 -25.069 -74.1132
28.5711 91.1435 -25.6063 -74.113666
30.1849 92.1759 -26.0934 -74.114118
31.906 93.0582 -26.3886 -74.114567
33.349 94.3802 -26.2354 -74.115012
34.682 95.7638 -25.7885 -74.115452
36.0698 96.9946 -25.1164 -74.115888
-9.1332 71.1226 -19.9391 -74.104692
-11.2049 71.3971 -19.3463 -74.105476
-12.2503 72.1505 -17.4371 -74.106286
-13.2771 72.9723 -16.3017 -74.10712
-15.0629 74.4381 -16.0237 -74.107979
-17.1889 75.3374 -15.9102 -74.108866
-18.7708 76.7954 -16.5998 -74.109781
-20.2396 77.7578 -18.0502 -74.110727
-21.4318 79.2493 -19.3169 -74.111701
-22.4493 80.8848 -20.0685 -74.112451
-23.644 82.5321 -19.9209 -74.112962
-25.2693 83.8199 -19.7197 -74.113487
-26.4282 85.5474 -19.5741 -74.114026
-27.4271 87.2915 -19.7394 -74.11458
-28.2555 88.0894 -18.5764 -74.115153
-28.4362 88.7812 -16.6121 -74.115742
-28.7184 89.4709 -14.6555 -74.116339
-28.5952 90.5234 -12.9306 -74.116948
-28.0087 92.2281 -11.8717 -74.117569
-28.1824 93.3344 -10.523 -74.118205
-28.881 94.9101 -9.3484 -74.118854
-29.1637 96.6406 -8.2343 -74.119515
-29.7507 98.589 -7.8416 -74.120187
-31.2546 100.014 -7.7767 -74.120873
-32.9856 101.1833 -7.8435 -74.121568
-34.438 102.6859 -7.93 -74.122276
-35.8645 104.1959 -8.077 -74.122994
-37.7492 105.0636 -8.2888 -74.123722
-39.7252 105.5106 -8.4883 -74.124462
-41.4274 106.5542 -8.4275 -74.125213
-22.5697 79.9845 -21.0657 -74.112476
-23.5049 79.5868 -23.0086 -74.112984
-24.7357 79.2357 -23.1851 -74.113454
-26.0186 79.7983 -22.2548 -74.113934
-27.6912 80.6895 -21.9109 -74.114426
-29.3246 81.7314 -21.4655 -74.11493
-31.1306 82.4861 -21.4143 -74.115445
-32.9071 83.2024 -21.5235 -74.115973
-34.8537 83.2248 -21.3716 -74.116512
-36.6622 83.819 -20.8419 -74.117063
-38.0322 83.5029 -19.5874 -74.117628
-39.4902 83.5562 -18.2934 -74.118202
-40.9141 84.0358 -17.0459 -74.118788
-42.4783 85.0996 -16.5078 -74.119383
-44.0118 86.2891 -16.2793 -74.119989
-45.0805 86.8165 -17.3328 -74.120617
-45.3985 87.0849 -19.2874 -74.12125
-46.0085 87.5938 -21.1008 -74.121895
-46.5256 87.8633 -23.0125 -74.122549
-47.0124 88.1443 -24.9307 -74.123212
-48.0466 88.8001 -25.8124 -74.123875
-49.3531 89.8139 -24.8517 -74.124546
-23.4169 79.5945 -22.041 -74.112753
-7.4755 47.1812 -14.128 -74.106627
-6.6397 46.9581 -15.442 -74.106604
-6.0885 47.0624 -16.854 -74.106585
-5.6785 47.4504 -18.3124 -74.106569
-5.0375 48.1975 -19.4234 -74.106557
-4.9376 48.8586 -20.8471 -74.106548
-4.8994 49.5688 -22.2208 -74.106542
-4.8067 50.8524 -23.1201 -74.106538
-4.348 52.1399 -23.896 -74.106538
-3.8636 53.4258 -24.6617 -74.10654
-3.2759 54.7308 -25.2965 -74.106544
-2.6137 56.0992 -25.6637 -74.106549
-1.9972 57.5231 -25.7699 -74.106556
-0.7472 58.4335 -25.8246 -74.106564
0.1834 59.5702 -25.9895 -74.106573
1.0556 60.8294 -26.3063 -74.106581
1.4265 62.1744 -26.9168 -74.106588
1.2466 63.3678 -27.9187 -74.106593
0.8615 64.5278 -28.8693 -74.106597
-1.2039 34.2315 -8.7378 -74.108351
-2.1645 36.692 -8.3921 -74.108707
-3.11 39.1845 -8.3928 -74.109077
-3.9026 40.3411 -6.7187 -74.109465
-4.4638 40.8393 -4.1593 -74.109871
-5.2514 41.2336 -1.6507 -74.110296
-6.4986 41.3875 0.6577 -74.11074
-6.9016 41.3668 3.1344 -74.111208
-8.3244 41.1475 5.0228 -74.111693
-9.0777 42.2825 6.6587 -74.112167
-10.4818 44.1286 6.7312 -74.112628
-12.0542 45.877 6.472 -74.113107
-13.7926 47.4551 6.7415 -74.113606
-14.3287 48.7274 8.6097 -74.114126
-14.2892 50.0448 10.5825 -74.114665
-14.3831 52.2013 11.5125 -74.115224
-15.4653 54.1641 11.5993 -74.115804
-15.9872 56.1264 10.7348 -74.116405
-15.9935 58.493 10.4465 -74.117028
-16.6674 59.2873 8.5547 -74.117677
-17.4698 59.7595 6.3608 -74.118347
-17.8092 61.9411 6.2291 -74.119038
-19.8136 62.8997 6.5069 -74.119754
-21.3274 63.1601 7.9551 -74.120496
-22.8218 64.0013 9.1439 -74.121156
-24.7396 64.6596 9.7419 -74.121728
-25.9313 65.6939 8.2209 -74.122318
-27.3521 67.091 7.1443 -74.122928
-27.8515 68.7801 5.7356 -74.123558
-28.9706 70.1238 4.2552 -74.124205
-29.8302 71.1977 2.3661 -74.124872
-30.5772 72.9481 2.3143 -74.125559
-31.2511 73.9836 4.3225 -74.126265
-31.8836 74.7971 6.3519 -74.12699
-33.4979 76.3178 6.0157 -74.127731
-35.3494 77.7054 5.6794 -74.12849
-36.2359 77.7987 3.4859 -74.129273
-36.823 78.2142 1.2302 -74.130075
-37.2962 78.8752 -1.0041 -74.130894
-38.0777 79.5243 -3.1351 -74.131727
-38.5828 79.8578 -5.4262 -74.132583
-40.1286 80.7679 -6.86 -74.133451
-41.8887 81.3717 -5.9333 -74.134338
-43.201 81.2826 -4.0378 -74.135245
-44.3102 81.7185 -2.0187 -74.136166
-23.2557 64.0561 8.131 -74.121023
-24.9649 64.9635 8.1844 -74.121325
-26.0616 65.9005 8.9001 -74.121645
-26.305 66.1448 10.8713 -74.121979
-26.4364 66.2766 12.8582 -74.122318
-26.7662 66.3845 14.8041 -74.122667
-28.2543 66.3369 15.7942 -74.123026
-29.7596 66.2207 16.7645 -74.123398
-29.8152 66.2528 18.7633 -74.12378
-30.2709 66.9957 19.6957 -74.124173
-31.7156 67.9135 20.4594 -74.124579
-32.1409 69.5247 21.5115 -74.124995
-33.0427 71.1208 22.2483 -74.12542
-33.7682 72.7602 23.0868 -74.125854
-34.714 74.4169 23.6586 -74.126296
-35.5114 76.0162 24.4887 -74.126747
-35.8784 77.7991 25.2812 -74.127207
-36.6919 79.4931 25.9091 -74.127675
-37.5921 81.2366 26.1638 -74.128149
-37.9648 82.9348 26.6532 -74.128633
-38.1232 84.1537 28.0096 -74.12912
-37.4894 85.6297 29.04 -74.129613
-37.0034 87.4849 29.1485 -74.130111
-36.7841 89.4485 29.2879 -74.130629
-36.3959 91.4052 29.448 -74.131148
-9.6387 41.5186 6.3846 -74.111958
-11.2133 41.8239 6.3128 -74.111991
-12.0979 42.4791 4.8865 -74.112032
-13.2557 43.35 3.9751 -74.11208
-14.2423 43.577 2.4577 -74.112136
-15.3556 43.71 1.0276 -74.112199
-15.9894 44.5732 -0.4476 -74.11227
-16.6871 45.12 -2.0478 -74.112348
-17.7188 45.8368 -3.2857 -74.112434
-18.5783 46.8498 -4.5254 -74.112527
-19.9074 47.2662 -5.6939 -74.112628
-21.5852 47.5437 -6.3542 -74.112735
-22.9761 48.6597 -6.3259 -74.112849
-24.3563 49.8697 -6.2079 -74.112969
-25.8552 50.8966 -6.0169 -74.113096
-27.0962 51.9486 -5.4199 -74.113229
-27.9482 52.3876 -3.9646 -74.113368
-29.654 52.5789 -3.9322 -74.113513
-30.6445 52.9077 -5.3714 -74.113662
-32.0441 53.5066 -6.2656 -74.113817
-33.4656 54.634 -6.5349 -74.113975
-34.9544 55.5474 -7.0531 -74.114136
-36.2819 56.6634 -7.6004 -74.114301
-37.6486 57.8611 -7.7756 -74.114468
-38.5034 59.4777 -7.6459 -74.114636
-39.3718 61.0534 -7.2838 -74.114805
-40.2991 62.551 -6.7638 -74.114973
-41.2384 64.045 -6.261 -74.11514
-41.8614 65.6914 -5.7694 -74.115305
-42.4591 67.2851 -5.1652 -74.115466
-43.3383 68.5969 -4.4191 -74.115623
-44.4522 70.0317 -4.1392 -74.115772
-45.5063 71.5345 -4.0501 -74.115915
-46.5569 73.035 -4.1531 -74.116049
-47.8716 74.2263 -4.5515 -74.116172
-48.8625 75.1738 -5.5759 -74.116283
-49.2408 75.7623 -7.2733 -74.116381
-49.4584 77.0985 -8.4631 -74.116463
-49.9501 78.752 -8.946 -74.116527
-51.026 79.8745 -9.2484 -74.116572
-51.28 79.9424 -10.8927 -74.116597
17.7044 20.951 4.9703 -74.110567
18.2015 22.2043 5.6044 -74.110692
18.6985 23.4577 6.2386 -74.110818
19.0912 25.152 6.8819 -74.11098
19.429 27.2733 6.757 -74.111185
20.0937 28.9393 5.4586 -74.111399
20.5192 30.5261 4.0181 -74.111623
21.7848 31.8769 2.8501 -74.111859
22.0977 33.1829 1.0434 -74.112107
23.2662 34.71 0.0406 -74.112366
23.7528 35.2305 -1.9989 -74.112638
24.4415 36.3316 -0.4475 -74.112924
25.2156 37.3871 1.3732 -74.113222
25.5431 38.1412 3.4507 -74.113534
26.3109 39.4951 5.0553 -74.113858
27.3125 40.7429 3.9319 -74.114196
27.6125 41.5008 5.9749 -74.114551
27.8649 42.4672 7.8245 -74.114918
28.5761 44.0126 9.106 -74.115299
29.3017 45.8785 9.8466 -74.115694
29.8444 47.4239 10.9837 -74.116106
29.8427 48.4745 12.9418 -74.116531
30.4043 50.5089 13.6559 -74.11697
32.2661 51.6774 14.0416 -74.117424
33.7432 53.3643 13.9508 -74.117892
35.3704 54.8773 13.6311 -74.118376
36.404 56.7929 13.1328 -74.118875
37.9566 57.9008 12.228 -74.119388
39.1636 59.6692 11.6914 -74.119916
40.7811 61.2139 11.412 -74.120459
42.5407 62.5144 11.7504 -74.121015
43.9242 63.8221 12.81 -74.121588
45.3908 65.165 13.6376 -74.122174
45.9271 67.2097 14.1714 -74.122772
46.6355 69.1359 14.3788 -74.123383
48.3635 70.1089 14.8857 -74.124009
49.6569 71.9103 15.1633 -74.124659
50.9513 73.7475 15.4455 -74.125323
52.8054 74.9337 15.6383 -74.125986
54.7263 75.5702 15.6827 -74.12666
56.0864 76.9982 15.657 -74.127345
57.1449 78.0802 14.4904 -74.128044
58.894 79.349 14.0314 -74.128752
60.9129 80.2627 14.3307 -74.129468
62.6887 81.5896 14.007 -74.130194
64.1912 82.1373 14.8133 -74.130933
65.3934 82.3955 16.5144 -74.131678
66.9021 83.2776 17.6975 -74.132426
67.4164 84.9808 18.6495 -74.13318
68.0681 86.9646 19.2519 -74.133935
18.9087 24.0362 7.1126 -74.110881
19.1476 18.9083 3.9431 -74.110451
20.9905 18.3979 3.8423 -74.110508
22.9152 18.2333 3.6481 -74.11057
24.7758 17.8958 3.3306 -74.110637
26.5871 18.0132 3.1308 -74.110709
28.3023 18.6484 3.6845 -74.110788
29.9424 18.8206 4.6508 -74.110872
31.2866 18.6601 5.9911 -74.110964
32.7096 18.1098 7.1234 -74.111063
34.1103 16.8391 7.543 -74.111168
35.4164 15.4177 7.7072 -74.111282
36.5618 14.0174 7.4707 -74.111403
38.0589 13.6462 6.35 -74.111532
39.8047 13.3092 5.8907 -74.111669
41.5119 12.7068 5.2455 -74.111814
42.8693 12.0614 4.0202 -74.111968
44.4573 11.3345 3.2295 -74.11213
45.9294 10.8303 2.4767 -74.112301
47.1014 10.1377 3.6205 -74.112481
48.3849 9.3089 4.6779 -74.112668
49.394 9.6773 6.2389 -74.112866
50.6478 10.0528 7.6185 -74.113071
51.9327 9.8336 9.0023 -74.113285
53.4883 10.1208 10.104 -74.113507
55.2334 9.8227 9.9071 -74.113737
57.0597 9.924 9.3135 -74.113989
58.8743 9.6526 8.6558 -74.114255
60.689 9.3812 7.9981 -74.114519
62.4959 9.1815 7.3186 -74.114783
64.0964 9.6659 6.3822 -74.115051
65.6128 10.0298 5.5676 -74.115326
66.3879 8.7348 6.61 -74.115608
67.0408 7.9267 8.2378 -74.115895
67.6184 7.3624 10.0083 -74.116188
68.2214 6.7991 11.7671 -74.116488
68.8557 6.3245 13.5452 -74.11679
69.5936 6.0215 15.3177 -74.117097
70.6128 5.6939 16.9232 -74.117406
71.846 5.1297 18.3139 -74.117714
73.446 5.6128 19.1551 -74.118025
75.1394 5.1362 19.9892 -74.11834
76.7792 5.1163 20.887 -74.118649
78.3203 5.541 21.9782 -74.118956
79.5543 6.0354 23.1887 -74.11926
80.477 6.477 24.7608 -74.119557
82.1371 6.4027 25.3832 -74.119848
83.992 6.8997 25.7174 -74.120131
85.8702 6.8251 26.0726 -74.120405
87.7509 6.7088 26.4848 -74.120668
89.6348 6.7028 26.6547 -74.120917
91.0074 6.4378 25.4152 -74.12115
92.1971 6.0461 24.0228 -74.121368
93.1627 5.5053 22.7795 -74.12157
93.4181 5.3578 20.8527 -74.121751
93.6827 5.205 18.9277 -74.121906
93.9559 5.0473 17.0042 -74.122034
94.7999 4.5071 17.8661 -74.122131
-1.9865 16.2264 -10.9822 -74.108657
-1.6114 17.3396 -11.0385 -74.108681
-1.1973 18.2526 -10.4886 -74.108699
-0.4899 18.8695 -10.968 -74.108711
0.4947 18.656 -11.4238 -74.108718
-5.9486 122.6202 -36.4545 -74.078099
-4.8563 124.4889 -38.1946 -74.075816
-3.4433 126.1431 -39.8024 -74.073484
-2.2407 128.597 -40.3971 -74.071102
-1.5188 131.295 -40.1613 -74.068664
-1.6696 134.0734 -40.2753 -74.066172
-2.517 136.7345 -40.7076 -74.063621
-3.2762 139.4376 -41.1589 -74.06101
-4.1563 142.1305 -41.3938 -74.058339
-4.9956 144.8475 -41.5126 -74.055603
-4.2109 147.46 -41.641 -74.052807
-3.9407 150.1251 -41.6099 -74.04994
-3.8535 152.9656 -41.6389 -74.047008
-3.8797 155.8081 -41.7765 -74.044002
-3.362 158.4701 -41.8809 -74.040921
-3.9026 161.1882 -41.8597 -74.037765
-4.6546 163.8938 -41.7416 -74.034531
-4.458 166.7321 -41.7051 -74.031217
-4.7248 169.4267 -41.9823 -74.02782
-5.9516 171.9513 -42.4086 -74.024336
-6.8697 174.6164 -42.5236 -74.020766
-7.1469 177.3942 -42.5991 -74.017104
-8.5483 179.5426 -43.6297 -74.013347
-9.0965 181.9163 -44.9846 -74.009486
-9.3572 184.5276 -45.8738 -74.005532
-10.3037 185.8819 -45.5629 -74.002332
-12.6165 185.7411 -44.527 -73.999948
-14.6492 185.7303 -43.1953 -73.997533
-16.2496 187.2653 -42.1906 -73.995059
-17.9145 189.1431 -41.8854 -73.992515
-19.4479 191.0685 -41.5909 -73.989899
-21.0169 192.9475 -41.0017 -73.987206
-22.4125 194.4386 -40.3024 -73.984433
-23.7068 195.9472 -39.0039 -73.981577
-25.0392 197.7028 -39.8911 -73.978636
-25.8175 200.0563 -40.2799 -73.97561
-26.6369 201.4551 -41.5533 -73.972487
-27.5289 202.2594 -40.2727 -73.969269
-29.472 203.3638 -40.3713 -73.965964
-31.4096 204.4733 -39.3932 -73.962558
-31.9894 205.4816 -37.1556 -73.959034
-32.896 206.6385 -35.2063 -73.955415
-33.7738 206.9925 -32.8727 -73.951676
-35.326 208.2821 -31.3862 -73.947839
-36.5537 210.18 -30.3332 -73.943885
-37.6503 212.1937 -29.5135 -73.939813
-38.7499 214.0475 -28.2022 -73.935612
-38.8366 216.2339 -27.1303 -73.931279
-39.8429 217.9451 -25.6872 -73.926811
-40.3547 220.3663 -25.6679 -73.922204
-9.0607 186.6005 -47.0068 -74.002646
-8.6412 188.5188 -48.1723 -74.000871
-7.9227 189.8909 -49.7878 -73.999035
-7.3389 191.2666 -51.5099 -73.997138
-6.8689 192.8579 -53.067 -73.99518
-6.5717 194.5306 -54.6272 -73.993156
-6.699 195.7688 -56.5782 -73.99106
-6.6007 197.3796 -57.9455 -73.988898
-5.361 198.4457 -59.4593 -73.98666
-4.0706 199.0919 -61.2062 -73.984346
-2.56 200.3359 -61.9713 -73.981961
-1.1767 202.1203 -62.473 -73.979495
0.1257 203.765 -63.1817 -73.976948
0.5779 205.9809 -62.9411 -73.974313
1.7705 207.8999 -62.7909 -73.971588
1.7806 210.0234 -63.3852 -73.968769
1.251 212.0868 -62.5412 -73.965852
0.3882 214.2228 -62.3899 -73.96284
-0.4598 216.2968 -62.9067 -73.959727
-1.2479 218.4121 -63.4146 -73.956506
-2.0973 220.5416 -63.7457 -73.953175
-3.4118 222.4275 -63.923 -73.949732
-5.2388 223.8332 -64.0726 -73.946172
-7.0057 225.2983 -64.337 -73.94249
-8.1122 227.0393 -64.9339 -73.938674
-8.3675 229.0243 -65.402 -73.935576
-8.7031 230.7886 -65.6689 -73.933248
-9.2813 232.5101 -65.8231 -73.930843
-9.2237 228.2929 -64.8468 -73.935948
-10.9382 228.5001 -64.259 -73.934371
-12.6565 228.7042 -63.682 -73.932737
-25.5183 124.0162 -29.3962 -74.099694
-26.4756 125.8583 -28.1987 -74.09985
-27.6755 127.8327 -27.6028 -74.099996
-27.9279 128.8492 -29.077 -74.100132
-28.5728 129.8586 -27.39 -74.100257
-29.4951 131.5172 -26.0388 -74.10037
-30.3172 133.5583 -25.0126 -74.10047
-30.9903 134.755 -23.0132 -74.100557
-31.8576 136.0757 -21.167 -74.100628
-32.9249 137.8539 -19.8699 -74.100684
-34.7749 138.8966 -19.3111 -74.100723
-36.3176 139.9122 -18.0849 -74.100744
-37.4604 141.3871 -16.8864 -74.100747
-38.6623 143.1941 -16.0632 -74.100729
-40.1691 144.5551 -14.9429 -74.10069
-41.2877 146.3296 -14.9203 -74.100628
-42.5778 148.1549 -14.027 -74.100543
-43.9866 149.9737 -13.1872 -74.100432
-45.0144 151.7833 -12.0503 -74.100295
-45.5532 153.8159 -10.8393 -74.10013
-46.3861 156.0367 -10.2537 -74.099935
-46.9837 158.3901 -9.9517 -74.09971
-47.8117 160.6751 -9.7756 -74.099451
-49.0447 162.6915 -9.706 -74.099159
-50.015 164.9082 -9.8518 -74.09883
-51.5234 166.8379 -9.9384 -74.098463
-52.9161 168.8061 -9.9279 -74.098057
-54.0733 170.9215 -9.7859 -74.097609
-55.7453 172.652 -9.5467 -74.097117
-57.6094 174.1497 -9.6472 -74.09658
-59.246 175.273 -8.9172 -74.095994
-60.6519 176.3429 -7.7572 -74.095358
-61.8971 178.3631 -7.4187 -74.09467
-62.7492 180.6081 -7.5045 -74.093927
-63.9736 182.7158 -7.7021 -74.093126
-65.2308 184.8141 -7.6187 -74.092266
-66.7492 186.7003 -7.6491 -74.091345
-68.417 188.4651 -7.7574 -74.090357
-69.4591 190.6092 -7.7695 -74.089303
-69.6776 192.1396 -9.5531 -74.088173
-70.6232 193.0213 -8.854 -74.086955
-70.9662 193.1386 -6.4297 -74.08566
-71.4596 193.5338 -4.0639 -74.084286
-72.1758 195.2071 -3.9513 -74.08284
-73.6159 196.7389 -5.1111 -74.081307
-74.8609 198.522 -6.148 -74.079683
-75.7426 199.5734 -7.6936 -74.07796
-75.3694 199.5725 -10.1146 -74.076108
-74.4019 199.6256 -11.6143 -74.074178
-73.8016 200.0979 -9.3728 -74.072133
-74.5843 201.3776 -7.8285 -74.069981
-75.66 202.8847 -6.3385 -74.067711
-76.7569 204.7933 -5.2692 -74.06532
-77.7876 206.5222 -4.0466 -74.062797
-78.7815 208.5213 -3.0989 -74.060144
-29.3228 87.5393 7.4141 -74.118614
-29.9005 87.4969 9.1019 -74.119314
-30.4781 87.4545 10.7898 -74.120004
-31.0558 87.4122 12.4776 -74.120683
-32.2782 87.1841 13.3671 -74.121356
-33.8866 86.6278 13.8875 -74.122035
-35.2533 87.1539 14.4242 -74.12272
-35.8481 87.8038 15.3321 -74.123409
-36.8463 86.9864 16.4788 -74.124103
-38.3951 86.3544 16.7879 -74.1248
-40.0436 86.842 16.4412 -74.125499
-41.676 86.6973 15.7688 -74.126201
-43.0795 86.67 14.6822 -74.126905
-44.7397 86.6061 14.8133 -74.12761
-46.2784 86.3685 14.6265 -74.128315
-47.931 85.969 14.7511 -74.12902
-49.3382 85.0184 15.2541 -74.129724
-51.0157 84.5548 15.4912 -74.130426
-52.76 84.3802 15.7377 -74.131125
-54.4766 84.1118 16.1326 -74.131819
-56.1575 83.722 16.5614 -74.13251
-57.6854 83.1665 17.2616 -74.133195
-59.449 83.0129 17.2864 -74.133873
-61.2047 83.1213 17.0316 -74.134542
-62.4985 83.4162 16.057 -74.135203
-64.2493 83.561 15.9695 -74.135855
-65.9938 83.4285 15.6473 -74.136495
-67.7202 83.5173 15.2308 -74.137122
-69.055 83.036 14.2322 -74.137736
-69.8653 82.2066 12.9383 -74.138335
-71.0115 81.258 11.9738 -74.138916
-72.4278 80.4398 11.5445 -74.13948
-73.698 79.222 11.6667 -74.140022
-74.8344 77.8746 11.8888 -74.140541
-76.1909 76.8138 12.1994 -74.141039
-77.7152 76.0674 12.6693 -74.141512
-79.2241 75.3783 13.2714 -74.141957
-80.5771 74.3384 13.7242 -74.142372
-81.948 73.2954 14.1285 -74.142757
-83.3128 72.1963 14.4348 -74.143107
-84.2563 70.7511 14.49 -74.143423
-85.9688 70.3467 14.3507 -74.143701
-87.6869 70.083 14.43 -74.143938
-89.1236 69.3762 14.9056 -74.144134
-90.0942 69.1674 16.3612 -74.144285
-91.4773 68.4273 17.0893 -74.144388
-93.1744 68.4543 17.5737 -74.144441
17.4714 115.5383 -32.7054 -74.114617
18.7181 116.515 -32.6736 -74.115019
19.4474 117.9165 -32.6863 -74.115415
20.2746 119.2604 -32.6312 -74.115808
21.0837 120.5882 -32.4636 -74.116195
21.7758 121.9988 -32.2416 -74.116575
22.3094 123.4582 -32.1155 -74.116948
23.1409 124.8071 -32.0128 -74.117312
23.9385 126.1782 -31.9172 -74.117668
25.0849 127.2066 -31.902 -74.118013
25.7601 127.3047 -33.2559 -74.118349
26.628 127.211 -34.5602 -74.118674
27.4583 127.1967 -35.7592 -74.118983
28.395 127.5305 -34.6253 -74.119276
29.5644 128.205 -33.8463 -74.119553
30.5696 128.6374 -32.8152 -74.119813
32.0051 129.043 -32.2921 -74.120054
33.4128 129.4399 -31.6761 -74.120274
34.7649 130.0848 -31.1622 -74.120472
36.07 130.7044 -30.5266 -74.120646
37.2954 130.2845 -29.7509 -74.120795
38.6668 129.8544 -29.4393 -74.120918
40.0959 129.824 -28.9371 -74.121013
41.6596 129.7812 -29.1527 -74.121078
43.163 129.7557 -29.5887 -74.121111
37.3605 97.6671 -24.1386 -74.116274
38.5247 98.3419 -23.3011 -74.116612
39.4075 98.7958 -22.0704 -74.116944
39.7833 99.3954 -20.6642 -74.11727
39.86 99.407 -19.0804 -74.117591
40.1939 99.8932 -18.7303 -74.1179
40.4963 100.318 -20.2174 -74.1182
41.4643 101.4944 -20.1061 -74.118487
42.3976 102.7119 -19.7798 -74.118762
43.1049 104.0833 -19.5568 -74.119023
44.0865 105.3182 -19.6544 -74.119269
44.7899 106.7249 -19.7113 -74.1195
45.9094 107.8469 -19.694 -74.119713
47.0015 108.9935 -19.6267 -74.119908
47.4874 110.1272 -19.5101 -74.120088
47.4694 110.2183 -21.0953 -74.120264
47.4514 110.3094 -22.6805 -74.120412
47.4334 110.4005 -24.2657 -74.120532
47.4153 110.4915 -25.8509 -74.120623
47.3973 110.5826 -27.4361 -74.120685
47.3793 110.6737 -29.0213 -74.120716
-43.1464 107.2097 -8.6051 -74.125916
-44.2349 108.3552 -9.2701 -74.126568
-45.5183 109.1815 -10.1573 -74.127227
-46.5455 110.332 -10.9218 -74.127891
-47.6198 111.4497 -11.7523 -74.128561
-48.7733 112.6103 -11.9929 -74.129237
-49.0763 114.3515 -11.8794 -74.129919
-49.3422 116.0762 -11.586 -74.130604
-49.7822 117.0822 -10.2937 -74.131295
-50.4256 118.2912 -9.1739 -74.13199
-50.9978 119.2379 -7.7863 -74.132689
-51.2625 120.0244 -6.2601 -74.133392
-51.6654 121.1492 -4.9912 -74.134095
-51.9476 122.7357 -4.2703 -74.1348
-52.5998 124.2212 -3.6393 -74.135505
-53.274 125.7541 -3.0637 -74.136209
-53.9887 127.1954 -2.3704 -74.136912
-53.963 128.1021 -0.9245 -74.137622
-54.6255 128.6873 -0.6995 -74.138331
-55.0557 128.8462 -2.4173 -74.13904
-55.7093 129.6088 -3.8029 -74.139737
-56.3904 130.5701 -3.4395 -74.140431
-57.2397 131.7558 -2.5815 -74.141121
-57.7383 132.4193 -1.0375 -74.141811
-58.1997 132.8604 0.5026 -74.142491
-59.135 134.2149 0.2827 -74.14316
-59.5411 135.9385 0.3726 -74.143819
-60.3211 137.5272 0.4547 -74.144468
-61.5615 138.7924 0.4272 -74.145103
-62.8427 140.0202 0.4049 -74.145727
-63.9756 141.337 0.4784 -74.146337
-65.5415 142.0698 0.6041 -74.14693
-66.8201 143.3029 0.6105 -74.147507
-67.9523 144.6731 0.6097 -74.14808
-69.0106 146.0943 0.6091 -74.148622
-69.7753 147.6531 0.6561 -74.149138
-69.9859 148.4831 2.1055 -74.149634
-70.4429 149.3779 3.3991 -74.150103
-71.6135 150.4383 2.691 -74.150543
-72.4835 151.5429 1.7355 -74.150954
-72.9227 152.8592 2.7049 -74.151335
-72.5877 154.4469 3.3601 -74.151682
-73.0119 156.1489 3.5593 -74.151994
-73.1545 157.8864 3.5882 -74.152268
-74.1953 159.319 3.6169 -74.152502
-74.932 160.9303 3.7174 -74.152694
-75.2192 162.6661 3.8423 -74.152842
-75.4158 163.3004 5.1393 -74.152945
-75.4017 163.5667 6.8972 -74.152997
-50.1374 90.531 -23.3634 -74.125186
-51.2673 90.8857 -22.5511 -74.125787
-52.7159 91.6607 -23.1098 -74.126391
-54.0702 92.6015 -23.357 -74.127
-55.4386 93.0469 -22.4458 -74.127613
-56.998 93.6059 -21.9041 -74.128231
-58.5673 94.2413 -21.5078 -74.128851
-59.4515 94.8578 -20.2839 -74.129478
-60.3751 95.9904 -19.3491 -74.130103
-61.639 96.317 -18.2753 -74.13073
-62.5765 96.8459 -17.7339 -74.131358
-63.9654 97.6322 -17.7098 -74.131987
-65.6166 98.1559 -17.9424 -74.132617
-67.3141 98.5251 -18.0363 -74.133245
-68.9906 98.999 -17.9141 -74.13387
-70.4527 99.8368 -17.5623 -74.134494
-71.8636 100.5751 -16.8437 -74.135114
-73.2945 101.1084 -16.0241 -74.135729
-74.8032 101.5319 -15.3155 -74.136339
-76.2937 102.0431 -14.7677 -74.136943
-76.9439 103.3194 -13.9021 -74.137539
-77.7853 104.5384 -13.0235 -74.138128
-79.1174 105.4827 -13.5256 -74.138705
-80.5678 106.3785 -13.889 -74.139272
-81.9123 107.4474 -14.0602 -74.139825
-82.892 108.884 -14.1362 -74.140365
-83.7902 110.3676 -14.0768 -74.140891
-84.9748 111.6284 -13.8567 -74.141399
-86.2002 112.6963 -13.3076 -74.141892
-87.0479 113.9279 -12.479 -74.142365
-87.7411 115.4304 -11.9657 -74.142816
-88.823 116.6812 -11.5653 -74.143244
-89.4834 118.0465 -10.8065 -74.143648
-90.0558 119.4566 -9.9504 -74.144026
-90.8226 120.9302 -9.4429 -74.144376
-91.9586 122.2396 -9.3374 -74.144694
-92.8888 123.6775 -9.6286 -74.14498
-93.6083 125.2344 -9.9613 -74.145233
-94.4583 126.6908 -10.3334 -74.145448
-95.6371 127.179 -11.2403 -74.145626
-96.5223 128.3643 -11.7434 -74.145763
-97.3565 129.8343 -11.9607 -74.145857
-98.0187 131.4271 -12.0082 -74.145905
-44.8397 82.3848 -0.1022 -74.136995
-45.6858 82.6745 1.4762 -74.137729
-47.0854 83.466 2.0376 -74.138468
-47.9154 84.1261 0.6038 -74.13922
-48.4536 84.4912 -1.1078 -74.139977
-49.4629 84.7481 -2.3216 -74.140743
-50.8487 85.4683 -2.9272 -74.141518
-51.3634 86.2483 -4.138 -74.142307
-51.1604 85.8865 -5.9031 -74.143104
-51.4147 86.3329 -4.63 -74.14391
-51.3753 86.9211 -3.2026 -74.144719
-51.6511 88.546 -2.6095 -74.145532
-52.0008 89.4665 -3.9264 -74.14636
-52.6137 90.8015 -4.1725 -74.14719
-53.4473 92.4123 -3.9386 -74.148028
-53.8653 94.1635 -3.6555 -74.148872
-53.9519 95.9277 -3.215 -74.149723
-54.3051 97.4953 -2.5507 -74.15058
-54.5625 98.6898 -1.1952 -74.15144
-54.547 99.8234 0.1762 -74.152307
-54.2907 100.3598 1.9096 -74.15318
-54.7709 101.2087 3.4194 -74.154051
-54.4328 101.9413 3.8933 -74.154921
-53.0212 101.1678 3.092 -74.155793
-52.5222 101.109 4.5528 -74.156673
-54.1846 101.7537 4.4499 -74.157547
-55.6576 102.8136 4.5394 -74.158421
-56.499 104.3974 4.7059 -74.159294
-56.8786 106.1716 4.8788 -74.160165
-56.4546 107.8733 4.5587 -74.161034
-55.6814 109.1098 4.4339 -74.161906
-55.7928 109.3656 6.2457 -74.162789
-56.2213 109.7146 7.7986 -74.163647
-55.5336 111.171 7.9788 -74.164498
-57.2605 111.7016 8.1166 -74.165339
-58.1121 113.2561 8.4551 -74.166173
-58.5985 114.919 9.0311 -74.166998
-59.6859 116.036 9.8099 -74.167808
-59.434 116.5435 10.5662 -74.168609
-59.3051 118.1105 11.4366 -74.169395
-59.9415 119.6907 12.0733 -74.170167
-60.8614 121.156 12.3489 -74.170921
-61.607 122.4945 11.39 -74.171658
-62.1797 124.0961 10.8491 -74.172375
-62.6253 125.8486 10.8404 -74.173069
-62.2188 127.4063 11.6395 -74.173739
-61.8461 129.0333 12.3882 -74.174383
-62.5327 130.6886 12.3999 -74.175
-62.936 132.4579 12.2088 -74.175588
-63.3234 134.2117 11.8803 -74.176147
-63.6303 135.945 11.5157 -74.176671
-63.951 136.5199 9.8435 -74.177164
-64.1784 137.2406 8.1925 -74.177618
-64.0694 138.3872 6.7995 -74.178029
-64.3697 140.0086 6.0583 -74.1784
-64.8732 141.6033 5.322 -74.178724
-65.5178 142.5596 4.0703 -74.179003
-65.7682 143.1976 5.3492 -74.179231
-66.7186 144.3442 5.8832 -74.179407
-67.5125 145.9488 6.0337 -74.179527
-68.2142 147.6123 6.0332 -74.179588
-36.2134 93.2108 29.5751 -74.131614
-36.6635 94.7733 29.8902 -74.132036
-36.9263 96.2364 30.4302 -74.132458
-37.1622 97.773 30.8495 -74.13288
-37.5529 99.3568 31.1525 -74.133303
-37.9173 100.9487 31.3678 -74.133722
-38.3971 102.525 31.406 -74.13414
-38.3118 104.182 31.3802 -74.134555
-38.3833 105.841 31.3619 -74.134965
-38.5184 107.493 31.3513 -74.135371
-38.1793 109.1047 31.3065 -74.135772
-37.694 110.6348 31.1726 -74.136165
-37.4366 112.1749 31.1742 -74.136552
-36.4341 113.3684 31.2349 -74.136931
-35.2673 114.4885 31.1966 -74.137301
-35.1913 116.0244 31.322 -74.13766
-36.1323 117.264 31.8032 -74.138007
-36.1013 118.8174 31.8898 -74.138343
-35.2737 120.1279 31.585 -74.138664
-34.1912 121.3196 31.36 -74.138971
-33.7141 122.9011 31.2289 -74.139259
-33.0667 124.4147 31.1658 -74.139531
-32.8786 126.0601 31.1275 -74.139782
-32.0835 127.4884 31.1247 -74.140011
-31.8296 129.12 31.1246 -74.140219
-31.1422 130.5851 30.9859 -74.140402
-30.3228 131.8477 30.3079 -74.140559
-29.6856 132.4849 28.9766 -74.140688
-29.0719 133.0333 27.5676 -74.140789
-28.0844 133.7856 27.8775 -74.140857
-27.152 134.469 28.6173 -74.140893
68.8569 88.73 19.5506 -74.134598
69.4626 89.4871 18.5505 -74.135174
69.8694 90.2922 17.5312 -74.135749
70.1133 90.9732 19.0619 -74.136324
70.2522 92.4115 19.6157 -74.136895
70.8156 93.9888 19.8859 -74.137463
70.9233 95.5529 19.5992 -74.13803
71.3862 97.0655 19.4044 -74.138592
72.5006 98.2929 19.6588 -74.139147
72.7344 99.9408 19.94 -74.139698
72.932 101.5833 19.995 -74.140243
72.4313 103.198 19.9089 -74.140781
71.8799 104.7873 20.0008 -74.141309
71.5282 106.416 19.8144 -74.141828
71.2624 108.037 19.4849 -74.142336
70.3107 109.3594 19.2993 -74.142831
69.2896 110.7156 19.219 -74.143312
68.8552 112.3448 19.1576 -74.143778
68.8224 113.8606 18.9579 -74.144227
69.0085 114.8834 18.0264 -74.144661
68.8524 116.0924 16.8932 -74.145075
69.7271 117.2159 15.9694 -74.145469
70.0973 118.581 15.0882 -74.145839
70.8674 119.2691 13.939 -74.146188
70.3855 118.9765 13.515 -74.146509
69.9666 118.6726 13.3866 -74.146806
70.2125 118.847 11.7059 -74.147077
70.4357 118.9096 10.8982 -74.147312
70.1867 118.7318 12.5649 -74.147517
69.521 118.6003 13.8778 -74.147682
69.0153 119.2849 13.1332 -74.147809
69.8993 119.8704 11.9133 -74.147896
70.2963 119.9515 10.2866 -74.147941
95.5228 3.6634 18.9207 -74.122183
95.9521 3.5018 19.9853 -74.122209
96.3294 3.3373 21.069 -74.122222
-41.3421 222.5153 -25.6062 -73.917766
-42.702 224.1478 -25.2091 -73.913637
-44.2458 225.1088 -24.0553 -73.909502
-45.8189 226.0665 -23.0056 -73.905365
-47.3319 227.1224 -21.9872 -73.901225
-48.8138 228.7344 -21.8003 -73.897081
-50.1281 230.4969 -21.9165 -73.892933
-51.8278 231.7383 -22.0527 -73.888777
-52.8158 233.6774 -22.1145 -73.884609
-53.0724 235.6787 -22.1684 -73.881309
-53.6815 237.6012 -22.215 -73.878888
-54.8336 239.2327 -22.1693 -73.876476
-55.9455 240.9107 -22.1307 -73.874071
-56.8959 242.6769 -22.2538 -73.871673
-57.6448 244.0732 -23.1351 -73.869276
-57.9004 245.3567 -24.6431 -73.866886
-58.5973 247.0318 -25.4177 -73.864503
-59.3933 248.8468 -25.6686 -73.862127
-60.5485 250.492 -25.7129 -73.859755
-62.0102 251.8694 -25.795 -73.857386
-63.5819 251.7041 -25.7766 -73.855021
-65.1861 252.5294 -25.4878 -73.852656
-66.5361 253.7075 -24.6451 -73.850295
-67.4482 255.4346 -24.2826 -73.847936
-68.0616 257.3349 -24.0645 -73.84558
-69.279 258.781 -24.0213 -73.843229
-70.6709 260.1778 -24.061 -73.840878
-71.4436 262.0159 -24.0595 -73.838532
-72.8554 263.4363 -23.888 -73.83619
-74.3055 264.6952 -23.3614 -73.833853
-75.6104 266.0079 -22.6232 -73.831518
-76.4194 267.7709 -22.2236 -73.829182
-77.0046 269.6763 -21.989 -73.826851
-77.6943 271.5617 -21.8675 -73.824526
-78.0414 273.5421 -21.7862 -73.822204
-78.9873 275.301 -21.7403 -73.819886
-80.3424 276.7952 -21.6879 -73.817574
-81.6546 278.3163 -21.6068 -73.815268
-83.1583 279.5974 -21.7854 -73.812969
-84.8953 280.6045 -21.8472 -73.810673
-86.7025 281.4584 -21.6828 -73.808382
-87.8751 282.8646 -21.0904 -73.806096
-89.4892 283.7967 -20.5891 -73.803816
-91.1007 284.9601 -20.5677 -73.801545
-92.4107 286.2858 -21.1453 -73.799277
-94.0557 286.9976 -21.9919 -73.797019
-95.7101 288.0996 -22.2545 -73.794768
-97.3406 289.2852 -22.2657 -73.792526
-98.976 289.9877 -22.9029 -73.790292
-100.2796 290.7986 -23.6291 -73.788065
-101.4799 291.8038 -22.4899 -73.785844
-103.036 292.9887 -22.0284 -73.783636
-104.6892 294.1312 -21.8834 -73.781438
-106.3559 295.2232 -22.151 -73.779251
-107.8941 296.3493 -22.6692 -73.777076
-109.1385 297.4951 -23.597 -73.774909
-110.8652 298.494 -23.4597 -73.772759
-112.4721 299.5248 -23.016 -73.770618
-113.8772 300.6139 -22.2042 -73.768491
-115.339 301.8994 -21.8314 -73.766377
-116.6463 303.427 -21.784 -73.76428
-117.9037 305.0024 -21.8441 -73.762195
-119.0254 306.6607 -22.003 -73.760124
-119.7365 308.5266 -22.2827 -73.758069
-120.0458 309.7921 -21.1758 -73.756019
-120.3335 310.3959 -19.2752 -73.753992
-120.8092 311.2425 -17.5331 -73.751985
-121.3861 312.9361 -16.6595 -73.749998
-122.3666 314.5966 -16.303 -73.748036
-123.445 316.2788 -16.4754 -73.746089
-124.5125 317.8962 -16.7048 -73.744165
-124.8879 318.6378 -14.9021 -73.742248
-124.9811 319.1413 -12.9496 -73.740351
-125.2786 319.7061 -11.0358 -73.738478
-125.7833 320.5605 -9.2875 -73.736637
-126.7853 321.2272 -7.7186 -73.734823
-128.1198 321.7372 -6.5853 -73.733029
-129.5338 322.6762 -5.6435 -73.731262
-130.8033 322.8583 -4.1103 -73.729518
-132.3486 322.5617 -2.9424 -73.727802
-133.5223 321.7567 -2.2514 -73.726113
-134.4075 321.0203 -3.7194 -73.724452
-136.141 320.0633 -3.704 -73.722821
-137.9234 319.2453 -3.5128 -73.72122
-139.8153 319.4438 -3.03 -73.71963
-141.7336 319.7231 -2.5415 -73.718086
-143.2992 318.8382 -1.8198 -73.716579
-143.6324 318.198 -3.1912 -73.715096
-144.6494 318.183 -2.5451 -73.713644
-145.6029 318.7473 -1.0864 -73.712232
-147.1116 319.1677 -0.0827 -73.710854
-149.0143 318.6505 0.3041 -73.709512
-150.835 317.9416 0.6531 -73.708207
-152.6003 318.3043 1.3039 -73.706939
-154.255 319.2248 1.8195 -73.705711
-156.1347 319.0641 1.3765 -73.704521
-157.9479 318.8394 0.6505 -73.70337
-159.8193 318.2421 0.4855 -73.702257
-161.6982 318.4908 0.8126 -73.701187
-163.3502 318.4678 1.946 -73.700156
-164.7917 318.8721 3.1901 -73.699166
-166.0348 318.4651 4.5448 -73.698218
-167.2051 317.7036 5.9108 -73.697314
-168.6856 318.3603 6.972 -73.696452
-170.5746 318.3686 7.6324 -73.695634
-172.4422 318.8037 8.0573 -73.69486
-173.7745 319.4811 7.41 -73.694127
-175.2708 319.8181 6.8918 -73.693439
-176.3866 321.0401 7.8064 -73.692796
-178.1084 321.388 8.4289 -73.692196
-179.8667 322.3331 8.1901 -73.691642
-181.7338 322.9719 7.9865 -73.691132
-183.2047 324.2061 7.6173 -73.690667
-184.6529 324.5109 6.7583 -73.690247
-186.4765 324.882 7.4149 -73.689872
-188.3601 325.5005 7.7542 -73.689542
-190.207 326.2741 7.8586 -73.689258
-191.8555 326.4884 7.2737 -73.68902
-192.3011 326.2807 5.3327 -73.688826
-192.4569 326.3027 3.3202 -73.688675
-192.6127 326.3246 1.3078 -73.688574
-192.7684 326.3466 -0.7047 -73.688524
-53.5618 234.7518 -22.4056 -73.881466
-55.3696 234.7358 -22.9279 -73.879388
-57.1775 234.7198 -23.4502 -73.877355
-58.9758 234.7413 -23.9753 -73.875365
-60.5834 235.6616 -24.1049 -73.8734
-62.2107 236.6032 -24.0421 -73.871444
-63.9306 237.3539 -24.0447 -73.869503
-65.5569 238.2591 -24.1396 -73.867569
-67.3063 238.9314 -24.1596 -73.86565
-68.8366 239.9978 -24.0522 -73.863739
-70.5332 240.314 -23.7713 -73.861839
-72.1779 239.7124 -23.3677 -73.85995
-73.9055 239.067 -23.0743 -73.858072
-75.764 238.9129 -23.0612 -73.856204
-77.5069 238.4311 -23.4834 -73.854346
-79.2728 238.5078 -23.5052 -73.852499
-81.0101 239.1307 -23.2489 -73.850662
-82.8258 239.4159 -22.9537 -73.848837
-84.5254 239.9346 -22.4418 -73.847024
-86.2406 240.0396 -21.7161 -73.84522
-87.8568 239.8217 -20.9364 -73.843428
-89.3552 239.6723 -19.8507 -73.841647
-90.7771 239.8281 -18.7653 -73.839879
-92.3262 239.5258 -18.0598 -73.838124
-94.0855 240.1028 -17.7873 -73.836383
-95.877 240.5966 -17.5579 -73.834656
-97.6988 241.0591 -17.507 -73.832942
-99.53 241.4724 -17.4393 -73.831243
-101.2527 242.1681 -17.1773 -73.829559
-102.8299 242.815 -16.4434 -73.827891
-104.4569 243.5931 -15.9937 -73.826242
-106.2956 243.7075 -16.104 -73.824606
-107.1732 243.8399 -14.6775 -73.822976
-108.3872 244.3725 -13.7017 -73.821372
-109.3454 245.4642 -12.5807 -73.819788
-110.5466 246.5332 -11.6213 -73.818221
-112.0874 247.1 -10.9503 -73.816676
-112.6927 248.1713 -9.7197 -73.815145
-113.85 248.7857 -8.6033 -73.813636
-114.9422 250.1535 -8.2414 -73.812149
-115.3929 251.8689 -7.6387 -73.810685
-116.4822 252.9605 -6.8157 -73.809245
-117.371 253.2374 -5.1806 -73.807827
-118.358 253.8356 -3.7152 -73.806434
-119.4595 254.4678 -2.3971 -73.805069
-120.9563 255.2641 -1.6822 -73.803728
-122.5163 255.9458 -1.0086 -73.802414
-123.9831 256.9071 -0.452 -73.801128
-124.7954 257.8348 0.9161 -73.799869
-125.65 259.0549 2.0473 -73.798639
-126.8265 260.4562 2.1583 -73.797438
-128.2898 261.2032 2.616 -73.796264
-129.0334 261.3894 4.2611 -73.795118
-129.2473 261.2649 6.1105 -73.793965
-129.4022 261.1437 7.9821 -73.792863
-129.5576 261.0229 9.8536 -73.791811
-129.7512 260.9235 11.7229 -73.790767
-129.9463 260.825 13.592 -73.789767
-130.1515 260.7135 15.4586 -73.788818
-130.5488 260.346 17.2477 -73.787906
-131.604 259.0778 18.099 -73.787034
-132.4067 258.2916 19.5872 -73.786198
-133.3932 257.3081 20.8241 -73.785399
-133.8044 256.3522 22.376 -73.784638
-134.6418 255.2368 23.5911 -73.783916
-135.4197 253.8392 24.4892 -73.783231
-135.7 253.4829 26.3153 -73.782583
-136.3101 252.641 27.7577 -73.781977
-136.3201 251.3179 26.4825 -73.78141
-136.8701 249.6435 26.0944 -73.780883
-137.7175 248.1362 25.6627 -73.780397
-137.6045 246.4619 25.1316 -73.779953
-137.2893 245.0053 24.2243 -73.779552
-136.6215 243.4615 23.4192 -73.779191
-135.6446 241.9497 22.8735 -73.778869
-135.3758 240.4199 22.4018 -73.778595
-136.1869 239.3032 23.0344 -73.778364
-136.341 238.0644 24.2021 -73.778178
-136.433 236.6369 25.3143 -73.778038
-136.6008 234.8539 25.6617 -73.777943
-137.1474 233.4458 25.0869 -73.777895
-10.2537 234.1313 -65.7936 -73.928203
-11.9535 235.2244 -65.4206 -73.925423
-13.2513 236.4124 -64.5554 -73.922661
-13.9825 238.2182 -64.0036 -73.919914
-13.9675 239.4333 -65.1657 -73.917173
-14.1745 240.8047 -66.5759 -73.914453
-14.74 242.3781 -67.763 -73.911745
-15.0167 243.3075 -69.5586 -73.909042
-14.9973 244.3966 -71.2899 -73.906355
-15.4806 245.6013 -72.6631 -73.903678
-16.6681 247.206 -72.2066 -73.901012
-17.3029 249.0449 -71.7718 -73.89835
-18.6676 250.382 -71.3338 -73.895696
-19.6799 251.0982 -72.0439 -73.893046
-20.4939 252.2385 -73.4165 -73.890396
-21.5912 252.7618 -72.8895 -73.887999
-21.9596 252.8176 -71.2713 -73.885878
-22.6797 254.2973 -71.5196 -73.883763
-23.6039 255.7577 -72.0067 -73.881654
-24.5721 257.236 -72.2298 -73.879549
-26.0105 258.3101 -72.2446 -73.877447
-27.3761 259.4599 -72.2196 -73.875348
-28.9516 260.3257 -72.2375 -73.873229
-30.5102 261.2195 -72.2945 -73.87114
-31.595 262.5637 -72.7018 -73.869056
-32.6547 263.9941 -72.7006 -73.866976
-33.5598 265.5319 -72.4801 -73.864901
-34.5952 266.9872 -72.4053 -73.862831
-35.2782 268.5959 -72.3691 -73.860761
-36.5462 269.7783 -72.1737 -73.858701
-37.8737 270.872 -71.8225 -73.856646
-38.8876 272.2418 -71.3145 -73.854596
-39.6217 273.7558 -70.7585 -73.852551
-40.6535 274.9959 -70.0158 -73.850513
-42.0534 275.9829 -69.5331 -73.848479
-43.5846 276.8719 -69.3005 -73.846455
-45.0655 277.8565 -69.4958 -73.844435
-45.946 279.1186 -68.7677 -73.842423
-45.8345 280.5644 -67.9551 -73.840416
-46.196 282.2235 -68.3906 -73.838419
-46.2456 283.784 -69.1293 -73.83643
-45.9356 284.9029 -69.4775 -73.834447
-46.3572 283.3243 -69.8414 -73.832467
-47.6385 284.0096 -69.6263 -73.830487
-47.8598 285.27 -68.7781 -73.828525
-47.9763 286.6481 -67.6615 -73.826571
-48.0018 287.8134 -66.394 -73.824625
-49.296 287.3623 -65.4888 -73.82269
-50.1432 286.6731 -64.1653 -73.82077
-50.2434 286.1704 -62.4405 -73.818854
-51.2742 284.9264 -61.8207 -73.816959
-52.8421 284.4426 -61.0987 -73.815076
-53.9107 283.6653 -60.0279 -73.813207
-54.752 283.3629 -58.5184 -73.811347
-55.6511 282.4981 -57.2933 -73.809508
-56.6242 281.93 -56.0196 -73.807688
-57.9991 281.9695 -54.8908 -73.80588
-59.0837 282.3361 -53.8941 -73.804092
-60.0943 282.1643 -52.7677 -73.802318
-61.4419 281.5155 -51.8651 -73.800566
-62.8626 280.827 -51.0501 -73.798833
-64.2795 280.6349 -50.0042 -73.797119
-65.804 280.5238 -49.0693 -73.795428
-66.7885 280.054 -47.7484 -73.793753
-67.9789 279.2336 -46.7905 -73.7921
-68.6552 278.446 -45.3481 -73.790468
-69.0138 277.9753 -43.6489 -73.788859
-69.4167 276.9949 -42.4398 -73.787277
-69.8247 275.5947 -42.5008 -73.785716
-70.268 276.0815 -42.6582 -73.784182
-70.9242 276.409 -41.0457 -73.782662
-71.4032 276.5871 -39.3203 -73.781177
-72.2724 276.7647 -38.0281 -73.779723
-73.2041 276.1685 -36.6914 -73.778297
-74.2918 275.5936 -35.4399 -73.776901
-75.425 274.8456 -34.2803 -73.775533
-76.9255 274.2886 -33.5609 -73.774197
-77.3251 274.3933 -31.9623 -73.772891
-77.3839 274.0953 -31.6173 -73.771605
-77.9259 274.1693 -30.1943 -73.770355
-79.5493 274.0847 -29.6223 -73.769141
-80.9279 274.149 -28.5263 -73.76796
-82.1503 274.2888 -27.2947 -73.766816
-83.1333 274.5631 -25.8399 -73.765706
-83.3586 274.0993 -24.1212 -73.764628
-83.4086 273.3363 -22.4949 -73.76359
-83.5601 272.816 -20.7795 -73.762586
-83.7705 272.4678 -19.0265 -73.761619
-84.0593 272.0789 -17.2937 -73.760693
-84.2893 271.7437 -15.5414 -73.759803
-84.9661 271.1706 -14.2656 -73.758958
-86.4465 270.5588 -13.5443 -73.758153
-87.5224 269.4821 -12.7644 -73.757387
-88.5863 270.2836 -13.3628 -73.756663
-89.344 271.7765 -13.8414 -73.755978
-90.7295 272.8654 -14.017 -73.755324
-92.0012 274.1345 -14.1202 -73.754715
-93.0728 275.5655 -14.188 -73.754153
-94.4803 276.5793 -14.1262 -73.753632
-96.2029 276.3016 -13.7358 -73.753153
-97.8612 276.4416 -13.1634 -73.752716
-99.2225 277.2086 -12.3487 -73.752321
-100.7724 276.7787 -11.5881 -73.751968
-102.4856 276.8416 -11.2384 -73.751658
-104.2435 277.0799 -11.3594 -73.75139
-105.8758 277.7134 -11.5089 -73.751166
-106.978 278.2571 -10.6069 -73.750985
-108.7214 278.4008 -10.5748 -73.750848
-110.1714 278.7473 -11.3411 -73.750756
-111.6618 279.6815 -11.4564 -73.75071
-21.5015 253.5088 -73.309 -73.888851
-22.5942 254.3623 -72.684 -73.888447
-23.4363 255.5756 -72.2611 -73.888082
-23.7952 256.2196 -73.6016 -73.887753
-24.1958 256.9175 -74.8973 -73.887466
-24.5102 257.2028 -76.431 -73.887217
-25.2575 257.9568 -77.5755 -73.887009
-25.9832 258.9049 -78.6121 -73.886842
-26.7351 259.8964 -79.3372 -73.886715
-27.7754 261.0706 -79.3699 -73.88663
-28.1276 262.1418 -78.3341 -73.886586
-14.415 228.9869 -63.4499 -73.931045
-16.1331 229.4489 -63.5343 -73.929406
-17.7421 230.1331 -63.7219 -73.927798
-19.4067 230.7023 -63.8399 -73.926226
-20.8995 231.6241 -63.8754 -73.924686
-22.4197 232.5434 -63.927 -73.923177
-23.9779 232.9794 -64.5409 -73.9217
-25.5926 233.2447 -65.0739 -73.92025
-27.3372 233.3731 -65.393 -73.918831
-29.108 233.4677 -65.4659 -73.917441
-30.8642 233.5427 -65.402 -73.916078
-32.3482 234.4256 -65.4518 -73.914745
-33.9347 234.8444 -64.9779 -73.913437
-35.6107 235.0483 -64.5372 -73.912156
-37.2988 235.2219 -64.5195 -73.910902
-38.3854 235.5894 -65.5655 -73.90967
-39.1438 235.7555 -64.0699 -73.908463
-40.4342 236.3585 -64.9633 -73.907284
-41.6538 237.408 -65.4996 -73.90613
-43.3197 237.9738 -65.7908 -73.905004
-45.0712 238.2644 -65.9288 -73.903903
-46.7994 238.6788 -65.9135 -73.902829
-48.5481 238.9796 -65.7557 -73.90178
-50.2593 239.3638 -65.4708 -73.900758
-51.9541 239.818 -65.3779 -73.899762
-53.6581 240.3081 -65.5616 -73.898793
-55.3649 240.7618 -65.7517 -73.897852
-56.9242 241.5359 -65.9538 -73.896937
-58.6438 241.8319 -66.2728 -73.896051
-59.9936 242.7156 -66.7405 -73.895193
-60.984 243.7818 -67.5294 -73.894363
-62.0855 245.146 -67.6347 -73.893564
-62.592 246.8516 -67.5474 -73.892794
-63.6958 248.1812 -67.3534 -73.892054
-65.3602 248.1365 -67.1819 -73.891344
-66.6185 247.2528 -66.7907 -73.890666
-68.2827 246.701 -66.9975 -73.890014
-69.0056 246.5375 -67.1182 -73.8894
-69.4149 247.1923 -66.2178 -73.888816
-70.5685 248.2104 -65.6787 -73.888266
-72.1021 248.9573 -65.1628 -73.887751
-73.5226 249.8734 -64.6789 -73.887271
-74.9049 250.917 -64.2744 -73.886826
-76.1941 252.0464 -63.8017 -73.886418
-77.6751 252.694 -63.2164 -73.886048
-78.9054 253.7897 -63.1101 -73.885715
-80.0531 255.1107 -63.1909 -73.885421
-81.4092 256.2087 -63.4316 -73.885167
-83.1166 256.5971 -63.7243 -73.884952
-84.8053 256.9649 -63.8465 -73.884779
-86.3232 257.8036 -63.7447 -73.884648
-88.0463 257.7843 -63.4146 -73.884559
-89.5568 258.6367 -63.0658 -73.884514
-79.8558 209.6969 -1.6956 -74.057681
-80.9345 210.9313 -0.8747 -74.055577
-81.8718 212.3265 -0.0936 -74.053497
-83.0145 213.649 0.4105 -74.051439
-83.35 215.4299 0.5242 -74.049402
-84.7236 216.0877 0.5245 -74.047386
-85.8365 216.8501 1.5461 -74.045386
-86.4751 218.3432 2.3648 -74.043412
-87.6889 219.3419 3.0091 -74.041461
-89.3832 219.625 3.5112 -74.039533
-90.5679 220.9942 3.9392 -74.037626
-91.9993 222.1339 4.2769 -74.035742
-93.1066 223.0567 5.3451 -74.033873
-94.2451 224.3484 6.04 -74.032025
-95.1955 225.7846 6.6504 -74.030198
-96.1469 227.1811 6.1703 -74.028394
-97.5307 228.1499 5.5656 -74.026607
-97.6555 229.6726 4.5217 -74.024838
-98.2632 230.7709 4.9578 -74.023085
-99.4213 231.1534 5.7424 -74.021356
-100.7458 231.4122 4.7237 -74.019645
-101.8502 232.6408 4.2535 -74.017957
-103.1436 233.9354 4.0273 -74.016289
-104.4921 234.4164 4.8558 -74.014644
-105.6117 233.6885 5.7966 -74.013011
-106.7274 232.3194 6.4016 -74.011383
-107.441 230.7522 6.8747 -74.009801
-107.4488 229.0255 7.5014 -74.008244
-107.9411 227.3511 8.131 -74.006714
-107.0902 226.8712 8.9862 -74.005208
-106.1496 226.513 10.1833 -74.003708
-105.9516 226.2598 12.0223 -74.002234
-105.4787 225.2922 12.0054 -74.000795
-105.2249 224.5846 10.2988 -73.999383
-104.7784 223.6625 9.5999 -73.998004
-104.7066 222.6921 11.0296 -73.99665
-105.026 220.965 11.6033 -73.99533
-104.6066 219.9029 12.8153 -73.994037
-103.3942 219.8352 14.0764 -73.992776
-104.3073 219.9043 13.553 -73.991547
-105.885 218.9419 13.3792 -73.990348
-107.2676 218.4747 12.6842 -73.989182
-108.1193 218.5469 11.0406 -73.988047
-108.3962 219.4541 11.7193 -73.986948
-109.0143 219.6825 13.4653 -73.98588
-109.7221 219.9831 15.1561 -73.984854
-110.6667 219.9703 16.4989 -73.983868
-112.0003 218.9022 16.8845 -73.98292
-113.4433 217.9794 16.4775 -73.982011
-114.7081 217.1333 15.6968 -73.981141
-115.2947 216.7255 13.9743 -73.980312
-115.5962 216.7912 12.1637 -73.979516
-115.7677 217.1126 10.3327 -73.978765
-115.4309 217.0746 11.1227 -73.978061
-116.1181 217.6962 12.116 -73.977382
-117.3855 218.3763 13.3061 -73.976758
-118.8798 218.8959 14.099 -73.976188
-120.5533 219.5755 14.5055 -73.975666
-122.3465 220.0233 14.7431 -73.975192
-124.1585 220.1151 14.949 -73.974767
-125.565 221.2324 14.8597 -73.97439
-126.6064 222.7478 14.7267 -73.974065
-127.1945 224.5052 14.537 -73.97379
-127.9351 226.1832 14.2547 -73.973569
-129.0224 227.5634 14.5865 -73.973401
-130.1181 229.0198 14.5982 -73.973287
-131.2201 230.4645 14.2522 -73.97323
47.5528 -96.076 13.5667 -74.141433
47.0015 -95.2803 13.5986 -74.14157
46.7344 -94.3274 13.6342 -74.141639
27.7081 -94.2683 18.8592 -74.139082
26.226 -93.6204 19.8024 -74.139732
24.7439 -92.9726 20.7456 -74.140209
23.2618 -92.3248 21.6888 -74.140523
23.8038 -92.3745 21.7835 -74.14068
54.7481 -88.0637 17.871 -74.147337
97.3169 -66.6493 31.3652 -74.152011
99.3506 -67.4491 30.897 -74.153264
101.3843 -68.2489 30.4289 -74.154301
103.4181 -69.0488 29.9607 -74.155127
105.4518 -69.8486 29.4925 -74.155746
104.935 -70.7499 28.9784 -74.156158
104.6139 -70.6388 26.7694 -74.156364
96.937 -66.473 30.8282 -74.15136
44.0154 -65.7095 15.6069 -74.159404
44.0102 -66.3692 14.8486 -74.15953
44.1586 -67.2141 14.3402 -74.159592
-4.665 -9.0685 -0.0051 -74.114354
-3.3078 -10.3003 -0.0154 -74.119189
-1.9532 -11.5348 -0.0257 -74.12399
-0.7426 -12.7803 -0.0459 -74.131841
0.4334 -13.9291 -0.0935 -74.142667
1.4466 -15.2471 -0.185 -74.15314
3.5554 -27.7322 1.4257 -74.165984
8.6107 -41.3653 6.7974 -74.171427
22.8794 -62.2772 10.5055 -74.170641
26.4745 -64.8588 13.9793 -74.168973
29.0535 -67.1183 14.3116 -74.167467
42.1418 -73.5431 16.2509 -74.159851
47.2069 -85.1931 18.1557 -74.149912
44.6639 -89.9679 15.7857 -74.145431
47.7449 -96.3203 13.6398 -74.141707
78.4149 -177.3628 14.5582 -74.096136
95.2227 -265.7699 17.0719 -74.058837
48.1056 -320.1106 18.1187 -74.028607
-10.9476 -383.6056 22.9817 -74.004507
-40.36 -432.7473 17.7175 -73.985648
28.7834 -94.5812 17.274 -74.139242
14.3097 -106.6143 20.8227 -74.1326
2.7577 -126.0427 26.0848 -74.125967
-45.0792 -189.1405 27.4734 -74.104876
30.9775 -170.2053 31.4202 -74.120434
28.3969 -94.5693 18.0599 -74.13877
-40.2348 -104.2908 -5.8163 -74.115285
-111.9958 -139.102 2.509 -74.096836
54.6562 -87.9717 17.7384 -74.147551
111.8824 -135.9529 29.1893 -74.119845
164.8572 -185.7356 20.1853 -74.095916
213.7243 -226.7876 32.011 -74.077404
43.9697 -65.4565 15.7766 -74.159346
45.5333 -62.1584 17.8534 -74.158746
96.2419 -66.2233 31.6259 -74.151269
2.1326 -22.0656 -2.5814 -74.163001
6.2653 -35.3706 6.4938 -74.169963
8.3143 -40.7868 6.7183 -74.172636
15.4942 -50.7521 4.9673 -74.172959
19.5156 -57.7327 7.1557 -74.172162
24.2121 -63.3654 12.9105 -74.170001
27.7984 -65.9637 14.1964 -74.168293
35.2991 -71.3414 15.5234 -74.164451
45.9552 -78.4006 18.2802 -74.155377
45.9541 -87.9136 17.638 -74.147774
46.0845 -93.1486 14.7482 -74.143605
52.1518 -103.9606 11.3242 -74.136498
58.8833 -119.603 12.0998 -74.1264
62.6461 -133.0235 18.7767 -74.116974
68.7987 -150.479 18.27 -74.10843
75.478 -168.4071 16.0379 -74.100562
80.7201 -186.7623 13.7215 -74.091742
86.0397 -202.1519 18.4658 -74.083413
88.9594 -219.8372 14.0604 -74.075705
92.3483 -238.1707 14.3683 -74.068779
94.4112 -256.1543 16.5595 -74.062445
95.282 -267.4858 16.3224 -74.055258
95.3059 -280.3632 10.9397 -74.048388
82.392 -291.8157 13.1552 -74.042093
66.6134 -301.8126 13.5179 -74.036534
55.8832 -314.8401 17.1156 -74.031516
42.621 -325.3136 19.0805 -74.02573
32.9705 -340.7608 23.6528 -74.020122
23.9361 -354.8041 21.203 -74.015054
9.6225 -366.7531 22.7517 -74.010685
-4.6074 -378.3071 21.4152 -74.006818
-16.9731 -389.755 18.9726 -74.002222
-27.5688 -401.1213 14.9527 -73.997656
-39.573 -411.7299 14.9204 -73.993602
-40.6381 -420.4638 25.2112 -73.990241
-40.4069 -426.6412 14.8914 -73.987393
-41.6738 -434.0686 12.5022 -73.983942
-35.1298 -447.795 10.0223 -73.980474
-30.511 -455.7937 6.7671 -73.977595
-26.4654 -460.7911 2.4423 -73.975591
-24.2919 -464.5784 0.2402 -73.974568
37.1249 -94.0849 14.9718 -74.142736
20.7736 -99.7756 22.2184 -74.136361
11.0172 -108.5614 18.7473 -74.131543
5.909 -113.1292 24.1737 -74.12959
4.7649 -121.3499 27.2758 -74.127406
-3.9067 -133.7894 26.1237 -74.123288
-16.2236 -149.0836 26.7198 -74.118177
-17.7909 -159.6216 22.5822 -74.113681
-30.8645 -168.2845 21.4997 -74.109944
-40.3768 -181.2163 24.3391 -74.106773
-50.8898 -195.8899 27.7601 -74.103028
-59.8432 -207.2909 27.0024 -74.099341
-63.453 -209.2381 15.4152 -74.096294
-64.2909 -212.4765 11.1044 -74.094174
-69.7086 -217.4653 14.9612 -74.093091
-1.3141 -131.2728 34.9295 -74.125963
15.7442 -115.5027 24.1983 -74.130833
21.9499 -133.9863 25.1312 -74.127503
26.8898 -147.4387 25.6301 -74.12473
28.6429 -155.1273 32.7495 -74.122709
28.6017 -167.7997 33.6747 -74.121286
33.7647 -170.9041 21.6446 -74.119584
35.3986 -176.6564 11.4651 -74.117868
39.8278 -180.409 -7.3747 -74.116891
28.4843 -94.572 17.6083 -74.13891
24.075 -93.3058 9.4058 -74.136137
15.5128 -90.8025 -8.4542 -74.130658
-0.0475 -89.6597 -13.0268 -74.12567
-13.9393 -94.7328 -4.0497 -74.121364
-31.0534 -101.5497 -4.3571 -74.117565
-48.3446 -108.1087 -4.4853 -74.113033
-60.3769 -111.0796 -1.1234 -74.108505
-77.9711 -113.5102 3.296 -74.104506
-92.0999 -121.9743 4.6219 -74.101226
-105.6825 -132.44 0.8972 -74.098497
-119.8735 -141.3568 5.959 -74.095319
-132.8113 -151.1601 6.979 -74.09222
-147.2952 -155.5423 4.0924 -74.089631
-153.368 -158.2725 7.6335 -74.087821
-168.793 -159.6906 7.6228 -74.086898
50.8433 -86.5895 17.9535 -74.148735
61.2357 -92.3404 14.5899 -74.144735
72.1897 -102.125 21.0158 -74.138553
85.4059 -115.7278 22.6939 -74.132695
96.1046 -123.0147 27.5352 -74.127456
106.3877 -128.7142 28.8233 -74.122684
119.3522 -141.0891 32.8119 -74.117041
133.3865 -151.0456 27.4274 -74.111457
140.4642 -156.8554 25.7903 -74.106387
152.3124 -169.1266 29.8767 -74.102023
161.5491 -182.1636 26.4505 -74.098196
167.3763 -187.9265 20.8501 -74.093672
178.0174 -198.4202 27.7655 -74.089153
190.5879 -201.853 17.5881 -74.085144
198.4764 -209.0366 23.2285 -74.081829
206.4978 -222.3967 29.9785 -74.079044
216.4485 -231.2363 29.6641 -74.075868
219.3592 -241.6667 28.5636 -74.072752
217.6919 -257.4839 32.1794 -74.07015
212.7961 -271.781 39.8533 -74.068327
208.8344 -287.7139 39.3838 -74.067391
43.1478 -69.6198 16.0595 -74.159561
45.0982 -63.5211 16.1223 -74.159105
50.7937 -61.6079 11.0465 -74.157737
63.7547 -58.5312 9.7712 -74.155381
75.049 -60.4617 16.3877 -74.153354
83.0968 -60.7333 25.9161 -74.151945
91.3447 -63.64 26.8113 -74.151254
106.4082 -69.1292 24.6495 -74.148626
123.1559 -72.5629 28.9251 -74.145015
143.1961 -75.9244 28.8652 -74.143191
46.1286 -55.224 14.5026 -74.158477
37.6417 -45.2763 18.4222 -74.15756
22.8448 -43.0894 21.8828 -74.156978
