-0.8015 -1.2678 -0 -73.959055
-3.2062 -5.0715 -0 -73.958379
-5.0765 -8.0299 -0 -73.957916
-6.4123 -10.1429 0.0262 -73.957814
-8.0143 -12.677 0.1283 -73.957714
-8.8146 -13.9429 0.1666 -73.95764
-8.2187 -14.5214 0.2948 -73.957561
-8.7411 -16.3672 0.5247 -73.957352
-10.0309 -17.8905 1.1419 -73.957087
-11.386 -19.3222 1.89 -73.956832
-12.7254 -20.8552 2.392 -73.956595
-14.0432 -22.4116 2.6217 -73.956314
-14.6972 -24.3185 2.0715 -73.955972
-15.5306 -26.234 2.0482 -73.955602
-16.1094 -27.8038 2.3068 -73.955282
-14.7796 -28.9827 3.1257 -73.955014
-13.6062 -30.5844 3.6202 -73.954746
-12.2537 -32.1091 3.9089 -73.954478
-11.1222 -33.7683 4.2796 -73.954209
-10.1932 -35.2295 5.196 -73.95394
-9.3619 -36.7283 6.3117 -73.95367
-8.5851 -38.2492 7.4144 -73.953401
-7.5935 -39.8435 8.2499 -73.95313
-6.8916 -41.4349 9.2193 -73.952859
-6.2727 -43.3267 9.6108 -73.952587
-5.7427 -44.6215 10.9758 -73.952313
-5.2774 -45.3085 12.8612 -73.952039
-4.5701 -46.2857 12.7646 -73.951765
-3.9187 -47.0128 11.0346 -73.95149
-3.487 -47.3534 9.0584 -73.951213
-3.1601 -48.3203 10.2056 -73.950935
-2.5906 -49.7167 11.29 -73.95066
-2.064 -51.2649 10.2609 -73.950384
-1.9023 -53.0628 10.2828 -73.950107
-1.2374 -53.7481 8.8883 -73.949828
-0.2338 -55.4757 8.438 -73.949551
0.9268 -57.1391 8.1846 -73.949273
2.1659 -58.7648 8.26 -73.948994
2.7966 -60.3652 9.2072 -73.948715
3.5606 -62.0815 8.7826 -73.948435
4.1051 -63.9769 8.2533 -73.948155
4.7728 -65.8913 8.0534 -73.947875
5.555 -67.7898 8.1794 -73.947595
5.4215 -69.7319 8.5591 -73.947316
5.3722 -71.1779 9.39 -73.947035
6.6015 -72.8224 9.4344 -73.946754
7.9091 -74.3345 9.4579 -73.946474
9.1469 -75.9691 9.4502 -73.946193
10.0298 -77.8076 9.4917 -73.945913
10.7723 -79.6982 9.5101 -73.945632
12.3735 -80.8411 9.4583 -73.945352
13.4145 -82.6176 9.4397 -73.945073
14.1594 -84.5026 9.6273 -73.944793
14.908 -86.352 10.0263 -73.944513
15.6285 -88.1574 10.421 -73.944234
16.2688 -90.0988 10.1972 -73.943955
16.8061 -92.0324 10.2983 -73.943677
18.0591 -93.5211 10.9131 -73.943399
19.0692 -95.1762 11.592 -73.943122
20.0514 -96.8019 12.3554 -73.942846
20.7986 -98.4251 13.1509 -73.94257
22.3425 -99.643 13.6764 -73.942295
23.1324 -101.4525 13.8694 -73.942021
24.2278 -103.1764 13.8286 -73.941748
25.7948 -104.4654 13.8973 -73.941475
27.3532 -105.7951 13.951 -73.941205
28.4996 -107.4233 13.9547 -73.940935
30.0108 -108.56 13.6639 -73.940666
31.1081 -108.6091 12.0588 -73.940393
29.9694 -109.9097 10.9348 -73.940102
28.8308 -111.2104 9.8109 -73.93982
27.6922 -112.511 8.6869 -73.939547
26.8377 -113.4766 7.7017 -73.939278
28.1153 -111.9666 8.2837 -73.938996
29.3929 -110.4565 8.8658 -73.938722
30.6706 -108.9464 9.4479 -73.938458
31.1787 -108.9746 10.7509 -73.938193
31.0798 -109.3078 12.7833 -73.93793
31.1974 -110.3892 14.0207 -73.937674
31.8589 -112.2436 14.4776 -73.937421
32.2207 -114.0808 14.8897 -73.93717
32.3754 -116.0895 14.7382 -73.936922
33.2282 -117.7627 14.1097 -73.936676
34.0263 -119.6079 13.7086 -73.936432
34.4263 -121.5938 13.4703 -73.936191
34.6735 -123.5948 13.4834 -73.935953
34.4631 -125.6138 13.6554 -73.935717
35.477 -127.1975 13.9548 -73.935485
36.4488 -128.3733 14.9241 -73.935255
36.0423 -130.1872 15.3722 -73.935027
35.1621 -131.5518 15.4371 -73.934803
35.6418 -129.8523 14.8263 -73.934584
35.0348 -128.0619 14.2107 -73.934369
35.5446 -129.8444 14.1534 -73.934156
35.6291 -131.8577 14.0497 -73.933949
34.8485 -133.6181 13.7199 -73.933745
34.2995 -135.3089 12.7219 -73.933546
33.9891 -137.2127 12.2496 -73.933351
34.6951 -139.1364 12.158 -73.933161
34.4342 -141.0719 12.4762 -73.932975
34.9496 -142.8915 13.1328 -73.932795
35.1207 -144.6736 12.8365 -73.932619
36.0553 -146.4708 12.5635 -73.932449
36.5162 -147.9232 11.2272 -73.932284
37.0821 -149.6924 10.5935 -73.932125
38.1845 -151.3675 10.8233 -73.931972
38.9786 -152.5573 11.4668 -73.931824
38.5512 -154.4927 11.7745 -73.931682
38.9845 -156.4817 12.0272 -73.931546
38.8087 -158.4686 12.102 -73.931416
39.4316 -160.3993 12.1561 -73.931293
40.017 -162.1492 11.7738 -73.931176
39.9044 -164.0643 11.3068 -73.931066
40.4166 -165.9089 10.6066 -73.930962
41.3853 -167.5493 10.7632 -73.930865
42.1247 -169.1267 11.6727 -73.930775
42.1485 -170.8263 12.6221 -73.930691
41.2541 -172.1527 13.7028 -73.930614
41.3329 -173.6405 14.3131 -73.930543
41.6008 -174.8677 12.6805 -73.930479
41.8738 -176.7997 12.275 -73.930421
42.7438 -178.5456 11.9564 -73.930368
43.2439 -180.4578 12.0397 -73.930322
43.3656 -182.4295 12.4106 -73.930281
43.6747 -184.2146 13.2717 -73.930245
44.1736 -186.1236 13.8383 -73.930213
44.3535 -187.9066 14.7675 -73.930187
44.8726 -189.5685 15.6922 -73.930164
45.4404 -191.1005 14.5715 -73.930145
46.1386 -192.9259 14.1459 -73.93013
46.6287 -194.8895 13.783 -73.930117
47.9055 -196.4354 13.3908 -73.930107
49.0241 -197.9564 13.467 -73.9301
49.8322 -199.3762 13.2319 -73.930096
51.04 -200.3986 12.0409 -73.930093
-16.8109 -27.3553 2.8101 -73.955317
-17.497 -28.3029 4.2038 -73.955124
-18.1984 -29.271 5.5067 -73.954936
-18.2577 -29.3412 3.7473 -73.954719
-18.2679 -29.344 1.9276 -73.954507
-18.2781 -29.3467 0.108 -73.954302
-18.2883 -29.3494 -1.7116 -73.954103
-18.2985 -29.3522 -3.5313 -73.953911
-18.8534 -30.5664 -3.9808 -73.953721
-18.8107 -32.318 -3.8597 -73.953531
-19.3066 -34.0554 -3.7456 -73.953341
-18.9488 -34.5418 -2.2544 -73.953149
-18.3075 -35.7012 -1.0566 -73.952957
-18.003 -37.2922 -0.254 -73.952766
-17.2153 -38.7422 0.5062 -73.952574
-17.2992 -40.1694 1.5541 -73.952382
-17.1185 -41.7267 2.3954 -73.952189
-17.083 -42.8762 3.6698 -73.951995
-17.3639 -44.4413 4.545 -73.951802
-18.2212 -45.6938 5.2818 -73.951609
-18.9632 -46.7735 4.1464 -73.951416
-19.2427 -47.6114 2.5633 -73.951222
-19.7572 -49.1601 2.2576 -73.95103
-20.0441 -50.8741 2.5491 -73.950838
-20.3286 -52.4364 3.2684 -73.950647
-19.8077 -53.8024 3.6098 -73.950456
-19.2008 -54.6661 2.2731 -73.950265
-18.7221 -56.0354 2.9434 -73.950074
-18.7365 -56.729 4.1896 -73.949884
-18.8997 -58.1413 5.2798 -73.949696
-18.8149 -59.8936 5.7078 -73.94951
-18.9822 -61.072 7.0484 -73.949324
-19.3934 -62.5349 8.0119 -73.949142
-19.547 -63.8484 9.0694 -73.948961
-19.5772 -65.5723 8.63 -73.948783
-19.258 -67.3139 8.3405 -73.948607
-19.7508 -69.0603 8.364 -73.948435
-19.9946 -70.8175 8.7102 -73.948265
-19.8037 -72.5539 9.1873 -73.948099
-19.7201 -74.3251 9.5635 -73.947935
-20.2567 -75.9938 9.7611 -73.947776
-19.7758 -77.7066 9.8918 -73.94762
-19.8692 -79.394 10.0722 -73.947469
-20.6153 -80.6503 10.7965 -73.947321
-20.8101 -82.0334 11.1362 -73.947179
-21.8468 -83.2751 10.5156 -73.947042
-22.3598 -84.646 11.4203 -73.94691
-22.8139 -86.2646 12.0203 -73.946784
-22.9433 -87.4114 13.1988 -73.946662
-23.2601 -88.7922 14.1473 -73.946547
-23.5187 -90.5915 14.1567 -73.946439
-23.7693 -92.3875 14.2837 -73.946337
-23.9193 -94.161 14.5659 -73.946242
-24.765 -95.4177 14.2775 -73.946154
-25.6946 -96.5629 13.7452 -73.946074
-26.3361 -98.2508 13.7081 -73.946001
-26.22 -99.6251 14.4174 -73.945935
-26.029 -100.2322 16.1217 -73.945877
-25.98 -100.9366 17.7977 -73.945828
-26.1774 -101.1961 19.58 -73.945787
-26.4133 -101.3806 21.3748 -73.945756
-26.5757 -102.9017 22.0388 -73.945735
-26.565 -104.1061 22.8298 -73.945724
-10.4886 -18.1238 0.6694 -73.956868
-10.4015 -18.057 0.4643 -73.95671
-11.3637 -19.3353 1.4826 -73.95652
-12.4409 -20.4928 2.3203 -73.956297
-13.7335 -21.882 2.6066 -73.956056
-14.3525 -23.4451 1.6476 -73.955814
-14.7639 -24.7529 0.4153 -73.955572
-15.0123 -25.6795 -1.2982 -73.955328
-14.7483 -27.3027 -2.2341 -73.955084
-14.1682 -28.7546 -3.3613 -73.954839
-14.1335 -30.3237 -2.5621 -73.954593
-14.176 -32.0715 -1.7097 -73.954347
-14.076 -33.7889 -0.9359 -73.954099
-13.8862 -35.6563 -1.4771 -73.953852
-13.5408 -37.5381 -1.8551 -73.953603
-12.9254 -39.3671 -2.0095 -73.953353
-12.8947 -41.2639 -2.5483 -73.953103
-12.5093 -43.0891 -2.3969 -73.952852
-11.8636 -44.7358 -1.5183 -73.952599
-11.3409 -46.4019 -0.6056 -73.952345
-11.0233 -47.5467 0.9658 -73.952089
-10.5913 -48.4457 2.6789 -73.951834
-10.1405 -50.0833 3.3431 -73.951578
-10.2934 -51.7904 2.9275 -73.951322
-10.88 -52.8858 1.4404 -73.951064
-11.0363 -54.4811 1.7038 -73.950806
-11.1458 -56.3254 2.378 -73.950547
-10.357 -57.7555 3.4384 -73.950287
-10.1358 -58.8326 4.9901 -73.950027
-10.3077 -60.6124 5.6598 -73.949766
-11.2813 -62.2927 6.0116 -73.949504
-11.7958 -64.1934 6.181 -73.949243
-12.4342 -66.0517 6.3974 -73.94898
-11.9522 -67.7789 6.8906 -73.948717
-11.6762 -69.0382 8.2561 -73.948453
-11.713 -70.0381 9.9612 -73.94819
-11.8555 -70.9146 11.6774 -73.947924
-12.8132 -71.5235 13.2459 -73.94766
-13.5753 -72.2336 12.7301 -73.947395
-14.1638 -73.7043 11.8882 -73.947131
-14.4131 -75.2707 10.815 -73.946867
-13.5782 -77.0011 10.3425 -73.946603
-13.3259 -78.9499 10.1371 -73.94634
-13.3622 -80.9141 10.3308 -73.946077
-14.2376 -82.5066 10.9807 -73.945815
-14.7845 -84.1023 11.9265 -73.945553
-15.3519 -85.4422 12.6525 -73.945292
-15.7865 -86.6616 12.098 -73.945031
-16.5522 -87.7496 13.5364 -73.944772
-17.1687 -89.5648 13.8022 -73.944514
-18.2162 -91.1682 13.885 -73.944257
-19.5493 -92.634 13.9514 -73.944002
-20.3209 -94.4426 13.8656 -73.943749
-21.0095 -96.2837 13.6721 -73.943497
-21.3384 -97.8523 13.9673 -73.943245
-21.6939 -97.8965 15.9193 -73.942991
-22.3276 -98.0602 17.7316 -73.942744
-21.887 -98.9874 16.7979 -73.942497
-22.8153 -99.7306 15.3374 -73.942255
-24.3779 -100.6691 14.7056 -73.942016
-24.3457 -102.6276 14.3888 -73.941782
-24.5768 -104.5617 14.2213 -73.94155
-24.8282 -106.5067 14.2205 -73.941322
-25.0574 -108.4614 14.1941 -73.941098
-25.5558 -110.3378 14.0236 -73.940878
-26.9412 -111.6652 13.5497 -73.940663
-27.6548 -113.1993 12.651 -73.940452
-27.9593 -114.1646 11.0361 -73.940243
-28.3565 -115.3746 10.0919 -73.940042
-29.1471 -116.4978 9.0352 -73.939845
-29.5399 -117.0458 7.1689 -73.939653
-29.9596 -117.6548 5.3281 -73.939467
-30.9613 -118.935 4.5188 -73.939289
-32.1435 -120.2324 4.6581 -73.939116
-32.9363 -121.0473 6.2793 -73.93895
-33.621 -122.2206 7.5953 -73.93879
-33.9105 -123.585 8.7937 -73.938637
-34.4873 -124.3869 10.3397 -73.938492
-35.0405 -125.7656 11.4307 -73.938353
-34.701 -127.6323 11.772 -73.938223
-35.3063 -129.4991 11.9181 -73.938099
-35.9903 -131.3268 11.7835 -73.937983
-37.6819 -132.1342 11.31 -73.937875
-38.5009 -133.4806 10.3217 -73.937775
-38.4967 -134.7419 8.9782 -73.937682
-39.2613 -136.1191 9.0235 -73.937597
-39.6486 -137.8732 9.0943 -73.937521
-40.3927 -139.5578 8.4232 -73.937452
-41.3357 -141.2284 8.0319 -73.937392
-41.7461 -143.1332 7.6854 -73.937339
-42.0138 -145.0056 7.4829 -73.937295
-41.9887 -146.6225 8.5512 -73.937259
-43.1363 -148.1444 8.915 -73.937232
-43.8626 -149.8828 8.3731 -73.937213
-44.926 -151.4033 7.7386 -73.937204
-9.353 -14.8211 0.2731 -73.957526
-11.0559 -15.5864 0.7158 -73.957323
-12.8605 -15.9487 1.177 -73.957073
-14.323 -16.6873 2.6356 -73.956611
-15.6273 -17.7486 4.2904 -73.956224
-16.5612 -19.3299 4.837 -73.956049
-17.0333 -20.2944 6.2453 -73.955852
-17.8874 -21.5361 7.3823 -73.955651
-18.8508 -22.9769 8.1796 -73.955451
-19.5099 -24.5801 8.9543 -73.955249
-19.7318 -25.6734 10.3712 -73.955046
-19.6375 -26.5275 11.987 -73.954841
-20.9183 -27.5166 12.4491 -73.954637
-21.2964 -29.0814 13.3143 -73.954432
-21.83 -30.7644 14.0149 -73.954226
-22.4092 -32.288 14.7504 -73.95402
-23.1716 -32.8787 16.4102 -73.95381
-23.4458 -33.3976 17.1662 -73.953602
-23.9797 -35.1098 17.8018 -73.953394
-25.2888 -36.4276 18.1128 -73.953184
-26.4013 -37.9363 18.2431 -73.952975
-27.2908 -39.5473 18.3867 -73.952765
-28.9068 -40.2841 18.3568 -73.952554
-28.8386 -41.8551 18.071 -73.952343
-30.0593 -43.3052 18.0707 -73.952132
-30.6546 -44.9959 18.2212 -73.951919
-31.4097 -46.5757 18.3297 -73.951707
-32.6885 -47.8644 18.2798 -73.951494
-33.6705 -49.4532 18.3794 -73.951283
-34.3435 -51.1833 18.7706 -73.951071
-35.0428 -52.643 19.7515 -73.950859
-35.9334 -53.9164 20.8542 -73.950648
-36.4958 -55.5633 21.6175 -73.950438
-37.1515 -57.2664 22.1901 -73.950229
-37.503 -58.9135 22.7742 -73.95002
-37.2767 -60.629 23.5408 -73.949811
-38.3487 -62.1152 24.0868 -73.949605
-38.7835 -63.8894 24.6417 -73.9494
-39.0307 -65.5698 25.4324 -73.949198
-39.2448 -67.4312 25.7075 -73.948996
-39.4113 -69.2406 26.1323 -73.948797
-38.2265 -70.1613 27.1367 -73.9486
-37.9293 -71.6381 28.1838 -73.948405
-36.7386 -72.8721 28.5562 -73.948214
-35.4143 -74.1273 28.8617 -73.948025
-33.8413 -75.1427 29.2839 -73.947836
-32.9832 -76.7229 29.5771 -73.947654
-33.6399 -75.092 29.1649 -73.947473
-33.1635 -76.3575 28.5144 -73.947297
-32.6394 -77.9449 29.3953 -73.947126
-31.5586 -79.4236 29.8926 -73.946956
-30.8094 -81.0765 30.3763 -73.946792
-31.5811 -82.6547 30.6865 -73.946636
-31.7168 -84.5489 30.8274 -73.946485
-31.5105 -86.4537 30.8357 -73.94634
-31.5377 -88.3667 30.7633 -73.946201
-31.4829 -90.279 30.6456 -73.946069
-31.9235 -92.1277 30.4947 -73.945943
-32.2806 -93.9944 30.2829 -73.945825
-33.2826 -95.4749 30.073 -73.945714
-34.2923 -96.3147 29.212 -73.94561
-33.7984 -97.5646 29.0456 -73.945513
-33.365 -98.5644 30.3242 -73.945425
-34.9529 -99.5888 30.5864 -73.945345
-35.3561 -101.2379 30.5528 -73.945273
-35.425 -102.1901 29.7785 -73.94521
-35.4381 -103.6106 30.0236 -73.945157
-35.4329 -104.9525 28.8355 -73.945113
-35.4888 -106.6151 28.0477 -73.945079
-35.1318 -108.0258 29.2064 -73.945056
-34.5346 -109.5447 30.0645 -73.945045
-15.445 -16.6758 3.4162 -73.956222
-17.1123 -16.5493 2.7023 -73.95605
-18.8242 -16.1183 2.2844 -73.955856
-20.5247 -15.3962 2.2003 -73.955659
-22.3116 -15.3473 2.4856 -73.955462
-24.0423 -14.9367 2.9859 -73.955264
-25.7912 -14.8802 3.5418 -73.955064
-27.6376 -14.8877 3.7424 -73.954865
-29.4617 -14.8882 3.7168 -73.954664
-31.2202 -15.3922 3.5297 -73.954462
-32.7539 -15.8243 2.9445 -73.954257
-34.0829 -16.2305 1.7975 -73.954053
-35.3566 -17.1047 0.7776 -73.953848
-36.7811 -17.3591 0.0703 -73.953643
-38.4049 -17.2529 0.8951 -73.953437
-40.1857 -16.9717 1.2216 -73.95323
-41.9745 -17.3706 1.348 -73.953023
-43.6645 -17.7288 1.1737 -73.952815
-45.1638 -16.9527 0.472 -73.952606
-46.3865 -16.2335 -0.6264 -73.952396
-48.1583 -16.038 -0.1893 -73.952185
-49.5586 -16.5997 0.7893 -73.951973
-50.6275 -17.7832 1.5574 -73.951762
-52.4581 -17.9497 1.6886 -73.95155
-54.2203 -17.8442 1.1278 -73.951338
-55.6575 -18.4041 0.1681 -73.951125
-57.139 -19.2179 -0.5793 -73.950912
-58.8775 -19.6978 -0.9928 -73.9507
-60.4992 -20.5497 -0.8751 -73.950488
-62.2699 -20.9516 -0.784 -73.950276
-63.9605 -21.4851 -1.2025 -73.950063
-65.769 -21.6468 -1.2364 -73.949852
-67.4074 -21.948 -2.0416 -73.949642
-69.2303 -22.0478 -2.2783 -73.949433
-71.0405 -22.3933 -2.2 -73.949225
-72.76 -22.6876 -1.8978 -73.949018
-74.4248 -22.1245 -1.3042 -73.948813
-75.468 -21.5676 0.0962 -73.948609
-76.805 -21.0117 0.8974 -73.948407
-78.6304 -21.1688 0.7939 -73.948208
-80.2126 -21.6023 1.4208 -73.948011
-81.9055 -21.4802 1.8938 -73.947816
-83.3789 -20.5725 2.4839 -73.947625
-84.8475 -20.092 3.3977 -73.947437
-85.8797 -19.4106 4.4732 -73.947252
-86.9877 -17.9771 4.3817 -73.947071
-88.4094 -16.917 4.436 -73.946895
-89.1332 -16.2863 5.8123 -73.94672
-89.6827 -16.0961 7.5766 -73.946551
-90.6073 -14.9923 8.5732 -73.946388
-91.6573 -14.5236 9.9347 -73.94623
-92.216 -13.6924 11.4126 -73.946076
-93.3323 -12.5367 11.3011 -73.94593
-94.3529 -11.3333 10.4637 -73.94579
-95.9243 -11.359 10.3327 -73.945657
-97.085 -12.6874 10.4076 -73.94553
-98.637 -11.9209 10.4364 -73.94541
-99.8512 -10.5582 10.1484 -73.945298
-101.1467 -9.2581 9.9913 -73.945193
-102.9108 -8.8466 10.0308 -73.945096
-104.2043 -7.6318 10.4372 -73.945008
-105.7848 -7.7377 11.2376 -73.944928
-107.5295 -7.7352 11.7584 -73.944857
-108.7114 -6.5165 12.2914 -73.944795
-108.6826 -5.013 12.9437 -73.944742
-109.4316 -4.9691 14.0337 -73.944699
-110.9911 -5.321 13.2911 -73.944666
-112.3812 -4.7789 12.2565 -73.944643
-113.4541 -4.4164 10.8172 -73.944632
-15.5545 -17.632 4.3033 -73.956237
-16.8149 -18.3686 5.0193 -73.9561
-18.1535 -17.7371 5.9254 -73.955946
-19.3957 -17.6568 7.1162 -73.955788
-20.6245 -17.4395 8.329 -73.955631
-21.4073 -17.0773 9.8446 -73.955472
-22.3291 -16.4593 11.1562 -73.955314
-23.7986 -16.4039 12.1053 -73.955156
-24.636 -16.4397 13.5353 -73.954996
-26.0492 -16.413 14.4153 -73.954838
-26.5091 -16.6788 16.0866 -73.954677
-27.6416 -17.5424 16.452 -73.954518
-28.9683 -17.6171 17.1518 -73.95436
-30.2529 -16.8642 18.0015 -73.954202
-31.8112 -16.9615 18.7079 -73.954044
-32.7125 -16.0015 17.8716 -73.953886
-33.9732 -15.3124 17.8919 -73.953728
-35.5154 -14.9405 18.541 -73.953571
-36.8148 -15.2621 19.6037 -73.953413
-38.1095 -15.3947 20.6532 -73.953257
-39.3709 -15.3085 20.5665 -73.9531
-39.9084 -15.4165 22.2463 -73.952942
-41.4898 -16.1032 22.568 -73.952787
-43.1935 -16.3081 22.9719 -73.952634
-44.8671 -16.1005 23.426 -73.952483
-46.5874 -16.255 23.8037 -73.952332
-48.2806 -16.146 24.1613 -73.952184
-49.8848 -15.6408 24.6252 -73.952038
-51.569 -15.5809 25.1077 -73.951894
-53.1934 -15.8717 25.7123 -73.951753
-54.8397 -16.0518 26.2602 -73.951615
-56.4663 -15.7486 26.8593 -73.95148
-57.6381 -14.8744 27.7621 -73.951349
-58.8394 -13.7889 28.4214 -73.951221
-60.1932 -13.1386 29.3328 -73.951097
-61.8304 -12.6017 29.6751 -73.950977
-63.5039 -12.1508 29.7076 -73.950863
-64.8861 -11.121 29.4315 -73.950753
-65.5954 -10.0293 28.2627 -73.950648
-66.3587 -9.069 29.1123 -73.950549
-67.3994 -7.9254 29.8988 -73.950455
-68.8854 -7.8686 29.963 -73.950368
-70.5505 -7.352 29.9726 -73.950288
-72.0497 -6.4284 30.0037 -73.950215
-73.5599 -5.5098 29.9785 -73.950149
-74.8786 -4.3323 29.9264 -73.950089
-76.2236 -3.1844 29.9023 -73.950039
-77.2186 -1.7362 29.9278 -73.949999
-78.2778 -0.5048 29.7779 -73.949967
-79.9939 -0.3567 29.5292 -73.949946
-81.6519 -0.1123 29.479 -73.949935
-15.2282 -17.1379 4 -73.956296
-15.8134 -17.8487 4 -73.956287
-16.4306 -18.5318 4 -73.956283
-13.8552 -16.3527 0.6773 -73.956919
-6.8126 -12.9962 0.0714 -73.957666
-5.8684 -15.48 0.0572 -73.95748
-5.4058 -18.0693 0.0621 -73.957243
-4.8048 -20.6622 0.1442 -73.956948
-4.2378 -23.1032 0.3354 -73.956584
-4.2185 -23.3173 3.0099 -73.955996
-4.1991 -23.5292 5.6846 -73.955408
-3.9404 -24.0329 8.0609 -73.954831
-2.9465 -26.4423 7.8893 -73.954249
-2.9898 -29.1239 7.9366 -73.953657
-2.8312 -31.7921 8.079 -73.953052
-2.7737 -34.4658 8.0848 -73.952435
-3.1335 -36.1267 6.8772 -73.951795
-2.9668 -36.5649 4.2354 -73.951142
-3.5563 -38.3842 2.8887 -73.950485
-4.3063 -40.3834 1.497 -73.949811
-4.1208 -42.6459 0.2252 -73.949124
-4.2362 -43.7827 0.8959 -73.94858
-3.8312 -43.4159 2.8085 -73.948198
-3.4263 -43.0492 4.7211 -73.947826
-3.0214 -42.6825 6.6338 -73.947462
-2.6164 -42.3158 8.5464 -73.947107
-2.2115 -41.949 10.459 -73.946762
-1.8006 -41.5642 12.3611 -73.946426
-1.0504 -39.8462 12.7392 -73.946085
0.1758 -38.6585 13.5417 -73.945745
1.5902 -38.0395 13.8599 -73.9454
3.2347 -39.0768 14.2093 -73.945055
3.2862 -40.8715 14.6526 -73.944709
3.0921 -42.2179 15.9515 -73.94436
3.289 -43.8273 17.0278 -73.944011
3.7676 -45.0577 18.3989 -73.943658
5.3853 -45.2551 17.5078 -73.943303
6.4565 -45.5185 16.2146 -73.94294
6.4601 -45.5688 14.2263 -73.942575
7.3041 -46.1013 15.3965 -73.942209
7.7212 -46.6728 17.2551 -73.941839
8.2906 -47.8462 18.7417 -73.94147
8.7291 -49.4862 19.2615 -73.941199
9.1255 -50.9461 19.7272 -73.941033
10.0364 -52.2198 19.9693 -73.940868
10.7133 -53.6545 20.0389 -73.940705
11.8089 -54.3454 19.5071 -73.940543
12.1976 -54.6669 17.9921 -73.940382
13.1099 -54.8336 16.8714 -73.940223
13.5838 -54.6626 15.3738 -73.940056
13.6588 -54.6533 13.7788 -73.939868
13.7337 -54.644 12.1838 -73.939688
13.8087 -54.6347 10.5888 -73.939516
13.8837 -54.6254 8.9938 -73.939351
13.9586 -54.6161 7.3988 -73.939193
14.0336 -54.6068 5.8038 -73.939043
14.1085 -54.5975 4.2088 -73.938901
14.1663 -54.5744 2.6132 -73.938744
14.2206 -54.5486 1.0176 -73.938589
14.2749 -54.5228 -0.5781 -73.938442
14.3293 -54.497 -2.1737 -73.938303
14.3836 -54.4712 -3.7694 -73.938171
14.4379 -54.4454 -5.365 -73.938047
13.7113 -55.8095 -5.5929 -73.937927
13.1825 -57.2536 -6.0072 -73.937811
12.9567 -58.7053 -6.561 -73.937699
12.6682 -60.0281 -7.37 -73.937591
12.3514 -61.5353 -7.7387 -73.937486
11.9771 -63.0578 -7.8716 -73.937385
11.7617 -64.6275 -7.7751 -73.937289
11.4655 -65.9109 -8.3481 -73.937197
11.6675 -66.9063 -9.5712 -73.937108
11.728 -68.3207 -9.6289 -73.937024
11.6975 -68.4625 -8.07 -73.936945
11.4235 -69.5735 -7.0162 -73.93687
11.1196 -70.8404 -6.109 -73.9368
11.0275 -71.8722 -4.9846 -73.936734
11.2426 -73.2528 -4.3725 -73.936673
10.7531 -74.6674 -3.9199 -73.936617
10.425 -76.2016 -3.7062 -73.936566
10.77 -77.7411 -3.6532 -73.936519
11.0786 -79.2552 -3.6604 -73.936477
11.425 -80.7723 -3.755 -73.93644
11.2996 -82.2807 -4.0128 -73.936408
11.9706 -83.6675 -4.3963 -73.936381
12.7118 -84.5829 -3.8154 -73.936359
13.1706 -85.4159 -2.5821 -73.936342
13.3664 -86.853 -1.9391 -73.936331
13.3682 -87.667 -0.8755 -73.936325
8.6263 -48.9248 19.7774 -73.94121
8.971 -49.5407 20.9869 -73.941067
9.2099 -51.0475 20.8184 -73.940927
10.0927 -52.2943 20.5532 -73.94079
10.6868 -53.724 20.4404 -73.940655
11.4461 -54.1517 19.6321 -73.94052
11.5442 -54.2966 18.1881 -73.940388
12.9332 -54.8812 18.406 -73.94026
13.2774 -55.294 19.8309 -73.940131
13.7729 -56.2787 20.5319 -73.940007
14.3885 -57.7019 20.5127 -73.939886
15.16 -59.0485 20.6431 -73.939768
15.6443 -60.0525 21.5504 -73.939653
16.2084 -60.988 22.5631 -73.93954
17.2577 -61.2039 23.519 -73.939431
18.4454 -61.8839 23.9975 -73.939326
19.1422 -63.2514 24.2481 -73.939224
19.671 -63.8624 25.3071 -73.939123
20.2623 -64.3588 26.3522 -73.939028
21.638 -65.0559 26.1487 -73.938936
22.7173 -66.1327 25.8633 -73.938844
23.7256 -67.2733 25.5197 -73.938756
24.6112 -68.47 25.1932 -73.938676
24.9681 -69.954 24.971 -73.9386
24.9964 -70.9802 24.2159 -73.938524
24.9684 -71.117 22.6615 -73.93845
24.9404 -71.2538 21.1072 -73.938383
24.9124 -71.3907 19.5528 -73.938321
24.8648 -71.4567 17.9963 -73.938266
24.9221 -71.7069 16.7213 -73.938215
25.4185 -72.6144 17.5247 -73.938168
25.5779 -72.8182 19.0637 -73.938125
25.6724 -73.1458 20.5059 -73.938088
25.5385 -73.7136 21.7923 -73.938054
25.5469 -73.9336 23.3373 -73.938026
25.5553 -74.1535 24.8823 -73.938004
26.4257 -75.2629 24.9859 -73.937987
26.2037 -76.801 24.991 -73.937975
26.3234 -78.3421 25.0702 -73.937969
-4.7208 -44.7161 -0.023 -73.948671
-5.1299 -46.1818 0.6944 -73.948463
-5.3697 -46.9913 2.259 -73.948255
-5.7718 -48.0995 3.5791 -73.948047
-6.3113 -49.4357 4.5711 -73.94784
-6.1052 -51.0319 5.3148 -73.947632
-5.9754 -52.7323 5.8136 -73.947425
-5.3005 -54.3124 6.0843 -73.947218
-5.5666 -55.9139 6.2159 -73.94701
-6.3626 -57.4622 6.4728 -73.946803
-7.4327 -58.7683 6.9386 -73.946595
-8.3123 -60.0607 7.6969 -73.946387
-9.2075 -61.5771 7.5449 -73.94618
-10.0182 -63.1512 7.7642 -73.945973
-10.4982 -64.8336 7.9938 -73.945767
-11.098 -66.494 8.2496 -73.94556
-11.5795 -68.0917 8.8213 -73.945353
-11.4778 -69.48 9.814 -73.945147
-11.3768 -70.9824 10.6772 -73.944941
-11.1615 -72.6665 10.9417 -73.944735
-11.9531 -74.0675 10.3517 -73.94453
-12.2253 -75.2856 9.1163 -73.944325
-12.386 -76.5528 7.8889 -73.944122
-12.4919 -77.8973 6.8778 -73.943919
-12.6418 -79.6702 6.7282 -73.943717
-12.8923 -81.2283 7.3625 -73.943516
-13.0636 -82.0267 8.8276 -73.943315
-12.8375 -83.2389 8.8894 -73.943116
-12.4716 -84.694 8.0205 -73.942919
-12.6797 -85.5671 7.0599 -73.942722
-12.5183 -84.1321 6.1622 -73.942526
-12.5292 -84.0813 7.3739 -73.942332
-11.895 -85.6688 7.8198 -73.942139
-11.5229 -87.2946 8.4116 -73.941949
-10.3324 -88.1124 9.2259 -73.941762
-10.675 -89.8262 9.467 -73.941576
-11.2148 -91.4903 9.7261 -73.941394
-11.4919 -93.2205 9.9224 -73.941214
-11.8689 -94.9605 9.9938 -73.941038
-12.2215 -96.7085 9.9892 -73.940865
-12.5548 -98.4528 9.9031 -73.940696
-13.101 -100.1246 9.6027 -73.94053
-13.6123 -101.6942 9.0552 -73.940368
-14.5178 -102.8115 8.0351 -73.94021
-14.732 -103.8321 6.6289 -73.940055
-14.736 -104.949 5.3416 -73.939905
-14.7897 -105.5564 3.6632 -73.939759
-14.9175 -106.1934 2.0059 -73.939618
-14.8119 -107.3154 0.66 -73.939484
-14.3904 -108.3157 -0.7477 -73.939353
-14.0768 -109.6227 -1.5126 -73.93923
-14.1581 -111.3783 -1.2027 -73.939111
-14.4574 -112.7137 -0.3129 -73.938998
-14.5581 -113.8268 1.0481 -73.938891
-14.5629 -114.7419 2.5821 -73.938789
-14.3372 -115.8187 3.9677 -73.938693
-14.0073 -116.8255 5.38 -73.938604
-13.5104 -118.0936 6.4955 -73.938521
-13.0668 -119.695 6.5246 -73.938444
-12.4966 -121.0534 5.5568 -73.938373
-12.0851 -122.6625 5.1356 -73.938309
-12.5004 -124.2153 4.474 -73.938252
-12.6759 -125.9354 4.076 -73.938201
-13.0189 -127.5669 3.9008 -73.938157
-13.6129 -129.2115 3.7998 -73.93812
-14.5095 -130.7248 3.617 -73.93809
-15.1909 -132.314 3.2206 -73.938067
-16.0458 -133.6469 2.4524 -73.938051
-17.0046 -135.0632 2.0492 -73.938043
-3.6471 -8.0538 -0.0157 -73.957899
-1.3228 -8.9468 -0.0471 -73.957754
0.9314 -9.9936 -0.0832 -73.957599
2.6625 -11.7633 -0.1495 -73.957408
3.884 -13.4015 -0.8686 -73.957108
4.2751 -14.1359 -3.2157 -73.956445
4.6663 -14.8703 -5.5627 -73.955794
5.0575 -15.6047 -7.9097 -73.955154
5.4487 -16.3392 -10.2567 -73.954525
5.5082 -15.6747 -11.481 -73.954055
5.7528 -14.1284 -10.9972 -73.953766
5.1317 -14.013 -9.0503 -73.953469
5.6382 -14.026 -8.2186 -73.953158
7.6439 -14.2766 -7.8039 -73.952843
9.6042 -14.0356 -7.3728 -73.952535
11.4824 -13.5321 -6.7322 -73.952222
12.4397 -13.1153 -5.3274 -73.951902
13.1732 -12.7275 -3.4442 -73.951575
14.0029 -12.5015 -1.5695 -73.951242
14.9232 -12.6143 0.2611 -73.950904
16.0509 -12.8503 1.9217 -73.950562
17.2291 -12.7352 3.6117 -73.95021
18.6969 -13.072 4.9744 -73.94986
20.4387 -12.843 5.9867 -73.949504
22.2399 -12.9948 6.2182 -73.949247
23.7688 -13.3762 5.9788 -73.949094
25.0057 -12.6222 5.3936 -73.948942
26.3571 -12.2571 4.8087 -73.948792
27.8738 -11.9691 4.5669 -73.948641
29.2461 -11.1445 4.4391 -73.948492
30.8012 -10.7714 4.3716 -73.948344
32.3851 -10.5715 4.2891 -73.948198
33.2233 -10.1298 4.9983 -73.948051
34.0663 -9.8024 5.9221 -73.947906
35.5597 -9.845 6.5062 -73.947763
36.9026 -9.7278 7.2501 -73.947621
38.2463 -9.5474 7.9246 -73.947482
39.7277 -9.1425 8.3952 -73.947344
41.1759 -8.7377 8.951 -73.947209
42.5633 -8.3419 9.5488 -73.947075
43.7337 -8.1277 8.583 -73.946944
45.1311 -8.0308 7.9631 -73.946816
46.5242 -8.3092 7.3517 -73.946691
47.4104 -8.3281 6.0274 -73.946569
48.547 -8.1523 4.9694 -73.94645
50.1277 -8.0481 4.8161 -73.946335
51.0302 -8.412 5.9293 -73.946222
52.4231 -8.5023 6.17 -73.946114
53.895 -8.5955 6.6905 -73.946009
54.9911 -8.7652 7.7616 -73.945909
56.4893 -8.9904 7.679 -73.945814
57.587 -10.1308 7.9043 -73.945724
59.0801 -10.6364 8.1455 -73.945638
60.6014 -11.0022 8.4608 -73.945558
61.9959 -11.5958 8.0265 -73.945483
62.9752 -11.9724 7.058 -73.945413
63.4644 -12.0743 5.5381 -73.945349
64.0395 -11.9612 4.047 -73.94529
64.4337 -11.9546 2.4888 -73.945237
64.823 -11.932 0.9297 -73.94519
65.2041 -11.8836 -0.6309 -73.945152
65.5558 -11.8356 -2.1985 -73.94512
65.8976 -11.7879 -3.7682 -73.945095
66.4194 -11.7876 -5.282 -73.945079
66.4944 -12.5596 -6.6605 -73.945071
21.8035 -12.9643 5.5087 -73.94922
22.2928 -12.8975 4.0421 -73.94902
22.782 -12.8307 2.5755 -73.948827
23.2713 -12.7639 1.1089 -73.948642
23.7606 -12.6971 -0.3578 -73.948464
24.2499 -12.6303 -1.8244 -73.948294
24.7391 -12.5635 -3.291 -73.948132
25.2284 -12.4967 -4.7576 -73.947977
25.7177 -12.4299 -6.2242 -73.947829
26.2069 -12.363 -7.6908 -73.947689
26.8935 -12.3131 -8.9994 -73.947554
27.9931 -12.1349 -10.0456 -73.947423
29.4155 -12.0244 -10.5719 -73.947293
30.9321 -12.139 -10.7879 -73.947167
32.4337 -12.4908 -10.7732 -73.947042
33.7283 -13.0404 -10.3346 -73.94692
34.9591 -13.7394 -9.781 -73.9468
36.3049 -14.3754 -9.3611 -73.946684
37.7863 -14.4064 -8.971 -73.946568
38.9765 -14.4204 -8.3072 -73.946456
39.509 -14.5028 -6.8771 -73.946347
40.803 -14.1184 -7.3333 -73.946244
42.1172 -13.7343 -7.9502 -73.946144
43.481 -14.2451 -8.4653 -73.946049
44.8322 -14.6862 -9.0455 -73.945958
46.2199 -15.1571 -9.5418 -73.945871
47.4998 -15.7968 -10.1041 -73.945789
48.4919 -16.341 -10.9949 -73.945712
49.2648 -16.5571 -12.2212 -73.94564
50.6437 -17.0063 -12.5265 -73.945573
52.1626 -17.2199 -12.7123 -73.945512
53.5098 -17.9199 -12.5815 -73.945457
54.8261 -18.5114 -12.0649 -73.945407
56.0144 -19.3898 -11.6485 -73.945364
57.1511 -20.3793 -11.2981 -73.945327
58.5784 -20.83 -11.009 -73.945298
59.5198 -21.3446 -11.6244 -73.945274
59.9152 -21.5013 -13.1121 -73.945259
60.3293 -21.6363 -14.5919 -73.945251
5.542 -17.4481 -11.9734 -73.954099
5.2752 -19.0549 -12.8511 -73.953904
4.5319 -20.5356 -13.6308 -73.953708
4.2842 -21.2679 -12.1504 -73.953508
4.5234 -21.5541 -11.2061 -73.953311
5.0916 -22.5097 -9.9139 -73.953112
5.6355 -23.6108 -8.5295 -73.952913
6.4022 -24.9693 -7.5369 -73.952713
6.6335 -26.3097 -6.3211 -73.952513
7.1852 -27.3717 -7.4784 -73.95231
7.7638 -28.2275 -9.037 -73.952108
9.1599 -28.8455 -10.0123 -73.951906
10.2945 -29.4271 -11.2255 -73.951704
12.0307 -29.9265 -10.7637 -73.9515
13.7255 -30.5864 -10.4924 -73.951297
15.1918 -31.515 -11.0288 -73.951093
16.7178 -31.6949 -12.0524 -73.950889
18.2188 -31.9125 -13.1144 -73.950685
19.9511 -32.1969 -13.7295 -73.95048
21.5074 -33.0418 -14.1745 -73.950267
22.8543 -34.2615 -14.6414 -73.950054
24.0059 -35.5947 -15.1729 -73.949848
24.5296 -37.1036 -15.7174 -73.949643
24.7232 -37.5624 -17.5262 -73.949434
25.1008 -38.2263 -19.2142 -73.949227
26.3789 -39.4506 -19.5884 -73.949023
28.1291 -39.8596 -20.0602 -73.948819
29.3513 -39.6098 -21.3429 -73.948615
30.6809 -38.9744 -22.3478 -73.948412
31.8544 -39.4408 -23.699 -73.948209
32.7072 -40.1312 -24.5207 -73.948008
34.1875 -40.0661 -24.2388 -73.947808
35.3747 -39.954 -25.6606 -73.947609
36.0556 -40.1808 -27.3735 -73.947408
37.1117 -40.5409 -28.8636 -73.947212
37.9499 -40.8975 -30.5002 -73.947018
38.8019 -40.6861 -32.1277 -73.946825
39.8174 -40.5169 -33.6425 -73.946636
40.8901 -40.7217 -35.068 -73.94645
42.5305 -41.61 -35.2384 -73.946267
44.3755 -41.8861 -35.4176 -73.946087
45.9871 -42.2694 -36.0731 -73.94591
47.4878 -43.2765 -36.1873 -73.945734
49.3319 -43.6209 -36.2065 -73.945559
51.1887 -43.712 -36.2324 -73.945393
53.0372 -43.4731 -36.3042 -73.945231
54.8899 -43.6769 -36.497 -73.945075
56.6959 -43.5991 -36.9065 -73.944924
58.2639 -44.1277 -37.6876 -73.944778
59.5341 -44.5902 -38.7803 -73.944636
60.5988 -45.0677 -39.8571 -73.944502
61.8729 -46.2433 -40.1922 -73.944373
63.3313 -46.5896 -41.0735 -73.94425
64.0217 -46.6763 -42.7931 -73.944132
64.5704 -46.7494 -44.583 -73.944022
64.8703 -46.6711 -46.4334 -73.943914
65.1687 -46.5915 -48.2839 -73.943817
65.5964 -46.5388 -50.1097 -73.943727
65.7108 -46.4215 -51.9702 -73.943638
65.6981 -46.2783 -53.8407 -73.943558
65.6854 -46.1351 -55.7113 -73.943489
65.6727 -45.9919 -57.5819 -73.943431
65.7296 -45.7497 -59.4403 -73.943381
65.8135 -45.4694 -61.2934 -73.94334
66.0243 -45.0935 -63.1166 -73.94331
66.1717 -44.6856 -64.9394 -73.943289
66.3305 -44.1781 -66.4646 -73.943278
5.6517 -16.7814 -12.2027 -73.953989
5.689 -16.9607 -13.7308 -73.953583
5.7263 -17.14 -15.259 -73.953186
5.7636 -17.3194 -16.7872 -73.9528
5.8009 -17.4987 -18.3154 -73.952424
5.8383 -17.678 -19.8436 -73.952059
5.8756 -17.8574 -21.3717 -73.951704
5.9129 -18.0367 -22.8999 -73.951359
5.9502 -18.216 -24.4281 -73.951025
5.9875 -18.3954 -25.9563 -73.9507
6.0248 -18.5747 -27.4845 -73.950386
6.0621 -18.754 -29.0126 -73.950082
6.0994 -18.9334 -30.5408 -73.949788
6.1367 -19.1127 -32.069 -73.949504
6.1741 -19.292 -33.5972 -73.94923
6.2114 -19.4714 -35.1254 -73.948966
6.2487 -19.6507 -36.6536 -73.948712
6.286 -19.83 -38.1817 -73.948467
6.3233 -20.0094 -39.7099 -73.948232
6.3606 -20.1887 -41.2381 -73.948006
6.3979 -20.368 -42.7663 -73.947789
6.4352 -20.5474 -44.2945 -73.947582
6.4725 -20.7267 -45.8226 -73.947383
6.5099 -20.906 -47.3508 -73.947194
6.5472 -21.0854 -48.879 -73.947013
6.5845 -21.2647 -50.4072 -73.946841
6.6218 -21.444 -51.9354 -73.946677
6.6591 -21.6234 -53.4635 -73.946522
6.6964 -21.8027 -54.9917 -73.946375
6.7337 -21.982 -56.5199 -73.946236
6.771 -22.1614 -58.0481 -73.946105
6.8083 -22.3407 -59.5763 -73.945982
6.8457 -22.52 -61.1045 -73.945866
6.883 -22.6994 -62.6326 -73.945758
6.9394 -22.8766 -64.1572 -73.945657
8.1498 -22.8799 -64.1006 -73.945561
8.9886 -23.516 -62.989 -73.945468
9.9314 -24.3205 -62.1091 -73.94538
10.5435 -25.411 -61.3105 -73.945295
11.1641 -26.7642 -60.9602 -73.945214
11.7371 -28.177 -61.0516 -73.945137
12.2468 -29.4991 -61.4619 -73.945065
12.6299 -30.7915 -61.1111 -73.944997
13.0367 -32.212 -60.6823 -73.944934
13.4206 -33.6473 -60.2909 -73.944876
13.672 -35.0666 -59.8345 -73.944824
13.7802 -36.5811 -60.0484 -73.944777
13.7177 -38.0731 -60.4184 -73.944736
13.5658 -39.5761 -60.7091 -73.944701
13.3014 -41.0704 -60.6511 -73.944673
13.3571 -42.0105 -59.4467 -73.94465
13.5377 -43.0476 -58.3404 -73.944635
13.6333 -44.0606 -57.3331 -73.944628
-2.4565 -0.91 0.0523 -73.960103
-2.8293 2.667 0.2464 -73.962227
-3.0866 6.216 0.7208 -73.964402
-2.2413 9.6979 1.5153 -73.966639
-0.7404 12.7593 0.9662 -73.968921
0.227 15.8879 -1.0884 -73.971335
0.5524 20.1154 -1.9386 -73.973893
0.4575 24.418 -2.5408 -73.976533
0.4389 27.3767 -5.5178 -73.979267
-0.013 29.9656 -8.7108 -73.982093
-0.1419 14.3216 0.264 -73.97015
0.8616 14.8245 1.2959 -73.970917
2.5303 15.409 3.4469 -73.972365
5.0961 15.9466 3.8822 -73.973887
7.8356 16.5695 3.9069 -73.975498
10.5566 17.2922 4.0994 -73.97718
13.2701 17.9524 4.5537 -73.978955
15.8121 18.8134 4.7988 -73.980823
17.2134 19.7132 4.344 -73.982163
17.5574 19.3689 4.0634 -73.98206
-0.9274 14.3109 0.2417 -73.970132
-2.5488 14.1754 0.0246 -73.969987
-4.1702 14.04 -0.1925 -73.969861
-5.6969 13.9854 -0.1496 -73.969752
-6.0083 14.0245 0.9686 -73.969656
-4.7591 13.8534 0.1003 -73.969573
-4.5248 13.8442 -1.5168 -73.969488
-4.3735 13.8457 -3.1513 -73.969422
-4.2222 13.8471 -4.7858 -73.969378
-4.0708 13.8486 -6.4202 -73.969357
-3.7648 13.9278 -8.018 -73.96936
-3.1571 14.1597 -9.5252 -73.969388
-2.5409 14.9686 -10.6984 -73.969443
-0.6612 32.5013 -8.9792 -73.983881
-1.3441 34.6869 -8.6538 -73.985194
-2.5162 37.7967 -7.959 -73.987164
-4.0883 40.798 -9.2426 -73.989164
-6.1771 43.4321 -10.5669 -73.991192
-7.4526 45.9637 -12.4793 -73.993253
-8.199 48.9959 -14.3148 -73.995367
-8.488 52.2581 -16.0262 -73.997535
-8.9751 55.6713 -17.3793 -73.999734
-8.9724 59.3456 -17.9864 -74.001963
-8.8355 62.9598 -18.9326 -74.004224
-8.1651 65.7964 -21.101 -74.006517
-8.071 69.4931 -21.2598 -74.008839
-8.0725 72.7987 -19.5494 -74.010962
-8.8931 75.9303 -20.6534 -74.012625
-9.8467 77.8663 -22.8286 -74.014054
-10.916 79.9845 -24.8489 -74.015493
-11.8107 82.572 -26.461 -74.017009
-13.9622 85.1541 -28.0376 -74.0186
-15.428 87.4195 -30.0798 -74.020203
-16.2874 89.1284 -32.8169 -74.021536
-17.1302 91.8068 -33.4334 -74.022592
-16.6579 94.7355 -33.3269 -74.023649
-16.2793 97.4317 -32.2507 -74.024703
-16.0966 100.3779 -31.8618 -74.025756
-15.6048 103.2146 -31.8672 -74.026896
-15.0646 104.6984 -30.0846 -74.028117
-14.4099 106.6313 -31.3901 -74.02932
-13.9013 109.3975 -31.7321 -74.030506
-13.1382 112.1018 -31.8855 -74.031673
-12.0288 114.6912 -32.2205 -74.032823
-9.9615 116.491 -32.7147 -74.033952
-8.3964 118.5551 -33.6954 -74.03506
-7.0441 120.3709 -35.2413 -74.036147
-16.3107 103.1222 -31.2609 -74.027481
-17.0106 105.6108 -30.0258 -74.029842
-17.7104 108.0993 -28.7907 -74.03216
-18.4103 110.5878 -27.5556 -74.034433
-19.1321 113.0846 -26.3544 -74.036661
-20.0839 115.6275 -25.7828 -74.038872
-21.6544 117.8269 -26.4818 -74.041082
-22.4041 120.0541 -28.0006 -74.043293
-23.8204 121.9956 -29.2918 -74.0455
-16.2837 88.4956 -30.6847 -74.022431
-16.9057 88.45 -28.8674 -74.025253
-17.5277 88.4044 -27.0501 -74.028039
-18.1496 88.3588 -25.2328 -74.03079
-18.7716 88.3131 -23.4155 -74.033504
-19.3936 88.2675 -21.5982 -74.036182
-20.0155 88.2219 -19.7808 -74.038823
-20.6375 88.1763 -17.9635 -74.041427
-21.2595 88.1307 -16.1462 -74.043993
-21.8814 88.0851 -14.3289 -74.046519
-22.5034 88.0394 -12.5116 -74.049008
-23.1253 87.9938 -10.6943 -74.051456
-23.7473 87.9482 -8.8769 -74.053865
-24.3693 87.9026 -7.0596 -74.056232
-24.9912 87.857 -5.2423 -74.058559
-25.6132 87.8114 -3.425 -74.060844
-26.2352 87.7657 -1.6077 -74.063087
-26.8571 87.7201 0.2096 -74.065286
-27.4791 87.6745 2.0269 -74.067443
-28.1011 87.6289 3.8443 -74.069555
-28.723 87.5833 5.6616 -74.071623
-10.6474 82.0467 -25.97 -74.016872
-9.8973 83.5702 -26.7997 -74.018171
-8.9166 84.4636 -28.1497 -74.019482
-7.9416 85.635 -29.2349 -74.020805
-6.7633 86.7616 -30.2244 -74.022137
-5.9934 87.8877 -31.5 -74.023479
-4.805 89.0805 -31.9871 -74.02483
-4.0074 90.0975 -33.2964 -74.0262
-3.642 91.5318 -34.1524 -74.027571
-3.5504 92.2381 -35.0395 -74.028952
-2.6112 93.3175 -34.37 -74.030345
-1.4138 94.7914 -34.5426 -74.031738
-0.1697 96.0984 -35.117 -74.033138
0.8889 97.112 -35.3375 -74.034544
1.8787 97.6218 -33.8386 -74.035956
3.297 98.6527 -34.2066 -74.037363
4.478 100.1526 -34.2331 -74.038766
5.7259 101.6013 -34.2783 -74.040171
6.9236 103.076 -34.3329 -74.041569
8.2378 104.4594 -34.2789 -74.042964
9.708 105.6324 -34.1824 -74.044347
11.0242 106.9149 -34.1788 -74.045725
12.03 108.5293 -34.2938 -74.047091
12.8387 110.237 -34.4028 -74.048444
13.6986 111.9172 -34.2947 -74.049781
14.9808 113.3035 -34.0183 -74.051099
16.3534 114.5382 -33.5266 -74.052396
-8.0122 74.6652 -19.0128 -74.012536
-7.3733 74.7434 -17.1393 -74.013758
-6.2129 74.8717 -15.5661 -74.014979
-4.6588 75.1485 -14.4836 -74.016207
-2.9313 75.2005 -13.5318 -74.017446
-1.1908 75.5548 -14.025 -74.018697
0.2492 75.4182 -15.2751 -74.019961
1.6994 75.2949 -16.4498 -74.021231
3.456 75.8724 -16.5978 -74.022512
4.909 77.061 -16.0201 -74.023802
6.3489 78.0205 -15.2054 -74.025098
7.6777 78.1558 -16.557 -74.02641
9.1932 78.8939 -17.1669 -74.027724
10.3243 80.3116 -17.9293 -74.029042
11.8031 81.2429 -18.8099 -74.030363
13.3202 82.0201 -19.7154 -74.031687
14.672 82.8734 -20.8357 -74.033012
15.8195 84.0369 -21.4716 -74.034334
17.3968 85.0052 -21.5241 -74.035655
19.1523 85.9091 -21.6233 -74.036973
20.835 86.8367 -21.5731 -74.038286
22.3782 87.6805 -22.4819 -74.039595
23.6336 88.6822 -23.6145 -74.040893
25.3121 89.236 -24.4178 -74.042181
26.9271 90.1776 -25.069 -74.043482
28.5711 91.1435 -25.6063 -74.044783
30.1849 92.1759 -26.0934 -74.046031
31.906 93.0582 -26.3886 -74.047253
33.349 94.3802 -26.2354 -74.048452
34.682 95.7638 -25.7885 -74.049624
36.0698 96.9946 -25.1164 -74.050769
-9.1332 71.1226 -19.9391 -74.011522
-11.2049 71.3971 -19.3463 -74.014525
-12.2503 72.1505 -17.4371 -74.017593
-13.2771 72.9723 -16.3017 -74.020718
-15.0629 74.4381 -16.0237 -74.023898
-17.1889 75.3374 -15.9102 -74.027146
-18.7708 76.7954 -16.5998 -74.03046
-20.2396 77.7578 -18.0502 -74.033848
-21.4318 79.2493 -19.3169 -74.037298
-22.4493 80.8848 -20.0685 -74.039911
-23.644 82.5321 -19.9209 -74.041639
-25.2693 83.8199 -19.7197 -74.043384
-26.4282 85.5474 -19.5741 -74.045148
-27.4271 87.2915 -19.7394 -74.046934
-28.2555 88.0894 -18.5764 -74.048756
-28.4362 88.7812 -16.6121 -74.050604
-28.7184 89.4709 -14.6555 -74.052452
-28.5952 90.5234 -12.9306 -74.05431
-28.0087 92.2281 -11.8717 -74.056183
-28.1824 93.3344 -10.523 -74.058077
-28.881 94.9101 -9.3484 -74.059985
-29.1637 96.6406 -8.2343 -74.061906
-29.7507 98.589 -7.8416 -74.063839
-31.2546 100.014 -7.7767 -74.065787
-32.9856 101.1833 -7.8435 -74.067741
-34.438 102.6859 -7.93 -74.06971
-35.8645 104.1959 -8.077 -74.071688
-37.7492 105.0636 -8.2888 -74.073671
-39.7252 105.5106 -8.4883 -74.075667
-41.4274 106.5542 -8.4275 -74.077674
-22.5697 79.9845 -21.0657 -74.040041
-23.5049 79.5868 -23.0086 -74.041831
-24.7357 79.2357 -23.1851 -74.043453
-26.0186 79.7983 -22.2548 -74.045087
-27.6912 80.6895 -21.9109 -74.046736
-29.3246 81.7314 -21.4655 -74.048397
-31.1306 82.4861 -21.4143 -74.050072
-32.9071 83.2024 -21.5235 -74.051765
-34.8537 83.2248 -21.3716 -74.05347
-36.6622 83.819 -20.8419 -74.055191
-38.0322 83.5029 -19.5874 -74.056929
-39.4902 83.5562 -18.2934 -74.058677
-40.9141 84.0358 -17.0459 -74.060437
-42.4783 85.0996 -16.5078 -74.062203
-44.0118 86.2891 -16.2793 -74.063979
-45.0805 86.8165 -17.3328 -74.0658
-45.3985 87.0849 -19.2874 -74.067617
-46.0085 87.5938 -21.1008 -74.069446
-46.5256 87.8633 -23.0125 -74.071281
-47.0124 88.1443 -24.9307 -74.073123
-48.0466 88.8001 -25.8124 -74.074946
-49.3531 89.8139 -24.8517 -74.076772
-23.4169 79.5945 -22.041 -74.04102
-7.4755 47.1812 -14.128 -73.994449
-6.6397 46.9581 -15.442 -73.994746
-6.0885 47.0624 -16.854 -73.995032
-5.6785 47.4504 -18.3124 -73.995314
-5.0375 48.1975 -19.4234 -73.995589
-4.9376 48.8586 -20.8471 -73.995859
-4.8994 49.5688 -22.2208 -73.996121
-4.8067 50.8524 -23.1201 -73.996373
-4.348 52.1399 -23.896 -73.996626
-3.8636 53.4258 -24.6617 -73.996858
-3.2759 54.7308 -25.2965 -73.99707
-2.6137 56.0992 -25.6637 -73.997265
-1.9972 57.5231 -25.7699 -73.997442
-0.7472 58.4335 -25.8246 -73.997601
0.1834 59.5702 -25.9895 -73.997739
1.0556 60.8294 -26.3063 -73.997853
1.4265 62.1744 -26.9168 -73.997941
1.2466 63.3678 -27.9187 -73.998002
0.8615 64.5278 -28.8693 -73.998034
-1.2039 34.2315 -8.7378 -73.985407
-2.1645 36.692 -8.3921 -73.987798
-3.11 39.1845 -8.3928 -73.990243
-3.9026 40.3411 -6.7187 -73.992748
-4.4638 40.8393 -4.1593 -73.995322
-5.2514 41.2336 -1.6507 -73.997953
-6.4986 41.3875 0.6577 -74.000638
-6.9016 41.3668 3.1344 -74.003403
-8.3244 41.1475 5.0228 -74.006206
-9.0777 42.2825 6.6587 -74.008757
-10.4818 44.1286 6.7312 -74.011038
-12.0542 45.877 6.472 -74.013362
-13.7926 47.4551 6.7415 -74.015733
-14.3287 48.7274 8.6097 -74.018158
-14.2892 50.0448 10.5825 -74.020624
-14.3831 52.2013 11.5125 -74.023133
-15.4653 54.1641 11.5993 -74.025687
-15.9872 56.1264 10.7348 -74.028291
-15.9935 58.493 10.4465 -74.030942
-16.6674 59.2873 8.5547 -74.033658
-17.4698 59.7595 6.3608 -74.03642
-17.8092 61.9411 6.2291 -74.039221
-19.8136 62.8997 6.5069 -74.042082
-21.3274 63.1601 7.9551 -74.045008
-22.8218 64.0013 9.1439 -74.047494
-24.7396 64.6596 9.7419 -74.049518
-25.9313 65.6939 8.2209 -74.05157
-27.3521 67.091 7.1443 -74.053653
-27.8515 68.7801 5.7356 -74.055765
-28.9706 70.1238 4.2552 -74.057901
-29.8302 71.1977 2.3661 -74.06007
-30.5772 72.9481 2.3143 -74.062269
-31.2511 73.9836 4.3225 -74.064493
-31.8836 74.7971 6.3519 -74.066749
-33.4979 76.3178 6.0157 -74.06902
-35.3494 77.7054 5.6794 -74.071316
-36.2359 77.7987 3.4859 -74.073652
-36.823 78.2142 1.2302 -74.076015
-37.2962 78.8752 -1.0041 -74.0784
-38.0777 79.5243 -3.1351 -74.080796
-38.5828 79.8578 -5.4262 -74.083231
-40.1286 80.7679 -6.86 -74.08567
-41.8887 81.3717 -5.9333 -74.088134
-43.201 81.2826 -4.0378 -74.090629
-44.3102 81.7185 -2.0187 -74.093136
-23.2557 64.0561 8.131 -74.047161
-24.9649 64.9635 8.1844 -74.048517
-26.0616 65.9005 8.9001 -74.049914
-26.305 66.1448 10.8713 -74.051336
-26.4364 66.2766 12.8582 -74.052745
-26.7662 66.3845 14.8041 -74.054164
-28.2543 66.3369 15.7942 -74.055589
-29.7596 66.2207 16.7645 -74.057033
-29.8152 66.2528 18.7633 -74.058488
-30.2709 66.9957 19.6957 -74.059953
-31.7156 67.9135 20.4594 -74.061436
-32.1409 69.5247 21.5115 -74.062928
-33.0427 71.1208 22.2483 -74.064424
-33.7682 72.7602 23.0868 -74.065927
-34.714 74.4169 23.6586 -74.067432
-35.5114 76.0162 24.4887 -74.068943
-35.8784 77.7991 25.2812 -74.070459
-36.6919 79.4931 25.9091 -74.071977
-37.5921 81.2366 26.1638 -74.073491
-37.9648 82.9348 26.6532 -74.075013
-38.1232 84.1537 28.0096 -74.076526
-37.4894 85.6297 29.04 -74.078034
-37.0034 87.4849 29.1485 -74.079534
-36.7841 89.4485 29.2879 -74.081075
-36.3959 91.4052 29.448 -74.082601
-9.6387 41.5186 6.3846 -74.007985
-11.2133 41.8239 6.3128 -74.008689
-12.0979 42.4791 4.8865 -74.00941
-13.2557 43.35 3.9751 -74.010137
-14.2423 43.577 2.4577 -74.010874
-15.3556 43.71 1.0276 -74.011618
-15.9894 44.5732 -0.4476 -74.012371
-16.6871 45.12 -2.0478 -74.013131
-17.7188 45.8368 -3.2857 -74.0139
-18.5783 46.8498 -4.5254 -74.014674
-19.9074 47.2662 -5.6939 -74.015454
-21.5852 47.5437 -6.3542 -74.016236
-22.9761 48.6597 -6.3259 -74.017019
-24.3563 49.8697 -6.2079 -74.017806
-25.8552 50.8966 -6.0169 -74.018592
-27.0962 51.9486 -5.4199 -74.019381
-27.9482 52.3876 -3.9646 -74.020173
-29.654 52.5789 -3.9322 -74.020958
-30.6445 52.9077 -5.3714 -74.021742
-32.0441 53.5066 -6.2656 -74.022519
-33.4656 54.634 -6.5349 -74.023289
-34.9544 55.5474 -7.0531 -74.024049
-36.2819 56.6634 -7.6004 -74.024798
-37.6486 57.8611 -7.7756 -74.025536
-38.5034 59.4777 -7.6459 -74.026259
-39.3718 61.0534 -7.2838 -74.026961
-40.2991 62.551 -6.7638 -74.027644
-41.2384 64.045 -6.261 -74.028306
-41.8614 65.6914 -5.7694 -74.028941
-42.4591 67.2851 -5.1652 -74.029548
-43.3383 68.5969 -4.4191 -74.030124
-44.4522 70.0317 -4.1392 -74.030663
-45.5063 71.5345 -4.0501 -74.031167
-46.5569 73.035 -4.1531 -74.031628
-47.8716 74.2263 -4.5515 -74.032045
-48.8625 75.1738 -5.5759 -74.032414
-49.2408 75.7623 -7.2733 -74.032733
-49.4584 77.0985 -8.4631 -74.032994
-49.9501 78.752 -8.946 -74.033196
-51.026 79.8745 -9.2484 -74.033335
-51.28 79.9424 -10.8927 -74.033408
17.7044 20.951 4.9703 -73.982904
18.2015 22.2043 5.6044 -73.98365
18.6985 23.4577 6.2386 -73.984391
19.0912 25.152 6.8819 -73.985324
19.429 27.2733 6.757 -73.986469
20.0937 28.9393 5.4586 -73.987635
20.5192 30.5261 4.0181 -73.988823
21.7848 31.8769 2.8501 -73.990037
22.0977 33.1829 1.0434 -73.991274
23.2662 34.71 0.0406 -73.99253
23.7528 35.2305 -1.9989 -73.993815
24.4415 36.3316 -0.4475 -73.995126
25.2156 37.3871 1.3732 -73.996459
25.5431 38.1412 3.4507 -73.997818
26.3109 39.4951 5.0553 -73.999194
27.3125 40.7429 3.9319 -74.000594
27.6125 41.5008 5.9749 -74.002027
27.8649 42.4672 7.8245 -74.00348
28.5761 44.0126 9.106 -74.004951
29.3017 45.8785 9.8466 -74.006442
29.8444 47.4239 10.9837 -74.007966
29.8427 48.4745 12.9418 -74.009508
30.4043 50.5089 13.6559 -74.011068
32.2661 51.6774 14.0416 -74.012652
33.7432 53.3643 13.9508 -74.014257
35.3704 54.8773 13.6311 -74.015884
36.404 56.7929 13.1328 -74.017534
37.9566 57.9008 12.228 -74.0192
39.1636 59.6692 11.6914 -74.020888
40.7811 61.2139 11.412 -74.022598
42.5407 62.5144 11.7504 -74.024323
43.9242 63.8221 12.81 -74.02607
45.3908 65.165 13.6376 -74.027834
45.9271 67.2097 14.1714 -74.029609
46.6355 69.1359 14.3788 -74.031399
48.3635 70.1089 14.8857 -74.033206
49.6569 71.9103 15.1633 -74.035062
50.9513 73.7475 15.4455 -74.03693
52.8054 74.9337 15.6383 -74.038774
54.7263 75.5702 15.6827 -74.040626
56.0864 76.9982 15.657 -74.042488
57.1449 78.0802 14.4904 -74.044365
58.894 79.349 14.0314 -74.046242
60.9129 80.2627 14.3307 -74.048123
62.6887 81.5896 14.007 -74.050009
64.1912 82.1373 14.8133 -74.051907
65.3934 82.3955 16.5144 -74.053801
66.9021 83.2776 17.6975 -74.055686
67.4164 84.9808 18.6495 -74.057565
68.0681 86.9646 19.2519 -74.059429
18.9087 24.0362 7.1126 -73.984763
19.1476 18.9083 3.9431 -73.982674
20.9905 18.3979 3.8423 -73.983382
22.9152 18.2333 3.6481 -73.984104
24.7758 17.8958 3.3306 -73.984838
26.5871 18.0132 3.1308 -73.985587
28.3023 18.6484 3.6845 -73.986349
29.9424 18.8206 4.6508 -73.987125
31.2866 18.6601 5.9911 -73.987918
32.7096 18.1098 7.1234 -73.988724
34.1103 16.8391 7.543 -73.989542
35.4164 15.4177 7.7072 -73.990376
36.5618 14.0174 7.4707 -73.991223
38.0589 13.6462 6.35 -73.992083
39.8047 13.3092 5.8907 -73.992956
41.5119 12.7068 5.2455 -73.993843
42.8693 12.0614 4.0202 -73.994744
44.4573 11.3345 3.2295 -73.995658
45.9294 10.8303 2.4767 -73.996586
47.1014 10.1377 3.6205 -73.997523
48.3849 9.3089 4.6779 -73.998471
49.394 9.6773 6.2389 -73.999436
50.6478 10.0528 7.6185 -74.000409
51.9327 9.8336 9.0023 -74.00139
53.4883 10.1208 10.104 -74.002379
55.2334 9.8227 9.9071 -74.003375
57.0597 9.924 9.3135 -74.004438
58.8743 9.6526 8.6558 -74.005532
60.689 9.3812 7.9981 -74.006595
62.4959 9.1815 7.3186 -74.007628
64.0964 9.6659 6.3822 -74.008654
65.6128 10.0298 5.5676 -74.009683
66.3879 8.7348 6.61 -74.010715
67.0408 7.9267 8.2378 -74.011746
67.6184 7.3624 10.0083 -74.012779
68.2214 6.7991 11.7671 -74.01381
68.8557 6.3245 13.5452 -74.014831
69.5936 6.0215 15.3177 -74.015851
70.6128 5.6939 16.9232 -74.016856
71.846 5.1297 18.3139 -74.017843
73.446 5.6128 19.1551 -74.01882
75.1394 5.1362 19.9892 -74.019796
76.7792 5.1163 20.887 -74.020737
78.3203 5.541 21.9782 -74.021658
79.5543 6.0354 23.1887 -74.022554
80.477 6.477 24.7608 -74.023419
82.1371 6.4027 25.3832 -74.024254
83.992 6.8997 25.7174 -74.025055
85.8702 6.8251 26.0726 -74.025819
87.7509 6.7088 26.4848 -74.026541
89.6348 6.7028 26.6547 -74.027217
91.0074 6.4378 25.4152 -74.027843
92.1971 6.0461 24.0228 -74.028417
93.1627 5.5053 22.7795 -74.028946
93.4181 5.3578 20.8527 -74.029412
93.6827 5.205 18.9277 -74.029808
93.9559 5.0473 17.0042 -74.03013
94.7999 4.5071 17.8661 -74.030372
-1.9865 16.2264 -10.9822 -73.969518
-1.6114 17.3396 -11.0385 -73.969569
-1.1973 18.2526 -10.4886 -73.969608
-0.4899 18.8695 -10.968 -73.969636
0.4947 18.656 -11.4238 -73.96965
-5.9486 122.6202 -36.4545 -74.03721
-4.8563 124.4889 -38.1946 -74.038248
-3.4433 126.1431 -39.8024 -74.039259
-2.2407 128.597 -40.3971 -74.04024
-1.5188 131.295 -40.1613 -74.041192
-1.6696 134.0734 -40.2753 -74.042112
-2.517 136.7345 -40.7076 -74.042999
-3.2762 139.4376 -41.1589 -74.043851
-4.1563 142.1305 -41.3938 -74.044665
-4.9956 144.8475 -41.5126 -74.045441
-4.2109 147.46 -41.641 -74.046176
-3.9407 150.1251 -41.6099 -74.046868
-3.8535 152.9656 -41.6389 -74.047516
-3.8797 155.8081 -41.7765 -74.048117
-3.362 158.4701 -41.8809 -74.04867
-3.9026 161.1882 -41.8597 -74.049172
-4.6546 163.8938 -41.7416 -74.049621
-4.458 166.7321 -41.7051 -74.050014
-4.7248 169.4267 -41.9823 -74.05035
-5.9516 171.9513 -42.4086 -74.050625
-6.8697 174.6164 -42.5236 -74.050838
-7.1469 177.3942 -42.5991 -74.050986
-8.5483 179.5426 -43.6297 -74.051066
-9.0965 181.9163 -44.9846 -74.051075
-9.3572 184.5276 -45.8738 -74.051011
-10.3037 185.8819 -45.5629 -74.050792
-12.6165 185.7411 -44.527 -74.050433
-14.6492 185.7303 -43.1953 -74.050011
-16.2496 187.2653 -42.1906 -74.04952
-17.9145 189.1431 -41.8854 -74.048957
-19.4479 191.0685 -41.5909 -74.048317
-21.0169 192.9475 -41.0017 -74.047599
-22.4125 194.4386 -40.3024 -74.046799
-23.7068 195.9472 -39.0039 -74.045914
-25.0392 197.7028 -39.8911 -74.044942
-25.8175 200.0563 -40.2799 -74.043879
-26.6369 201.4551 -41.5533 -74.04272
-27.5289 202.2594 -40.2727 -74.041464
-29.472 203.3638 -40.3713 -74.04011
-31.4096 204.4733 -39.3932 -74.038652
-31.9894 205.4816 -37.1556 -74.03708
-32.896 206.6385 -35.2063 -74.035401
-33.7738 206.9925 -32.8727 -74.033603
-35.326 208.2821 -31.3862 -74.031694
-36.5537 210.18 -30.3332 -74.029661
-37.6503 212.1937 -29.5135 -74.027503
-38.7499 214.0475 -28.2022 -74.025212
-38.8366 216.2339 -27.1303 -74.022784
-39.8429 217.9451 -25.6872 -74.020214
-40.3547 220.3663 -25.6679 -74.0175
-9.0607 186.6005 -47.0068 -74.051045
-8.6412 188.5188 -48.1723 -74.051196
-7.9227 189.8909 -49.7878 -74.051289
-7.3389 191.2666 -51.5099 -74.051319
-6.8689 192.8579 -53.067 -74.051286
-6.5717 194.5306 -54.6272 -74.051186
-6.699 195.7688 -56.5782 -74.051017
-6.6007 197.3796 -57.9455 -74.050778
-5.361 198.4457 -59.4593 -74.050463
-4.0706 199.0919 -61.2062 -74.050071
-2.56 200.3359 -61.9713 -74.049601
-1.1767 202.1203 -62.473 -74.049048
0.1257 203.765 -63.1817 -74.048409
0.5779 205.9809 -62.9411 -74.047681
1.7705 207.8999 -62.7909 -74.046861
1.7806 210.0234 -63.3852 -74.045945
1.251 212.0868 -62.5412 -74.044928
0.3882 214.2228 -62.3899 -74.04381
-0.4598 216.2968 -62.9067 -74.042586
-1.2479 218.4121 -63.4146 -74.041251
-2.0973 220.5416 -63.7457 -74.039802
-3.4118 222.4275 -63.923 -74.038235
-5.2388 223.8332 -64.0726 -74.036546
-7.0057 225.2983 -64.337 -74.03473
-8.1122 227.0393 -64.9339 -74.032779
-8.3675 229.0243 -65.402 -74.031119
-8.7031 230.7886 -65.6689 -74.029801
-9.2813 232.5101 -65.8231 -74.028397
-9.2237 228.2929 -64.8468 -74.031378
-10.9382 228.5001 -64.259 -74.030567
-12.6565 228.7042 -63.682 -74.02967
-25.5183 124.0162 -29.3962 -74.04754
-26.4756 125.8583 -28.1987 -74.049417
-27.6755 127.8327 -27.6028 -74.051288
-27.9279 128.8492 -29.077 -74.053156
-28.5728 129.8586 -27.39 -74.055025
-29.4951 131.5172 -26.0388 -74.056874
-30.3172 133.5583 -25.0126 -74.058714
-30.9903 134.755 -23.0132 -74.060543
-31.8576 136.0757 -21.167 -74.062358
-32.9249 137.8539 -19.8699 -74.064158
-34.7749 138.8966 -19.3111 -74.065945
-36.3176 139.9122 -18.0849 -74.067712
-37.4604 141.3871 -16.8864 -74.06946
-38.6623 143.1941 -16.0632 -74.071191
-40.1691 144.5551 -14.9429 -74.072903
-41.2877 146.3296 -14.9203 -74.074594
-42.5778 148.1549 -14.027 -74.076259
-43.9866 149.9737 -13.1872 -74.077895
-45.0144 151.7833 -12.0503 -74.079504
-45.5532 153.8159 -10.8393 -74.081085
-46.3861 156.0367 -10.2537 -74.082634
-46.9837 158.3901 -9.9517 -74.084147
-47.8117 160.6751 -9.7756 -74.085627
-49.0447 162.6915 -9.706 -74.087067
-50.015 164.9082 -9.8518 -74.088468
-51.5234 166.8379 -9.9384 -74.089826
-52.9161 168.8061 -9.9279 -74.09114
-54.0733 170.9215 -9.7859 -74.092408
-55.7453 172.652 -9.5467 -74.093627
-57.6094 174.1497 -9.6472 -74.094794
-59.246 175.273 -8.9172 -74.095908
-60.6519 176.3429 -7.7572 -74.096964
-61.8971 178.3631 -7.4187 -74.097961
-62.7492 180.6081 -7.5045 -74.098896
-63.9736 182.7158 -7.7021 -74.099764
-65.2308 184.8141 -7.6187 -74.100563
-66.7492 186.7003 -7.6491 -74.10129
-68.417 188.4651 -7.7574 -74.101941
-69.4591 190.6092 -7.7695 -74.102513
-69.6776 192.1396 -9.5531 -74.103005
-70.6232 193.0213 -8.854 -74.103414
-70.9662 193.1386 -6.4297 -74.103732
-71.4596 193.5338 -4.0639 -74.103955
-72.1758 195.2071 -3.9513 -74.104078
-73.6159 196.7389 -5.1111 -74.104097
-74.8609 198.522 -6.148 -74.104008
-75.7426 199.5734 -7.6936 -74.103807
-75.3694 199.5725 -10.1146 -74.103485
-74.4019 199.6256 -11.6143 -74.103044
-73.8016 200.0979 -9.3728 -74.102475
-74.5843 201.3776 -7.8285 -74.101774
-75.66 202.8847 -6.3385 -74.100934
-76.7569 204.7933 -5.2692 -74.099951
-77.7876 206.5222 -4.0466 -74.098815
-78.7815 208.5213 -3.0989 -74.097525
-29.3228 87.5393 7.4141 -74.073574
-29.9005 87.4969 9.1019 -74.075413
-30.4781 87.4545 10.7898 -74.077212
-31.0558 87.4122 12.4776 -74.078971
-32.2782 87.1841 13.3671 -74.080698
-33.8866 86.6278 13.8875 -74.082429
-35.2533 87.1539 14.4242 -74.084161
-35.8481 87.8038 15.3321 -74.085889
-36.8463 86.9864 16.4788 -74.087619
-38.3951 86.3544 16.7879 -74.089342
-40.0436 86.842 16.4412 -74.091059
-41.676 86.6973 15.7688 -74.092772
-43.0795 86.67 14.6822 -74.094477
-44.7397 86.6061 14.8133 -74.096172
-46.2784 86.3685 14.6265 -74.097857
-47.931 85.969 14.7511 -74.099529
-49.3382 85.0184 15.2541 -74.101188
-51.0157 84.5548 15.4912 -74.102833
-52.76 84.3802 15.7377 -74.104457
-54.4766 84.1118 16.1326 -74.106062
-56.1575 83.722 16.5614 -74.107648
-57.6854 83.1665 17.2616 -74.109213
-59.449 83.0129 17.2864 -74.110751
-61.2047 83.1213 17.0316 -74.112259
-62.4985 83.4162 16.057 -74.11374
-64.2493 83.561 15.9695 -74.115189
-65.9938 83.4285 15.6473 -74.116606
-67.7202 83.5173 15.2308 -74.117987
-69.055 83.036 14.2322 -74.119329
-69.8653 82.2066 12.9383 -74.120631
-71.0115 81.258 11.9738 -74.121886
-72.4278 80.4398 11.5445 -74.123097
-73.698 79.222 11.6667 -74.124256
-74.8344 77.8746 11.8888 -74.125359
-76.1909 76.8138 12.1994 -74.12641
-77.7152 76.0674 12.6693 -74.127403
-79.2241 75.3783 13.2714 -74.128332
-80.5771 74.3384 13.7242 -74.129195
-81.948 73.2954 14.1285 -74.12999
-83.3128 72.1963 14.4348 -74.13071
-84.2563 70.7511 14.49 -74.131355
-85.9688 70.3467 14.3507 -74.131921
-87.6869 70.083 14.43 -74.132401
-89.1236 69.3762 14.9056 -74.132794
-90.0942 69.1674 16.3612 -74.133096
-91.4773 68.4273 17.0893 -74.133301
-93.1744 68.4543 17.5737 -74.133406
17.4714 115.5383 -32.7054 -74.053562
18.7181 116.515 -32.6736 -74.054605
19.4474 117.9165 -32.6863 -74.055627
20.2746 119.2604 -32.6312 -74.056629
21.0837 120.5882 -32.4636 -74.057608
21.7758 121.9988 -32.2416 -74.058563
22.3094 123.4582 -32.1155 -74.059493
23.1409 124.8071 -32.0128 -74.060393
23.9385 126.1782 -31.9172 -74.061266
25.0849 127.2066 -31.902 -74.062104
25.7601 127.3047 -33.2559 -74.062917
26.628 127.211 -34.5602 -74.063696
27.4583 127.1967 -35.7592 -74.064431
28.395 127.5305 -34.6253 -74.065126
29.5644 128.205 -33.8463 -74.065775
30.5696 128.6374 -32.8152 -74.066382
32.0051 129.043 -32.2921 -74.066939
33.4128 129.4399 -31.6761 -74.067445
34.7649 130.0848 -31.1622 -74.067896
36.07 130.7044 -30.5266 -74.068291
37.2954 130.2845 -29.7509 -74.068627
38.6668 129.8544 -29.4393 -74.068902
40.0959 129.824 -28.9371 -74.069113
41.6596 129.7812 -29.1527 -74.069257
43.163 129.7557 -29.5887 -74.06933
37.3605 97.6671 -24.1386 -74.051773
38.5247 98.3419 -23.3011 -74.052645
39.4075 98.7958 -22.0704 -74.053495
39.7833 99.3954 -20.6642 -74.05432
39.86 99.407 -19.0804 -74.055129
40.1939 99.8932 -18.7303 -74.055897
40.4963 100.318 -20.2174 -74.056641
41.4643 101.4944 -20.1061 -74.057345
42.3976 102.7119 -19.7798 -74.058013
43.1049 104.0833 -19.5568 -74.058644
44.0865 105.3182 -19.6544 -74.059234
44.7899 106.7249 -19.7113 -74.059782
45.9094 107.8469 -19.694 -74.060285
47.0015 108.9935 -19.6267 -74.060742
47.4874 110.1272 -19.5101 -74.06116
47.4694 110.2183 -21.0953 -74.061566
47.4514 110.3094 -22.6805 -74.061906
47.4334 110.4005 -24.2657 -74.062179
47.4153 110.4915 -25.8509 -74.062385
47.3973 110.5826 -27.4361 -74.062524
47.3793 110.6737 -29.0213 -74.062593
-43.1464 107.2097 -8.6051 -74.079533
-44.2349 108.3552 -9.2701 -74.081245
-45.5183 109.1815 -10.1573 -74.08296
-46.5455 110.332 -10.9218 -74.084677
-47.6198 111.4497 -11.7523 -74.086396
-48.7733 112.6103 -11.9929 -74.088117
-49.0763 114.3515 -11.8794 -74.08984
-49.3422 116.0762 -11.586 -74.091558
-49.7822 117.0822 -10.2937 -74.093279
-50.4256 118.2912 -9.1739 -74.094997
-50.9978 119.2379 -7.7863 -74.096713
-51.2625 120.0244 -6.2601 -74.098428
-51.6654 121.1492 -4.9912 -74.100131
-51.9476 122.7357 -4.2703 -74.101827
-52.5998 124.2212 -3.6393 -74.103513
-53.274 125.7541 -3.0637 -74.105184
-53.9887 127.1954 -2.3704 -74.106843
-53.963 128.1021 -0.9245 -74.108505
-54.6255 128.6873 -0.6995 -74.110156
-55.0557 128.8462 -2.4173 -74.111797
-55.7093 129.6088 -3.8029 -74.113402
-56.3904 130.5701 -3.4395 -74.114988
-57.2397 131.7558 -2.5815 -74.116554
-57.7383 132.4193 -1.0375 -74.118111
-58.1997 132.8604 0.5026 -74.119637
-59.135 134.2149 0.2827 -74.12113
-59.5411 135.9385 0.3726 -74.122592
-60.3211 137.5272 0.4547 -74.124021
-61.5615 138.7924 0.4272 -74.125414
-62.8427 140.0202 0.4049 -74.126773
-63.9756 141.337 0.4784 -74.128093
-65.5415 142.0698 0.6041 -74.129372
-66.8201 143.3029 0.6105 -74.130607
-67.9523 144.6731 0.6097 -74.131828
-69.0106 146.0943 0.6091 -74.132974
-69.7753 147.6531 0.6561 -74.134061
-69.9859 148.4831 2.1055 -74.1351
-70.4429 149.3779 3.3991 -74.136077
-71.6135 150.4383 2.691 -74.136989
-72.4835 151.5429 1.7355 -74.137837
-72.9227 152.8592 2.7049 -74.138617
-72.5877 154.4469 3.3601 -74.139325
-73.0119 156.1489 3.5593 -74.139958
-73.1545 157.8864 3.5882 -74.140512
-74.1953 159.319 3.6169 -74.140982
-74.932 160.9303 3.7174 -74.141366
-75.2192 162.6661 3.8423 -74.141659
-75.4158 163.3004 5.1393 -74.141863
-75.4017 163.5667 6.8972 -74.141967
-50.1374 90.531 -23.3634 -74.078496
-51.2673 90.8857 -22.5511 -74.0801
-52.7159 91.6607 -23.1098 -74.081701
-54.0702 92.6015 -23.357 -74.083302
-55.4386 93.0469 -22.4458 -74.0849
-56.998 93.6059 -21.9041 -74.086497
-58.5673 94.2413 -21.5078 -74.088088
-59.4515 94.8578 -20.2839 -74.089685
-60.3751 95.9904 -19.3491 -74.091263
-61.639 96.317 -18.2753 -74.092835
-62.5765 96.8459 -17.7339 -74.094398
-63.9654 97.6322 -17.7098 -74.095953
-65.6166 98.1559 -17.9424 -74.097496
-67.3141 98.5251 -18.0363 -74.099027
-68.9906 98.999 -17.9141 -74.100539
-70.4527 99.8368 -17.5623 -74.102036
-71.8636 100.5751 -16.8437 -74.103514
-73.2945 101.1084 -16.0241 -74.10497
-74.8032 101.5319 -15.3155 -74.106404
-76.2937 102.0431 -14.7677 -74.107815
-76.9439 103.3194 -13.9021 -74.1092
-77.7853 104.5384 -13.0235 -74.110556
-79.1174 105.4827 -13.5256 -74.111878
-80.5678 106.3785 -13.889 -74.113168
-81.9123 107.4474 -14.0602 -74.114418
-82.892 108.884 -14.1362 -74.115631
-83.7902 110.3676 -14.0768 -74.116806
-84.9748 111.6284 -13.8567 -74.117933
-86.2002 112.6963 -13.3076 -74.119018
-87.0479 113.9279 -12.479 -74.120055
-87.7411 115.4304 -11.9657 -74.121037
-88.823 116.6812 -11.5653 -74.121963
-89.4834 118.0465 -10.8065 -74.122833
-90.0558 119.4566 -9.9504 -74.123642
-90.8226 120.9302 -9.4429 -74.124385
-91.9586 122.2396 -9.3374 -74.125058
-92.8888 123.6775 -9.6286 -74.125661
-93.6083 125.2344 -9.9613 -74.126188
-94.4583 126.6908 -10.3334 -74.126637
-95.6371 127.179 -11.2403 -74.127005
-96.5223 128.3643 -11.7434 -74.127286
-97.3565 129.8343 -11.9607 -74.127478
-98.0187 131.4271 -12.0082 -74.127576
-44.8397 82.3848 -0.1022 -74.09537
-45.6858 82.6745 1.4762 -74.09733
-47.0854 83.466 2.0376 -74.09929
-47.9154 84.1261 0.6038 -74.101268
-48.4536 84.4912 -1.1078 -74.103248
-49.4629 84.7481 -2.3216 -74.105233
-50.8487 85.4683 -2.9272 -74.107229
-51.3634 86.2483 -4.138 -74.109248
-51.1604 85.8865 -5.9031 -74.11127
-51.4147 86.3329 -4.63 -74.113304
-51.3753 86.9211 -3.2026 -74.115329
-51.6511 88.546 -2.6095 -74.117354
-52.0008 89.4665 -3.9264 -74.119398
-52.6137 90.8015 -4.1725 -74.121438
-53.4473 92.4123 -3.9386 -74.123482
-53.8653 94.1635 -3.6555 -74.125529
-53.9519 95.9277 -3.215 -74.127579
-54.3051 97.4953 -2.5507 -74.129631
-54.5625 98.6898 -1.1952 -74.131678
-54.547 99.8234 0.1762 -74.133729
-54.2907 100.3598 1.9096 -74.135783
-54.7709 101.2087 3.4194 -74.137818
-54.4328 101.9413 3.8933 -74.139841
-53.0212 101.1678 3.092 -74.141856
-52.5222 101.109 4.5528 -74.143875
-54.1846 101.7537 4.4499 -74.145874
-55.6576 102.8136 4.5394 -74.147858
-56.499 104.3974 4.7059 -74.14983
-56.8786 106.1716 4.8788 -74.151788
-56.4546 107.8733 4.5587 -74.153728
-55.6814 109.1098 4.4339 -74.155667
-55.7928 109.3656 6.2457 -74.157618
-56.2213 109.7146 7.7986 -74.159503
-55.5336 111.171 7.9788 -74.161363
-57.2605 111.7016 8.1166 -74.163193
-58.1121 113.2561 8.4551 -74.164997
-58.5985 114.919 9.0311 -74.166772
-59.6859 116.036 9.8099 -74.168507
-59.434 116.5435 10.5662 -74.170212
-59.3051 118.1105 11.4366 -74.171876
-59.9415 119.6907 12.0733 -74.173504
-60.8614 121.156 12.3489 -74.175084
-61.607 122.4945 11.39 -74.176623
-62.1797 124.0961 10.8491 -74.178109
-62.6253 125.8486 10.8404 -74.179542
-62.2188 127.4063 11.6395 -74.180918
-61.8461 129.0333 12.3882 -74.182236
-62.5327 130.6886 12.3999 -74.18349
-62.936 132.4579 12.2088 -74.184681
-63.3234 134.2117 11.8803 -74.185806
-63.6303 135.945 11.5157 -74.186858
-63.951 136.5199 9.8435 -74.187841
-64.1784 137.2406 8.1925 -74.188741
-64.0694 138.3872 6.7995 -74.189555
-64.3697 140.0086 6.0583 -74.190283
-64.8732 141.6033 5.322 -74.190918
-65.5178 142.5596 4.0703 -74.19146
-65.7682 143.1976 5.3492 -74.191903
-66.7186 144.3442 5.8832 -74.192242
-67.5125 145.9488 6.0337 -74.192472
-68.2142 147.6123 6.0332 -74.192589
-36.2134 93.2108 29.5751 -74.083952
-36.6635 94.7733 29.8902 -74.085164
-36.9263 96.2364 30.4302 -74.086363
-37.1622 97.773 30.8495 -74.087551
-37.5529 99.3568 31.1525 -74.088728
-37.9173 100.9487 31.3678 -74.089885
-38.3971 102.525 31.406 -74.091028
-38.3118 104.182 31.3802 -74.092149
-38.3833 105.841 31.3619 -74.093249
-38.5184 107.493 31.3513 -74.094328
-38.1793 109.1047 31.3065 -74.095383
-37.694 110.6348 31.1726 -74.096409
-37.4366 112.1749 31.1742 -74.09741
-36.4341 113.3684 31.2349 -74.098383
-35.2673 114.4885 31.1966 -74.099322
-35.1913 116.0244 31.322 -74.100228
-36.1323 117.264 31.8032 -74.101097
-36.1013 118.8174 31.8898 -74.101929
-35.2737 120.1279 31.585 -74.10272
-34.1912 121.3196 31.36 -74.103467
-33.7141 122.9011 31.2289 -74.104167
-33.0667 124.4147 31.1658 -74.104818
-32.8786 126.0601 31.1275 -74.105417
-32.0835 127.4884 31.1247 -74.10596
-31.8296 129.12 31.1246 -74.106447
-31.1422 130.5851 30.9859 -74.106873
-30.3228 131.8477 30.3079 -74.107236
-29.6856 132.4849 28.9766 -74.107534
-29.0719 133.0333 27.5676 -74.107763
-28.0844 133.7856 27.8775 -74.107919
-27.152 134.469 28.6173 -74.107998
68.8569 88.73 19.5506 -74.061048
69.4626 89.4871 18.5505 -74.062446
69.8694 90.2922 17.5312 -74.063831
70.1133 90.9732 19.0619 -74.065208
70.2522 92.4115 19.6157 -74.066566
70.8156 93.9888 19.8859 -74.067907
70.9233 95.5529 19.5992 -74.069235
71.3862 97.0655 19.4044 -74.070543
72.5006 98.2929 19.6588 -74.071828
72.7344 99.9408 19.94 -74.073095
72.932 101.5833 19.995 -74.074339
72.4313 103.198 19.9089 -74.075559
71.8799 104.7873 20.0008 -74.076749
71.5282 106.416 19.8144 -74.077913
71.2624 108.037 19.4849 -74.079044
70.3107 109.3594 19.2993 -74.080139
69.2896 110.7156 19.219 -74.081197
68.8552 112.3448 19.1576 -74.082215
68.8224 113.8606 18.9579 -74.083192
69.0085 114.8834 18.0264 -74.084128
68.8524 116.0924 16.8932 -74.085018
69.7271 117.2159 15.9694 -74.085859
70.0973 118.581 15.0882 -74.086646
70.8674 119.2691 13.939 -74.087382
70.3855 118.9765 13.515 -74.088057
69.9666 118.6726 13.3866 -74.088677
70.2125 118.847 11.7059 -74.08924
70.4357 118.9096 10.8982 -74.089725
70.1867 118.7318 12.5649 -74.090144
69.521 118.6003 13.8778 -74.090482
69.0153 119.2849 13.1332 -74.09074
69.8993 119.8704 11.9133 -74.090916
70.2963 119.9515 10.2866 -74.091007
95.5228 3.6634 18.9207 -74.030499
95.9521 3.5018 19.9853 -74.030564
96.3294 3.3373 21.069 -74.030597
-41.3421 222.5153 -25.6062 -74.014825
-42.702 224.1478 -25.2091 -74.01233
-44.2458 225.1088 -24.0553 -74.009824
-45.8189 226.0665 -23.0056 -74.007312
-47.3319 227.1224 -21.9872 -74.004792
-48.8138 228.7344 -21.8003 -74.002265
-50.1281 230.4969 -21.9165 -73.999729
-51.8278 231.7383 -22.0527 -73.997183
-52.8158 233.6774 -22.1145 -73.994627
-53.0724 235.6787 -22.1684 -73.992594
-53.6815 237.6012 -22.215 -73.991095
-54.8336 239.2327 -22.1693 -73.989598
-55.9455 240.9107 -22.1307 -73.988102
-56.8959 242.6769 -22.2538 -73.986608
-57.6448 244.0732 -23.1351 -73.985112
-57.9004 245.3567 -24.6431 -73.983618
-58.5973 247.0318 -25.4177 -73.982126
-59.3933 248.8468 -25.6686 -73.980636
-60.5485 250.492 -25.7129 -73.979146
-62.0102 251.8694 -25.795 -73.977656
-63.5819 251.7041 -25.7766 -73.976168
-65.1861 252.5294 -25.4878 -73.974677
-66.5361 253.7075 -24.6451 -73.973187
-67.4482 255.4346 -24.2826 -73.971697
-68.0616 257.3349 -24.0645 -73.970206
-69.279 258.781 -24.0213 -73.968718
-70.6709 260.1778 -24.061 -73.967229
-71.4436 262.0159 -24.0595 -73.96574
-72.8554 263.4363 -23.888 -73.964253
-74.3055 264.6952 -23.3614 -73.962768
-75.6104 266.0079 -22.6232 -73.961283
-76.4194 267.7709 -22.2236 -73.959796
-77.0046 269.6763 -21.989 -73.958311
-77.6943 271.5617 -21.8675 -73.956828
-78.0414 273.5421 -21.7862 -73.955346
-78.9873 275.301 -21.7403 -73.953866
-80.3424 276.7952 -21.6879 -73.952387
-81.6546 278.3163 -21.6068 -73.950912
-83.1583 279.5974 -21.7854 -73.949439
-84.8953 280.6045 -21.8472 -73.947968
-86.7025 281.4584 -21.6828 -73.946499
-87.8751 282.8646 -21.0904 -73.945031
-89.4892 283.7967 -20.5891 -73.943566
-91.1007 284.9601 -20.5677 -73.942105
-92.4107 286.2858 -21.1453 -73.940646
-94.0557 286.9976 -21.9919 -73.939191
-95.7101 288.0996 -22.2545 -73.937739
-97.3406 289.2852 -22.2657 -73.936292
-98.976 289.9877 -22.9029 -73.934849
-100.2796 290.7986 -23.6291 -73.933409
-101.4799 291.8038 -22.4899 -73.931971
-103.036 292.9887 -22.0284 -73.930541
-104.6892 294.1312 -21.8834 -73.929115
-106.3559 295.2232 -22.151 -73.927695
-107.8941 296.3493 -22.6692 -73.926282
-109.1385 297.4951 -23.597 -73.924872
-110.8652 298.494 -23.4597 -73.923472
-112.4721 299.5248 -23.016 -73.922076
-113.8772 300.6139 -22.2042 -73.920688
-115.339 301.8994 -21.8314 -73.919307
-116.6463 303.427 -21.784 -73.917934
-117.9037 305.0024 -21.8441 -73.916569
-119.0254 306.6607 -22.003 -73.91521
-119.7365 308.5266 -22.2827 -73.913861
-120.0458 309.7921 -21.1758 -73.912512
-120.3335 310.3959 -19.2752 -73.911178
-120.8092 311.2425 -17.5331 -73.909855
-121.3861 312.9361 -16.6595 -73.908543
-122.3666 314.5966 -16.303 -73.907245
-123.445 316.2788 -16.4754 -73.905956
-124.5125 317.8962 -16.7048 -73.904679
-124.8879 318.6378 -14.9021 -73.903406
-124.9811 319.1413 -12.9496 -73.902144
-125.2786 319.7061 -11.0358 -73.900896
-125.7833 320.5605 -9.2875 -73.899667
-126.7853 321.2272 -7.7186 -73.898453
-128.1198 321.7372 -6.5853 -73.897251
-129.5338 322.6762 -5.6435 -73.896066
-130.8033 322.8583 -4.1103 -73.894892
-132.3486 322.5617 -2.9424 -73.893736
-133.5223 321.7567 -2.2514 -73.892595
-134.4075 321.0203 -3.7194 -73.891471
-136.141 320.0633 -3.704 -73.890365
-137.9234 319.2453 -3.5128 -73.889276
-139.8153 319.4438 -3.03 -73.888193
-141.7336 319.7231 -2.5415 -73.887138
-143.2992 318.8382 -1.8198 -73.886106
-143.6324 318.198 -3.1912 -73.885088
-144.6494 318.183 -2.5451 -73.884088
-145.6029 318.7473 -1.0864 -73.883112
-147.1116 319.1677 -0.0827 -73.882158
-149.0143 318.6505 0.3041 -73.881226
-150.835 317.9416 0.6531 -73.880317
-152.6003 318.3043 1.3039 -73.879431
-154.255 319.2248 1.8195 -73.878569
-156.1347 319.0641 1.3765 -73.877731
-157.9479 318.8394 0.6505 -73.876918
-159.8193 318.2421 0.4855 -73.876129
-161.6982 318.4908 0.8126 -73.875367
-163.3502 318.4678 1.946 -73.87463
-164.7917 318.8721 3.1901 -73.87392
-166.0348 318.4651 4.5448 -73.873237
-167.2051 317.7036 5.9108 -73.872583
-168.6856 318.3603 6.972 -73.871957
-170.5746 318.3686 7.6324 -73.871359
-172.4422 318.8037 8.0573 -73.870792
-173.7745 319.4811 7.41 -73.870252
-175.2708 319.8181 6.8918 -73.869744
-176.3866 321.0401 7.8064 -73.869267
-178.1084 321.388 8.4289 -73.868819
-179.8667 322.3331 8.1901 -73.868404
-181.7338 322.9719 7.9865 -73.868021
-183.2047 324.2061 7.6173 -73.86767
-184.6529 324.5109 6.7583 -73.867352
-186.4765 324.882 7.4149 -73.867066
-188.3601 325.5005 7.7542 -73.866815
-190.207 326.2741 7.8586 -73.866598
-191.8555 326.4884 7.2737 -73.866415
-192.3011 326.2807 5.3327 -73.866266
-192.4569 326.3027 3.3202 -73.86615
-192.6127 326.3246 1.3078 -73.866072
-192.7684 326.3466 -0.7047 -73.866034
-53.5618 234.7518 -22.4056 -73.992702
-55.3696 234.7358 -22.9279 -73.991435
-57.1775 234.7198 -23.4502 -73.990192
-58.9758 234.7413 -23.9753 -73.988974
-60.5834 235.6616 -24.1049 -73.987768
-62.2107 236.6032 -24.0421 -73.986565
-63.9306 237.3539 -24.0447 -73.985369
-65.5569 238.2591 -24.1396 -73.984175
-67.3063 238.9314 -24.1596 -73.982989
-68.8366 239.9978 -24.0522 -73.981805
-70.5332 240.314 -23.7713 -73.980627
-72.1779 239.7124 -23.3677 -73.979454
-73.9055 239.067 -23.0743 -73.978286
-75.764 238.9129 -23.0612 -73.977123
-77.5069 238.4311 -23.4834 -73.975965
-79.2728 238.5078 -23.5052 -73.974812
-81.0101 239.1307 -23.2489 -73.973664
-82.8258 239.4159 -22.9537 -73.972523
-84.5254 239.9346 -22.4418 -73.971388
-86.2406 240.0396 -21.7161 -73.970257
-87.8568 239.8217 -20.9364 -73.969133
-89.3552 239.6723 -19.8507 -73.968014
-90.7771 239.8281 -18.7653 -73.966902
-92.3262 239.5258 -18.0598 -73.965797
-94.0855 240.1028 -17.7873 -73.964701
-95.877 240.5966 -17.5579 -73.963612
-97.6988 241.0591 -17.507 -73.96253
-99.53 241.4724 -17.4393 -73.961457
-101.2527 242.1681 -17.1773 -73.960391
-102.8299 242.815 -16.4434 -73.959335
-104.4569 243.5931 -15.9937 -73.95829
-106.2956 243.7075 -16.104 -73.957252
-107.1732 243.8399 -14.6775 -73.956217
-108.3872 244.3725 -13.7017 -73.955197
-109.3454 245.4642 -12.5807 -73.954188
-110.5466 246.5332 -11.6213 -73.953189
-112.0874 247.1 -10.9503 -73.952203
-112.6927 248.1713 -9.7197 -73.951224
-113.85 248.7857 -8.6033 -73.950258
-114.9422 250.1535 -8.2414 -73.949306
-115.3929 251.8689 -7.6387 -73.948366
-116.4822 252.9605 -6.8157 -73.947441
-117.371 253.2374 -5.1806 -73.946528
-118.358 253.8356 -3.7152 -73.94563
-119.4595 254.4678 -2.3971 -73.944748
-120.9563 255.2641 -1.6822 -73.943881
-122.5163 255.9458 -1.0086 -73.943029
-123.9831 256.9071 -0.452 -73.942194
-124.7954 257.8348 0.9161 -73.941375
-125.65 259.0549 2.0473 -73.940574
-126.8265 260.4562 2.1583 -73.939789
-128.2898 261.2032 2.616 -73.939021
-129.0334 261.3894 4.2611 -73.938269
-129.2473 261.2649 6.1105 -73.937511
-129.4022 261.1437 7.9821 -73.936785
-129.5576 261.0229 9.8536 -73.93609
-129.7512 260.9235 11.7229 -73.935398
-129.9463 260.825 13.592 -73.934734
-130.1515 260.7135 15.4586 -73.934103
-130.5488 260.346 17.2477 -73.933494
-131.604 259.0778 18.099 -73.93291
-132.4067 258.2916 19.5872 -73.932349
-133.3932 257.3081 20.8241 -73.931811
-133.8044 256.3522 22.376 -73.931298
-134.6418 255.2368 23.5911 -73.930808
-135.4197 253.8392 24.4892 -73.930344
-135.7 253.4829 26.3153 -73.929903
-136.3101 252.641 27.7577 -73.929489
-136.3201 251.3179 26.4825 -73.929101
-136.8701 249.6435 26.0944 -73.928739
-137.7175 248.1362 25.6627 -73.928405
-137.6045 246.4619 25.1316 -73.928099
-137.2893 245.0053 24.2243 -73.927821
-136.6215 243.4615 23.4192 -73.927571
-135.6446 241.9497 22.8735 -73.927348
-135.3758 240.4199 22.4018 -73.927157
-136.1869 239.3032 23.0344 -73.926996
-136.341 238.0644 24.2021 -73.926867
-136.433 236.6369 25.3143 -73.926768
-136.6008 234.8539 25.6617 -73.926702
-137.1474 233.4458 25.0869 -73.926669
-10.2537 234.1313 -65.7936 -74.026813
-11.9535 235.2244 -65.4206 -74.025138
-13.2513 236.4124 -64.5554 -74.023469
-13.9825 238.2182 -64.0036 -74.021803
-13.9675 239.4333 -65.1657 -74.020135
-14.1745 240.8047 -66.5759 -74.018474
-14.74 242.3781 -67.763 -74.016816
-15.0167 243.3075 -69.5586 -74.015156
-14.9973 244.3966 -71.2899 -74.013502
-15.4806 245.6013 -72.6631 -74.01185
-16.6681 247.206 -72.2066 -74.0102
-17.3029 249.0449 -71.7718 -74.008549
-18.6676 250.382 -71.3338 -74.0069
-19.6799 251.0982 -72.0439 -74.005251
-20.4939 252.2385 -73.4165 -74.003599
-21.5912 252.7618 -72.8895 -74.002099
-21.9596 252.8176 -71.2713 -74.000768
-22.6797 254.2973 -71.5196 -73.999439
-23.6039 255.7577 -72.0067 -73.998112
-24.5721 257.236 -72.2298 -73.996786
-26.0105 258.3101 -72.2446 -73.99546
-27.3761 259.4599 -72.2196 -73.994135
-28.9516 260.3257 -72.2375 -73.992796
-30.5102 261.2195 -72.2945 -73.991475
-31.595 262.5637 -72.7018 -73.990156
-32.6547 263.9941 -72.7006 -73.988838
-33.5598 265.5319 -72.4801 -73.987522
-34.5952 266.9872 -72.4053 -73.986208
-35.2782 268.5959 -72.3691 -73.984892
-36.5462 269.7783 -72.1737 -73.983582
-37.8737 270.872 -71.8225 -73.982274
-38.8876 272.2418 -71.3145 -73.980969
-39.6217 273.7558 -70.7585 -73.979665
-40.6535 274.9959 -70.0158 -73.978365
-42.0534 275.9829 -69.5331 -73.977066
-43.5846 276.8719 -69.3005 -73.975773
-45.0655 277.8565 -69.4958 -73.974481
-45.946 279.1186 -68.7677 -73.973193
-45.8345 280.5644 -67.9551 -73.971907
-46.196 282.2235 -68.3906 -73.970627
-46.2456 283.784 -69.1293 -73.96935
-45.9356 284.9029 -69.4775 -73.968076
-46.3572 283.3243 -69.8414 -73.966804
-47.6385 284.0096 -69.6263 -73.96553
-47.8598 285.27 -68.7781 -73.964266
-47.9763 286.6481 -67.6615 -73.963006
-48.0018 287.8134 -66.394 -73.961751
-49.296 287.3623 -65.4888 -73.960501
-50.1432 286.6731 -64.1653 -73.95926
-50.2434 286.1704 -62.4405 -73.95802
-51.2742 284.9264 -61.8207 -73.956792
-52.8421 284.4426 -61.0987 -73.955571
-53.9107 283.6653 -60.0279 -73.954357
-54.752 283.3629 -58.5184 -73.953149
-55.6511 282.4981 -57.2933 -73.951952
-56.6242 281.93 -56.0196 -73.950765
-57.9991 281.9695 -54.8908 -73.949586
-59.0837 282.3361 -53.8941 -73.948418
-60.0943 282.1643 -52.7677 -73.947258
-61.4419 281.5155 -51.8651 -73.94611
-62.8626 280.827 -51.0501 -73.944973
-64.2795 280.6349 -50.0042 -73.943848
-65.804 280.5238 -49.0693 -73.942735
-66.7885 280.054 -47.7484 -73.941632
-67.9789 279.2336 -46.7905 -73.940541
-68.6552 278.446 -45.3481 -73.939462
-69.0138 277.9753 -43.6489 -73.938397
-69.4167 276.9949 -42.4398 -73.937347
-69.8247 275.5947 -42.5008 -73.936311
-70.268 276.0815 -42.6582 -73.935289
-70.9242 276.409 -41.0457 -73.934275
-71.4032 276.5871 -39.3203 -73.933282
-72.2724 276.7647 -38.0281 -73.932309
-73.2041 276.1685 -36.6914 -73.931351
-74.2918 275.5936 -35.4399 -73.930412
-75.425 274.8456 -34.2803 -73.92949
-76.9255 274.2886 -33.5609 -73.928587
-77.3251 274.3933 -31.9623 -73.927702
-77.3839 274.0953 -31.6173 -73.926828
-77.9259 274.1693 -30.1943 -73.925976
-79.5493 274.0847 -29.6223 -73.925146
-80.9279 274.149 -28.5263 -73.924337
-82.1503 274.2888 -27.2947 -73.923551
-83.1333 274.5631 -25.8399 -73.922786
-83.3586 274.0993 -24.1212 -73.92204
-83.4086 273.3363 -22.4949 -73.92132
-83.5601 272.816 -20.7795 -73.920621
-83.7705 272.4678 -19.0265 -73.919945
-84.0593 272.0789 -17.2937 -73.919296
-84.2893 271.7437 -15.5414 -73.91867
-84.9661 271.1706 -14.2656 -73.918073
-86.4465 270.5588 -13.5443 -73.917503
-87.5224 269.4821 -12.7644 -73.916958
-88.5863 270.2836 -13.3628 -73.916441
-89.344 271.7765 -13.8414 -73.91595
-90.7295 272.8654 -14.017 -73.915479
-92.0012 274.1345 -14.1202 -73.91504
-93.0728 275.5655 -14.188 -73.914632
-94.4803 276.5793 -14.1262 -73.914253
-96.2029 276.3016 -13.7358 -73.913904
-97.8612 276.4416 -13.1634 -73.913584
-99.2225 277.2086 -12.3487 -73.913294
-100.7724 276.7787 -11.5881 -73.913034
-102.4856 276.8416 -11.2384 -73.912805
-104.2435 277.0799 -11.3594 -73.912607
-105.8758 277.7134 -11.5089 -73.91244
-106.978 278.2571 -10.6069 -73.912306
-108.7214 278.4008 -10.5748 -73.912205
-110.1714 278.7473 -11.3411 -73.912136
-111.6618 279.6815 -11.4564 -73.912102
-21.5015 253.5088 -73.309 -74.00264
-22.5942 254.3623 -72.684 -74.002398
-23.4363 255.5756 -72.2611 -74.002179
-23.7952 256.2196 -73.6016 -74.001981
-24.1958 256.9175 -74.8973 -74.001808
-24.5102 257.2028 -76.431 -74.001657
-25.2575 257.9568 -77.5755 -74.001531
-25.9832 258.9049 -78.6121 -74.001429
-26.7351 259.8964 -79.3372 -74.001352
-27.7754 261.0706 -79.3699 -74.0013
-28.1276 262.1418 -78.3341 -74.001274
-14.415 228.9869 -63.4499 -74.028685
-16.1331 229.4489 -63.5343 -74.027727
-17.7421 230.1331 -63.7219 -74.026783
-19.4067 230.7023 -63.8399 -74.025854
-20.8995 231.6241 -63.8754 -74.024941
-22.4197 232.5434 -63.927 -74.024042
-23.9779 232.9794 -64.5409 -74.023157
-25.5926 233.2447 -65.0739 -74.022285
-27.3372 233.3731 -65.393 -74.021428
-29.108 233.4677 -65.4659 -74.020585
-30.8642 233.5427 -65.402 -74.019755
-32.3482 234.4256 -65.4518 -74.01894
-33.9347 234.8444 -64.9779 -74.018138
-35.6107 235.0483 -64.5372 -74.017349
-37.2988 235.2219 -64.5195 -74.016575
-38.3854 235.5894 -65.5655 -74.015811
-39.1438 235.7555 -64.0699 -74.015061
-40.4342 236.3585 -64.9633 -74.014326
-41.6538 237.408 -65.4996 -74.013605
-43.3197 237.9738 -65.7908 -74.012899
-45.0712 238.2644 -65.9288 -74.012208
-46.7994 238.6788 -65.9135 -74.011531
-48.5481 238.9796 -65.7557 -74.010869
-50.2593 239.3638 -65.4708 -74.010223
-51.9541 239.818 -65.3779 -74.009591
-53.6581 240.3081 -65.5616 -74.008976
-55.3649 240.7618 -65.7517 -74.008377
-56.9242 241.5359 -65.9538 -74.007793
-58.6438 241.8319 -66.2728 -74.007228
-59.9936 242.7156 -66.7405 -74.006678
-60.984 243.7818 -67.5294 -74.006146
-62.0855 245.146 -67.6347 -74.005632
-62.592 246.8516 -67.5474 -74.005136
-63.6958 248.1812 -67.3534 -74.004659
-65.3602 248.1365 -67.1819 -74.004201
-66.6185 247.2528 -66.7907 -74.003762
-68.2827 246.701 -66.9975 -74.00334
-69.0056 246.5375 -67.1182 -74.002941
-69.4149 247.1923 -66.2178 -74.002562
-70.5685 248.2104 -65.6787 -74.002204
-72.1021 248.9573 -65.1628 -74.001868
-73.5226 249.8734 -64.6789 -74.001554
-74.9049 250.917 -64.2744 -74.001264
-76.1941 252.0464 -63.8017 -74.000997
-77.6751 252.694 -63.2164 -74.000754
-78.9054 253.7897 -63.1101 -74.000536
-80.0531 255.1107 -63.1909 -74.000343
-81.4092 256.2087 -63.4316 -74.000176
-83.1166 256.5971 -63.7243 -74.000035
-84.8053 256.9649 -63.8465 -73.999921
-86.3232 257.8036 -63.7447 -73.999834
-88.0463 257.7843 -63.4146 -73.999776
-89.5568 258.6367 -63.0658 -73.999746
-79.8558 209.6969 -1.6956 -74.096243
-80.9345 210.9313 -0.8747 -74.095145
-81.8718 212.3265 -0.0936 -74.094057
-83.0145 213.649 0.4105 -74.092979
-83.35 215.4299 0.5242 -74.091909
-84.7236 216.0877 0.5245 -74.090849
-85.8365 216.8501 1.5461 -74.089794
-86.4751 218.3432 2.3648 -74.088752
-87.6889 219.3419 3.0091 -74.087719
-89.3832 219.625 3.5112 -74.086697
-90.5679 220.9942 3.9392 -74.085684
-91.9993 222.1339 4.2769 -74.084681
-93.1066 223.0567 5.3451 -74.083686
-94.2451 224.3484 6.04 -74.082699
-95.1955 225.7846 6.6504 -74.081722
-96.1469 227.1811 6.1703 -74.080757
-97.5307 228.1499 5.5656 -74.079799
-97.6555 229.6726 4.5217 -74.078849
-98.2632 230.7709 4.9578 -74.077907
-99.4213 231.1534 5.7424 -74.076977
-100.7458 231.4122 4.7237 -74.076055
-101.8502 232.6408 4.2535 -74.075145
-103.1436 233.9354 4.0273 -74.074245
-104.4921 234.4164 4.8558 -74.073356
-105.6117 233.6885 5.7966 -74.072472
-106.7274 232.3194 6.4016 -74.071591
-107.441 230.7522 6.8747 -74.070733
-107.4488 229.0255 7.5014 -74.069889
-107.9411 227.3511 8.131 -74.069058
-107.0902 226.8712 8.9862 -74.068239
-106.1496 226.513 10.1833 -74.067423
-105.9516 226.2598 12.0223 -74.06662
-105.4787 225.2922 12.0054 -74.065836
-105.2249 224.5846 10.2988 -74.065065
-104.7784 223.6625 9.5999 -74.064312
-104.7066 222.6921 11.0296 -74.063572
-105.026 220.965 11.6033 -74.062849
-104.6066 219.9029 12.8153 -74.062141
-103.3942 219.8352 14.0764 -74.061449
-104.3073 219.9043 13.553 -74.060774
-105.885 218.9419 13.3792 -74.060115
-107.2676 218.4747 12.6842 -74.059474
-108.1193 218.5469 11.0406 -74.058848
-108.3962 219.4541 11.7193 -74.058242
-109.0143 219.6825 13.4653 -74.057652
-109.7221 219.9831 15.1561 -74.057085
-110.6667 219.9703 16.4989 -74.056539
-112.0003 218.9022 16.8845 -74.056014
-113.4433 217.9794 16.4775 -74.05551
-114.7081 217.1333 15.6968 -74.055027
-115.2947 216.7255 13.9743 -74.054565
-115.5962 216.7912 12.1637 -74.054122
-115.7677 217.1126 10.3327 -74.053703
-115.4309 217.0746 11.1227 -74.05331
-116.1181 217.6962 12.116 -74.052931
-117.3855 218.3763 13.3061 -74.052582
-118.8798 218.8959 14.099 -74.052263
-120.5533 219.5755 14.5055 -74.05197
-122.3465 220.0233 14.7431 -74.051704
-124.1585 220.1151 14.949 -74.051465
-125.565 221.2324 14.8597 -74.051253
-126.6064 222.7478 14.7267 -74.05107
-127.1945 224.5052 14.537 -74.050916
-127.9351 226.1832 14.2547 -74.050791
-129.0224 227.5634 14.5865 -74.050697
-130.1181 229.0198 14.5982 -74.050633
-131.2201 230.4645 14.2522 -74.0506
47.5528 -96.076 13.5667 -73.342466
47.0015 -95.2803 13.5986 -73.342583
46.7344 -94.3274 13.6342 -73.342642
27.7081 -94.2683 18.8592 -73.324476
26.226 -93.6204 19.8024 -73.325101
24.7439 -92.9726 20.7456 -73.325565
23.2618 -92.3248 21.6888 -73.325873
23.8038 -92.3745 21.7835 -73.326027
54.7481 -88.0637 17.871 -73.36138
97.3169 -66.6493 31.3652 -73.396375
99.3506 -67.4491 30.897 -73.397756
101.3843 -68.2489 30.4289 -73.398905
103.4181 -69.0488 29.9607 -73.399825
105.4518 -69.8486 29.4925 -73.400515
104.935 -70.7499 28.9784 -73.400977
104.6139 -70.6388 26.7694 -73.401208
96.937 -66.473 30.8282 -73.395657
44.0154 -65.7095 15.6069 -73.410672
44.0102 -66.3692 14.8486 -73.410773
44.1586 -67.2141 14.3402 -73.410823
-4.665 -9.0685 -0.0051 -73.948269
-3.3078 -10.3003 -0.0154 -73.929094
-1.9532 -11.5348 -0.0257 -73.90991
-0.7426 -12.7803 -0.0459 -73.877955
0.4334 -13.9291 -0.0935 -73.833384
1.4466 -15.2471 -0.185 -73.788852
3.5554 -27.7322 1.4257 -73.722009
8.6107 -41.3653 6.7974 -73.657654
22.8794 -62.2772 10.5055 -73.509119
26.4745 -64.8588 13.9793 -73.486456
29.0535 -67.1183 14.3116 -73.471475
42.1418 -73.5431 16.2509 -73.416482
47.2069 -85.1931 18.1557 -73.370555
44.6639 -89.9679 15.7857 -73.352983
47.7449 -96.3203 13.6398 -73.343245
78.4149 -177.3628 14.5582 -73.248803
95.2227 -265.7699 17.0719 -73.174534
48.1056 -320.1106 18.1187 -73.117928
-10.9476 -383.6056 22.9817 -73.077206
-40.36 -432.7473 17.7175 -73.050932
28.7834 -94.5812 17.274 -73.326263
14.3097 -106.6143 20.8227 -73.305437
2.7577 -126.0427 26.0848 -73.289242
-45.0792 -189.1405 27.4734 -73.254898
30.9775 -170.2053 31.4202 -73.280478
28.3969 -94.5693 18.0599 -73.324491
-40.2348 -104.2908 -5.8163 -73.273888
-111.9958 -139.102 2.509 -73.242271
54.6562 -87.9717 17.7384 -73.362031
111.8824 -135.9529 29.1893 -73.293395
164.8572 -185.7356 20.1853 -73.243877
213.7243 -226.7876 32.011 -73.213028
43.9697 -65.4565 15.7766 -73.410876
45.5333 -62.1584 17.8534 -73.408798
96.2419 -66.2233 31.6259 -73.395573
2.1326 -22.0656 -2.5814 -73.745965
6.2653 -35.3706 6.4938 -73.690132
8.3143 -40.7868 6.7183 -73.631195
15.4942 -50.7521 4.9673 -73.583499
19.5156 -57.7327 7.1557 -73.535873
24.2121 -63.3654 12.9105 -73.497858
27.7984 -65.9637 14.1964 -73.478957
35.2991 -71.3414 15.5234 -73.444265
45.9552 -78.4006 18.2802 -73.39336
45.9541 -87.9136 17.638 -73.361689
46.0845 -93.1486 14.7482 -73.347602
52.1518 -103.9606 11.3242 -73.332096
58.8833 -119.603 12.0998 -73.311988
62.6461 -133.0235 18.7767 -73.292883
68.7987 -150.479 18.27 -73.27487
75.478 -168.4071 16.0379 -73.257826
80.7201 -186.7623 13.7215 -73.239882
86.0397 -202.1519 18.4658 -73.223938
88.9594 -219.8372 14.0604 -73.208884
92.3483 -238.1707 14.3683 -73.19479
94.4112 -256.1543 16.5595 -73.181541
95.282 -267.4858 16.3224 -73.167621
95.3059 -280.3632 10.9397 -73.155277
82.392 -291.8157 13.1552 -73.143733
66.6134 -301.8126 13.5179 -73.133064
55.8832 -314.8401 17.1156 -73.123157
42.621 -325.3136 19.0805 -73.112805
32.9705 -340.7608 23.6528 -73.103679
23.9361 -354.8041 21.203 -73.095287
9.6225 -366.7531 22.7517 -73.087706
-4.6074 -378.3071 21.4152 -73.080825
-16.9731 -389.755 18.9726 -73.073684
-27.5688 -401.1213 14.9527 -73.067443
-39.573 -411.7299 14.9204 -73.061893
-40.6381 -420.4638 25.2112 -73.057123
-40.4069 -426.6412 14.8914 -73.053036
-41.6738 -434.0686 12.5022 -73.048942
-35.1298 -447.795 10.0223 -73.045513
-30.511 -455.7937 6.7671 -73.042796
-26.4654 -460.7911 2.4423 -73.040941
-24.2919 -464.5784 0.2402 -73.040003
37.1249 -94.0849 14.9718 -73.339331
20.7736 -99.7756 22.2184 -73.315658
11.0172 -108.5614 18.7473 -73.302192
5.909 -113.1292 24.1737 -73.297125
4.7649 -121.3499 27.2758 -73.292119
-3.9067 -133.7894 26.1237 -73.284505
-16.2236 -149.0836 26.7198 -73.27634
-17.7909 -159.6216 22.5822 -73.269111
-30.8645 -168.2845 21.4997 -73.262885
-40.3768 -181.2163 24.3391 -73.257558
-50.8898 -195.8899 27.7601 -73.252363
-59.8432 -207.2909 27.0024 -73.248135
-63.453 -209.2381 15.4152 -73.24482
-64.2909 -212.4765 11.1044 -73.242565
-69.7086 -217.4653 14.9612 -73.241427
-1.3141 -131.2728 34.9295 -73.28859
15.7442 -115.5027 24.1983 -73.30135
21.9499 -133.9863 25.1312 -73.295081
26.8898 -147.4387 25.6301 -73.289734
28.6429 -155.1273 32.7495 -73.285406
28.6017 -167.7997 33.6747 -73.282011
33.7647 -170.9041 21.6446 -73.27898
35.3986 -176.6564 11.4651 -73.276773
39.8278 -180.409 -7.3747 -73.275609
28.4843 -94.572 17.6083 -73.325017
24.075 -93.3058 9.4058 -73.31818
15.5128 -90.8025 -8.4542 -73.306823
-0.0475 -89.6597 -13.0268 -73.296368
-13.9393 -94.7328 -4.0497 -73.286902
-31.0534 -101.5497 -4.3571 -73.278327
-48.3446 -108.1087 -4.4853 -73.269542
-60.3769 -111.0796 -1.1234 -73.261961
-77.9711 -113.5102 3.296 -73.25526
-92.0999 -121.9743 4.6219 -73.249531
-105.6825 -132.44 0.8972 -73.24468
-119.8735 -141.3568 5.959 -73.24012
-132.8113 -151.1601 6.979 -73.236522
-147.2952 -155.5423 4.0924 -73.233688
-153.368 -158.2725 7.6335 -73.231756
-168.793 -159.6906 7.6228 -73.230781
50.8433 -86.5895 17.9535 -73.365576
61.2357 -92.3404 14.5899 -73.353831
72.1897 -102.125 21.0158 -73.338949
85.4059 -115.7278 22.6939 -73.324924
96.1046 -123.0147 27.5352 -73.311893
106.3877 -128.7142 28.8233 -73.299764
119.3522 -141.0891 32.8119 -73.287129
133.3865 -151.0456 27.4274 -73.276024
140.4642 -156.8554 25.7903 -73.265807
152.3124 -169.1266 29.8767 -73.256566
161.5491 -182.1636 26.4505 -73.248205
167.3763 -187.9265 20.8501 -73.239658
178.0174 -198.4202 27.7655 -73.23228
190.5879 -201.853 17.5881 -73.225743
198.4764 -209.0366 23.2285 -73.220135
206.4978 -222.3967 29.9785 -73.215367
216.4485 -231.2363 29.6641 -73.210881
219.3592 -241.6667 28.5636 -73.207268
217.6919 -257.4839 32.1794 -73.204422
212.7961 -271.781 39.8533 -73.202479
208.8344 -287.7139 39.3838 -73.201495
43.1478 -69.6198 16.0595 -73.412473
45.0982 -63.5211 16.1223 -73.409817
50.7937 -61.6079 11.0465 -73.406458
63.7547 -58.5312 9.7712 -73.402545
75.049 -60.4617 16.3877 -73.39938
83.0968 -60.7333 25.9161 -73.397108
91.3447 -63.64 26.8113 -73.395778
106.4082 -69.1292 24.6495 -73.39242
123.1559 -72.5629 28.9251 -73.388187
143.1961 -75.9244 28.8652 -73.386062
46.1286 -55.224 14.5026 -73.407471
37.6417 -45.2763 18.4222 -73.405656
22.8448 -43.0894 21.8828 -73.404687
