-0.8015 -1.2678 -0 -72.07907
-3.2062 -5.0715 -0 -72.088256
-5.0765 -8.0299 -0 -72.094493
-6.4123 -10.1429 0.0262 -72.096625
-8.0143 -12.677 0.1283 -72.099824
-8.8146 -13.9429 0.1666 -72.102217
-8.2187 -14.5214 0.2948 -72.104724
-8.7411 -16.3672 0.5247 -72.111415
-10.0309 -17.8905 1.1419 -72.11995
-11.386 -19.3222 1.89 -72.128238
-12.7254 -20.8552 2.392 -72.136076
-14.0432 -22.4116 2.6217 -72.145421
-14.6972 -24.3185 2.0715 -72.156799
-15.5306 -26.234 2.0482 -72.169197
-16.1094 -27.8038 2.3068 -72.179888
-14.7796 -28.9827 3.1257 -72.188794
-13.6062 -30.5844 3.6202 -72.197754
-12.2537 -32.1091 3.9089 -72.206749
-11.1222 -33.7683 4.2796 -72.215803
-10.1932 -35.2295 5.196 -72.224895
-9.3619 -36.7283 6.3117 -72.234045
-8.5851 -38.2492 7.4144 -72.243227
-7.5935 -39.8435 8.2499 -72.252452
-6.8916 -41.4349 9.2193 -72.261768
-6.2727 -43.3267 9.6108 -72.271107
-5.7427 -44.6215 10.9758 -72.280545
-5.2774 -45.3085 12.8612 -72.290034
-4.5701 -46.2857 12.7646 -72.299557
-3.9187 -47.0128 11.0346 -72.309149
-3.487 -47.3534 9.0584 -72.318829
-3.1601 -48.3203 10.2056 -72.328566
-2.5906 -49.7167 11.29 -72.338255
-2.064 -51.2649 10.2609 -72.348019
-1.9023 -53.0628 10.2828 -72.35782
-1.2374 -53.7481 8.8883 -72.367744
-0.2338 -55.4757 8.438 -72.377668
0.9268 -57.1391 8.1846 -72.38764
2.1659 -58.7648 8.26 -72.397665
2.7966 -60.3652 9.2072 -72.407762
3.5606 -62.0815 8.7826 -72.417909
4.1051 -63.9769 8.2533 -72.428134
4.7728 -65.8913 8.0534 -72.438386
5.555 -67.7898 8.1794 -72.448682
5.4215 -69.7319 8.5591 -72.459026
5.3722 -71.1779 9.39 -72.46946
6.6015 -72.8224 9.4344 -72.479932
7.9091 -74.3345 9.4579 -72.490468
9.1469 -75.9691 9.4502 -72.501054
10.0298 -77.8076 9.4917 -72.51168
10.7723 -79.6982 9.5101 -72.522381
12.3735 -80.8411 9.4583 -72.533118
13.4145 -82.6176 9.4397 -72.54392
14.1594 -84.5026 9.6273 -72.554789
14.908 -86.352 10.0263 -72.565709
15.6285 -88.1574 10.421 -72.576678
16.2688 -90.0988 10.1972 -72.587719
16.8061 -92.0324 10.2983 -72.598796
18.0591 -93.5211 10.9131 -72.609933
19.0692 -95.1762 11.592 -72.621122
20.0514 -96.8019 12.3554 -72.632355
20.7986 -98.4251 13.1509 -72.643663
22.3425 -99.643 13.6764 -72.65502
23.1324 -101.4525 13.8694 -72.666431
24.2278 -103.1764 13.8286 -72.677904
25.7948 -104.4654 13.8973 -72.689421
27.3532 -105.7951 13.951 -72.700981
28.4996 -107.4233 13.9547 -72.712607
30.0108 -108.56 13.6639 -72.724294
31.1081 -108.6091 12.0588 -72.736234
29.9694 -109.9097 10.9348 -72.749123
28.8308 -111.2104 9.8109 -72.761748
27.6922 -112.511 8.6869 -72.774109
26.8377 -113.4766 7.7017 -72.786363
28.1153 -111.9666 8.2837 -72.799398
29.3929 -110.4565 8.8658 -72.812155
30.6706 -108.9464 9.4479 -72.824635
31.1787 -108.9746 10.7509 -72.837254
31.0798 -109.3078 12.7833 -72.849956
31.1974 -110.3892 14.0207 -72.862471
31.8589 -112.2436 14.4776 -72.874962
32.2207 -114.0808 14.8897 -72.887512
32.3754 -116.0895 14.7382 -72.900107
33.2282 -117.7627 14.1097 -72.912756
34.0263 -119.6079 13.7086 -72.925441
34.4263 -121.5938 13.4703 -72.93817
34.6735 -123.5948 13.4834 -72.950936
34.4631 -125.6138 13.6554 -72.963734
35.477 -127.1975 13.9548 -72.976541
36.4488 -128.3733 14.9241 -72.989461
36.0423 -130.1872 15.3722 -73.002474
35.1621 -131.5518 15.4371 -73.015462
35.6418 -129.8523 14.8263 -73.028388
35.0348 -128.0619 14.2107 -73.041346
35.5446 -129.8444 14.1534 -73.054339
35.6291 -131.8577 14.0497 -73.067316
34.8485 -133.6181 13.7199 -73.080289
34.2995 -135.3089 12.7219 -73.093267
33.9891 -137.2127 12.2496 -73.106216
34.6951 -139.1364 12.158 -73.119148
34.4342 -141.0719 12.4762 -73.132049
34.9496 -142.8915 13.1328 -73.144956
35.1207 -144.6736 12.8365 -73.157798
36.0553 -146.4708 12.5635 -73.170593
36.5162 -147.9232 11.2272 -73.183399
37.0821 -149.6924 10.5935 -73.196068
38.1845 -151.3675 10.8233 -73.20866
38.9786 -152.5573 11.4668 -73.221196
38.5512 -154.4927 11.7745 -73.233695
38.9845 -156.4817 12.0272 -73.246113
38.8087 -158.4686 12.102 -73.258387
39.4316 -160.3993 12.1561 -73.270521
40.017 -162.1492 11.7738 -73.282534
39.9044 -164.0643 11.3068 -73.294354
40.4166 -165.9089 10.6066 -73.306013
41.3853 -167.5493 10.7632 -73.317446
42.1247 -169.1267 11.6727 -73.328669
42.1485 -170.8263 12.6221 -73.33967
41.2541 -172.1527 13.7028 -73.350364
41.3329 -173.6405 14.3131 -73.360774
41.6008 -174.8677 12.6805 -73.370899
41.8738 -176.7997 12.275 -73.38063
42.7438 -178.5456 11.9564 -73.38997
43.2439 -180.4578 12.0397 -73.398887
43.3656 -182.4295 12.4106 -73.407366
43.6747 -184.2146 13.2717 -73.41537
44.1736 -186.1236 13.8383 -73.422826
44.3535 -187.9066 14.7675 -73.429731
44.8726 -189.5685 15.6922 -73.436034
45.4404 -191.1005 14.5715 -73.441693
46.1386 -192.9259 14.1459 -73.44666
46.6287 -194.8895 13.783 -73.450896
47.9055 -196.4354 13.3908 -73.454368
49.0241 -197.9564 13.467 -73.457034
49.8322 -199.3762 13.2319 -73.458854
51.04 -200.3986 12.0409 -73.459783
-16.8109 -27.3553 2.8101 -72.178906
-17.497 -28.3029 4.2038 -72.185699
-18.1984 -29.271 5.5067 -72.192345
-18.2577 -29.3412 3.7473 -72.200104
-18.2679 -29.344 1.9276 -72.2077
-18.2781 -29.3467 0.108 -72.215112
-18.2883 -29.3494 -1.7116 -72.222341
-18.2985 -29.3522 -3.5313 -72.229382
-18.8534 -30.5664 -3.9808 -72.236338
-18.8107 -32.318 -3.8597 -72.243367
-19.3066 -34.0554 -3.7456 -72.250432
-18.9488 -34.5418 -2.2544 -72.257576
-18.3075 -35.7012 -1.0566 -72.26477
-18.003 -37.2922 -0.254 -72.271992
-17.2153 -38.7422 0.5062 -72.279255
-17.2992 -40.1694 1.5541 -72.286572
-17.1185 -41.7267 2.3954 -72.293948
-17.083 -42.8762 3.6698 -72.301408
-17.3639 -44.4413 4.545 -72.308898
-18.2212 -45.6938 5.2818 -72.316393
-18.9632 -46.7735 4.1464 -72.323947
-19.2427 -47.6114 2.5633 -72.3316
-19.7572 -49.1601 2.2576 -72.339228
-20.0441 -50.8741 2.5491 -72.346884
-20.3286 -52.4364 3.2684 -72.354565
-19.8077 -53.8024 3.6098 -72.362297
-19.2008 -54.6661 2.2731 -72.370118
-18.7221 -56.0354 2.9434 -72.377991
-18.7365 -56.729 4.1896 -72.385877
-18.8997 -58.1413 5.2798 -72.393759
-18.8149 -59.8936 5.7078 -72.40164
-18.9822 -61.072 7.0484 -72.409571
-19.3934 -62.5349 8.0119 -72.417455
-19.547 -63.8484 9.0694 -72.425386
-19.5772 -65.5723 8.63 -72.433251
-19.258 -67.3139 8.3405 -72.441105
-19.7508 -69.0603 8.364 -72.448909
-19.9946 -70.8175 8.7102 -72.456709
-19.8037 -72.5539 9.1873 -72.464462
-19.7201 -74.3251 9.5635 -72.47217
-20.2567 -75.9938 9.7611 -72.479816
-19.7758 -77.7066 9.8918 -72.487394
-19.8692 -79.394 10.0722 -72.494879
-20.6153 -80.6503 10.7965 -72.502264
-20.8101 -82.0334 11.1362 -72.509507
-21.8468 -83.2751 10.5156 -72.516616
-22.3598 -84.646 11.4203 -72.523569
-22.8139 -86.2646 12.0203 -72.530349
-22.9433 -87.4114 13.1988 -72.536983
-23.2601 -88.7922 14.1473 -72.543368
-23.5187 -90.5915 14.1567 -72.549468
-23.7693 -92.3875 14.2837 -72.555292
-23.9193 -94.161 14.5659 -72.560818
-24.765 -95.4177 14.2775 -72.566012
-25.6946 -96.5629 13.7452 -72.570834
-26.3361 -98.2508 13.7081 -72.575259
-26.22 -99.6251 14.4174 -72.57932
-26.029 -100.2322 16.1217 -72.582904
-25.98 -100.9366 17.7977 -72.585988
-26.1774 -101.1961 19.58 -72.588612
-26.4133 -101.3806 21.3748 -72.590584
-26.5757 -102.9017 22.0388 -72.591911
-26.565 -104.1061 22.8298 -72.592597
-10.4886 -18.1238 0.6694 -72.126972
-10.4015 -18.057 0.4643 -72.132005
-11.3637 -19.3353 1.4826 -72.138062
-12.4409 -20.4928 2.3203 -72.145245
-13.7335 -21.882 2.6066 -72.153059
-14.3525 -23.4451 1.6476 -72.160951
-14.7639 -24.7529 0.4153 -72.168895
-15.0123 -25.6795 -1.2982 -72.176917
-14.7483 -27.3027 -2.2341 -72.18498
-14.1682 -28.7546 -3.3613 -72.193126
-14.1335 -30.3237 -2.5621 -72.201335
-14.176 -32.0715 -1.7097 -72.209584
-14.076 -33.7889 -0.9359 -72.217887
-13.8862 -35.6563 -1.4771 -72.226242
-13.5408 -37.5381 -1.8551 -72.234646
-12.9254 -39.3671 -2.0095 -72.243125
-12.8947 -41.2639 -2.5483 -72.251643
-12.5093 -43.0891 -2.3969 -72.260216
-11.8636 -44.7358 -1.5183 -72.26889
-11.3409 -46.4019 -0.6056 -72.277613
-11.0233 -47.5467 0.9658 -72.286445
-10.5913 -48.4457 2.6789 -72.295277
-10.1405 -50.0833 3.3431 -72.304145
-10.2934 -51.7904 2.9275 -72.313072
-10.88 -52.8858 1.4404 -72.322097
-11.0363 -54.4811 1.7038 -72.331134
-11.1458 -56.3254 2.378 -72.340236
-10.357 -57.7555 3.4384 -72.349397
-10.1358 -58.8326 4.9901 -72.358623
-10.3077 -60.6124 5.6598 -72.367915
-11.2813 -62.2927 6.0116 -72.377253
-11.7958 -64.1934 6.181 -72.38664
-12.4342 -66.0517 6.3974 -72.396102
-11.9522 -67.7789 6.8906 -72.405632
-11.6762 -69.0382 8.2561 -72.415217
-11.713 -70.0381 9.9612 -72.424851
-11.8555 -70.9146 11.6774 -72.434612
-12.8132 -71.5235 13.2459 -72.444381
-13.5753 -72.2336 12.7301 -72.454218
-14.1638 -73.7043 11.8882 -72.464101
-14.4131 -75.2707 10.815 -72.474026
-13.5782 -77.0011 10.3425 -72.48402
-13.3259 -78.9499 10.1371 -72.494073
-13.3622 -80.9141 10.3308 -72.504162
-14.2376 -82.5066 10.9807 -72.514288
-14.7845 -84.1023 11.9265 -72.524489
-15.3519 -85.4422 12.6525 -72.534751
-15.7865 -86.6616 12.098 -72.545081
-16.5522 -87.7496 13.5364 -72.555454
-17.1687 -89.5648 13.8022 -72.565848
-18.2162 -91.1682 13.885 -72.576293
-19.5493 -92.634 13.9514 -72.586778
-20.3209 -94.4426 13.8656 -72.597311
-21.0095 -96.2837 13.6721 -72.607879
-21.3384 -97.8523 13.9673 -72.618597
-21.6939 -97.8965 15.9193 -72.629473
-22.3276 -98.0602 17.7316 -72.640232
-21.887 -98.9874 16.7979 -72.651124
-22.8153 -99.7306 15.3374 -72.661906
-24.3779 -100.6691 14.7056 -72.672692
-24.3457 -102.6276 14.3888 -72.683461
-24.5768 -104.5617 14.2213 -72.694229
-24.8282 -106.5067 14.2205 -72.705004
-25.0574 -108.4614 14.1941 -72.715758
-25.5558 -110.3378 14.0236 -72.726507
-26.9412 -111.6652 13.5497 -72.737236
-27.6548 -113.1993 12.651 -72.74792
-27.9593 -114.1646 11.0361 -72.758698
-28.3565 -115.3746 10.0919 -72.76926
-29.1471 -116.4978 9.0352 -72.779816
-29.5399 -117.0458 7.1689 -72.790385
-29.9596 -117.6548 5.3281 -72.800787
-30.9613 -118.935 4.5188 -72.811015
-32.1435 -120.2324 4.6581 -72.821139
-32.9363 -121.0473 6.2793 -72.831152
-33.621 -122.2206 7.5953 -72.840972
-33.9105 -123.585 8.7937 -72.850626
-34.4873 -124.3869 10.3397 -72.860075
-35.0405 -125.7656 11.4307 -72.869259
-34.701 -127.6323 11.772 -72.878191
-35.3063 -129.4991 11.9181 -72.886848
-35.9903 -131.3268 11.7835 -72.895185
-37.6819 -132.1342 11.31 -72.903176
-38.5009 -133.4806 10.3217 -72.910795
-38.4967 -134.7419 8.9782 -72.918037
-39.2613 -136.1191 9.0235 -72.924798
-39.6486 -137.8732 9.0943 -72.931068
-40.3927 -139.5578 8.4232 -72.936799
-41.3357 -141.2284 8.0319 -72.941956
-41.7461 -143.1332 7.6854 -72.946509
-42.0138 -145.0056 7.4829 -72.950404
-41.9887 -146.6225 8.5512 -72.953613
-43.1363 -148.1444 8.915 -72.956072
-43.8626 -149.8828 8.3731 -72.957757
-44.926 -151.4033 7.7386 -72.95862
-9.353 -14.8211 0.2731 -72.106009
-11.0559 -15.5864 0.7158 -72.112836
-12.8605 -15.9487 1.177 -72.121284
-14.323 -16.6873 2.6356 -72.136974
-15.6273 -17.7486 4.2904 -72.150151
-16.5612 -19.3299 4.837 -72.156105
-17.0333 -20.2944 6.2453 -72.162816
-17.8874 -21.5361 7.3823 -72.169727
-18.8508 -22.9769 8.1796 -72.176672
-19.5099 -24.5801 8.9543 -72.183685
-19.7318 -25.6734 10.3712 -72.1908
-19.6375 -26.5275 11.987 -72.198013
-20.9183 -27.5166 12.4491 -72.205223
-21.2964 -29.0814 13.3143 -72.212506
-21.83 -30.7644 14.0149 -72.219854
-22.4092 -32.288 14.7504 -72.227268
-23.1716 -32.8787 16.4102 -72.234824
-23.4458 -33.3976 17.1662 -72.242336
-23.9797 -35.1098 17.8018 -72.249927
-25.2888 -36.4276 18.1128 -72.257561
-26.4013 -37.9363 18.2431 -72.265237
-27.2908 -39.5473 18.3867 -72.272979
-28.9068 -40.2841 18.3568 -72.280778
-28.8386 -41.8551 18.071 -72.288632
-30.0593 -43.3052 18.0707 -72.296535
-30.6546 -44.9959 18.2212 -72.304515
-31.4097 -46.5757 18.3297 -72.312544
-32.6885 -47.8644 18.2798 -72.320621
-33.6705 -49.4532 18.3794 -72.328715
-34.3435 -51.1833 18.7706 -72.336861
-35.0428 -52.643 19.7515 -72.345065
-35.9334 -53.9164 20.8542 -72.353293
-36.4958 -55.5633 21.6175 -72.361546
-37.1515 -57.2664 22.1901 -72.369823
-37.503 -58.9135 22.7742 -72.378176
-37.2767 -60.629 23.5408 -72.386571
-38.3487 -62.1152 24.0868 -72.394953
-38.7835 -63.8894 24.6417 -72.403354
-39.0307 -65.5698 25.4324 -72.411762
-39.2448 -67.4312 25.7075 -72.420204
-39.4113 -69.2406 26.1323 -72.428632
-38.2265 -70.1613 27.1367 -72.43707
-37.9293 -71.6381 28.1838 -72.445542
-36.7386 -72.8721 28.5562 -72.453971
-35.4143 -74.1273 28.8617 -72.462364
-33.8413 -75.1427 29.2839 -72.470921
-32.9832 -76.7229 29.5771 -72.479269
-33.6399 -75.092 29.1649 -72.487705
-33.1635 -76.3575 28.5144 -72.496032
-32.6394 -77.9449 29.3953 -72.504275
-31.5586 -79.4236 29.8926 -72.512572
-30.8094 -81.0765 30.3763 -72.520724
-31.5811 -82.6547 30.6865 -72.528652
-31.7168 -84.5489 30.8274 -72.536437
-31.5105 -86.4537 30.8357 -72.544043
-31.5377 -88.3667 30.7633 -72.551468
-31.4829 -90.279 30.6456 -72.558683
-31.9235 -92.1277 30.4947 -72.56565
-32.2806 -93.9944 30.2829 -72.572337
-33.2826 -95.4749 30.073 -72.578742
-34.2923 -96.3147 29.212 -72.584829
-33.7984 -97.5646 29.0456 -72.590585
-33.365 -98.5644 30.3242 -72.595969
-34.9529 -99.5888 30.5864 -72.6009
-35.3561 -101.2379 30.5528 -72.605373
-35.425 -102.1901 29.7785 -72.60935
-35.4381 -103.6106 30.0236 -72.612778
-35.4329 -104.9525 28.8355 -72.615604
-35.4888 -106.6151 28.0477 -72.617781
-35.1318 -108.0258 29.2064 -72.619288
-34.5346 -109.5447 30.0645 -72.620057
-15.445 -16.6758 3.4162 -72.150217
-17.1123 -16.5493 2.7023 -72.156081
-18.8242 -16.1183 2.2844 -72.162709
-20.5247 -15.3962 2.2003 -72.169474
-22.3116 -15.3473 2.4856 -72.176286
-24.0423 -14.9367 2.9859 -72.183193
-25.7912 -14.8802 3.5418 -72.190171
-27.6376 -14.8877 3.7424 -72.197198
-29.4617 -14.8882 3.7168 -72.204287
-31.2202 -15.3922 3.5297 -72.211463
-32.7539 -15.8243 2.9445 -72.218739
-34.0829 -16.2305 1.7975 -72.226054
-35.3566 -17.1047 0.7776 -72.233426
-36.7811 -17.3591 0.0703 -72.240825
-38.4049 -17.2529 0.8951 -72.248275
-40.1857 -16.9717 1.2216 -72.255792
-41.9745 -17.3706 1.348 -72.263368
-43.6645 -17.7288 1.1737 -72.271009
-45.1638 -16.9527 0.472 -72.278693
-46.3865 -16.2335 -0.6264 -72.286458
-48.1583 -16.038 -0.1893 -72.294286
-49.5586 -16.5997 0.7893 -72.302184
-50.6275 -17.7832 1.5574 -72.310113
-52.4581 -17.9497 1.6886 -72.318095
-54.2203 -17.8442 1.1278 -72.326128
-55.6575 -18.4041 0.1681 -72.33423
-57.139 -19.2179 -0.5793 -72.342384
-58.8775 -19.6978 -0.9928 -72.350577
-60.4992 -20.5497 -0.8751 -72.358798
-62.2699 -20.9516 -0.784 -72.367066
-63.9605 -21.4851 -1.2025 -72.37545
-65.769 -21.6468 -1.2364 -72.383815
-67.4074 -21.948 -2.0416 -72.392219
-69.2303 -22.0478 -2.2783 -72.400649
-71.0405 -22.3933 -2.2 -72.409137
-72.76 -22.6876 -1.8978 -72.417638
-74.4248 -22.1245 -1.3042 -72.426167
-75.468 -21.5676 0.0962 -72.434736
-76.805 -21.0117 0.8974 -72.443326
-78.6304 -21.1688 0.7939 -72.451879
-80.2126 -21.6023 1.4208 -72.460447
-81.9055 -21.4802 1.8938 -72.469008
-83.3789 -20.5725 2.4839 -72.477559
-84.8475 -20.092 3.3977 -72.486075
-85.8797 -19.4106 4.4732 -72.494599
-86.9877 -17.9771 4.3817 -72.503048
-88.4094 -16.917 4.436 -72.511437
-89.1332 -16.2863 5.8123 -72.519854
-89.6827 -16.0961 7.5766 -72.52817
-90.6073 -14.9923 8.5732 -72.536314
-91.6573 -14.5236 9.9347 -72.544336
-92.216 -13.6924 11.4126 -72.552301
-93.3323 -12.5367 11.3011 -72.559997
-94.3529 -11.3333 10.4637 -72.567521
-95.9243 -11.359 10.3327 -72.574831
-97.085 -12.6874 10.4076 -72.581907
-98.637 -11.9209 10.4364 -72.588719
-99.8512 -10.5582 10.1484 -72.595214
-101.1467 -9.2581 9.9913 -72.601399
-102.9108 -8.8466 10.0308 -72.607206
-104.2043 -7.6318 10.4372 -72.612588
-105.7848 -7.7377 11.2376 -72.617541
-107.5295 -7.7352 11.7584 -72.622008
-108.7114 -6.5165 12.2914 -72.625953
-108.6826 -5.013 12.9437 -72.629365
-109.4316 -4.9691 14.0337 -72.632175
-110.9911 -5.321 13.2911 -72.634339
-112.3812 -4.7789 12.2565 -72.635819
-113.4541 -4.4164 10.8172 -72.636582
-15.5545 -17.632 4.3033 -72.149865
-16.8149 -18.3686 5.0193 -72.154872
-18.1535 -17.7371 5.9254 -72.160599
-19.3957 -17.6568 7.1162 -72.166486
-20.6245 -17.4395 8.329 -72.172426
-21.4073 -17.0773 9.8446 -72.178472
-22.3291 -16.4593 11.1562 -72.18454
-23.7986 -16.4039 12.1053 -72.190669
-24.636 -16.4397 13.5353 -72.196928
-26.0492 -16.413 14.4153 -72.203171
-26.5091 -16.6788 16.0866 -72.209594
-27.6416 -17.5424 16.452 -72.21594
-28.9683 -17.6171 17.1518 -72.222335
-30.2529 -16.8642 18.0015 -72.228764
-31.8112 -16.9615 18.7079 -72.235274
-32.7125 -16.0015 17.8716 -72.241798
-33.9732 -15.3124 17.8919 -72.248372
-35.5154 -14.9405 18.541 -72.254988
-36.8148 -15.2621 19.6037 -72.261649
-38.1095 -15.3947 20.6532 -72.268313
-39.3709 -15.3085 20.5665 -72.275077
-39.9084 -15.4165 22.2463 -72.281926
-41.4898 -16.1032 22.568 -72.288675
-43.1935 -16.3081 22.9719 -72.295428
-44.8671 -16.1005 23.426 -72.302179
-46.5874 -16.255 23.8037 -72.308955
-48.2806 -16.146 24.1613 -72.315669
-49.8848 -15.6408 24.6252 -72.322376
-51.569 -15.5809 25.1077 -72.329033
-53.1934 -15.8717 25.7123 -72.335645
-54.8397 -16.0518 26.2602 -72.342226
-56.4663 -15.7486 26.8593 -72.348686
-57.6381 -14.8744 27.7621 -72.355053
-58.8394 -13.7889 28.4214 -72.361317
-60.1932 -13.1386 29.3328 -72.367487
-61.8304 -12.6017 29.6751 -72.373501
-63.5039 -12.1508 29.7076 -72.379337
-64.8861 -11.121 29.4315 -72.385
-65.5954 -10.0293 28.2627 -72.390479
-66.3587 -9.069 29.1123 -72.395727
-67.3994 -7.9254 29.8988 -72.40072
-68.8854 -7.8686 29.963 -72.405425
-70.5505 -7.352 29.9726 -72.409811
-72.0497 -6.4284 30.0037 -72.413857
-73.5599 -5.5098 29.9785 -72.417532
-74.8786 -4.3323 29.9264 -72.420903
-76.2236 -3.1844 29.9023 -72.423714
-77.2186 -1.7362 29.9278 -72.426037
-78.2778 -0.5048 29.7779 -72.427829
-79.9939 -0.3567 29.5292 -72.429063
-81.6519 -0.1123 29.479 -72.4297
-15.2282 -17.1379 4 -72.147684
-15.8134 -17.8487 4 -72.147907
-16.4306 -18.5318 4 -72.148023
-13.8552 -16.3527 0.6773 -72.126459
-6.8126 -12.9962 0.0714 -72.101282
-5.8684 -15.48 0.0572 -72.107132
-5.4058 -18.0693 0.0621 -72.114646
-4.8048 -20.6622 0.1442 -72.124144
-4.2378 -23.1032 0.3354 -72.135985
-4.2185 -23.3173 3.0099 -72.155287
-4.1991 -23.5292 5.6846 -72.174765
-3.9404 -24.0329 8.0609 -72.194026
-2.9465 -26.4423 7.8893 -72.213614
-2.9898 -29.1239 7.9366 -72.233756
-2.8312 -31.7921 8.079 -72.254508
-2.7737 -34.4658 8.0848 -72.275885
-3.1335 -36.1267 6.8772 -72.298281
-2.9668 -36.5649 4.2354 -72.32138
-3.5563 -38.3842 2.8887 -72.344812
-4.3063 -40.3834 1.497 -72.369056
-4.1208 -42.6459 0.2252 -72.393984
-4.2362 -43.7827 0.8959 -72.41392
-3.8312 -43.4159 2.8085 -72.428091
-3.4263 -43.0492 4.7211 -72.442048
-3.0214 -42.6825 6.6338 -72.455793
-2.6164 -42.3158 8.5464 -72.469325
-2.2115 -41.949 10.459 -72.482646
-1.8006 -41.5642 12.3611 -72.495758
-1.0504 -39.8462 12.7392 -72.509203
0.1758 -38.6585 13.5417 -72.522768
1.5902 -38.0395 13.8599 -72.536731
3.2347 -39.0768 14.2093 -72.550836
3.2862 -40.8715 14.6526 -72.565234
3.0921 -42.2179 15.9515 -72.579897
3.289 -43.8273 17.0278 -72.594828
3.7676 -45.0577 18.3989 -72.610145
5.3853 -45.2551 17.5078 -72.625755
6.4565 -45.5185 16.2146 -72.641959
6.4601 -45.5688 14.2263 -72.658532
7.3041 -46.1013 15.3965 -72.675348
7.7212 -46.6728 17.2551 -72.692599
8.2906 -47.8462 18.7417 -72.710032
8.7291 -49.4862 19.2615 -72.72289
9.1255 -50.9461 19.7272 -72.730732
10.0364 -52.2198 19.9693 -72.738593
10.7133 -53.6545 20.0389 -72.746504
11.8089 -54.3454 19.5071 -72.754514
12.1976 -54.6669 17.9921 -72.762566
13.1099 -54.8336 16.8714 -72.77063
13.5838 -54.6626 15.3738 -72.779207
13.6588 -54.6533 13.7788 -72.789013
13.7337 -54.644 12.1838 -72.798553
13.8087 -54.6347 10.5888 -72.807825
13.8837 -54.6254 8.9938 -72.816827
13.9586 -54.6161 7.3988 -72.825559
14.0336 -54.6068 5.8038 -72.834017
14.1085 -54.5975 4.2088 -72.842202
14.1663 -54.5744 2.6132 -72.851323
14.2206 -54.5486 1.0176 -72.860509
14.2749 -54.5228 -0.5781 -72.869389
14.3293 -54.497 -2.1737 -72.877959
14.3836 -54.4712 -3.7694 -72.886217
14.4379 -54.4454 -5.365 -72.894161
13.7113 -55.8095 -5.5929 -72.901929
13.1825 -57.2536 -6.0072 -72.909628
12.9567 -58.7053 -6.561 -72.917234
12.6682 -60.0281 -7.37 -72.924732
12.3514 -61.5353 -7.7387 -72.932118
11.9771 -63.0578 -7.8716 -72.939364
11.7617 -64.6275 -7.7751 -72.946469
11.4655 -65.9109 -8.3481 -72.953423
11.6675 -66.9063 -9.5712 -72.960213
11.728 -68.3207 -9.6289 -72.966831
11.6975 -68.4625 -8.07 -72.97323
11.4235 -69.5735 -7.0162 -72.979359
11.1196 -70.8404 -6.109 -72.985237
11.0275 -71.8722 -4.9846 -72.990868
11.2426 -73.2528 -4.3725 -72.9962
10.7531 -74.6674 -3.9199 -73.001204
10.425 -76.2016 -3.7062 -73.005885
10.77 -77.7411 -3.6532 -73.01021
11.0786 -79.2552 -3.6604 -73.014141
11.425 -80.7723 -3.755 -73.017667
11.2996 -82.2807 -4.0128 -73.020756
11.9706 -83.6675 -4.3963 -73.02339
12.7118 -84.5829 -3.8154 -73.025572
13.1706 -85.4159 -2.5821 -73.027233
13.3664 -86.853 -1.9391 -73.028362
13.3682 -87.667 -0.8755 -73.028941
8.6263 -48.9248 19.7774 -72.722573
8.971 -49.5407 20.9869 -72.729735
9.2099 -51.0475 20.8184 -72.736897
10.0927 -52.2943 20.5532 -72.744045
10.6868 -53.724 20.4404 -72.751182
11.4461 -54.1517 19.6321 -72.758449
11.5442 -54.2966 18.1881 -72.765675
12.9332 -54.8812 18.406 -72.772814
13.2774 -55.294 19.8309 -72.780117
13.7729 -56.2787 20.5319 -72.787221
14.3885 -57.7019 20.5127 -72.794305
15.16 -59.0485 20.6431 -72.801326
15.6443 -60.0525 21.5504 -72.808329
16.2084 -60.988 22.5631 -72.815266
17.2577 -61.2039 23.519 -72.8221
18.4454 -61.8839 23.9975 -72.828831
19.1422 -63.2514 24.2481 -72.835479
19.671 -63.8624 25.3071 -72.842118
20.2623 -64.3588 26.3522 -72.848568
21.638 -65.0559 26.1487 -72.854849
22.7173 -66.1327 25.8633 -72.86135
23.7256 -67.2733 25.5197 -72.867566
24.6112 -68.47 25.1932 -72.87342
24.9681 -69.954 24.971 -72.879051
24.9964 -70.9802 24.2159 -72.884745
24.9684 -71.117 22.6615 -72.890446
24.9404 -71.2538 21.1072 -72.895732
24.9124 -71.3907 19.5528 -72.900599
24.8648 -71.4567 17.9963 -72.905096
24.9221 -71.7069 16.7213 -72.909271
25.4185 -72.6144 17.5247 -72.913207
25.5779 -72.8182 19.0637 -72.916842
25.6724 -73.1458 20.5059 -72.920018
25.5385 -73.7136 21.7923 -72.922896
25.5469 -73.9336 23.3373 -72.925366
25.5553 -74.1535 24.8823 -72.927336
26.4257 -75.2629 24.9859 -72.928829
26.2037 -76.801 24.991 -72.929851
26.3234 -78.3421 25.0702 -72.930372
-4.7208 -44.7161 -0.023 -72.41053
-5.1299 -46.1818 0.6944 -72.418174
-5.3697 -46.9913 2.259 -72.425903
-5.7718 -48.0995 3.5791 -72.433661
-6.3113 -49.4357 4.5711 -72.441502
-6.1052 -51.0319 5.3148 -72.449395
-5.9754 -52.7323 5.8136 -72.457345
-5.3005 -54.3124 6.0843 -72.465359
-5.5666 -55.9139 6.2159 -72.473441
-6.3626 -57.4622 6.4728 -72.481575
-7.4327 -58.7683 6.9386 -72.489775
-8.3123 -60.0607 7.6969 -72.498036
-9.2075 -61.5771 7.5449 -72.506324
-10.0182 -63.1512 7.7642 -72.514679
-10.4982 -64.8336 7.9938 -72.523066
-11.098 -66.494 8.2496 -72.531526
-11.5795 -68.0917 8.8213 -72.540032
-11.4778 -69.48 9.814 -72.548564
-11.3768 -70.9824 10.6772 -72.557164
-11.1615 -72.6665 10.9417 -72.565825
-11.9531 -74.0675 10.3517 -72.574522
-12.2253 -75.2856 9.1163 -72.583264
-12.386 -76.5528 7.8889 -72.592024
-12.4919 -77.8973 6.8778 -72.600844
-12.6418 -79.6702 6.7282 -72.60969
-12.8923 -81.2283 7.3625 -72.618579
-13.0636 -82.0267 8.8276 -72.627575
-12.8375 -83.2389 8.8894 -72.636523
-12.4716 -84.694 8.0205 -72.645518
-12.6797 -85.5671 7.0599 -72.654561
-12.5183 -84.1321 6.1622 -72.66369
-12.5292 -84.0813 7.3739 -72.672858
-11.895 -85.6688 7.8198 -72.682031
-11.5229 -87.2946 8.4116 -72.6912
-10.3324 -88.1124 9.2259 -72.700378
-10.675 -89.8262 9.467 -72.709589
-11.2148 -91.4903 9.7261 -72.718761
-11.4919 -93.2205 9.9224 -72.727911
-11.8689 -94.9605 9.9938 -72.737065
-12.2215 -96.7085 9.9892 -72.746159
-12.5548 -98.4528 9.9031 -72.755241
-13.101 -100.1246 9.6027 -72.764264
-13.6123 -101.6942 9.0552 -72.773249
-14.5178 -102.8115 8.0351 -72.782188
-14.732 -103.8321 6.6289 -72.791088
-14.736 -104.949 5.3416 -72.799927
-14.7897 -105.5564 3.6632 -72.808687
-14.9175 -106.1934 2.0059 -72.817321
-14.8119 -107.3154 0.66 -72.825742
-14.3904 -108.3157 -0.7477 -72.834069
-14.0768 -109.6227 -1.5126 -72.842173
-14.1581 -111.3783 -1.2027 -72.850101
-14.4574 -112.7137 -0.3129 -72.857864
-14.5581 -113.8268 1.0481 -72.865375
-14.5629 -114.7419 2.5821 -72.87268
-14.3372 -115.8187 3.9677 -72.879673
-14.0073 -116.8255 5.38 -72.886382
-13.5104 -118.0936 6.4955 -72.892757
-13.0668 -119.695 6.5246 -72.898781
-12.4966 -121.0534 5.5568 -72.904403
-12.0851 -122.6625 5.1356 -72.909619
-12.5004 -124.2153 4.474 -72.914398
-12.6759 -125.9354 4.076 -72.918678
-13.0189 -127.5669 3.9008 -72.922462
-13.6129 -129.2115 3.7998 -72.92569
-14.5095 -130.7248 3.617 -72.928337
-15.1909 -132.314 3.2206 -72.930371
-16.0458 -133.6469 2.4524 -72.93176
-17.0046 -135.0632 2.0492 -72.932471
-3.6471 -8.0538 -0.0157 -72.09619
-1.3228 -8.9468 -0.0471 -72.100953
0.9314 -9.9936 -0.0832 -72.106119
2.6625 -11.7633 -0.1495 -72.112555
3.884 -13.4015 -0.8686 -72.122829
4.2751 -14.1359 -3.2157 -72.145688
4.6663 -14.8703 -5.5627 -72.168306
5.0575 -15.6047 -7.9097 -72.190677
5.4487 -16.3392 -10.2567 -72.212798
5.5082 -15.6747 -11.481 -72.229533
5.7528 -14.1284 -10.9972 -72.240049
5.1317 -14.013 -9.0503 -72.250922
5.6382 -14.026 -8.2186 -72.262463
7.6439 -14.2766 -7.8039 -72.274261
9.6042 -14.0356 -7.3728 -72.285939
11.4824 -13.5321 -6.7322 -72.297937
12.4397 -13.1153 -5.3274 -72.310294
13.1732 -12.7275 -3.4442 -72.323118
14.0029 -12.5015 -1.5695 -72.336324
14.9232 -12.6143 0.2611 -72.349857
16.0509 -12.8503 1.9217 -72.363764
17.2291 -12.7352 3.6117 -72.378215
18.6969 -13.072 4.9744 -72.392751
20.4387 -12.843 5.9867 -72.407685
22.2399 -12.9948 6.2182 -72.418554
23.7688 -13.3762 5.9788 -72.425037
25.0057 -12.6222 5.3936 -72.431567
26.3571 -12.2571 4.8087 -72.43813
27.8738 -11.9691 4.5669 -72.444756
29.2461 -11.1445 4.4391 -72.45141
30.8012 -10.7714 4.3716 -72.458071
32.3851 -10.5715 4.2891 -72.464766
33.2233 -10.1298 4.9983 -72.471535
34.0663 -9.8024 5.9221 -72.478304
35.5597 -9.845 6.5062 -72.485062
36.9026 -9.7278 7.2501 -72.491848
38.2463 -9.5474 7.9246 -72.498596
39.7277 -9.1425 8.3952 -72.50533
41.1759 -8.7377 8.951 -72.51204
42.5633 -8.3419 9.5488 -72.518758
43.7337 -8.1277 8.583 -72.525432
45.1311 -8.0308 7.9631 -72.532037
46.5242 -8.3092 7.3517 -72.538563
47.4104 -8.3281 6.0274 -72.545078
48.547 -8.1523 4.9694 -72.55146
50.1277 -8.0481 4.8161 -72.557739
51.0302 -8.412 5.9293 -72.564021
52.4231 -8.5023 6.17 -72.570084
53.895 -8.5955 6.6905 -72.576032
54.9911 -8.7652 7.7616 -72.581811
56.4893 -8.9904 7.679 -72.587388
57.587 -10.1308 7.9043 -72.592762
59.0801 -10.6364 8.1455 -72.597935
60.6014 -11.0022 8.4608 -72.602839
61.9959 -11.5958 8.0265 -72.607479
62.9752 -11.9724 7.058 -72.611899
63.4644 -12.0743 5.5381 -72.615995
64.0395 -11.9612 4.047 -72.619797
64.4337 -11.9546 2.4888 -72.623244
64.823 -11.932 0.9297 -72.62627
65.2041 -11.8836 -0.6309 -72.628845
65.5558 -11.8356 -2.1985 -72.630976
65.8976 -11.7879 -3.7682 -72.632599
66.4194 -11.7876 -5.282 -72.633701
66.4944 -12.5596 -6.6605 -72.634269
21.8035 -12.9643 5.5087 -72.419765
22.2928 -12.8975 4.0421 -72.428478
22.782 -12.8307 2.5755 -72.436951
23.2713 -12.7639 1.1089 -72.44518
23.7606 -12.6971 -0.3578 -72.453163
24.2499 -12.6303 -1.8244 -72.460897
24.7391 -12.5635 -3.291 -72.46838
25.2284 -12.4967 -4.7576 -72.47561
25.7177 -12.4299 -6.2242 -72.482584
26.2069 -12.363 -7.6908 -72.4893
26.8935 -12.3131 -8.9994 -72.495804
27.9931 -12.1349 -10.0456 -72.502256
29.4155 -12.0244 -10.5719 -72.508684
30.9321 -12.139 -10.7879 -72.515058
32.4337 -12.4908 -10.7732 -72.521436
33.7283 -13.0404 -10.3346 -72.527738
34.9591 -13.7394 -9.781 -72.533987
36.3049 -14.3754 -9.3611 -72.540194
37.7863 -14.4064 -8.971 -72.54642
38.9765 -14.4204 -8.3072 -72.552557
39.509 -14.5028 -6.8771 -72.558558
40.803 -14.1184 -7.3333 -72.564372
42.1172 -13.7343 -7.9502 -72.570049
43.481 -14.2451 -8.4653 -72.575562
44.8322 -14.6862 -9.0455 -72.580903
46.2199 -15.1571 -9.5418 -72.586063
47.4998 -15.7968 -10.1041 -72.590986
48.4919 -16.341 -10.9949 -72.595704
49.2648 -16.5571 -12.2212 -72.600179
50.6437 -17.0063 -12.5265 -72.604345
52.1626 -17.2199 -12.7123 -72.608216
53.5098 -17.9199 -12.5815 -72.61175
54.8261 -18.5114 -12.0649 -72.61494
56.0144 -19.3898 -11.6485 -72.617743
57.1511 -20.3793 -11.2981 -72.620148
58.5784 -20.83 -11.009 -72.622114
59.5198 -21.3446 -11.6244 -72.623656
59.9152 -21.5013 -13.1121 -72.624703
60.3293 -21.6363 -14.5919 -72.625238
5.542 -17.4481 -11.9734 -72.227787
5.2752 -19.0549 -12.8511 -72.234603
4.5319 -20.5356 -13.6308 -72.241504
4.2842 -21.2679 -12.1504 -72.248584
4.5234 -21.5541 -11.2061 -72.255622
5.0916 -22.5097 -9.9139 -72.262787
5.6355 -23.6108 -8.5295 -72.270003
6.4022 -24.9693 -7.5369 -72.277295
6.6335 -26.3097 -6.3211 -72.284632
7.1852 -27.3717 -7.4784 -72.292094
7.7638 -28.2275 -9.037 -72.299603
9.1599 -28.8455 -10.0123 -72.307112
10.2945 -29.4271 -11.2255 -72.314691
12.0307 -29.9265 -10.7637 -72.322349
13.7255 -30.5864 -10.4924 -72.330048
15.1918 -31.515 -11.0288 -72.337792
16.7178 -31.6949 -12.0524 -72.345607
18.2188 -31.9125 -13.1144 -72.353472
19.9511 -32.1969 -13.7295 -72.361394
21.5074 -33.0418 -14.1745 -72.369656
22.8543 -34.2615 -14.6414 -72.377981
24.0059 -35.5947 -15.1729 -72.386077
24.5296 -37.1036 -15.7174 -72.394229
24.7232 -37.5624 -17.5262 -72.402529
25.1008 -38.2263 -19.2142 -72.410846
26.3789 -39.4506 -19.5884 -72.419107
28.1291 -39.8596 -20.0602 -72.427403
29.3513 -39.6098 -21.3429 -72.435768
30.6809 -38.9744 -22.3478 -72.444171
31.8544 -39.4408 -23.699 -72.452632
32.7072 -40.1312 -24.5207 -72.461107
34.1875 -40.0661 -24.2388 -72.469631
35.3747 -39.954 -25.6606 -72.478185
36.0556 -40.1808 -27.3735 -72.486874
37.1117 -40.5409 -28.8636 -72.495487
37.9499 -40.8975 -30.5002 -72.504116
38.8019 -40.6861 -32.1277 -72.51277
39.8174 -40.5169 -33.6425 -72.521382
40.8901 -40.7217 -35.068 -72.529965
42.5305 -41.61 -35.2384 -72.538518
44.3755 -41.8861 -35.4176 -72.547042
45.9871 -42.2694 -36.0731 -72.555536
47.4878 -43.2765 -36.1873 -72.564139
49.3319 -43.6209 -36.2065 -72.572843
51.1887 -43.712 -36.2324 -72.581216
53.0372 -43.4731 -36.3042 -72.58949
54.8899 -43.6769 -36.497 -72.597631
56.6959 -43.5991 -36.9065 -72.605671
58.2639 -44.1277 -37.6876 -72.613571
59.5341 -44.5902 -38.7803 -72.621382
60.5988 -45.0677 -39.8571 -72.628957
61.8729 -46.2433 -40.1922 -72.636332
63.3313 -46.5896 -41.0735 -72.643519
64.0217 -46.6763 -42.7931 -72.650512
64.5704 -46.7494 -44.583 -72.657229
64.8703 -46.6711 -46.4334 -72.663881
65.1687 -46.5915 -48.2839 -72.670008
65.5964 -46.5388 -50.1097 -72.675788
65.7108 -46.4215 -51.9702 -72.68159
65.6981 -46.2783 -53.8407 -72.686913
65.6854 -46.1351 -55.7113 -72.691565
65.6727 -45.9919 -57.5819 -72.695537
65.7296 -45.7497 -59.4403 -72.699023
65.8135 -45.4694 -61.2934 -72.701847
66.0243 -45.0935 -63.1166 -72.704001
66.1717 -44.6856 -64.9394 -72.70549
66.3305 -44.1781 -66.4646 -72.706249
5.6517 -16.7814 -12.2027 -72.231855
5.689 -16.9607 -13.7308 -72.246549
5.7263 -17.14 -15.259 -72.260994
5.7636 -17.3194 -16.7872 -72.27519
5.8009 -17.4987 -18.3154 -72.289139
5.8383 -17.678 -19.8436 -72.302841
5.8756 -17.8574 -21.3717 -72.316295
5.9129 -18.0367 -22.8999 -72.329501
5.9502 -18.216 -24.4281 -72.342458
5.9875 -18.3954 -25.9563 -72.355167
6.0248 -18.5747 -27.4845 -72.367625
6.0621 -18.754 -29.0126 -72.379831
6.0994 -18.9334 -30.5408 -72.391784
6.1367 -19.1127 -32.069 -72.403482
6.1741 -19.292 -33.5972 -72.414923
6.2114 -19.4714 -35.1254 -72.426105
6.2487 -19.6507 -36.6536 -72.437026
6.286 -19.83 -38.1817 -72.447682
6.3233 -20.0094 -39.7099 -72.458072
6.3606 -20.1887 -41.2381 -72.468192
6.3979 -20.368 -42.7663 -72.47804
6.4352 -20.5474 -44.2945 -72.487611
6.4725 -20.7267 -45.8226 -72.496904
6.5099 -20.906 -47.3508 -72.505913
6.5472 -21.0854 -48.879 -72.514636
6.5845 -21.2647 -50.4072 -72.52307
6.6218 -21.444 -51.9354 -72.531209
6.6591 -21.6234 -53.4635 -72.539051
6.6964 -21.8027 -54.9917 -72.546591
6.7337 -21.982 -56.5199 -72.553826
6.771 -22.1614 -58.0481 -72.560752
6.8083 -22.3407 -59.5763 -72.567365
6.8457 -22.52 -61.1045 -72.573661
6.883 -22.6994 -62.6326 -72.579636
6.9394 -22.8766 -64.1572 -72.585287
8.1498 -22.8799 -64.1006 -72.590748
8.9886 -23.516 -62.989 -72.596116
9.9314 -24.3205 -62.1091 -72.601308
10.5435 -25.411 -61.3105 -72.606372
11.1641 -26.7642 -60.9602 -72.611249
11.7371 -28.177 -61.0516 -72.615914
12.2468 -29.4991 -61.4619 -72.620369
12.6299 -30.7915 -61.1111 -72.624606
13.0367 -32.212 -60.6823 -72.628581
13.4206 -33.6473 -60.2909 -72.632282
13.672 -35.0666 -59.8345 -72.635671
13.7802 -36.5811 -60.0484 -72.638717
13.7177 -38.0731 -60.4184 -72.6414
13.5658 -39.5761 -60.7091 -72.643706
13.3014 -41.0704 -60.6511 -72.645599
13.3571 -42.0105 -59.4467 -72.647073
13.5377 -43.0476 -58.3404 -72.648076
13.6333 -44.0606 -57.3331 -72.64859
-2.4565 -0.91 0.0523 -72.064771
-2.8293 2.667 0.2464 -72.035856
-3.0866 6.216 0.7208 -72.006297
-2.2413 9.6979 1.5153 -71.975983
-0.7404 12.7593 0.9662 -71.945178
0.227 15.8879 -1.0884 -71.912535
0.5524 20.1154 -1.9386 -71.878015
0.4575 24.418 -2.5408 -71.842732
0.4389 27.3767 -5.5178 -71.806634
-0.013 29.9656 -8.7108 -71.769805
-0.1419 14.3216 0.264 -71.928766
0.8616 14.8245 1.2959 -71.9198
2.5303 15.409 3.4469 -71.903162
5.0961 15.9466 3.8822 -71.88597
7.8356 16.5695 3.9069 -71.868107
10.5566 17.2922 4.0994 -71.849826
13.2701 17.9524 4.5537 -71.830994
15.8121 18.8134 4.7988 -71.811672
17.2134 19.7132 4.344 -71.79837
17.5574 19.3689 4.0634 -71.799007
-0.9274 14.3109 0.2417 -71.928357
-2.5488 14.1754 0.0246 -71.929026
-4.1702 14.04 -0.1925 -71.929639
-5.6969 13.9854 -0.1496 -71.930191
-6.0083 14.0245 0.9686 -71.930683
-4.7591 13.8534 0.1003 -71.931107
-4.5248 13.8442 -1.5168 -71.931538
-4.3735 13.8457 -3.1513 -71.931861
-4.2222 13.8471 -4.7858 -71.932072
-4.0708 13.8486 -6.4202 -71.932183
-3.7648 13.9278 -8.018 -71.932216
-3.1571 14.1597 -9.5252 -71.932196
-2.5409 14.9686 -10.6984 -71.932156
-0.6612 32.5013 -8.9792 -71.746862
-1.3441 34.6869 -8.6538 -71.729076
-2.5162 37.7967 -7.959 -71.70187
-4.0883 40.798 -9.2426 -71.674246
-6.1771 43.4321 -10.5669 -71.646228
-7.4526 45.9637 -12.4793 -71.617773
-8.199 48.9959 -14.3148 -71.588583
-8.488 52.2581 -16.0262 -71.55867
-8.9751 55.6713 -17.3793 -71.528347
-8.9724 59.3456 -17.9864 -71.497634
-8.8355 62.9598 -18.9326 -71.466509
-8.1651 65.7964 -21.101 -71.434952
-8.071 69.4931 -21.2598 -71.403007
-8.0725 72.7987 -19.5494 -71.372423
-8.8931 75.9303 -20.6534 -71.346721
-9.8467 77.8663 -22.8286 -71.324164
-10.916 79.9845 -24.8489 -71.301414
-11.8107 82.572 -26.461 -71.276834
-13.9622 85.1541 -28.0376 -71.250432
-15.428 87.4195 -30.0798 -71.223698
-16.2874 89.1284 -32.8169 -71.200446
-17.1302 91.8068 -33.4334 -71.180775
-16.6579 94.7355 -33.3269 -71.160963
-16.2793 97.4317 -32.2507 -71.141025
-16.0966 100.3779 -31.8618 -71.120948
-15.6048 103.2146 -31.8672 -71.091451
-15.0646 104.6984 -30.0846 -71.052326
-14.4099 106.6313 -31.3901 -71.013012
-13.9013 109.3975 -31.7321 -70.973441
-13.1382 112.1018 -31.8855 -70.933614
-12.0288 114.6912 -32.2205 -70.893488
-9.9615 116.491 -32.7147 -70.853112
-8.3964 118.5551 -33.6954 -70.812461
-7.0441 120.3709 -35.2413 -70.771498
-16.3107 103.1222 -31.2609 -71.099721
-17.0106 105.6108 -30.0258 -71.07784
-17.7104 108.0993 -28.7907 -71.056392
-18.4103 110.5878 -27.5556 -71.035379
-19.1321 113.0846 -26.3544 -71.014797
-20.0839 115.6275 -25.7828 -70.994385
-21.6544 117.8269 -26.4818 -70.973986
-22.4041 120.0541 -28.0006 -70.953571
-23.8204 121.9956 -29.2918 -70.933183
-16.2837 88.4956 -30.6847 -71.198659
-16.9057 88.45 -28.8674 -71.175809
-17.5277 88.4044 -27.0501 -71.153364
-18.1496 88.3588 -25.2328 -71.131328
-18.7716 88.3131 -23.4155 -71.109705
-19.3936 88.2675 -21.5982 -71.088497
-20.0155 88.2219 -19.7808 -71.067709
-20.6375 88.1763 -17.9635 -71.047342
-21.2595 88.1307 -16.1462 -71.027399
-21.8814 88.0851 -14.3289 -71.007882
-22.5034 88.0394 -12.5116 -70.988793
-23.1253 87.9938 -10.6943 -70.970133
-23.7473 87.9482 -8.8769 -70.951903
-24.3693 87.9026 -7.0596 -70.934104
-24.9912 87.857 -5.2423 -70.916737
-25.6132 87.8114 -3.425 -70.899803
-26.2352 87.7657 -1.6077 -70.883303
-26.8571 87.7201 0.2096 -70.867237
-27.4791 87.6745 2.0269 -70.851604
-28.1011 87.6289 3.8443 -70.836406
-28.723 87.5833 5.6616 -70.821641
-10.6474 82.0467 -25.97 -71.284053
-9.8973 83.5702 -26.7997 -71.272422
-8.9166 84.4636 -28.1497 -71.260776
-7.9416 85.635 -29.2349 -71.249117
-6.7633 86.7616 -30.2244 -71.237478
-5.9934 87.8877 -31.5 -71.225838
-4.805 89.0805 -31.9871 -71.214211
-4.0074 90.0975 -33.2964 -71.20252
-3.642 91.5318 -34.1524 -71.190906
-3.5504 92.2381 -35.0395 -71.179302
-2.6112 93.3175 -34.37 -71.167696
-1.4138 94.7914 -34.5426 -71.156178
-0.1697 96.0984 -35.117 -71.1447
0.8889 97.112 -35.3375 -71.133264
1.8787 97.6218 -33.8386 -71.121868
3.297 98.6527 -34.2066 -71.110609
4.478 100.1526 -34.2331 -71.09947
5.7259 101.6013 -34.2783 -71.088409
6.9236 103.076 -34.3329 -71.077492
8.2378 104.4594 -34.2789 -71.066698
9.708 105.6324 -34.1824 -71.056076
11.0242 106.9149 -34.1788 -71.045586
12.03 108.5293 -34.2938 -71.035274
12.8387 110.237 -34.4028 -71.02515
13.6986 111.9172 -34.2947 -71.015228
14.9808 113.3035 -34.0183 -71.005532
16.3534 114.5382 -33.5266 -70.99607
-8.0122 74.6652 -19.0128 -71.352079
-7.3733 74.7434 -17.1393 -71.340688
-6.2129 74.8717 -15.5661 -71.329408
-4.6588 75.1485 -14.4836 -71.318157
-2.9313 75.2005 -13.5318 -71.306904
-1.1908 75.5548 -14.025 -71.295646
0.2492 75.4182 -15.2751 -71.284371
1.6994 75.2949 -16.4498 -71.273138
3.456 75.8724 -16.5978 -71.261906
4.909 77.061 -16.0201 -71.250699
6.3489 78.0205 -15.2054 -71.239535
7.6777 78.1558 -16.557 -71.228337
9.1932 78.8939 -17.1669 -71.217218
10.3243 80.3116 -17.9293 -71.206159
11.8031 81.2429 -18.8099 -71.195175
13.3202 82.0201 -19.7154 -71.184256
14.672 82.8734 -20.8357 -71.173434
15.8195 84.0369 -21.4716 -71.162726
17.3968 85.0052 -21.5241 -71.152119
19.1523 85.9091 -21.6233 -71.141635
20.835 86.8367 -21.5731 -71.131289
22.3782 87.6805 -22.4819 -71.121056
23.6336 88.6822 -23.6145 -71.111003
25.3121 89.236 -24.4178 -71.101125
26.9271 90.1776 -25.069 -71.091233
28.5711 91.1435 -25.6063 -71.081433
30.1849 92.1759 -26.0934 -71.072114
31.906 93.0582 -26.3886 -71.06308
33.349 94.3802 -26.2354 -71.0543
34.682 95.7638 -25.7885 -71.045795
36.0698 96.9946 -25.1164 -71.037573
-9.1332 71.1226 -19.9391 -71.373834
-11.2049 71.3971 -19.3463 -71.347998
-12.2503 72.1505 -17.4371 -71.321753
-13.2771 72.9723 -16.3017 -71.295158
-15.0629 74.4381 -16.0237 -71.26825
-17.1889 75.3374 -15.9102 -71.240922
-18.7708 76.7954 -16.5998 -71.213198
-20.2396 77.7578 -18.0502 -71.185019
-21.4318 79.2493 -19.3169 -71.156489
-22.4493 80.8848 -20.0685 -71.135121
-23.644 82.5321 -19.9209 -71.121273
-25.2693 83.8199 -19.7197 -71.107432
-26.4282 85.5474 -19.5741 -71.09357
-27.4271 87.2915 -19.7394 -71.079672
-28.2555 88.0894 -18.5764 -71.065628
-28.4362 88.7812 -16.6121 -71.051513
-28.7184 89.4709 -14.6555 -71.03753
-28.5952 90.5234 -12.9306 -71.023603
-28.0087 92.2281 -11.8717 -71.009697
-28.1824 93.3344 -10.523 -70.995766
-28.881 94.9101 -9.3484 -70.981854
-29.1637 96.6406 -8.2343 -70.967983
-29.7507 98.589 -7.8416 -70.954143
-31.2546 100.014 -7.7767 -70.940334
-32.9856 101.1833 -7.8435 -70.926604
-34.438 102.6859 -7.93 -70.912894
-35.8645 104.1959 -8.077 -70.89925
-37.7492 105.0636 -8.2888 -70.885693
-39.7252 105.5106 -8.4883 -70.872173
-41.4274 106.5542 -8.4275 -70.858702
-22.5697 79.9845 -21.0657 -71.133779
-23.5049 79.5868 -23.0086 -71.118956
-24.7357 79.2357 -23.1851 -71.105652
-26.0186 79.7983 -22.2548 -71.092372
-27.6912 80.6895 -21.9109 -71.079099
-29.3246 81.7314 -21.4655 -71.065842
-31.1306 82.4861 -21.4143 -71.052604
-32.9071 83.2024 -21.5235 -71.039337
-34.8537 83.2248 -21.3716 -71.02609
-36.6622 83.819 -20.8419 -71.012846
-38.0322 83.5029 -19.5874 -70.999586
-39.4902 83.5562 -18.2934 -70.986368
-40.9141 84.0358 -17.0459 -70.973176
-42.4783 85.0996 -16.5078 -70.960055
-44.0118 86.2891 -16.2793 -70.946977
-45.0805 86.8165 -17.3328 -70.933682
-45.3985 87.0849 -19.2874 -70.920533
-46.0085 87.5938 -21.1008 -70.907418
-46.5256 87.8633 -23.0125 -70.894369
-47.0124 88.1443 -24.9307 -70.88139
-48.0466 88.8001 -25.8124 -70.868658
-49.3531 89.8139 -24.8517 -70.856017
-23.4169 79.5945 -22.041 -71.125654
-7.4755 47.1812 -14.128 -71.601408
-6.6397 46.9581 -15.442 -71.597623
-6.0885 47.0624 -16.854 -71.594005
-5.6785 47.4504 -18.3124 -71.590473
-5.0375 48.1975 -19.4234 -71.587067
-4.9376 48.8586 -20.8471 -71.583767
-4.8994 49.5688 -22.2208 -71.580596
-4.8067 50.8524 -23.1201 -71.577588
-4.348 52.1399 -23.896 -71.574597
-3.8636 53.4258 -24.6617 -71.571886
-3.2759 54.7308 -25.2965 -71.569442
-2.6137 56.0992 -25.6637 -71.567225
-1.9972 57.5231 -25.7699 -71.565225
-0.7472 58.4335 -25.8246 -71.563464
0.1834 59.5702 -25.9895 -71.561957
1.0556 60.8294 -26.3063 -71.560724
1.4265 62.1744 -26.9168 -71.559778
1.2466 63.3678 -27.9187 -71.559132
0.8615 64.5278 -28.8693 -71.558801
-1.2039 34.2315 -8.7378 -71.731552
-2.1645 36.692 -8.3921 -71.709492
-3.11 39.1845 -8.3928 -71.686988
-3.9026 40.3411 -6.7187 -71.664014
-4.4638 40.8393 -4.1593 -71.640515
-5.2514 41.2336 -1.6507 -71.616612
-6.4986 41.3875 0.6577 -71.592343
-6.9016 41.3668 3.1344 -71.567497
-8.3244 41.1475 5.0228 -71.542474
-9.0777 42.2825 6.6587 -71.520244
-10.4818 44.1286 6.7312 -71.500982
-12.0542 45.877 6.472 -71.481499
-13.7926 47.4551 6.7415 -71.461778
-14.3287 48.7274 8.6097 -71.44175
-14.2892 50.0448 10.5825 -71.421538
-14.3831 52.2013 11.5125 -71.401136
-15.4653 54.1641 11.5993 -71.380521
-15.9872 56.1264 10.7348 -71.359659
-15.9935 58.493 10.4465 -71.338593
-16.6674 59.2873 8.5547 -71.317166
-17.4698 59.7595 6.3608 -71.295546
-17.8092 61.9411 6.2291 -71.27379
-19.8136 62.8997 6.5069 -71.251734
-21.3274 63.1601 7.9551 -71.229341
-22.8218 64.0013 9.1439 -71.210907
-24.7396 64.6596 9.7419 -71.196613
-25.9313 65.6939 8.2209 -71.182295
-27.3521 67.091 7.1443 -71.167937
-27.8515 68.7801 5.7356 -71.153549
-28.9706 70.1238 4.2552 -71.139167
-29.8302 71.1977 2.3661 -71.124738
-30.5772 72.9481 2.3143 -71.110281
-31.2511 73.9836 4.3225 -71.095823
-31.8836 74.7971 6.3519 -71.081331
-33.4979 76.3178 6.0157 -71.066911
-35.3494 77.7054 5.6794 -71.052505
-36.2359 77.7987 3.4859 -71.038012
-36.823 78.2142 1.2302 -71.023522
-37.2962 78.8752 -1.0041 -71.009062
-38.0777 79.5243 -3.1351 -70.994704
-38.5828 79.8578 -5.4262 -70.980276
-40.1286 80.7679 -6.86 -70.965996
-41.8887 81.3717 -5.9333 -70.95173
-43.201 81.2826 -4.0378 -70.937452
-44.3102 81.7185 -2.0187 -70.923269
-23.2557 64.0561 8.131 -71.21234
-24.9649 64.9635 8.1844 -71.200892
-26.0616 65.9005 8.9001 -71.189217
-26.305 66.1448 10.8713 -71.177468
-26.4364 66.2766 12.8582 -71.165936
-26.7662 66.3845 14.8041 -71.15445
-28.2543 66.3369 15.7942 -71.143032
-29.7596 66.2207 16.7645 -71.131583
-29.8152 66.2528 18.7633 -71.120161
-30.2709 66.9957 19.6957 -71.108784
-31.7156 67.9135 20.4594 -71.097376
-32.1409 69.5247 21.5115 -71.086022
-33.0427 71.1208 22.2483 -71.074748
-33.7682 72.7602 23.0868 -71.063536
-34.714 74.4169 23.6586 -71.052417
-35.5114 76.0162 24.4887 -71.041374
-35.8784 77.7991 25.2812 -71.0304
-36.6919 79.4931 25.9091 -71.019526
-37.5921 81.2366 26.1638 -71.008783
-37.9648 82.9348 26.6532 -70.998094
-38.1232 84.1537 28.0096 -70.987578
-37.4894 85.6297 29.04 -70.977202
-37.0034 87.4849 29.1485 -70.966981
-36.7841 89.4485 29.2879 -70.956592
-36.3959 91.4052 29.448 -70.946407
-9.6387 41.5186 6.3846 -71.525796
-11.2133 41.8239 6.3128 -71.517869
-12.0979 42.4791 4.8865 -71.509855
-13.2557 43.35 3.9751 -71.501873
-14.2423 43.577 2.4577 -71.493867
-15.3556 43.71 1.0276 -71.48588
-15.9894 44.5732 -0.4476 -71.477887
-16.6871 45.12 -2.0478 -71.46992
-17.7188 45.8368 -3.2857 -71.461945
-18.5783 46.8498 -4.5254 -71.454004
-19.9074 47.2662 -5.6939 -71.446104
-21.5852 47.5437 -6.3542 -71.438263
-22.9761 48.6597 -6.3259 -71.430499
-24.3563 49.8697 -6.2079 -71.422789
-25.8552 50.8966 -6.0169 -71.415176
-27.0962 51.9486 -5.4199 -71.407615
-27.9482 52.3876 -3.9646 -71.400117
-29.654 52.5789 -3.9322 -71.392764
-30.6445 52.9077 -5.3714 -71.385507
-32.0441 53.5066 -6.2656 -71.378386
-33.4656 54.634 -6.5349 -71.371416
-34.9544 55.5474 -7.0531 -71.364617
-36.2819 56.6634 -7.6004 -71.357987
-37.6486 57.8611 -7.7756 -71.351528
-38.5034 59.4777 -7.6459 -71.345272
-39.3718 61.0534 -7.2838 -71.339262
-40.2991 62.551 -6.7638 -71.333486
-41.2384 64.045 -6.261 -71.327955
-41.8614 65.6914 -5.7694 -71.322705
-42.4591 67.2851 -5.1652 -71.317739
-43.3383 68.5969 -4.4191 -71.313082
-44.4522 70.0317 -4.1392 -71.308768
-45.5063 71.5345 -4.0501 -71.30479
-46.5569 73.035 -4.1531 -71.301182
-47.8716 74.2263 -4.5515 -71.29796
-48.8625 75.1738 -5.5759 -71.295144
-49.2408 75.7623 -7.2733 -71.292731
-49.4584 77.0985 -8.4631 -71.290779
-49.9501 78.752 -8.946 -71.289284
-51.026 79.8745 -9.2484 -71.288273
-51.28 79.9424 -10.8927 -71.287746
17.7044 20.951 4.9703 -71.791432
18.2015 22.2043 5.6044 -71.784458
18.6985 23.4577 6.2386 -71.77754
19.0912 25.152 6.8819 -71.768843
19.429 27.2733 6.757 -71.758231
20.0937 28.9393 5.4586 -71.747475
20.5192 30.5261 4.0181 -71.736576
21.7848 31.8769 2.8501 -71.725525
22.0977 33.1829 1.0434 -71.714328
23.2662 34.71 0.0406 -71.703052
23.7528 35.2305 -1.9989 -71.691608
24.4415 36.3316 -0.4475 -71.680025
25.2156 37.3871 1.3732 -71.668349
25.5431 38.1412 3.4507 -71.656543
26.3109 39.4951 5.0553 -71.644696
27.3125 40.7429 3.9319 -71.632748
27.6125 41.5008 5.9749 -71.620628
27.8649 42.4672 7.8245 -71.608452
28.5761 44.0126 9.106 -71.596236
29.3017 45.8785 9.8466 -71.583967
29.8444 47.4239 10.9837 -71.571548
29.8427 48.4745 12.9418 -71.559103
30.4043 50.5089 13.6559 -71.546624
32.2661 51.6774 14.0416 -71.534077
33.7432 53.3643 13.9508 -71.52149
35.3704 54.8773 13.6311 -71.508842
36.404 56.7929 13.1328 -71.496145
37.9566 57.9008 12.228 -71.483441
39.1636 59.6692 11.6914 -71.470691
40.7811 61.2139 11.412 -71.4579
42.5407 62.5144 11.7504 -71.445121
43.9242 63.8221 12.81 -71.432297
45.3908 65.165 13.6376 -71.419474
45.9271 67.2097 14.1714 -71.406695
46.6355 69.1359 14.3788 -71.393925
48.3635 70.1089 14.8857 -71.381158
49.6569 71.9103 15.1633 -71.368178
50.9513 73.7475 15.4455 -71.355228
52.8054 74.9337 15.6383 -71.342572
54.7263 75.5702 15.6827 -71.329977
56.0864 76.9982 15.657 -71.31744
57.1449 78.0802 14.4904 -71.304923
58.894 79.349 14.0314 -71.292524
60.9129 80.2627 14.3307 -71.280221
62.6887 81.5896 14.007 -71.268003
64.1912 82.1373 14.8133 -71.255827
65.3934 82.3955 16.5144 -71.243795
66.9021 83.2776 17.6975 -71.231937
67.4164 84.9808 18.6495 -71.220233
68.0681 86.9646 19.2519 -71.208741
18.9087 24.0362 7.1126 -71.774053
19.1476 18.9083 3.9431 -71.792531
20.9905 18.3979 3.8423 -71.785067
22.9152 18.2333 3.6481 -71.777473
24.7758 17.8958 3.3306 -71.769777
26.5871 18.0132 3.1308 -71.761967
28.3023 18.6484 3.6845 -71.754047
29.9424 18.8206 4.6508 -71.74604
31.2866 18.6601 5.9911 -71.737913
32.7096 18.1098 7.1234 -71.729708
34.1103 16.8391 7.543 -71.721433
35.4164 15.4177 7.7072 -71.713072
36.5618 14.0174 7.4707 -71.704647
38.0589 13.6462 6.35 -71.696162
39.8047 13.3092 5.8907 -71.687624
41.5119 12.7068 5.2455 -71.679028
42.8693 12.0614 4.0202 -71.670363
44.4573 11.3345 3.2295 -71.661667
45.9294 10.8303 2.4767 -71.652913
47.1014 10.1377 3.6205 -71.644149
48.3849 9.3089 4.6779 -71.635373
49.394 9.6773 6.2389 -71.62653
50.6478 10.0528 7.6185 -71.61769
51.9327 9.8336 9.0023 -71.608871
53.4883 10.1208 10.104 -71.600067
55.2334 9.8227 9.9071 -71.591287
57.0597 9.924 9.3135 -71.582015
58.8743 9.6526 8.6558 -71.572558
60.689 9.3812 7.9981 -71.563457
62.4959 9.1815 7.3186 -71.554695
64.0964 9.6659 6.3822 -71.546086
65.6128 10.0298 5.5676 -71.537539
66.3879 8.7348 6.61 -71.529044
67.0408 7.9267 8.2378 -71.520657
67.6184 7.3624 10.0083 -71.512329
68.2214 6.7991 11.7671 -71.504103
68.8557 6.3245 13.5452 -71.496044
69.5936 6.0215 15.3177 -71.488075
70.6128 5.6939 16.9232 -71.480302
71.846 5.1297 18.3139 -71.47275
73.446 5.6128 19.1551 -71.46535
75.1394 5.1362 19.9892 -71.458036
76.7792 5.1163 20.887 -71.45106
78.3203 5.541 21.9782 -71.444301
79.5543 6.0354 23.1887 -71.437793
80.477 6.477 24.7608 -71.431579
82.1371 6.4027 25.3832 -71.425641
83.992 6.8997 25.7174 -71.420007
85.8702 6.8251 26.0726 -71.414691
87.7509 6.7088 26.4848 -71.409719
89.6348 6.7028 26.6547 -71.405113
91.0074 6.4378 25.4152 -71.400899
92.1971 6.0461 24.0228 -71.397073
93.1627 5.5053 22.7795 -71.393584
93.4181 5.3578 20.8527 -71.390549
93.6827 5.205 18.9277 -71.387997
93.9559 5.0473 17.0042 -71.385941
94.7999 4.5071 17.8661 -71.384416
-1.9865 16.2264 -10.9822 -71.932141
-1.6114 17.3396 -11.0385 -71.932111
-1.1973 18.2526 -10.4886 -71.932077
-0.4899 18.8695 -10.968 -71.932048
0.4947 18.656 -11.4238 -71.932032
-5.9486 122.6202 -36.4545 -70.730222
-4.8563 124.4889 -38.1946 -70.688635
-3.4433 126.1431 -39.8024 -70.64681
-2.2407 128.597 -40.3971 -70.60475
-1.5188 131.295 -40.1613 -70.562402
-1.6696 134.0734 -40.2753 -70.519793
-2.517 136.7345 -40.7076 -70.476903
-3.2762 139.4376 -41.1589 -70.433736
-4.1563 142.1305 -41.3938 -70.390326
-4.9956 144.8475 -41.5126 -70.346638
-4.2109 147.46 -41.641 -70.302747
-3.9407 150.1251 -41.6099 -70.258559
-3.8535 152.9656 -41.6389 -70.214169
-3.8797 155.8081 -41.7765 -70.169485
-3.362 158.4701 -41.8809 -70.124538
-3.9026 161.1882 -41.8597 -70.079348
-4.6546 163.8938 -41.7416 -70.033922
-4.458 166.7321 -41.7051 -69.98826
-4.7248 169.4267 -41.9823 -69.942365
-5.9516 171.9513 -42.4086 -69.896212
-6.8697 174.6164 -42.5236 -69.849851
-7.1469 177.3942 -42.5991 -69.803242
-8.5483 179.5426 -43.6297 -69.756394
-9.0965 181.9163 -44.9846 -69.709217
-9.3572 184.5276 -45.8738 -69.661895
-10.3037 185.8819 -45.5629 -69.625977
-12.6165 185.7411 -44.527 -69.602005
-14.6492 185.7303 -43.1953 -69.578499
-16.2496 187.2653 -42.1906 -69.55519
-17.9145 189.1431 -41.8854 -69.532004
-19.4479 191.0685 -41.5909 -69.508943
-21.0169 192.9475 -41.0017 -69.485989
-22.4125 194.4386 -40.3024 -69.463146
-23.7068 195.9472 -39.0039 -69.440404
-25.0392 197.7028 -39.8911 -69.417788
-25.8175 200.0563 -40.2799 -69.395309
-26.6369 201.4551 -41.5533 -69.372905
-27.5289 202.2594 -40.2727 -69.350629
-29.472 203.3638 -40.3713 -69.328539
-31.4096 204.4733 -39.3932 -69.306577
-31.9894 205.4816 -37.1556 -69.284655
-32.896 206.6385 -35.2063 -69.262932
-33.7738 206.9925 -32.8727 -69.241295
-35.326 208.2821 -31.3862 -69.219878
-36.5537 210.18 -30.3332 -69.198601
-37.6503 212.1937 -29.5135 -69.177468
-38.7499 214.0475 -28.2022 -69.156443
-38.8366 216.2339 -27.1303 -69.135532
-39.8429 217.9451 -25.6872 -69.114724
-40.3547 220.3663 -25.6679 -69.094011
-9.0607 186.6005 -47.0068 -69.62611
-8.6412 188.5188 -48.1723 -69.602126
-7.9227 189.8909 -49.7878 -69.578181
-7.3389 191.2666 -51.5099 -69.554301
-6.8689 192.8579 -53.067 -69.530526
-6.5717 194.5306 -54.6272 -69.506815
-6.699 195.7688 -56.5782 -69.483139
-6.6007 197.3796 -57.9455 -69.459586
-5.361 198.4457 -59.4593 -69.436092
-4.0706 199.0919 -61.2062 -69.412666
-2.56 200.3359 -61.9713 -69.389402
-1.1767 202.1203 -62.473 -69.366228
0.1257 203.765 -63.1817 -69.34317
0.5779 205.9809 -62.9411 -69.320188
1.7705 207.8999 -62.7909 -69.297304
1.7806 210.0234 -63.3852 -69.27451
1.251 212.0868 -62.5412 -69.251796
0.3882 214.2228 -62.3899 -69.229215
-0.4598 216.2968 -62.9067 -69.206743
-1.2479 218.4121 -63.4146 -69.18436
-2.0973 220.5416 -63.7457 -69.162079
-3.4118 222.4275 -63.923 -69.139901
-5.2388 223.8332 -64.0726 -69.117818
-7.0057 225.2983 -64.337 -69.095814
-8.1122 227.0393 -64.9339 -69.073836
-8.3675 229.0243 -65.402 -69.057067
-8.7031 230.7886 -65.6689 -69.045513
-9.2813 232.5101 -65.8231 -69.034036
-9.2237 228.2929 -64.8468 -69.057908
-10.9382 228.5001 -64.259 -69.048222
-12.6565 228.7042 -63.682 -69.03885
-25.5183 124.0162 -29.3962 -70.914312
-26.4756 125.8583 -28.1987 -70.896922
-27.6755 127.8327 -27.6028 -70.879561
-27.9279 128.8492 -29.077 -70.86219
-28.5728 129.8586 -27.39 -70.844769
-29.4951 131.5172 -26.0388 -70.827481
-30.3172 133.5583 -25.0126 -70.810216
-30.9903 134.755 -23.0132 -70.792988
-31.8576 136.0757 -21.167 -70.775809
-32.9249 137.8539 -19.8699 -70.758688
-34.7749 138.8966 -19.3111 -70.741601
-36.3176 139.9122 -18.0849 -70.724593
-37.4604 141.3871 -16.8864 -70.707648
-38.6623 143.1941 -16.0632 -70.690744
-40.1691 144.5551 -14.9429 -70.67388
-41.2877 146.3296 -14.9203 -70.657069
-42.5778 148.1549 -14.027 -70.640341
-43.9866 149.9737 -13.1872 -70.623716
-45.0144 151.7833 -12.0503 -70.607156
-45.5532 153.8159 -10.8393 -70.590668
-46.3861 156.0367 -10.2537 -70.574265
-46.9837 158.3901 -9.9517 -70.557973
-47.8117 160.6751 -9.7756 -70.541755
-49.0447 162.6915 -9.706 -70.525648
-50.015 164.9082 -9.8518 -70.509639
-51.5234 166.8379 -9.9384 -70.493732
-52.9161 168.8061 -9.9279 -70.477935
-54.0733 170.9215 -9.7859 -70.46224
-55.7453 172.652 -9.5467 -70.446661
-57.6094 174.1497 -9.6472 -70.431196
-59.246 175.273 -8.9172 -70.415839
-60.6519 176.3429 -7.7572 -70.400608
-61.8971 178.3631 -7.4187 -70.385505
-62.7492 180.6081 -7.5045 -70.370513
-63.9736 182.7158 -7.7021 -70.355668
-65.2308 184.8141 -7.6187 -70.340969
-66.7492 186.7003 -7.6491 -70.326418
-68.417 188.4651 -7.7574 -70.312003
-69.4591 190.6092 -7.7695 -70.297753
-69.6776 192.1396 -9.5531 -70.283599
-70.6232 193.0213 -8.854 -70.269432
-70.9662 193.1386 -6.4297 -70.255443
-71.4596 193.5338 -4.0639 -70.241632
-72.1758 195.2071 -3.9513 -70.228107
-73.6159 196.7389 -5.1111 -70.214758
-74.8609 198.522 -6.148 -70.20158
-75.7426 199.5734 -7.6936 -70.188551
-75.3694 199.5725 -10.1146 -70.175482
-74.4019 199.6256 -11.6143 -70.162762
-73.8016 200.0979 -9.3728 -70.150171
-74.5843 201.3776 -7.8285 -70.137788
-75.66 202.8847 -6.3385 -70.125574
-76.7569 204.7933 -5.2692 -70.11353
-77.7876 206.5222 -4.0466 -70.101619
-78.7815 208.5213 -3.0989 -70.089861
-29.3228 87.5393 7.4141 -70.80782
-29.9005 87.4969 9.1019 -70.794884
-30.4781 87.4545 10.7898 -70.782322
-31.0558 87.4122 12.4776 -70.770133
-32.2782 87.1841 13.3671 -70.758249
-33.8866 86.6278 13.8875 -70.746432
-35.2533 87.1539 14.4242 -70.734699
-35.8481 87.8038 15.3321 -70.723073
-36.8463 86.9864 16.4788 -70.711532
-38.3951 86.3544 16.7879 -70.700117
-40.0436 86.842 16.4412 -70.688831
-41.676 86.6973 15.7688 -70.677657
-43.0795 86.67 14.6822 -70.666623
-44.7397 86.6061 14.8133 -70.655734
-46.2784 86.3685 14.6265 -70.644993
-47.931 85.969 14.7511 -70.634422
-49.3382 85.0184 15.2541 -70.624008
-51.0157 84.5548 15.4912 -70.613765
-52.76 84.3802 15.7377 -70.603732
-54.4766 84.1118 16.1326 -70.593898
-56.1575 83.722 16.5614 -70.584255
-57.6854 83.1665 17.2616 -70.574815
-59.449 83.0129 17.2864 -70.565617
-61.2047 83.1213 17.0316 -70.556669
-62.4985 83.4162 16.057 -70.54795
-64.2493 83.561 15.9695 -70.539486
-65.9938 83.4285 15.6473 -70.531281
-67.7202 83.5173 15.2308 -70.523354
-69.055 83.036 14.2322 -70.515709
-69.8653 82.2066 12.9383 -70.508357
-71.0115 81.258 11.9738 -70.501324
-72.4278 80.4398 11.5445 -70.494599
-73.698 79.222 11.6667 -70.488217
-74.8344 77.8746 11.8888 -70.482197
-76.1909 76.8138 12.1994 -70.476505
-77.7152 76.0674 12.6693 -70.471178
-79.2241 75.3783 13.2714 -70.466234
-80.5771 74.3384 13.7242 -70.461678
-81.948 73.2954 14.1285 -70.457521
-83.3128 72.1963 14.4348 -70.453784
-84.2563 70.7511 14.49 -70.450464
-85.9688 70.3467 14.3507 -70.447581
-87.6869 70.083 14.43 -70.445152
-89.1236 69.3762 14.9056 -70.443181
-90.0942 69.1674 16.3612 -70.44168
-91.4773 68.4273 17.0893 -70.44067
-93.1744 68.4543 17.5737 -70.44016
17.4714 115.5383 -32.7054 -70.987639
18.7181 116.515 -32.6736 -70.980147
19.4474 117.9165 -32.6863 -70.972868
20.2746 119.2604 -32.6312 -70.965776
21.0837 120.5882 -32.4636 -70.958901
21.7758 121.9988 -32.2416 -70.952246
22.3094 123.4582 -32.1155 -70.945816
23.1409 124.8071 -32.0128 -70.939636
23.9385 126.1782 -31.9172 -70.933689
25.0849 127.2066 -31.902 -70.928018
25.7601 127.3047 -33.2559 -70.922562
26.628 127.211 -34.5602 -70.917377
27.4583 127.1967 -35.7592 -70.912515
28.395 127.5305 -34.6253 -70.907958
29.5644 128.205 -33.8463 -70.903733
30.5696 128.6374 -32.8152 -70.899815
32.0051 129.043 -32.2921 -70.896244
33.4128 129.4399 -31.6761 -70.893028
34.7649 130.0848 -31.1622 -70.89018
36.07 130.7044 -30.5266 -70.887708
37.2954 130.2845 -29.7509 -70.885618
38.6668 129.8544 -29.4393 -70.883921
40.0959 129.824 -28.9371 -70.882634
41.6596 129.7812 -29.1527 -70.881762
43.163 129.7557 -29.5887 -70.881321
37.3605 97.6671 -24.1386 -71.030429
38.5247 98.3419 -23.3011 -71.024271
39.4075 98.7958 -22.0704 -71.018313
39.7833 99.3954 -20.6642 -71.012571
39.86 99.407 -19.0804 -71.006994
40.1939 99.8932 -18.7303 -71.001732
40.4963 100.318 -20.2174 -70.996683
41.4643 101.4944 -20.1061 -70.991938
42.3976 102.7119 -19.7798 -70.987473
43.1049 104.0833 -19.5568 -70.983286
44.0865 105.3182 -19.6544 -70.979406
44.7899 106.7249 -19.7113 -70.975828
45.9094 107.8469 -19.694 -70.97257
47.0015 108.9935 -19.6267 -70.96964
47.4874 110.1272 -19.5101 -70.966971
47.4694 110.2183 -21.0953 -70.964407
47.4514 110.3094 -22.6805 -70.962276
47.4334 110.4005 -24.2657 -70.960574
47.4153 110.4915 -25.8509 -70.9593
47.3973 110.5826 -27.4361 -70.958452
47.3793 110.6737 -29.0213 -70.95803
-43.1464 107.2097 -8.6051 -70.846337
-44.2349 108.3552 -9.2701 -70.835044
-45.5183 109.1815 -10.1573 -70.823814
-46.5455 110.332 -10.9218 -70.812654
-47.6198 111.4497 -11.7523 -70.801573
-48.7733 112.6103 -11.9929 -70.790569
-49.0763 114.3515 -11.8794 -70.779638
-49.3422 116.0762 -11.586 -70.768818
-49.7822 117.0822 -10.2937 -70.758067
-50.4256 118.2912 -9.1739 -70.74742
-50.9978 119.2379 -7.7863 -70.736872
-51.2625 120.0244 -6.2601 -70.726409
-51.6654 121.1492 -4.9912 -70.716105
-51.9476 122.7357 -4.2703 -70.705927
-52.5998 124.2212 -3.6393 -70.69589
-53.274 125.7541 -3.0637 -70.686019
-53.9887 127.1954 -2.3704 -70.676301
-53.963 128.1021 -0.9245 -70.666645
-54.6255 128.6873 -0.6995 -70.657125
-55.0557 128.8462 -2.4173 -70.647748
-55.7093 129.6088 -3.8029 -70.638649
-56.3904 130.5701 -3.4395 -70.629731
-57.2397 131.7558 -2.5815 -70.621
-57.7383 132.4193 -1.0375 -70.612388
-58.1997 132.8604 0.5026 -70.604021
-59.135 134.2149 0.2827 -70.595903
-59.5411 135.9385 0.3726 -70.588027
-60.3211 137.5272 0.4547 -70.580391
-61.5615 138.7924 0.4272 -70.57301
-62.8427 140.0202 0.4049 -70.56587
-63.9756 141.337 0.4784 -70.558998
-65.5415 142.0698 0.6041 -70.552397
-66.8201 143.3029 0.6105 -70.546074
-67.9523 144.6731 0.6097 -70.539883
-69.0106 146.0943 0.6091 -70.534119
-69.7753 147.6531 0.6561 -70.528706
-69.9859 148.4831 2.1055 -70.523571
-70.4429 149.3779 3.3991 -70.51879
-71.6135 150.4383 2.691 -70.514361
-72.4835 151.5429 1.7355 -70.510286
-72.9227 152.8592 2.7049 -70.506563
-72.5877 154.4469 3.3601 -70.503218
-73.0119 156.1489 3.5593 -70.500252
-73.1545 157.8864 3.5882 -70.497683
-74.1953 159.319 3.6169 -70.495518
-74.932 160.9303 3.7174 -70.493765
-75.2192 162.6661 3.8423 -70.492438
-75.4158 163.3004 5.1393 -70.491527
-75.4017 163.5667 6.8972 -70.491065
-50.1374 90.531 -23.3634 -70.844191
-51.2673 90.8857 -22.5511 -70.833263
-52.7159 91.6607 -23.1098 -70.822446
-54.0702 92.6015 -23.357 -70.811713
-55.4386 93.0469 -22.4458 -70.80108
-56.998 93.6059 -21.9041 -70.790542
-58.5673 94.2413 -21.5078 -70.780125
-59.4515 94.8578 -20.2839 -70.769747
-60.3751 95.9904 -19.3491 -70.759577
-61.639 96.317 -18.2753 -70.749521
-62.5765 96.8459 -17.7339 -70.739605
-63.9654 97.6322 -17.7098 -70.729813
-65.6166 98.1559 -17.9424 -70.720178
-67.3141 98.5251 -18.0363 -70.710695
-68.9906 98.999 -17.9141 -70.701407
-70.4527 99.8368 -17.5623 -70.69228
-71.8636 100.5751 -16.8437 -70.683348
-73.2945 101.1084 -16.0241 -70.674617
-74.8032 101.5319 -15.3155 -70.666088
-76.2937 102.0431 -14.7677 -70.657772
-76.9439 103.3194 -13.9021 -70.649672
-77.7853 104.5384 -13.0235 -70.641804
-79.1174 105.4827 -13.5256 -70.6342
-80.5678 106.3785 -13.889 -70.626843
-81.9123 107.4474 -14.0602 -70.619778
-82.892 108.884 -14.1362 -70.612974
-83.7902 110.3676 -14.0768 -70.606446
-84.9748 111.6284 -13.8567 -70.600234
-86.2002 112.6963 -13.3076 -70.594303
-87.0479 113.9279 -12.479 -70.588689
-87.7411 115.4304 -11.9657 -70.583416
-88.823 116.6812 -11.5653 -70.578482
-89.4834 118.0465 -10.8065 -70.573892
-90.0558 119.4566 -9.9504 -70.569658
-90.8226 120.9302 -9.4429 -70.565806
-91.9586 122.2396 -9.3374 -70.562342
-92.8888 123.6775 -9.6286 -70.55927
-93.6083 125.2344 -9.9613 -70.556602
-94.4583 126.6908 -10.3334 -70.554353
-95.6371 127.179 -11.2403 -70.552522
-96.5223 128.3643 -11.7434 -70.551136
-97.3565 129.8343 -11.9607 -70.550201
-98.0187 131.4271 -12.0082 -70.549728
-44.8397 82.3848 -0.1022 -70.910779
-45.6858 82.6745 1.4762 -70.899914
-47.0854 83.466 2.0376 -70.889144
-47.9154 84.1261 0.6038 -70.878375
-48.4536 84.4912 -1.1078 -70.86769
-49.4629 84.7481 -2.3216 -70.857073
-50.8487 85.4683 -2.9272 -70.846497
-51.3634 86.2483 -4.138 -70.83589
-51.1604 85.8865 -5.9031 -70.825364
-51.4147 86.3329 -4.63 -70.814871
-51.3753 86.9211 -3.2026 -70.804522
-51.6511 88.546 -2.6095 -70.794265
-52.0008 89.4665 -3.9264 -70.783999
-52.6137 90.8015 -4.1725 -70.773855
-53.4473 92.4123 -3.9386 -70.763779
-53.8653 94.1635 -3.6555 -70.753783
-53.9519 95.9277 -3.215 -70.743862
-54.3051 97.4953 -2.5507 -70.73402
-54.5625 98.6898 -1.1952 -70.724296
-54.547 99.8234 0.1762 -70.714644
-54.2907 100.3598 1.9096 -70.705067
-54.7709 101.2087 3.4194 -70.695665
-54.4328 101.9413 3.8933 -70.686407
-53.0212 101.1678 3.092 -70.677273
-52.5222 101.109 4.5528 -70.668204
-54.1846 101.7537 4.4499 -70.659315
-55.6576 102.8136 4.5394 -70.650571
-56.499 104.3974 4.7059 -70.641966
-56.8786 106.1716 4.8788 -70.633502
-56.4546 107.8733 4.5587 -70.625199
-55.6814 109.1098 4.4339 -70.616983
-55.7928 109.3656 6.2457 -70.608794
-56.2213 109.7146 7.7986 -70.600955
-55.5336 111.171 7.9788 -70.5933
-57.2605 111.7016 8.1166 -70.585843
-58.1121 113.2561 8.4551 -70.578564
-58.5985 114.919 9.0311 -70.571475
-59.6859 116.036 9.8099 -70.564617
-59.434 116.5435 10.5662 -70.557944
-59.3051 118.1105 11.4366 -70.551496
-59.9415 119.6907 12.0733 -70.545255
-60.8614 121.156 12.3489 -70.539259
-61.607 122.4945 11.39 -70.53348
-62.1797 124.0961 10.8491 -70.527955
-62.6253 125.8486 10.8404 -70.522686
-62.2188 127.4063 11.6395 -70.517675
-61.8461 129.0333 12.3882 -70.512932
-62.5327 130.6886 12.3999 -70.508461
-62.936 132.4579 12.2088 -70.50426
-63.3234 134.2117 11.8803 -70.500335
-63.6303 135.945 11.5157 -70.496704
-63.951 136.5199 9.8435 -70.493345
-64.1784 137.2406 8.1925 -70.490301
-64.0694 138.3872 6.7995 -70.48758
-64.3697 140.0086 6.0583 -70.485169
-64.8732 141.6033 5.322 -70.483088
-65.5178 142.5596 4.0703 -70.48133
-65.7682 143.1976 5.3492 -70.479907
-66.7186 144.3442 5.8832 -70.478832
-67.5125 145.9488 6.0337 -70.478108
-68.2142 147.6123 6.0332 -70.477743
-36.2134 93.2108 29.5751 -70.937477
-36.6635 94.7733 29.8902 -70.929535
-36.9263 96.2364 30.4302 -70.921743
-37.1622 97.773 30.8495 -70.914087
-37.5529 99.3568 31.1525 -70.906571
-37.9173 100.9487 31.3678 -70.899243
-38.3971 102.525 31.406 -70.892068
-38.3118 104.182 31.3802 -70.885086
-38.3833 105.841 31.3619 -70.878294
-38.5184 107.493 31.3513 -70.871693
-38.1793 109.1047 31.3065 -70.865293
-37.694 110.6348 31.1726 -70.859119
-37.4366 112.1749 31.1742 -70.853155
-36.4341 113.3684 31.2349 -70.847404
-35.2673 114.4885 31.1966 -70.841899
-35.1913 116.0244 31.322 -70.836642
-36.1323 117.264 31.8032 -70.831635
-36.1013 118.8174 31.8898 -70.826888
-35.2737 120.1279 31.585 -70.822418
-34.1912 121.3196 31.36 -70.818227
-33.7141 122.9011 31.2289 -70.814342
-33.0667 124.4147 31.1658 -70.810756
-32.8786 126.0601 31.1275 -70.807488
-32.0835 127.4884 31.1247 -70.804549
-31.8296 129.12 31.1246 -70.801938
-31.1422 130.5851 30.9859 -70.799675
-30.3228 131.8477 30.3079 -70.79776
-29.6856 132.4849 28.9766 -70.796203
-29.0719 133.0333 27.5676 -70.795017
-28.0844 133.7856 27.8775 -70.794218
-27.152 134.469 28.6173 -70.793814
68.8569 88.73 19.5506 -71.198855
69.4626 89.4871 18.5505 -71.190379
69.8694 90.2922 17.5312 -71.182051
70.1133 90.9732 19.0619 -71.173833
70.2522 92.4115 19.6157 -71.165794
70.8156 93.9888 19.8859 -71.157913
70.9233 95.5529 19.5992 -71.150169
71.3862 97.0655 19.4044 -71.1426
72.5006 98.2929 19.6588 -71.135221
72.7344 99.9408 19.94 -71.128008
72.932 101.5833 19.995 -71.120976
72.4313 103.198 19.9089 -71.114136
71.8799 104.7873 20.0008 -71.107518
71.5282 106.416 19.8144 -71.101098
71.2624 108.037 19.4849 -71.094904
70.3107 109.3594 19.2993 -71.088963
69.2896 110.7156 19.219 -71.083266
68.8552 112.3448 19.1576 -71.077826
68.8224 113.8606 18.9579 -71.072652
69.0085 114.8834 18.0264 -71.067732
68.8524 116.0924 16.8932 -71.063096
69.7271 117.2159 15.9694 -71.058749
70.0973 118.581 15.0882 -71.054714
70.8674 119.2691 13.939 -71.050972
70.3855 118.9765 13.515 -71.04757
69.9666 118.6726 13.3866 -71.044473
70.2125 118.847 11.7059 -71.041681
70.4357 118.9096 10.8982 -71.039295
70.1867 118.7318 12.5649 -71.037251
69.521 118.6003 13.8778 -71.035618
69.0153 119.2849 13.1332 -71.03438
69.8993 119.8704 11.9133 -71.033542
70.2963 119.9515 10.2866 -71.033116
95.5228 3.6634 18.9207 -71.38362
95.9521 3.5018 19.9853 -71.38322
96.3294 3.3373 21.069 -71.383016
-41.3421 222.5153 -25.6062 -69.07473
-42.702 224.1478 -25.2091 -69.057206
-44.2458 225.1088 -24.0553 -69.04006
-45.8189 226.0665 -23.0056 -69.023301
-47.3319 227.1224 -21.9872 -69.006908
-48.8138 228.7344 -21.8003 -68.990865
-50.1281 230.4969 -21.9165 -68.975146
-51.8278 231.7383 -22.0527 -68.959716
-52.8158 233.6774 -22.1145 -68.944541
-53.0724 235.6787 -22.1684 -68.932373
-53.6815 237.6012 -22.215 -68.923189
-54.8336 239.2327 -22.1693 -68.914222
-55.9455 240.9107 -22.1307 -68.905457
-56.8959 242.6769 -22.2538 -68.896874
-57.6448 244.0732 -23.1351 -68.888456
-57.9004 245.3567 -24.6431 -68.880203
-58.5973 247.0318 -25.4177 -68.872117
-59.3933 248.8468 -25.6686 -68.86418
-60.5485 250.492 -25.7129 -68.856381
-62.0102 251.8694 -25.795 -68.84871
-63.5819 251.7041 -25.7766 -68.841162
-65.1861 252.5294 -25.4878 -68.833723
-66.5361 253.7075 -24.6451 -68.826396
-67.4482 255.4346 -24.2826 -68.819172
-68.0616 257.3349 -24.0645 -68.812051
-69.279 258.781 -24.0213 -68.805037
-70.6709 260.1778 -24.061 -68.798112
-71.4436 262.0159 -24.0595 -68.791285
-72.8554 263.4363 -23.888 -68.784555
-74.3055 264.6952 -23.3614 -68.777921
-75.6104 266.0079 -22.6232 -68.771372
-76.4194 267.7709 -22.2236 -68.7649
-77.0046 269.6763 -21.989 -68.758523
-77.6943 271.5617 -21.8675 -68.75224
-78.0414 273.5421 -21.7862 -68.746043
-78.9873 275.301 -21.7403 -68.739937
-80.3424 276.7952 -21.6879 -68.733925
-81.6546 278.3163 -21.6068 -68.728008
-83.1583 279.5974 -21.7854 -68.722186
-84.8953 280.6045 -21.8472 -68.716455
-86.7025 281.4584 -21.6828 -68.710818
-87.8751 282.8646 -21.0904 -68.705274
-89.4892 283.7967 -20.5891 -68.699827
-91.1007 284.9601 -20.5677 -68.694489
-92.4107 286.2858 -21.1453 -68.689242
-94.0557 286.9976 -21.9919 -68.684106
-95.7101 288.0996 -22.2545 -68.679074
-97.3406 289.2852 -22.2657 -68.674154
-98.976 289.9877 -22.9029 -68.66934
-100.2796 290.7986 -23.6291 -68.664637
-101.4799 291.8038 -22.4899 -68.660043
-103.036 292.9887 -22.0284 -68.655571
-104.6892 294.1312 -21.8834 -68.65122
-106.3559 295.2232 -22.151 -68.646989
-107.8941 296.3493 -22.6692 -68.642885
-109.1385 297.4951 -23.597 -68.638902
-110.8652 298.494 -23.4597 -68.635054
-112.4721 299.5248 -23.016 -68.631332
-113.8772 300.6139 -22.2042 -68.627744
-115.339 301.8994 -21.8314 -68.624292
-116.6463 303.427 -21.784 -68.62098
-117.9037 305.0024 -21.8441 -68.617806
-119.0254 306.6607 -22.003 -68.61477
-119.7365 308.5266 -22.2827 -68.61188
-120.0458 309.7921 -21.1758 -68.60912
-120.3335 310.3959 -19.2752 -68.606517
-120.8092 311.2425 -17.5331 -68.604068
-121.3861 312.9361 -16.6595 -68.601774
-122.3666 314.5966 -16.303 -68.59964
-123.445 316.2788 -16.4754 -68.597657
-124.5125 317.8962 -16.7048 -68.595834
-124.8879 318.6378 -14.9021 -68.594158
-124.9811 319.1413 -12.9496 -68.592643
-125.2786 319.7061 -11.0358 -68.59129
-125.7833 320.5605 -9.2875 -68.590107
-126.7853 321.2272 -7.7186 -68.589091
-128.1198 321.7372 -6.5853 -68.588237
-129.5338 322.6762 -5.6435 -68.587551
-130.8033 322.8583 -4.1103 -68.587029
-132.3486 322.5617 -2.9424 -68.586676
-133.5223 321.7567 -2.2514 -68.586489
-134.4075 321.0203 -3.7194 -68.58647
-136.141 320.0633 -3.704 -68.586618
-137.9234 319.2453 -3.5128 -68.586933
-139.8153 319.4438 -3.03 -68.587419
-141.7336 319.7231 -2.5415 -68.588065
-143.2992 318.8382 -1.8198 -68.588872
-143.6324 318.198 -3.1912 -68.589846
-144.6494 318.183 -2.5451 -68.590982
-145.6029 318.7473 -1.0864 -68.59227
-147.1116 319.1677 -0.0827 -68.593711
-149.0143 318.6505 0.3041 -68.595303
-150.835 317.9416 0.6531 -68.597038
-152.6003 318.3043 1.3039 -68.598913
-154.255 319.2248 1.8195 -68.60092
-156.1347 319.0641 1.3765 -68.603054
-157.9479 318.8394 0.6505 -68.605308
-159.8193 318.2421 0.4855 -68.607677
-161.6982 318.4908 0.8126 -68.610145
-163.3502 318.4678 1.946 -68.612707
-164.7917 318.8721 3.1901 -68.615351
-166.0348 318.4651 4.5448 -68.618061
-167.2051 317.7036 5.9108 -68.620825
-168.6856 318.3603 6.972 -68.623627
-170.5746 318.3686 7.6324 -68.626454
-172.4422 318.8037 8.0573 -68.629282
-173.7745 319.4811 7.41 -68.632111
-175.2708 319.8181 6.8918 -68.634904
-176.3866 321.0401 7.8064 -68.637648
-178.1084 321.388 8.4289 -68.640326
-179.8667 322.3331 8.1901 -68.642909
-181.7338 322.9719 7.9865 -68.64538
-183.2047 324.2061 7.6173 -68.64772
-184.6529 324.5109 6.7583 -68.649907
-186.4765 324.882 7.4149 -68.651919
-188.3601 325.5005 7.7542 -68.653734
-190.207 326.2741 7.8586 -68.655336
-191.8555 326.4884 7.2737 -68.656707
-192.3011 326.2807 5.3327 -68.657847
-192.4569 326.3027 3.3202 -68.658743
-192.6127 326.3246 1.3078 -68.659344
-192.7684 326.3466 -0.7047 -68.659646
-53.5618 234.7518 -22.4056 -68.933845
-55.3696 234.7358 -22.9279 -68.92773
-57.1775 234.7198 -23.4502 -68.921981
-58.9758 234.7413 -23.9753 -68.916577
-60.5834 235.6616 -24.1049 -68.911448
-62.2107 236.6032 -24.0421 -68.906541
-63.9306 237.3539 -24.0447 -68.901861
-65.5569 238.2591 -24.1396 -68.897378
-67.3063 238.9314 -24.1596 -68.893102
-68.8366 239.9978 -24.0522 -68.889004
-70.5332 240.314 -23.7713 -68.885088
-72.1779 239.7124 -23.3677 -68.881341
-73.9055 239.067 -23.0743 -68.877759
-75.764 238.9129 -23.0612 -68.874334
-77.5069 238.4311 -23.4834 -68.871059
-79.2728 238.5078 -23.5052 -68.867931
-81.0101 239.1307 -23.2489 -68.864944
-82.8258 239.4159 -22.9537 -68.862097
-84.5254 239.9346 -22.4418 -68.859387
-86.2406 240.0396 -21.7161 -68.856806
-87.8568 239.8217 -20.9364 -68.854356
-89.3552 239.6723 -19.8507 -68.852032
-90.7771 239.8281 -18.7653 -68.849836
-92.3262 239.5258 -18.0598 -68.847765
-94.0855 240.1028 -17.7873 -68.845821
-95.877 240.5966 -17.5579 -68.844
-97.6988 241.0591 -17.507 -68.8423
-99.53 241.4724 -17.4393 -68.840724
-101.2527 242.1681 -17.1773 -68.83927
-102.8299 242.815 -16.4434 -68.837938
-104.4569 243.5931 -15.9937 -68.83673
-106.2956 243.7075 -16.104 -68.835642
-107.1732 243.8399 -14.6775 -68.83467
-108.3872 244.3725 -13.7017 -68.833824
-109.3454 245.4642 -12.5807 -68.833101
-110.5466 246.5332 -11.6213 -68.8325
-112.0874 247.1 -10.9503 -68.832022
-112.6927 248.1713 -9.7197 -68.831665
-113.85 248.7857 -8.6033 -68.831431
-114.9422 250.1535 -8.2414 -68.83132
-115.3929 251.8689 -7.6387 -68.83133
-116.4822 252.9605 -6.8157 -68.831462
-117.371 253.2374 -5.1806 -68.831715
-118.358 253.8356 -3.7152 -68.832088
-119.4595 254.4678 -2.3971 -68.83258
-120.9563 255.2641 -1.6822 -68.83319
-122.5163 255.9458 -1.0086 -68.833916
-123.9831 256.9071 -0.452 -68.834758
-124.7954 257.8348 0.9161 -68.835713
-125.65 259.0549 2.0473 -68.836778
-126.8265 260.4562 2.1583 -68.837952
-128.2898 261.2032 2.616 -68.839235
-129.0334 261.3894 4.2611 -68.840622
-129.2473 261.2649 6.1105 -68.842157
-129.4022 261.1437 7.9821 -68.843761
-129.5576 261.0229 9.8536 -68.845426
-129.7512 260.9235 11.7229 -68.847217
-129.9463 260.825 13.592 -68.849063
-130.1515 260.7135 15.4586 -68.850946
-130.5488 260.346 17.2477 -68.852884
-131.604 259.0778 18.099 -68.854859
-132.4067 258.2916 19.5872 -68.856874
-133.3932 257.3081 20.8241 -68.858915
-133.8044 256.3522 22.376 -68.86097
-134.6418 255.2368 23.5911 -68.863028
-135.4197 253.8392 24.4892 -68.865077
-135.7 253.4829 26.3153 -68.867111
-136.3101 252.641 27.7577 -68.869102
-136.3201 251.3179 26.4825 -68.871039
-136.8701 249.6435 26.0944 -68.872915
-137.7175 248.1362 25.6627 -68.874708
-137.6045 246.4619 25.1316 -68.876399
-137.2893 245.0053 24.2243 -68.877977
-136.6215 243.4615 23.4192 -68.879432
-135.6446 241.9497 22.8735 -68.880765
-135.3758 240.4199 22.4018 -68.881925
-136.1869 239.3032 23.0344 -68.882918
-136.341 238.0644 24.2021 -68.883732
-136.433 236.6369 25.3143 -68.884355
-136.6008 234.8539 25.6617 -68.884777
-137.1474 233.4458 25.0869 -68.884992
-10.2537 234.1313 -65.7936 -69.021907
-11.9535 235.2244 -65.4206 -69.009537
-13.2513 236.4124 -64.5554 -68.997637
-13.9825 238.2182 -64.0036 -68.986175
-13.9675 239.4333 -65.1657 -68.975104
-14.1745 240.8047 -66.5759 -68.964464
-14.74 242.3781 -67.763 -68.954204
-15.0167 243.3075 -69.5586 -68.944279
-14.9973 244.3966 -71.2899 -68.934705
-15.4806 245.6013 -72.6631 -68.925446
-16.6681 247.206 -72.2066 -68.916478
-17.3029 249.0449 -71.7718 -68.907766
-18.6676 250.382 -71.3338 -68.899299
-19.6799 251.0982 -72.0439 -68.891046
-20.4939 252.2385 -73.4165 -68.882975
-21.5912 252.7618 -72.8895 -68.876007
-21.9596 252.8176 -71.2713 -68.870169
-22.6797 254.2973 -71.5196 -68.864462
-23.6039 255.7577 -72.0067 -68.858883
-24.5721 257.236 -72.2298 -68.853417
-26.0105 258.3101 -72.2446 -68.848061
-27.3761 259.4599 -72.2196 -68.842811
-28.9516 260.3257 -72.2375 -68.837606
-30.5102 261.2195 -72.2945 -68.832566
-31.595 262.5637 -72.7018 -68.827627
-32.6547 263.9941 -72.7006 -68.822784
-33.5598 265.5319 -72.4801 -68.818038
-34.5952 266.9872 -72.4053 -68.813385
-35.2782 268.5959 -72.3691 -68.808816
-36.5462 269.7783 -72.1737 -68.804348
-37.8737 270.872 -71.8225 -68.799973
-38.8876 272.2418 -71.3145 -68.795689
-39.6217 273.7558 -70.7585 -68.791494
-40.6535 274.9959 -70.0158 -68.787393
-42.0534 275.9829 -69.5331 -68.783379
-43.5846 276.8719 -69.3005 -68.779465
-45.0655 277.8565 -69.4958 -68.775639
-45.946 279.1186 -68.7677 -68.771908
-45.8345 280.5644 -67.9551 -68.76827
-46.196 282.2235 -68.3906 -68.76473
-46.2456 283.784 -69.1293 -68.761288
-45.9356 284.9029 -69.4775 -68.757941
-46.3572 283.3243 -69.8414 -68.754686
-47.6385 284.0096 -69.6263 -68.751518
-47.8598 285.27 -68.7781 -68.748466
-47.9763 286.6481 -67.6615 -68.745517
-48.0018 287.8134 -66.394 -68.742671
-49.296 287.3623 -65.4888 -68.739935
-50.1432 286.6731 -64.1653 -68.737315
-50.2434 286.1704 -62.4405 -68.734797
-51.2742 284.9264 -61.8207 -68.732404
-52.8421 284.4426 -61.0987 -68.730126
-53.9107 283.6653 -60.0279 -68.727967
-54.752 283.3629 -58.5184 -68.725923
-55.6511 282.4981 -57.2933 -68.724007
-56.6242 281.93 -56.0196 -68.722217
-57.9991 281.9695 -54.8908 -68.72055
-59.0837 282.3361 -53.8941 -68.719012
-60.0943 282.1643 -52.7677 -68.7176
-61.4419 281.5155 -51.8651 -68.716321
-62.8626 280.827 -51.0501 -68.715173
-64.2795 280.6349 -50.0042 -68.714158
-65.804 280.5238 -49.0693 -68.713278
-66.7885 280.054 -47.7484 -68.712532
-67.9789 279.2336 -46.7905 -68.711922
-68.6552 278.446 -45.3481 -68.711449
-69.0138 277.9753 -43.6489 -68.711114
-69.4167 276.9949 -42.4398 -68.710918
-69.8247 275.5947 -42.5008 -68.710861
-70.268 276.0815 -42.6582 -68.710943
-70.9242 276.409 -41.0457 -68.711165
-71.4032 276.5871 -39.3203 -68.711525
-72.2724 276.7647 -38.0281 -68.712023
-73.2041 276.1685 -36.6914 -68.712658
-74.2918 275.5936 -35.4399 -68.713428
-75.425 274.8456 -34.2803 -68.714335
-76.9255 274.2886 -33.5609 -68.715374
-77.3251 274.3933 -31.9623 -68.716544
-77.3839 274.0953 -31.6173 -68.717854
-77.9259 274.1693 -30.1943 -68.719287
-79.5493 274.0847 -29.6223 -68.720837
-80.9279 274.149 -28.5263 -68.722505
-82.1503 274.2888 -27.2947 -68.724282
-83.1333 274.5631 -25.8399 -68.726168
-83.3586 274.0993 -24.1212 -68.728159
-83.4086 273.3363 -22.4949 -68.730237
-83.5601 272.816 -20.7795 -68.732407
-83.7705 272.4678 -19.0265 -68.734654
-84.0593 272.0789 -17.2937 -68.736959
-84.2893 271.7437 -15.5414 -68.739323
-84.9661 271.1706 -14.2656 -68.741716
-86.4465 270.5588 -13.5443 -68.744136
-87.5224 269.4821 -12.7644 -68.746571
-88.5863 270.2836 -13.3628 -68.749007
-89.344 271.7765 -13.8414 -68.751432
-90.7295 272.8654 -14.017 -68.753863
-92.0012 274.1345 -14.1202 -68.756232
-93.0728 275.5655 -14.188 -68.758516
-94.4803 276.5793 -14.1262 -68.760719
-96.2029 276.3016 -13.7358 -68.762823
-97.8612 276.4416 -13.1634 -68.76481
-99.2225 277.2086 -12.3487 -68.766662
-100.7724 276.7787 -11.5881 -68.768366
-102.4856 276.8416 -11.2384 -68.769902
-104.2435 277.0799 -11.3594 -68.771257
-105.8758 277.7134 -11.5089 -68.772413
-106.978 278.2571 -10.6069 -68.77336
-108.7214 278.4008 -10.5748 -68.774084
-110.1714 278.7473 -11.3411 -68.774574
-111.6618 279.6815 -11.4564 -68.774823
-21.5015 253.5088 -73.309 -68.877926
-22.5942 254.3623 -72.684 -68.875985
-23.4363 255.5756 -72.2611 -68.874275
-23.7952 256.2196 -73.6016 -68.872772
-24.1958 256.9175 -74.8973 -68.871484
-24.5102 257.2028 -76.431 -68.870389
-25.2575 257.9568 -77.5755 -68.869491
-25.9832 258.9049 -78.6121 -68.868776
-26.7351 259.8964 -79.3372 -68.868242
-27.7754 261.0706 -79.3699 -68.867884
-28.1276 262.1418 -78.3341 -68.867705
-14.415 228.9869 -63.4499 -69.029767
-16.1331 229.4489 -63.5343 -69.021305
-17.7421 230.1331 -63.7219 -69.013341
-19.4067 230.7023 -63.8399 -69.005871
-20.8995 231.6241 -63.8754 -68.998873
-22.4197 232.5434 -63.927 -68.992316
-23.9779 232.9794 -64.5409 -68.986188
-25.5926 233.2447 -65.0739 -68.980451
-27.3372 233.3731 -65.393 -68.975102
-29.108 233.4677 -65.4659 -68.970114
-30.8642 233.5427 -65.402 -68.965463
-32.3482 234.4256 -65.4518 -68.961137
-33.9347 234.8444 -64.9779 -68.957107
-35.6107 235.0483 -64.5372 -68.953358
-37.2988 235.2219 -64.5195 -68.949875
-38.3854 235.5894 -65.5655 -68.94663
-39.1438 235.7555 -64.0699 -68.943615
-40.4342 236.3585 -64.9633 -68.940825
-41.6538 237.408 -65.4996 -68.938239
-43.3197 237.9738 -65.7908 -68.93585
-45.0712 238.2644 -65.9288 -68.933645
-46.7994 238.6788 -65.9135 -68.931612
-48.5481 238.9796 -65.7557 -68.929739
-50.2593 239.3638 -65.4708 -68.928023
-51.9541 239.818 -65.3779 -68.92645
-53.6581 240.3081 -65.5616 -68.925017
-55.3649 240.7618 -65.7517 -68.923714
-56.9242 241.5359 -65.9538 -68.922533
-58.6438 241.8319 -66.2728 -68.921472
-59.9936 242.7156 -66.7405 -68.920521
-60.984 243.7818 -67.5294 -68.919675
-62.0855 245.146 -67.6347 -68.918928
-62.592 246.8516 -67.5474 -68.918275
-63.6958 248.1812 -67.3534 -68.917709
-65.3602 248.1365 -67.1819 -68.917224
-66.6185 247.2528 -66.7907 -68.916815
-68.2827 246.701 -66.9975 -68.916474
-69.0056 246.5375 -67.1182 -68.916199
-69.4149 247.1923 -66.2178 -68.91598
-70.5685 248.2104 -65.6787 -68.915814
-72.1021 248.9573 -65.1628 -68.915693
-73.5226 249.8734 -64.6789 -68.915613
-74.9049 250.917 -64.2744 -68.915565
-76.1941 252.0464 -63.8017 -68.915546
-77.6751 252.694 -63.2164 -68.915549
-78.9054 253.7897 -63.1101 -68.915568
-80.0531 255.1107 -63.1909 -68.915598
-81.4092 256.2087 -63.4316 -68.915635
-83.1166 256.5971 -63.7243 -68.915673
-84.8053 256.9649 -63.8465 -68.91571
-86.3232 257.8036 -63.7447 -68.91574
-88.0463 257.7843 -63.4146 -68.915762
-89.5568 258.6367 -63.0658 -68.915774
-79.8558 209.6969 -1.6956 -70.079596
-80.9345 210.9313 -0.8747 -70.071102
-81.8718 212.3265 -0.0936 -70.062975
-83.0145 213.649 0.4105 -70.055205
-83.35 215.4299 0.5242 -70.047777
-84.7236 216.0877 0.5245 -70.040679
-85.8365 216.8501 1.5461 -70.033886
-86.4751 218.3432 2.3648 -70.027423
-87.6889 219.3419 3.0091 -70.021261
-89.3832 219.625 3.5112 -70.015395
-90.5679 220.9942 3.9392 -70.009801
-91.9993 222.1339 4.2769 -70.004476
-93.1066 223.0567 5.3451 -69.99939
-94.2451 224.3484 6.04 -69.994538
-95.1955 225.7846 6.6504 -69.98992
-96.1469 227.1811 6.1703 -69.985524
-97.5307 228.1499 5.5656 -69.981327
-97.6555 229.6726 4.5217 -69.977322
-98.2632 230.7709 4.9578 -69.973498
-99.4213 231.1534 5.7424 -69.969862
-100.7458 231.4122 4.7237 -69.966396
-101.8502 232.6408 4.2535 -69.963101
-103.1436 233.9354 4.0273 -69.959967
-104.4921 234.4164 4.8558 -69.956991
-105.6117 233.6885 5.7966 -69.954149
-106.7274 232.3194 6.4016 -69.951427
-107.441 230.7522 6.8747 -69.948885
-107.4488 229.0255 7.5014 -69.946487
-107.9411 227.3511 8.131 -69.944231
-107.0902 226.8712 8.9862 -69.942107
-106.1496 226.513 10.1833 -69.94009
-105.9516 226.2598 12.0223 -69.938203
-105.4787 225.2922 12.0054 -69.936454
-105.2249 224.5846 10.2988 -69.934828
-104.7784 223.6625 9.5999 -69.933333
-104.7066 222.6921 11.0296 -69.931954
-105.026 220.965 11.6033 -69.930697
-104.6066 219.9029 12.8153 -69.929555
-103.3942 219.8352 14.0764 -69.928526
-104.3073 219.9043 13.553 -69.927609
-105.885 218.9419 13.3792 -69.9268
-107.2676 218.4747 12.6842 -69.926096
-108.1193 218.5469 11.0406 -69.925491
-108.3962 219.4541 11.7193 -69.924987
-109.0143 219.6825 13.4653 -69.924575
-109.7221 219.9831 15.1561 -69.924256
-110.6667 219.9703 16.4989 -69.924023
-112.0003 218.9022 16.8845 -69.92387
-113.4433 217.9794 16.4775 -69.923792
-114.7081 217.1333 15.6968 -69.923782
-115.2947 216.7255 13.9743 -69.923836
-115.5962 216.7912 12.1637 -69.923946
-115.7677 217.1126 10.3327 -69.924105
-115.4309 217.0746 11.1227 -69.924304
-116.1181 217.6962 12.116 -69.924543
-117.3855 218.3763 13.3061 -69.924805
-118.8798 218.8959 14.099 -69.92508
-120.5533 219.5755 14.5055 -69.925363
-122.3465 220.0233 14.7431 -69.925647
-124.1585 220.1151 14.949 -69.925925
-125.565 221.2324 14.8597 -69.926189
-126.6064 222.7478 14.7267 -69.926431
-127.1945 224.5052 14.537 -69.926645
-127.9351 226.1832 14.2547 -69.926825
-129.0224 227.5634 14.5865 -69.926966
-130.1181 229.0198 14.5982 -69.927063
-131.2201 230.4645 14.2522 -69.927112
47.5528 -96.076 13.5667 -75.996718
47.0015 -95.2803 13.5986 -75.996885
46.7344 -94.3274 13.6342 -75.996966
27.7081 -94.2683 18.8592 -76.067201
26.226 -93.6204 19.8024 -76.067615
24.7439 -92.9726 20.7456 -76.067894
23.2618 -92.3248 21.6888 -76.068068
23.8038 -92.3745 21.7835 -76.068151
54.7481 -88.0637 17.871 -75.950397
97.3169 -66.6493 31.3652 -75.88619
99.3506 -67.4491 30.897 -75.886511
101.3843 -68.2489 30.4289 -75.886746
103.4181 -69.0488 29.9607 -75.886917
105.4518 -69.8486 29.4925 -75.887037
104.935 -70.7499 28.9784 -75.887114
104.6139 -70.6388 26.7694 -75.887151
96.937 -66.473 30.8282 -75.886025
44.0154 -65.7095 15.6069 -75.806069
44.0102 -66.3692 14.8486 -75.806282
44.1586 -67.2141 14.3402 -75.806386
-4.665 -9.0685 -0.0051 -72.181433
-3.3078 -10.3003 -0.0154 -72.353573
-1.9532 -11.5348 -0.0257 -72.525137
-0.7426 -12.7803 -0.0459 -72.808639
0.4334 -13.9291 -0.0935 -73.200479
1.4466 -15.2471 -0.185 -73.585951
3.5554 -27.7322 1.4257 -74.124764
8.6107 -41.3653 6.7974 -74.550912
22.8794 -62.2772 10.5055 -75.360576
26.4745 -64.8588 13.9793 -75.46779
29.0535 -67.1183 14.3116 -75.535485
42.1418 -73.5431 16.2509 -75.76835
47.2069 -85.1931 18.1557 -75.921632
44.6639 -89.9679 15.7857 -75.974217
47.7449 -96.3203 13.6398 -75.995019
78.4149 -177.3628 14.5582 -76.129042
95.2227 -265.7699 17.0719 -76.207669
48.1056 -320.1106 18.1187 -76.251053
-10.9476 -383.6056 22.9817 -76.270441
-40.36 -432.7473 17.7175 -76.271223
28.7834 -94.5812 17.274 -76.060297
14.3097 -106.6143 20.8227 -76.118264
2.7577 -126.0427 26.0848 -76.154156
-45.0792 -189.1405 27.4734 -76.194036
30.9775 -170.2053 31.4202 -76.167966
28.3969 -94.5693 18.0599 -76.065646
-40.2348 -104.2908 -5.8163 -76.163087
-111.9958 -139.102 2.509 -76.201786
54.6562 -87.9717 17.7384 -75.948485
111.8824 -135.9529 29.1893 -76.106588
164.8572 -185.7356 20.1853 -76.187016
213.7243 -226.7876 32.011 -76.217714
43.9697 -65.4565 15.7766 -75.803722
45.5333 -62.1584 17.8534 -75.817108
96.2419 -66.2233 31.6259 -75.885782
2.1326 -22.0656 -2.5814 -73.953298
6.2653 -35.3706 6.4938 -74.352789
8.3143 -40.7868 6.7183 -74.712386
15.4942 -50.7521 4.9673 -74.979196
19.5156 -57.7327 7.1557 -75.230404
24.2121 -63.3654 12.9105 -75.415386
27.7984 -65.9637 14.1964 -75.502251
35.2991 -71.3414 15.5234 -75.656357
45.9552 -78.4006 18.2802 -75.849537
45.9541 -87.9136 17.638 -75.948988
46.0845 -93.1486 14.7482 -75.98717
52.1518 -103.9606 11.3242 -76.013688
58.8833 -119.603 12.0998 -76.042261
62.6461 -133.0235 18.7767 -76.068814
68.7987 -150.479 18.27 -76.094203
75.478 -168.4071 16.0379 -76.118094
80.7201 -186.7623 13.7215 -76.139932
86.0397 -202.1519 18.4658 -76.156492
88.9594 -219.8372 14.0604 -76.172027
92.3483 -238.1707 14.3683 -76.1871
94.4112 -256.1543 16.5595 -76.201388
95.282 -267.4858 16.3224 -76.213909
95.3059 -280.3632 10.9397 -76.222807
82.392 -291.8157 13.1552 -76.231253
66.6134 -301.8126 13.5179 -76.239709
55.8832 -314.8401 17.1156 -76.247825
42.621 -325.3136 19.0805 -76.254238
32.9705 -340.7608 23.6528 -76.258022
23.9361 -354.8041 21.203 -76.261681
9.6225 -366.7531 22.7517 -76.265608
-4.6074 -378.3071 21.4152 -76.269425
-16.9731 -389.755 18.9726 -76.271419
-27.5688 -401.1213 14.9527 -76.271343
-39.573 -411.7299 14.9204 -76.271274
-40.6381 -420.4638 25.2112 -76.27161
-40.4069 -426.6412 14.8914 -76.271989
-41.6738 -434.0686 12.5022 -76.270422
-35.1298 -447.795 10.0223 -76.267232
-30.511 -455.7937 6.7671 -76.26426
-26.4654 -460.7911 2.4423 -76.262104
-24.2919 -464.5784 0.2402 -76.260983
37.1249 -94.0849 14.9718 -76.020804
20.7736 -99.7756 22.2184 -76.092558
11.0172 -108.5614 18.7473 -76.126929
5.909 -113.1292 24.1737 -76.138758
4.7649 -121.3499 27.2758 -76.149121
-3.9067 -133.7894 26.1237 -76.161022
-16.2236 -149.0836 26.7198 -76.170291
-17.7909 -159.6216 22.5822 -76.178432
-30.8645 -168.2845 21.4997 -76.185897
-40.3768 -181.2163 24.3391 -76.192285
-50.8898 -195.8899 27.7601 -76.195718
-59.8432 -207.2909 27.0024 -76.19581
-63.453 -209.2381 15.4152 -76.195188
-64.2909 -212.4765 11.1044 -76.194554
-69.7086 -217.4653 14.9612 -76.194182
-1.3141 -131.2728 34.9295 -76.156989
15.7442 -115.5027 24.1983 -76.127806
21.9499 -133.9863 25.1312 -76.139235
26.8898 -147.4387 25.6301 -76.149094
28.6429 -155.1273 32.7495 -76.157981
28.6017 -167.7997 33.6747 -76.165581
33.7647 -170.9041 21.6446 -76.170389
35.3986 -176.6564 11.4651 -76.171739
39.8278 -180.409 -7.3747 -76.172112
28.4843 -94.572 17.6083 -76.064076
24.075 -93.3058 9.4058 -76.080168
15.5128 -90.8025 -8.4542 -76.101828
-0.0475 -89.6597 -13.0268 -76.121411
-13.9393 -94.7328 -4.0497 -76.139615
-31.0534 -101.5497 -4.3571 -76.156157
-48.3446 -108.1087 -4.4853 -76.169969
-60.3769 -111.0796 -1.1234 -76.179
-77.9711 -113.5102 3.296 -76.186814
-92.0999 -121.9743 4.6219 -76.19396
-105.6825 -132.44 0.8972 -76.200103
-119.8735 -141.3568 5.959 -76.203307
-132.8113 -151.1601 6.979 -76.203398
-147.2952 -155.5423 4.0924 -76.202824
-153.368 -158.2725 7.6335 -76.20224
-168.793 -159.6906 7.6228 -76.201902
50.8433 -86.5895 17.9535 -75.938291
61.2357 -92.3404 14.5899 -75.971857
72.1897 -102.125 21.0158 -76.006866
85.4059 -115.7278 22.6939 -76.038415
96.1046 -123.0147 27.5352 -76.067691
106.3877 -128.7142 28.8233 -76.094533
119.3522 -141.0891 32.8119 -76.118566
133.3865 -151.0456 27.4274 -76.136267
140.4642 -156.8554 25.7903 -76.152343
152.3124 -169.1266 29.8767 -76.16745
161.5491 -182.1636 26.4505 -76.181299
167.3763 -187.9265 20.8501 -76.192665
178.0174 -198.4202 27.7655 -76.199787
190.5879 -201.853 17.5881 -76.205935
198.4764 -209.0366 23.2285 -76.21161
206.4978 -222.3967 29.9785 -76.21649
216.4485 -231.2363 29.6641 -76.218847
219.3592 -241.6667 28.5636 -76.218549
217.6919 -257.4839 32.1794 -76.217701
212.7961 -271.781 39.8533 -76.216929
208.8344 -287.7139 39.3838 -76.216484
43.1478 -69.6198 16.0595 -75.791539
45.0982 -63.5211 16.1223 -75.811077
50.7937 -61.6079 11.0465 -75.830271
63.7547 -58.5312 9.7712 -75.847477
75.049 -60.4617 16.3877 -75.861194
83.0968 -60.7333 25.9161 -75.872522
91.3447 -63.64 26.8113 -75.881878
106.4082 -69.1292 24.6495 -75.890417
123.1559 -72.5629 28.9251 -75.895991
143.1961 -75.9244 28.8652 -75.898691
46.1286 -55.224 14.5026 -75.826009
37.6417 -45.2763 18.4222 -75.83375
22.8448 -43.0894 21.8828 -75.837166
