-0.8015 -1.2678 -0 -67.603376
-3.2062 -5.0715 -0 -67.629733
-5.0765 -8.0299 -0 -67.64749
-6.4123 -10.1429 0.0262 -67.654164
-8.0143 -12.677 0.1283 -67.664715
-8.8146 -13.9429 0.1666 -67.672782
-8.2187 -14.5214 0.2948 -67.680473
-8.7411 -16.3672 0.5247 -67.701576
-10.0309 -17.8905 1.1419 -67.728421
-11.386 -19.3222 1.89 -67.75402
-12.7254 -20.8552 2.392 -67.777616
-14.0432 -22.4116 2.6217 -67.805646
-14.6972 -24.3185 2.0715 -67.839656
-15.5306 -26.234 2.0482 -67.876599
-16.1094 -27.8038 2.3068 -67.907485
-14.7796 -28.9827 3.1257 -67.932066
-13.6062 -30.5844 3.6202 -67.956661
-12.2537 -32.1091 3.9089 -67.981213
-11.1222 -33.7683 4.2796 -68.005786
-10.1932 -35.2295 5.196 -68.030324
-9.3619 -36.7283 6.3117 -68.054878
-8.5851 -38.2492 7.4144 -68.079377
-7.5935 -39.8435 8.2499 -68.103849
-6.8916 -41.4349 9.2193 -68.128419
-6.2727 -43.3267 9.6108 -68.152905
-5.7427 -44.6215 10.9758 -68.177509
-5.2774 -45.3085 12.8612 -68.202099
-4.5701 -46.2857 12.7646 -68.22663
-3.9187 -47.0128 11.0346 -68.251196
-3.487 -47.3534 9.0584 -68.275838
-3.1601 -48.3203 10.2056 -68.30048
-2.5906 -49.7167 11.29 -68.324852
-2.064 -51.2649 10.2609 -68.349268
-1.9023 -53.0628 10.2828 -68.373627
-1.2374 -53.7481 8.8883 -68.398143
-0.2338 -55.4757 8.438 -68.422512
0.9268 -57.1391 8.1846 -68.446853
2.1659 -58.7648 8.26 -68.471174
2.7966 -60.3652 9.2072 -68.495525
3.5606 -62.0815 8.7826 -68.519846
4.1051 -63.9769 8.2533 -68.544207
4.7728 -65.8913 8.0534 -68.568487
5.555 -67.7898 8.1794 -68.592725
5.4215 -69.7319 8.5591 -68.61693
5.3722 -71.1779 9.39 -68.6412
6.6015 -72.8224 9.4344 -68.665411
7.9091 -74.3345 9.4579 -68.689627
9.1469 -75.9691 9.4502 -68.713816
10.0298 -77.8076 9.4917 -68.737952
10.7723 -79.6982 9.5101 -68.762116
12.3735 -80.8411 9.4583 -68.786219
13.4145 -82.6176 9.4397 -68.810327
14.1594 -84.5026 9.6273 -68.834444
14.908 -86.352 10.0263 -68.858539
15.6285 -88.1574 10.421 -68.882601
16.2688 -90.0988 10.1972 -68.906686
16.8061 -92.0324 10.2983 -68.930713
18.0591 -93.5211 10.9131 -68.954738
19.0692 -95.1762 11.592 -68.978741
20.0514 -96.8019 12.3554 -69.002708
20.7986 -98.4251 13.1509 -69.026705
22.3425 -99.643 13.6764 -69.050681
23.1324 -101.4525 13.8694 -69.074641
24.2278 -103.1764 13.8286 -69.098611
25.7948 -104.4654 13.8973 -69.122549
27.3532 -105.7951 13.951 -69.146456
28.4996 -107.4233 13.9547 -69.170384
30.0108 -108.56 13.6639 -69.194322
31.1081 -108.6091 12.0588 -69.218666
29.9694 -109.9097 10.9348 -69.244827
28.8308 -111.2104 9.8109 -69.270343
27.6922 -112.511 8.6869 -69.295223
26.8377 -113.4766 7.7017 -69.319788
28.1153 -111.9666 8.2837 -69.345816
29.3929 -110.4565 8.8658 -69.371195
30.6706 -108.9464 9.4479 -69.395931
31.1787 -108.9746 10.7509 -69.420854
31.0798 -109.3078 12.7833 -69.445854
31.1974 -110.3892 14.0207 -69.470405
31.8589 -112.2436 14.4776 -69.49483
32.2207 -114.0808 14.8897 -69.519295
32.3754 -116.0895 14.7382 -69.543778
33.2282 -117.7627 14.1097 -69.568299
34.0263 -119.6079 13.7086 -69.592828
34.4263 -121.5938 13.4703 -69.617382
34.6735 -123.5948 13.4834 -69.641954
34.4631 -125.6138 13.6554 -69.666539
35.477 -127.1975 13.9548 -69.691095
36.4488 -128.3733 14.9241 -69.715827
36.0423 -130.1872 15.3722 -69.740704
35.1621 -131.5518 15.4371 -69.765502
35.6418 -129.8523 14.8263 -69.790157
35.0348 -128.0619 14.2107 -69.814853
35.5446 -129.8444 14.1534 -69.8396
35.6291 -131.8577 14.0497 -69.864307
34.8485 -133.6181 13.7199 -69.889001
34.2995 -135.3089 12.7219 -69.913705
33.9891 -137.2127 12.2496 -69.938362
34.6951 -139.1364 12.158 -69.962997
34.4342 -141.0719 12.4762 -69.987592
34.9496 -142.8915 13.1328 -70.012223
35.1207 -144.6736 12.8365 -70.03676
36.0553 -146.4708 12.5635 -70.061241
36.5162 -147.9232 11.2272 -70.085785
37.0821 -149.6924 10.5935 -70.110112
38.1845 -151.3675 10.8233 -70.134343
38.9786 -152.5573 11.4668 -70.158524
38.5512 -154.4927 11.7745 -70.182694
38.9845 -156.4817 12.0272 -70.206777
38.8087 -158.4686 12.102 -70.230651
39.4316 -160.3993 12.1561 -70.254328
40.017 -162.1492 11.7738 -70.277846
39.9044 -164.0643 11.3068 -70.301072
40.4166 -165.9089 10.6066 -70.324063
41.3853 -167.5493 10.7632 -70.346695
42.1247 -169.1267 11.6727 -70.368999
42.1485 -170.8263 12.6221 -70.390947
41.2541 -172.1527 13.7028 -70.41237
41.3329 -173.6405 14.3131 -70.43331
41.6008 -174.8677 12.6805 -70.453759
41.8738 -176.7997 12.275 -70.473491
42.7438 -178.5456 11.9564 -70.492505
43.2439 -180.4578 12.0397 -70.510729
43.3656 -182.4295 12.4106 -70.528123
43.6747 -184.2146 13.2717 -70.544602
44.1736 -186.1236 13.8383 -70.560004
44.3535 -187.9066 14.7675 -70.574314
44.8726 -189.5685 15.6922 -70.587413
45.4404 -191.1005 14.5715 -70.599206
46.1386 -192.9259 14.1459 -70.609581
46.6287 -194.8895 13.783 -70.618448
47.9055 -196.4354 13.3908 -70.625728
49.0241 -197.9564 13.467 -70.631323
49.8322 -199.3762 13.2319 -70.635147
51.04 -200.3986 12.0409 -70.6371
-16.8109 -27.3553 2.8101 -67.907204
-17.497 -28.3029 4.2038 -67.930791
-18.1984 -29.271 5.5067 -67.953819
-18.2577 -29.3412 3.7473 -67.980649
-18.2679 -29.344 1.9276 -68.006868
-18.2781 -29.3467 0.108 -68.032408
-18.2883 -29.3494 -1.7116 -68.057267
-18.2985 -29.3522 -3.5313 -68.08144
-18.8534 -30.5664 -3.9808 -68.105276
-18.8107 -32.318 -3.8597 -68.129316
-19.3066 -34.0554 -3.7456 -68.153439
-18.9488 -34.5418 -2.2544 -68.177787
-18.3075 -35.7012 -1.0566 -68.202265
-18.003 -37.2922 -0.254 -68.226798
-17.2153 -38.7422 0.5062 -68.251425
-17.2992 -40.1694 1.5541 -68.276198
-17.1185 -41.7267 2.3954 -68.301127
-17.083 -42.8762 3.6698 -68.326299
-17.3639 -44.4413 4.545 -68.351534
-18.2212 -45.6938 5.2818 -68.376746
-18.9632 -46.7735 4.1464 -68.402116
-19.2427 -47.6114 2.5633 -68.427784
-19.7572 -49.1601 2.2576 -68.453325
-20.0441 -50.8741 2.5491 -68.478925
-20.3286 -52.4364 3.2684 -68.50457
-19.8077 -53.8024 3.6098 -68.530351
-19.2008 -54.6661 2.2731 -68.556392
-18.7221 -56.0354 2.9434 -68.58257
-18.7365 -56.729 4.1896 -68.608757
-18.8997 -58.1413 5.2798 -68.634896
-18.8149 -59.8936 5.7078 -68.661001
-18.9822 -61.072 7.0484 -68.687235
-19.3934 -62.5349 8.0119 -68.713285
-19.547 -63.8484 9.0694 -68.739459
-19.5772 -65.5723 8.63 -68.765385
-19.258 -67.3139 8.3405 -68.791244
-19.7508 -69.0603 8.364 -68.816913
-19.9946 -70.8175 8.7102 -68.842539
-19.8037 -72.5539 9.1873 -68.867983
-19.7201 -74.3251 9.5635 -68.893256
-20.2567 -75.9938 9.7611 -68.918302
-19.7758 -77.7066 9.8918 -68.943098
-19.8692 -79.394 10.0722 -68.967572
-20.6153 -80.6503 10.7965 -68.991692
-20.8101 -82.0334 11.1362 -69.015334
-21.8468 -83.2751 10.5156 -69.038514
-22.3598 -84.646 11.4203 -69.061169
-22.8139 -86.2646 12.0203 -69.083245
-22.9433 -87.4114 13.1988 -69.104829
-23.2601 -88.7922 14.1473 -69.125587
-23.5187 -90.5915 14.1567 -69.145409
-23.7693 -92.3875 14.2837 -69.164319
-23.9193 -94.161 14.5659 -69.182254
-24.765 -95.4177 14.2775 -69.199101
-25.6946 -96.5629 13.7452 -69.214734
-26.3361 -98.2508 13.7081 -69.229073
-26.22 -99.6251 14.4174 -69.242228
-26.029 -100.2322 16.1217 -69.253831
-25.98 -100.9366 17.7977 -69.263815
-26.1774 -101.1961 19.58 -69.272306
-26.4133 -101.3806 21.3748 -69.278688
-26.5757 -102.9017 22.0388 -69.28298
-26.565 -104.1061 22.8298 -69.285198
-10.4886 -18.1238 0.6694 -67.750965
-10.4015 -18.057 0.4643 -67.767835
-11.3637 -19.3353 1.4826 -67.788069
-12.4409 -20.4928 2.3203 -67.811984
-13.7335 -21.882 2.6066 -67.837924
-14.3525 -23.4451 1.6476 -67.864048
-14.7639 -24.7529 0.4153 -67.890263
-15.0123 -25.6795 -1.2982 -67.916662
-14.7483 -27.3027 -2.2341 -67.943117
-14.1682 -28.7546 -3.3613 -67.969769
-14.1335 -30.3237 -2.5621 -67.996547
-14.176 -32.0715 -1.7097 -68.023381
-14.076 -33.7889 -0.9359 -68.050316
-13.8862 -35.6563 -1.4771 -68.07734
-13.5408 -37.5381 -1.8551 -68.104448
-12.9254 -39.3671 -2.0095 -68.131721
-12.8947 -41.2639 -2.5483 -68.159047
-12.5093 -43.0891 -2.3969 -68.18647
-11.8636 -44.7358 -1.5183 -68.214142
-11.3409 -46.4019 -0.6056 -68.241895
-11.0233 -47.5467 0.9658 -68.269917
-10.5913 -48.4457 2.6789 -68.297869
-10.1405 -50.0833 3.3431 -68.325859
-10.2934 -51.7904 2.9275 -68.353962
-10.88 -52.8858 1.4404 -68.382301
-11.0363 -54.4811 1.7038 -68.410604
-11.1458 -56.3254 2.378 -68.439041
-10.357 -57.7555 3.4384 -68.467592
-10.1358 -58.8326 4.9901 -68.496274
-10.3077 -60.6124 5.6598 -68.52509
-11.2813 -62.2927 6.0116 -68.55398
-11.7958 -64.1934 6.181 -68.582952
-12.4342 -66.0517 6.3974 -68.612093
-11.9522 -67.7789 6.8906 -68.641373
-11.6762 -69.0382 8.2561 -68.670757
-11.713 -70.0381 9.9612 -68.700228
-11.8555 -70.9146 11.6774 -68.730024
-12.8132 -71.5235 13.2459 -68.759783
-13.5753 -72.2336 12.7301 -68.789686
-14.1638 -73.7043 11.8882 -68.819671
-14.4131 -75.2707 10.815 -68.849724
-13.5782 -77.0011 10.3425 -68.879929
-13.3259 -78.9499 10.1371 -68.910255
-13.3622 -80.9141 10.3308 -68.940635
-14.2376 -82.5066 10.9807 -68.971076
-14.7845 -84.1023 11.9265 -69.001688
-15.3519 -85.4422 12.6525 -69.032433
-15.7865 -86.6616 12.098 -69.063335
-16.5522 -87.7496 13.5364 -69.094317
-17.1687 -89.5648 13.8022 -69.125317
-18.2162 -91.1682 13.885 -69.156425
-19.5493 -92.634 13.9514 -69.18761
-20.3209 -94.4426 13.8656 -69.218896
-21.0095 -96.2837 13.6721 -69.250249
-21.3384 -97.8523 13.9673 -69.282007
-21.6939 -97.8965 15.9193 -69.314198
-22.3276 -98.0602 17.7316 -69.346012
-21.887 -98.9874 16.7979 -69.378184
-22.8153 -99.7306 15.3374 -69.410004
-24.3779 -100.6691 14.7056 -69.441805
-24.3457 -102.6276 14.3888 -69.473531
-24.5768 -104.5617 14.2213 -69.505226
-24.8282 -106.5067 14.2205 -69.53692
-25.0574 -108.4614 14.1941 -69.568532
-25.5558 -110.3378 14.0236 -69.600109
-26.9412 -111.6652 13.5497 -69.631609
-27.6548 -113.1993 12.651 -69.662962
-27.9593 -114.1646 11.0361 -69.694574
-28.3565 -115.3746 10.0919 -69.725538
-29.1471 -116.4978 9.0352 -69.756473
-29.5399 -117.0458 7.1689 -69.787437
-29.9596 -117.6548 5.3281 -69.817901
-30.9613 -118.935 4.5188 -69.847845
-32.1435 -120.2324 4.6581 -69.87748
-32.9363 -121.0473 6.2793 -69.906785
-33.621 -122.2206 7.5953 -69.935517
-33.9105 -123.585 8.7937 -69.963762
-34.4873 -124.3869 10.3397 -69.991399
-35.0405 -125.7656 11.4307 -70.018263
-34.701 -127.6323 11.772 -70.044383
-35.3063 -129.4991 11.9181 -70.0697
-35.9903 -131.3268 11.7835 -70.094078
-37.6819 -132.1342 11.31 -70.117444
-38.5009 -133.4806 10.3217 -70.139721
-38.4967 -134.7419 8.9782 -70.160895
-39.2613 -136.1191 9.0235 -70.18066
-39.6486 -137.8732 9.0943 -70.198993
-40.3927 -139.5578 8.4232 -70.215746
-41.3357 -141.2284 8.0319 -70.230823
-41.7461 -143.1332 7.6854 -70.244133
-42.0138 -145.0056 7.4829 -70.255519
-41.9887 -146.6225 8.5512 -70.264901
-43.1363 -148.1444 8.915 -70.27209
-43.8626 -149.8828 8.3731 -70.277015
-44.926 -151.4033 7.7386 -70.27954
-9.353 -14.8211 0.2731 -67.686264
-11.0559 -15.5864 0.7158 -67.710492
-12.8605 -15.9487 1.177 -67.740427
-14.323 -16.6873 2.6356 -67.795946
-15.6273 -17.7486 4.2904 -67.842504
-16.5612 -19.3299 4.837 -67.863516
-17.0333 -20.2944 6.2453 -67.887148
-17.8874 -21.5361 7.3823 -67.911432
-18.8508 -22.9769 8.1796 -67.935786
-19.5099 -24.5801 8.9543 -67.960328
-19.7318 -25.6734 10.3712 -67.985178
-19.6375 -26.5275 11.987 -68.010319
-20.9183 -27.5166 12.4491 -68.035402
-21.2964 -29.0814 13.3143 -68.06069
-21.83 -30.7644 14.0149 -68.086156
-22.4092 -32.288 14.7504 -68.111799
-23.1716 -32.8787 16.4102 -68.137887
-23.4458 -33.3976 17.1662 -68.163779
-23.9797 -35.1098 17.8018 -68.189894
-25.2888 -36.4276 18.1128 -68.216111
-26.4013 -37.9363 18.2431 -68.242423
-27.2908 -39.5473 18.3867 -68.268921
-28.9068 -40.2841 18.3568 -68.295565
-28.8386 -41.8551 18.071 -68.322352
-30.0593 -43.3052 18.0707 -68.349263
-30.6546 -44.9959 18.2212 -68.376391
-31.4097 -46.5757 18.3297 -68.403642
-32.6885 -47.8644 18.2798 -68.431015
-33.6705 -49.4532 18.3794 -68.4584
-34.3435 -51.1833 18.7706 -68.485919
-35.0428 -52.643 19.7515 -68.513595
-35.9334 -53.9164 20.8542 -68.541308
-36.4958 -55.5633 21.6175 -68.569067
-37.1515 -57.2664 22.1901 -68.596868
-37.503 -58.9135 22.7742 -68.624883
-37.2767 -60.629 23.5408 -68.653
-38.3487 -62.1152 24.0868 -68.681037
-38.7835 -63.8894 24.6417 -68.709101
-39.0307 -65.5698 25.4324 -68.737149
-39.2448 -67.4312 25.7075 -68.765279
-39.4113 -69.2406 26.1323 -68.793324
-38.2265 -70.1613 27.1367 -68.821367
-37.9293 -71.6381 28.1838 -68.849492
-36.7386 -72.8721 28.5562 -68.87744
-35.4143 -74.1273 28.8617 -68.905238
-33.8413 -75.1427 29.2839 -68.933549
-32.9832 -76.7229 29.5771 -68.961135
-33.6399 -75.092 29.1649 -68.988985
-33.1635 -76.3575 28.5144 -69.016446
-32.6394 -77.9449 29.3953 -69.043601
-31.5586 -79.4236 29.8926 -69.07091
-30.8094 -81.0765 30.3763 -69.097717
-31.5811 -82.6547 30.6865 -69.123761
-31.7168 -84.5489 30.8274 -69.149316
-31.5105 -86.4537 30.8357 -69.174259
-31.5377 -88.3667 30.7633 -69.198588
-31.4829 -90.279 30.6456 -69.222214
-31.9235 -92.1277 30.4947 -69.245008
-32.2806 -93.9944 30.2829 -69.26687
-33.2826 -95.4749 30.073 -69.287795
-34.2923 -96.3147 29.212 -69.307671
-33.7984 -97.5646 29.0456 -69.326453
-33.365 -98.5644 30.3242 -69.344009
-34.9529 -99.5888 30.5864 -69.360084
-35.3561 -101.2379 30.5528 -69.374657
-35.425 -102.1901 29.7785 -69.387609
-35.4381 -103.6106 30.0236 -69.398769
-35.4329 -104.9525 28.8355 -69.407965
-35.4888 -106.6151 28.0477 -69.415051
-35.1318 -108.0258 29.2064 -69.419954
-34.5346 -109.5447 30.0645 -69.422455
-15.445 -16.6758 3.4162 -67.842721
-17.1123 -16.5493 2.7023 -67.863377
-18.8242 -16.1183 2.2844 -67.886674
-20.5247 -15.3962 2.2003 -67.910403
-22.3116 -15.3473 2.4856 -67.934249
-24.0423 -14.9367 2.9859 -67.958376
-25.7912 -14.8802 3.5418 -67.9827
-27.6376 -14.8877 3.7424 -68.007149
-29.4617 -14.8882 3.7168 -68.031762
-31.2202 -15.3922 3.5297 -68.056633
-32.7539 -15.8243 2.9445 -68.081799
-34.0829 -16.2305 1.7975 -68.107051
-35.3566 -17.1047 0.7776 -68.132457
-36.7811 -17.3591 0.0703 -68.157906
-38.4049 -17.2529 0.8951 -68.183483
-40.1857 -16.9717 1.2216 -68.209246
-41.9745 -17.3706 1.348 -68.235163
-43.6645 -17.7288 1.1737 -68.261257
-45.1638 -16.9527 0.472 -68.287453
-46.3865 -16.2335 -0.6264 -68.313882
-48.1583 -16.038 -0.1893 -68.34048
-49.5586 -16.5997 0.7893 -68.367269
-50.6275 -17.7832 1.5574 -68.394121
-52.4581 -17.9497 1.6886 -68.42111
-54.2203 -17.8442 1.1278 -68.448226
-55.6575 -18.4041 0.1681 -68.475534
-57.139 -19.2179 -0.5793 -68.502974
-58.8775 -19.6978 -0.9928 -68.530505
-60.4992 -20.5497 -0.8751 -68.55809
-62.2699 -20.9516 -0.784 -68.585789
-63.9605 -21.4851 -1.2025 -68.613837
-65.769 -21.6468 -1.2364 -68.641785
-67.4074 -21.948 -2.0416 -68.669825
-69.2303 -22.0478 -2.2783 -68.697912
-71.0405 -22.3933 -2.2 -68.726152
-72.76 -22.6876 -1.8978 -68.754403
-74.4248 -22.1245 -1.3042 -68.782711
-75.468 -21.5676 0.0962 -68.811116
-76.805 -21.0117 0.8974 -68.839553
-78.6304 -21.1688 0.7939 -68.867836
-80.2126 -21.6023 1.4208 -68.896137
-81.9055 -21.4802 1.8938 -68.924381
-83.3789 -20.5725 2.4839 -68.952563
-84.8475 -20.092 3.3977 -68.980598
-85.8797 -19.4106 4.4732 -69.008629
-86.9877 -17.9771 4.3817 -69.036385
-88.4094 -16.917 4.436 -69.063919
-89.1332 -16.2863 5.8123 -69.091517
-89.6827 -16.0961 7.5766 -69.118756
-90.6073 -14.9923 8.5732 -69.145408
-91.6573 -14.5236 9.9347 -69.171642
-92.216 -13.6924 11.4126 -69.197662
-93.3323 -12.5367 11.3011 -69.222786
-94.3529 -11.3333 10.4637 -69.247326
-95.9243 -11.359 10.3327 -69.271152
-97.085 -12.6874 10.4076 -69.294198
-98.637 -11.9209 10.4364 -69.316369
-99.8512 -10.5582 10.1484 -69.337494
-101.1467 -9.2581 9.9913 -69.357598
-102.9108 -8.8466 10.0308 -69.376462
-104.2043 -7.6318 10.4372 -69.393938
-105.7848 -7.7377 11.2376 -69.410011
-107.5295 -7.7352 11.7584 -69.424502
-108.7114 -6.5165 12.2914 -69.437294
-108.6826 -5.013 12.9437 -69.448356
-109.4316 -4.9691 14.0337 -69.457463
-110.9911 -5.321 13.2911 -69.464473
-112.3812 -4.7789 12.2565 -69.469269
-113.4541 -4.4164 10.8172 -69.471739
-15.5545 -17.632 4.3033 -67.841451
-16.8149 -18.3686 5.0193 -67.859024
-18.1535 -17.7371 5.9254 -67.87907
-19.3957 -17.6568 7.1162 -67.899621
-20.6245 -17.4395 8.329 -67.9203
-21.4073 -17.0773 9.8446 -67.941294
-22.3291 -16.4593 11.1562 -67.962309
-23.7986 -16.4039 12.1053 -67.983481
-24.636 -16.4397 13.5353 -68.005049
-26.0492 -16.413 14.4153 -68.026508
-26.5091 -16.6788 16.0866 -68.048527
-27.6416 -17.5424 16.452 -68.070231
-28.9683 -17.6171 17.1518 -68.09205
-30.2529 -16.8642 18.0015 -68.113931
-31.8112 -16.9615 18.7079 -68.136034
-32.7125 -16.0015 17.8716 -68.158131
-33.9732 -15.3124 17.8919 -68.180346
-35.5154 -14.9405 18.541 -68.202649
-36.8148 -15.2621 19.6037 -68.225057
-38.1095 -15.3947 20.6532 -68.247419
-39.3709 -15.3085 20.5665 -68.270071
-39.9084 -15.4165 22.2463 -68.292954
-41.4898 -16.1032 22.568 -68.315457
-43.1935 -16.3081 22.9719 -68.337924
-44.8671 -16.1005 23.426 -68.360338
-46.5874 -16.255 23.8037 -68.38279
-48.2806 -16.146 24.1613 -68.404992
-49.8848 -15.6408 24.6252 -68.427128
-51.569 -15.5809 25.1077 -68.449057
-53.1934 -15.8717 25.7123 -68.470799
-54.8397 -16.0518 26.2602 -68.492399
-56.4663 -15.7486 26.8593 -68.513563
-57.6381 -14.8744 27.7621 -68.534393
-58.8394 -13.7889 28.4214 -68.55485
-60.1932 -13.1386 29.3328 -68.57497
-61.8304 -12.6017 29.6751 -68.594552
-63.5039 -12.1508 29.7076 -68.613525
-64.8861 -11.121 29.4315 -68.631913
-65.5954 -10.0293 28.2627 -68.649685
-66.3587 -9.069 29.1123 -68.666682
-67.3994 -7.9254 29.8988 -68.682837
-68.8854 -7.8686 29.963 -68.698047
-70.5505 -7.352 29.9726 -68.712208
-72.0497 -6.4284 30.0037 -68.725265
-73.5599 -5.5098 29.9785 -68.737111
-74.8786 -4.3323 29.9264 -68.747973
-76.2236 -3.1844 29.9023 -68.757025
-77.2186 -1.7362 29.9278 -68.7645
-78.2778 -0.5048 29.7779 -68.770266
-79.9939 -0.3567 29.5292 -68.774236
-81.6519 -0.1123 29.479 -68.776286
-15.2282 -17.1379 4 -67.833833
-15.8134 -17.8487 4 -67.834695
-16.4306 -18.5318 4 -67.835141
-13.8552 -16.3527 0.6773 -67.75878
-6.8126 -12.9962 0.0714 -67.669238
-5.8684 -15.48 0.0572 -67.687841
-5.4058 -18.0693 0.0621 -67.711599
-4.8048 -20.6622 0.1442 -67.741464
-4.2378 -23.1032 0.3354 -67.778513
-4.2185 -23.3173 3.0099 -67.838664
-4.1991 -23.5292 5.6846 -67.899153
-3.9404 -24.0329 8.0609 -67.958767
-2.9465 -26.4423 7.8893 -68.019192
-2.9898 -29.1239 7.9366 -68.081132
-2.8312 -31.7921 8.079 -68.144754
-2.7737 -34.4658 8.0848 -68.210111
-3.1335 -36.1267 6.8772 -68.278399
-2.9668 -36.5649 4.2354 -68.34866
-3.5563 -38.3842 2.8887 -68.419767
-4.3063 -40.3834 1.497 -68.49318
-4.1208 -42.6459 0.2252 -68.568513
-4.2362 -43.7827 0.8959 -68.628131
-3.8312 -43.4159 2.8085 -68.669759
-3.4263 -43.0492 4.7211 -68.710663
-3.0214 -42.6825 6.6338 -68.750851
-2.6164 -42.3158 8.5464 -68.790331
-2.2115 -41.949 10.459 -68.829109
-1.8006 -41.5642 12.3611 -68.867198
-1.0504 -39.8462 12.7392 -68.906175
0.1758 -38.6585 13.5417 -68.945423
1.5902 -38.0395 13.8599 -68.985749
3.2347 -39.0768 14.2093 -69.026414
3.2862 -40.8715 14.6526 -69.067857
3.0921 -42.2179 15.9515 -69.109998
3.289 -43.8273 17.0278 -69.15285
3.7676 -45.0577 18.3989 -69.196753
5.3853 -45.2551 17.5078 -69.241441
6.4565 -45.5185 16.2146 -69.287779
6.4601 -45.5688 14.2263 -69.335129
7.3041 -46.1013 15.3965 -69.383126
7.7212 -46.6728 17.2551 -69.432324
8.2906 -47.8462 18.7417 -69.482004
8.7291 -49.4862 19.2615 -69.518551
9.1255 -50.9461 19.7272 -69.540719
10.0364 -52.2198 19.9693 -69.562914
10.7133 -53.6545 20.0389 -69.585228
11.8089 -54.3454 19.5071 -69.607796
12.1976 -54.6669 17.9921 -69.630461
13.1099 -54.8336 16.8714 -69.653133
13.5838 -54.6626 15.3738 -69.677223
13.6588 -54.6533 13.7788 -69.704743
13.7337 -54.644 12.1838 -69.731494
13.8087 -54.6347 10.5888 -69.757474
13.8837 -54.6254 8.9938 -69.782679
13.9586 -54.6161 7.3988 -69.807108
14.0336 -54.6068 5.8038 -69.830758
14.1085 -54.5975 4.2088 -69.853626
14.1663 -54.5744 2.6132 -69.879097
14.2206 -54.5486 1.0176 -69.904733
14.2749 -54.5228 -0.5781 -69.929501
14.3293 -54.497 -2.1737 -69.953396
14.3836 -54.4712 -3.7694 -69.976412
14.4379 -54.4454 -5.365 -69.998542
13.7113 -55.8095 -5.5929 -70.020173
13.1825 -57.2536 -6.0072 -70.041604
12.9567 -58.7053 -6.561 -70.062769
12.6682 -60.0281 -7.37 -70.083631
12.3514 -61.5353 -7.7387 -70.104172
11.9771 -63.0578 -7.8716 -70.124321
11.7617 -64.6275 -7.7751 -70.144074
11.4655 -65.9109 -8.3481 -70.163403
11.6675 -66.9063 -9.5712 -70.182274
11.728 -68.3207 -9.6289 -70.200665
11.6975 -68.4625 -8.07 -70.218446
11.4235 -69.5735 -7.0162 -70.235473
11.1196 -70.8404 -6.109 -70.251803
11.0275 -71.8722 -4.9846 -70.267446
11.2426 -73.2528 -4.3725 -70.282259
10.7531 -74.6674 -3.9199 -70.296158
10.425 -76.2016 -3.7062 -70.309163
10.77 -77.7411 -3.6532 -70.321176
11.0786 -79.2552 -3.6604 -70.332095
11.425 -80.7723 -3.755 -70.34189
11.2996 -82.2807 -4.0128 -70.35047
11.9706 -83.6675 -4.3963 -70.357786
12.7118 -84.5829 -3.8154 -70.363846
13.1706 -85.4159 -2.5821 -70.368461
13.3664 -86.853 -1.9391 -70.371595
13.3682 -87.667 -0.8755 -70.373203
8.6263 -48.9248 19.7774 -69.517798
8.971 -49.5407 20.9869 -69.538331
9.2099 -51.0475 20.8184 -69.558846
10.0927 -52.2943 20.5532 -69.579302
10.6868 -53.724 20.4404 -69.599713
11.4461 -54.1517 19.6321 -69.620477
11.5442 -54.2966 18.1881 -69.641109
12.9332 -54.8812 18.406 -69.661478
13.2774 -55.294 19.8309 -69.682298
13.7729 -56.2787 20.5319 -69.702538
14.3885 -57.7019 20.5127 -69.722705
15.16 -59.0485 20.6431 -69.74268
15.6443 -60.0525 21.5504 -69.762595
16.2084 -60.988 22.5631 -69.782308
17.2577 -61.2039 23.519 -69.801716
18.4454 -61.8839 23.9975 -69.820826
19.1422 -63.2514 24.2481 -69.839687
19.671 -63.8624 25.3071 -69.858517
20.2623 -64.3588 26.3522 -69.876801
21.638 -65.0559 26.1487 -69.8946
22.7173 -66.1327 25.8633 -69.913016
23.7256 -67.2733 25.5197 -69.930618
24.6112 -68.47 25.1932 -69.947189
24.9681 -69.954 24.971 -69.963125
24.9964 -70.9802 24.2159 -69.979237
24.9684 -71.117 22.6615 -69.995363
24.9404 -71.2538 21.1072 -70.010313
24.9124 -71.3907 19.5528 -70.024077
24.8648 -71.4567 17.9963 -70.036791
24.9221 -71.7069 16.7213 -70.048594
25.4185 -72.6144 17.5247 -70.059721
25.5779 -72.8182 19.0637 -70.069994
25.6724 -73.1458 20.5059 -70.07897
25.5385 -73.7136 21.7923 -70.087103
25.5469 -73.9336 23.3373 -70.094082
25.5553 -74.1535 24.8823 -70.099649
26.4257 -75.2629 24.9859 -70.103869
26.2037 -76.801 24.991 -70.106756
26.3234 -78.3421 25.0702 -70.108227
-4.7208 -44.7161 -0.023 -68.618768
-5.1299 -46.1818 0.6944 -68.642476
-5.3697 -46.9913 2.259 -68.666399
-5.7718 -48.0995 3.5791 -68.690363
-6.3113 -49.4357 4.5711 -68.714537
-6.1052 -51.0319 5.3148 -68.738825
-5.9754 -52.7323 5.8136 -68.763241
-5.3005 -54.3124 6.0843 -68.787808
-5.5666 -55.9139 6.2159 -68.812533
-6.3626 -57.4622 6.4728 -68.837374
-7.4327 -58.7683 6.9386 -68.86237
-8.3123 -60.0607 7.6969 -68.887509
-9.2075 -61.5771 7.5449 -68.912682
-10.0182 -63.1512 7.7642 -68.938014
-10.4982 -64.8336 7.9938 -68.963403
-11.098 -66.494 8.2496 -68.988965
-11.5795 -68.0917 8.8213 -69.014626
-11.4778 -69.48 9.814 -69.040323
-11.3768 -70.9824 10.6772 -69.066187
-11.1615 -72.6665 10.9417 -69.092189
-11.9531 -74.0675 10.3517 -69.118261
-12.2253 -75.2856 9.1163 -69.14443
-12.386 -76.5528 7.8889 -69.170615
-12.4919 -77.8973 6.8778 -69.196944
-12.6418 -79.6702 6.7282 -69.223313
-12.8923 -81.2283 7.3625 -69.249775
-13.0636 -82.0267 8.8276 -69.276524
-12.8375 -83.2389 8.8894 -69.303094
-12.4716 -84.694 8.0205 -69.329774
-12.6797 -85.5671 7.0599 -69.356567
-12.5183 -84.1321 6.1622 -69.383582
-12.5292 -84.0813 7.3739 -69.410685
-11.895 -85.6688 7.8198 -69.437777
-11.5229 -87.2946 8.4116 -69.464832
-10.3324 -88.1124 9.2259 -69.491887
-10.675 -89.8262 9.467 -69.519018
-11.2148 -91.4903 9.7261 -69.54601
-11.4919 -93.2205 9.9224 -69.572918
-11.8689 -94.9605 9.9938 -69.599816
-12.2215 -96.7085 9.9892 -69.626521
-12.5548 -98.4528 9.9031 -69.653173
-13.101 -100.1246 9.6027 -69.679635
-13.6123 -101.6942 9.0552 -69.705973
-14.5178 -102.8115 8.0351 -69.732161
-14.732 -103.8321 6.6289 -69.758225
-14.736 -104.949 5.3416 -69.784096
-14.7897 -105.5564 3.6632 -69.809728
-14.9175 -106.1934 2.0059 -69.834982
-14.8119 -107.3154 0.66 -69.859603
-14.3904 -108.3157 -0.7477 -69.883942
-14.0768 -109.6227 -1.5126 -69.907625
-14.1581 -111.3783 -1.2027 -69.930785
-14.4574 -112.7137 -0.3129 -69.953461
-14.5581 -113.8268 1.0481 -69.975392
-14.5629 -114.7419 2.5821 -69.996723
-14.3372 -115.8187 3.9677 -70.017135
-14.0073 -116.8255 5.38 -70.03672
-13.5104 -118.0936 6.4955 -70.055325
-13.0668 -119.695 6.5246 -70.072902
-12.4966 -121.0534 5.5568 -70.089309
-12.0851 -122.6625 5.1356 -70.104527
-12.5004 -124.2153 4.474 -70.118467
-12.6759 -125.9354 4.076 -70.130954
-13.0189 -127.5669 3.9008 -70.141991
-13.6129 -129.2115 3.7998 -70.151409
-14.5095 -130.7248 3.617 -70.15913
-15.1909 -132.314 3.2206 -70.165063
-16.0458 -133.6469 2.4524 -70.169114
-17.0046 -135.0632 2.0492 -70.171187
-3.6471 -8.0538 -0.0157 -67.654002
-1.3228 -8.9468 -0.0471 -67.670704
0.9314 -9.9936 -0.0832 -67.688757
2.6625 -11.7633 -0.1495 -67.711177
3.884 -13.4015 -0.8686 -67.746862
4.2751 -14.1359 -3.2157 -67.82609
4.6663 -14.8703 -5.5627 -67.904362
5.0575 -15.6047 -7.9097 -67.981672
5.4487 -16.3392 -10.2567 -68.058013
5.5082 -15.6747 -11.481 -68.115635
5.7528 -14.1284 -10.9972 -68.151677
5.1317 -14.013 -9.0503 -68.188871
5.6382 -14.026 -8.2186 -68.228272
7.6439 -14.2766 -7.8039 -68.268475
9.6042 -14.0356 -7.3728 -68.308199
11.4824 -13.5321 -6.7322 -68.34894
12.4397 -13.1153 -5.3274 -68.390827
13.1732 -12.7275 -3.4442 -68.434227
14.0029 -12.5015 -1.5695 -68.478852
14.9232 -12.6143 0.2611 -68.524517
16.0509 -12.8503 1.9217 -68.571377
17.2291 -12.7352 3.6117 -68.620005
18.6969 -13.072 4.9744 -68.668863
20.4387 -12.843 5.9867 -68.719001
22.2399 -12.9948 6.2182 -68.755467
23.7688 -13.3762 5.9788 -68.777209
25.0057 -12.6222 5.3936 -68.799079
26.3571 -12.2571 4.8087 -68.821032
27.8738 -11.9691 4.5669 -68.843166
29.2461 -11.1445 4.4391 -68.86537
30.8012 -10.7714 4.3716 -68.887572
32.3851 -10.5715 4.2891 -68.909857
33.2233 -10.1298 4.9983 -68.932366
34.0663 -9.8024 5.9221 -68.95485
35.5597 -9.845 6.5062 -68.977273
36.9026 -9.7278 7.2501 -68.999765
38.2463 -9.5474 7.9246 -69.022107
39.7277 -9.1425 8.3952 -69.044378
41.1759 -8.7377 8.951 -69.066549
42.5633 -8.3419 9.5488 -69.088727
43.7337 -8.1277 8.583 -69.110736
45.1311 -8.0308 7.9631 -69.132496
46.5242 -8.3092 7.3517 -69.153975
47.4104 -8.3281 6.0274 -69.175401
48.547 -8.1523 4.9694 -69.19637
50.1277 -8.0481 4.8161 -69.216986
51.0302 -8.412 5.9293 -69.23759
52.4231 -8.5023 6.17 -69.257462
53.895 -8.5955 6.6905 -69.276944
54.9911 -8.7652 7.7616 -69.295857
56.4893 -8.9904 7.679 -69.314093
57.587 -10.1308 7.9043 -69.331657
59.0801 -10.6364 8.1455 -69.348551
60.6014 -11.0022 8.4608 -69.364558
61.9959 -11.5958 8.0265 -69.379694
62.9752 -11.9724 7.058 -69.394105
63.4644 -12.0743 5.5381 -69.407453
64.0395 -11.9612 4.047 -69.419836
64.4337 -11.9546 2.4888 -69.431059
64.823 -11.932 0.9297 -69.440907
65.2041 -11.8836 -0.6309 -69.449286
65.5558 -11.8356 -2.1985 -69.456217
65.8976 -11.7879 -3.7682 -69.461496
66.4194 -11.7876 -5.282 -69.465079
66.4944 -12.5596 -6.6605 -69.466924
21.8035 -12.9643 5.5087 -68.759497
22.2928 -12.8975 4.0421 -68.788646
22.782 -12.8307 2.5755 -68.816957
23.2713 -12.7639 1.1089 -68.844422
23.7606 -12.6971 -0.3578 -68.871036
24.2499 -12.6303 -1.8244 -68.896792
24.7391 -12.5635 -3.291 -68.921684
25.2284 -12.4967 -4.7576 -68.945708
25.7177 -12.4299 -6.2242 -68.968858
26.2069 -12.363 -7.6908 -68.991128
26.8935 -12.3131 -8.9994 -69.012672
27.9931 -12.1349 -10.0456 -69.034024
29.4155 -12.0244 -10.5719 -69.055273
30.9321 -12.139 -10.7879 -69.076321
32.4337 -12.4908 -10.7732 -69.097364
33.7283 -13.0404 -10.3346 -69.118139
34.9591 -13.7394 -9.781 -69.138717
36.3049 -14.3754 -9.3611 -69.159139
37.7863 -14.4064 -8.971 -69.179606
38.9765 -14.4204 -8.3072 -69.199763
39.509 -14.5028 -6.8771 -69.219455
40.803 -14.1184 -7.3333 -69.238521
42.1172 -13.7343 -7.9502 -69.257124
43.481 -14.2451 -8.4653 -69.275175
44.8322 -14.6862 -9.0455 -69.292651
46.2199 -15.1571 -9.5418 -69.309524
47.4998 -15.7968 -10.1041 -69.325611
48.4919 -16.341 -10.9949 -69.34102
49.2648 -16.5571 -12.2212 -69.355626
50.6437 -17.0063 -12.5265 -69.369216
52.1626 -17.2199 -12.7123 -69.381839
53.5098 -17.9199 -12.5815 -69.393359
54.8261 -18.5114 -12.0649 -69.403751
56.0144 -19.3898 -11.6485 -69.41288
57.1511 -20.3793 -11.2981 -69.420712
58.5784 -20.83 -11.009 -69.427112
59.5198 -21.3446 -11.6244 -69.432128
59.9152 -21.5013 -13.1121 -69.435535
60.3293 -21.6363 -14.5919 -69.437276
5.542 -17.4481 -11.9734 -68.109762
5.2752 -19.0549 -12.8511 -68.133373
4.5319 -20.5356 -13.6308 -68.157232
4.2842 -21.2679 -12.1504 -68.181663
4.5234 -21.5541 -11.2061 -68.205904
5.0916 -22.5097 -9.9139 -68.230537
5.6355 -23.6108 -8.5295 -68.255301
6.4022 -24.9693 -7.5369 -68.280281
6.6335 -26.3097 -6.3211 -68.30537
7.1852 -27.3717 -7.4784 -68.330841
7.7638 -28.2275 -9.037 -68.356429
9.1599 -28.8455 -10.0123 -68.381974
10.2945 -29.4271 -11.2255 -68.407716
12.0307 -29.9265 -10.7637 -68.433684
13.7255 -30.5864 -10.4924 -68.459747
15.1918 -31.515 -11.0288 -68.485919
16.7178 -31.6949 -12.0524 -68.512292
18.2188 -31.9125 -13.1144 -68.538792
19.9511 -32.1969 -13.7295 -68.565442
21.5074 -33.0418 -14.1745 -68.593195
22.8543 -34.2615 -14.6414 -68.621119
24.0059 -35.5947 -15.1729 -68.648236
24.5296 -37.1036 -15.7174 -68.675499
24.7232 -37.5624 -17.5262 -68.703221
25.1008 -38.2263 -19.2142 -68.730958
26.3789 -39.4506 -19.5884 -68.758473
28.1291 -39.8596 -20.0602 -68.786065
29.3513 -39.6098 -21.3429 -68.813852
30.6809 -38.9744 -22.3478 -68.841728
31.8544 -39.4408 -23.699 -68.86976
32.7072 -40.1312 -24.5207 -68.897804
34.1875 -40.0661 -24.2388 -68.925974
35.3747 -39.954 -25.6606 -68.954209
36.0556 -40.1808 -27.3735 -68.982858
37.1117 -40.5409 -28.8636 -69.011222
37.9499 -40.8975 -30.5002 -69.039604
38.8019 -40.6861 -32.1277 -69.06804
39.8174 -40.5169 -33.6425 -69.096305
40.8901 -40.7217 -35.068 -69.124445
42.5305 -41.61 -35.2384 -69.152458
44.3755 -41.8861 -35.4176 -69.180344
45.9871 -42.2694 -36.0731 -69.208106
47.4878 -43.2765 -36.1873 -69.236198
49.3319 -43.6209 -36.2065 -69.264588
51.1887 -43.712 -36.2324 -69.291878
53.0372 -43.4731 -36.3042 -69.318818
54.8899 -43.6769 -36.497 -69.345302
56.6959 -43.5991 -36.9065 -69.371432
58.2639 -44.1277 -37.6876 -69.39709
59.5341 -44.5902 -38.7803 -69.422432
60.5988 -45.0677 -39.8571 -69.446994
61.8729 -46.2433 -40.1922 -69.470887
63.3313 -46.5896 -41.0735 -69.494154
64.0217 -46.6763 -42.7931 -69.516774
64.5704 -46.7494 -44.583 -69.538488
64.8703 -46.6711 -46.4334 -69.559976
65.1687 -46.5915 -48.2839 -69.579757
65.5964 -46.5388 -50.1097 -69.598407
65.7108 -46.4215 -51.9702 -69.617117
65.6981 -46.2783 -53.8407 -69.634275
65.6854 -46.1351 -55.7113 -69.649262
65.6727 -45.9919 -57.5819 -69.662058
65.7296 -45.7497 -59.4403 -69.673279
65.8135 -45.4694 -61.2934 -69.682369
66.0243 -45.0935 -63.1166 -69.689301
66.1717 -44.6856 -64.9394 -69.694089
66.3305 -44.1781 -66.4646 -69.696532
5.6517 -16.7814 -12.2027 -68.123504
5.689 -16.9607 -13.7308 -68.173674
5.7263 -17.14 -15.259 -68.222908
5.7636 -17.3194 -16.7872 -68.271212
5.8009 -17.4987 -18.3154 -68.318595
5.8383 -17.678 -19.8436 -68.365061
5.8756 -17.8574 -21.3717 -68.410614
5.9129 -18.0367 -22.8999 -68.455258
5.9502 -18.216 -24.4281 -68.498996
5.9875 -18.3954 -25.9563 -68.541827
6.0248 -18.5747 -27.4845 -68.583753
6.0621 -18.754 -29.0126 -68.624773
6.0994 -18.9334 -30.5408 -68.664886
6.1367 -19.1127 -32.069 -68.704089
6.1741 -19.292 -33.5972 -68.74238
6.2114 -19.4714 -35.1254 -68.779755
6.2487 -19.6507 -36.6536 -68.81621
6.286 -19.83 -38.1817 -68.851739
6.3233 -20.0094 -39.7099 -68.886337
6.3606 -20.1887 -41.2381 -68.919997
6.3979 -20.368 -42.7663 -68.952712
6.4352 -20.5474 -44.2945 -68.984476
6.4725 -20.7267 -45.8226 -69.015279
6.5099 -20.906 -47.3508 -69.045113
6.5472 -21.0854 -48.879 -69.073969
6.5845 -21.2647 -50.4072 -69.101838
6.6218 -21.444 -51.9354 -69.12871
6.6591 -21.6234 -53.4635 -69.154576
6.6964 -21.8027 -54.9917 -69.179424
6.7337 -21.982 -56.5199 -69.203244
6.771 -22.1614 -58.0481 -69.226027
6.8083 -22.3407 -59.5763 -69.247761
6.8457 -22.52 -61.1045 -69.268437
6.883 -22.6994 -62.6326 -69.288044
6.9394 -22.8766 -64.1572 -69.306574
8.1498 -22.8799 -64.1006 -69.324469
8.9886 -23.516 -62.989 -69.342043
9.9314 -24.3205 -62.1091 -69.359031
10.5435 -25.411 -61.3105 -69.375589
11.1641 -26.7642 -60.9602 -69.391524
11.7371 -28.177 -61.0516 -69.406756
12.2468 -29.4991 -61.4619 -69.421298
12.6299 -30.7915 -61.1111 -69.435119
13.0367 -32.212 -60.6823 -69.448078
13.4206 -33.6473 -60.2909 -69.46014
13.672 -35.0666 -59.8345 -69.471182
13.7802 -36.5811 -60.0484 -69.481099
13.7177 -38.0731 -60.4184 -69.489832
13.5658 -39.5761 -60.7091 -69.497336
13.3014 -41.0704 -60.6511 -69.503499
13.3571 -42.0105 -59.4467 -69.508294
13.5377 -43.0476 -58.3404 -69.511554
13.6333 -44.0606 -57.3331 -69.513228
-2.4565 -0.91 0.0523 -67.562159
-2.8293 2.667 0.2464 -67.478745
-3.0866 6.216 0.7208 -67.393316
-2.2413 9.6979 1.5153 -67.30555
-0.7404 12.7593 0.9662 -67.216218
0.227 15.8879 -1.0884 -67.120345
0.5524 20.1154 -1.9386 -67.017736
0.4575 24.418 -2.5408 -66.912681
0.4389 27.3767 -5.5178 -66.80503
-0.013 29.9656 -8.7108 -66.695047
-0.1419 14.3216 0.264 -67.16901
0.8616 14.8245 1.2959 -67.147995
2.5303 15.409 3.4469 -67.108704
5.0961 15.9466 3.8822 -67.067898
7.8356 16.5695 3.9069 -67.025316
10.5566 17.2922 4.0994 -66.98159
13.2701 17.9524 4.5537 -66.936433
15.8121 18.8134 4.7988 -66.890033
17.2134 19.7132 4.344 -66.858791
17.5574 19.3689 4.0634 -66.858596
-0.9274 14.3109 0.2417 -67.169562
-2.5488 14.1754 0.0246 -67.173872
-4.1702 14.04 -0.1925 -67.17782
-5.6969 13.9854 -0.1496 -67.181418
-6.0083 14.0245 0.9686 -67.184727
-4.7591 13.8534 0.1003 -67.187721
-4.5248 13.8442 -1.5168 -67.191015
-4.3735 13.8457 -3.1513 -67.193788
-4.2222 13.8471 -4.7858 -67.195972
-4.0708 13.8486 -6.4202 -67.197616
-3.7648 13.9278 -8.018 -67.19883
-3.1571 14.1597 -9.5252 -67.19972
-2.5409 14.9686 -10.6984 -67.200345
-0.6612 32.5013 -8.9792 -66.626446
-1.3441 34.6869 -8.6538 -66.570115
-2.5162 37.7967 -7.959 -66.482291
-4.0883 40.798 -9.2426 -66.39299
-6.1771 43.4321 -10.5669 -66.302293
-7.4526 45.9637 -12.4793 -66.210047
-8.199 48.9959 -14.3148 -66.115213
-8.488 52.2581 -16.0262 -66.017808
-8.9751 55.6713 -17.3793 -65.918912
-8.9724 59.3456 -17.9864 -65.818583
-8.8355 62.9598 -18.9326 -65.716739
-8.1651 65.7964 -21.101 -65.613303
-8.071 69.4931 -21.2598 -65.508409
-8.0725 72.7987 -19.5494 -65.402745
-8.8931 75.9303 -20.6534 -65.30801
-9.8467 77.8663 -22.8286 -65.223576
-10.916 79.9845 -24.8489 -65.138168
-11.8107 82.572 -26.461 -65.044348
-13.9622 85.1541 -28.0376 -64.941977
-15.428 87.4195 -30.0798 -64.837879
-16.2874 89.1284 -32.8169 -64.7444
-17.1302 91.8068 -33.4334 -64.662037
-16.6579 94.7355 -33.3269 -64.578724
-16.2793 97.4317 -32.2507 -64.494518
-16.0966 100.3779 -31.8618 -64.409345
-15.6048 103.2146 -31.8672 -64.271727
-15.0646 104.6984 -30.0846 -64.080185
-14.4099 106.6313 -31.3901 -63.886866
-13.9013 109.3975 -31.7321 -63.691395
-13.1382 112.1018 -31.8855 -63.493738
-12.0288 114.6912 -32.2205 -63.293634
-9.9615 116.491 -32.7147 -63.091279
-8.3964 118.5551 -33.6954 -62.886496
-7.0441 120.3709 -35.2413 -62.679051
-16.3107 103.1222 -31.2609 -64.337851
-17.0106 105.6108 -30.0258 -64.281778
-17.7104 108.0993 -28.7907 -64.226795
-18.4103 110.5878 -27.5556 -64.172912
-19.1321 113.0846 -26.3544 -64.120122
-20.0839 115.6275 -25.7828 -64.067764
-21.6544 117.8269 -26.4818 -64.015435
-22.4041 120.0541 -28.0006 -63.96307
-23.8204 121.9956 -29.2918 -63.910781
-16.2837 88.4956 -30.6847 -64.774247
-16.9057 88.45 -28.8674 -64.752904
-17.5277 88.4044 -27.0501 -64.732549
-18.1496 88.3588 -25.2328 -64.713168
-18.7716 88.3131 -23.4155 -64.694747
-19.3936 88.2675 -21.5982 -64.677269
-20.0155 88.2219 -19.7808 -64.660714
-20.6375 88.1763 -17.9635 -64.645065
-21.2595 88.1307 -16.1462 -64.630299
-21.8814 88.0851 -14.3289 -64.616398
-22.5034 88.0394 -12.5116 -64.603342
-23.1253 87.9938 -10.6943 -64.591107
-23.7473 87.9482 -8.8769 -64.579672
-24.3693 87.9026 -7.0596 -64.569015
-24.9912 87.857 -5.2423 -64.559111
-25.6132 87.8114 -3.425 -64.54994
-26.2352 87.7657 -1.6077 -64.541479
-26.8571 87.7201 0.2096 -64.533704
-27.4791 87.6745 2.0269 -64.526592
-28.1011 87.6289 3.8443 -64.52012
-28.723 87.5833 5.6616 -64.514265
-10.6474 82.0467 -25.97 -65.083331
-9.8973 83.5702 -26.7997 -65.060301
-8.9166 84.4636 -28.1497 -65.037427
-7.9416 85.635 -29.2349 -65.014714
-6.7633 86.7616 -30.2244 -64.992232
-5.9934 87.8877 -31.5 -64.969939
-4.805 89.0805 -31.9871 -64.947863
-4.0074 90.0975 -33.2964 -64.925859
-3.642 91.5318 -34.1524 -64.904196
-3.5504 92.2381 -35.0395 -64.882746
-2.6112 93.3175 -34.37 -64.86149
-1.4138 94.7914 -34.5426 -64.84059
-0.1697 96.0984 -35.117 -64.81996
0.8889 97.112 -35.3375 -64.799599
1.8787 97.6218 -33.8386 -64.779506
3.297 98.6527 -34.2066 -64.759848
4.478 100.1526 -34.2331 -64.740593
5.7259 101.6013 -34.2783 -64.721664
6.9236 103.076 -34.3329 -64.70317
8.2378 104.4594 -34.2789 -64.68507
9.708 105.6324 -34.1824 -64.667441
11.0242 106.9149 -34.1788 -64.650211
12.03 108.5293 -34.2938 -64.63345
12.8387 110.237 -34.4028 -64.617168
13.6986 111.9172 -34.2947 -64.60138
14.9808 113.3035 -34.0183 -64.586116
16.3534 114.5382 -33.5266 -64.571376
-8.0122 74.6652 -19.0128 -65.337447
-7.3733 74.7434 -17.1393 -65.313433
-6.2129 74.8717 -15.5661 -65.289801
-4.6588 75.1485 -14.4836 -65.266379
-2.9313 75.2005 -13.5318 -65.243105
-1.1908 75.5548 -14.025 -65.219972
0.2492 75.4182 -15.2751 -65.19696
1.6994 75.2949 -16.4498 -65.174189
3.456 75.8724 -16.5978 -65.15158
4.909 77.061 -16.0201 -65.129182
6.3489 78.0205 -15.2054 -65.107028
7.6777 78.1558 -16.557 -65.084969
9.1932 78.8939 -17.1669 -65.063226
10.3243 80.3116 -17.9293 -65.041763
11.8031 81.2429 -18.8099 -65.020607
13.3202 82.0201 -19.7154 -64.999737
14.672 82.8734 -20.8357 -64.979213
15.8195 84.0369 -21.4716 -64.959065
17.3968 85.0052 -21.5241 -64.939268
19.1523 85.9091 -21.6233 -64.919856
20.835 86.8367 -21.5731 -64.900855
22.3782 87.6805 -22.4819 -64.882217
23.6336 88.6822 -23.6145 -64.864057
25.3121 89.236 -24.4178 -64.846363
26.9271 90.1776 -25.069 -64.828793
28.5711 91.1435 -25.6063 -64.811529
30.1849 92.1759 -26.0934 -64.795249
31.906 93.0582 -26.3886 -64.779601
33.349 94.3802 -26.2354 -64.764522
34.682 95.7638 -25.7885 -64.750041
36.0698 96.9946 -25.1164 -64.73616
-9.1332 71.1226 -19.9391 -65.440379
-11.2049 71.3971 -19.3463 -65.41109
-12.2503 72.1505 -17.4371 -65.381829
-13.2771 72.9723 -16.3017 -65.352674
-15.0629 74.4381 -16.0237 -65.323674
-17.1889 75.3374 -15.9102 -65.294721
-18.7708 76.7954 -16.5998 -65.265844
-20.2396 77.7578 -18.0502 -65.236986
-21.4318 79.2493 -19.3169 -65.208252
-22.4493 80.8848 -20.0685 -65.187436
-23.644 82.5321 -19.9209 -65.174813
-25.2693 83.8199 -19.7197 -65.162588
-26.4282 85.5474 -19.5741 -65.150739
-27.4271 87.2915 -19.7394 -65.139256
-28.2555 88.0894 -18.5764 -65.128054
-28.4362 88.7812 -16.6121 -65.117199
-28.7184 89.4709 -14.6555 -65.106848
-28.5952 90.5234 -12.9306 -65.096941
-28.0087 92.2281 -11.8717 -65.087456
-28.1824 93.3344 -10.523 -65.07836
-28.881 94.9101 -9.3484 -65.069687
-29.1637 96.6406 -8.2343 -65.061449
-29.7507 98.589 -7.8416 -65.053642
-31.2546 100.014 -7.7767 -65.046262
-32.9856 101.1833 -7.8435 -65.039337
-34.438 102.6859 -7.93 -65.032834
-35.8645 104.1959 -8.077 -65.026775
-37.7492 105.0636 -8.2888 -65.021165
-39.7252 105.5106 -8.4883 -65.015981
-41.4274 106.5542 -8.4275 -65.011227
-22.5697 79.9845 -21.0657 -65.185265
-23.5049 79.5868 -23.0086 -65.1702
-24.7357 79.2357 -23.1851 -65.157045
-26.0186 79.7983 -22.2548 -65.144261
-27.6912 80.6895 -21.9109 -65.131831
-29.3246 81.7314 -21.4655 -65.119765
-31.1306 82.4861 -21.4143 -65.108066
-32.9071 83.2024 -21.5235 -65.096693
-34.8537 83.2248 -21.3716 -65.085691
-36.6622 83.819 -20.8419 -65.075044
-38.0322 83.5029 -19.5874 -65.06474
-39.4902 83.5562 -18.2934 -65.054825
-40.9141 84.0358 -17.0459 -65.045286
-42.4783 85.0996 -16.5078 -65.036155
-44.0118 86.2891 -16.2793 -65.027409
-45.0805 86.8165 -17.3328 -65.018881
-45.3985 87.0849 -19.2874 -65.010803
-46.0085 87.5938 -21.1008 -65.003105
-46.5256 87.8633 -23.0125 -64.995803
-47.0124 88.1443 -24.9307 -64.988895
-48.0466 88.8001 -25.8124 -64.982468
-49.3531 89.8139 -24.8517 -64.976436
-23.4169 79.5945 -22.041 -65.176971
-7.4755 47.1812 -14.128 -66.158132
-6.6397 46.9581 -15.442 -66.148109
-6.0885 47.0624 -16.854 -66.138515
-5.6785 47.4504 -18.3124 -66.129131
-5.0375 48.1975 -19.4234 -66.12007
-4.9376 48.8586 -20.8471 -66.11128
-4.8994 49.5688 -22.2208 -66.102827
-4.8067 50.8524 -23.1201 -66.094801
-4.348 52.1399 -23.896 -66.086813
-3.8636 53.4258 -24.6617 -66.079567
-3.2759 54.7308 -25.2965 -66.073033
-2.6137 56.0992 -25.6637 -66.067105
-1.9972 57.5231 -25.7699 -66.061753
-0.7472 58.4335 -25.8246 -66.057041
0.1834 59.5702 -25.9895 -66.053008
1.0556 60.8294 -26.3063 -66.049706
1.4265 62.1744 -26.9168 -66.047176
1.2466 63.3678 -27.9187 -66.045447
0.8615 64.5278 -28.8693 -66.044562
-1.2039 34.2315 -8.7378 -66.594914
-2.1645 36.692 -8.3921 -66.557624
-3.11 39.1845 -8.3928 -66.519698
-3.9026 40.3411 -6.7187 -66.481128
-4.4638 40.8393 -4.1593 -66.441857
-5.2514 41.2336 -1.6507 -66.402117
-6.4986 41.3875 0.6577 -66.361999
-6.9016 41.3668 3.1344 -66.321179
-8.3244 41.1475 5.0228 -66.280334
-9.0777 42.2825 6.6587 -66.246029
-10.4818 44.1286 6.7312 -66.218562
-12.0542 45.877 6.472 -66.191076
-13.7926 47.4551 6.7415 -66.163555
-14.3287 48.7274 8.6097 -66.135916
-14.2892 50.0448 10.5825 -66.108341
-14.3831 52.2013 11.5125 -66.080829
-15.4653 54.1641 11.5993 -66.053361
-15.9872 56.1264 10.7348 -66.025898
-15.9935 58.493 10.4465 -65.998505
-16.6674 59.2873 8.5547 -65.970987
-17.4698 59.7595 6.3608 -65.943566
-17.8092 61.9411 6.2291 -65.916317
-19.8136 62.8997 6.5069 -65.889038
-21.3274 63.1601 7.9551 -65.861688
-22.8218 64.0013 9.1439 -65.840814
-24.7396 64.6596 9.7419 -65.826664
-25.9313 65.6939 8.2209 -65.8129
-27.3521 67.091 7.1443 -65.799516
-27.8515 68.7801 5.7356 -65.786526
-28.9706 70.1238 4.2552 -65.773971
-29.8302 71.1977 2.3661 -65.761807
-30.5772 72.9481 2.3143 -65.750061
-31.2511 73.9836 4.3225 -65.738759
-31.8836 74.7971 6.3519 -65.727883
-33.4979 76.3178 6.0157 -65.717519
-35.3494 77.7054 5.6794 -65.707626
-36.2359 77.7987 3.4859 -65.698144
-36.823 78.2142 1.2302 -65.68914
-37.2962 78.8752 -1.0041 -65.680633
-38.0777 79.5243 -3.1351 -65.672671
-38.5828 79.8578 -5.4262 -65.665159
-40.1286 80.7679 -6.86 -65.658219
-41.8887 81.3717 -5.9333 -65.651784
-43.201 81.2826 -4.0378 -65.645847
-44.3102 81.7185 -2.0187 -65.640456
-23.2557 64.0561 8.131 -65.839267
-24.9649 64.9635 8.1844 -65.82188
-26.0616 65.9005 8.9001 -65.804352
-26.305 66.1448 10.8713 -65.78691
-26.4364 66.2766 12.8582 -65.769993
-26.7662 66.3845 14.8041 -65.753343
-28.2543 66.3369 15.7942 -65.736992
-29.7596 66.2207 16.7645 -65.720801
-29.8152 66.2528 18.7633 -65.70485
-30.2709 66.9957 19.6957 -65.689167
-31.7156 67.9135 20.4594 -65.673646
-32.1409 69.5247 21.5115 -65.658404
-33.0427 71.1208 22.2483 -65.643475
-33.7682 72.7602 23.0868 -65.628833
-34.714 74.4169 23.6586 -65.614516
-35.5114 76.0162 24.4887 -65.600502
-35.8784 77.7991 25.2812 -65.586778
-36.6919 79.4931 25.9091 -65.573381
-37.5921 81.2366 26.1638 -65.560347
-37.9648 82.9348 26.6532 -65.547578
-38.1232 84.1537 28.0096 -65.535214
-37.4894 85.6297 29.04 -65.523208
-37.0034 87.4849 29.1485 -65.511576
-36.7841 89.4485 29.2879 -65.499948
-36.3959 91.4052 29.448 -65.488736
-9.6387 41.5186 6.3846 -66.249566
-11.2133 41.8239 6.3128 -66.229399
-12.0979 42.4791 4.8865 -66.209003
-13.2557 43.35 3.9751 -66.188685
-14.2423 43.577 2.4577 -66.168302
-15.3556 43.71 1.0276 -66.147967
-15.9894 44.5732 -0.4476 -66.127618
-16.6871 45.12 -2.0478 -66.107334
-17.7188 45.8368 -3.2857 -66.087031
-18.5783 46.8498 -4.5254 -66.066822
-19.9074 47.2662 -5.6939 -66.04672
-21.5852 47.5437 -6.3542 -66.026775
-22.9761 48.6597 -6.3259 -66.007035
-24.3563 49.8697 -6.2079 -65.98744
-25.8552 50.8966 -6.0169 -65.9681
-27.0962 51.9486 -5.4199 -65.948902
-27.9482 52.3876 -3.9646 -65.929879
-29.654 52.5789 -3.9322 -65.911235
-30.6445 52.9077 -5.3714 -65.892845
-32.0441 53.5066 -6.2656 -65.874817
-33.4656 54.634 -6.5349 -65.857184
-34.9544 55.5474 -7.0531 -65.839997
-36.2819 56.6634 -7.6004 -65.823254
-37.6486 57.8611 -7.7756 -65.806957
-38.5034 59.4777 -7.6459 -65.791189
-39.3718 61.0534 -7.2838 -65.776055
-40.2991 62.551 -6.7638 -65.761526
-41.2384 64.045 -6.261 -65.747627
-41.8614 65.6914 -5.7694 -65.734449
-42.4591 67.2851 -5.1652 -65.721996
-43.3383 68.5969 -4.4191 -65.710332
-44.4522 70.0317 -4.1392 -65.699539
-45.5063 71.5345 -4.0501 -65.689595
-46.5569 73.035 -4.1531 -65.680587
-47.8716 74.2263 -4.5515 -65.67255
-48.8625 75.1738 -5.5759 -65.665535
-49.2408 75.7623 -7.2733 -65.65953
-49.4584 77.0985 -8.4631 -65.654677
-49.9501 78.752 -8.946 -65.650965
-51.026 79.8745 -9.2484 -65.648459
-51.28 79.9424 -10.8927 -65.647153
17.7044 20.951 4.9703 -66.843571
18.2015 22.2043 5.6044 -66.828277
18.6985 23.4577 6.2386 -66.813116
19.0912 25.152 6.8819 -66.794077
19.429 27.2733 6.757 -66.770892
20.0937 28.9393 5.4586 -66.747453
20.5192 30.5261 4.0181 -66.723777
21.7848 31.8769 2.8501 -66.699853
22.0977 33.1829 1.0434 -66.675711
23.2662 34.71 0.0406 -66.651503
23.7528 35.2305 -1.9989 -66.627048
24.4415 36.3316 -0.4475 -66.602422
25.2156 37.3871 1.3732 -66.577732
25.5431 38.1412 3.4507 -66.552908
26.3109 39.4951 5.0553 -66.528147
27.3125 40.7429 3.9319 -66.503331
27.6125 41.5008 5.9749 -66.478324
27.8649 42.4672 7.8245 -66.453372
28.5761 44.0126 9.106 -66.428514
29.3017 45.8785 9.8466 -66.403734
29.8444 47.4239 10.9837 -66.378842
29.8427 48.4745 12.9418 -66.354092
30.4043 50.5089 13.6559 -66.329477
32.2661 51.6774 14.0416 -66.304934
33.7432 53.3643 13.9508 -66.280526
35.3704 54.8773 13.6311 -66.256215
36.404 56.7929 13.1328 -66.232034
37.9566 57.9008 12.228 -66.208066
39.1636 59.6692 11.6914 -66.184242
40.7811 61.2139 11.412 -66.160575
42.5407 62.5144 11.7504 -66.137169
43.9242 63.8221 12.81 -66.113923
45.3908 65.165 13.6376 -66.090925
45.9271 67.2097 14.1714 -66.068253
46.6355 69.1359 14.3788 -66.045848
48.3635 70.1089 14.8857 -66.023701
49.6569 71.9103 15.1633 -66.001443
50.9513 73.7475 15.4455 -65.979494
52.8054 74.9337 15.6383 -65.958301
54.7263 75.5702 15.6827 -65.937469
56.0864 76.9982 15.657 -65.91699
57.1449 78.0802 14.4904 -65.896804
58.894 79.349 14.0314 -65.877066
60.9129 80.2627 14.3307 -65.85774
62.6887 81.5896 14.007 -65.838803
64.1912 82.1373 14.8133 -65.820191
65.3934 82.3955 16.5144 -65.80205
66.9021 83.2776 17.6975 -65.784423
67.4164 84.9808 18.6495 -65.767271
68.0681 86.9646 19.2519 -65.750674
18.9087 24.0362 7.1126 -66.805469
19.1476 18.9083 3.9431 -66.840688
20.9905 18.3979 3.8423 -66.820001
22.9152 18.2333 3.6481 -66.798911
24.7758 17.8958 3.3306 -66.777505
26.5871 18.0132 3.1308 -66.75575
28.3023 18.6484 3.6845 -66.733663
29.9424 18.8206 4.6508 -66.711314
31.2866 18.6601 5.9911 -66.688615
32.7096 18.1098 7.1234 -66.665685
34.1103 16.8391 7.543 -66.642552
35.4164 15.4177 7.7072 -66.619175
36.5618 14.0174 7.4707 -66.595618
38.0589 13.6462 6.35 -66.571895
39.8047 13.3092 5.8907 -66.548029
41.5119 12.7068 5.2455 -66.524011
42.8693 12.0614 4.0202 -66.499808
44.4573 11.3345 3.2295 -66.47553
45.9294 10.8303 2.4767 -66.451107
47.1014 10.1377 3.6205 -66.426674
48.3849 9.3089 4.6779 -66.40223
49.394 9.6773 6.2389 -66.377618
50.6478 10.0528 7.6185 -66.353039
51.9327 9.8336 9.0023 -66.328543
53.4883 10.1208 10.104 -66.304118
55.2334 9.8227 9.9071 -66.279787
57.0597 9.924 9.3135 -66.254128
58.8743 9.6526 8.6558 -66.227986
60.689 9.3812 7.9981 -66.202865
62.4959 9.1815 7.3186 -66.178711
64.0964 9.6659 6.3822 -66.155016
65.6128 10.0298 5.5676 -66.131524
66.3879 8.7348 6.61 -66.108215
67.0408 7.9267 8.2378 -66.085236
67.6184 7.3624 10.0083 -66.062459
68.2214 6.7991 11.7671 -66.039999
68.8557 6.3245 13.5452 -66.018032
69.5936 6.0215 15.3177 -65.996348
70.6128 5.6939 16.9232 -65.975237
71.846 5.1297 18.3139 -65.95476
73.446 5.6128 19.1551 -65.934736
75.1394 5.1362 19.9892 -65.914977
76.7792 5.1163 20.887 -65.896166
78.3203 5.541 21.9782 -65.877975
79.5543 6.0354 23.1887 -65.86049
80.477 6.477 24.7608 -65.843824
82.1371 6.4027 25.3832 -65.82793
83.992 6.8997 25.7174 -65.812874
85.8702 6.8251 26.0726 -65.798693
87.7509 6.7088 26.4848 -65.785454
89.6348 6.7028 26.6547 -65.773209
91.0074 6.4378 25.4152 -65.762027
92.1971 6.0461 24.0228 -65.751889
93.1627 5.5053 22.7795 -65.742657
93.4181 5.3578 20.8527 -65.734641
93.6827 5.205 18.9277 -65.727908
93.9559 5.0473 17.0042 -65.722492
94.7999 4.5071 17.8661 -65.718479
-1.9865 16.2264 -10.9822 -67.20079
-1.6114 17.3396 -11.0385 -67.201027
-1.1973 18.2526 -10.4886 -67.201171
-0.4899 18.8695 -10.968 -67.201252
0.4947 18.656 -11.4238 -67.201287
-5.9486 122.6202 -36.4545 -62.468872
-4.8563 124.4889 -38.1946 -62.255915
-3.4433 126.1431 -39.8024 -62.040489
-2.2407 128.597 -40.3971 -61.822545
-1.5188 131.295 -40.1613 -61.601744
-1.6696 134.0734 -40.2753 -61.378158
-2.517 136.7345 -40.7076 -61.151597
-3.2762 139.4376 -41.1589 -60.922009
-4.1563 142.1305 -41.3938 -60.689488
-4.9956 144.8475 -41.5126 -60.453764
-4.2109 147.46 -41.641 -60.215144
-3.9407 150.1251 -41.6099 -59.973027
-3.8535 152.9656 -41.6389 -59.727824
-3.8797 155.8081 -41.7765 -59.47893
-3.362 158.4701 -41.8809 -59.226387
-3.9026 161.1882 -41.8597 -58.970194
-4.6546 163.8938 -41.7416 -58.710262
-4.458 166.7321 -41.7051 -58.446455
-4.7248 169.4267 -41.9823 -58.178639
-5.9516 171.9513 -42.4086 -57.90652
-6.8697 174.6164 -42.5236 -57.630209
-7.1469 177.3942 -42.5991 -57.349298
-8.5483 179.5426 -43.6297 -57.06363
-9.0965 181.9163 -44.9846 -56.772444
-9.3572 184.5276 -45.8738 -56.476617
-10.3037 185.8819 -45.5629 -56.251425
-12.6165 185.7411 -44.527 -56.100881
-14.6492 185.7303 -43.1953 -55.949772
-16.2496 187.2653 -42.1906 -55.796231
-17.9145 189.1431 -41.8854 -55.639602
-19.4479 191.0685 -41.5909 -55.479686
-21.0169 192.9475 -41.0017 -55.316138
-22.4125 194.4386 -40.3024 -55.148762
-23.7068 195.9472 -39.0039 -54.977227
-25.0392 197.7028 -39.8911 -54.801443
-25.8175 200.0563 -40.2799 -54.621213
-26.6369 201.4551 -41.5533 -54.435724
-27.5289 202.2594 -40.2727 -54.245056
-29.472 203.3638 -40.3713 -54.049348
-31.4096 204.4733 -39.3932 -53.847686
-31.9894 205.4816 -37.1556 -53.63876
-32.896 206.6385 -35.2063 -53.423535
-33.7738 206.9925 -32.8727 -53.200249
-35.326 208.2821 -31.3862 -52.969496
-36.5537 210.18 -30.3332 -52.729438
-37.6503 212.1937 -29.5135 -52.478862
-38.7499 214.0475 -28.2022 -52.215608
-38.8366 216.2339 -27.1303 -51.937465
-39.8429 217.9451 -25.6872 -51.641117
-40.3547 220.3663 -25.6679 -51.322031
-9.0607 186.6005 -47.0068 -56.246916
-8.6412 188.5188 -48.1723 -56.085557
-7.9227 189.8909 -49.7878 -55.920711
-7.3389 191.2666 -51.5099 -55.752299
-6.8689 192.8579 -53.067 -55.580356
-6.5717 194.5306 -54.6272 -55.404308
-6.699 195.7688 -56.5782 -55.22361
-6.6007 197.3796 -57.9455 -55.038621
-5.361 198.4457 -59.4593 -54.848487
-4.0706 199.0919 -61.2062 -54.652886
-2.56 200.3359 -61.9713 -54.452227
-1.1767 202.1203 -62.473 -54.245444
0.1257 203.765 -63.1817 -54.032317
0.5779 205.9809 -62.9411 -53.811968
1.7705 207.8999 -62.7909 -53.584031
1.7806 210.0234 -63.3852 -53.347828
1.251 212.0868 -62.5412 -53.102549
0.3882 214.2228 -62.3899 -52.847999
-0.4598 216.2968 -62.9067 -52.583002
-1.2479 218.4121 -63.4146 -52.30623
-2.0973 220.5416 -63.7457 -52.016474
-3.4118 222.4275 -63.923 -51.712054
-5.2388 223.8332 -64.0726 -51.390649
-7.0057 225.2983 -64.337 -51.049123
-8.1122 227.0393 -64.9339 -50.682524
-8.3675 229.0243 -65.402 -50.357799
-8.7031 230.7886 -65.6689 -50.082537
-9.2813 232.5101 -65.8231 -49.780248
-9.2237 228.2929 -64.8468 -50.43131
-10.9382 228.5001 -64.259 -50.299813
-12.6565 228.7042 -63.682 -50.139584
-25.5183 124.0162 -29.3962 -63.862394
-26.4756 125.8583 -28.1987 -63.817818
-27.6755 127.8327 -27.6028 -63.773335
-27.9279 128.8492 -29.077 -63.728849
-28.5728 129.8586 -27.39 -63.68426
-29.4951 131.5172 -26.0388 -63.640043
-30.3172 133.5583 -25.0126 -63.595921
-30.9903 134.755 -23.0132 -63.551934
-31.8576 136.0757 -21.167 -63.508119
-32.9249 137.8539 -19.8699 -63.464505
-34.7749 138.8966 -19.3111 -63.421039
-36.3176 139.9122 -18.0849 -63.377843
-37.4604 141.3871 -16.8864 -63.334883
-38.6623 143.1941 -16.0632 -63.292109
-40.1691 144.5551 -14.9429 -63.249528
-41.2877 146.3296 -14.9203 -63.207185
-42.5778 148.1549 -14.027 -63.165162
-43.9866 149.9737 -13.1872 -63.123519
-45.0144 151.7833 -12.0503 -63.082171
-45.5532 153.8159 -10.8393 -63.041151
-46.3861 156.0367 -10.2537 -63.0005
-46.9837 158.3901 -9.9517 -62.960298
-47.8117 160.6751 -9.7756 -62.920464
-49.0447 162.6915 -9.706 -62.881104
-50.015 164.9082 -9.8518 -62.842203
-51.5234 166.8379 -9.9384 -62.803784
-52.9161 168.8061 -9.9279 -62.765886
-54.0733 170.9215 -9.7859 -62.728507
-55.7453 172.652 -9.5467 -62.691699
-57.6094 174.1497 -9.6472 -62.655475
-59.246 175.273 -8.9172 -62.619847
-60.6519 176.3429 -7.7572 -62.584875
-61.8971 178.3631 -7.4187 -62.550585
-62.7492 180.6081 -7.5045 -62.516966
-63.9736 182.7158 -7.7021 -62.484121
-65.2308 184.8141 -7.6187 -62.452074
-66.7492 186.7003 -7.6491 -62.420854
-68.417 188.4651 -7.7574 -62.390465
-69.4591 190.6092 -7.7695 -62.360994
-69.6776 192.1396 -9.5531 -62.33233
-70.6232 193.0213 -8.854 -62.304289
-70.9662 193.1386 -6.4297 -62.277279
-71.4596 193.5338 -4.0639 -62.251333
-72.1758 195.2071 -3.9513 -62.226675
-73.6159 196.7389 -5.1111 -62.20313
-74.8609 198.522 -6.148 -62.180711
-75.7426 199.5734 -7.6936 -62.159412
-75.3694 199.5725 -10.1146 -62.138952
-74.4019 199.6256 -11.6143 -62.119958
-73.8016 200.0979 -9.3728 -62.102099
-74.5843 201.3776 -7.8285 -62.085483
-75.66 202.8847 -6.3385 -62.070031
-76.7569 204.7933 -5.2692 -62.055697
-77.7876 206.5222 -4.0466 -62.042355
-78.7815 208.5213 -3.0989 -62.029893
-29.3228 87.5393 7.4141 -64.509191
-29.9005 87.4969 9.1019 -64.504797
-30.4781 87.4545 10.7898 -64.500879
-31.0558 87.4122 12.4776 -64.497418
-32.2782 87.1841 13.3671 -64.49438
-33.8866 86.6278 13.8875 -64.491693
-35.2533 87.1539 14.4242 -64.489356
-35.8481 87.8038 15.3321 -64.487369
-36.8463 86.9864 16.4788 -64.485721
-38.3951 86.3544 16.7879 -64.484411
-40.0436 86.842 16.4412 -64.483434
-41.676 86.6973 15.7688 -64.482778
-43.0795 86.67 14.6822 -64.482438
-44.7397 86.6061 14.8133 -64.482405
-46.2784 86.3685 14.6265 -64.482671
-47.931 85.969 14.7511 -64.483226
-49.3382 85.0184 15.2541 -64.484058
-51.0157 84.5548 15.4912 -64.485158
-52.76 84.3802 15.7377 -64.486508
-54.4766 84.1118 16.1326 -64.4881
-56.1575 83.722 16.5614 -64.489922
-57.6854 83.1665 17.2616 -64.491958
-59.449 83.0129 17.2864 -64.494187
-61.2047 83.1213 17.0316 -64.496593
-62.4985 83.4162 16.057 -64.499166
-64.2493 83.561 15.9695 -64.501885
-65.9938 83.4285 15.6473 -64.504734
-67.7202 83.5173 15.2308 -64.507687
-69.055 83.036 14.2322 -64.510729
-69.8653 82.2066 12.9383 -64.513838
-71.0115 81.258 11.9738 -64.516986
-72.4278 80.4398 11.5445 -64.520159
-73.698 79.222 11.6667 -64.523322
-74.8344 77.8746 11.8888 -64.526446
-76.1909 76.8138 12.1994 -64.529531
-77.7152 76.0674 12.6693 -64.532538
-79.2241 75.3783 13.2714 -64.535437
-80.5771 74.3384 13.7242 -64.538205
-81.948 73.2954 14.1285 -64.540815
-83.3128 72.1963 14.4348 -64.543237
-84.2563 70.7511 14.49 -64.545452
-85.9688 70.3467 14.3507 -64.547429
-87.6869 70.083 14.43 -64.549138
-89.1236 69.3762 14.9056 -64.55056
-90.0942 69.1674 16.3612 -64.551666
-91.4773 68.4273 17.0893 -64.552426
-93.1744 68.4543 17.5737 -64.552819
17.4714 115.5383 -32.7054 -64.558383
18.7181 116.515 -32.6736 -64.54694
19.4474 117.9165 -32.6863 -64.53592
20.2746 119.2604 -32.6312 -64.52528
21.0837 120.5882 -32.4636 -64.515056
21.7758 121.9988 -32.2416 -64.505247
22.3094 123.4582 -32.1155 -64.495854
23.1409 124.8071 -32.0128 -64.486905
23.9385 126.1782 -31.9172 -64.478367
25.0849 127.2066 -31.902 -64.470296
25.7601 127.3047 -33.2559 -64.462598
26.628 127.211 -34.5602 -64.455343
27.4583 127.1967 -35.7592 -64.448594
28.395 127.5305 -34.6253 -64.44232
29.5644 128.205 -33.8463 -64.436551
30.5696 128.6374 -32.8152 -64.431241
32.0051 129.043 -32.2921 -64.426438
33.4128 129.4399 -31.6761 -64.422145
34.7649 130.0848 -31.1622 -64.418369
36.07 130.7044 -30.5266 -64.415114
37.2954 130.2845 -29.7509 -64.41238
38.6668 129.8544 -29.4393 -64.410174
40.0959 129.824 -28.9371 -64.40851
41.6596 129.7812 -29.1527 -64.40739
43.163 129.7557 -29.5887 -64.406826
37.3605 97.6671 -24.1386 -64.724201
38.5247 98.3419 -23.3011 -64.713961
39.4075 98.7958 -22.0704 -64.70412
39.7833 99.3954 -20.6642 -64.694697
39.86 99.407 -19.0804 -64.685608
40.1939 99.8932 -18.7303 -64.677086
40.4963 100.318 -20.2174 -64.668963
41.4643 101.4944 -20.1061 -64.661377
42.3976 102.7119 -19.7798 -64.654284
43.1049 104.0833 -19.5568 -64.647673
44.0865 105.3182 -19.6544 -64.641584
44.7899 106.7249 -19.7113 -64.636001
45.9094 107.8469 -19.694 -64.630949
47.0015 108.9935 -19.6267 -64.626429
47.4874 110.1272 -19.5101 -64.622336
47.4694 110.2183 -21.0953 -64.618425
47.4514 110.3094 -22.6805 -64.615189
47.4334 110.4005 -24.2657 -64.612617
47.4153 110.4915 -25.8509 -64.6107
47.3973 110.5826 -27.4361 -64.609431
47.3793 110.6737 -29.0213 -64.608801
-43.1464 107.2097 -8.6051 -65.007242
-44.2349 108.3552 -9.2701 -65.003896
-45.5183 109.1815 -10.1573 -65.000861
-46.5455 110.332 -10.9218 -64.998137
-47.6198 111.4497 -11.7523 -64.995722
-48.7733 112.6103 -11.9929 -64.993612
-49.0763 114.3515 -11.8794 -64.991804
-49.3422 116.0762 -11.586 -64.990298
-49.7822 117.0822 -10.2937 -64.989084
-50.4256 118.2912 -9.1739 -64.988161
-50.9978 119.2379 -7.7863 -64.987525
-51.2625 120.0244 -6.2601 -64.987169
-51.6654 121.1492 -4.9912 -64.987088
-51.9476 122.7357 -4.2703 -64.987276
-52.5998 124.2212 -3.6393 -64.987725
-53.274 125.7541 -3.0637 -64.988425
-53.9887 127.1954 -2.3704 -64.98937
-53.963 128.1021 -0.9245 -64.990562
-54.6255 128.6873 -0.6995 -64.991984
-55.0557 128.8462 -2.4173 -64.993628
-55.7093 129.6088 -3.8029 -64.995459
-56.3904 130.5701 -3.4395 -64.997484
-57.2397 131.7558 -2.5815 -64.999692
-57.7383 132.4193 -1.0375 -65.00209
-58.1997 132.8604 0.5026 -65.004632
-59.135 134.2149 0.2827 -65.007306
-59.5411 135.9385 0.3726 -65.010098
-60.3211 137.5272 0.4547 -65.012997
-61.5615 138.7924 0.4272 -65.015983
-62.8427 140.0202 0.4049 -65.019048
-63.9756 141.337 0.4784 -65.022165
-65.5415 142.0698 0.6041 -65.025319
-66.8201 143.3029 0.6105 -65.028491
-67.9523 144.6731 0.6097 -65.031743
-69.0106 146.0943 0.6091 -65.034904
-69.7753 147.6531 0.6561 -65.037996
-69.9859 148.4831 2.1055 -65.041045
-70.4429 149.3779 3.3991 -65.043987
-71.6135 150.4383 2.691 -65.046808
-72.4835 151.5429 1.7355 -65.049489
-72.9227 152.8592 2.7049 -65.052013
-72.5877 154.4469 3.3601 -65.054348
-73.0119 156.1489 3.5593 -65.056475
-73.1545 157.8864 3.5882 -65.058364
-74.1953 159.319 3.6169 -65.059993
-74.932 160.9303 3.7174 -65.061341
-75.2192 162.6661 3.8423 -65.062384
-75.4158 163.3004 5.1393 -65.063115
-75.4017 163.5667 6.8972 -65.063493
-50.1374 90.531 -23.3634 -64.97112
-51.2673 90.8857 -22.5511 -64.96647
-52.7159 91.6607 -23.1098 -64.962128
-54.0702 92.6015 -23.357 -64.95808
-55.4386 93.0469 -22.4458 -64.954326
-56.998 93.6059 -21.9041 -64.950861
-58.5673 94.2413 -21.5078 -64.947687
-59.4515 94.8578 -20.2839 -64.944775
-60.3751 95.9904 -19.3491 -64.942166
-61.639 96.317 -18.2753 -64.939828
-62.5765 96.8459 -17.7339 -64.937761
-63.9654 97.6322 -17.7098 -64.935953
-65.6166 98.1559 -17.9424 -64.934404
-67.3141 98.5251 -18.0363 -64.933105
-68.9906 98.999 -17.9141 -64.932053
-70.4527 99.8368 -17.5623 -64.931234
-71.8636 100.5751 -16.8437 -64.930642
-73.2945 101.1084 -16.0241 -64.930268
-74.8032 101.5319 -15.3155 -64.930101
-76.2937 102.0431 -14.7677 -64.93013
-76.9439 103.3194 -13.9021 -64.930344
-77.7853 104.5384 -13.0235 -64.93073
-79.1174 105.4827 -13.5256 -64.931274
-80.5678 106.3785 -13.889 -64.931965
-81.9123 107.4474 -14.0602 -64.932784
-82.892 108.884 -14.1362 -64.933721
-83.7902 110.3676 -14.0768 -64.934761
-84.9748 111.6284 -13.8567 -64.935882
-86.2002 112.6963 -13.3076 -64.937076
-87.0479 113.9279 -12.479 -64.938321
-87.7411 115.4304 -11.9657 -64.939597
-88.823 116.6812 -11.5653 -64.940888
-89.4834 118.0465 -10.8065 -64.942177
-90.0558 119.4566 -9.9504 -64.943444
-90.8226 120.9302 -9.4429 -64.944666
-91.9586 122.2396 -9.3374 -64.945826
-92.8888 123.6775 -9.6286 -64.946905
-93.6083 125.2344 -9.9613 -64.947885
-94.4583 126.6908 -10.3334 -64.948745
-95.6371 127.179 -11.2403 -64.949472
-96.5223 128.3643 -11.7434 -64.950043
-97.3565 129.8343 -11.9607 -64.95044
-98.0187 131.4271 -12.0082 -64.950648
-44.8397 82.3848 -0.1022 -65.636159
-45.6858 82.6745 1.4762 -65.632725
-47.0854 83.466 2.0376 -65.629628
-47.9154 84.1261 0.6038 -65.626839
-48.4536 84.4912 -1.1078 -65.624379
-49.4629 84.7481 -2.3216 -65.622245
-50.8487 85.4683 -2.9272 -65.62043
-51.3634 86.2483 -4.138 -65.618923
-51.1604 85.8865 -5.9031 -65.61774
-51.4147 86.3329 -4.63 -65.616877
-51.3753 86.9211 -3.2026 -65.616338
-51.6511 88.546 -2.6095 -65.616116
-52.0008 89.4665 -3.9264 -65.616209
-52.6137 90.8015 -4.1725 -65.616613
-53.4473 92.4123 -3.9386 -65.617329
-53.8653 94.1635 -3.6555 -65.618351
-53.9519 95.9277 -3.215 -65.619678
-54.3051 97.4953 -2.5507 -65.621307
-54.5625 98.6898 -1.1952 -65.623226
-54.547 99.8234 0.1762 -65.625441
-54.2907 100.3598 1.9096 -65.627945
-54.7709 101.2087 3.4194 -65.630708
-54.4328 101.9413 3.8933 -65.633732
-53.0212 101.1678 3.092 -65.637014
-52.5222 101.109 4.5528 -65.64057
-54.1846 101.7537 4.4499 -65.644349
-55.6576 102.8136 4.5394 -65.648357
-56.499 104.3974 4.7059 -65.65259
-56.8786 106.1716 4.8788 -65.657035
-56.4546 107.8733 4.5587 -65.661677
-55.6814 109.1098 4.4339 -65.666548
-55.7928 109.3656 6.2457 -65.671677
-56.2213 109.7146 7.7986 -65.67685
-55.5336 111.171 7.9788 -65.682162
-57.2605 111.7016 8.1166 -65.687589
-58.1121 113.2561 8.4551 -65.693135
-58.5985 114.919 9.0311 -65.698777
-59.6859 116.036 9.8099 -65.704471
-59.434 116.5435 10.5662 -65.710237
-59.3051 118.1105 11.4366 -65.71603
-59.9415 119.6907 12.0733 -65.721848
-60.8614 121.156 12.3489 -65.727641
-61.607 122.4945 11.39 -65.733419
-62.1797 124.0961 10.8491 -65.739129
-62.6253 125.8486 10.8404 -65.744751
-62.2188 127.4063 11.6395 -65.750262
-61.8461 129.0333 12.3882 -65.755636
-62.5327 130.6886 12.3999 -65.760847
-62.936 132.4579 12.2088 -65.765878
-63.3234 134.2117 11.8803 -65.770702
-63.6303 135.945 11.5157 -65.77528
-63.951 136.5199 9.8435 -65.779617
-64.1784 137.2406 8.1925 -65.783636
-64.0694 138.3872 6.7995 -65.787308
-64.3697 140.0086 6.0583 -65.79063
-64.8732 141.6033 5.322 -65.793555
-65.5178 142.5596 4.0703 -65.796072
-65.7682 143.1976 5.3492 -65.798147
-66.7186 144.3442 5.8832 -65.79974
-67.5125 145.9488 6.0337 -65.80083
-68.2142 147.6123 6.0332 -65.801389
-36.2134 93.2108 29.5751 -65.479072
-36.6635 94.7733 29.8902 -65.470601
-36.9263 96.2364 30.4302 -65.46241
-37.1622 97.773 30.8495 -65.45448
-37.5529 99.3568 31.1525 -65.44681
-37.9173 100.9487 31.3678 -65.439444
-38.3971 102.525 31.406 -65.432342
-38.3118 104.182 31.3802 -65.425536
-38.3833 105.841 31.3619 -65.419019
-38.5184 107.493 31.3513 -65.412784
-38.1793 109.1047 31.3065 -65.406832
-37.694 110.6348 31.1726 -65.401182
-37.4366 112.1749 31.1742 -65.395811
-36.4341 113.3684 31.2349 -65.390714
-35.2673 114.4885 31.1966 -65.385913
-35.1913 116.0244 31.322 -65.381402
-36.1323 117.264 31.8032 -65.377175
-36.1013 118.8174 31.8898 -65.373231
-35.2737 120.1279 31.585 -65.369576
-34.1912 121.3196 31.36 -65.366203
-33.7141 122.9011 31.2289 -65.363125
-33.0667 124.4147 31.1658 -65.360327
-32.8786 126.0601 31.1275 -65.357817
-32.0835 127.4884 31.1247 -65.355593
-31.8296 129.12 31.1246 -65.353647
-31.1422 130.5851 30.9859 -65.351983
-30.3228 131.8477 30.3079 -65.350596
-29.6856 132.4849 28.9766 -65.349482
-29.0719 133.0333 27.5676 -65.348645
-28.0844 133.7856 27.8775 -65.348088
-27.152 134.469 28.6173 -65.34781
68.8569 88.73 19.5506 -65.736605
69.4626 89.4871 18.5505 -65.724677
69.8694 90.2922 17.5312 -65.713091
70.1133 90.9732 19.0619 -65.701786
70.2522 92.4115 19.6157 -65.690854
70.8156 93.9888 19.8859 -65.68026
70.9233 95.5529 19.5992 -65.669974
71.3862 97.0655 19.4044 -65.660036
72.5006 98.2929 19.6588 -65.650461
72.7344 99.9408 19.94 -65.641211
72.932 101.5833 19.995 -65.632301
72.4313 103.198 19.9089 -65.623737
71.8799 104.7873 20.0008 -65.61555
71.5282 106.416 19.8144 -65.607701
71.2624 108.037 19.4849 -65.600219
70.3107 109.3594 19.2993 -65.593127
69.2896 110.7156 19.219 -65.586407
68.8552 112.3448 19.1576 -65.580064
68.8224 113.8606 18.9579 -65.574104
69.0085 114.8834 18.0264 -65.5685
68.8524 116.0924 16.8932 -65.56328
69.7271 117.2159 15.9694 -65.55844
70.0973 118.581 15.0882 -65.553997
70.8674 119.2691 13.939 -65.549921
70.3855 118.9765 13.515 -65.546254
69.9666 118.6726 13.3866 -65.542951
70.2125 118.847 11.7059 -65.540001
70.4357 118.9096 10.8982 -65.537505
70.1867 118.7318 12.5649 -65.535386
69.521 118.6003 13.8778 -65.533707
69.0153 119.2849 13.1332 -65.532446
69.8993 119.8704 11.9133 -65.531598
70.2963 119.9515 10.2866 -65.531171
95.5228 3.6634 18.9207 -65.716385
95.9521 3.5018 19.9853 -65.715334
96.3294 3.3373 21.069 -65.714801
-41.3421 222.5153 -25.6062 -50.996398
-42.702 224.1478 -25.2091 -50.694845
-44.2458 225.1088 -24.0553 -50.393936
-45.8189 226.0665 -23.0056 -50.093689
-47.3319 227.1224 -21.9872 -49.793557
-48.8138 228.7344 -21.8003 -49.493051
-50.1281 230.4969 -21.9165 -49.191502
-51.8278 231.7383 -22.0527 -48.888006
-52.8158 233.6774 -22.1145 -48.581626
-53.0724 235.6787 -22.1684 -48.340658
-53.6815 237.6012 -22.215 -48.165996
-54.8336 239.2327 -22.1693 -47.988524
-55.9455 240.9107 -22.1307 -47.807762
-56.8959 242.6769 -22.2538 -47.623147
-57.6448 244.0732 -23.1351 -47.434087
-57.9004 245.3567 -24.6431 -47.240477
-58.5973 247.0318 -25.4177 -47.042273
-59.3933 248.8468 -25.6686 -46.83897
-60.5485 250.492 -25.7129 -46.63019
-62.0102 251.8694 -25.795 -46.415543
-63.5819 251.7041 -25.7766 -46.195
-65.1861 252.5294 -25.4878 -45.968088
-66.5361 253.7075 -24.6451 -45.734949
-67.4482 255.4346 -24.2826 -45.495314
-68.0616 257.3349 -24.0645 -45.249211
-69.279 258.781 -24.0213 -44.996783
-70.6709 260.1778 -24.061 -44.737412
-71.4436 262.0159 -24.0595 -44.471439
-72.8554 263.4363 -23.888 -44.199015
-74.3055 264.6952 -23.3614 -43.920215
-75.6104 266.0079 -22.6232 -43.634645
-76.4194 267.7709 -22.2236 -43.341872
-77.0046 269.6763 -21.989 -43.042717
-77.6943 271.5617 -21.8675 -42.737293
-78.0414 273.5421 -21.7862 -42.425308
-78.9873 275.301 -21.7403 -42.107117
-80.3424 276.7952 -21.6879 -41.782952
-81.6546 278.3163 -21.6068 -41.452888
-83.1583 279.5974 -21.7854 -41.116908
-84.8953 280.6045 -21.8472 -40.774944
-86.7025 281.4584 -21.6828 -40.427344
-87.8751 282.8646 -21.0904 -40.074148
-89.4892 283.7967 -20.5891 -39.715532
-91.1007 284.9601 -20.5677 -39.352169
-92.4107 286.2858 -21.1453 -38.983176
-94.0557 286.9976 -21.9919 -38.609941
-95.7101 288.0996 -22.2545 -38.232157
-97.3406 289.2852 -22.2657 -37.850252
-98.976 289.9877 -22.9029 -37.463773
-100.2796 290.7986 -23.6291 -37.073161
-101.4799 291.8038 -22.4899 -36.678379
-103.036 292.9887 -22.0284 -36.280575
-104.6892 294.1312 -21.8834 -35.879457
-106.3559 295.2232 -22.151 -35.474969
-107.8941 296.3493 -22.6692 -35.067799
-109.1385 297.4951 -23.597 -34.6573
-110.8652 298.494 -23.4597 -34.244976
-112.4721 299.5248 -23.016 -33.829423
-113.8772 300.6139 -22.2042 -33.411549
-115.339 301.8994 -21.8314 -32.991571
-116.6463 303.427 -21.784 -32.569876
-117.9037 305.0024 -21.8441 -32.145953
-119.0254 306.6607 -22.003 -31.719473
-119.7365 308.5266 -22.2827 -31.291327
-120.0458 309.7921 -21.1758 -30.858982
-120.3335 310.3959 -19.2752 -30.426394
-120.8092 311.2425 -17.5331 -29.992448
-121.3861 312.9361 -16.6595 -29.557231
-122.3666 314.5966 -16.303 -29.121749
-123.445 316.2788 -16.4754 -28.683704
-124.5125 317.8962 -16.7048 -28.244271
-124.8879 318.6378 -14.9021 -27.80018
-124.9811 319.1413 -12.9496 -27.354172
-125.2786 319.7061 -11.0358 -26.906771
-125.7833 320.5605 -9.2875 -26.459603
-126.7853 321.2272 -7.7186 -26.011294
-128.1198 321.7372 -6.5853 -25.560376
-129.5338 322.6762 -5.6435 -25.108222
-130.8033 322.8583 -4.1103 -24.652875
-132.3486 322.5617 -2.9424 -24.196141
-133.5223 321.7567 -2.2514 -23.737499
-134.4075 321.0203 -3.7194 -23.276876
-136.141 320.0633 -3.704 -22.814457
-137.9234 319.2453 -3.5128 -22.349892
-139.8153 319.4438 -3.03 -21.878228
-141.7336 319.7231 -2.5415 -21.409247
-143.2992 318.8382 -1.8198 -20.939449
-143.6324 318.198 -3.1912 -20.465916
-144.6494 318.183 -2.5451 -19.990262
-145.6029 318.7473 -1.0864 -19.515232
-147.1116 319.1677 -0.0827 -19.039174
-149.0143 318.6505 0.3041 -18.562611
-150.835 317.9416 0.6531 -18.086677
-152.6003 318.3043 1.3039 -17.611453
-154.255 319.2248 1.8195 -17.137437
-156.1347 319.0641 1.3765 -16.665242
-157.9479 318.8394 0.6505 -16.19595
-159.8193 318.2421 0.4855 -15.729143
-161.6982 318.4908 0.8126 -15.266842
-163.3502 318.4678 1.946 -14.809584
-164.7917 318.8721 3.1901 -14.358629
-166.0348 318.4651 4.5448 -13.915773
-167.2051 317.7036 5.9108 -13.481189
-168.6856 318.3603 6.972 -13.056823
-170.5746 318.3686 7.6324 -12.643881
-172.4422 318.8037 8.0573 -12.244272
-173.7745 319.4811 7.41 -11.855961
-175.2708 319.8181 6.8918 -11.483198
-176.3866 321.0401 7.8064 -11.127072
-178.1084 321.388 8.4289 -10.788513
-179.8667 322.3331 8.1901 -10.469647
-181.7338 322.9719 7.9865 -10.170113
-183.2047 324.2061 7.6173 -9.891549
-184.6529 324.5109 6.7583 -9.635952
-186.4765 324.882 7.4149 -9.404928
-188.3601 325.5005 7.7542 -9.200535
-190.207 326.2741 7.8586 -9.023233
-191.8555 326.4884 7.2737 -8.873782
-192.3011 326.2807 5.3327 -8.751015
-192.4569 326.3027 3.3202 -8.655544
-192.6127 326.3246 1.3078 -8.591898
-192.7684 326.3466 -0.7047 -8.560075
-53.5618 234.7518 -22.4056 -48.342195
-55.3696 234.7358 -22.9279 -48.172239
-57.1775 234.7198 -23.4502 -48.001738
-58.9758 234.7413 -23.9753 -47.830235
-60.5834 235.6616 -24.1049 -47.655699
-62.2107 236.6032 -24.0421 -47.476323
-63.9306 237.3539 -24.0447 -47.292353
-65.5569 238.2591 -24.1396 -47.102759
-67.3063 238.9314 -24.1596 -46.908027
-68.8366 239.9978 -24.0522 -46.706984
-70.5332 240.314 -23.7713 -46.49992
-72.1779 239.7124 -23.3677 -46.286426
-73.9055 239.067 -23.0743 -46.066552
-75.764 238.9129 -23.0612 -45.840094
-77.5069 238.4311 -23.4834 -45.606816
-79.2728 238.5078 -23.5052 -45.366758
-81.0101 239.1307 -23.2489 -45.119718
-82.8258 239.4159 -22.9537 -44.865879
-84.5254 239.9346 -22.4418 -44.605218
-86.2406 240.0396 -21.7161 -44.337397
-87.8568 239.8217 -20.9364 -44.062912
-89.3552 239.6723 -19.8507 -43.781508
-90.7771 239.8281 -18.7653 -43.493514
-92.3262 239.5258 -18.0598 -43.198851
-94.0855 240.1028 -17.7873 -42.898049
-95.877 240.5966 -17.5579 -42.590944
-97.6988 241.0591 -17.507 -42.277441
-99.53 241.4724 -17.4393 -41.958335
-101.2527 242.1681 -17.1773 -41.633218
-102.8299 242.815 -16.4434 -41.302602
-104.4569 243.5931 -15.9937 -40.967156
-106.2956 243.7075 -16.104 -40.626131
-107.1732 243.8399 -14.6775 -40.278053
-108.3872 244.3725 -13.7017 -39.926996
-109.3454 245.4642 -12.5807 -39.571854
-110.5466 246.5332 -11.6213 -39.212402
-112.0874 247.1 -10.9503 -38.849874
-112.6927 248.1713 -9.7197 -38.482659
-113.85 248.7857 -8.6033 -38.112706
-114.9422 250.1535 -8.2414 -37.740274
-115.3929 251.8689 -7.6387 -37.365473
-116.4822 252.9605 -6.8157 -36.989477
-117.371 253.2374 -5.1806 -36.611307
-118.358 253.8356 -3.7152 -36.232234
-119.4595 254.4678 -2.3971 -35.853111
-120.9563 255.2641 -1.6822 -35.473212
-122.5163 255.9458 -1.0086 -35.093856
-123.9831 256.9071 -0.452 -34.714919
-124.7954 257.8348 0.9161 -34.336656
-125.65 259.0549 2.0473 -33.960053
-126.8265 260.4562 2.1583 -33.584955
-128.2898 261.2032 2.616 -33.211413
-129.0334 261.3894 4.2611 -32.839569
-129.2473 261.2649 6.1105 -32.458417
-129.4022 261.1437 7.9821 -32.087011
-129.5576 261.0229 9.8536 -31.725985
-129.7512 260.9235 11.7229 -31.360655
-129.9463 260.825 13.592 -31.004387
-130.1515 260.7135 15.4586 -30.659632
-130.5488 260.346 17.2477 -30.322075
-131.604 259.0778 18.099 -29.993823
-132.4067 258.2916 19.5872 -29.673278
-133.3932 257.3081 20.8241 -29.360944
-133.8044 256.3522 22.376 -29.058073
-134.6418 255.2368 23.5911 -28.765342
-135.4197 253.8392 24.4892 -28.483717
-135.7 253.4829 26.3153 -28.212832
-136.3101 252.641 27.7577 -27.955056
-136.3201 251.3179 26.4825 -27.710211
-136.8701 249.6435 26.0944 -27.478729
-137.7175 248.1362 25.6627 -27.262537
-137.6045 246.4619 25.1316 -27.063064
-137.2893 245.0053 24.2243 -26.880921
-136.6215 243.4615 23.4192 -26.716
-135.6446 241.9497 22.8735 -26.567195
-135.3758 240.4199 22.4018 -26.438857
-136.1869 239.3032 23.0344 -26.329748
-136.341 238.0644 24.2021 -26.240904
-136.433 236.6369 25.3143 -26.17319
-136.6008 234.8539 25.6617 -26.127422
-137.1474 233.4458 25.0869 -26.104169
-10.2537 234.1313 -65.7936 -49.42386
-11.9535 235.2244 -65.4206 -49.049379
-13.2513 236.4124 -64.5554 -48.678164
-13.9825 238.2182 -64.0036 -48.309567
-13.9675 239.4333 -65.1657 -47.942343
-14.1745 240.8047 -66.5759 -47.57816
-14.74 242.3781 -67.763 -47.215604
-15.0167 243.3075 -69.5586 -46.853366
-14.9973 244.3966 -71.2899 -46.492435
-15.4806 245.6013 -72.6631 -46.131778
-16.6681 247.206 -72.2066 -45.770888
-17.3029 249.0449 -71.7718 -45.40876
-18.6676 250.382 -71.3338 -45.045325
-19.6799 251.0982 -72.0439 -44.67978
-20.4939 252.2385 -73.4165 -44.311239
-21.5912 252.7618 -72.8895 -43.963763
-21.9596 252.8176 -71.2713 -43.641336
-22.6797 254.2973 -71.5196 -43.316691
-23.6039 255.7577 -72.0067 -42.989692
-24.5721 257.236 -72.2298 -42.659788
-26.0105 258.3101 -72.2446 -42.326842
-27.3761 259.4599 -72.2196 -41.990899
-28.9516 260.3257 -72.2375 -41.648184
-30.5102 261.2195 -72.2945 -41.306902
-31.595 262.5637 -72.7018 -40.963092
-32.6547 263.9941 -72.7006 -40.616461
-33.5598 265.5319 -72.4801 -40.267304
-34.5952 266.9872 -72.4053 -39.915451
-35.2782 268.5959 -72.3691 -39.560282
-36.5462 269.7783 -72.1737 -39.203561
-37.8737 270.872 -71.8225 -38.844635
-38.8876 272.2418 -71.3145 -38.483558
-39.6217 273.7558 -70.7585 -38.120356
-40.6535 274.9959 -70.0158 -37.755189
-42.0534 275.9829 -69.5331 -37.387631
-43.5846 276.8719 -69.3005 -37.018988
-45.0655 277.8565 -69.4958 -36.648303
-45.946 279.1186 -68.7677 -36.276291
-45.8345 280.5644 -67.9551 -35.902432
-46.196 282.2235 -68.3906 -35.527137
-46.2456 283.784 -69.1293 -35.150515
-45.9356 284.9029 -69.4775 -34.772288
-46.3572 283.3243 -69.8414 -34.391909
-47.6385 284.0096 -69.6263 -34.008488
-47.8598 285.27 -68.7781 -33.62516
-47.9763 286.6481 -67.6615 -33.240272
-48.0018 287.8134 -66.394 -32.853946
-49.296 287.3623 -65.4888 -32.466628
-50.1432 286.6731 -64.1653 -32.078923
-50.2434 286.1704 -62.4405 -31.688228
-51.2742 284.9264 -61.8207 -31.298054
-52.8421 284.4426 -61.0987 -30.906675
-53.9107 283.6653 -60.0279 -30.51437
-54.752 283.3629 -58.5184 -30.119834
-55.6511 282.4981 -57.2933 -29.725125
-56.6242 281.93 -56.0196 -29.329796
-57.9991 281.9695 -54.8908 -28.932683
-59.0837 282.3361 -53.8941 -28.534829
-60.0943 282.1643 -52.7677 -28.134844
-61.4419 281.5155 -51.8651 -27.73431
-62.8626 280.827 -51.0501 -27.332214
-64.2795 280.6349 -50.0042 -26.928943
-65.804 280.5238 -49.0693 -26.524633
-66.7885 280.054 -47.7484 -26.117589
-67.9789 279.2336 -46.7905 -25.708971
-68.6552 278.446 -45.3481 -25.298653
-69.0138 277.9753 -43.6489 -24.886714
-69.4167 276.9949 -42.4398 -24.473481
-69.8247 275.5947 -42.5008 -24.058067
-70.268 276.0815 -42.6582 -23.641178
-70.9242 276.409 -41.0457 -23.219739
-71.4032 276.5871 -39.3203 -22.798715
-72.2724 276.7647 -38.0281 -22.377479
-73.2041 276.1685 -36.6914 -21.954776
-74.2918 275.5936 -35.4399 -21.531481
-75.425 274.8456 -34.2803 -21.106702
-76.9255 274.2886 -33.5609 -20.681232
-77.3251 274.3933 -31.9623 -20.255075
-77.3839 274.0953 -31.6173 -19.824617
-77.9259 274.1693 -30.1943 -19.395404
-79.5493 274.0847 -29.6223 -18.967336
-80.9279 274.149 -28.5263 -18.540017
-82.1503 274.2888 -27.2947 -18.115173
-83.1333 274.5631 -25.8399 -17.69157
-83.3586 274.0993 -24.1212 -17.268941
-83.4086 273.3363 -22.4949 -16.850793
-83.5601 272.816 -20.7795 -16.435506
-83.7705 272.4678 -19.0265 -16.024989
-84.0593 272.0789 -17.2937 -15.621025
-84.2893 271.7437 -15.5414 -15.222693
-84.9661 271.1706 -14.2656 -14.834624
-86.4465 270.5588 -13.5443 -14.456381
-87.5224 269.4821 -12.7644 -14.088194
-88.5863 270.2836 -13.3628 -13.730831
-89.344 271.7765 -13.8414 -13.385409
-90.7295 272.8654 -14.017 -13.048843
-92.0012 274.1345 -14.1202 -12.729682
-93.0728 275.5655 -14.188 -12.429268
-94.4803 276.5793 -14.1262 -12.145038
-96.2029 276.3016 -13.7358 -11.878932
-97.8612 276.4416 -13.1634 -11.632372
-99.2225 277.2086 -12.3487 -11.406969
-100.7724 276.7787 -11.5881 -11.203537
-102.4856 276.8416 -11.2384 -11.023471
-104.2435 277.0799 -11.3594 -10.867105
-105.8758 277.7134 -11.5089 -10.735232
-106.978 278.2571 -10.6069 -10.627987
-108.7214 278.4008 -10.5748 -10.546342
-110.1714 278.7473 -11.3411 -10.490988
-111.6618 279.6815 -11.4564 -10.462934
-21.5015 253.5088 -73.309 -44.119477
-22.5942 254.3623 -72.684 -44.110018
-23.4363 255.5756 -72.2611 -44.102675
-23.7952 256.2196 -73.6016 -44.097008
-24.1958 256.9175 -74.8973 -44.092751
-24.5102 257.2028 -76.431 -44.089572
-25.2575 257.9568 -77.5755 -44.087271
-25.9832 258.9049 -78.6121 -44.085638
-26.7351 259.8964 -79.3372 -44.084535
-27.7754 261.0706 -79.3699 -44.083853
-28.1276 262.1418 -78.3341 -44.083526
-14.415 228.9869 -63.4499 -49.944623
-16.1331 229.4489 -63.5343 -49.756269
-17.7421 230.1331 -63.7219 -49.571809
-19.4067 230.7023 -63.8399 -49.391064
-20.8995 231.6241 -63.8754 -49.213491
-22.4197 232.5434 -63.927 -49.038268
-23.9779 232.9794 -64.5409 -48.865119
-25.5926 233.2447 -65.0739 -48.693022
-27.3372 233.3731 -65.393 -48.521942
-29.108 233.4677 -65.4659 -48.351148
-30.8642 233.5427 -65.402 -48.180101
-32.3482 234.4256 -65.4518 -48.008584
-33.9347 234.8444 -64.9779 -47.835883
-35.6107 235.0483 -64.5372 -47.661808
-37.2988 235.2219 -64.5195 -47.486144
-38.3854 235.5894 -65.5655 -47.307984
-39.1438 235.7555 -64.0699 -47.127625
-40.4342 236.3585 -64.9633 -46.945461
-41.6538 237.408 -65.4996 -46.760963
-43.3197 237.9738 -65.7908 -46.5745
-45.0712 238.2644 -65.9288 -46.386004
-46.7994 238.6788 -65.9135 -46.195621
-48.5481 238.9796 -65.7557 -46.003272
-50.2593 239.3638 -65.4708 -45.809764
-51.9541 239.818 -65.3779 -45.61475
-53.6581 240.3081 -65.5616 -45.418896
-55.3649 240.7618 -65.7517 -45.222354
-56.9242 241.5359 -65.9538 -45.025236
-58.6438 241.8319 -66.2728 -44.82844
-59.9936 242.7156 -66.7405 -44.631951
-60.984 243.7818 -67.5294 -44.436632
-62.0855 245.146 -67.6347 -44.243143
-62.592 246.8516 -67.5474 -44.051907
-63.6958 248.1812 -67.3534 -43.863387
-65.3602 248.1365 -67.1819 -43.677908
-66.6185 247.2528 -66.7907 -43.49623
-68.2827 246.701 -66.9975 -43.317484
-69.0056 246.5375 -67.1182 -43.145177
-69.4149 247.1923 -66.2178 -42.977875
-70.5685 248.2104 -65.6787 -42.817345
-72.1021 248.9573 -65.1628 -42.664164
-73.5226 249.8734 -64.6789 -42.518903
-74.9049 250.917 -64.2744 -42.382435
-76.1941 252.0464 -63.8017 -42.255599
-77.6751 252.694 -63.2164 -42.138683
-78.9054 253.7897 -63.1101 -42.032481
-80.0531 255.1107 -63.1909 -41.937414
-81.4092 256.2087 -63.4316 -41.854106
-83.1166 256.5971 -63.7243 -41.783207
-84.8053 256.9649 -63.8465 -41.725318
-86.3232 257.8036 -63.7447 -41.681169
-88.0463 257.7843 -63.4146 -41.65127
-89.5568 258.6367 -63.0658 -41.636086
-79.8558 209.6969 -1.6956 -62.019458
-80.9345 210.9313 -0.8747 -62.012526
-81.8718 212.3265 -0.0936 -62.007612
-83.0145 213.649 0.4105 -62.004644
-83.35 215.4299 0.5242 -62.003541
-84.7236 216.0877 0.5245 -62.004219
-85.8365 216.8501 1.5461 -62.006599
-86.4751 218.3432 2.3648 -62.010574
-87.6889 219.3419 3.0091 -62.01606
-89.3832 219.625 3.5112 -62.022954
-90.5679 220.9942 3.9392 -62.031176
-91.9993 222.1339 4.2769 -62.040621
-93.1066 223.0567 5.3451 -62.051235
-94.2451 224.3484 6.04 -62.062916
-95.1955 225.7846 6.6504 -62.075563
-96.1469 227.1811 6.1703 -62.089091
-97.5307 228.1499 5.5656 -62.103468
-97.6555 229.6726 4.5217 -62.11862
-98.2632 230.7709 4.9578 -62.134495
-99.4213 231.1534 5.7424 -62.15096
-100.7458 231.4122 4.7237 -62.168008
-101.8502 232.6408 4.2535 -62.18555
-103.1436 233.9354 4.0273 -62.203544
-104.4921 234.4164 4.8558 -62.221933
-105.6117 233.6885 5.7966 -62.240799
-106.7274 232.3194 6.4016 -62.260167
-107.441 230.7522 6.8747 -62.279539
-107.4488 229.0255 7.5014 -62.299113
-107.9411 227.3511 8.131 -62.318842
-107.0902 226.8712 8.9862 -62.338737
-106.1496 226.513 10.1833 -62.359001
-105.9516 226.2598 12.0223 -62.379357
-105.4787 225.2922 12.0054 -62.399653
-105.2249 224.5846 10.2988 -62.419986
-104.7784 223.6625 9.5999 -62.440219
-104.7066 222.6921 11.0296 -62.460482
-105.026 220.965 11.6033 -62.480607
-104.6066 219.9029 12.8153 -62.500688
-103.3942 219.8352 14.0764 -62.520638
-104.3073 219.9043 13.553 -62.540424
-105.885 218.9419 13.3792 -62.560054
-107.2676 218.4747 12.6842 -62.579489
-108.1193 218.5469 11.0406 -62.598736
-108.3962 219.4541 11.7193 -62.617681
-109.0143 219.6825 13.4653 -62.636403
-109.7221 219.9831 15.1561 -62.654699
-110.6667 219.9703 16.4989 -62.672558
-112.0003 218.9022 16.8845 -62.690024
-113.4433 217.9794 16.4775 -62.707015
-114.7081 217.1333 15.6968 -62.723527
-115.2947 216.7255 13.9743 -62.739526
-115.5962 216.7912 12.1637 -62.755094
-115.7677 217.1126 10.3327 -62.770017
-115.4309 217.0746 11.1227 -62.78419
-116.1181 217.6962 12.116 -62.798042
-117.3855 218.3763 13.3061 -62.810946
-118.8798 218.8959 14.099 -62.822851
-120.5533 219.5755 14.5055 -62.83389
-122.3465 220.0233 14.7431 -62.84401
-124.1585 220.1151 14.949 -62.853195
-125.565 221.2324 14.8597 -62.861383
-126.6064 222.7478 14.7267 -62.868517
-127.1945 224.5052 14.537 -62.874568
-127.9351 226.1832 14.2547 -62.879478
-129.0224 227.5634 14.5865 -62.883222
-130.1181 229.0198 14.5982 -62.885754
-131.2201 230.4645 14.2522 -62.887036
47.5528 -96.076 13.5667 -76.205107
47.0015 -95.2803 13.5986 -76.205342
46.7344 -94.3274 13.6342 -76.205457
27.7081 -94.2683 18.8592 -76.321189
26.226 -93.6204 19.8024 -76.321634
24.7439 -92.9726 20.7456 -76.321921
23.2618 -92.3248 21.6888 -76.322095
23.8038 -92.3745 21.7835 -76.322176
54.7481 -88.0637 17.871 -76.127612
97.3169 -66.6493 31.3652 -76.096143
99.3506 -67.4491 30.897 -76.096309
101.3843 -68.2489 30.4289 -76.096393
103.4181 -69.0488 29.9607 -76.096433
105.4518 -69.8486 29.4925 -76.09645
104.935 -70.7499 28.9784 -76.096455
104.6139 -70.6388 26.7694 -76.096456
96.937 -66.473 30.8282 -76.09606
44.0154 -65.7095 15.6069 -75.890829
44.0102 -66.3692 14.8486 -75.891197
44.1586 -67.2141 14.3402 -75.891377
-4.665 -9.0685 -0.0051 -67.857084
-3.3078 -10.3003 -0.0154 -68.271154
-1.9532 -11.5348 -0.0257 -68.683177
-0.7426 -12.7803 -0.0459 -69.362109
0.4334 -13.9291 -0.0935 -70.295692
1.4466 -15.2471 -0.185 -71.208161
3.5554 -27.7322 1.4257 -72.457262
8.6107 -41.3653 6.7974 -73.386262
22.8794 -62.2772 10.5055 -75.028344
26.4745 -64.8588 13.9793 -75.235693
29.0535 -67.1183 14.3116 -75.365433
42.1418 -73.5431 16.2509 -75.807299
47.2069 -85.1931 18.1557 -76.076102
44.6639 -89.9679 15.7857 -76.165897
47.7449 -96.3203 13.6398 -76.202163
78.4149 -177.3628 14.5582 -76.423359
95.2227 -265.7699 17.0719 -76.534952
48.1056 -320.1106 18.1187 -76.589216
-10.9476 -383.6056 22.9817 -76.611692
-40.36 -432.7473 17.7175 -76.613378
28.7834 -94.5812 17.274 -76.309793
14.3097 -106.6143 20.8227 -76.405758
2.7577 -126.0427 26.0848 -76.463773
-45.0792 -189.1405 27.4734 -76.530713
30.9775 -170.2053 31.4202 -76.491717
28.3969 -94.5693 18.0599 -76.318738
-40.2348 -104.2908 -5.8163 -76.4794
-111.9958 -139.102 2.509 -76.54102
54.6562 -87.9717 17.7384 -76.12416
111.8824 -135.9529 29.1893 -76.39415
164.8572 -185.7356 20.1853 -76.516959
213.7243 -226.7876 32.011 -76.562486
43.9697 -65.4565 15.7766 -75.885336
45.5333 -62.1584 17.8534 -75.917768
96.2419 -66.2233 31.6259 -76.095514
2.1326 -22.0656 -2.5814 -72.07367
6.2653 -35.3706 6.4938 -72.966779
8.3143 -40.7868 6.7183 -73.727825
15.4942 -50.7521 4.9673 -74.273765
19.5156 -57.7327 7.1557 -74.775065
24.2121 -63.3654 12.9105 -75.134921
27.7984 -65.9637 14.1964 -75.301919
35.2991 -71.3414 15.5234 -75.596315
45.9552 -78.4006 18.2802 -75.951043
45.9541 -87.9136 17.638 -76.122971
46.0845 -93.1486 14.7482 -76.188356
52.1518 -103.9606 11.3242 -76.235219
58.8833 -119.603 12.0998 -76.284698
62.6461 -133.0235 18.7767 -76.329014
68.7987 -150.479 18.27 -76.369755
75.478 -168.4071 16.0379 -76.406758
80.7201 -186.7623 13.7215 -76.43987
86.0397 -202.1519 18.4658 -76.464504
88.9594 -219.8372 14.0604 -76.486786
92.3483 -238.1707 14.3683 -76.507589
94.4112 -256.1543 16.5595 -76.526679
95.282 -267.4858 16.3224 -76.543174
95.3059 -280.3632 10.9397 -76.554777
82.392 -291.8157 13.1552 -76.565432
66.6134 -301.8126 13.5179 -76.575743
55.8832 -314.8401 17.1156 -76.585392
42.621 -325.3136 19.0805 -76.592991
32.9705 -340.7608 23.6528 -76.59751
23.9361 -354.8041 21.203 -76.60177
9.6225 -366.7531 22.7517 -76.60623
-4.6074 -378.3071 21.4152 -76.61051
-16.9731 -389.755 18.9726 -76.612834
-27.5688 -401.1213 14.9527 -76.612927
-39.573 -411.7299 14.9204 -76.613021
-40.6381 -420.4638 25.2112 -76.613539
-40.4069 -426.6412 14.8914 -76.614101
-41.6738 -434.0686 12.5022 -76.612618
-35.1298 -447.795 10.0223 -76.609388
-30.511 -455.7937 6.7671 -76.606366
-26.4654 -460.7911 2.4423 -76.604173
-24.2919 -464.5784 0.2402 -76.603034
37.1249 -94.0849 14.9718 -76.244046
20.7736 -99.7756 22.2184 -76.363164
11.0172 -108.5614 18.7473 -76.419706
5.909 -113.1292 24.1737 -76.438725
4.7649 -121.3499 27.2758 -76.455489
-3.9067 -133.7894 26.1237 -76.475285
-16.2236 -149.0836 26.7198 -76.49124
-17.7909 -159.6216 22.5822 -76.504972
-30.8645 -168.2845 21.4997 -76.51716
-40.3768 -181.2163 24.3391 -76.527439
-50.8898 -195.8899 27.7601 -76.53389
-59.8432 -207.2909 27.0024 -76.535771
-63.453 -209.2381 15.4152 -76.536372
-64.2909 -212.4765 11.1044 -76.536514
-69.7086 -217.4653 14.9612 -76.536521
-1.3141 -131.2728 34.9295 -76.468205
15.7442 -115.5027 24.1983 -76.42234
21.9499 -133.9863 25.1312 -76.442834
26.8898 -147.4387 25.6301 -76.460115
28.6429 -155.1273 32.7495 -76.475112
28.6017 -167.7997 33.6747 -76.487566
33.7647 -170.9041 21.6446 -76.495947
35.3986 -176.6564 11.4651 -76.499162
39.8278 -180.409 -7.3747 -76.500397
28.4843 -94.572 17.6083 -76.316092
24.075 -93.3058 9.4058 -76.343726
15.5128 -90.8025 -8.4542 -76.380702
-0.0475 -89.6597 -13.0268 -76.413212
-13.9393 -94.7328 -4.0497 -76.442496
-31.0534 -101.5497 -4.3571 -76.468438
-48.3446 -108.1087 -4.4853 -76.490295
-60.3769 -111.0796 -1.1234 -76.505035
-77.9711 -113.5102 3.296 -76.517574
-92.0999 -121.9743 4.6219 -76.528687
-105.6825 -132.44 0.8972 -76.538081
-119.8735 -141.3568 5.959 -76.543697
-132.8113 -151.1601 6.979 -76.545149
-147.2952 -155.5423 4.0924 -76.545496
-153.368 -158.2725 7.6335 -76.545495
-168.793 -159.6906 7.6228 -76.545441
50.8433 -86.5895 17.9535 -76.105737
61.2357 -92.3404 14.5899 -76.166425
72.1897 -102.125 21.0158 -76.228519
85.4059 -115.7278 22.6939 -76.282802
96.1046 -123.0147 27.5352 -76.331545
106.3877 -128.7142 28.8233 -76.374931
119.3522 -141.0891 32.8119 -76.413245
133.3865 -151.0456 27.4274 -76.441247
140.4642 -156.8554 25.7903 -76.465973
152.3124 -169.1266 29.8767 -76.488475
161.5491 -182.1636 26.4505 -76.508583
167.3763 -187.9265 20.8501 -76.525244
178.0174 -198.4202 27.7655 -76.53606
190.5879 -201.853 17.5881 -76.545254
198.4764 -209.0366 23.2285 -76.553488
206.4978 -222.3967 29.9785 -76.560465
216.4485 -231.2363 29.6641 -76.56437
219.3592 -241.6667 28.5636 -76.564949
217.6919 -257.4839 32.1794 -76.564684
212.7961 -271.781 39.8533 -76.564278
208.8344 -287.7139 39.3838 -76.564008
43.1478 -69.6198 16.0595 -75.856282
45.0982 -63.5211 16.1223 -75.903014
50.7937 -61.6079 11.0465 -75.950425
63.7547 -58.5312 9.7712 -75.995131
75.049 -60.4617 16.3877 -76.031313
83.0968 -60.7333 25.9161 -76.061126
91.3447 -63.64 26.8113 -76.085473
106.4082 -69.1292 24.6495 -76.109057
123.1559 -72.5629 28.9251 -76.125714
143.1961 -75.9244 28.8652 -76.133848
46.1286 -55.224 14.5026 -75.939062
37.6417 -45.2763 18.4222 -75.958801
22.8448 -43.0894 21.8828 -75.96783
