-0.8015 -1.2678 -0 -72.542344
-3.2062 -5.0715 -0 -72.549783
-5.0765 -8.0299 -0 -72.554841
-6.4123 -10.1429 0.0262 -72.556514
-8.0143 -12.677 0.1283 -72.558973
-8.8146 -13.9429 0.1666 -72.560808
-8.2187 -14.5214 0.2948 -72.562751
-8.7411 -16.3672 0.5247 -72.567921
-10.0309 -17.8905 1.1419 -72.574519
-11.386 -19.3222 1.89 -72.58094
-12.7254 -20.8552 2.392 -72.587029
-14.0432 -22.4116 2.6217 -72.594294
-14.6972 -24.3185 2.0715 -72.603142
-15.5306 -26.234 2.0482 -72.612788
-16.1094 -27.8038 2.3068 -72.621131
-14.7796 -28.9827 3.1257 -72.628112
-13.6062 -30.5844 3.6202 -72.63514
-12.2537 -32.1091 3.9089 -72.6422
-11.1222 -33.7683 4.2796 -72.64931
-10.1932 -35.2295 5.196 -72.656454
-9.3619 -36.7283 6.3117 -72.663648
-8.5851 -38.2492 7.4144 -72.670871
-7.5935 -39.8435 8.2499 -72.678133
-6.8916 -41.4349 9.2193 -72.68547
-6.2727 -43.3267 9.6108 -72.69283
-5.7427 -44.6215 10.9758 -72.700274
-5.2774 -45.3085 12.8612 -72.707761
-4.5701 -46.2857 12.7646 -72.715279
-3.9187 -47.0128 11.0346 -72.722858
-3.487 -47.3534 9.0584 -72.730509
-3.1601 -48.3203 10.2056 -72.738211
-2.5906 -49.7167 11.29 -72.745879
-2.064 -51.2649 10.2609 -72.753613
-1.9023 -53.0628 10.2828 -72.761379
-1.2374 -53.7481 8.8883 -72.769248
-0.2338 -55.4757 8.438 -72.777122
0.9268 -57.1391 8.1846 -72.785039
2.1659 -58.7648 8.26 -72.793003
2.7966 -60.3652 9.2072 -72.80103
3.5606 -62.0815 8.7826 -72.809101
4.1051 -63.9769 8.2533 -72.81724
4.7728 -65.8913 8.0534 -72.825405
5.555 -67.7898 8.1794 -72.833611
5.4215 -69.7319 8.5591 -72.84186
5.3722 -71.1779 9.39 -72.850186
6.6015 -72.8224 9.4344 -72.858547
7.9091 -74.3345 9.4579 -72.866966
9.1469 -75.9691 9.4502 -72.87543
10.0298 -77.8076 9.4917 -72.883931
10.7723 -79.6982 9.5101 -72.892498
12.3735 -80.8411 9.4583 -72.901099
13.4145 -82.6176 9.4397 -72.909758
14.1594 -84.5026 9.6273 -72.918476
14.908 -86.352 10.0263 -72.927241
15.6285 -88.1574 10.421 -72.936051
16.2688 -90.0988 10.1972 -72.944925
16.8061 -92.0324 10.2983 -72.953833
18.0591 -93.5211 10.9131 -72.962796
19.0692 -95.1762 11.592 -72.971805
20.0514 -96.8019 12.3554 -72.980857
20.7986 -98.4251 13.1509 -72.989975
22.3425 -99.643 13.6764 -72.999139
23.1324 -101.4525 13.8694 -73.008351
24.2278 -103.1764 13.8286 -73.017621
25.7948 -104.4654 13.8973 -73.026932
27.3532 -105.7951 13.951 -73.036283
28.4996 -107.4233 13.9547 -73.045694
30.0108 -108.56 13.6639 -73.055161
31.1081 -108.6091 12.0588 -73.064839
29.9694 -109.9097 10.9348 -73.075292
28.8308 -111.2104 9.8109 -73.085537
27.6922 -112.511 8.6869 -73.095575
26.8377 -113.4766 7.7017 -73.105532
28.1153 -111.9666 8.2837 -73.11613
29.3929 -110.4565 8.8658 -73.126509
30.6706 -108.9464 9.4479 -73.136668
31.1787 -108.9746 10.7509 -73.146947
31.0798 -109.3078 12.7833 -73.157299
31.1974 -110.3892 14.0207 -73.167505
31.8589 -112.2436 14.4776 -73.177698
32.2207 -114.0808 14.8897 -73.187944
32.3754 -116.0895 14.7382 -73.198234
33.2282 -117.7627 14.1097 -73.208574
34.0263 -119.6079 13.7086 -73.218949
34.4263 -121.5938 13.4703 -73.229366
34.6735 -123.5948 13.4834 -73.239819
34.4631 -125.6138 13.6554 -73.250305
35.477 -127.1975 13.9548 -73.260803
36.4488 -128.3733 14.9241 -73.2714
36.0423 -130.1872 15.3722 -73.282079
35.1621 -131.5518 15.4371 -73.292743
35.6418 -129.8523 14.8263 -73.303362
35.0348 -128.0619 14.2107 -73.314012
35.5446 -129.8444 14.1534 -73.324697
35.6291 -131.8577 14.0497 -73.335374
34.8485 -133.6181 13.7199 -73.346053
34.2995 -135.3089 12.7219 -73.356741
33.9891 -137.2127 12.2496 -73.36741
34.6951 -139.1364 12.158 -73.37807
34.4342 -141.0719 12.4762 -73.388709
34.9496 -142.8915 13.1328 -73.399358
35.1207 -144.6736 12.8365 -73.409958
36.0553 -146.4708 12.5635 -73.420523
36.5162 -147.9232 11.2272 -73.431102
37.0821 -149.6924 10.5935 -73.441571
38.1845 -151.3675 10.8233 -73.451981
38.9786 -152.5573 11.4668 -73.462349
38.5512 -154.4927 11.7745 -73.472688
38.9845 -156.4817 12.0272 -73.482965
38.8087 -158.4686 12.102 -73.493126
39.4316 -160.3993 12.1561 -73.503174
40.017 -162.1492 11.7738 -73.513124
39.9044 -164.0643 11.3068 -73.522918
40.4166 -165.9089 10.6066 -73.53258
41.3853 -167.5493 10.7632 -73.542058
42.1247 -169.1267 11.6727 -73.551364
42.1485 -170.8263 12.6221 -73.560487
41.2541 -172.1527 13.7028 -73.569358
41.3329 -173.6405 14.3131 -73.577995
41.6008 -174.8677 12.6805 -73.586397
41.8738 -176.7997 12.275 -73.594472
42.7438 -178.5456 11.9564 -73.602225
43.2439 -180.4578 12.0397 -73.609628
43.3656 -182.4295 12.4106 -73.616668
43.6747 -184.2146 13.2717 -73.623315
44.1736 -186.1236 13.8383 -73.629507
44.3535 -187.9066 14.7675 -73.635242
44.8726 -189.5685 15.6922 -73.640477
45.4404 -191.1005 14.5715 -73.645177
46.1386 -192.9259 14.1459 -73.649303
46.6287 -194.8895 13.783 -73.652823
47.9055 -196.4354 13.3908 -73.655708
49.0241 -197.9564 13.467 -73.657922
49.8322 -199.3762 13.2319 -73.659434
51.04 -200.3986 12.0409 -73.660206
-16.8109 -27.3553 2.8101 -72.620296
-17.497 -28.3029 4.2038 -72.625493
-18.1984 -29.271 5.5067 -72.630579
-18.2577 -29.3412 3.7473 -72.636518
-18.2679 -29.344 1.9276 -72.642335
-18.2781 -29.3467 0.108 -72.648013
-18.2883 -29.3494 -1.7116 -72.653551
-18.2985 -29.3522 -3.5313 -72.658949
-18.8534 -30.5664 -3.9808 -72.664282
-18.8107 -32.318 -3.8597 -72.669672
-19.3066 -34.0554 -3.7456 -72.675091
-18.9488 -34.5418 -2.2544 -72.680573
-18.3075 -35.7012 -1.0566 -72.686095
-18.003 -37.2922 -0.254 -72.69164
-17.2153 -38.7422 0.5062 -72.697218
-17.2992 -40.1694 1.5541 -72.70284
-17.1185 -41.7267 2.3954 -72.708507
-17.083 -42.8762 3.6698 -72.714241
-17.3639 -44.4413 4.545 -72.72
-18.2212 -45.6938 5.2818 -72.725765
-18.9632 -46.7735 4.1464 -72.731576
-19.2427 -47.6114 2.5633 -72.737466
-19.7572 -49.1601 2.2576 -72.743337
-20.0441 -50.8741 2.5491 -72.749232
-20.3286 -52.4364 3.2684 -72.755148
-19.8077 -53.8024 3.6098 -72.761106
-19.2008 -54.6661 2.2731 -72.767133
-18.7221 -56.0354 2.9434 -72.773203
-18.7365 -56.729 4.1896 -72.779284
-18.8997 -58.1413 5.2798 -72.785364
-18.8149 -59.8936 5.7078 -72.791446
-18.9822 -61.072 7.0484 -72.797567
-19.3934 -62.5349 8.0119 -72.803655
-19.547 -63.8484 9.0694 -72.809781
-19.5772 -65.5723 8.63 -72.815858
-19.258 -67.3139 8.3405 -72.821928
-19.7508 -69.0603 8.364 -72.827962
-19.9946 -70.8175 8.7102 -72.833994
-19.8037 -72.5539 9.1873 -72.839992
-19.7201 -74.3251 9.5635 -72.845957
-20.2567 -75.9938 9.7611 -72.851877
-19.7758 -77.7066 9.8918 -72.857745
-19.8692 -79.394 10.0722 -72.863544
-20.6153 -80.6503 10.7965 -72.869266
-20.8101 -82.0334 11.1362 -72.874881
-21.8468 -83.2751 10.5156 -72.880393
-22.3598 -84.646 11.4203 -72.885786
-22.8139 -86.2646 12.0203 -72.891047
-22.9433 -87.4114 13.1988 -72.896196
-23.2601 -88.7922 14.1473 -72.901153
-23.5187 -90.5915 14.1567 -72.90589
-23.7693 -92.3875 14.2837 -72.910414
-23.9193 -94.161 14.5659 -72.914708
-24.765 -95.4177 14.2775 -72.918744
-25.6946 -96.5629 13.7452 -72.922492
-26.3361 -98.2508 13.7081 -72.925933
-26.22 -99.6251 14.4174 -72.929091
-26.029 -100.2322 16.1217 -72.931878
-25.98 -100.9366 17.7977 -72.934277
-26.1774 -101.1961 19.58 -72.936318
-26.4133 -101.3806 21.3748 -72.937853
-26.5757 -102.9017 22.0388 -72.938885
-26.565 -104.1061 22.8298 -72.939419
-10.4886 -18.1238 0.6694 -72.579934
-10.4015 -18.057 0.4643 -72.583794
-11.3637 -19.3353 1.4826 -72.588442
-12.4409 -20.4928 2.3203 -72.593957
-13.7335 -21.882 2.6066 -72.599958
-14.3525 -23.4451 1.6476 -72.606022
-14.7639 -24.7529 0.4153 -72.612128
-15.0123 -25.6795 -1.2982 -72.618297
-14.7483 -27.3027 -2.2341 -72.6245
-14.1682 -28.7546 -3.3613 -72.630769
-14.1335 -30.3237 -2.5621 -72.637089
-14.176 -32.0715 -1.7097 -72.643442
-14.076 -33.7889 -0.9359 -72.649839
-13.8862 -35.6563 -1.4771 -72.656278
-13.5408 -37.5381 -1.8551 -72.662758
-12.9254 -39.3671 -2.0095 -72.669298
-12.8947 -41.2639 -2.5483 -72.675871
-12.5093 -43.0891 -2.3969 -72.682488
-11.8636 -44.7358 -1.5183 -72.689186
-11.3409 -46.4019 -0.6056 -72.695924
-11.0233 -47.5467 0.9658 -72.702749
-10.5913 -48.4457 2.6789 -72.709576
-10.1405 -50.0833 3.3431 -72.716434
-10.2934 -51.7904 2.9275 -72.72334
-10.88 -52.8858 1.4404 -72.730324
-11.0363 -54.4811 1.7038 -72.73732
-11.1458 -56.3254 2.378 -72.744369
-10.357 -57.7555 3.4384 -72.751467
-10.1358 -58.8326 4.9901 -72.758617
-10.3077 -60.6124 5.6598 -72.765821
-11.2813 -62.2927 6.0116 -72.773064
-11.7958 -64.1934 6.181 -72.780347
-12.4342 -66.0517 6.3974 -72.787692
-11.9522 -67.7789 6.8906 -72.795092
-11.6762 -69.0382 8.2561 -72.802537
-11.713 -70.0381 9.9612 -72.810023
-11.8555 -70.9146 11.6774 -72.817612
-12.8132 -71.5235 13.2459 -72.825209
-13.5753 -72.2336 12.7301 -72.832862
-14.1638 -73.7043 11.8882 -72.840554
-14.4131 -75.2707 10.815 -72.848282
-13.5782 -77.0011 10.3425 -72.856066
-13.3259 -78.9499 10.1371 -72.863899
-13.3622 -80.9141 10.3308 -72.871763
-14.2376 -82.5066 10.9807 -72.87966
-14.7845 -84.1023 11.9265 -72.887618
-15.3519 -85.4422 12.6525 -72.895627
-15.7865 -86.6616 12.098 -72.903692
-16.5522 -87.7496 13.5364 -72.911794
-17.1687 -89.5648 13.8022 -72.919916
-18.2162 -91.1682 13.885 -72.928081
-19.5493 -92.634 13.9514 -72.93628
-20.3209 -94.4426 13.8656 -72.94452
-21.0095 -96.2837 13.6721 -72.952791
-21.3384 -97.8523 13.9673 -72.961182
-21.6939 -97.8965 15.9193 -72.9697
-22.3276 -98.0602 17.7316 -72.978131
-21.887 -98.9874 16.7979 -72.986669
-22.8153 -99.7306 15.3374 -72.995125
-24.3779 -100.6691 14.7056 -73.003587
-24.3457 -102.6276 14.3888 -73.012039
-24.5768 -104.5617 14.2213 -73.020493
-24.8282 -106.5067 14.2205 -73.028956
-25.0574 -108.4614 14.1941 -73.037407
-25.5558 -110.3378 14.0236 -73.045856
-26.9412 -111.6652 13.5497 -73.054294
-27.6548 -113.1993 12.651 -73.0627
-27.9593 -114.1646 11.0361 -73.071182
-28.3565 -115.3746 10.0919 -73.079498
-29.1471 -116.4978 9.0352 -73.087813
-29.5399 -117.0458 7.1689 -73.096141
-29.9596 -117.6548 5.3281 -73.104341
-30.9613 -118.935 4.5188 -73.112406
-32.1435 -120.2324 4.6581 -73.120393
-32.9363 -121.0473 6.2793 -73.128296
-33.621 -122.2206 7.5953 -73.136048
-33.9105 -123.585 8.7937 -73.143673
-34.4873 -124.3869 10.3397 -73.151137
-35.0405 -125.7656 11.4307 -73.158396
-34.701 -127.6323 11.772 -73.165457
-35.3063 -129.4991 11.9181 -73.172304
-35.9903 -131.3268 11.7835 -73.178899
-37.6819 -132.1342 11.31 -73.185223
-38.5009 -133.4806 10.3217 -73.191254
-38.4967 -134.7419 8.9782 -73.196988
-39.2613 -136.1191 9.0235 -73.202342
-39.6486 -137.8732 9.0943 -73.20731
-40.3927 -139.5578 8.4232 -73.21185
-41.3357 -141.2284 8.0319 -73.215937
-41.7461 -143.1332 7.6854 -73.219546
-42.0138 -145.0056 7.4829 -73.222634
-41.9887 -146.6225 8.5512 -73.225178
-43.1363 -148.1444 8.915 -73.227128
-43.8626 -149.8828 8.3731 -73.228464
-44.926 -151.4033 7.7386 -73.229149
-9.353 -14.8211 0.2731 -72.563697
-11.0559 -15.5864 0.7158 -72.5689
-12.8605 -15.9487 1.177 -72.575339
-14.323 -16.6873 2.6356 -72.587302
-15.6273 -17.7486 4.2904 -72.597352
-16.5612 -19.3299 4.837 -72.601896
-17.0333 -20.2944 6.2453 -72.607021
-17.8874 -21.5361 7.3823 -72.612299
-18.8508 -22.9769 8.1796 -72.617605
-19.5099 -24.5801 8.9543 -72.622965
-19.7318 -25.6734 10.3712 -72.628404
-19.6375 -26.5275 11.987 -72.633921
-20.9183 -27.5166 12.4491 -72.639436
-21.2964 -29.0814 13.3143 -72.64501
-21.83 -30.7644 14.0149 -72.650634
-22.4092 -32.288 14.7504 -72.656311
-23.1716 -32.8787 16.4102 -72.662098
-23.4458 -33.3976 17.1662 -72.667854
-23.9797 -35.1098 17.8018 -72.673672
-25.2888 -36.4276 18.1128 -72.679524
-26.4013 -37.9363 18.2431 -72.685409
-27.2908 -39.5473 18.3867 -72.691349
-28.9068 -40.2841 18.3568 -72.697332
-28.8386 -41.8551 18.071 -72.70336
-30.0593 -43.3052 18.0707 -72.709428
-30.6546 -44.9959 18.2212 -72.715556
-31.4097 -46.5757 18.3297 -72.721723
-32.6885 -47.8644 18.2798 -72.72793
-33.6705 -49.4532 18.3794 -72.734151
-34.3435 -51.1833 18.7706 -72.740414
-35.0428 -52.643 19.7515 -72.746724
-35.9334 -53.9164 20.8542 -72.753054
-36.4958 -55.5633 21.6175 -72.759406
-37.1515 -57.2664 22.1901 -72.765778
-37.503 -58.9135 22.7742 -72.772211
-37.2767 -60.629 23.5408 -72.778678
-38.3487 -62.1152 24.0868 -72.785137
-38.7835 -63.8894 24.6417 -72.791613
-39.0307 -65.5698 25.4324 -72.798097
-39.2448 -67.4312 25.7075 -72.804609
-39.4113 -69.2406 26.1323 -72.811113
-38.2265 -70.1613 27.1367 -72.817625
-37.9293 -71.6381 28.1838 -72.824168
-36.7386 -72.8721 28.5562 -72.830679
-35.4143 -74.1273 28.8617 -72.837164
-33.8413 -75.1427 29.2839 -72.84378
-32.9832 -76.7229 29.5771 -72.850235
-33.6399 -75.092 29.1649 -72.856761
-33.1635 -76.3575 28.5144 -72.863205
-32.6394 -77.9449 29.3953 -72.869586
-31.5586 -79.4236 29.8926 -72.876012
-30.8094 -81.0765 30.3763 -72.882327
-31.5811 -82.6547 30.6865 -72.888471
-31.7168 -84.5489 30.8274 -72.894507
-31.5105 -86.4537 30.8357 -72.900405
-31.5377 -88.3667 30.7633 -72.906165
-31.4829 -90.279 30.6456 -72.911765
-31.9235 -92.1277 30.4947 -72.917173
-32.2806 -93.9944 30.2829 -72.922366
-33.2826 -95.4749 30.073 -72.927341
-34.2923 -96.3147 29.212 -72.932071
-33.7984 -97.5646 29.0456 -72.936544
-33.365 -98.5644 30.3242 -72.940729
-34.9529 -99.5888 30.5864 -72.944564
-35.3561 -101.2379 30.5528 -72.948043
-35.425 -102.1901 29.7785 -72.951136
-35.4381 -103.6106 30.0236 -72.953803
-35.4329 -104.9525 28.8355 -72.956002
-35.4888 -106.6151 28.0477 -72.957697
-35.1318 -108.0258 29.2064 -72.958869
-34.5346 -109.5447 30.0645 -72.959468
-15.445 -16.6758 3.4162 -72.597403
-17.1123 -16.5493 2.7023 -72.601879
-18.8242 -16.1183 2.2844 -72.606941
-20.5247 -15.3962 2.2003 -72.612108
-22.3116 -15.3473 2.4856 -72.617314
-24.0423 -14.9367 2.9859 -72.622594
-25.7912 -14.8802 3.5418 -72.627929
-27.6376 -14.8877 3.7424 -72.633304
-29.4617 -14.8882 3.7168 -72.638728
-31.2202 -15.3922 3.5297 -72.644221
-32.7539 -15.8243 2.9445 -72.649791
-34.0829 -16.2305 1.7975 -72.655392
-35.3566 -17.1047 0.7776 -72.66104
-36.7811 -17.3591 0.0703 -72.666709
-38.4049 -17.2529 0.8951 -72.672419
-40.1857 -16.9717 1.2216 -72.678183
-41.9745 -17.3706 1.348 -72.683992
-43.6645 -17.7288 1.1737 -72.689854
-45.1638 -16.9527 0.472 -72.69575
-46.3865 -16.2335 -0.6264 -72.701711
-48.1583 -16.038 -0.1893 -72.707722
-49.5586 -16.5997 0.7893 -72.713787
-50.6275 -17.7832 1.5574 -72.719878
-52.4581 -17.9497 1.6886 -72.726013
-54.2203 -17.8442 1.1278 -72.732187
-55.6575 -18.4041 0.1681 -72.738417
-57.139 -19.2179 -0.5793 -72.744689
-58.8775 -19.6978 -0.9928 -72.750993
-60.4992 -20.5497 -0.8751 -72.75732
-62.2699 -20.9516 -0.784 -72.763685
-63.9605 -21.4851 -1.2025 -72.770141
-65.769 -21.6468 -1.2364 -72.776586
-67.4074 -21.948 -2.0416 -72.783062
-69.2303 -22.0478 -2.2783 -72.789561
-71.0405 -22.3933 -2.2 -72.796105
-72.76 -22.6876 -1.8978 -72.802663
-74.4248 -22.1245 -1.3042 -72.809245
-75.468 -21.5676 0.0962 -72.81586
-76.805 -21.0117 0.8974 -72.822492
-78.6304 -21.1688 0.7939 -72.829099
-80.2126 -21.6023 1.4208 -72.83572
-81.9055 -21.4802 1.8938 -72.842337
-83.3789 -20.5725 2.4839 -72.84895
-84.8475 -20.092 3.3977 -72.855537
-85.8797 -19.4106 4.4732 -72.862133
-86.9877 -17.9771 4.3817 -72.868674
-88.4094 -16.917 4.436 -72.875171
-89.1332 -16.2863 5.8123 -72.881691
-89.6827 -16.0961 7.5766 -72.888135
-90.6073 -14.9923 8.5732 -72.894449
-91.6573 -14.5236 9.9347 -72.900671
-92.216 -13.6924 11.4126 -72.90685
-93.3323 -12.5367 11.3011 -72.912823
-94.3529 -11.3333 10.4637 -72.918663
-95.9243 -11.359 10.3327 -72.92434
-97.085 -12.6874 10.4076 -72.929837
-98.637 -11.9209 10.4364 -72.935131
-99.8512 -10.5582 10.1484 -72.940179
-101.1467 -9.2581 9.9913 -72.944988
-102.9108 -8.8466 10.0308 -72.949504
-104.2043 -7.6318 10.4372 -72.953691
-105.7848 -7.7377 11.2376 -72.957545
-107.5295 -7.7352 11.7584 -72.961022
-108.7114 -6.5165 12.2914 -72.964092
-108.6826 -5.013 12.9437 -72.966749
-109.4316 -4.9691 14.0337 -72.968937
-110.9911 -5.321 13.2911 -72.970622
-112.3812 -4.7789 12.2565 -72.971775
-113.4541 -4.4164 10.8172 -72.972369
-15.5545 -17.632 4.3033 -72.597131
-16.8149 -18.3686 5.0193 -72.600947
-18.1535 -17.7371 5.9254 -72.605314
-19.3957 -17.6568 7.1162 -72.609804
-20.6245 -17.4395 8.329 -72.614336
-21.4073 -17.0773 9.8446 -72.618951
-22.3291 -16.4593 11.1562 -72.623584
-23.7986 -16.4039 12.1053 -72.628265
-24.636 -16.4397 13.5353 -72.633047
-26.0492 -16.413 14.4153 -72.637818
-26.5091 -16.6788 16.0866 -72.642728
-27.6416 -17.5424 16.452 -72.647581
-28.9683 -17.6171 17.1518 -72.652473
-30.2529 -16.8642 18.0015 -72.657393
-31.8112 -16.9615 18.7079 -72.662375
-32.7125 -16.0015 17.8716 -72.66737
-33.9732 -15.3124 17.8919 -72.672405
-35.5154 -14.9405 18.541 -72.677472
-36.8148 -15.2621 19.6037 -72.682577
-38.1095 -15.3947 20.6532 -72.687684
-39.3709 -15.3085 20.5665 -72.692871
-39.9084 -15.4165 22.2463 -72.698123
-41.4898 -16.1032 22.568 -72.703301
-43.1935 -16.3081 22.9719 -72.708482
-44.8671 -16.1005 23.426 -72.713664
-46.5874 -16.255 23.8037 -72.718867
-48.2806 -16.146 24.1613 -72.724023
-49.8848 -15.6408 24.6252 -72.729175
-51.569 -15.5809 25.1077 -72.734291
-53.1934 -15.8717 25.7123 -72.739373
-54.8397 -16.0518 26.2602 -72.744433
-56.4663 -15.7486 26.8593 -72.749401
-57.6381 -14.8744 27.7621 -72.7543
-58.8394 -13.7889 28.4214 -72.75912
-60.1932 -13.1386 29.3328 -72.763869
-61.8304 -12.6017 29.6751 -72.7685
-63.5039 -12.1508 29.7076 -72.772994
-64.8861 -11.121 29.4315 -72.777356
-65.5954 -10.0293 28.2627 -72.781578
-66.3587 -9.069 29.1123 -72.785623
-67.3994 -7.9254 29.8988 -72.789472
-68.8854 -7.8686 29.963 -72.7931
-70.5505 -7.352 29.9726 -72.796482
-72.0497 -6.4284 30.0037 -72.799604
-73.5599 -5.5098 29.9785 -72.802438
-74.8786 -4.3323 29.9264 -72.805039
-76.2236 -3.1844 29.9023 -72.807209
-77.2186 -1.7362 29.9278 -72.809001
-78.2778 -0.5048 29.7779 -72.810385
-79.9939 -0.3567 29.5292 -72.811338
-81.6519 -0.1123 29.479 -72.81183
-15.2282 -17.1379 4 -72.595468
-15.8134 -17.8487 4 -72.595636
-16.4306 -18.5318 4 -72.595722
-13.8552 -16.3527 0.6773 -72.579283
-6.8126 -12.9962 0.0714 -72.560105
-5.8684 -15.48 0.0572 -72.564627
-5.4058 -18.0693 0.0621 -72.570442
-4.8048 -20.6622 0.1442 -72.577797
-4.2378 -23.1032 0.3354 -72.586972
-4.2185 -23.3173 3.0099 -72.601938
-4.1991 -23.5292 5.6846 -72.617048
-3.9404 -24.0329 8.0609 -72.631998
-2.9465 -26.4423 7.8893 -72.647208
-2.9898 -29.1239 7.9366 -72.662857
-2.8312 -31.7921 8.079 -72.678986
-2.7737 -34.4658 8.0848 -72.695609
-3.1335 -36.1267 6.8772 -72.713032
-2.9668 -36.5649 4.2354 -72.73101
-3.5563 -38.3842 2.8887 -72.749254
-4.3063 -40.3834 1.497 -72.768138
-4.1208 -42.6459 0.2252 -72.787562
-4.2362 -43.7827 0.8959 -72.803117
-3.8312 -43.4159 2.8085 -72.8142
-3.4263 -43.0492 4.7211 -72.82512
-3.0214 -42.6825 6.6338 -72.835877
-2.6164 -42.3158 8.5464 -72.846473
-2.2115 -41.949 10.459 -72.856908
-1.8006 -41.5642 12.3611 -72.867183
-1.0504 -39.8462 12.7392 -72.877724
0.1758 -38.6585 13.5417 -72.888363
1.5902 -38.0395 13.8599 -72.899319
3.2347 -39.0768 14.2093 -72.91039
3.2862 -40.8715 14.6526 -72.921696
3.0921 -42.2179 15.9515 -72.933214
3.289 -43.8273 17.0278 -72.944947
3.7676 -45.0577 18.3989 -72.956988
5.3853 -45.2551 17.5078 -72.969263
6.4565 -45.5185 16.2146 -72.98201
6.4601 -45.5688 14.2263 -72.995053
7.3041 -46.1013 15.3965 -73.00829
7.7212 -46.6728 17.2551 -73.021873
8.2906 -47.8462 18.7417 -73.035603
8.7291 -49.4862 19.2615 -73.045735
9.1255 -50.9461 19.7272 -73.051921
10.0364 -52.2198 19.9693 -73.058124
10.7133 -53.6545 20.0389 -73.064369
11.8089 -54.3454 19.5071 -73.070694
12.1976 -54.6669 17.9921 -73.077055
13.1099 -54.8336 16.8714 -73.083427
13.5838 -54.6626 15.3738 -73.090206
13.6588 -54.6533 13.7788 -73.09796
13.7337 -54.644 12.1838 -73.105506
13.8087 -54.6347 10.5888 -73.112842
13.8837 -54.6254 8.9938 -73.119967
13.9586 -54.6161 7.3988 -73.126879
14.0336 -54.6068 5.8038 -73.133578
14.1085 -54.5975 4.2088 -73.140062
14.1663 -54.5744 2.6132 -73.14729
14.2206 -54.5486 1.0176 -73.154571
14.2749 -54.5228 -0.5781 -73.161611
14.3293 -54.497 -2.1737 -73.168408
14.3836 -54.4712 -3.7694 -73.17496
14.4379 -54.4454 -5.365 -73.181264
13.7113 -55.8095 -5.5929 -73.18743
13.1825 -57.2536 -6.0072 -73.193543
12.9567 -58.7053 -6.561 -73.199583
12.6682 -60.0281 -7.37 -73.20554
12.3514 -61.5353 -7.7387 -73.211409
11.9771 -63.0578 -7.8716 -73.217168
11.7617 -64.6275 -7.7751 -73.222817
11.4655 -65.9109 -8.3481 -73.228347
11.6675 -66.9063 -9.5712 -73.233748
11.728 -68.3207 -9.6289 -73.239013
11.6975 -68.4625 -8.07 -73.244106
11.4235 -69.5735 -7.0162 -73.248984
11.1196 -70.8404 -6.109 -73.253663
11.0275 -71.8722 -4.9846 -73.258147
11.2426 -73.2528 -4.3725 -73.262394
10.7531 -74.6674 -3.9199 -73.266379
10.425 -76.2016 -3.7062 -73.270109
10.77 -77.7411 -3.6532 -73.273555
11.0786 -79.2552 -3.6604 -73.276688
11.425 -80.7723 -3.755 -73.279498
11.2996 -82.2807 -4.0128 -73.281961
11.9706 -83.6675 -4.3963 -73.28406
12.7118 -84.5829 -3.8154 -73.285799
13.1706 -85.4159 -2.5821 -73.287124
13.3664 -86.853 -1.9391 -73.288024
13.3682 -87.667 -0.8755 -73.288485
8.6263 -48.9248 19.7774 -73.045479
8.971 -49.5407 20.9869 -73.051117
9.2099 -51.0475 20.8184 -73.056757
10.0927 -52.2943 20.5532 -73.062387
10.6868 -53.724 20.4404 -73.06801
11.4461 -54.1517 19.6321 -73.073738
11.5442 -54.2966 18.1881 -73.079435
12.9332 -54.8812 18.406 -73.085065
13.2774 -55.294 19.8309 -73.090827
13.7729 -56.2787 20.5319 -73.096433
14.3885 -57.7019 20.5127 -73.102023
15.16 -59.0485 20.6431 -73.107567
15.6443 -60.0525 21.5504 -73.113098
16.2084 -60.988 22.5631 -73.118577
17.2577 -61.2039 23.519 -73.123977
18.4454 -61.8839 23.9975 -73.129297
19.1422 -63.2514 24.2481 -73.134553
19.671 -63.8624 25.3071 -73.139803
20.2623 -64.3588 26.3522 -73.144904
21.638 -65.0559 26.1487 -73.149874
22.7173 -66.1327 25.8633 -73.155018
23.7256 -67.2733 25.5197 -73.159938
24.6112 -68.47 25.1932 -73.164572
24.9681 -69.954 24.971 -73.169031
24.9964 -70.9802 24.2159 -73.173541
24.9684 -71.117 22.6615 -73.178057
24.9404 -71.2538 21.1072 -73.182245
24.9124 -71.3907 19.5528 -73.186102
24.8648 -71.4567 17.9963 -73.189666
24.9221 -71.7069 16.7213 -73.192975
25.4185 -72.6144 17.5247 -73.196096
25.5779 -72.8182 19.0637 -73.198978
25.6724 -73.1458 20.5059 -73.201497
25.5385 -73.7136 21.7923 -73.203779
25.5469 -73.9336 23.3373 -73.205738
25.5553 -74.1535 24.8823 -73.207301
26.4257 -75.2629 24.9859 -73.208486
26.2037 -76.801 24.991 -73.209296
26.3234 -78.3421 25.0702 -73.209709
-4.7208 -44.7161 -0.023 -72.800447
-5.1299 -46.1818 0.6944 -72.806386
-5.3697 -46.9913 2.259 -72.812393
-5.7718 -48.0995 3.5791 -72.818424
-6.3113 -49.4357 4.5711 -72.824523
-6.1052 -51.0319 5.3148 -72.830664
-5.9754 -52.7323 5.8136 -72.836852
-5.3005 -54.3124 6.0843 -72.843092
-5.5666 -55.9139 6.2159 -72.849386
-6.3626 -57.4622 6.4728 -72.855724
-7.4327 -58.7683 6.9386 -72.862115
-8.3123 -60.0607 7.6969 -72.868557
-9.2075 -61.5771 7.5449 -72.875021
-10.0182 -63.1512 7.7642 -72.881539
-10.4982 -64.8336 7.9938 -72.888086
-11.098 -66.494 8.2496 -72.894691
-11.5795 -68.0917 8.8213 -72.901334
-11.4778 -69.48 9.814 -72.908
-11.3768 -70.9824 10.6772 -72.914722
-11.1615 -72.6665 10.9417 -72.921493
-11.9531 -74.0675 10.3517 -72.928294
-12.2253 -75.2856 9.1163 -72.935133
-12.386 -76.5528 7.8889 -72.941989
-12.4919 -77.8973 6.8778 -72.948894
-12.6418 -79.6702 6.7282 -72.955822
-12.8923 -81.2283 7.3625 -72.962785
-13.0636 -82.0267 8.8276 -72.969835
-12.8375 -83.2389 8.8894 -72.97685
-12.4716 -84.694 8.0205 -72.983903
-12.6797 -85.5671 7.0599 -72.990997
-12.5183 -84.1321 6.1622 -72.998161
-12.5292 -84.0813 7.3739 -73.005357
-11.895 -85.6688 7.8198 -73.012561
-11.5229 -87.2946 8.4116 -73.019763
-10.3324 -88.1124 9.2259 -73.026975
-10.675 -89.8262 9.467 -73.034216
-11.2148 -91.4903 9.7261 -73.041428
-11.4919 -93.2205 9.9224 -73.048625
-11.8689 -94.9605 9.9938 -73.055828
-12.2215 -96.7085 9.9892 -73.062986
-12.5548 -98.4528 9.9031 -73.070137
-13.101 -100.1246 9.6027 -73.077243
-13.6123 -101.6942 9.0552 -73.084323
-14.5178 -102.8115 8.0351 -73.091368
-14.732 -103.8321 6.6289 -73.098386
-14.736 -104.949 5.3416 -73.105357
-14.7897 -105.5564 3.6632 -73.112268
-14.9175 -106.1934 2.0059 -73.119083
-14.8119 -107.3154 0.66 -73.12573
-14.3904 -108.3157 -0.7477 -73.132306
-14.0768 -109.6227 -1.5126 -73.138708
-14.1581 -111.3783 -1.2027 -73.144972
-14.4574 -112.7137 -0.3129 -73.151109
-14.5581 -113.8268 1.0481 -73.157046
-14.5629 -114.7419 2.5821 -73.162824
-14.3372 -115.8187 3.9677 -73.168355
-14.0073 -116.8255 5.38 -73.173665
-13.5104 -118.0936 6.4955 -73.17871
-13.0668 -119.695 6.5246 -73.183478
-12.4966 -121.0534 5.5568 -73.18793
-12.0851 -122.6625 5.1356 -73.192061
-12.5004 -124.2153 4.474 -73.195846
-12.6759 -125.9354 4.076 -73.199236
-13.0189 -127.5669 3.9008 -73.202234
-13.6129 -129.2115 3.7998 -73.204793
-14.5095 -130.7248 3.617 -73.20689
-15.1909 -132.314 3.2206 -73.208502
-16.0458 -133.6469 2.4524 -73.209603
-17.0046 -135.0632 2.0492 -73.210167
-3.6471 -8.0538 -0.0157 -72.5561
-1.3228 -8.9468 -0.0471 -72.559742
0.9314 -9.9936 -0.0832 -72.563696
2.6625 -11.7633 -0.1495 -72.568623
3.884 -13.4015 -0.8686 -72.576494
4.2751 -14.1359 -3.2157 -72.594012
4.6663 -14.8703 -5.5627 -72.611349
5.0575 -15.6047 -7.9097 -72.628503
5.4487 -16.3392 -10.2567 -72.645468
5.5082 -15.6747 -11.481 -72.658309
5.7528 -14.1284 -10.9972 -72.666385
5.1317 -14.013 -9.0503 -72.674738
5.6382 -14.026 -8.2186 -72.683608
7.6439 -14.2766 -7.8039 -72.692678
9.6042 -14.0356 -7.3728 -72.70166
11.4824 -13.5321 -6.7322 -72.710892
12.4397 -13.1153 -5.3274 -72.720402
13.1732 -12.7275 -3.4442 -72.730276
14.0029 -12.5015 -1.5695 -72.740448
14.9232 -12.6143 0.2611 -72.750876
16.0509 -12.8503 1.9217 -72.761595
17.2291 -12.7352 3.6117 -72.772737
18.6969 -13.072 4.9744 -72.783948
20.4387 -12.843 5.9867 -72.795469
22.2399 -12.9948 6.2182 -72.803856
23.7688 -13.3762 5.9788 -72.808859
25.0057 -12.6222 5.3936 -72.8139
26.3571 -12.2571 4.8087 -72.818969
27.8738 -11.9691 4.5669 -72.824087
29.2461 -11.1445 4.4391 -72.829229
30.8012 -10.7714 4.3716 -72.834378
32.3851 -10.5715 4.2891 -72.839554
33.2233 -10.1298 4.9983 -72.844789
34.0663 -9.8024 5.9221 -72.850026
35.5597 -9.845 6.5062 -72.855256
36.9026 -9.7278 7.2501 -72.86051
38.2463 -9.5474 7.9246 -72.865735
39.7277 -9.1425 8.3952 -72.870951
41.1759 -8.7377 8.951 -72.87615
42.5633 -8.3419 9.5488 -72.881357
43.7337 -8.1277 8.583 -72.88653
45.1311 -8.0308 7.9631 -72.891652
46.5242 -8.3092 7.3517 -72.896714
47.4104 -8.3281 6.0274 -72.901769
48.547 -8.1523 4.9694 -72.906722
50.1277 -8.0481 4.8161 -72.911596
51.0302 -8.412 5.9293 -72.916474
52.4231 -8.5023 6.17 -72.921183
53.895 -8.5955 6.6905 -72.925805
54.9911 -8.7652 7.7616 -72.930296
56.4893 -8.9904 7.679 -72.93463
57.587 -10.1308 7.9043 -72.938808
59.0801 -10.6364 8.1455 -72.942831
60.6014 -11.0022 8.4608 -72.946645
61.9959 -11.5958 8.0265 -72.950255
62.9752 -11.9724 7.058 -72.953695
63.4644 -12.0743 5.5381 -72.956883
64.0395 -11.9612 4.047 -72.959842
64.4337 -11.9546 2.4888 -72.962526
64.823 -11.932 0.9297 -72.964882
65.2041 -11.8836 -0.6309 -72.966887
65.5558 -11.8356 -2.1985 -72.968547
65.8976 -11.7879 -3.7682 -72.969811
66.4194 -11.7876 -5.282 -72.970669
66.4944 -12.5596 -6.6605 -72.971111
21.8035 -12.9643 5.5087 -72.804792
22.2928 -12.8975 4.0421 -72.81152
22.782 -12.8307 2.5755 -72.818064
23.2713 -12.7639 1.1089 -72.824421
23.7606 -12.6971 -0.3578 -72.830591
24.2499 -12.6303 -1.8244 -72.836569
24.7391 -12.5635 -3.291 -72.842356
25.2284 -12.4967 -4.7576 -72.847948
25.7177 -12.4299 -6.2242 -72.853344
26.2069 -12.363 -7.6908 -72.858542
26.8935 -12.3131 -8.9994 -72.863578
27.9931 -12.1349 -10.0456 -72.868574
29.4155 -12.0244 -10.5719 -72.873554
30.9321 -12.139 -10.7879 -72.878492
32.4337 -12.4908 -10.7732 -72.883436
33.7283 -13.0404 -10.3346 -72.888322
34.9591 -13.7394 -9.781 -72.893168
36.3049 -14.3754 -9.3611 -72.897983
37.7863 -14.4064 -8.971 -72.902814
38.9765 -14.4204 -8.3072 -72.907577
39.509 -14.5028 -6.8771 -72.912235
40.803 -14.1184 -7.3333 -72.916749
42.1172 -13.7343 -7.9502 -72.921159
43.481 -14.2451 -8.4653 -72.925442
44.8322 -14.6862 -9.0455 -72.929592
46.2199 -15.1571 -9.5418 -72.933603
47.4998 -15.7968 -10.1041 -72.93743
48.4919 -16.341 -10.9949 -72.941099
49.2648 -16.5571 -12.2212 -72.944579
50.6437 -17.0063 -12.5265 -72.947819
52.1626 -17.2199 -12.7123 -72.950831
53.5098 -17.9199 -12.5815 -72.953581
54.8261 -18.5114 -12.0649 -72.956063
56.0144 -19.3898 -11.6485 -72.958245
57.1511 -20.3793 -11.2981 -72.960117
58.5784 -20.83 -11.009 -72.961648
59.5198 -21.3446 -11.6244 -72.962848
59.9152 -21.5013 -13.1121 -72.963663
60.3293 -21.6363 -14.5919 -72.96408
5.542 -17.4481 -11.9734 -72.656963
5.2752 -19.0549 -12.8511 -72.662187
4.5319 -20.5356 -13.6308 -72.667477
4.2842 -21.2679 -12.1504 -72.672906
4.5234 -21.5541 -11.2061 -72.678306
5.0916 -22.5097 -9.9139 -72.683804
5.6355 -23.6108 -8.5295 -72.689344
6.4022 -24.9693 -7.5369 -72.694944
6.6335 -26.3097 -6.3211 -72.70058
7.1852 -27.3717 -7.4784 -72.706314
7.7638 -28.2275 -9.037 -72.712085
9.1599 -28.8455 -10.0123 -72.717858
10.2945 -29.4271 -11.2255 -72.723688
12.0307 -29.9265 -10.7637 -72.72958
13.7255 -30.5864 -10.4924 -72.735504
15.1918 -31.515 -11.0288 -72.741465
16.7178 -31.6949 -12.0524 -72.747484
18.2188 -31.9125 -13.1144 -72.753542
19.9511 -32.1969 -13.7295 -72.759646
21.5074 -33.0418 -14.1745 -72.766013
22.8543 -34.2615 -14.6414 -72.772431
24.0059 -35.5947 -15.1729 -72.778675
24.5296 -37.1036 -15.7174 -72.784963
24.7232 -37.5624 -17.5262 -72.791368
25.1008 -38.2263 -19.2142 -72.797788
26.3789 -39.4506 -19.5884 -72.804166
28.1291 -39.8596 -20.0602 -72.810573
29.3513 -39.6098 -21.3429 -72.817037
30.6809 -38.9744 -22.3478 -72.823531
31.8544 -39.4408 -23.699 -72.830072
32.7072 -40.1312 -24.5207 -72.836626
34.1875 -40.0661 -24.2388 -72.84322
35.3747 -39.954 -25.6606 -72.84984
36.0556 -40.1808 -27.3735 -72.856567
37.1117 -40.5409 -28.8636 -72.863236
37.9499 -40.8975 -30.5002 -72.86992
38.8019 -40.6861 -32.1277 -72.876626
39.8174 -40.5169 -33.6425 -72.883302
40.8901 -40.7217 -35.068 -72.889958
42.5305 -41.61 -35.2384 -72.896592
44.3755 -41.8861 -35.4176 -72.903206
45.9871 -42.2694 -36.0731 -72.9098
47.4878 -43.2765 -36.1873 -72.91648
49.3319 -43.6209 -36.2065 -72.923241
51.1887 -43.712 -36.2324 -72.929748
53.0372 -43.4731 -36.3042 -72.936179
54.8899 -43.6769 -36.497 -72.94251
56.6959 -43.5991 -36.9065 -72.948763
58.2639 -44.1277 -37.6876 -72.954911
59.5341 -44.5902 -38.7803 -72.96099
60.5988 -45.0677 -39.8571 -72.966889
61.8729 -46.2433 -40.1922 -72.972633
63.3313 -46.5896 -41.0735 -72.978233
64.0217 -46.6763 -42.7931 -72.983683
64.5704 -46.7494 -44.583 -72.98892
64.8703 -46.6711 -46.4334 -72.994107
65.1687 -46.5915 -48.2839 -72.998887
65.5964 -46.5388 -50.1097 -73.003397
65.7108 -46.4215 -51.9702 -73.007925
65.6981 -46.2783 -53.8407 -73.01208
65.6854 -46.1351 -55.7113 -73.015713
65.6727 -45.9919 -57.5819 -73.018815
65.7296 -45.7497 -59.4403 -73.021538
65.8135 -45.4694 -61.2934 -73.023744
66.0243 -45.0935 -63.1166 -73.025427
66.1717 -44.6856 -64.9394 -73.02659
66.3305 -44.1781 -66.4646 -73.027183
5.6517 -16.7814 -12.2027 -72.660098
5.689 -16.9607 -13.7308 -72.671394
5.7263 -17.14 -15.259 -72.682503
5.7636 -17.3194 -16.7872 -72.693425
5.8009 -17.4987 -18.3154 -72.70416
5.8383 -17.678 -19.8436 -72.714708
5.8756 -17.8574 -21.3717 -72.725069
5.9129 -18.0367 -22.8999 -72.735243
5.9502 -18.216 -24.4281 -72.74523
5.9875 -18.3954 -25.9563 -72.755028
6.0248 -18.5747 -27.4845 -72.764636
6.0621 -18.754 -29.0126 -72.774054
6.0994 -18.9334 -30.5408 -72.783279
6.1367 -19.1127 -32.069 -72.792311
6.1741 -19.292 -33.5972 -72.801147
6.2114 -19.4714 -35.1254 -72.809787
6.2487 -19.6507 -36.6536 -72.818227
6.286 -19.83 -38.1817 -72.826466
6.3233 -20.0094 -39.7099 -72.834502
6.3606 -20.1887 -41.2381 -72.842332
6.3979 -20.368 -42.7663 -72.849953
6.4352 -20.5474 -44.2945 -72.857364
6.4725 -20.7267 -45.8226 -72.86456
6.5099 -20.906 -47.3508 -72.87154
6.5472 -21.0854 -48.879 -72.8783
6.5845 -21.2647 -50.4072 -72.884837
6.6218 -21.444 -51.9354 -72.891149
6.6591 -21.6234 -53.4635 -72.897231
6.6964 -21.8027 -54.9917 -72.903082
6.7337 -21.982 -56.5199 -72.908697
6.771 -22.1614 -58.0481 -72.914074
6.8083 -22.3407 -59.5763 -72.919209
6.8457 -22.52 -61.1045 -72.924099
6.883 -22.6994 -62.6326 -72.928741
6.9394 -22.8766 -64.1572 -72.933133
8.1498 -22.8799 -64.1006 -72.937378
8.9886 -23.516 -62.989 -72.941552
9.9314 -24.3205 -62.1091 -72.94559
10.5435 -25.411 -61.3105 -72.949529
11.1641 -26.7642 -60.9602 -72.953324
11.7371 -28.177 -61.0516 -72.956954
12.2468 -29.4991 -61.4619 -72.960422
12.6299 -30.7915 -61.1111 -72.96372
13.0367 -32.212 -60.6823 -72.966815
13.4206 -33.6473 -60.2909 -72.969697
13.672 -35.0666 -59.8345 -72.972337
13.7802 -36.5811 -60.0484 -72.97471
13.7177 -38.0731 -60.4184 -72.9768
13.5658 -39.5761 -60.7091 -72.978596
13.3014 -41.0704 -60.6511 -72.980072
13.3571 -42.0105 -59.4467 -72.981221
13.5377 -43.0476 -58.3404 -72.982002
13.6333 -44.0606 -57.3331 -72.982403
-2.4565 -0.91 0.0523 -72.530776
-2.8293 2.667 0.2464 -72.507388
-3.0866 6.216 0.7208 -72.483489
-2.2413 9.6979 1.5153 -72.458987
-0.7404 12.7593 0.9662 -72.434098
0.227 15.8879 -1.0884 -72.407743
0.5524 20.1154 -1.9386 -72.379894
0.4575 24.418 -2.5408 -72.351441
0.4389 27.3767 -5.5178 -72.322341
-0.013 29.9656 -8.7108 -72.292661
-0.1419 14.3216 0.264 -72.420837
0.8616 14.8245 1.2959 -72.413563
2.5303 15.409 3.4469 -72.400079
5.0961 15.9466 3.8822 -72.386161
7.8356 16.5695 3.9069 -72.371711
10.5566 17.2922 4.0994 -72.356937
13.2701 17.9524 4.5537 -72.34173
15.8121 18.8134 4.7988 -72.326138
17.2134 19.7132 4.344 -72.315403
17.5574 19.3689 4.0634 -72.315939
-0.9274 14.3109 0.2417 -72.420429
-2.5488 14.1754 0.0246 -72.420834
-4.1702 14.04 -0.1925 -72.421206
-5.6969 13.9854 -0.1496 -72.421538
-6.0083 14.0245 0.9686 -72.421829
-4.7591 13.8534 0.1003 -72.422072
-4.5248 13.8442 -1.5168 -72.422306
-4.3735 13.8457 -3.1513 -72.422465
-4.2222 13.8471 -4.7858 -72.422549
-4.0708 13.8486 -6.4202 -72.422568
-3.7648 13.9278 -8.018 -72.422537
-3.1571 14.1597 -9.5252 -72.422474
-2.5409 14.9686 -10.6984 -72.422409
-0.6612 32.5013 -8.9792 -72.274178
-1.3441 34.6869 -8.6538 -72.259901
-2.5162 37.7967 -7.959 -72.238091
-4.0883 40.798 -9.2426 -72.215946
-6.1771 43.4321 -10.5669 -72.193489
-7.4526 45.9637 -12.4793 -72.170681
-8.199 48.9959 -14.3148 -72.147286
-8.488 52.2581 -16.0262 -72.123311
-8.9751 55.6713 -17.3793 -72.099008
-8.9724 59.3456 -17.9864 -72.074392
-8.8355 62.9598 -18.9326 -72.049445
-8.1651 65.7964 -21.101 -72.024151
-8.071 69.4931 -21.2598 -71.998545
-8.0725 72.7987 -19.5494 -71.974053
-8.8931 75.9303 -20.6534 -71.953485
-9.8467 77.8663 -22.8286 -71.935424
-10.916 79.9845 -24.8489 -71.917206
-11.8107 82.572 -26.461 -71.897511
-13.9622 85.1541 -28.0376 -71.876343
-15.428 87.4195 -30.0798 -71.854904
-16.2874 89.1284 -32.8169 -71.836255
-17.1302 91.8068 -33.4334 -71.820476
-16.6579 94.7355 -33.3269 -71.804581
-16.2793 97.4317 -32.2507 -71.788582
-16.0966 100.3779 -31.8618 -71.772467
-15.6048 103.2146 -31.8672 -71.748897
-15.0646 104.6984 -30.0846 -71.717708
-14.4099 106.6313 -31.3901 -71.686362
-13.9013 109.3975 -31.7321 -71.654806
-13.1382 112.1018 -31.8855 -71.623041
-12.0288 114.6912 -32.2205 -71.591031
-9.9615 116.491 -32.7147 -71.558814
-8.3964 118.5551 -33.6954 -71.52637
-7.0441 120.3709 -35.2413 -71.49367
-16.3107 103.1222 -31.2609 -71.755249
-17.0106 105.6108 -30.0258 -71.73732
-17.7104 108.0993 -28.7907 -71.719731
-18.4103 110.5878 -27.5556 -71.702485
-19.1321 113.0846 -26.3544 -71.685576
-20.0839 115.6275 -25.7828 -71.668791
-21.6544 117.8269 -26.4818 -71.652
-22.4041 120.0541 -28.0006 -71.635179
-23.8204 121.9956 -29.2918 -71.618362
-16.2837 88.4956 -30.6847 -71.834811
-16.9057 88.45 -28.8674 -71.81646
-17.5277 88.4044 -27.0501 -71.798427
-18.1496 88.3588 -25.2328 -71.780718
-18.7716 88.3131 -23.4155 -71.763335
-19.3936 88.2675 -21.5982 -71.746282
-20.0155 88.2219 -19.7808 -71.72956
-20.6375 88.1763 -17.9635 -71.713171
-21.2595 88.1307 -16.1462 -71.697119
-21.8814 88.0851 -14.3289 -71.681404
-22.5034 88.0394 -12.5116 -71.666028
-23.1253 87.9938 -10.6943 -71.650993
-23.7473 87.9482 -8.8769 -71.636299
-24.3693 87.9026 -7.0596 -71.621948
-24.9912 87.857 -5.2423 -71.607941
-25.6132 87.8114 -3.425 -71.594277
-26.2352 87.7657 -1.6077 -71.580959
-26.8571 87.7201 0.2096 -71.567987
-27.4791 87.6745 2.0269 -71.55536
-28.1011 87.6289 3.8443 -71.543079
-28.723 87.5833 5.6616 -71.531145
-10.6474 82.0467 -25.97 -71.903391
-9.8973 83.5702 -26.7997 -71.894252
-8.9166 84.4636 -28.1497 -71.885102
-7.9416 85.635 -29.2349 -71.875943
-6.7633 86.7616 -30.2244 -71.866802
-5.9934 87.8877 -31.5 -71.857662
-4.805 89.0805 -31.9871 -71.848534
-4.0074 90.0975 -33.2964 -71.839356
-3.642 91.5318 -34.1524 -71.830242
-3.5504 92.2381 -35.0395 -71.821136
-2.6112 93.3175 -34.37 -71.81203
-1.4138 94.7914 -34.5426 -71.802995
-0.1697 96.0984 -35.117 -71.793993
0.8889 97.112 -35.3375 -71.785025
1.8787 97.6218 -33.8386 -71.776089
3.297 98.6527 -34.2066 -71.767263
4.478 100.1526 -34.2331 -71.758532
5.7259 101.6013 -34.2783 -71.749863
6.9236 103.076 -34.3329 -71.741309
8.2378 104.4594 -34.2789 -71.732851
9.708 105.6324 -34.1824 -71.72453
11.0242 106.9149 -34.1788 -71.716313
12.03 108.5293 -34.2938 -71.708237
12.8387 110.237 -34.4028 -71.700309
13.6986 111.9172 -34.2947 -71.69254
14.9808 113.3035 -34.0183 -71.68495
16.3534 114.5382 -33.5266 -71.677542
-8.0122 74.6652 -19.0128 -71.957851
-7.3733 74.7434 -17.1393 -71.948882
-6.2129 74.8717 -15.5661 -71.940002
-4.6588 75.1485 -14.4836 -71.931147
-2.9313 75.2005 -13.5318 -71.922292
-1.1908 75.5548 -14.025 -71.913436
0.2492 75.4182 -15.2751 -71.904568
1.6994 75.2949 -16.4498 -71.895734
3.456 75.8724 -16.5978 -71.886903
4.909 77.061 -16.0201 -71.878094
6.3489 78.0205 -15.2054 -71.86932
7.6777 78.1558 -16.557 -71.860521
9.1932 78.8939 -17.1669 -71.851785
10.3243 80.3116 -17.9293 -71.843099
11.8031 81.2429 -18.8099 -71.834473
13.3202 82.0201 -19.7154 -71.825899
14.672 82.8734 -20.8357 -71.817403
15.8195 84.0369 -21.4716 -71.808997
17.3968 85.0052 -21.5241 -71.800673
19.1523 85.9091 -21.6233 -71.792446
20.835 86.8367 -21.5731 -71.784329
22.3782 87.6805 -22.4819 -71.776302
23.6336 88.6822 -23.6145 -71.768417
25.3121 89.236 -24.4178 -71.760671
26.9271 90.1776 -25.069 -71.752915
28.5711 91.1435 -25.6063 -71.745232
30.1849 92.1759 -26.0934 -71.737927
31.906 93.0582 -26.3886 -71.730847
33.349 94.3802 -26.2354 -71.723967
34.682 95.7638 -25.7885 -71.717303
36.0698 96.9946 -25.1164 -71.710863
-9.1332 71.1226 -19.9391 -71.975021
-11.2049 71.3971 -19.3463 -71.954031
-12.2503 72.1505 -17.4371 -71.932704
-13.2771 72.9723 -16.3017 -71.911085
-15.0629 74.4381 -16.0237 -71.889206
-17.1889 75.3374 -15.9102 -71.86698
-18.7708 76.7954 -16.5998 -71.844425
-20.2396 77.7578 -18.0502 -71.821494
-21.4318 79.2493 -19.3169 -71.798272
-22.4493 80.8848 -20.0685 -71.780861
-23.644 82.5321 -19.9209 -71.769555
-25.2693 83.8199 -19.7197 -71.758248
-26.4282 85.5474 -19.5741 -71.746919
-27.4271 87.2915 -19.7394 -71.735556
-28.2555 88.0894 -18.5764 -71.724067
-28.4362 88.7812 -16.6121 -71.712513
-28.7184 89.4709 -14.6555 -71.701063
-28.5952 90.5234 -12.9306 -71.689652
-28.0087 92.2281 -11.8717 -71.678252
-28.1824 93.3344 -10.523 -71.666825
-28.881 94.9101 -9.3484 -71.655408
-29.1637 96.6406 -8.2343 -71.644019
-29.7507 98.589 -7.8416 -71.632649
-31.2546 100.014 -7.7767 -71.621297
-32.9856 101.1833 -7.8435 -71.610005
-34.438 102.6859 -7.93 -71.598722
-35.8645 104.1959 -8.077 -71.587488
-37.7492 105.0636 -8.2888 -71.576318
-39.7252 105.5106 -8.4883 -71.565173
-41.4274 106.5542 -8.4275 -71.55406
-22.5697 79.9845 -21.0657 -71.7798
-23.5049 79.5868 -23.0086 -71.767759
-24.7357 79.2357 -23.1851 -71.756947
-26.0186 79.7983 -22.2548 -71.746152
-27.6912 80.6895 -21.9109 -71.735357
-29.3246 81.7314 -21.4655 -71.724571
-31.1306 82.4861 -21.4143 -71.713797
-32.9071 83.2024 -21.5235 -71.702995
-34.8537 83.2248 -21.3716 -71.692205
-36.6622 83.819 -20.8419 -71.681413
-38.0322 83.5029 -19.5874 -71.670604
-39.4902 83.5562 -18.2934 -71.659825
-40.9141 84.0358 -17.0459 -71.649062
-42.4783 85.0996 -16.5078 -71.638353
-44.0118 86.2891 -16.2793 -71.627674
-45.0805 86.8165 -17.3328 -71.616814
-45.3985 87.0849 -19.2874 -71.606067
-46.0085 87.5938 -21.1008 -71.595345
-46.5256 87.8633 -23.0125 -71.584671
-47.0124 88.1443 -24.9307 -71.574051
-48.0466 88.8001 -25.8124 -71.563628
-49.3531 89.8139 -24.8517 -71.553274
-23.4169 79.5945 -22.041 -71.773201
-7.4755 47.1812 -14.128 -72.157569
-6.6397 46.9581 -15.442 -72.154543
-6.0885 47.0624 -16.854 -72.151653
-5.6785 47.4504 -18.3124 -72.148832
-5.0375 48.1975 -19.4234 -72.146112
-4.9376 48.8586 -20.8471 -72.143478
-4.8994 49.5688 -22.2208 -72.140948
-4.8067 50.8524 -23.1201 -72.138548
-4.348 52.1399 -23.896 -72.136163
-3.8636 53.4258 -24.6617 -72.134001
-3.2759 54.7308 -25.2965 -72.132053
-2.6137 56.0992 -25.6637 -72.130287
-1.9972 57.5231 -25.7699 -72.128694
-0.7472 58.4335 -25.8246 -72.127291
0.1834 59.5702 -25.9895 -72.126091
1.0556 60.8294 -26.3063 -72.125109
1.4265 62.1744 -26.9168 -72.124357
1.2466 63.3678 -27.9187 -72.123843
0.8615 64.5278 -28.8693 -72.12358
-1.2039 34.2315 -8.7378 -72.261609
-2.1645 36.692 -8.3921 -72.243365
-3.11 39.1845 -8.3928 -72.224753
-3.9026 40.3411 -6.7187 -72.205749
-4.4638 40.8393 -4.1593 -72.186308
-5.2514 41.2336 -1.6507 -72.166529
-6.4986 41.3875 0.6577 -72.146443
-6.9016 41.3668 3.1344 -72.125876
-8.3244 41.1475 5.0228 -72.105156
-9.0777 42.2825 6.6587 -72.0867
-10.4818 44.1286 6.7312 -72.070649
-12.0542 45.877 6.472 -72.05441
-13.7926 47.4551 6.7415 -72.037965
-14.3287 48.7274 8.6097 -72.021257
-14.2892 50.0448 10.5825 -72.00439
-14.3831 52.2013 11.5125 -71.987356
-15.4653 54.1641 11.5993 -71.970138
-15.9872 56.1264 10.7348 -71.952706
-15.9935 58.493 10.4465 -71.935096
-16.6674 59.2873 8.5547 -71.917178
-17.4698 59.7595 6.3608 -71.89909
-17.8092 61.9411 6.2291 -71.880881
-19.8136 62.8997 6.5069 -71.862412
-21.3274 63.1601 7.9551 -71.843654
-22.8218 64.0013 9.1439 -71.828151
-24.7396 64.6596 9.7419 -71.816054
-25.9313 65.6939 8.2209 -71.803924
-27.3521 67.091 7.1443 -71.791751
-27.8515 68.7801 5.7356 -71.779541
-28.9706 70.1238 4.2552 -71.767326
-29.8302 71.1977 2.3661 -71.755059
-30.5772 72.9481 2.3143 -71.742757
-31.2511 73.9836 4.3225 -71.730442
-31.8836 74.7971 6.3519 -71.718087
-33.4979 76.3178 6.0157 -71.705782
-35.3494 77.7054 5.6794 -71.693476
-36.2359 77.7987 3.4859 -71.681083
-36.823 78.2142 1.2302 -71.668681
-37.2962 78.8752 -1.0041 -71.65629
-38.0777 79.5243 -3.1351 -71.643976
-38.5828 79.8578 -5.4262 -71.631587
-40.1286 80.7679 -6.86 -71.619313
-41.8887 81.3717 -5.9333 -71.607037
-43.201 81.2826 -4.0378 -71.594738
-44.3102 81.7185 -2.0187 -71.582507
-23.2557 64.0561 8.131 -71.829486
-24.9649 64.9635 8.1844 -71.820043
-26.0616 65.9005 8.9001 -71.810412
-26.305 66.1448 10.8713 -71.800716
-26.4364 66.2766 12.8582 -71.791198
-26.7662 66.3845 14.8041 -71.781715
-28.2543 66.3369 15.7942 -71.772286
-29.7596 66.2207 16.7645 -71.762829
-29.8152 66.2528 18.7633 -71.753391
-30.2709 66.9957 19.6957 -71.743988
-31.7156 67.9135 20.4594 -71.734557
-32.1409 69.5247 21.5115 -71.725168
-33.0427 71.1208 22.2483 -71.715843
-33.7682 72.7602 23.0868 -71.706566
-34.714 74.4169 23.6586 -71.697363
-35.5114 76.0162 24.4887 -71.688222
-35.8784 77.7991 25.2812 -71.679134
-36.6919 79.4931 25.9091 -71.670127
-37.5921 81.2366 26.1638 -71.661225
-37.9648 82.9348 26.6532 -71.652366
-38.1232 84.1537 28.0096 -71.643648
-37.4894 85.6297 29.04 -71.635043
-37.0034 87.4849 29.1485 -71.626565
-36.7841 89.4485 29.2879 -71.617944
-36.3959 91.4052 29.448 -71.60949
-9.6387 41.5186 6.3846 -72.09144
-11.2133 41.8239 6.3128 -72.085067
-12.0979 42.4791 4.8865 -72.078625
-13.2557 43.35 3.9751 -72.072211
-14.2423 43.577 2.4577 -72.065778
-15.3556 43.71 1.0276 -72.059363
-15.9894 44.5732 -0.4476 -72.052945
-16.6871 45.12 -2.0478 -72.046548
-17.7188 45.8368 -3.2857 -72.040147
-18.5783 46.8498 -4.5254 -72.033775
-19.9074 47.2662 -5.6939 -72.027436
-21.5852 47.5437 -6.3542 -72.021146
-22.9761 48.6597 -6.3259 -72.01492
-24.3563 49.8697 -6.2079 -72.008738
-25.8552 50.8966 -6.0169 -72.002635
-27.0962 51.9486 -5.4199 -71.996574
-27.9482 52.3876 -3.9646 -71.990566
-29.654 52.5789 -3.9322 -71.984675
-30.6445 52.9077 -5.3714 -71.978861
-32.0441 53.5066 -6.2656 -71.973158
-33.4656 54.634 -6.5349 -71.967577
-34.9544 55.5474 -7.0531 -71.962133
-36.2819 56.6634 -7.6004 -71.956825
-37.6486 57.8611 -7.7756 -71.951656
-38.5034 59.4777 -7.6459 -71.946649
-39.3718 61.0534 -7.2838 -71.941841
-40.2991 62.551 -6.7638 -71.93722
-41.2384 64.045 -6.261 -71.932796
-41.8614 65.6914 -5.7694 -71.928598
-42.4591 67.2851 -5.1652 -71.924627
-43.3383 68.5969 -4.4191 -71.920904
-44.4522 70.0317 -4.1392 -71.917456
-45.5063 71.5345 -4.0501 -71.914276
-46.5569 73.035 -4.1531 -71.911393
-47.8716 74.2263 -4.5515 -71.908819
-48.8625 75.1738 -5.5759 -71.906569
-49.2408 75.7623 -7.2733 -71.904642
-49.4584 77.0985 -8.4631 -71.903084
-49.9501 78.752 -8.946 -71.90189
-51.026 79.8745 -9.2484 -71.901083
-51.28 79.9424 -10.8927 -71.900663
17.7044 20.951 4.9703 -72.309792
18.2015 22.2043 5.6044 -72.304153
18.6985 23.4577 6.2386 -72.298561
19.0912 25.152 6.8819 -72.291532
19.429 27.2733 6.757 -72.282956
20.0937 28.9393 5.4586 -72.274266
20.5192 30.5261 4.0181 -72.265462
21.7848 31.8769 2.8501 -72.256535
22.0977 33.1829 1.0434 -72.247493
23.2662 34.71 0.0406 -72.238386
23.7528 35.2305 -1.9989 -72.229145
24.4415 36.3316 -0.4475 -72.219792
25.2156 37.3871 1.3732 -72.210364
25.5431 38.1412 3.4507 -72.200831
26.3109 39.4951 5.0553 -72.191265
27.3125 40.7429 3.9319 -72.181618
27.6125 41.5008 5.9749 -72.171831
27.8649 42.4672 7.8245 -72.161999
28.5761 44.0126 9.106 -72.152134
29.3017 45.8785 9.8466 -72.142225
29.8444 47.4239 10.9837 -72.132195
29.8427 48.4745 12.9418 -72.122143
30.4043 50.5089 13.6559 -72.112063
32.2661 51.6774 14.0416 -72.101927
33.7432 53.3643 13.9508 -72.091757
35.3704 54.8773 13.6311 -72.081537
36.404 56.7929 13.1328 -72.071276
37.9566 57.9008 12.228 -72.061008
39.1636 59.6692 11.6914 -72.050702
40.7811 61.2139 11.412 -72.04036
42.5407 62.5144 11.7504 -72.030027
43.9242 63.8221 12.81 -72.019656
45.3908 65.165 13.6376 -72.009284
45.9271 67.2097 14.1714 -71.998946
46.6355 69.1359 14.3788 -71.988614
48.3635 70.1089 14.8857 -71.978282
49.6569 71.9103 15.1633 -71.967775
50.9513 73.7475 15.4455 -71.957291
52.8054 74.9337 15.6383 -71.947043
54.7263 75.5702 15.6827 -71.936843
56.0864 76.9982 15.657 -71.926687
57.1449 78.0802 14.4904 -71.916545
58.894 79.349 14.0314 -71.906497
60.9129 80.2627 14.3307 -71.896525
62.6887 81.5896 14.007 -71.886619
64.1912 82.1373 14.8133 -71.876746
65.3934 82.3955 16.5144 -71.866987
66.9021 83.2776 17.6975 -71.857367
67.4164 84.9808 18.6495 -71.84787
68.0681 86.9646 19.2519 -71.838543
18.9087 24.0362 7.1126 -72.295742
19.1476 18.9083 3.9431 -72.310752
20.9905 18.3979 3.8423 -72.304776
22.9152 18.2333 3.6481 -72.2987
24.7758 17.8958 3.3306 -72.292545
26.5871 18.0132 3.1308 -72.286301
28.3023 18.6484 3.6845 -72.279971
29.9424 18.8206 4.6508 -72.273574
31.2866 18.6601 5.9911 -72.267084
32.7096 18.1098 7.1234 -72.260533
34.1103 16.8391 7.543 -72.253928
35.4164 15.4177 7.7072 -72.247257
36.5618 14.0174 7.4707 -72.240537
38.0589 13.6462 6.35 -72.233771
39.8047 13.3092 5.8907 -72.226965
41.5119 12.7068 5.2455 -72.220114
42.8693 12.0614 4.0202 -72.21321
44.4573 11.3345 3.2295 -72.206282
45.9294 10.8303 2.4767 -72.19931
47.1014 10.1377 3.6205 -72.192332
48.3849 9.3089 4.6779 -72.185347
49.394 9.6773 6.2389 -72.178309
50.6478 10.0528 7.6185 -72.171275
51.9327 9.8336 9.0023 -72.164259
53.4883 10.1208 10.104 -72.157257
55.2334 9.8227 9.9071 -72.150275
57.0597 9.924 9.3135 -72.142904
58.8743 9.6526 8.6558 -72.135386
60.689 9.3812 7.9981 -72.128153
62.4959 9.1815 7.3186 -72.121191
64.0964 9.6659 6.3822 -72.114352
65.6128 10.0298 5.5676 -72.107562
66.3879 8.7348 6.61 -72.100816
67.0408 7.9267 8.2378 -72.094155
67.6184 7.3624 10.0083 -72.087544
68.2214 6.7991 11.7671 -72.081014
68.8557 6.3245 13.5452 -72.074618
69.5936 6.0215 15.3177 -72.068294
70.6128 5.6939 16.9232 -72.062127
71.846 5.1297 18.3139 -72.056136
73.446 5.6128 19.1551 -72.050267
75.1394 5.1362 19.9892 -72.044467
76.7792 5.1163 20.887 -72.038935
78.3203 5.541 21.9782 -72.033577
79.5543 6.0354 23.1887 -72.028418
80.477 6.477 24.7608 -72.023493
82.1371 6.4027 25.3832 -72.018788
83.992 6.8997 25.7174 -72.014325
85.8702 6.8251 26.0726 -72.010113
87.7509 6.7088 26.4848 -72.006176
89.6348 6.7028 26.6547 -72.002528
91.0074 6.4378 25.4152 -71.999192
92.1971 6.0461 24.0228 -71.996164
93.1627 5.5053 22.7795 -71.993402
93.4181 5.3578 20.8527 -71.991001
93.6827 5.205 18.9277 -71.988982
93.9559 5.0473 17.0042 -71.987356
94.7999 4.5071 17.8661 -71.98615
-1.9865 16.2264 -10.9822 -72.42238
-1.6114 17.3396 -11.0385 -72.422344
-1.1973 18.2526 -10.4886 -72.422308
-0.4899 18.8695 -10.968 -72.42228
0.4947 18.656 -11.4238 -72.422264
-5.9486 122.6202 -36.4545 -71.46071
-4.8563 124.4889 -38.1946 -71.427492
-3.4433 126.1431 -39.8024 -71.394074
-2.2407 128.597 -40.3971 -71.360457
-1.5188 131.295 -40.1613 -71.326598
-1.6696 134.0734 -40.2753 -71.29252
-2.517 136.7345 -40.7076 -71.258202
-3.2762 139.4376 -41.1589 -71.223649
-4.1563 142.1305 -41.3938 -71.188887
-4.9956 144.8475 -41.5126 -71.153886
-4.2109 147.46 -41.641 -71.118706
-3.9407 150.1251 -41.6099 -71.083272
-3.8535 152.9656 -41.6389 -71.047656
-3.8797 155.8081 -41.7765 -71.011787
-3.362 158.4701 -41.8809 -70.975685
-3.9026 161.1882 -41.8597 -70.939367
-4.6546 163.8938 -41.7416 -70.902838
-4.458 166.7321 -41.7051 -70.866096
-4.7248 169.4267 -41.9823 -70.829143
-5.9516 171.9513 -42.4086 -70.791957
-6.8697 174.6164 -42.5236 -70.754576
-7.1469 177.3942 -42.5991 -70.716969
-8.5483 179.5426 -43.6297 -70.67914
-9.0965 181.9163 -44.9846 -70.641017
-9.3572 184.5276 -45.8738 -70.602745
-10.3037 185.8819 -45.5629 -70.573633
-12.6165 185.7411 -44.527 -70.554124
-14.6492 185.7303 -43.1953 -70.534965
-16.2496 187.2653 -42.1906 -70.515939
-17.9145 189.1431 -41.8854 -70.496983
-19.4479 191.0685 -41.5909 -70.478099
-21.0169 192.9475 -41.0017 -70.45927
-22.4125 194.4386 -40.3024 -70.440499
-23.7068 195.9472 -39.0039 -70.421778
-25.0392 197.7028 -39.8911 -70.403126
-25.8175 200.0563 -40.2799 -70.38455
-26.6369 201.4551 -41.5533 -70.365999
-27.5289 202.2594 -40.2727 -70.347516
-29.472 203.3638 -40.3713 -70.329147
-31.4096 204.4733 -39.3932 -70.310845
-31.9894 205.4816 -37.1556 -70.292534
-32.896 206.6385 -35.2063 -70.274345
-33.7738 206.9925 -32.8727 -70.256185
-35.326 208.2821 -31.3862 -70.238164
-36.5537 210.18 -30.3332 -70.220214
-37.6503 212.1937 -29.5135 -70.202339
-38.7499 214.0475 -28.2022 -70.184507
-38.8366 216.2339 -27.1303 -70.166723
-39.8429 217.9451 -25.6872 -70.148978
-40.3547 220.3663 -25.6679 -70.131265
-9.0607 186.6005 -47.0068 -70.573831
-8.6412 188.5188 -48.1723 -70.554495
-7.9227 189.8909 -49.7878 -70.535166
-7.3389 191.2666 -51.5099 -70.515865
-6.8689 192.8579 -53.067 -70.496623
-6.5717 194.5306 -54.6272 -70.477408
-6.699 195.7688 -56.5782 -70.458193
-6.6007 197.3796 -57.9455 -70.43905
-5.361 198.4457 -59.4593 -70.419927
-4.0706 199.0919 -61.2062 -70.40083
-2.56 200.3359 -61.9713 -70.381835
-1.1767 202.1203 -62.473 -70.362882
0.1257 203.765 -63.1817 -70.343992
0.5779 205.9809 -62.9411 -70.325132
1.7705 207.8999 -62.7909 -70.306319
1.7806 210.0234 -63.3852 -70.287545
1.251 212.0868 -62.5412 -70.268801
0.3882 214.2228 -62.3899 -70.250131
-0.4598 216.2968 -62.9067 -70.231513
-1.2479 218.4121 -63.4146 -70.212932
-2.0973 220.5416 -63.7457 -70.194397
-3.4118 222.4275 -63.923 -70.175909
-5.2388 223.8332 -64.0726 -70.157461
-7.0057 225.2983 -64.337 -70.139038
-8.1122 227.0393 -64.9339 -70.120599
-8.3675 229.0243 -65.402 -70.106508
-8.7031 230.7886 -65.6689 -70.096785
-9.2813 232.5101 -65.8231 -70.087104
-9.2237 228.2929 -64.8468 -70.107194
-10.9382 228.5001 -64.259 -70.098995
-12.6565 228.7042 -63.682 -70.091031
-25.5183 124.0162 -29.3962 -71.602779
-26.4756 125.8583 -28.1987 -71.588406
-27.6755 127.8327 -27.6028 -71.574042
-27.9279 128.8492 -29.077 -71.559655
-28.5728 129.8586 -27.39 -71.545211
-29.4951 131.5172 -26.0388 -71.530863
-30.3172 133.5583 -25.0126 -71.516517
-30.9903 134.755 -23.0132 -71.502185
-31.8576 136.0757 -21.167 -71.487878
-32.9249 137.8539 -19.8699 -71.4736
-34.7749 138.8966 -19.3111 -71.459334
-36.3176 139.9122 -18.0849 -71.445115
-37.4604 141.3871 -16.8864 -71.430931
-38.6623 143.1941 -16.0632 -71.416761
-40.1691 144.5551 -14.9429 -71.402604
-41.2877 146.3296 -14.9203 -71.388472
-42.5778 148.1549 -14.027 -71.374388
-43.9866 149.9737 -13.1872 -71.36037
-45.0144 151.7833 -12.0503 -71.346384
-45.5532 153.8159 -10.8393 -71.332436
-46.3861 156.0367 -10.2537 -71.318537
-46.9837 158.3901 -9.9517 -71.304708
-47.8117 160.6751 -9.7756 -71.290917
-49.0447 162.6915 -9.706 -71.277194
-50.015 164.9082 -9.8518 -71.26353
-51.5234 166.8379 -9.9384 -71.249925
-52.9161 168.8061 -9.9279 -71.236387
-54.0733 170.9215 -9.7859 -71.222908
-55.7453 172.652 -9.5467 -71.2095
-57.6094 174.1497 -9.6472 -71.196159
-59.246 175.273 -8.9172 -71.182881
-60.6519 176.3429 -7.7572 -71.16968
-61.8971 178.3631 -7.4187 -71.156557
-62.7492 180.6081 -7.5045 -71.143498
-63.9736 182.7158 -7.7021 -71.130532
-65.2308 184.8141 -7.6187 -71.117658
-66.7492 186.7003 -7.6491 -71.104877
-68.417 188.4651 -7.7574 -71.092177
-69.4591 190.6092 -7.7695 -71.079584
-69.6776 192.1396 -9.5531 -71.067036
-70.6232 193.0213 -8.854 -71.054436
-70.9662 193.1386 -6.4297 -71.041951
-71.4596 193.5338 -4.0639 -71.029581
-72.1758 195.2071 -3.9513 -71.017423
-73.6159 196.7389 -5.1111 -71.005377
-74.8609 198.522 -6.148 -70.993438
-75.7426 199.5734 -7.6936 -70.981586
-75.3694 199.5725 -10.1146 -70.969647
-74.4019 199.6256 -11.6143 -70.957976
-73.8016 200.0979 -9.3728 -70.946372
-74.5843 201.3776 -7.8285 -70.934908
-75.66 202.8847 -6.3385 -70.923546
-76.7569 204.7933 -5.2692 -70.912289
-77.7876 206.5222 -4.0466 -70.901104
-78.7815 208.5213 -3.0989 -70.890011
-29.3228 87.5393 7.4141 -71.519969
-29.9005 87.4969 9.1019 -71.509505
-30.4781 87.4545 10.7898 -71.49934
-31.0558 87.4122 12.4776 -71.489473
-32.2782 87.1841 13.3671 -71.47985
-33.8866 86.6278 13.8875 -71.470277
-35.2533 87.1539 14.4242 -71.460769
-35.8481 87.8038 15.3321 -71.451344
-36.8463 86.9864 16.4788 -71.441985
-38.3951 86.3544 16.7879 -71.432723
-40.0436 86.842 16.4412 -71.423564
-41.676 86.6973 15.7688 -71.414492
-43.0795 86.67 14.6822 -71.40553
-44.7397 86.6061 14.8133 -71.396683
-46.2784 86.3685 14.6265 -71.387953
-47.931 85.969 14.7511 -71.379358
-49.3382 85.0184 15.2541 -71.370888
-51.0157 84.5548 15.4912 -71.362553
-52.76 84.3802 15.7377 -71.354386
-54.4766 84.1118 16.1326 -71.346379
-56.1575 83.722 16.5614 -71.338524
-57.6854 83.1665 17.2616 -71.330832
-59.449 83.0129 17.2864 -71.323335
-61.2047 83.1213 17.0316 -71.316038
-62.4985 83.4162 16.057 -71.308926
-64.2493 83.561 15.9695 -71.30202
-65.9938 83.4285 15.6473 -71.295323
-67.7202 83.5173 15.2308 -71.288851
-69.055 83.036 14.2322 -71.282607
-69.8653 82.2066 12.9383 -71.276601
-71.0115 81.258 11.9738 -71.270853
-72.4278 80.4398 11.5445 -71.265356
-73.698 79.222 11.6667 -71.260137
-74.8344 77.8746 11.8888 -71.255214
-76.1909 76.8138 12.1994 -71.250557
-77.7152 76.0674 12.6693 -71.246199
-79.2241 75.3783 13.2714 -71.242152
-80.5771 74.3384 13.7242 -71.238422
-81.948 73.2954 14.1285 -71.235019
-83.3128 72.1963 14.4348 -71.231958
-84.2563 70.7511 14.49 -71.229239
-85.9688 70.3467 14.3507 -71.226877
-87.6869 70.083 14.43 -71.224888
-89.1236 69.3762 14.9056 -71.223273
-90.0942 69.1674 16.3612 -71.222044
-91.4773 68.4273 17.0893 -71.221216
-93.1744 68.4543 17.5737 -71.220798
17.4714 115.5383 -32.7054 -71.670944
18.7181 116.515 -32.6736 -71.665081
19.4474 117.9165 -32.6863 -71.659384
20.2746 119.2604 -32.6312 -71.653836
21.0837 120.5882 -32.4636 -71.648457
21.7758 121.9988 -32.2416 -71.643251
22.3094 123.4582 -32.1155 -71.638222
23.1409 124.8071 -32.0128 -71.633388
23.9385 126.1782 -31.9172 -71.628737
25.0849 127.2066 -31.902 -71.624303
25.7601 127.3047 -33.2559 -71.620038
26.628 127.211 -34.5602 -71.615985
27.4583 127.1967 -35.7592 -71.612184
28.395 127.5305 -34.6253 -71.608622
29.5644 128.205 -33.8463 -71.605321
30.5696 128.6374 -32.8152 -71.602259
32.0051 129.043 -32.2921 -71.59947
33.4128 129.4399 -31.6761 -71.596957
34.7649 130.0848 -31.1622 -71.594733
36.07 130.7044 -30.5266 -71.592802
37.2954 130.2845 -29.7509 -71.591171
38.6668 129.8544 -29.4393 -71.589846
40.0959 129.824 -28.9371 -71.588841
41.6596 129.7812 -29.1527 -71.58816
43.163 129.7557 -29.5887 -71.587816
37.3605 97.6671 -24.1386 -71.705267
38.5247 98.3419 -23.3011 -71.700444
39.4075 98.7958 -22.0704 -71.695779
39.7833 99.3954 -20.6642 -71.691283
39.86 99.407 -19.0804 -71.686917
40.1939 99.8932 -18.7303 -71.682798
40.4963 100.318 -20.2174 -71.678846
41.4643 101.4944 -20.1061 -71.675133
42.3976 102.7119 -19.7798 -71.671639
43.1049 104.0833 -19.5568 -71.668364
44.0865 105.3182 -19.6544 -71.665328
44.7899 106.7249 -19.7113 -71.66253
45.9094 107.8469 -19.694 -71.659982
47.0015 108.9935 -19.6267 -71.65769
47.4874 110.1272 -19.5101 -71.655604
47.4694 110.2183 -21.0953 -71.6536
47.4514 110.3094 -22.6805 -71.651934
47.4334 110.4005 -24.2657 -71.650604
47.4153 110.4915 -25.8509 -71.649608
47.3973 110.5826 -27.4361 -71.648946
47.3793 110.6737 -29.0213 -71.648616
-43.1464 107.2097 -8.6051 -71.543855
-44.2349 108.3552 -9.2701 -71.534529
-45.5183 109.1815 -10.1573 -71.52525
-46.5455 110.332 -10.9218 -71.516025
-47.6198 111.4497 -11.7523 -71.506861
-48.7733 112.6103 -11.9929 -71.497755
-49.0763 114.3515 -11.8794 -71.488705
-49.3422 116.0762 -11.586 -71.479742
-49.7822 117.0822 -10.2937 -71.470832
-50.4256 118.2912 -9.1739 -71.462003
-50.9978 119.2379 -7.7863 -71.453252
-51.2625 120.0244 -6.2601 -71.444567
-51.6654 121.1492 -4.9912 -71.436009
-51.9476 122.7357 -4.2703 -71.427551
-52.5998 124.2212 -3.6393 -71.419207
-53.274 125.7541 -3.0637 -71.410995
-53.9887 127.1954 -2.3704 -71.402907
-53.963 128.1021 -0.9245 -71.394866
-54.6255 128.6873 -0.6995 -71.386935
-55.0557 128.8462 -2.4173 -71.379118
-55.7093 129.6088 -3.8029 -71.37153
-56.3904 130.5701 -3.4395 -71.364089
-57.2397 131.7558 -2.5815 -71.3568
-57.7383 132.4193 -1.0375 -71.349607
-58.1997 132.8604 0.5026 -71.342615
-59.135 134.2149 0.2827 -71.335827
-59.5411 135.9385 0.3726 -71.329239
-60.3211 137.5272 0.4547 -71.322849
-61.5615 138.7924 0.4272 -71.316669
-62.8427 140.0202 0.4049 -71.310688
-63.9756 141.337 0.4784 -71.304929
-65.5415 142.0698 0.6041 -71.299395
-66.8201 143.3029 0.6105 -71.294092
-67.9523 144.6731 0.6097 -71.288896
-69.0106 146.0943 0.6091 -71.284058
-69.7753 147.6531 0.6561 -71.279512
-69.9859 148.4831 2.1055 -71.275198
-70.4429 149.3779 3.3991 -71.27118
-71.6135 150.4383 2.691 -71.267457
-72.4835 151.5429 1.7355 -71.264031
-72.9227 152.8592 2.7049 -71.260899
-72.5877 154.4469 3.3601 -71.258084
-73.0119 156.1489 3.5593 -71.255588
-73.1545 157.8864 3.5882 -71.253425
-74.1953 159.319 3.6169 -71.251602
-74.932 160.9303 3.7174 -71.250126
-75.2192 162.6661 3.8423 -71.249008
-75.4158 163.3004 5.1393 -71.24824
-75.4017 163.5667 6.8972 -71.247851
-50.1374 90.531 -23.3634 -71.543584
-51.2673 90.8857 -22.5511 -71.534626
-52.7159 91.6607 -23.1098 -71.525755
-54.0702 92.6015 -23.357 -71.516951
-55.4386 93.0469 -22.4458 -71.508224
-56.998 93.6059 -21.9041 -71.499572
-58.5673 94.2413 -21.5078 -71.491016
-59.4515 94.8578 -20.2839 -71.482488
-60.3751 95.9904 -19.3491 -71.474128
-61.639 96.317 -18.2753 -71.465859
-62.5765 96.8459 -17.7339 -71.457702
-63.9654 97.6322 -17.7098 -71.449643
-65.6166 98.1559 -17.9424 -71.441711
-67.3141 98.5251 -18.0363 -71.4339
-68.9906 98.999 -17.9141 -71.426247
-70.4527 99.8368 -17.5623 -71.418725
-71.8636 100.5751 -16.8437 -71.411359
-73.2945 101.1084 -16.0241 -71.404157
-74.8032 101.5319 -15.3155 -71.397119
-76.2937 102.0431 -14.7677 -71.390254
-76.9439 103.3194 -13.9021 -71.383565
-77.7853 104.5384 -13.0235 -71.377066
-79.1174 105.4827 -13.5256 -71.370781
-80.5678 106.3785 -13.889 -71.3647
-81.9123 107.4474 -14.0602 -71.358857
-82.892 108.884 -14.1362 -71.353229
-83.7902 110.3676 -14.0768 -71.347828
-84.9748 111.6284 -13.8567 -71.342685
-86.2002 112.6963 -13.3076 -71.337774
-87.0479 113.9279 -12.479 -71.333125
-87.7411 115.4304 -11.9657 -71.328757
-88.823 116.6812 -11.5653 -71.324668
-89.4834 118.0465 -10.8065 -71.320864
-90.0558 119.4566 -9.9504 -71.317354
-90.8226 120.9302 -9.4429 -71.314159
-91.9586 122.2396 -9.3374 -71.311286
-92.8888 123.6775 -9.6286 -71.308739
-93.6083 125.2344 -9.9613 -71.306525
-94.4583 126.6908 -10.3334 -71.304659
-95.6371 127.179 -11.2403 -71.30314
-96.5223 128.3643 -11.7434 -71.301989
-97.3565 129.8343 -11.9607 -71.301213
-98.0187 131.4271 -12.0082 -71.30082
-44.8397 82.3848 -0.1022 -71.571724
-45.6858 82.6745 1.4762 -71.562335
-47.0854 83.466 2.0376 -71.55302
-47.9154 84.1261 0.6038 -71.543698
-48.4536 84.4912 -1.1078 -71.53444
-49.4629 84.7481 -2.3216 -71.525233
-50.8487 85.4683 -2.9272 -71.516053
-51.3634 86.2483 -4.138 -71.506838
-51.1604 85.8865 -5.9031 -71.497684
-51.4147 86.3329 -4.63 -71.48855
-51.3753 86.9211 -3.2026 -71.479534
-51.6511 88.546 -2.6095 -71.470589
-52.0008 89.4665 -3.9264 -71.461629
-52.6137 90.8015 -4.1725 -71.452765
-53.4473 92.4123 -3.9386 -71.443953
-53.8653 94.1635 -3.6555 -71.435202
-53.9519 95.9277 -3.215 -71.426509
-54.3051 97.4953 -2.5507 -71.417876
-54.5625 98.6898 -1.1952 -71.409338
-54.547 99.8234 0.1762 -71.400856
-54.2907 100.3598 1.9096 -71.392431
-54.7709 101.2087 3.4194 -71.384151
-54.4328 101.9413 3.8933 -71.375991
-53.0212 101.1678 3.092 -71.367931
-52.5222 101.109 4.5528 -71.359921
-54.1846 101.7537 4.4499 -71.352062
-55.6576 102.8136 4.5394 -71.344323
-56.499 104.3974 4.7059 -71.3367
-56.8786 106.1716 4.8788 -71.329194
-56.4546 107.8733 4.5587 -71.321823
-55.6814 109.1098 4.4339 -71.314522
-55.7928 109.3656 6.2457 -71.307238
-56.2213 109.7146 7.7986 -71.300258
-55.5336 111.171 7.9788 -71.293435
-57.2605 111.7016 8.1166 -71.286782
-58.1121 113.2561 8.4551 -71.280282
-58.5985 114.919 9.0311 -71.273945
-59.6859 116.036 9.8099 -71.267807
-59.434 116.5435 10.5662 -71.26183
-59.3051 118.1105 11.4366 -71.256048
-59.9415 119.6907 12.0733 -71.250447
-60.8614 121.156 12.3489 -71.24506
-61.607 122.4945 11.39 -71.239864
-62.1797 124.0961 10.8491 -71.23489
-62.6253 125.8486 10.8404 -71.230143
-62.2188 127.4063 11.6395 -71.225625
-61.8461 129.0333 12.3882 -71.221343
-62.5327 130.6886 12.3999 -71.217304
-62.936 132.4579 12.2088 -71.213506
-63.3234 134.2117 11.8803 -71.209954
-63.6303 135.945 11.5157 -71.206665
-63.951 136.5199 9.8435 -71.20362
-64.1784 137.2406 8.1925 -71.200859
-64.0694 138.3872 6.7995 -71.198389
-64.3697 140.0086 6.0583 -71.196199
-64.8732 141.6033 5.322 -71.194306
-65.5178 142.5596 4.0703 -71.192707
-65.7682 143.1976 5.3492 -71.191412
-66.7186 144.3442 5.8832 -71.190433
-67.5125 145.9488 6.0337 -71.189774
-68.2142 147.6123 6.0332 -71.189441
-36.2134 93.2108 29.5751 -71.602076
-36.6635 94.7733 29.8902 -71.595481
-36.9263 96.2364 30.4302 -71.589008
-37.1622 97.773 30.8495 -71.582647
-37.5529 99.3568 31.1525 -71.576401
-37.9173 100.9487 31.3678 -71.57031
-38.3971 102.525 31.406 -71.564344
-38.3118 104.182 31.3802 -71.558537
-38.3833 105.841 31.3619 -71.552888
-38.5184 107.493 31.3513 -71.547396
-38.1793 109.1047 31.3065 -71.54207
-37.694 110.6348 31.1726 -71.536931
-37.4366 112.1749 31.1742 -71.531966
-36.4341 113.3684 31.2349 -71.527177
-35.2673 114.4885 31.1966 -71.522592
-35.1913 116.0244 31.322 -71.518212
-36.1323 117.264 31.8032 -71.514041
-36.1013 118.8174 31.8898 -71.510085
-35.2737 120.1279 31.585 -71.50636
-34.1912 121.3196 31.36 -71.502867
-33.7141 122.9011 31.2289 -71.499627
-33.0667 124.4147 31.1658 -71.496637
-32.8786 126.0601 31.1275 -71.493912
-32.0835 127.4884 31.1247 -71.491461
-31.8296 129.12 31.1246 -71.489284
-31.1422 130.5851 30.9859 -71.487395
-30.3228 131.8477 30.3079 -71.485798
-29.6856 132.4849 28.9766 -71.484499
-29.0719 133.0333 27.5676 -71.48351
-28.0844 133.7856 27.8775 -71.482843
-27.152 134.469 28.6173 -71.482506
68.8569 88.73 19.5506 -71.830518
69.4626 89.4871 18.5505 -71.823636
69.8694 90.2922 17.5312 -71.816874
70.1133 90.9732 19.0619 -71.810199
70.2522 92.4115 19.6157 -71.803669
70.8156 93.9888 19.8859 -71.797266
70.9233 95.5529 19.5992 -71.790975
71.3862 97.0655 19.4044 -71.784824
72.5006 98.2929 19.6588 -71.778826
72.7344 99.9408 19.94 -71.772963
72.932 101.5833 19.995 -71.767246
72.4313 103.198 19.9089 -71.761684
71.8799 104.7873 20.0008 -71.756302
71.5282 106.416 19.8144 -71.751081
71.2624 108.037 19.4849 -71.746043
70.3107 109.3594 19.2993 -71.74121
69.2896 110.7156 19.219 -71.736575
68.8552 112.3448 19.1576 -71.732148
68.8224 113.8606 18.9579 -71.727938
69.0085 114.8834 18.0264 -71.723934
68.8524 116.0924 16.8932 -71.720161
69.7271 117.2159 15.9694 -71.716622
70.0973 118.581 15.0882 -71.713338
70.8674 119.2691 13.939 -71.710292
70.3855 118.9765 13.515 -71.707523
69.9666 118.6726 13.3866 -71.705002
70.2125 118.847 11.7059 -71.702729
70.4357 118.9096 10.8982 -71.700787
70.1867 118.7318 12.5649 -71.699123
69.521 118.6003 13.8778 -71.697793
69.0153 119.2849 13.1332 -71.696786
69.8993 119.8704 11.9133 -71.696103
70.2963 119.9515 10.2866 -71.695757
95.5228 3.6634 18.9207 -71.98552
95.9521 3.5018 19.9853 -71.985204
96.3294 3.3373 21.069 -71.985043
-41.3421 222.5153 -25.6062 -70.114733
-42.702 224.1478 -25.2091 -70.099652
-44.2458 225.1088 -24.0553 -70.084841
-45.8189 226.0665 -23.0056 -70.07031
-47.3319 227.1224 -21.9872 -70.05604
-48.8138 228.7344 -21.8003 -70.04202
-50.1281 230.4969 -21.9165 -70.028231
-51.8278 231.7383 -22.0527 -70.014644
-52.8158 233.6774 -22.1145 -70.001232
-53.0724 235.6787 -22.1684 -69.990623
-53.6815 237.6012 -22.215 -69.982812
-54.8336 239.2327 -22.1693 -69.975161
-55.9455 240.9107 -22.1307 -69.967661
-56.8959 242.6769 -22.2538 -69.960295
-57.6448 244.0732 -23.1351 -69.953048
-57.9004 245.3567 -24.6431 -69.945921
-58.5973 247.0318 -25.4177 -69.938917
-59.3933 248.8468 -25.6686 -69.932022
-60.5485 250.492 -25.7129 -69.925226
-62.0102 251.8694 -25.795 -69.91852
-63.5819 251.7041 -25.7766 -69.911903
-65.1861 252.5294 -25.4878 -69.905361
-66.5361 253.7075 -24.6451 -69.898896
-67.4482 255.4346 -24.2826 -69.892502
-68.0616 257.3349 -24.0645 -69.886179
-69.279 258.781 -24.0213 -69.879931
-70.6709 260.1778 -24.061 -69.873742
-71.4436 262.0159 -24.0595 -69.867619
-72.8554 263.4363 -23.888 -69.861563
-74.3055 264.6952 -23.3614 -69.855572
-75.6104 266.0079 -22.6232 -69.849637
-76.4194 267.7709 -22.2236 -69.843749
-77.0046 269.6763 -21.989 -69.837925
-77.6943 271.5617 -21.8675 -69.832165
-78.0414 273.5421 -21.7862 -69.82646
-78.9873 275.301 -21.7403 -69.820815
-80.3424 276.7952 -21.6879 -69.815232
-81.6546 278.3163 -21.6068 -69.809713
-83.1583 279.5974 -21.7854 -69.804256
-84.8953 280.6045 -21.8472 -69.798858
-86.7025 281.4584 -21.6828 -69.793521
-87.8751 282.8646 -21.0904 -69.788244
-89.4892 283.7967 -20.5891 -69.783031
-91.1007 284.9601 -20.5677 -69.777891
-92.4107 286.2858 -21.1453 -69.772809
-94.0557 286.9976 -21.9919 -69.767801
-95.7101 288.0996 -22.2545 -69.762863
-97.3406 289.2852 -22.2657 -69.757999
-98.976 289.9877 -22.9029 -69.753206
-100.2796 290.7986 -23.6291 -69.748485
-101.4799 291.8038 -22.4899 -69.743835
-103.036 292.9887 -22.0284 -69.73927
-104.6892 294.1312 -21.8834 -69.734786
-106.3559 295.2232 -22.151 -69.730383
-107.8941 296.3493 -22.6692 -69.726068
-109.1385 297.4951 -23.597 -69.721832
-110.8652 298.494 -23.4597 -69.717693
-112.4721 299.5248 -23.016 -69.713637
-113.8772 300.6139 -22.2042 -69.709675
-115.339 301.8994 -21.8314 -69.705807
-116.6463 303.427 -21.784 -69.702038
-117.9037 305.0024 -21.8441 -69.698364
-119.0254 306.6607 -22.003 -69.694786
-119.7365 308.5266 -22.2827 -69.691311
-120.0458 309.7921 -21.1758 -69.68792
-120.3335 310.3959 -19.2752 -69.684646
-120.8092 311.2425 -17.5331 -69.681483
-121.3861 312.9361 -16.6595 -69.678433
-122.3666 314.5966 -16.303 -69.675503
-123.445 316.2788 -16.4754 -69.67268
-124.5125 317.8962 -16.7048 -69.669975
-124.8879 318.6378 -14.9021 -69.66737
-124.9811 319.1413 -12.9496 -69.664882
-125.2786 319.7061 -11.0358 -69.662515
-125.7833 320.5605 -9.2875 -69.660283
-126.7853 321.2272 -7.7186 -69.658178
-128.1198 321.7372 -6.5853 -69.656194
-129.5338 322.6762 -5.6435 -69.654339
-130.8033 322.8583 -4.1103 -69.652607
-132.3486 322.5617 -2.9424 -69.651008
-133.5223 321.7567 -2.2514 -69.649538
-134.4075 321.0203 -3.7194 -69.648199
-136.141 320.0633 -3.704 -69.646994
-137.9234 319.2453 -3.5128 -69.645921
-139.8153 319.4438 -3.03 -69.644971
-141.7336 319.7231 -2.5415 -69.644162
-143.2992 318.8382 -1.8198 -69.64349
-143.6324 318.198 -3.1912 -69.642949
-144.6494 318.183 -2.5451 -69.64254
-145.6029 318.7473 -1.0864 -69.642265
-147.1116 319.1677 -0.0827 -69.642121
-149.0143 318.6505 0.3041 -69.642106
-150.835 317.9416 0.6531 -69.64222
-152.6003 318.3043 1.3039 -69.642458
-154.255 319.2248 1.8195 -69.642818
-156.1347 319.0641 1.3765 -69.643296
-157.9479 318.8394 0.6505 -69.643889
-159.8193 318.2421 0.4855 -69.644592
-161.6982 318.4908 0.8126 -69.645397
-163.3502 318.4678 1.946 -69.646301
-164.7917 318.8721 3.1901 -69.647295
-166.0348 318.4651 4.5448 -69.648371
-167.2051 317.7036 5.9108 -69.649521
-168.6856 318.3603 6.972 -69.650733
-170.5746 318.3686 7.6324 -69.652
-172.4422 318.8037 8.0573 -69.653306
-173.7745 319.4811 7.41 -69.654647
-175.2708 319.8181 6.8918 -69.656003
-176.3866 321.0401 7.8064 -69.657363
-178.1084 321.388 8.4289 -69.658715
-179.8667 322.3331 8.1901 -69.66004
-181.7338 322.9719 7.9865 -69.661326
-183.2047 324.2061 7.6173 -69.662558
-184.6529 324.5109 6.7583 -69.663723
-186.4765 324.882 7.4149 -69.664805
-188.3601 325.5005 7.7542 -69.665789
-190.207 326.2741 7.8586 -69.666663
-191.8555 326.4884 7.2737 -69.667416
-192.3011 326.2807 5.3327 -69.668045
-192.4569 326.3027 3.3202 -69.668541
-192.6127 326.3246 1.3078 -69.668875
-192.7684 326.3466 -0.7047 -69.669042
-53.5618 234.7518 -22.4056 -69.991467
-55.3696 234.7358 -22.9279 -69.985448
-57.1775 234.7198 -23.4502 -69.979716
-58.9758 234.7413 -23.9753 -69.974255
-60.5834 235.6616 -24.1049 -69.969001
-62.2107 236.6032 -24.0421 -69.963901
-63.9306 237.3539 -24.0447 -69.958965
-65.5569 238.2591 -24.1396 -69.954165
-67.3063 238.9314 -24.1596 -69.949515
-68.8366 239.9978 -24.0522 -69.944986
-70.5332 240.314 -23.7713 -69.940586
-72.1779 239.7124 -23.3677 -69.936303
-73.9055 239.067 -23.0743 -69.932136
-75.764 238.9129 -23.0612 -69.928079
-77.5069 238.4311 -23.4834 -69.924125
-79.2728 238.5078 -23.5052 -69.920273
-81.0101 239.1307 -23.2489 -69.916519
-82.8258 239.4159 -22.9537 -69.912863
-84.5254 239.9346 -22.4418 -69.909304
-86.2406 240.0396 -21.7161 -69.905833
-87.8568 239.8217 -20.9364 -69.902454
-89.3552 239.6723 -19.8507 -69.899163
-90.7771 239.8281 -18.7653 -69.895963
-92.3262 239.5258 -18.0598 -69.892852
-94.0855 240.1028 -17.7873 -69.889833
-95.877 240.5966 -17.5579 -69.886903
-97.6988 241.0591 -17.507 -69.88406
-99.53 241.4724 -17.4393 -69.881309
-101.2527 242.1681 -17.1773 -69.878646
-102.8299 242.815 -16.4434 -69.876075
-104.4569 243.5931 -15.9937 -69.873599
-106.2956 243.7075 -16.104 -69.87121
-107.1732 243.8399 -14.6775 -69.868899
-108.3872 244.3725 -13.7017 -69.866693
-109.3454 245.4642 -12.5807 -69.864584
-110.5466 246.5332 -11.6213 -69.862568
-112.0874 247.1 -10.9503 -69.860651
-112.6927 248.1713 -9.7197 -69.858825
-113.85 248.7857 -8.6033 -69.857099
-114.9422 250.1535 -8.2414 -69.855474
-115.3929 251.8689 -7.6387 -69.853949
-116.4822 252.9605 -6.8157 -69.852527
-117.371 253.2374 -5.1806 -69.851205
-118.358 253.8356 -3.7152 -69.849987
-119.4595 254.4678 -2.3971 -69.848873
-120.9563 255.2641 -1.6822 -69.847862
-122.5163 255.9458 -1.0086 -69.846955
-123.9831 256.9071 -0.452 -69.846152
-124.7954 257.8348 0.9161 -69.845452
-125.65 259.0549 2.0473 -69.844855
-126.8265 260.4562 2.1583 -69.84436
-128.2898 261.2032 2.616 -69.843965
-129.0334 261.3894 4.2611 -69.84367
-129.2473 261.2649 6.1105 -69.843466
-129.4022 261.1437 7.9821 -69.843363
-129.5576 261.0229 9.8536 -69.843354
-129.7512 260.9235 11.7229 -69.843438
-129.9463 260.825 13.592 -69.843607
-130.1515 260.7135 15.4586 -69.843856
-130.5488 260.346 17.2477 -69.844182
-131.604 259.0778 18.099 -69.844577
-132.4067 258.2916 19.5872 -69.845038
-133.3932 257.3081 20.8241 -69.845557
-133.8044 256.3522 22.376 -69.846128
-134.6418 255.2368 23.5911 -69.846743
-135.4197 253.8392 24.4892 -69.847393
-135.7 253.4829 26.3153 -69.848074
-136.3101 252.641 27.7577 -69.84877
-136.3201 251.3179 26.4825 -69.849475
-136.8701 249.6435 26.0944 -69.850181
-137.7175 248.1362 25.6627 -69.850875
-137.6045 246.4619 25.1316 -69.851547
-137.2893 245.0053 24.2243 -69.852187
-136.6215 243.4615 23.4192 -69.852789
-135.6446 241.9497 22.8735 -69.853349
-135.3758 240.4199 22.4018 -69.853844
-136.1869 239.3032 23.0344 -69.854272
-136.341 238.0644 24.2021 -69.854625
-136.433 236.6369 25.3143 -69.854898
-136.6008 234.8539 25.6617 -69.855084
-137.1474 233.4458 25.0869 -69.855179
-10.2537 234.1313 -65.7936 -70.07685
-11.9535 235.2244 -65.4206 -70.066346
-13.2513 236.4124 -64.5554 -70.056197
-13.9825 238.2182 -64.0036 -70.046376
-13.9675 239.4333 -65.1657 -70.036843
-14.1745 240.8047 -66.5759 -70.027636
-14.74 242.3781 -67.763 -70.018711
-15.0167 243.3075 -69.5586 -70.010032
-14.9973 244.3966 -71.2899 -70.001617
-15.4806 245.6013 -72.6631 -69.993434
-16.6681 247.206 -72.2066 -69.985466
-17.3029 249.0449 -71.7718 -69.977685
-18.6676 250.382 -71.3338 -69.970082
-19.6799 251.0982 -72.0439 -69.962634
-20.4939 252.2385 -73.4165 -69.955315
-21.5912 252.7618 -72.8895 -69.948917
-21.9596 252.8176 -71.2713 -69.943474
-22.6797 254.2973 -71.5196 -69.938126
-23.6039 255.7577 -72.0067 -69.932869
-24.5721 257.236 -72.2298 -69.927691
-26.0105 258.3101 -72.2446 -69.92259
-27.3761 259.4599 -72.2196 -69.917562
-28.9516 260.3257 -72.2375 -69.912549
-30.5102 261.2195 -72.2945 -69.907668
-31.595 262.5637 -72.7018 -69.902857
-32.6547 263.9941 -72.7006 -69.898112
-33.5598 265.5319 -72.4801 -69.893433
-34.5952 266.9872 -72.4053 -69.888819
-35.2782 268.5959 -72.3691 -69.884258
-36.5462 269.7783 -72.1737 -69.87977
-37.8737 270.872 -71.8225 -69.875345
-38.8876 272.2418 -71.3145 -69.870982
-39.6217 273.7558 -70.7585 -69.86668
-40.6535 274.9959 -70.0158 -69.862443
-42.0534 275.9829 -69.5331 -69.858263
-43.5846 276.8719 -69.3005 -69.854154
-45.0655 277.8565 -69.4958 -69.850103
-45.946 279.1186 -68.7677 -69.846119
-45.8345 280.5644 -67.9551 -69.842197
-46.196 282.2235 -68.3906 -69.838344
-46.2456 283.784 -69.1293 -69.834559
-45.9356 284.9029 -69.4775 -69.830838
-46.3572 283.3243 -69.8414 -69.827177
-47.6385 284.0096 -69.6263 -69.82357
-47.8598 285.27 -68.7781 -69.820051
-47.9763 286.6481 -67.6615 -69.816602
-48.0018 287.8134 -66.394 -69.813226
-49.296 287.3623 -65.4888 -69.809927
-50.1432 286.6731 -64.1653 -69.806713
-50.2434 286.1704 -62.4405 -69.803566
-51.2742 284.9264 -61.8207 -69.800516
-52.8421 284.4426 -61.0987 -69.797548
-53.9107 283.6653 -60.0279 -69.794667
-54.752 283.3629 -58.5184 -69.791867
-55.6511 282.4981 -57.2933 -69.789165
-56.6242 281.93 -56.0196 -69.786559
-57.9991 281.9695 -54.8908 -69.784042
-59.0837 282.3361 -53.8941 -69.781622
-60.0943 282.1643 -52.7677 -69.779296
-61.4419 281.5155 -51.8651 -69.777074
-62.8626 280.827 -51.0501 -69.77495
-64.2795 280.6349 -50.0042 -69.77293
-65.804 280.5238 -49.0693 -69.771015
-66.7885 280.054 -47.7484 -69.7692
-67.9789 279.2336 -46.7905 -69.767492
-68.6552 278.446 -45.3481 -69.765891
-69.0138 277.9753 -43.6489 -69.764398
-69.4167 276.9949 -42.4398 -69.763019
-69.8247 275.5947 -42.5008 -69.76175
-70.268 276.0815 -42.6582 -69.760593
-70.9242 276.409 -41.0457 -69.759542
-71.4032 276.5871 -39.3203 -69.75861
-72.2724 276.7647 -38.0281 -69.757796
-73.2041 276.1685 -36.6914 -69.757096
-74.2918 275.5936 -35.4399 -69.756512
-75.425 274.8456 -34.2803 -69.756042
-76.9255 274.2886 -33.5609 -69.755687
-77.3251 274.3933 -31.9623 -69.755446
-77.3839 274.0953 -31.6173 -69.755316
-77.9259 274.1693 -30.1943 -69.755299
-79.5493 274.0847 -29.6223 -69.755391
-80.9279 274.149 -28.5263 -69.755592
-82.1503 274.2888 -27.2947 -69.755897
-83.1333 274.5631 -25.8399 -69.756305
-83.3586 274.0993 -24.1212 -69.756812
-83.4086 273.3363 -22.4949 -69.757412
-83.5601 272.816 -20.7795 -69.758103
-83.7705 272.4678 -19.0265 -69.758878
-84.0593 272.0789 -17.2937 -69.759727
-84.2893 271.7437 -15.5414 -69.760648
-84.9661 271.1706 -14.2656 -69.761626
-86.4465 270.5588 -13.5443 -69.762656
-87.5224 269.4821 -12.7644 -69.76373
-88.5863 270.2836 -13.3628 -69.764838
-89.344 271.7765 -13.8414 -69.765972
-90.7295 272.8654 -14.017 -69.767136
-92.0012 274.1345 -14.1202 -69.768295
-93.0728 275.5655 -14.188 -69.769433
-94.4803 276.5793 -14.1262 -69.770549
-96.2029 276.3016 -13.7358 -69.77163
-97.8612 276.4416 -13.1634 -69.772664
-99.2225 277.2086 -12.3487 -69.773639
-100.7724 276.7787 -11.5881 -69.774544
-102.4856 276.8416 -11.2384 -69.775367
-104.2435 277.0799 -11.3594 -69.776098
-105.8758 277.7134 -11.5089 -69.776725
-106.978 278.2571 -10.6069 -69.777242
-108.7214 278.4008 -10.5748 -69.777638
-110.1714 278.7473 -11.3411 -69.777907
-111.6618 279.6815 -11.4564 -69.778044
-21.5015 253.5088 -73.309 -69.950827
-22.5942 254.3623 -72.684 -69.949255
-23.4363 255.5756 -72.2611 -69.947868
-23.7952 256.2196 -73.6016 -69.946646
-24.1958 256.9175 -74.8973 -69.945598
-24.5102 257.2028 -76.431 -69.944705
-25.2575 257.9568 -77.5755 -69.943973
-25.9832 258.9049 -78.6121 -69.943389
-26.7351 259.8964 -79.3372 -69.942952
-27.7754 261.0706 -79.3699 -69.94266
-28.1276 262.1418 -78.3341 -69.942513
-14.415 228.9869 -63.4499 -70.083284
-16.1331 229.4489 -63.5343 -70.076018
-17.7421 230.1331 -63.7219 -70.069133
-19.4067 230.7023 -63.8399 -70.062624
-20.8995 231.6241 -63.8754 -70.056478
-22.4197 232.5434 -63.927 -70.050667
-23.9779 232.9794 -64.5409 -70.045185
-25.5926 233.2447 -65.0739 -70.040002
-27.3372 233.3731 -65.393 -70.035117
-29.108 233.4677 -65.4659 -70.03051
-30.8642 233.5427 -65.402 -70.026162
-32.3482 234.4256 -65.4518 -70.022065
-33.9347 234.8444 -64.9779 -70.018197
-35.6107 235.0483 -64.5372 -70.014548
-37.2988 235.2219 -64.5195 -70.011106
-38.3854 235.5894 -65.5655 -70.007848
-39.1438 235.7555 -64.0699 -70.00477
-40.4342 236.3585 -64.9633 -70.001872
-41.6538 237.408 -65.4996 -69.999136
-43.3197 237.9738 -65.7908 -69.996558
-45.0712 238.2644 -65.9288 -69.994129
-46.7994 238.6788 -65.9135 -69.99184
-48.5481 238.9796 -65.7557 -69.989683
-50.2593 239.3638 -65.4708 -69.987656
-51.9541 239.818 -65.3779 -69.985748
-53.6581 240.3081 -65.5616 -69.983958
-55.3649 240.7618 -65.7517 -69.982281
-56.9242 241.5359 -65.9538 -69.980711
-58.6438 241.8319 -66.2728 -69.979246
-59.9936 242.7156 -66.7405 -69.977879
-60.984 243.7818 -67.5294 -69.976608
-62.0855 245.146 -67.6347 -69.97543
-62.592 246.8516 -67.5474 -69.974341
-63.6958 248.1812 -67.3534 -69.973337
-65.3602 248.1365 -67.1819 -69.972413
-66.6185 247.2528 -66.7907 -69.971568
-68.2827 246.701 -66.9975 -69.970791
-69.0056 246.5375 -67.1182 -69.970092
-69.4149 247.1923 -66.2178 -69.969456
-70.5685 248.2104 -65.6787 -69.968884
-72.1021 248.9573 -65.1628 -69.968373
-73.5226 249.8734 -64.6789 -69.967918
-74.9049 250.917 -64.2744 -69.967516
-76.1941 252.0464 -63.8017 -69.967164
-77.6751 252.694 -63.2164 -69.966858
-78.9054 253.7897 -63.1101 -69.966595
-80.0531 255.1107 -63.1909 -69.966372
-81.4092 256.2087 -63.4316 -69.966186
-83.1166 256.5971 -63.7243 -69.966035
-84.8053 256.9649 -63.8465 -69.965916
-86.3232 257.8036 -63.7447 -69.965828
-88.0463 257.7843 -63.4146 -69.96577
-89.5568 258.6367 -63.0658 -69.965741
-79.8558 209.6969 -1.6956 -70.880285
-80.9345 210.9313 -0.8747 -70.872174
-81.8718 212.3265 -0.0936 -70.864349
-83.0145 213.649 0.4105 -70.856803
-83.35 215.4299 0.5242 -70.849523
-84.7236 216.0877 0.5245 -70.8425
-85.8365 216.8501 1.5461 -70.835712
-86.4751 218.3432 2.3648 -70.829188
-87.6889 219.3419 3.0091 -70.8229
-89.3832 219.625 3.5112 -70.816847
-90.5679 220.9942 3.9392 -70.81101
-91.9993 222.1339 4.2769 -70.805389
-93.1066 223.0567 5.3451 -70.799954
-94.2451 224.3484 6.04 -70.794706
-95.1955 225.7846 6.6504 -70.789647
-96.1469 227.1811 6.1703 -70.78477
-97.5307 228.1499 5.5656 -70.780052
-97.6555 229.6726 4.5217 -70.775489
-98.2632 230.7709 4.9578 -70.77107
-99.4213 231.1534 5.7424 -70.76681
-100.7458 231.4122 4.7237 -70.76269
-101.8502 232.6408 4.2535 -70.758712
-103.1436 233.9354 4.0273 -70.754872
-104.4921 234.4164 4.8558 -70.751165
-105.6117 233.6885 5.7966 -70.747566
-106.7274 232.3194 6.4016 -70.744058
-107.441 230.7522 6.8747 -70.740723
-107.4488 229.0255 7.5014 -70.737516
-107.9411 227.3511 8.131 -70.734435
-107.0902 226.8712 8.9862 -70.731473
-106.1496 226.513 10.1833 -70.728593
-105.9516 226.2598 12.0223 -70.725831
-105.4787 225.2922 12.0054 -70.723202
-105.2249 224.5846 10.2988 -70.720687
-104.7784 223.6625 9.5999 -70.718298
-104.7066 222.6921 11.0296 -70.716015
-105.026 220.965 11.6033 -70.713854
-104.6066 219.9029 12.8153 -70.7118
-103.3942 219.8352 14.0764 -70.709858
-104.3073 219.9043 13.553 -70.708028
-105.885 218.9419 13.3792 -70.706305
-107.2676 218.4747 12.6842 -70.704688
-108.1193 218.5469 11.0406 -70.703172
-108.3962 219.4541 11.7193 -70.701764
-109.0143 219.6825 13.4653 -70.700452
-109.7221 219.9831 15.1561 -70.699246
-110.6667 219.9703 16.4989 -70.698141
-112.0003 218.9022 16.8845 -70.697129
-113.4433 217.9794 16.4775 -70.69621
-114.7081 217.1333 15.6968 -70.695377
-115.2947 216.7255 13.9743 -70.694628
-115.5962 216.7912 12.1637 -70.693953
-115.7677 217.1126 10.3327 -70.693354
-115.4309 217.0746 11.1227 -70.692831
-116.1181 217.6962 12.116 -70.69236
-117.3855 218.3763 13.3061 -70.691957
-118.8798 218.8959 14.099 -70.691615
-120.5533 219.5755 14.5055 -70.691325
-122.3465 220.0233 14.7431 -70.691082
-124.1585 220.1151 14.949 -70.690879
-125.565 221.2324 14.8597 -70.690713
-126.6064 222.7478 14.7267 -70.69058
-127.1945 224.5052 14.537 -70.690475
-127.9351 226.1832 14.2547 -70.690395
-129.0224 227.5634 14.5865 -70.690338
-130.1181 229.0198 14.5982 -70.690301
-131.2201 230.4645 14.2522 -70.690282
47.5528 -96.076 13.5667 -75.919001
47.0015 -95.2803 13.5986 -75.919162
46.7344 -94.3274 13.6342 -75.919241
27.7081 -94.2683 18.8592 -75.982261
26.226 -93.6204 19.8024 -75.982689
24.7439 -92.9726 20.7456 -75.982981
23.2618 -92.3248 21.6888 -75.983163
23.8038 -92.3745 21.7835 -75.983251
54.7481 -88.0637 17.871 -75.877464
97.3169 -66.6493 31.3652 -75.812398
99.3506 -67.4491 30.897 -75.812778
101.3843 -68.2489 30.4289 -75.813065
103.4181 -69.0488 29.9607 -75.813279
105.4518 -69.8486 29.4925 -75.813433
104.935 -70.7499 28.9784 -75.813532
104.6139 -70.6388 26.7694 -75.813581
96.937 -66.473 30.8282 -75.812202
44.0154 -65.7095 15.6069 -75.74757
44.0102 -66.3692 14.8486 -75.747767
44.1586 -67.2141 14.3402 -75.747864
-4.665 -9.0685 -0.0051 -72.628623
-3.3078 -10.3003 -0.0154 -72.774784
-1.9532 -11.5348 -0.0257 -72.920495
-0.7426 -12.7803 -0.0459 -73.161385
0.4334 -13.9291 -0.0935 -73.494629
1.4466 -15.2471 -0.185 -73.822813
3.5554 -27.7322 1.4257 -74.28314
8.6107 -41.3653 6.7974 -74.650807
22.8794 -62.2772 10.5055 -75.35705
26.4745 -64.8588 13.9793 -75.451178
29.0535 -67.1183 14.3116 -75.510666
42.1418 -73.5431 16.2509 -75.715473
47.2069 -85.1931 18.1557 -75.851987
44.6639 -89.9679 15.7857 -75.89898
47.7449 -96.3203 13.6398 -75.917484
78.4149 -177.3628 14.5582 -76.037226
95.2227 -265.7699 17.0719 -76.109069
48.1056 -320.1106 18.1187 -76.14935
-10.9476 -383.6056 22.9817 -76.167362
-40.36 -432.7473 17.7175 -76.167616
28.7834 -94.5812 17.274 -75.976049
14.3097 -106.6143 20.8227 -76.027855
2.7577 -126.0427 26.0848 -76.059937
-45.0792 -189.1405 27.4734 -76.094676
30.9775 -170.2053 31.4202 -76.07155
28.3969 -94.5693 18.0599 -75.980834
-40.2348 -104.2908 -5.8163 -76.067478
-111.9958 -139.102 2.509 -76.101648
54.6562 -87.9717 17.7384 -75.875776
111.8824 -135.9529 29.1893 -76.016214
164.8572 -185.7356 20.1853 -76.088534
213.7243 -226.7876 32.011 -76.11588
43.9697 -65.4565 15.7766 -75.745595
45.5333 -62.1584 17.8534 -75.7567
96.2419 -66.2233 31.6259 -75.811993
2.1326 -22.0656 -2.5814 -74.13581
6.2653 -35.3706 6.4938 -74.479104
8.3143 -40.7868 6.7183 -74.790769
15.4942 -50.7521 4.9673 -75.023193
19.5156 -57.7327 7.1557 -75.242841
24.2121 -63.3654 12.9105 -75.405141
27.7984 -65.9637 14.1964 -75.481453
35.2991 -71.3414 15.5234 -75.616918
45.9552 -78.4006 18.2802 -75.787701
45.9541 -87.9136 17.638 -75.87643
46.0845 -93.1486 14.7482 -75.910524
52.1518 -103.9606 11.3242 -75.933989
58.8833 -119.603 12.0998 -75.959274
62.6461 -133.0235 18.7767 -75.982931
68.7987 -150.479 18.27 -76.005727
75.478 -168.4071 16.0379 -76.027319
80.7201 -186.7623 13.7215 -76.04708
86.0397 -202.1519 18.4658 -76.06207
88.9594 -219.8372 14.0604 -76.076228
92.3483 -238.1707 14.3683 -76.09007
94.4112 -256.1543 16.5595 -76.103271
95.282 -267.4858 16.3224 -76.114828
95.3059 -280.3632 10.9397 -76.123012
82.392 -291.8157 13.1552 -76.130832
66.6134 -301.8126 13.5179 -76.138724
55.8832 -314.8401 17.1156 -76.146339
42.621 -325.3136 19.0805 -76.152319
32.9705 -340.7608 23.6528 -76.155796
23.9361 -354.8041 21.203 -76.159181
9.6225 -366.7531 22.7517 -76.162854
-4.6074 -378.3071 21.4152 -76.166439
-16.9731 -389.755 18.9726 -76.168248
-27.5688 -401.1213 14.9527 -76.168055
-39.573 -411.7299 14.9204 -76.167882
-40.6381 -420.4638 25.2112 -76.168117
-40.4069 -426.6412 14.8914 -76.168406
-41.6738 -434.0686 12.5022 -76.166793
-35.1298 -447.795 10.0223 -76.163608
-30.511 -455.7937 6.7671 -76.160651
-26.4654 -460.7911 2.4423 -76.158507
-24.2919 -464.5784 0.2402 -76.157393
37.1249 -94.0849 14.9718 -75.940709
20.7736 -99.7756 22.2184 -76.004929
11.0172 -108.5614 18.7473 -76.035631
5.909 -113.1292 24.1737 -76.046226
4.7649 -121.3499 27.2758 -76.055474
-3.9067 -133.7894 26.1237 -76.065966
-16.2236 -149.0836 26.7198 -76.073994
-17.7909 -159.6216 22.5822 -76.08107
-30.8645 -168.2845 21.4997 -76.087614
-40.3768 -181.2163 24.3391 -76.093229
-50.8898 -195.8899 27.7601 -76.096061
-59.8432 -207.2909 27.0024 -76.095805
-63.453 -209.2381 15.4152 -76.094948
-64.2909 -212.4765 11.1044 -76.094166
-69.7086 -217.4653 14.9612 -76.093722
-1.3141 -131.2728 34.9295 -76.062507
15.7442 -115.5027 24.1983 -76.036271
21.9499 -133.9863 25.1312 -76.046228
26.8898 -147.4387 25.6301 -76.054855
28.6429 -155.1273 32.7495 -76.062707
28.6017 -167.7997 33.6747 -76.06947
33.7647 -170.9041 21.6446 -76.073661
35.3986 -176.6564 11.4651 -76.074696
39.8278 -180.409 -7.3747 -76.074924
28.4843 -94.572 17.6083 -75.979431
24.075 -93.3058 9.4058 -75.993698
15.5128 -90.8025 -8.4542 -76.012835
-0.0475 -89.6597 -13.0268 -76.030213
-13.9393 -94.7328 -4.0497 -76.046468
-31.0534 -101.5497 -4.3571 -76.061304
-48.3446 -108.1087 -4.4853 -76.073607
-60.3769 -111.0796 -1.1234 -76.081538
-77.9711 -113.5102 3.296 -76.088415
-92.0999 -121.9743 4.6219 -76.094755
-105.6825 -132.44 0.8972 -76.100224
-119.8735 -141.3568 5.959 -76.102929
-132.8113 -151.1601 6.979 -76.102745
-147.2952 -155.5423 4.0924 -76.101987
-153.368 -158.2725 7.6335 -76.101289
-168.793 -159.6906 7.6228 -76.100895
50.8433 -86.5895 17.9535 -75.866777
61.2357 -92.3404 14.5899 -75.896398
72.1897 -102.125 21.0158 -75.92729
85.4059 -115.7278 22.6939 -75.955258
96.1046 -123.0147 27.5352 -75.981363
106.3877 -128.7142 28.8233 -76.005417
119.3522 -141.0891 32.8119 -76.02694
133.3865 -151.0456 27.4274 -76.042748
140.4642 -156.8554 25.7903 -76.057173
152.3124 -169.1266 29.8767 -76.070817
161.5491 -182.1636 26.4505 -76.083383
167.3763 -187.9265 20.8501 -76.093622
178.0174 -198.4202 27.7655 -76.099932
190.5879 -201.853 17.5881 -76.105388
198.4764 -209.0366 23.2285 -76.110466
206.4978 -222.3967 29.9785 -76.114846
216.4485 -231.2363 29.6641 -76.116833
219.3592 -241.6667 28.5636 -76.11633
217.6919 -257.4839 32.1794 -76.115348
212.7961 -271.781 39.8533 -76.114493
208.8344 -287.7139 39.3838 -76.114008
43.1478 -69.6198 16.0595 -75.735427
45.0982 -63.5211 16.1223 -75.751715
50.7937 -61.6079 11.0465 -75.767496
63.7547 -58.5312 9.7712 -75.781332
75.049 -60.4617 16.3877 -75.792282
83.0968 -60.7333 25.9161 -75.801329
91.3447 -63.64 26.8113 -75.808838
106.4082 -69.1292 24.6495 -75.81546
123.1559 -72.5629 28.9251 -75.819565
143.1961 -75.9244 28.8652 -75.821542
46.1286 -55.224 14.5026 -75.764144
37.6417 -45.2763 18.4222 -75.770479
22.8448 -43.0894 21.8828 -75.773239
