-0.8015 -1.2678 -0 -73.965658
-3.2062 -5.0715 -0 -73.965
-5.0765 -8.0299 -0 -73.964548
-6.4123 -10.1429 0.0262 -73.964449
-8.0143 -12.677 0.1283 -73.964351
-8.8146 -13.9429 0.1666 -73.964279
-8.2187 -14.5214 0.2948 -73.964201
-8.7411 -16.3672 0.5247 -73.963997
-10.0309 -17.8905 1.1419 -73.963738
-11.386 -19.3222 1.89 -73.96349
-12.7254 -20.8552 2.392 -73.963258
-14.0432 -22.4116 2.6217 -73.962983
-14.6972 -24.3185 2.0715 -73.96265
-15.5306 -26.234 2.0482 -73.962289
-16.1094 -27.8038 2.3068 -73.961977
-14.7796 -28.9827 3.1257 -73.961716
-13.6062 -30.5844 3.6202 -73.961454
-12.2537 -32.1091 3.9089 -73.961193
-11.1222 -33.7683 4.2796 -73.96093
-10.1932 -35.2295 5.196 -73.960668
-9.3619 -36.7283 6.3117 -73.960405
-8.5851 -38.2492 7.4144 -73.960142
-7.5935 -39.8435 8.2499 -73.959878
-6.8916 -41.4349 9.2193 -73.959613
-6.2727 -43.3267 9.6108 -73.959349
-5.7427 -44.6215 10.9758 -73.959082
-5.2774 -45.3085 12.8612 -73.958815
-4.5701 -46.2857 12.7646 -73.958547
-3.9187 -47.0128 11.0346 -73.958279
-3.487 -47.3534 9.0584 -73.958009
-3.1601 -48.3203 10.2056 -73.957739
-2.5906 -49.7167 11.29 -73.957471
-2.064 -51.2649 10.2609 -73.957202
-1.9023 -53.0628 10.2828 -73.956932
-1.2374 -53.7481 8.8883 -73.956661
-0.2338 -55.4757 8.438 -73.95639
0.9268 -57.1391 8.1846 -73.95612
2.1659 -58.7648 8.26 -73.955848
2.7966 -60.3652 9.2072 -73.955577
3.5606 -62.0815 8.7826 -73.955305
4.1051 -63.9769 8.2533 -73.955032
4.7728 -65.8913 8.0534 -73.954759
5.555 -67.7898 8.1794 -73.954487
5.4215 -69.7319 8.5591 -73.954215
5.3722 -71.1779 9.39 -73.953942
6.6015 -72.8224 9.4344 -73.953669
7.9091 -74.3345 9.4579 -73.953396
9.1469 -75.9691 9.4502 -73.953123
10.0298 -77.8076 9.4917 -73.952851
10.7723 -79.6982 9.5101 -73.952578
12.3735 -80.8411 9.4583 -73.952306
13.4145 -82.6176 9.4397 -73.952035
14.1594 -84.5026 9.6273 -73.951763
14.908 -86.352 10.0263 -73.951491
15.6285 -88.1574 10.421 -73.95122
16.2688 -90.0988 10.1972 -73.950949
16.8061 -92.0324 10.2983 -73.95068
18.0591 -93.5211 10.9131 -73.95041
19.0692 -95.1762 11.592 -73.950142
20.0514 -96.8019 12.3554 -73.949874
20.7986 -98.4251 13.1509 -73.949606
22.3425 -99.643 13.6764 -73.94934
23.1324 -101.4525 13.8694 -73.949074
24.2278 -103.1764 13.8286 -73.94881
25.7948 -104.4654 13.8973 -73.948546
27.3532 -105.7951 13.951 -73.948284
28.4996 -107.4233 13.9547 -73.948023
30.0108 -108.56 13.6639 -73.947763
31.1081 -108.6091 12.0588 -73.9475
29.9694 -109.9097 10.9348 -73.947218
28.8308 -111.2104 9.8109 -73.946946
27.6922 -112.511 8.6869 -73.946682
26.8377 -113.4766 7.7017 -73.946423
28.1153 -111.9666 8.2837 -73.94615
29.3929 -110.4565 8.8658 -73.945886
30.6706 -108.9464 9.4479 -73.945631
31.1787 -108.9746 10.7509 -73.945377
31.0798 -109.3078 12.7833 -73.945123
31.1974 -110.3892 14.0207 -73.944877
31.8589 -112.2436 14.4776 -73.944633
32.2207 -114.0808 14.8897 -73.944392
32.3754 -116.0895 14.7382 -73.944154
33.2282 -117.7627 14.1097 -73.943917
34.0263 -119.6079 13.7086 -73.943684
34.4263 -121.5938 13.4703 -73.943453
34.6735 -123.5948 13.4834 -73.943224
34.4631 -125.6138 13.6554 -73.942999
35.477 -127.1975 13.9548 -73.942777
36.4488 -128.3733 14.9241 -73.942557
36.0423 -130.1872 15.3722 -73.942339
35.1621 -131.5518 15.4371 -73.942126
35.6418 -129.8523 14.8263 -73.941917
35.0348 -128.0619 14.2107 -73.941712
35.5446 -129.8444 14.1534 -73.94151
35.6291 -131.8577 14.0497 -73.941313
34.8485 -133.6181 13.7199 -73.94112
34.2995 -135.3089 12.7219 -73.940931
33.9891 -137.2127 12.2496 -73.940747
34.6951 -139.1364 12.158 -73.940567
34.4342 -141.0719 12.4762 -73.940392
34.9496 -142.8915 13.1328 -73.940222
35.1207 -144.6736 12.8365 -73.940057
36.0553 -146.4708 12.5635 -73.939898
36.5162 -147.9232 11.2272 -73.939743
37.0821 -149.6924 10.5935 -73.939594
38.1845 -151.3675 10.8233 -73.939452
38.9786 -152.5573 11.4668 -73.939315
38.5512 -154.4927 11.7745 -73.939183
38.9845 -156.4817 12.0272 -73.939057
38.8087 -158.4686 12.102 -73.938938
39.4316 -160.3993 12.1561 -73.938825
40.017 -162.1492 11.7738 -73.938718
39.9044 -164.0643 11.3068 -73.938618
40.4166 -165.9089 10.6066 -73.938524
41.3853 -167.5493 10.7632 -73.938437
42.1247 -169.1267 11.6727 -73.938356
42.1485 -170.8263 12.6221 -73.938282
41.2541 -172.1527 13.7028 -73.938214
41.3329 -173.6405 14.3131 -73.938152
41.6008 -174.8677 12.6805 -73.938097
41.8738 -176.7997 12.275 -73.938047
42.7438 -178.5456 11.9564 -73.938003
43.2439 -180.4578 12.0397 -73.937964
43.3656 -182.4295 12.4106 -73.93793
43.6747 -184.2146 13.2717 -73.937901
44.1736 -186.1236 13.8383 -73.937877
44.3535 -187.9066 14.7675 -73.937856
44.8726 -189.5685 15.6922 -73.937839
45.4404 -191.1005 14.5715 -73.937825
46.1386 -192.9259 14.1459 -73.937814
46.6287 -194.8895 13.783 -73.937805
47.9055 -196.4354 13.3908 -73.937799
49.0241 -197.9564 13.467 -73.937794
49.8322 -199.3762 13.2319 -73.937791
51.04 -200.3986 12.0409 -73.93779
-16.8109 -27.3553 2.8101 -73.962011
-17.497 -28.3029 4.2038 -73.961823
-18.1984 -29.271 5.5067 -73.96164
-18.2577 -29.3412 3.7473 -73.961428
-18.2679 -29.344 1.9276 -73.961222
-18.2781 -29.3467 0.108 -73.961022
-18.2883 -29.3494 -1.7116 -73.960828
-18.2985 -29.3522 -3.5313 -73.960641
-18.8534 -30.5664 -3.9808 -73.960456
-18.8107 -32.318 -3.8597 -73.960271
-19.3066 -34.0554 -3.7456 -73.960086
-18.9488 -34.5418 -2.2544 -73.959899
-18.3075 -35.7012 -1.0566 -73.959713
-18.003 -37.2922 -0.254 -73.959526
-17.2153 -38.7422 0.5062 -73.95934
-17.2992 -40.1694 1.5541 -73.959153
-17.1185 -41.7267 2.3954 -73.958965
-17.083 -42.8762 3.6698 -73.958777
-17.3639 -44.4413 4.545 -73.958588
-18.2212 -45.6938 5.2818 -73.958401
-18.9632 -46.7735 4.1464 -73.958213
-19.2427 -47.6114 2.5633 -73.958025
-19.7572 -49.1601 2.2576 -73.957838
-20.0441 -50.8741 2.5491 -73.957651
-20.3286 -52.4364 3.2684 -73.957466
-19.8077 -53.8024 3.6098 -73.95728
-19.2008 -54.6661 2.2731 -73.957094
-18.7221 -56.0354 2.9434 -73.956909
-18.7365 -56.729 4.1896 -73.956724
-18.8997 -58.1413 5.2798 -73.956542
-18.8149 -59.8936 5.7078 -73.956361
-18.9822 -61.072 7.0484 -73.956181
-19.3934 -62.5349 8.0119 -73.956005
-19.547 -63.8484 9.0694 -73.955829
-19.5772 -65.5723 8.63 -73.955656
-19.258 -67.3139 8.3405 -73.955486
-19.7508 -69.0603 8.364 -73.95532
-19.9946 -70.8175 8.7102 -73.955155
-19.8037 -72.5539 9.1873 -73.954994
-19.7201 -74.3251 9.5635 -73.954836
-20.2567 -75.9938 9.7611 -73.954682
-19.7758 -77.7066 9.8918 -73.954532
-19.8692 -79.394 10.0722 -73.954386
-20.6153 -80.6503 10.7965 -73.954244
-20.8101 -82.0334 11.1362 -73.954107
-21.8468 -83.2751 10.5156 -73.953975
-22.3598 -84.646 11.4203 -73.953848
-22.8139 -86.2646 12.0203 -73.953726
-22.9433 -87.4114 13.1988 -73.953609
-23.2601 -88.7922 14.1473 -73.953499
-23.5187 -90.5915 14.1567 -73.953395
-23.7693 -92.3875 14.2837 -73.953297
-23.9193 -94.161 14.5659 -73.953206
-24.765 -95.4177 14.2775 -73.953122
-25.6946 -96.5629 13.7452 -73.953045
-26.3361 -98.2508 13.7081 -73.952975
-26.22 -99.6251 14.4174 -73.952912
-26.029 -100.2322 16.1217 -73.952857
-25.98 -100.9366 17.7977 -73.95281
-26.1774 -101.1961 19.58 -73.95277
-26.4133 -101.3806 21.3748 -73.952741
-26.5757 -102.9017 22.0388 -73.952721
-26.565 -104.1061 22.8298 -73.952711
-10.4886 -18.1238 0.6694 -73.963524
-10.4015 -18.057 0.4643 -73.963369
-11.3637 -19.3353 1.4826 -73.963184
-12.4409 -20.4928 2.3203 -73.962966
-13.7335 -21.882 2.6066 -73.962731
-14.3525 -23.4451 1.6476 -73.962494
-14.7639 -24.7529 0.4153 -73.962257
-15.0123 -25.6795 -1.2982 -73.962019
-14.7483 -27.3027 -2.2341 -73.961781
-14.1682 -28.7546 -3.3613 -73.961541
-14.1335 -30.3237 -2.5621 -73.961301
-14.176 -32.0715 -1.7097 -73.96106
-14.076 -33.7889 -0.9359 -73.960818
-13.8862 -35.6563 -1.4771 -73.960576
-13.5408 -37.5381 -1.8551 -73.960334
-12.9254 -39.3671 -2.0095 -73.96009
-12.8947 -41.2639 -2.5483 -73.959845
-12.5093 -43.0891 -2.3969 -73.9596
-11.8636 -44.7358 -1.5183 -73.959353
-11.3409 -46.4019 -0.6056 -73.959105
-11.0233 -47.5467 0.9658 -73.958855
-10.5913 -48.4457 2.6789 -73.958606
-10.1405 -50.0833 3.3431 -73.958356
-10.2934 -51.7904 2.9275 -73.958106
-10.88 -52.8858 1.4404 -73.957853
-11.0363 -54.4811 1.7038 -73.957601
-11.1458 -56.3254 2.378 -73.957349
-10.357 -57.7555 3.4384 -73.957095
-10.1358 -58.8326 4.9901 -73.956841
-10.3077 -60.6124 5.6598 -73.956586
-11.2813 -62.2927 6.0116 -73.956331
-11.7958 -64.1934 6.181 -73.956076
-12.4342 -66.0517 6.3974 -73.955819
-11.9522 -67.7789 6.8906 -73.955562
-11.6762 -69.0382 8.2561 -73.955305
-11.713 -70.0381 9.9612 -73.955048
-11.8555 -70.9146 11.6774 -73.954789
-12.8132 -71.5235 13.2459 -73.954531
-13.5753 -72.2336 12.7301 -73.954273
-14.1638 -73.7043 11.8882 -73.954015
-14.4131 -75.2707 10.815 -73.953758
-13.5782 -77.0011 10.3425 -73.953501
-13.3259 -78.9499 10.1371 -73.953244
-13.3622 -80.9141 10.3308 -73.952988
-14.2376 -82.5066 10.9807 -73.952733
-14.7845 -84.1023 11.9265 -73.952478
-15.3519 -85.4422 12.6525 -73.952223
-15.7865 -86.6616 12.098 -73.951969
-16.5522 -87.7496 13.5364 -73.951717
-17.1687 -89.5648 13.8022 -73.951466
-18.2162 -91.1682 13.885 -73.951216
-19.5493 -92.634 13.9514 -73.950968
-20.3209 -94.4426 13.8656 -73.950721
-21.0095 -96.2837 13.6721 -73.950477
-21.3384 -97.8523 13.9673 -73.950232
-21.6939 -97.8965 15.9193 -73.949986
-22.3276 -98.0602 17.7316 -73.949745
-21.887 -98.9874 16.7979 -73.949505
-22.8153 -99.7306 15.3374 -73.949271
-24.3779 -100.6691 14.7056 -73.949039
-24.3457 -102.6276 14.3888 -73.948812
-24.5768 -104.5617 14.2213 -73.948588
-24.8282 -106.5067 14.2205 -73.948367
-25.0574 -108.4614 14.1941 -73.94815
-25.5558 -110.3378 14.0236 -73.947937
-26.9412 -111.6652 13.5497 -73.947729
-27.6548 -113.1993 12.651 -73.947525
-27.9593 -114.1646 11.0361 -73.947323
-28.3565 -115.3746 10.0919 -73.94713
-29.1471 -116.4978 9.0352 -73.94694
-29.5399 -117.0458 7.1689 -73.946755
-29.9596 -117.6548 5.3281 -73.946576
-30.9613 -118.935 4.5188 -73.946405
-32.1435 -120.2324 4.6581 -73.946239
-32.9363 -121.0473 6.2793 -73.94608
-33.621 -122.2206 7.5953 -73.945927
-33.9105 -123.585 8.7937 -73.945781
-34.4873 -124.3869 10.3397 -73.945642
-35.0405 -125.7656 11.4307 -73.94551
-34.701 -127.6323 11.772 -73.945385
-35.3063 -129.4991 11.9181 -73.945268
-35.9903 -131.3268 11.7835 -73.945158
-37.6819 -132.1342 11.31 -73.945056
-38.5009 -133.4806 10.3217 -73.944961
-38.4967 -134.7419 8.9782 -73.944873
-39.2613 -136.1191 9.0235 -73.944793
-39.6486 -137.8732 9.0943 -73.944721
-40.3927 -139.5578 8.4232 -73.944656
-41.3357 -141.2284 8.0319 -73.944599
-41.7461 -143.1332 7.6854 -73.94455
-42.0138 -145.0056 7.4829 -73.944509
-41.9887 -146.6225 8.5512 -73.944475
-43.1363 -148.1444 8.915 -73.94445
-43.8626 -149.8828 8.3731 -73.944432
-44.926 -151.4033 7.7386 -73.944424
-9.353 -14.8211 0.2731 -73.964168
-11.0559 -15.5864 0.7158 -73.963969
-12.8605 -15.9487 1.177 -73.963725
-14.323 -16.6873 2.6356 -73.963274
-15.6273 -17.7486 4.2904 -73.962897
-16.5612 -19.3299 4.837 -73.962726
-17.0333 -20.2944 6.2453 -73.962534
-17.8874 -21.5361 7.3823 -73.962338
-18.8508 -22.9769 8.1796 -73.962142
-19.5099 -24.5801 8.9543 -73.961946
-19.7318 -25.6734 10.3712 -73.961748
-19.6375 -26.5275 11.987 -73.961548
-20.9183 -27.5166 12.4491 -73.961349
-21.2964 -29.0814 13.3143 -73.961149
-21.83 -30.7644 14.0149 -73.960948
-22.4092 -32.288 14.7504 -73.960747
-23.1716 -32.8787 16.4102 -73.960542
-23.4458 -33.3976 17.1662 -73.96034
-23.9797 -35.1098 17.8018 -73.960137
-25.2888 -36.4276 18.1128 -73.959933
-26.4013 -37.9363 18.2431 -73.959729
-27.2908 -39.5473 18.3867 -73.959524
-28.9068 -40.2841 18.3568 -73.959319
-28.8386 -41.8551 18.071 -73.959113
-30.0593 -43.3052 18.0707 -73.958907
-30.6546 -44.9959 18.2212 -73.9587
-31.4097 -46.5757 18.3297 -73.958494
-32.6885 -47.8644 18.2798 -73.958287
-33.6705 -49.4532 18.3794 -73.95808
-34.3435 -51.1833 18.7706 -73.957874
-35.0428 -52.643 19.7515 -73.957668
-35.9334 -53.9164 20.8542 -73.957463
-36.4958 -55.5633 21.6175 -73.957259
-37.1515 -57.2664 22.1901 -73.957055
-37.503 -58.9135 22.7742 -73.956852
-37.2767 -60.629 23.5408 -73.956649
-38.3487 -62.1152 24.0868 -73.956449
-38.7835 -63.8894 24.6417 -73.95625
-39.0307 -65.5698 25.4324 -73.956053
-39.2448 -67.4312 25.7075 -73.955857
-39.4113 -69.2406 26.1323 -73.955664
-38.2265 -70.1613 27.1367 -73.955473
-37.9293 -71.6381 28.1838 -73.955284
-36.7386 -72.8721 28.5562 -73.955098
-35.4143 -74.1273 28.8617 -73.954915
-33.8413 -75.1427 29.2839 -73.954732
-32.9832 -76.7229 29.5771 -73.954556
-33.6399 -75.092 29.1649 -73.954381
-33.1635 -76.3575 28.5144 -73.95421
-32.6394 -77.9449 29.3953 -73.954045
-31.5586 -79.4236 29.8926 -73.953881
-30.8094 -81.0765 30.3763 -73.953723
-31.5811 -82.6547 30.6865 -73.953572
-31.7168 -84.5489 30.8274 -73.953426
-31.5105 -86.4537 30.8357 -73.953287
-31.5377 -88.3667 30.7633 -73.953153
-31.4829 -90.279 30.6456 -73.953026
-31.9235 -92.1277 30.4947 -73.952905
-32.2806 -93.9944 30.2829 -73.952791
-33.2826 -95.4749 30.073 -73.952685
-34.2923 -96.3147 29.212 -73.952585
-33.7984 -97.5646 29.0456 -73.952493
-33.365 -98.5644 30.3242 -73.952408
-34.9529 -99.5888 30.5864 -73.952331
-35.3561 -101.2379 30.5528 -73.952263
-35.425 -102.1901 29.7785 -73.952203
-35.4381 -103.6106 30.0236 -73.952152
-35.4329 -104.9525 28.8355 -73.95211
-35.4888 -106.6151 28.0477 -73.952078
-35.1318 -108.0258 29.2064 -73.952056
-34.5346 -109.5447 30.0645 -73.952045
-15.445 -16.6758 3.4162 -73.962895
-17.1123 -16.5493 2.7023 -73.962727
-18.8242 -16.1183 2.2844 -73.962538
-20.5247 -15.3962 2.2003 -73.962346
-22.3116 -15.3473 2.4856 -73.962154
-24.0423 -14.9367 2.9859 -73.96196
-25.7912 -14.8802 3.5418 -73.961766
-27.6376 -14.8877 3.7424 -73.961571
-29.4617 -14.8882 3.7168 -73.961375
-31.2202 -15.3922 3.5297 -73.961178
-32.7539 -15.8243 2.9445 -73.960979
-34.0829 -16.2305 1.7975 -73.960779
-35.3566 -17.1047 0.7776 -73.960579
-36.7811 -17.3591 0.0703 -73.960379
-38.4049 -17.2529 0.8951 -73.960179
-40.1857 -16.9717 1.2216 -73.959977
-41.9745 -17.3706 1.348 -73.959775
-43.6645 -17.7288 1.1737 -73.959572
-45.1638 -16.9527 0.472 -73.959369
-46.3865 -16.2335 -0.6264 -73.959164
-48.1583 -16.038 -0.1893 -73.958959
-49.5586 -16.5997 0.7893 -73.958753
-50.6275 -17.7832 1.5574 -73.958547
-52.4581 -17.9497 1.6886 -73.95834
-54.2203 -17.8442 1.1278 -73.958134
-55.6575 -18.4041 0.1681 -73.957926
-57.139 -19.2179 -0.5793 -73.957719
-58.8775 -19.6978 -0.9928 -73.957512
-60.4992 -20.5497 -0.8751 -73.957306
-62.2699 -20.9516 -0.784 -73.9571
-63.9605 -21.4851 -1.2025 -73.956893
-65.769 -21.6468 -1.2364 -73.956688
-67.4074 -21.948 -2.0416 -73.956483
-69.2303 -22.0478 -2.2783 -73.95628
-71.0405 -22.3933 -2.2 -73.956078
-72.76 -22.6876 -1.8978 -73.955877
-74.4248 -22.1245 -1.3042 -73.955677
-75.468 -21.5676 0.0962 -73.955479
-76.805 -21.0117 0.8974 -73.955283
-78.6304 -21.1688 0.7939 -73.95509
-80.2126 -21.6023 1.4208 -73.954899
-81.9055 -21.4802 1.8938 -73.95471
-83.3789 -20.5725 2.4839 -73.954525
-84.8475 -20.092 3.3977 -73.954343
-85.8797 -19.4106 4.4732 -73.954164
-86.9877 -17.9771 4.3817 -73.953989
-88.4094 -16.917 4.436 -73.953818
-89.1332 -16.2863 5.8123 -73.953649
-89.6827 -16.0961 7.5766 -73.953486
-90.6073 -14.9923 8.5732 -73.953328
-91.6573 -14.5236 9.9347 -73.953176
-92.216 -13.6924 11.4126 -73.953028
-93.3323 -12.5367 11.3011 -73.952887
-94.3529 -11.3333 10.4637 -73.952752
-95.9243 -11.359 10.3327 -73.952624
-97.085 -12.6874 10.4076 -73.952502
-98.637 -11.9209 10.4364 -73.952387
-99.8512 -10.5582 10.1484 -73.952279
-101.1467 -9.2581 9.9913 -73.952179
-102.9108 -8.8466 10.0308 -73.952086
-104.2043 -7.6318 10.4372 -73.952002
-105.7848 -7.7377 11.2376 -73.951925
-107.5295 -7.7352 11.7584 -73.951857
-108.7114 -6.5165 12.2914 -73.951798
-108.6826 -5.013 12.9437 -73.951748
-109.4316 -4.9691 14.0337 -73.951706
-110.9911 -5.321 13.2911 -73.951675
-112.3812 -4.7789 12.2565 -73.951653
-113.4541 -4.4164 10.8172 -73.951642
-15.5545 -17.632 4.3033 -73.96291
-16.8149 -18.3686 5.0193 -73.962777
-18.1535 -17.7371 5.9254 -73.962626
-19.3957 -17.6568 7.1162 -73.962473
-20.6245 -17.4395 8.329 -73.96232
-21.4073 -17.0773 9.8446 -73.962166
-22.3291 -16.4593 11.1562 -73.962012
-23.7986 -16.4039 12.1053 -73.961859
-24.636 -16.4397 13.5353 -73.961703
-26.0492 -16.413 14.4153 -73.96155
-26.5091 -16.6788 16.0866 -73.961393
-27.6416 -17.5424 16.452 -73.961239
-28.9683 -17.6171 17.1518 -73.961086
-30.2529 -16.8642 18.0015 -73.960932
-31.8112 -16.9615 18.7079 -73.960778
-32.7125 -16.0015 17.8716 -73.960625
-33.9732 -15.3124 17.8919 -73.960472
-35.5154 -14.9405 18.541 -73.96032
-36.8148 -15.2621 19.6037 -73.960167
-38.1095 -15.3947 20.6532 -73.960016
-39.3709 -15.3085 20.5665 -73.959863
-39.9084 -15.4165 22.2463 -73.95971
-41.4898 -16.1032 22.568 -73.959561
-43.1935 -16.3081 22.9719 -73.959413
-44.8671 -16.1005 23.426 -73.959266
-46.5874 -16.255 23.8037 -73.95912
-48.2806 -16.146 24.1613 -73.958977
-49.8848 -15.6408 24.6252 -73.958836
-51.569 -15.5809 25.1077 -73.958697
-53.1934 -15.8717 25.7123 -73.958561
-54.8397 -16.0518 26.2602 -73.958427
-56.4663 -15.7486 26.8593 -73.958297
-57.6381 -14.8744 27.7621 -73.95817
-58.8394 -13.7889 28.4214 -73.958047
-60.1932 -13.1386 29.3328 -73.957928
-61.8304 -12.6017 29.6751 -73.957812
-63.5039 -12.1508 29.7076 -73.957702
-64.8861 -11.121 29.4315 -73.957596
-65.5954 -10.0293 28.2627 -73.957495
-66.3587 -9.069 29.1123 -73.9574
-67.3994 -7.9254 29.8988 -73.95731
-68.8854 -7.8686 29.963 -73.957226
-70.5505 -7.352 29.9726 -73.957149
-72.0497 -6.4284 30.0037 -73.957079
-73.5599 -5.5098 29.9785 -73.957016
-74.8786 -4.3323 29.9264 -73.956958
-76.2236 -3.1844 29.9023 -73.956911
-77.2186 -1.7362 29.9278 -73.956872
-78.2778 -0.5048 29.7779 -73.956842
-79.9939 -0.3567 29.5292 -73.956821
-81.6519 -0.1123 29.479 -73.956811
-15.2282 -17.1379 4 -73.962967
-15.8134 -17.8487 4 -73.962959
-16.4306 -18.5318 4 -73.962954
-13.8552 -16.3527 0.6773 -73.963575
-6.8126 -12.9962 0.0714 -73.964303
-5.8684 -15.48 0.0572 -73.964121
-5.4058 -18.0693 0.0621 -73.96389
-4.8048 -20.6622 0.1442 -73.963602
-4.2378 -23.1032 0.3354 -73.963246
-4.2185 -23.3173 3.0099 -73.962671
-4.1991 -23.5292 5.6846 -73.962095
-3.9404 -24.0329 8.0609 -73.961532
-2.9465 -26.4423 7.8893 -73.960963
-2.9898 -29.1239 7.9366 -73.960385
-2.8312 -31.7921 8.079 -73.959794
-2.7737 -34.4658 8.0848 -73.959192
-3.1335 -36.1267 6.8772 -73.958567
-2.9668 -36.5649 4.2354 -73.957929
-3.5563 -38.3842 2.8887 -73.957288
-4.3063 -40.3834 1.497 -73.95663
-4.1208 -42.6459 0.2252 -73.95596
-4.2362 -43.7827 0.8959 -73.95543
-3.8312 -43.4159 2.8085 -73.955058
-3.4263 -43.0492 4.7211 -73.954694
-3.0214 -42.6825 6.6338 -73.95434
-2.6164 -42.3158 8.5464 -73.953994
-2.2115 -41.949 10.459 -73.953658
-1.8006 -41.5642 12.3611 -73.95333
-1.0504 -39.8462 12.7392 -73.952999
0.1758 -38.6585 13.5417 -73.952668
1.5902 -38.0395 13.8599 -73.952332
3.2347 -39.0768 14.2093 -73.951997
3.2862 -40.8715 14.6526 -73.95166
3.0921 -42.2179 15.9515 -73.951322
3.289 -43.8273 17.0278 -73.950983
3.7676 -45.0577 18.3989 -73.95064
5.3853 -45.2551 17.5078 -73.950296
6.4565 -45.5185 16.2146 -73.949944
6.4601 -45.5688 14.2263 -73.94959
7.3041 -46.1013 15.3965 -73.949236
7.7212 -46.6728 17.2551 -73.948878
8.2906 -47.8462 18.7417 -73.948521
8.7291 -49.4862 19.2615 -73.948258
9.1255 -50.9461 19.7272 -73.948097
10.0364 -52.2198 19.9693 -73.947939
10.7133 -53.6545 20.0389 -73.947781
11.8089 -54.3454 19.5071 -73.947624
12.1976 -54.6669 17.9921 -73.947468
13.1099 -54.8336 16.8714 -73.947315
13.5838 -54.6626 15.3738 -73.947154
13.6588 -54.6533 13.7788 -73.946973
13.7337 -54.644 12.1838 -73.9468
13.8087 -54.6347 10.5888 -73.946634
13.8837 -54.6254 8.9938 -73.946475
13.9586 -54.6161 7.3988 -73.946324
14.0336 -54.6068 5.8038 -73.94618
14.1085 -54.5975 4.2088 -73.946042
14.1663 -54.5744 2.6132 -73.945893
14.2206 -54.5486 1.0176 -73.945744
14.2749 -54.5228 -0.5781 -73.945603
14.3293 -54.497 -2.1737 -73.94547
14.3836 -54.4712 -3.7694 -73.945344
14.4379 -54.4454 -5.365 -73.945225
13.7113 -55.8095 -5.5929 -73.945111
13.1825 -57.2536 -6.0072 -73.945001
12.9567 -58.7053 -6.561 -73.944894
12.6682 -60.0281 -7.37 -73.944791
12.3514 -61.5353 -7.7387 -73.944691
11.9771 -63.0578 -7.8716 -73.944596
11.7617 -64.6275 -7.7751 -73.944505
11.4655 -65.9109 -8.3481 -73.944417
11.6675 -66.9063 -9.5712 -73.944334
11.728 -68.3207 -9.6289 -73.944255
11.6975 -68.4625 -8.07 -73.94418
11.4235 -69.5735 -7.0162 -73.944109
11.1196 -70.8404 -6.109 -73.944044
11.0275 -71.8722 -4.9846 -73.943982
11.2426 -73.2528 -4.3725 -73.943925
10.7531 -74.6674 -3.9199 -73.943872
10.425 -76.2016 -3.7062 -73.943824
10.77 -77.7411 -3.6532 -73.943781
11.0786 -79.2552 -3.6604 -73.943742
11.425 -80.7723 -3.755 -73.943707
11.2996 -82.2807 -4.0128 -73.943678
11.9706 -83.6675 -4.3963 -73.943653
12.7118 -84.5829 -3.8154 -73.943632
13.1706 -85.4159 -2.5821 -73.943617
13.3664 -86.853 -1.9391 -73.943606
13.3682 -87.667 -0.8755 -73.943601
8.6263 -48.9248 19.7774 -73.948269
8.971 -49.5407 20.9869 -73.948131
9.2099 -51.0475 20.8184 -73.947996
10.0927 -52.2943 20.5532 -73.947864
10.6868 -53.724 20.4404 -73.947734
11.4461 -54.1517 19.6321 -73.947604
11.5442 -54.2966 18.1881 -73.947477
12.9332 -54.8812 18.406 -73.947354
13.2774 -55.294 19.8309 -73.94723
13.7729 -56.2787 20.5319 -73.947112
14.3885 -57.7019 20.5127 -73.946996
15.16 -59.0485 20.6431 -73.946883
15.6443 -60.0525 21.5504 -73.946772
16.2084 -60.988 22.5631 -73.946664
17.2577 -61.2039 23.519 -73.94656
18.4454 -61.8839 23.9975 -73.94646
19.1422 -63.2514 24.2481 -73.946362
19.671 -63.8624 25.3071 -73.946267
20.2623 -64.3588 26.3522 -73.946176
21.638 -65.0559 26.1487 -73.946089
22.7173 -66.1327 25.8633 -73.946001
23.7256 -67.2733 25.5197 -73.945918
24.6112 -68.47 25.1932 -73.945842
24.9681 -69.954 24.971 -73.94577
24.9964 -70.9802 24.2159 -73.945698
24.9684 -71.117 22.6615 -73.945628
24.9404 -71.2538 21.1072 -73.945564
24.9124 -71.3907 19.5528 -73.945507
24.8648 -71.4567 17.9963 -73.945454
24.9221 -71.7069 16.7213 -73.945407
25.4185 -72.6144 17.5247 -73.945362
25.5779 -72.8182 19.0637 -73.945322
25.6724 -73.1458 20.5059 -73.945287
25.5385 -73.7136 21.7923 -73.945256
25.5469 -73.9336 23.3373 -73.945229
25.5553 -74.1535 24.8823 -73.945209
26.4257 -75.2629 24.9859 -73.945193
26.2037 -76.801 24.991 -73.945182
26.3234 -78.3421 25.0702 -73.945177
-4.7208 -44.7161 -0.023 -73.955519
-5.1299 -46.1818 0.6944 -73.955316
-5.3697 -46.9913 2.259 -73.955112
-5.7718 -48.0995 3.5791 -73.95491
-6.3113 -49.4357 4.5711 -73.954708
-6.1052 -51.0319 5.3148 -73.954506
-5.9754 -52.7323 5.8136 -73.954304
-5.3005 -54.3124 6.0843 -73.954102
-5.5666 -55.9139 6.2159 -73.9539
-6.3626 -57.4622 6.4728 -73.953699
-7.4327 -58.7683 6.9386 -73.953497
-8.3123 -60.0607 7.6969 -73.953294
-9.2075 -61.5771 7.5449 -73.953093
-10.0182 -63.1512 7.7642 -73.952892
-10.4982 -64.8336 7.9938 -73.952691
-11.098 -66.494 8.2496 -73.952489
-11.5795 -68.0917 8.8213 -73.952288
-11.4778 -69.48 9.814 -73.952088
-11.3768 -70.9824 10.6772 -73.951888
-11.1615 -72.6665 10.9417 -73.951688
-11.9531 -74.0675 10.3517 -73.951489
-12.2253 -75.2856 9.1163 -73.95129
-12.386 -76.5528 7.8889 -73.951093
-12.4919 -77.8973 6.8778 -73.950896
-12.6418 -79.6702 6.7282 -73.9507
-12.8923 -81.2283 7.3625 -73.950505
-13.0636 -82.0267 8.8276 -73.95031
-12.8375 -83.2389 8.8894 -73.950117
-12.4716 -84.694 8.0205 -73.949926
-12.6797 -85.5671 7.0599 -73.949736
-12.5183 -84.1321 6.1622 -73.949546
-12.5292 -84.0813 7.3739 -73.949358
-11.895 -85.6688 7.8198 -73.949172
-11.5229 -87.2946 8.4116 -73.948988
-10.3324 -88.1124 9.2259 -73.948807
-10.675 -89.8262 9.467 -73.948627
-11.2148 -91.4903 9.7261 -73.948451
-11.4919 -93.2205 9.9224 -73.948278
-11.8689 -94.9605 9.9938 -73.948108
-12.2215 -96.7085 9.9892 -73.947942
-12.5548 -98.4528 9.9031 -73.947778
-13.101 -100.1246 9.6027 -73.947619
-13.6123 -101.6942 9.0552 -73.947463
-14.5178 -102.8115 8.0351 -73.947311
-14.732 -103.8321 6.6289 -73.947163
-14.736 -104.949 5.3416 -73.947019
-14.7897 -105.5564 3.6632 -73.946879
-14.9175 -106.1934 2.0059 -73.946744
-14.8119 -107.3154 0.66 -73.946616
-14.3904 -108.3157 -0.7477 -73.946491
-14.0768 -109.6227 -1.5126 -73.946373
-14.1581 -111.3783 -1.2027 -73.94626
-14.4574 -112.7137 -0.3129 -73.946152
-14.5581 -113.8268 1.0481 -73.946051
-14.5629 -114.7419 2.5821 -73.945954
-14.3372 -115.8187 3.9677 -73.945863
-14.0073 -116.8255 5.38 -73.945779
-13.5104 -118.0936 6.4955 -73.9457
-13.0668 -119.695 6.5246 -73.945628
-12.4966 -121.0534 5.5568 -73.945561
-12.0851 -122.6625 5.1356 -73.945501
-12.5004 -124.2153 4.474 -73.945447
-12.6759 -125.9354 4.076 -73.945399
-13.0189 -127.5669 3.9008 -73.945358
-13.6129 -129.2115 3.7998 -73.945323
-14.5095 -130.7248 3.617 -73.945295
-15.1909 -132.314 3.2206 -73.945273
-16.0458 -133.6469 2.4524 -73.945259
-17.0046 -135.0632 2.0492 -73.945251
-3.6471 -8.0538 -0.0157 -73.964531
-1.3228 -8.9468 -0.0471 -73.964389
0.9314 -9.9936 -0.0832 -73.964238
2.6625 -11.7633 -0.1495 -73.964052
3.884 -13.4015 -0.8686 -73.963759
4.2751 -14.1359 -3.2157 -73.963112
4.6663 -14.8703 -5.5627 -73.962476
5.0575 -15.6047 -7.9097 -73.961852
5.4487 -16.3392 -10.2567 -73.961239
5.5082 -15.6747 -11.481 -73.96078
5.7528 -14.1284 -10.9972 -73.960498
5.1317 -14.013 -9.0503 -73.960209
5.6382 -14.026 -8.2186 -73.959906
7.6439 -14.2766 -7.8039 -73.959599
9.6042 -14.0356 -7.3728 -73.959299
11.4824 -13.5321 -6.7322 -73.958994
12.4397 -13.1153 -5.3274 -73.958683
13.1732 -12.7275 -3.4442 -73.958365
14.0029 -12.5015 -1.5695 -73.958041
14.9232 -12.6143 0.2611 -73.957713
16.0509 -12.8503 1.9217 -73.95738
17.2291 -12.7352 3.6117 -73.957038
18.6969 -13.072 4.9744 -73.956698
20.4387 -12.843 5.9867 -73.956352
22.2399 -12.9948 6.2182 -73.956102
23.7688 -13.3762 5.9788 -73.955954
25.0057 -12.6222 5.3936 -73.955807
26.3571 -12.2571 4.8087 -73.955661
27.8738 -11.9691 4.5669 -73.955515
29.2461 -11.1445 4.4391 -73.95537
30.8012 -10.7714 4.3716 -73.955227
32.3851 -10.5715 4.2891 -73.955085
33.2233 -10.1298 4.9983 -73.954943
34.0663 -9.8024 5.9221 -73.954803
35.5597 -9.845 6.5062 -73.954665
36.9026 -9.7278 7.2501 -73.954528
38.2463 -9.5474 7.9246 -73.954393
39.7277 -9.1425 8.3952 -73.95426
41.1759 -8.7377 8.951 -73.95413
42.5633 -8.3419 9.5488 -73.954001
43.7337 -8.1277 8.583 -73.953874
45.1311 -8.0308 7.9631 -73.953751
46.5242 -8.3092 7.3517 -73.953631
47.4104 -8.3281 6.0274 -73.953512
48.547 -8.1523 4.9694 -73.953398
50.1277 -8.0481 4.8161 -73.953288
51.0302 -8.412 5.9293 -73.953179
52.4231 -8.5023 6.17 -73.953075
53.895 -8.5955 6.6905 -73.952975
54.9911 -8.7652 7.7616 -73.952879
56.4893 -8.9904 7.679 -73.952788
57.587 -10.1308 7.9043 -73.952701
59.0801 -10.6364 8.1455 -73.952619
60.6014 -11.0022 8.4608 -73.952543
61.9959 -11.5958 8.0265 -73.952471
62.9752 -11.9724 7.058 -73.952404
63.4644 -12.0743 5.5381 -73.952342
64.0395 -11.9612 4.047 -73.952286
64.4337 -11.9546 2.4888 -73.952236
64.823 -11.932 0.9297 -73.952192
65.2041 -11.8836 -0.6309 -73.952155
65.5558 -11.8356 -2.1985 -73.952124
65.8976 -11.7879 -3.7682 -73.952101
66.4194 -11.7876 -5.282 -73.952085
66.4944 -12.5596 -6.6605 -73.952077
21.8035 -12.9643 5.5087 -73.956077
22.2928 -12.8975 4.0421 -73.955882
22.782 -12.8307 2.5755 -73.955695
23.2713 -12.7639 1.1089 -73.955516
23.7606 -12.6971 -0.3578 -73.955344
24.2499 -12.6303 -1.8244 -73.955179
24.7391 -12.5635 -3.291 -73.955022
25.2284 -12.4967 -4.7576 -73.954872
25.7177 -12.4299 -6.2242 -73.954729
26.2069 -12.363 -7.6908 -73.954593
26.8935 -12.3131 -8.9994 -73.954464
27.9931 -12.1349 -10.0456 -73.954337
29.4155 -12.0244 -10.5719 -73.954212
30.9321 -12.139 -10.7879 -73.954089
32.4337 -12.4908 -10.7732 -73.953969
33.7283 -13.0404 -10.3346 -73.953851
34.9591 -13.7394 -9.781 -73.953737
36.3049 -14.3754 -9.3611 -73.953624
37.7863 -14.4064 -8.971 -73.953513
38.9765 -14.4204 -8.3072 -73.953405
39.509 -14.5028 -6.8771 -73.953301
40.803 -14.1184 -7.3333 -73.953202
42.1172 -13.7343 -7.9502 -73.953106
43.481 -14.2451 -8.4653 -73.953015
44.8322 -14.6862 -9.0455 -73.952927
46.2199 -15.1571 -9.5418 -73.952844
47.4998 -15.7968 -10.1041 -73.952766
48.4919 -16.341 -10.9949 -73.952692
49.2648 -16.5571 -12.2212 -73.952623
50.6437 -17.0063 -12.5265 -73.952559
52.1626 -17.2199 -12.7123 -73.9525
53.5098 -17.9199 -12.5815 -73.952448
54.8261 -18.5114 -12.0649 -73.952401
56.0144 -19.3898 -11.6485 -73.952359
57.1511 -20.3793 -11.2981 -73.952324
58.5784 -20.83 -11.009 -73.952296
59.5198 -21.3446 -11.6244 -73.952274
59.9152 -21.5013 -13.1121 -73.952259
60.3293 -21.6363 -14.5919 -73.952251
5.542 -17.4481 -11.9734 -73.960823
5.2752 -19.0549 -12.8511 -73.960632
4.5319 -20.5356 -13.6308 -73.960441
4.2842 -21.2679 -12.1504 -73.960246
4.5234 -21.5541 -11.2061 -73.960054
5.0916 -22.5097 -9.9139 -73.95986
5.6355 -23.6108 -8.5295 -73.959666
6.4022 -24.9693 -7.5369 -73.959471
6.6335 -26.3097 -6.3211 -73.959276
7.1852 -27.3717 -7.4784 -73.959078
7.7638 -28.2275 -9.037 -73.958881
9.1599 -28.8455 -10.0123 -73.958684
10.2945 -29.4271 -11.2255 -73.958487
12.0307 -29.9265 -10.7637 -73.958289
13.7255 -30.5864 -10.4924 -73.958091
15.1918 -31.515 -11.0288 -73.957893
16.7178 -31.6949 -12.0524 -73.957694
18.2188 -31.9125 -13.1144 -73.957495
19.9511 -32.1969 -13.7295 -73.957295
21.5074 -33.0418 -14.1745 -73.957089
22.8543 -34.2615 -14.6414 -73.956881
24.0059 -35.5947 -15.1729 -73.956681
24.5296 -37.1036 -15.7174 -73.956481
24.7232 -37.5624 -17.5262 -73.956278
25.1008 -38.2263 -19.2142 -73.956076
26.3789 -39.4506 -19.5884 -73.955878
28.1291 -39.8596 -20.0602 -73.95568
29.3513 -39.6098 -21.3429 -73.955482
30.6809 -38.9744 -22.3478 -73.955284
31.8544 -39.4408 -23.699 -73.955087
32.7072 -40.1312 -24.5207 -73.954892
34.1875 -40.0661 -24.2388 -73.954697
35.3747 -39.954 -25.6606 -73.954504
36.0556 -40.1808 -27.3735 -73.95431
37.1117 -40.5409 -28.8636 -73.954119
37.9499 -40.8975 -30.5002 -73.953931
38.8019 -40.6861 -32.1277 -73.953744
39.8174 -40.5169 -33.6425 -73.953561
40.8901 -40.7217 -35.068 -73.95338
42.5305 -41.61 -35.2384 -73.953203
44.3755 -41.8861 -35.4176 -73.953029
45.9871 -42.2694 -36.0731 -73.952858
47.4878 -43.2765 -36.1873 -73.952688
49.3319 -43.6209 -36.2065 -73.952519
51.1887 -43.712 -36.2324 -73.952359
53.0372 -43.4731 -36.3042 -73.952203
54.8899 -43.6769 -36.497 -73.952053
56.6959 -43.5991 -36.9065 -73.951907
58.2639 -44.1277 -37.6876 -73.951766
59.5341 -44.5902 -38.7803 -73.95163
60.5988 -45.0677 -39.8571 -73.951501
61.8729 -46.2433 -40.1922 -73.951377
63.3313 -46.5896 -41.0735 -73.951259
64.0217 -46.6763 -42.7931 -73.951146
64.5704 -46.7494 -44.583 -73.95104
64.8703 -46.6711 -46.4334 -73.950938
65.1687 -46.5915 -48.2839 -73.950845
65.5964 -46.5388 -50.1097 -73.950759
65.7108 -46.4215 -51.9702 -73.950674
65.6981 -46.2783 -53.8407 -73.950598
65.6854 -46.1351 -55.7113 -73.950532
65.6727 -45.9919 -57.5819 -73.950477
65.7296 -45.7497 -59.4403 -73.950429
65.8135 -45.4694 -61.2934 -73.95039
66.0243 -45.0935 -63.1166 -73.950361
66.1717 -44.6856 -64.9394 -73.950341
66.3305 -44.1781 -66.4646 -73.950331
5.6517 -16.7814 -12.2027 -73.960716
5.689 -16.9607 -13.7308 -73.960319
5.7263 -17.14 -15.259 -73.959932
5.7636 -17.3194 -16.7872 -73.959556
5.8009 -17.4987 -18.3154 -73.95919
5.8383 -17.678 -19.8436 -73.958834
5.8756 -17.8574 -21.3717 -73.958488
5.9129 -18.0367 -22.8999 -73.958152
5.9502 -18.216 -24.4281 -73.957827
5.9875 -18.3954 -25.9563 -73.957511
6.0248 -18.5747 -27.4845 -73.957206
6.0621 -18.754 -29.0126 -73.95691
6.0994 -18.9334 -30.5408 -73.956625
6.1367 -19.1127 -32.069 -73.956349
6.1741 -19.292 -33.5972 -73.956082
6.2114 -19.4714 -35.1254 -73.955826
6.2487 -19.6507 -36.6536 -73.955579
6.286 -19.83 -38.1817 -73.955342
6.3233 -20.0094 -39.7099 -73.955113
6.3606 -20.1887 -41.2381 -73.954894
6.3979 -20.368 -42.7663 -73.954685
6.4352 -20.5474 -44.2945 -73.954484
6.4725 -20.7267 -45.8226 -73.954292
6.5099 -20.906 -47.3508 -73.954109
6.5472 -21.0854 -48.879 -73.953934
6.5845 -21.2647 -50.4072 -73.953768
6.6218 -21.444 -51.9354 -73.95361
6.6591 -21.6234 -53.4635 -73.95346
6.6964 -21.8027 -54.9917 -73.953318
6.7337 -21.982 -56.5199 -73.953184
6.771 -22.1614 -58.0481 -73.953058
6.8083 -22.3407 -59.5763 -73.952939
6.8457 -22.52 -61.1045 -73.952828
6.883 -22.6994 -62.6326 -73.952724
6.9394 -22.8766 -64.1572 -73.952628
8.1498 -22.8799 -64.1006 -73.952536
8.9886 -23.516 -62.989 -73.952446
9.9314 -24.3205 -62.1091 -73.952361
10.5435 -25.411 -61.3105 -73.95228
11.1641 -26.7642 -60.9602 -73.952202
11.7371 -28.177 -61.0516 -73.952129
12.2468 -29.4991 -61.4619 -73.95206
12.6299 -30.7915 -61.1111 -73.951995
13.0367 -32.212 -60.6823 -73.951935
13.4206 -33.6473 -60.2909 -73.95188
13.672 -35.0666 -59.8345 -73.95183
13.7802 -36.5811 -60.0484 -73.951785
13.7177 -38.0731 -60.4184 -73.951746
13.5658 -39.5761 -60.7091 -73.951713
13.3014 -41.0704 -60.6511 -73.951685
13.3571 -42.0105 -59.4467 -73.951664
13.5377 -43.0476 -58.3404 -73.95165
13.6333 -44.0606 -57.3331 -73.951643
-2.4565 -0.91 0.0523 -73.966679
-2.8293 2.667 0.2464 -73.968748
-3.0866 6.216 0.7208 -73.970868
-2.2413 9.6979 1.5153 -73.973048
-0.7404 12.7593 0.9662 -73.975273
0.227 15.8879 -1.0884 -73.977626
0.5524 20.1154 -1.9386 -73.980119
0.4575 24.418 -2.5408 -73.982694
0.4389 27.3767 -5.5178 -73.98536
-0.013 29.9656 -8.7108 -73.988117
-0.1419 14.3216 0.264 -73.976471
0.8616 14.8245 1.2959 -73.977222
2.5303 15.409 3.4469 -73.978639
5.0961 15.9466 3.8822 -73.980129
7.8356 16.5695 3.9069 -73.981706
10.5566 17.2922 4.0994 -73.983355
13.2701 17.9524 4.5537 -73.985094
15.8121 18.8134 4.7988 -73.986926
17.2134 19.7132 4.344 -73.988242
17.5574 19.3689 4.0634 -73.98814
-0.9274 14.3109 0.2417 -73.976452
-2.5488 14.1754 0.0246 -73.976307
-4.1702 14.04 -0.1925 -73.976181
-5.6969 13.9854 -0.1496 -73.976071
-6.0083 14.0245 0.9686 -73.975975
-4.7591 13.8534 0.1003 -73.975892
-4.5248 13.8442 -1.5168 -73.975806
-4.3735 13.8457 -3.1513 -73.975739
-4.2222 13.8471 -4.7858 -73.975695
-4.0708 13.8486 -6.4202 -73.975673
-3.7648 13.9278 -8.018 -73.975675
-3.1571 14.1597 -9.5252 -73.975702
-2.5409 14.9686 -10.6984 -73.975756
-0.6612 32.5013 -8.9792 -73.989862
-1.3441 34.6869 -8.6538 -73.991141
-2.5162 37.7967 -7.959 -73.993061
-4.0883 40.798 -9.2426 -73.995009
-6.1771 43.4321 -10.5669 -73.996986
-7.4526 45.9637 -12.4793 -73.998994
-8.199 48.9959 -14.3148 -74.001054
-8.488 52.2581 -16.0262 -74.003166
-8.9751 55.6713 -17.3793 -74.005309
-8.9724 59.3456 -17.9864 -74.007481
-8.8355 62.9598 -18.9326 -74.009684
-8.1651 65.7964 -21.101 -74.011918
-8.071 69.4931 -21.2598 -74.014181
-8.0725 72.7987 -19.5494 -74.016247
-8.8931 75.9303 -20.6534 -74.017862
-9.8467 77.8663 -22.8286 -74.019248
-10.916 79.9845 -24.8489 -74.020644
-11.8107 82.572 -26.461 -74.022114
-13.9622 85.1541 -28.0376 -74.023655
-15.428 87.4195 -30.0798 -74.025208
-16.2874 89.1284 -32.8169 -74.026496
-17.1302 91.8068 -33.4334 -74.027516
-16.6579 94.7355 -33.3269 -74.028535
-16.2793 97.4317 -32.2507 -74.029551
-16.0966 100.3779 -31.8618 -74.030566
-15.6048 103.2146 -31.8672 -74.031651
-15.0646 104.6984 -30.0846 -74.032801
-14.4099 106.6313 -31.3901 -74.033932
-13.9013 109.3975 -31.7321 -74.035045
-13.1382 112.1018 -31.8855 -74.03614
-12.0288 114.6912 -32.2205 -74.037217
-9.9615 116.491 -32.7147 -74.038272
-8.3964 118.5551 -33.6954 -74.039305
-7.0441 120.3709 -35.2413 -74.040316
-16.3107 103.1222 -31.2609 -74.032248
-17.0106 105.6108 -30.0258 -74.034562
-17.7104 108.0993 -28.7907 -74.036834
-18.4103 110.5878 -27.5556 -74.039062
-19.1321 113.0846 -26.3544 -74.041246
-20.0839 115.6275 -25.7828 -74.043412
-21.6544 117.8269 -26.4818 -74.045578
-22.4041 120.0541 -28.0006 -74.047744
-23.8204 121.9956 -29.2918 -74.049906
-16.2837 88.4956 -30.6847 -74.027389
-16.9057 88.45 -28.8674 -74.030168
-17.5277 88.4044 -27.0501 -74.032912
-18.1496 88.3588 -25.2328 -74.035621
-18.7716 88.3131 -23.4155 -74.038295
-19.3936 88.2675 -21.5982 -74.040933
-20.0155 88.2219 -19.7808 -74.043535
-20.6375 88.1763 -17.9635 -74.0461
-21.2595 88.1307 -16.1462 -74.048628
-21.8814 88.0851 -14.3289 -74.051118
-22.5034 88.0394 -12.5116 -74.053569
-23.1253 87.9938 -10.6943 -74.055982
-23.7473 87.9482 -8.8769 -74.058356
-24.3693 87.9026 -7.0596 -74.060689
-24.9912 87.857 -5.2423 -74.062982
-25.6132 87.8114 -3.425 -74.065235
-26.2352 87.7657 -1.6077 -74.067445
-26.8571 87.7201 0.2096 -74.069614
-27.4791 87.6745 2.0269 -74.07174
-28.1011 87.6289 3.8443 -74.073823
-28.723 87.5833 5.6616 -74.075862
-10.6474 82.0467 -25.97 -74.021991
-9.8973 83.5702 -26.7997 -74.02327
-8.9166 84.4636 -28.1497 -74.02456
-7.9416 85.635 -29.2349 -74.025862
-6.7633 86.7616 -30.2244 -74.027173
-5.9934 87.8877 -31.5 -74.028494
-4.805 89.0805 -31.9871 -74.029824
-4.0074 90.0975 -33.2964 -74.031173
-3.642 91.5318 -34.1524 -74.032523
-3.5504 92.2381 -35.0395 -74.033883
-2.6112 93.3175 -34.37 -74.035255
-1.4138 94.7914 -34.5426 -74.036627
-0.1697 96.0984 -35.117 -74.038005
0.8889 97.112 -35.3375 -74.03939
1.8787 97.6218 -33.8386 -74.040781
3.297 98.6527 -34.2066 -74.042167
4.478 100.1526 -34.2331 -74.04355
5.7259 101.6013 -34.2783 -74.044935
6.9236 103.076 -34.3329 -74.046313
8.2378 104.4594 -34.2789 -74.047687
9.708 105.6324 -34.1824 -74.049051
11.0242 106.9149 -34.1788 -74.050409
12.03 108.5293 -34.2938 -74.051755
12.8387 110.237 -34.4028 -74.053089
13.6986 111.9172 -34.2947 -74.054407
14.9808 113.3035 -34.0183 -74.055707
16.3534 114.5382 -33.5266 -74.056986
-8.0122 74.6652 -19.0128 -74.017783
-7.3733 74.7434 -17.1393 -74.018985
-6.2129 74.8717 -15.5661 -74.020185
-4.6588 75.1485 -14.4836 -74.021393
-2.9313 75.2005 -13.5318 -74.022613
-1.1908 75.5548 -14.025 -74.023843
0.2492 75.4182 -15.2751 -74.025087
1.6994 75.2949 -16.4498 -74.026337
3.456 75.8724 -16.5978 -74.027598
4.909 77.061 -16.0201 -74.028867
6.3489 78.0205 -15.2054 -74.030143
7.6777 78.1558 -16.557 -74.031435
9.1932 78.8939 -17.1669 -74.032728
10.3243 80.3116 -17.9293 -74.034026
11.8031 81.2429 -18.8099 -74.035327
13.3202 82.0201 -19.7154 -74.036631
14.672 82.8734 -20.8357 -74.037936
15.8195 84.0369 -21.4716 -74.039238
17.3968 85.0052 -21.5241 -74.04054
19.1523 85.9091 -21.6233 -74.041838
20.835 86.8367 -21.5731 -74.043131
22.3782 87.6805 -22.4819 -74.044422
23.6336 88.6822 -23.6145 -74.045701
25.3121 89.236 -24.4178 -74.04697
26.9271 90.1776 -25.069 -74.048253
28.5711 91.1435 -25.6063 -74.049535
30.1849 92.1759 -26.0934 -74.050765
31.906 93.0582 -26.3886 -74.05197
33.349 94.3802 -26.2354 -74.053152
34.682 95.7638 -25.7885 -74.054308
36.0698 96.9946 -25.1164 -74.055437
-9.1332 71.1226 -19.9391 -74.016809
-11.2049 71.3971 -19.3463 -74.019764
-12.2503 72.1505 -17.4371 -74.022781
-13.2771 72.9723 -16.3017 -74.025856
-15.0629 74.4381 -16.0237 -74.028985
-17.1889 75.3374 -15.9102 -74.032181
-18.7708 76.7954 -16.5998 -74.035442
-20.2396 77.7578 -18.0502 -74.038777
-21.4318 79.2493 -19.3169 -74.042172
-22.4493 80.8848 -20.0685 -74.044744
-23.644 82.5321 -19.9209 -74.046445
-25.2693 83.8199 -19.7197 -74.048163
-26.4282 85.5474 -19.5741 -74.0499
-27.4271 87.2915 -19.7394 -74.051659
-28.2555 88.0894 -18.5764 -74.053453
-28.4362 88.7812 -16.6121 -74.055273
-28.7184 89.4709 -14.6555 -74.057094
-28.5952 90.5234 -12.9306 -74.058924
-28.0087 92.2281 -11.8717 -74.060769
-28.1824 93.3344 -10.523 -74.062635
-28.881 94.9101 -9.3484 -74.064515
-29.1637 96.6406 -8.2343 -74.066407
-29.7507 98.589 -7.8416 -74.068313
-31.2546 100.014 -7.7767 -74.070232
-32.9856 101.1833 -7.8435 -74.072158
-34.438 102.6859 -7.93 -74.074099
-35.8645 104.1959 -8.077 -74.076049
-37.7492 105.0636 -8.2888 -74.078004
-39.7252 105.5106 -8.4883 -74.079972
-41.4274 106.5542 -8.4275 -74.081951
-22.5697 79.9845 -21.0657 -74.044871
-23.5049 79.5868 -23.0086 -74.046633
-24.7357 79.2357 -23.1851 -74.04823
-26.0186 79.7983 -22.2548 -74.049839
-27.6912 80.6895 -21.9109 -74.051462
-29.3246 81.7314 -21.4655 -74.053098
-31.1306 82.4861 -21.4143 -74.054746
-32.9071 83.2024 -21.5235 -74.056414
-34.8537 83.2248 -21.3716 -74.058093
-36.6622 83.819 -20.8419 -74.059788
-38.0322 83.5029 -19.5874 -74.0615
-39.4902 83.5562 -18.2934 -74.063222
-40.9141 84.0358 -17.0459 -74.064956
-42.4783 85.0996 -16.5078 -74.066696
-44.0118 86.2891 -16.2793 -74.068446
-45.0805 86.8165 -17.3328 -74.07024
-45.3985 87.0849 -19.2874 -74.072031
-46.0085 87.5938 -21.1008 -74.073833
-46.5256 87.8633 -23.0125 -74.075642
-47.0124 88.1443 -24.9307 -74.077458
-48.0466 88.8001 -25.8124 -74.079255
-49.3531 89.8139 -24.8517 -74.081055
-23.4169 79.5945 -22.041 -74.045835
-7.4755 47.1812 -14.128 -74.00016
-6.6397 46.9581 -15.442 -74.00045
-6.0885 47.0624 -16.854 -74.00073
-5.6785 47.4504 -18.3124 -74.001006
-5.0375 48.1975 -19.4234 -74.001275
-4.9376 48.8586 -20.8471 -74.001539
-4.8994 49.5688 -22.2208 -74.001796
-4.8067 50.8524 -23.1201 -74.002042
-4.348 52.1399 -23.896 -74.00229
-3.8636 53.4258 -24.6617 -74.002517
-3.2759 54.7308 -25.2965 -74.002725
-2.6137 56.0992 -25.6637 -74.002915
-1.9972 57.5231 -25.7699 -74.003089
-0.7472 58.4335 -25.8246 -74.003245
0.1834 59.5702 -25.9895 -74.00338
1.0556 60.8294 -26.3063 -74.003491
1.4265 62.1744 -26.9168 -74.003578
1.2466 63.3678 -27.9187 -74.003638
0.8615 64.5278 -28.8693 -74.00367
-1.2039 34.2315 -8.7378 -73.991358
-2.1645 36.692 -8.3921 -73.993705
-3.11 39.1845 -8.3928 -73.996105
-3.9026 40.3411 -6.7187 -73.998564
-4.4638 40.8393 -4.1593 -74.001091
-5.2514 41.2336 -1.6507 -74.003674
-6.4986 41.3875 0.6577 -74.006311
-6.9016 41.3668 3.1344 -74.009026
-8.3244 41.1475 5.0228 -74.011778
-9.0777 42.2825 6.6587 -74.014285
-10.4818 44.1286 6.7312 -74.016526
-12.0542 45.877 6.472 -74.01881
-13.7926 47.4551 6.7415 -74.021139
-14.3287 48.7274 8.6097 -74.023523
-14.2892 50.0448 10.5825 -74.025947
-14.3831 52.2013 11.5125 -74.028413
-15.4653 54.1641 11.5993 -74.030924
-15.9872 56.1264 10.7348 -74.033484
-15.9935 58.493 10.4465 -74.03609
-16.6674 59.2873 8.5547 -74.038762
-17.4698 59.7595 6.3608 -74.041478
-17.8092 61.9411 6.2291 -74.044232
-19.8136 62.8997 6.5069 -74.047046
-21.3274 63.1601 7.9551 -74.049924
-22.8218 64.0013 9.1439 -74.05237
-24.7396 64.6596 9.7419 -74.054361
-25.9313 65.6939 8.2209 -74.056381
-27.3521 67.091 7.1443 -74.058431
-27.8515 68.7801 5.7356 -74.060511
-28.9706 70.1238 4.2552 -74.062614
-29.8302 71.1977 2.3661 -74.064749
-30.5772 72.9481 2.3143 -74.066914
-31.2511 73.9836 4.3225 -74.069105
-31.8836 74.7971 6.3519 -74.071327
-33.4979 76.3178 6.0157 -74.073564
-35.3494 77.7054 5.6794 -74.075825
-36.2359 77.7987 3.4859 -74.078126
-36.823 78.2142 1.2302 -74.080454
-37.2962 78.8752 -1.0041 -74.082805
-38.0777 79.5243 -3.1351 -74.085165
-38.5828 79.8578 -5.4262 -74.087565
-40.1286 80.7679 -6.86 -74.089969
-41.8887 81.3717 -5.9333 -74.092398
-43.201 81.2826 -4.0378 -74.094857
-44.3102 81.7185 -2.0187 -74.097329
-23.2557 64.0561 8.131 -74.052041
-24.9649 64.9635 8.1844 -74.053374
-26.0616 65.9005 8.9001 -74.054748
-26.305 66.1448 10.8713 -74.056145
-26.4364 66.2766 12.8582 -74.057531
-26.7662 66.3845 14.8041 -74.058926
-28.2543 66.3369 15.7942 -74.060328
-29.7596 66.2207 16.7645 -74.061748
-29.8152 66.2528 18.7633 -74.06318
-30.2709 66.9957 19.6957 -74.064621
-31.7156 67.9135 20.4594 -74.066081
-32.1409 69.5247 21.5115 -74.067549
-33.0427 71.1208 22.2483 -74.069021
-33.7682 72.7602 23.0868 -74.0705
-34.714 74.4169 23.6586 -74.071982
-35.5114 76.0162 24.4887 -74.073469
-35.8784 77.7991 25.2812 -74.074962
-36.6919 79.4931 25.9091 -74.076457
-37.5921 81.2366 26.1638 -74.077948
-37.9648 82.9348 26.6532 -74.079447
-38.1232 84.1537 28.0096 -74.080937
-37.4894 85.6297 29.04 -74.082422
-37.0034 87.4849 29.1485 -74.0839
-36.7841 89.4485 29.2879 -74.085418
-36.3959 91.4052 29.448 -74.086922
-9.6387 41.5186 6.3846 -74.013525
-11.2133 41.8239 6.3128 -74.014215
-12.0979 42.4791 4.8865 -74.014922
-13.2557 43.35 3.9751 -74.015634
-14.2423 43.577 2.4577 -74.016357
-15.3556 43.71 1.0276 -74.017086
-15.9894 44.5732 -0.4476 -74.017825
-16.6871 45.12 -2.0478 -74.01857
-17.7188 45.8368 -3.2857 -74.019324
-18.5783 46.8498 -4.5254 -74.020084
-19.9074 47.2662 -5.6939 -74.020849
-21.5852 47.5437 -6.3542 -74.021616
-22.9761 48.6597 -6.3259 -74.022385
-24.3563 49.8697 -6.2079 -74.023158
-25.8552 50.8966 -6.0169 -74.02393
-27.0962 51.9486 -5.4199 -74.024705
-27.9482 52.3876 -3.9646 -74.025482
-29.654 52.5789 -3.9322 -74.026254
-30.6445 52.9077 -5.3714 -74.027024
-32.0441 53.5066 -6.2656 -74.027788
-33.4656 54.634 -6.5349 -74.028544
-34.9544 55.5474 -7.0531 -74.029291
-36.2819 56.6634 -7.6004 -74.030028
-37.6486 57.8611 -7.7756 -74.030753
-38.5034 59.4777 -7.6459 -74.031464
-39.3718 61.0534 -7.2838 -74.032155
-40.2991 62.551 -6.7638 -74.032827
-41.2384 64.045 -6.261 -74.033477
-41.8614 65.6914 -5.7694 -74.034102
-42.4591 67.2851 -5.1652 -74.0347
-43.3383 68.5969 -4.4191 -74.035267
-44.4522 70.0317 -4.1392 -74.035798
-45.5063 71.5345 -4.0501 -74.036293
-46.5569 73.035 -4.1531 -74.036747
-47.8716 74.2263 -4.5515 -74.037158
-48.8625 75.1738 -5.5759 -74.037521
-49.2408 75.7623 -7.2733 -74.037835
-49.4584 77.0985 -8.4631 -74.038092
-49.9501 78.752 -8.946 -74.038292
-51.026 79.8745 -9.2484 -74.038428
-51.28 79.9424 -10.8927 -74.0385
17.7044 20.951 4.9703 -73.988969
18.2015 22.2043 5.6044 -73.989702
18.6985 23.4577 6.2386 -73.990429
19.0912 25.152 6.8819 -73.991346
19.429 27.2733 6.757 -73.992471
20.0937 28.9393 5.4586 -73.993616
20.5192 30.5261 4.0181 -73.994784
21.7848 31.8769 2.8501 -73.995976
22.0977 33.1829 1.0434 -73.997192
23.2662 34.71 0.0406 -73.998427
23.7528 35.2305 -1.9989 -73.99969
24.4415 36.3316 -0.4475 -74.000978
25.2156 37.3871 1.3732 -74.002288
25.5431 38.1412 3.4507 -74.003625
26.3109 39.4951 5.0553 -74.004978
27.3125 40.7429 3.9319 -74.006355
27.6125 41.5008 5.9749 -74.007764
27.8649 42.4672 7.8245 -74.009193
28.5761 44.0126 9.106 -74.010641
29.3017 45.8785 9.8466 -74.012108
29.8444 47.4239 10.9837 -74.013608
29.8427 48.4745 12.9418 -74.015125
30.4043 50.5089 13.6559 -74.016661
32.2661 51.6774 14.0416 -74.01822
33.7432 53.3643 13.9508 -74.019799
35.3704 54.8773 13.6311 -74.021402
36.404 56.7929 13.1328 -74.023026
37.9566 57.9008 12.228 -74.024666
39.1636 59.6692 11.6914 -74.026329
40.7811 61.2139 11.412 -74.028013
42.5407 62.5144 11.7504 -74.029712
43.9242 63.8221 12.81 -74.031433
45.3908 65.165 13.6376 -74.033171
45.9271 67.2097 14.1714 -74.03492
46.6355 69.1359 14.3788 -74.036684
48.3635 70.1089 14.8857 -74.038465
49.6569 71.9103 15.1633 -74.040294
50.9513 73.7475 15.4455 -74.042135
52.8054 74.9337 15.6383 -74.043953
54.7263 75.5702 15.6827 -74.045779
56.0864 76.9982 15.657 -74.047614
57.1449 78.0802 14.4904 -74.049465
58.894 79.349 14.0314 -74.051316
60.9129 80.2627 14.3307 -74.053171
62.6887 81.5896 14.007 -74.055031
64.1912 82.1373 14.8133 -74.056903
65.3934 82.3955 16.5144 -74.058771
66.9021 83.2776 17.6975 -74.060631
67.4164 84.9808 18.6495 -74.062484
68.0681 86.9646 19.2519 -74.064323
18.9087 24.0362 7.1126 -73.990795
19.1476 18.9083 3.9431 -73.988742
20.9905 18.3979 3.8423 -73.989436
22.9152 18.2333 3.6481 -73.990144
24.7758 17.8958 3.3306 -73.990864
26.5871 18.0132 3.1308 -73.991598
28.3023 18.6484 3.6845 -73.992346
29.9424 18.8206 4.6508 -73.993108
31.2866 18.6601 5.9911 -73.993885
32.7096 18.1098 7.1234 -73.994676
34.1103 16.8391 7.543 -73.99548
35.4164 15.4177 7.7072 -73.996298
36.5618 14.0174 7.4707 -73.997129
38.0589 13.6462 6.35 -73.997974
39.8047 13.3092 5.8907 -73.998831
41.5119 12.7068 5.2455 -73.999702
42.8693 12.0614 4.0202 -74.000587
44.4573 11.3345 3.2295 -74.001485
45.9294 10.8303 2.4767 -74.002396
47.1014 10.1377 3.6205 -74.003318
48.3849 9.3089 4.6779 -74.004249
49.394 9.6773 6.2389 -74.005197
50.6478 10.0528 7.6185 -74.006154
51.9327 9.8336 9.0023 -74.007119
53.4883 10.1208 10.104 -74.008091
55.2334 9.8227 9.9071 -74.00907
57.0597 9.924 9.3135 -74.010115
58.8743 9.6526 8.6558 -74.011191
60.689 9.3812 7.9981 -74.012237
62.4959 9.1815 7.3186 -74.013254
64.0964 9.6659 6.3822 -74.014263
65.6128 10.0298 5.5676 -74.015275
66.3879 8.7348 6.61 -74.016292
67.0408 7.9267 8.2378 -74.017305
67.6184 7.3624 10.0083 -74.018322
68.2214 6.7991 11.7671 -74.019338
68.8557 6.3245 13.5452 -74.020343
69.5936 6.0215 15.3177 -74.021347
70.6128 5.6939 16.9232 -74.022337
71.846 5.1297 18.3139 -74.023309
73.446 5.6128 19.1551 -74.024272
75.1394 5.1362 19.9892 -74.025233
76.7792 5.1163 20.887 -74.02616
78.3203 5.541 21.9782 -74.027068
79.5543 6.0354 23.1887 -74.027951
80.477 6.477 24.7608 -74.028803
82.1371 6.4027 25.3832 -74.029626
83.992 6.8997 25.7174 -74.030415
85.8702 6.8251 26.0726 -74.031168
87.7509 6.7088 26.4848 -74.03188
89.6348 6.7028 26.6547 -74.032547
91.0074 6.4378 25.4152 -74.033164
92.1971 6.0461 24.0228 -74.03373
93.1627 5.5053 22.7795 -74.034253
93.4181 5.3578 20.8527 -74.034712
93.6827 5.205 18.9277 -74.035102
93.9559 5.0473 17.0042 -74.03542
94.7999 4.5071 17.8661 -74.035659
-1.9865 16.2264 -10.9822 -73.97583
-1.6114 17.3396 -11.0385 -73.975881
-1.1973 18.2526 -10.4886 -73.97592
-0.4899 18.8695 -10.968 -73.975947
0.4947 18.656 -11.4238 -73.975961
-5.9486 122.6202 -36.4545 -74.041304
-4.8563 124.4889 -38.1946 -74.042266
-3.4433 126.1431 -39.8024 -74.0432
-2.2407 128.597 -40.3971 -74.044104
-1.5188 131.295 -40.1613 -74.044977
-1.6696 134.0734 -40.2753 -74.045819
-2.517 136.7345 -40.7076 -74.046626
-3.2762 139.4376 -41.1589 -74.047398
-4.1563 142.1305 -41.3938 -74.048132
-4.9956 144.8475 -41.5126 -74.048827
-4.2109 147.46 -41.641 -74.04948
-3.9407 150.1251 -41.6099 -74.050091
-3.8535 152.9656 -41.6389 -74.050655
-3.8797 155.8081 -41.7765 -74.051173
-3.362 158.4701 -41.8809 -74.051642
-3.9026 161.1882 -41.8597 -74.05206
-4.6546 163.8938 -41.7416 -74.052423
-4.458 166.7321 -41.7051 -74.052731
-4.7248 169.4267 -41.9823 -74.05298
-5.9516 171.9513 -42.4086 -74.053169
-6.8697 174.6164 -42.5236 -74.053294
-7.1469 177.3942 -42.5991 -74.053354
-8.5483 179.5426 -43.6297 -74.053345
-9.0965 181.9163 -44.9846 -74.053264
-9.3572 184.5276 -45.8738 -74.05311
-10.3037 185.8819 -45.5629 -74.052822
-12.6165 185.7411 -44.527 -74.052416
-14.6492 185.7303 -43.1953 -74.051947
-16.2496 187.2653 -42.1906 -74.05141
-17.9145 189.1431 -41.8854 -74.0508
-19.4479 191.0685 -41.5909 -74.050115
-21.0169 192.9475 -41.0017 -74.049351
-22.4125 194.4386 -40.3024 -74.048505
-23.7068 195.9472 -39.0039 -74.047574
-25.0392 197.7028 -39.8911 -74.046555
-25.8175 200.0563 -40.2799 -74.045447
-26.6369 201.4551 -41.5533 -74.044242
-27.5289 202.2594 -40.2727 -74.04294
-29.472 203.3638 -40.3713 -74.041541
-31.4096 204.4733 -39.3932 -74.040037
-31.9894 205.4816 -37.1556 -74.038419
-32.896 206.6385 -35.2063 -74.036695
-33.7738 206.9925 -32.8727 -74.034852
-35.326 208.2821 -31.3862 -74.032897
-36.5537 210.18 -30.3332 -74.03082
-37.6503 212.1937 -29.5135 -74.028617
-38.7499 214.0475 -28.2022 -74.026281
-38.8366 216.2339 -27.1303 -74.023809
-39.8429 217.9451 -25.6872 -74.021195
-40.3547 220.3663 -25.6679 -74.018437
-9.0607 186.6005 -47.0068 -74.053077
-8.6412 188.5188 -48.1723 -74.053184
-7.9227 189.8909 -49.7878 -74.053231
-7.3389 191.2666 -51.5099 -74.053217
-6.8689 192.8579 -53.067 -74.05314
-6.5717 194.5306 -54.6272 -74.052996
-6.699 195.7688 -56.5782 -74.052783
-6.6007 197.3796 -57.9455 -74.052498
-5.361 198.4457 -59.4593 -74.05214
-4.0706 199.0919 -61.2062 -74.051704
-2.56 200.3359 -61.9713 -74.051189
-1.1767 202.1203 -62.473 -74.050592
0.1257 203.765 -63.1817 -74.04991
0.5779 205.9809 -62.9411 -74.049138
1.7705 207.8999 -62.7909 -74.048274
1.7806 210.0234 -63.3852 -74.047313
1.251 212.0868 -62.5412 -74.046253
0.3882 214.2228 -62.3899 -74.045092
-0.4598 216.2968 -62.9067 -74.043824
-1.2479 218.4121 -63.4146 -74.042446
-2.0973 220.5416 -63.7457 -74.040953
-3.4118 222.4275 -63.923 -74.039343
-5.2388 223.8332 -64.0726 -74.037611
-7.0057 225.2983 -64.337 -74.035753
-8.1122 227.0393 -64.9339 -74.033759
-8.3675 229.0243 -65.402 -74.032066
-8.7031 230.7886 -65.6689 -74.030725
-9.2813 232.5101 -65.8231 -74.029298
-9.2237 228.2929 -64.8468 -74.032328
-10.9382 228.5001 -64.259 -74.0315
-12.6565 228.7042 -63.682 -74.030586
-25.5183 124.0162 -29.3962 -74.051905
-26.4756 125.8583 -28.1987 -74.053743
-27.6755 127.8327 -27.6028 -74.055576
-27.9279 128.8492 -29.077 -74.057405
-28.5728 129.8586 -27.39 -74.059235
-29.4951 131.5172 -26.0388 -74.061045
-30.3172 133.5583 -25.0126 -74.062846
-30.9903 134.755 -23.0132 -74.064636
-31.8576 136.0757 -21.167 -74.066412
-32.9249 137.8539 -19.8699 -74.068174
-34.7749 138.8966 -19.3111 -74.069921
-36.3176 139.9122 -18.0849 -74.071649
-37.4604 141.3871 -16.8864 -74.073358
-38.6623 143.1941 -16.0632 -74.07505
-40.1691 144.5551 -14.9429 -74.076723
-41.2877 146.3296 -14.9203 -74.078374
-42.5778 148.1549 -14.027 -74.08
-43.9866 149.9737 -13.1872 -74.081597
-45.0144 151.7833 -12.0503 -74.083167
-45.5532 153.8159 -10.8393 -74.084709
-46.3861 156.0367 -10.2537 -74.086219
-46.9837 158.3901 -9.9517 -74.087693
-47.8117 160.6751 -9.7756 -74.089134
-49.0447 162.6915 -9.706 -74.090535
-50.015 164.9082 -9.8518 -74.091897
-51.5234 166.8379 -9.9384 -74.093218
-52.9161 168.8061 -9.9279 -74.094493
-54.0733 170.9215 -9.7859 -74.095723
-55.7453 172.652 -9.5467 -74.096903
-57.6094 174.1497 -9.6472 -74.098033
-59.246 175.273 -8.9172 -74.099108
-60.6519 176.3429 -7.7572 -74.100127
-61.8971 178.3631 -7.4187 -74.101087
-62.7492 180.6081 -7.5045 -74.101984
-63.9736 182.7158 -7.7021 -74.102816
-65.2308 184.8141 -7.6187 -74.103578
-66.7492 186.7003 -7.6491 -74.104268
-68.417 188.4651 -7.7574 -74.104883
-69.4591 190.6092 -7.7695 -74.10542
-69.6776 192.1396 -9.5531 -74.105875
-70.6232 193.0213 -8.854 -74.106249
-70.9662 193.1386 -6.4297 -74.106532
-71.4596 193.5338 -4.0639 -74.10672
-72.1758 195.2071 -3.9513 -74.106808
-73.6159 196.7389 -5.1111 -74.106793
-74.8609 198.522 -6.148 -74.106671
-75.7426 199.5734 -7.6936 -74.106437
-75.3694 199.5725 -10.1146 -74.106081
-74.4019 199.6256 -11.6143 -74.105609
-73.8016 200.0979 -9.3728 -74.105008
-74.5843 201.3776 -7.8285 -74.104276
-75.66 202.8847 -6.3385 -74.103405
-76.7569 204.7933 -5.2692 -74.102392
-77.7876 206.5222 -4.0466 -74.101228
-78.7815 208.5213 -3.0989 -74.099908
-29.3228 87.5393 7.4141 -74.077785
-29.9005 87.4969 9.1019 -74.079599
-30.4781 87.4545 10.7898 -74.081373
-31.0558 87.4122 12.4776 -74.083107
-32.2782 87.1841 13.3671 -74.084811
-33.8866 86.6278 13.8875 -74.086518
-35.2533 87.1539 14.4242 -74.088226
-35.8481 87.8038 15.3321 -74.089932
-36.8463 86.9864 16.4788 -74.091637
-38.3951 86.3544 16.7879 -74.093338
-40.0436 86.842 16.4412 -74.095032
-41.676 86.6973 15.7688 -74.096722
-43.0795 86.67 14.6822 -74.098404
-44.7397 86.6061 14.8133 -74.100077
-46.2784 86.3685 14.6265 -74.10174
-47.931 85.969 14.7511 -74.10339
-49.3382 85.0184 15.2541 -74.105027
-51.0157 84.5548 15.4912 -74.106651
-52.76 84.3802 15.7377 -74.108254
-54.4766 84.1118 16.1326 -74.109838
-56.1575 83.722 16.5614 -74.111404
-57.6854 83.1665 17.2616 -74.112949
-59.449 83.0129 17.2864 -74.114467
-61.2047 83.1213 17.0316 -74.115956
-62.4985 83.4162 16.057 -74.117418
-64.2493 83.561 15.9695 -74.11885
-65.9938 83.4285 15.6473 -74.120249
-67.7202 83.5173 15.2308 -74.121612
-69.055 83.036 14.2322 -74.122938
-69.8653 82.2066 12.9383 -74.124224
-71.0115 81.258 11.9738 -74.125464
-72.4278 80.4398 11.5445 -74.12666
-73.698 79.222 11.6667 -74.127805
-74.8344 77.8746 11.8888 -74.128894
-76.1909 76.8138 12.1994 -74.129933
-77.7152 76.0674 12.6693 -74.130914
-79.2241 75.3783 13.2714 -74.131832
-80.5771 74.3384 13.7242 -74.132685
-81.948 73.2954 14.1285 -74.13347
-83.3128 72.1963 14.4348 -74.134182
-84.2563 70.7511 14.49 -74.134819
-85.9688 70.3467 14.3507 -74.135378
-87.6869 70.083 14.43 -74.135853
-89.1236 69.3762 14.9056 -74.136241
-90.0942 69.1674 16.3612 -74.13654
-91.4773 68.4273 17.0893 -74.136743
-93.1744 68.4543 17.5737 -74.136846
17.4714 115.5383 -32.7054 -74.058136
18.7181 116.515 -32.6736 -74.059165
19.4474 117.9165 -32.6863 -74.060173
20.2746 119.2604 -32.6312 -74.061161
21.0837 120.5882 -32.4636 -74.062127
21.7758 121.9988 -32.2416 -74.063069
22.3094 123.4582 -32.1155 -74.063986
23.1409 124.8071 -32.0128 -74.064874
23.9385 126.1782 -31.9172 -74.065736
25.0849 127.2066 -31.902 -74.066563
25.7601 127.3047 -33.2559 -74.067365
26.628 127.211 -34.5602 -74.068134
27.4583 127.1967 -35.7592 -74.06886
28.395 127.5305 -34.6253 -74.069546
29.5644 128.205 -33.8463 -74.070186
30.5696 128.6374 -32.8152 -74.070785
32.0051 129.043 -32.2921 -74.071335
33.4128 129.4399 -31.6761 -74.071834
34.7649 130.0848 -31.1622 -74.07228
36.07 130.7044 -30.5266 -74.07267
37.2954 130.2845 -29.7509 -74.073002
38.6668 129.8544 -29.4393 -74.073274
40.0959 129.824 -28.9371 -74.073482
41.6596 129.7812 -29.1527 -74.073623
43.163 129.7557 -29.5887 -74.073696
37.3605 97.6671 -24.1386 -74.056427
38.5247 98.3419 -23.3011 -74.057287
39.4075 98.7958 -22.0704 -74.058126
39.7833 99.3954 -20.6642 -74.05894
39.86 99.407 -19.0804 -74.059738
40.1939 99.8932 -18.7303 -74.060496
40.4963 100.318 -20.2174 -74.06123
41.4643 101.4944 -20.1061 -74.061925
42.3976 102.7119 -19.7798 -74.062584
43.1049 104.0833 -19.5568 -74.063207
44.0865 105.3182 -19.6544 -74.063789
44.7899 106.7249 -19.7113 -74.06433
45.9094 107.8469 -19.694 -74.064826
47.0015 108.9935 -19.6267 -74.065277
47.4874 110.1272 -19.5101 -74.06569
47.4694 110.2183 -21.0953 -74.066091
47.4514 110.3094 -22.6805 -74.066426
47.4334 110.4005 -24.2657 -74.066696
47.4153 110.4915 -25.8509 -74.0669
47.3973 110.5826 -27.4361 -74.067036
47.3793 110.6737 -29.0213 -74.067105
-43.1464 107.2097 -8.6051 -74.083784
-44.2349 108.3552 -9.2701 -74.085472
-45.5183 109.1815 -10.1573 -74.087163
-46.5455 110.332 -10.9218 -74.088857
-47.6198 111.4497 -11.7523 -74.090552
-48.7733 112.6103 -11.9929 -74.092249
-49.0763 114.3515 -11.8794 -74.093949
-49.3422 116.0762 -11.586 -74.095644
-49.7822 117.0822 -10.2937 -74.097342
-50.4256 118.2912 -9.1739 -74.099037
-50.9978 119.2379 -7.7863 -74.100729
-51.2625 120.0244 -6.2601 -74.102422
-51.6654 121.1492 -4.9912 -74.104102
-51.9476 122.7357 -4.2703 -74.105776
-52.5998 124.2212 -3.6393 -74.107439
-53.274 125.7541 -3.0637 -74.109089
-53.9887 127.1954 -2.3704 -74.110726
-53.963 128.1021 -0.9245 -74.112366
-54.6255 128.6873 -0.6995 -74.113996
-55.0557 128.8462 -2.4173 -74.115615
-55.7093 129.6088 -3.8029 -74.1172
-56.3904 130.5701 -3.4395 -74.118765
-57.2397 131.7558 -2.5815 -74.120312
-57.7383 132.4193 -1.0375 -74.121849
-58.1997 132.8604 0.5026 -74.123356
-59.135 134.2149 0.2827 -74.124831
-59.5411 135.9385 0.3726 -74.126274
-60.3211 137.5272 0.4547 -74.127685
-61.5615 138.7924 0.4272 -74.129061
-62.8427 140.0202 0.4049 -74.130403
-63.9756 141.337 0.4784 -74.131707
-65.5415 142.0698 0.6041 -74.13297
-66.8201 143.3029 0.6105 -74.13419
-67.9523 144.6731 0.6097 -74.135396
-69.0106 146.0943 0.6091 -74.136529
-69.7753 147.6531 0.6561 -74.137602
-69.9859 148.4831 2.1055 -74.138629
-70.4429 149.3779 3.3991 -74.139594
-71.6135 150.4383 2.691 -74.140496
-72.4835 151.5429 1.7355 -74.141333
-72.9227 152.8592 2.7049 -74.142105
-72.5877 154.4469 3.3601 -74.142804
-73.0119 156.1489 3.5593 -74.14343
-73.1545 157.8864 3.5882 -74.143977
-74.1953 159.319 3.6169 -74.144441
-74.932 160.9303 3.7174 -74.144821
-75.2192 162.6661 3.8423 -74.145111
-75.4158 163.3004 5.1393 -74.145312
-75.4017 163.5667 6.8972 -74.145415
-50.1374 90.531 -23.3634 -74.082754
-51.2673 90.8857 -22.5511 -74.084336
-52.7159 91.6607 -23.1098 -74.085915
-54.0702 92.6015 -23.357 -74.087494
-55.4386 93.0469 -22.4458 -74.08907
-56.998 93.6059 -21.9041 -74.090644
-58.5673 94.2413 -21.5078 -74.092213
-59.4515 94.8578 -20.2839 -74.093789
-60.3751 95.9904 -19.3491 -74.095345
-61.639 96.317 -18.2753 -74.096896
-62.5765 96.8459 -17.7339 -74.098438
-63.9654 97.6322 -17.7098 -74.099972
-65.6166 98.1559 -17.9424 -74.101495
-67.3141 98.5251 -18.0363 -74.103005
-68.9906 98.999 -17.9141 -74.104497
-70.4527 99.8368 -17.5623 -74.105975
-71.8636 100.5751 -16.8437 -74.107433
-73.2945 101.1084 -16.0241 -74.10887
-74.8032 101.5319 -15.3155 -74.110286
-76.2937 102.0431 -14.7677 -74.111678
-76.9439 103.3194 -13.9021 -74.113045
-77.7853 104.5384 -13.0235 -74.114384
-79.1174 105.4827 -13.5256 -74.115689
-80.5678 106.3785 -13.889 -74.116963
-81.9123 107.4474 -14.0602 -74.118196
-82.892 108.884 -14.1362 -74.119395
-83.7902 110.3676 -14.0768 -74.120554
-84.9748 111.6284 -13.8567 -74.121667
-86.2002 112.6963 -13.3076 -74.122739
-87.0479 113.9279 -12.479 -74.123763
-87.7411 115.4304 -11.9657 -74.124732
-88.823 116.6812 -11.5653 -74.125648
-89.4834 118.0465 -10.8065 -74.126507
-90.0558 119.4566 -9.9504 -74.127306
-90.8226 120.9302 -9.4429 -74.12804
-91.9586 122.2396 -9.3374 -74.128705
-92.8888 123.6775 -9.6286 -74.1293
-93.6083 125.2344 -9.9613 -74.129822
-94.4583 126.6908 -10.3334 -74.130265
-95.6371 127.179 -11.2403 -74.130629
-96.5223 128.3643 -11.7434 -74.130907
-97.3565 129.8343 -11.9607 -74.131096
-98.0187 131.4271 -12.0082 -74.131193
-44.8397 82.3848 -0.1022 -74.09953
-45.6858 82.6745 1.4762 -74.101463
-47.0854 83.466 2.0376 -74.103396
-47.9154 84.1261 0.6038 -74.105346
-48.4536 84.4912 -1.1078 -74.107299
-49.4629 84.7481 -2.3216 -74.109256
-50.8487 85.4683 -2.9272 -74.111224
-51.3634 86.2483 -4.138 -74.113216
-51.1604 85.8865 -5.9031 -74.11521
-51.4147 86.3329 -4.63 -74.117217
-51.3753 86.9211 -3.2026 -74.119214
-51.6511 88.546 -2.6095 -74.121211
-52.0008 89.4665 -3.9264 -74.123228
-52.6137 90.8015 -4.1725 -74.12524
-53.4473 92.4123 -3.9386 -74.127257
-53.8653 94.1635 -3.6555 -74.129276
-53.9519 95.9277 -3.215 -74.131299
-54.3051 97.4953 -2.5507 -74.133325
-54.5625 98.6898 -1.1952 -74.135345
-54.547 99.8234 0.1762 -74.137368
-54.2907 100.3598 1.9096 -74.139395
-54.7709 101.2087 3.4194 -74.141404
-54.4328 101.9413 3.8933 -74.143401
-53.0212 101.1678 3.092 -74.14539
-52.5222 101.109 4.5528 -74.147383
-54.1846 101.7537 4.4499 -74.149356
-55.6576 102.8136 4.5394 -74.151315
-56.499 104.3974 4.7059 -74.153262
-56.8786 106.1716 4.8788 -74.155195
-56.4546 107.8733 4.5587 -74.157111
-55.6814 109.1098 4.4339 -74.159025
-55.7928 109.3656 6.2457 -74.160951
-56.2213 109.7146 7.7986 -74.162813
-55.5336 111.171 7.9788 -74.16465
-57.2605 111.7016 8.1166 -74.166457
-58.1121 113.2561 8.4551 -74.168239
-58.5985 114.919 9.0311 -74.169992
-59.6859 116.036 9.8099 -74.171706
-59.434 116.5435 10.5662 -74.17339
-59.3051 118.1105 11.4366 -74.175034
-59.9415 119.6907 12.0733 -74.176642
-60.8614 121.156 12.3489 -74.178203
-61.607 122.4945 11.39 -74.179723
-62.1797 124.0961 10.8491 -74.181192
-62.6253 125.8486 10.8404 -74.182608
-62.2188 127.4063 11.6395 -74.183968
-61.8461 129.0333 12.3882 -74.185269
-62.5327 130.6886 12.3999 -74.186509
-62.936 132.4579 12.2088 -74.187687
-63.3234 134.2117 11.8803 -74.188798
-63.6303 135.945 11.5157 -74.189838
-63.951 136.5199 9.8435 -74.19081
-64.1784 137.2406 8.1925 -74.1917
-64.0694 138.3872 6.7995 -74.192504
-64.3697 140.0086 6.0583 -74.193223
-64.8732 141.6033 5.322 -74.193851
-65.5178 142.5596 4.0703 -74.194387
-65.7682 143.1976 5.3492 -74.194826
-66.7186 144.3442 5.8832 -74.19516
-67.5125 145.9488 6.0337 -74.195388
-68.2142 147.6123 6.0332 -74.195504
-36.2134 93.2108 29.5751 -74.088253
-36.6635 94.7733 29.8902 -74.089447
-36.9263 96.2364 30.4302 -74.090629
-37.1622 97.773 30.8495 -74.0918
-37.5529 99.3568 31.1525 -74.09296
-37.9173 100.9487 31.3678 -74.094101
-38.3971 102.525 31.406 -74.095227
-38.3118 104.182 31.3802 -74.096333
-38.3833 105.841 31.3619 -74.097417
-38.5184 107.493 31.3513 -74.098481
-38.1793 109.1047 31.3065 -74.099521
-37.694 110.6348 31.1726 -74.100533
-37.4366 112.1749 31.1742 -74.10152
-36.4341 113.3684 31.2349 -74.102479
-35.2673 114.4885 31.1966 -74.103406
-35.1913 116.0244 31.322 -74.104299
-36.1323 117.264 31.8032 -74.105157
-36.1013 118.8174 31.8898 -74.105978
-35.2737 120.1279 31.585 -74.106758
-34.1912 121.3196 31.36 -74.107496
-33.7141 122.9011 31.2289 -74.108186
-33.0667 124.4147 31.1658 -74.108828
-32.8786 126.0601 31.1275 -74.109419
-32.0835 127.4884 31.1247 -74.109955
-31.8296 129.12 31.1246 -74.110436
-31.1422 130.5851 30.9859 -74.110856
-30.3228 131.8477 30.3079 -74.111215
-29.6856 132.4849 28.9766 -74.111509
-29.0719 133.0333 27.5676 -74.111735
-28.0844 133.7856 27.8775 -74.111889
-27.152 134.469 28.6173 -74.111968
68.8569 88.73 19.5506 -74.065921
69.4626 89.4871 18.5505 -74.067301
69.8694 90.2922 17.5312 -74.068667
70.1133 90.9732 19.0619 -74.070026
70.2522 92.4115 19.6157 -74.071366
70.8156 93.9888 19.8859 -74.07269
70.9233 95.5529 19.5992 -74.074
71.3862 97.0655 19.4044 -74.075292
72.5006 98.2929 19.6588 -74.07656
72.7344 99.9408 19.94 -74.077811
72.932 101.5833 19.995 -74.079039
72.4313 103.198 19.9089 -74.080244
71.8799 104.7873 20.0008 -74.081419
71.5282 106.416 19.8144 -74.082568
71.2624 108.037 19.4849 -74.083685
70.3107 109.3594 19.2993 -74.084766
69.2896 110.7156 19.219 -74.08581
68.8552 112.3448 19.1576 -74.086817
68.8224 113.8606 18.9579 -74.087781
69.0085 114.8834 18.0264 -74.088706
68.8524 116.0924 16.8932 -74.089585
69.7271 117.2159 15.9694 -74.090416
70.0973 118.581 15.0882 -74.091193
70.8674 119.2691 13.939 -74.091921
70.3855 118.9765 13.515 -74.092587
69.9666 118.6726 13.3866 -74.0932
70.2125 118.847 11.7059 -74.093756
70.4357 118.9096 10.8982 -74.094235
70.1867 118.7318 12.5649 -74.09465
69.521 118.6003 13.8778 -74.094984
69.0153 119.2849 13.1332 -74.095238
69.8993 119.8704 11.9133 -74.095413
70.2963 119.9515 10.2866 -74.095502
95.5228 3.6634 18.9207 -74.035784
95.9521 3.5018 19.9853 -74.035848
96.3294 3.3373 21.069 -74.035881
-41.3421 222.5153 -25.6062 -74.015721
-42.702 224.1478 -25.2091 -74.013187
-44.2458 225.1088 -24.0553 -74.010644
-45.8189 226.0665 -23.0056 -74.008094
-47.3319 227.1224 -21.9872 -74.005535
-48.8138 228.7344 -21.8003 -74.00297
-50.1281 230.4969 -21.9165 -74.000396
-51.8278 231.7383 -22.0527 -73.997813
-52.8158 233.6774 -22.1145 -73.995218
-53.0724 235.6787 -22.1684 -73.993155
-53.6815 237.6012 -22.215 -73.991633
-54.8336 239.2327 -22.1693 -73.990114
-55.9455 240.9107 -22.1307 -73.988597
-56.8959 242.6769 -22.2538 -73.98708
-57.6448 244.0732 -23.1351 -73.985563
-57.9004 245.3567 -24.6431 -73.984047
-58.5973 247.0318 -25.4177 -73.982533
-59.3933 248.8468 -25.6686 -73.981022
-60.5485 250.492 -25.7129 -73.97951
-62.0102 251.8694 -25.795 -73.977999
-63.5819 251.7041 -25.7766 -73.976489
-65.1861 252.5294 -25.4878 -73.974977
-66.5361 253.7075 -24.6451 -73.973465
-67.4482 255.4346 -24.2826 -73.971953
-68.0616 257.3349 -24.0645 -73.970442
-69.279 258.781 -24.0213 -73.968932
-70.6709 260.1778 -24.061 -73.967421
-71.4436 262.0159 -24.0595 -73.965912
-72.8554 263.4363 -23.888 -73.964404
-74.3055 264.6952 -23.3614 -73.962898
-75.6104 266.0079 -22.6232 -73.961391
-76.4194 267.7709 -22.2236 -73.959883
-77.0046 269.6763 -21.989 -73.958377
-77.6943 271.5617 -21.8675 -73.956873
-78.0414 273.5421 -21.7862 -73.95537
-78.9873 275.301 -21.7403 -73.953868
-80.3424 276.7952 -21.6879 -73.952369
-81.6546 278.3163 -21.6068 -73.950873
-83.1583 279.5974 -21.7854 -73.94938
-84.8953 280.6045 -21.8472 -73.947888
-86.7025 281.4584 -21.6828 -73.946397
-87.8751 282.8646 -21.0904 -73.944909
-89.4892 283.7967 -20.5891 -73.943423
-91.1007 284.9601 -20.5677 -73.941942
-92.4107 286.2858 -21.1453 -73.940462
-94.0557 286.9976 -21.9919 -73.938987
-95.7101 288.0996 -22.2545 -73.937515
-97.3406 289.2852 -22.2657 -73.936048
-98.976 289.9877 -22.9029 -73.934584
-100.2796 290.7986 -23.6291 -73.933124
-101.4799 291.8038 -22.4899 -73.931667
-103.036 292.9887 -22.0284 -73.930216
-104.6892 294.1312 -21.8834 -73.928771
-106.3559 295.2232 -22.151 -73.927331
-107.8941 296.3493 -22.6692 -73.925898
-109.1385 297.4951 -23.597 -73.924469
-110.8652 298.494 -23.4597 -73.923049
-112.4721 299.5248 -23.016 -73.921634
-113.8772 300.6139 -22.2042 -73.920227
-115.339 301.8994 -21.8314 -73.918826
-116.6463 303.427 -21.784 -73.917435
-117.9037 305.0024 -21.8441 -73.916051
-119.0254 306.6607 -22.003 -73.914674
-119.7365 308.5266 -22.2827 -73.913306
-120.0458 309.7921 -21.1758 -73.911939
-120.3335 310.3959 -19.2752 -73.910587
-120.8092 311.2425 -17.5331 -73.909245
-121.3861 312.9361 -16.6595 -73.907916
-122.3666 314.5966 -16.303 -73.906601
-123.445 316.2788 -16.4754 -73.905294
-124.5125 317.8962 -16.7048 -73.904
-124.8879 318.6378 -14.9021 -73.90271
-124.9811 319.1413 -12.9496 -73.901431
-125.2786 319.7061 -11.0358 -73.900166
-125.7833 320.5605 -9.2875 -73.898921
-126.7853 321.2272 -7.7186 -73.897691
-128.1198 321.7372 -6.5853 -73.896473
-129.5338 322.6762 -5.6435 -73.895272
-130.8033 322.8583 -4.1103 -73.894083
-132.3486 322.5617 -2.9424 -73.892911
-133.5223 321.7567 -2.2514 -73.891756
-134.4075 321.0203 -3.7194 -73.890617
-136.141 320.0633 -3.704 -73.889496
-137.9234 319.2453 -3.5128 -73.888393
-139.8153 319.4438 -3.03 -73.887296
-141.7336 319.7231 -2.5415 -73.886228
-143.2992 318.8382 -1.8198 -73.885182
-143.6324 318.198 -3.1912 -73.884151
-144.6494 318.183 -2.5451 -73.883139
-145.6029 318.7473 -1.0864 -73.882151
-147.1116 319.1677 -0.0827 -73.881185
-149.0143 318.6505 0.3041 -73.880241
-150.835 317.9416 0.6531 -73.87932
-152.6003 318.3043 1.3039 -73.878423
-154.255 319.2248 1.8195 -73.87755
-156.1347 319.0641 1.3765 -73.876702
-157.9479 318.8394 0.6505 -73.875879
-159.8193 318.2421 0.4855 -73.875081
-161.6982 318.4908 0.8126 -73.874309
-163.3502 318.4678 1.946 -73.873564
-164.7917 318.8721 3.1901 -73.872845
-166.0348 318.4651 4.5448 -73.872154
-167.2051 317.7036 5.9108 -73.871492
-168.6856 318.3603 6.972 -73.870859
-170.5746 318.3686 7.6324 -73.870254
-172.4422 318.8037 8.0573 -73.869681
-173.7745 319.4811 7.41 -73.869135
-175.2708 319.8181 6.8918 -73.868621
-176.3866 321.0401 7.8064 -73.868138
-178.1084 321.388 8.4289 -73.867685
-179.8667 322.3331 8.1901 -73.867266
-181.7338 322.9719 7.9865 -73.866878
-183.2047 324.2061 7.6173 -73.866523
-184.6529 324.5109 6.7583 -73.866201
-186.4765 324.882 7.4149 -73.865913
-188.3601 325.5005 7.7542 -73.865659
-190.207 326.2741 7.8586 -73.86544
-191.8555 326.4884 7.2737 -73.865255
-192.3011 326.2807 5.3327 -73.865104
-192.4569 326.3027 3.3202 -73.864987
-192.6127 326.3246 1.3078 -73.864909
-192.7684 326.3466 -0.7047 -73.86487
-53.5618 234.7518 -22.4056 -73.993264
-55.3696 234.7358 -22.9279 -73.991978
-57.1775 234.7198 -23.4502 -73.990717
-58.9758 234.7413 -23.9753 -73.98948
-60.5834 235.6616 -24.1049 -73.988256
-62.2107 236.6032 -24.0421 -73.987035
-63.9306 237.3539 -24.0447 -73.985821
-65.5569 238.2591 -24.1396 -73.98461
-67.3063 238.9314 -24.1596 -73.983406
-68.8366 239.9978 -24.0522 -73.982205
-70.5332 240.314 -23.7713 -73.98101
-72.1779 239.7124 -23.3677 -73.979819
-73.9055 239.067 -23.0743 -73.978634
-75.764 238.9129 -23.0612 -73.977454
-77.5069 238.4311 -23.4834 -73.976279
-79.2728 238.5078 -23.5052 -73.97511
-81.0101 239.1307 -23.2489 -73.973945
-82.8258 239.4159 -22.9537 -73.972787
-84.5254 239.9346 -22.4418 -73.971635
-86.2406 240.0396 -21.7161 -73.970488
-87.8568 239.8217 -20.9364 -73.969347
-89.3552 239.6723 -19.8507 -73.968212
-90.7771 239.8281 -18.7653 -73.967085
-92.3262 239.5258 -18.0598 -73.965964
-94.0855 240.1028 -17.7873 -73.964852
-95.877 240.5966 -17.5579 -73.963747
-97.6988 241.0591 -17.507 -73.962649
-99.53 241.4724 -17.4393 -73.961561
-101.2527 242.1681 -17.1773 -73.96048
-102.8299 242.815 -16.4434 -73.959409
-104.4569 243.5931 -15.9937 -73.958348
-106.2956 243.7075 -16.104 -73.957296
-107.1732 243.8399 -14.6775 -73.956246
-108.3872 244.3725 -13.7017 -73.955211
-109.3454 245.4642 -12.5807 -73.954188
-110.5466 246.5332 -11.6213 -73.953175
-112.0874 247.1 -10.9503 -73.952174
-112.6927 248.1713 -9.7197 -73.951182
-113.85 248.7857 -8.6033 -73.950203
-114.9422 250.1535 -8.2414 -73.949237
-115.3929 251.8689 -7.6387 -73.948284
-116.4822 252.9605 -6.8157 -73.947346
-117.371 253.2374 -5.1806 -73.94642
-118.358 253.8356 -3.7152 -73.945509
-119.4595 254.4678 -2.3971 -73.944615
-120.9563 255.2641 -1.6822 -73.943736
-122.5163 255.9458 -1.0086 -73.942873
-123.9831 256.9071 -0.452 -73.942026
-124.7954 257.8348 0.9161 -73.941196
-125.65 259.0549 2.0473 -73.940383
-126.8265 260.4562 2.1583 -73.939588
-128.2898 261.2032 2.616 -73.938809
-129.0334 261.3894 4.2611 -73.938047
-129.2473 261.2649 6.1105 -73.937279
-129.4022 261.1437 7.9821 -73.936543
-129.5576 261.0229 9.8536 -73.935838
-129.7512 260.9235 11.7229 -73.935137
-129.9463 260.825 13.592 -73.934465
-130.1515 260.7135 15.4586 -73.933824
-130.5488 260.346 17.2477 -73.933207
-131.604 259.0778 18.099 -73.932616
-132.4067 258.2916 19.5872 -73.932047
-133.3932 257.3081 20.8241 -73.931503
-133.8044 256.3522 22.376 -73.930982
-134.6418 255.2368 23.5911 -73.930487
-135.4197 253.8392 24.4892 -73.930016
-135.7 253.4829 26.3153 -73.929569
-136.3101 252.641 27.7577 -73.92915
-136.3201 251.3179 26.4825 -73.928757
-136.8701 249.6435 26.0944 -73.928391
-137.7175 248.1362 25.6627 -73.928052
-137.6045 246.4619 25.1316 -73.927742
-137.2893 245.0053 24.2243 -73.927461
-136.6215 243.4615 23.4192 -73.927208
-135.6446 241.9497 22.8735 -73.926982
-135.3758 240.4199 22.4018 -73.926789
-136.1869 239.3032 23.0344 -73.926626
-136.341 238.0644 24.2021 -73.926495
-136.433 236.6369 25.3143 -73.926395
-136.6008 234.8539 25.6617 -73.926329
-137.1474 233.4458 25.0869 -73.926295
-10.2537 234.1313 -65.7936 -74.027689
-11.9535 235.2244 -65.4206 -74.025989
-13.2513 236.4124 -64.5554 -74.024294
-13.9825 238.2182 -64.0036 -74.022603
-13.9675 239.4333 -65.1657 -74.02091
-14.1745 240.8047 -66.5759 -74.019224
-14.74 242.3781 -67.763 -74.017542
-15.0167 243.3075 -69.5586 -74.015857
-14.9973 244.3966 -71.2899 -74.014178
-15.4806 245.6013 -72.6631 -74.012502
-16.6681 247.206 -72.2066 -74.010828
-17.3029 249.0449 -71.7718 -74.009153
-18.6676 250.382 -71.3338 -74.00748
-19.6799 251.0982 -72.0439 -74.005807
-20.4939 252.2385 -73.4165 -74.004131
-21.5912 252.7618 -72.8895 -74.002609
-21.9596 252.8176 -71.2713 -74.001259
-22.6797 254.2973 -71.5196 -73.999911
-23.6039 255.7577 -72.0067 -73.998565
-24.5721 257.236 -72.2298 -73.99722
-26.0105 258.3101 -72.2446 -73.995875
-27.3761 259.4599 -72.2196 -73.994531
-28.9516 260.3257 -72.2375 -73.993173
-30.5102 261.2195 -72.2945 -73.991833
-31.595 262.5637 -72.7018 -73.990495
-32.6547 263.9941 -72.7006 -73.989158
-33.5598 265.5319 -72.4801 -73.987823
-34.5952 266.9872 -72.4053 -73.98649
-35.2782 268.5959 -72.3691 -73.985156
-36.5462 269.7783 -72.1737 -73.983828
-37.8737 270.872 -71.8225 -73.982501
-38.8876 272.2418 -71.3145 -73.981177
-39.6217 273.7558 -70.7585 -73.979855
-40.6535 274.9959 -70.0158 -73.978536
-42.0534 275.9829 -69.5331 -73.977219
-43.5846 276.8719 -69.3005 -73.975908
-45.0655 277.8565 -69.4958 -73.974597
-45.946 279.1186 -68.7677 -73.973291
-45.8345 280.5644 -67.9551 -73.971988
-46.196 282.2235 -68.3906 -73.970689
-46.2456 283.784 -69.1293 -73.969395
-45.9356 284.9029 -69.4775 -73.968103
-46.3572 283.3243 -69.8414 -73.966813
-47.6385 284.0096 -69.6263 -73.965521
-47.8598 285.27 -68.7781 -73.96424
-47.9763 286.6481 -67.6615 -73.962962
-48.0018 287.8134 -66.394 -73.961689
-49.296 287.3623 -65.4888 -73.960422
-50.1432 286.6731 -64.1653 -73.959164
-50.2434 286.1704 -62.4405 -73.957907
-51.2742 284.9264 -61.8207 -73.956662
-52.8421 284.4426 -61.0987 -73.955423
-53.9107 283.6653 -60.0279 -73.954193
-54.752 283.3629 -58.5184 -73.952968
-55.6511 282.4981 -57.2933 -73.951754
-56.6242 281.93 -56.0196 -73.950552
-57.9991 281.9695 -54.8908 -73.949357
-59.0837 282.3361 -53.8941 -73.948172
-60.0943 282.1643 -52.7677 -73.946996
-61.4419 281.5155 -51.8651 -73.945833
-62.8626 280.827 -51.0501 -73.94468
-64.2795 280.6349 -50.0042 -73.94354
-65.804 280.5238 -49.0693 -73.942412
-66.7885 280.054 -47.7484 -73.941293
-67.9789 279.2336 -46.7905 -73.940188
-68.6552 278.446 -45.3481 -73.939095
-69.0138 277.9753 -43.6489 -73.938015
-69.4167 276.9949 -42.4398 -73.936951
-69.8247 275.5947 -42.5008 -73.935901
-70.268 276.0815 -42.6582 -73.934866
-70.9242 276.409 -41.0457 -73.933838
-71.4032 276.5871 -39.3203 -73.932832
-72.2724 276.7647 -38.0281 -73.931846
-73.2041 276.1685 -36.6914 -73.930876
-74.2918 275.5936 -35.4399 -73.929924
-75.425 274.8456 -34.2803 -73.92899
-76.9255 274.2886 -33.5609 -73.928075
-77.3251 274.3933 -31.9623 -73.927178
-77.3839 274.0953 -31.6173 -73.926293
-77.9259 274.1693 -30.1943 -73.92543
-79.5493 274.0847 -29.6223 -73.92459
-80.9279 274.149 -28.5263 -73.92377
-82.1503 274.2888 -27.2947 -73.922974
-83.1333 274.5631 -25.8399 -73.922199
-83.3586 274.0993 -24.1212 -73.921445
-83.4086 273.3363 -22.4949 -73.920716
-83.5601 272.816 -20.7795 -73.920008
-83.7705 272.4678 -19.0265 -73.919323
-84.0593 272.0789 -17.2937 -73.918666
-84.2893 271.7437 -15.5414 -73.918033
-84.9661 271.1706 -14.2656 -73.917428
-86.4465 270.5588 -13.5443 -73.916851
-87.5224 269.4821 -12.7644 -73.9163
-88.5863 270.2836 -13.3628 -73.915776
-89.344 271.7765 -13.8414 -73.915279
-90.7295 272.8654 -14.017 -73.914803
-92.0012 274.1345 -14.1202 -73.914358
-93.0728 275.5655 -14.188 -73.913946
-94.4803 276.5793 -14.1262 -73.913563
-96.2029 276.3016 -13.7358 -73.913209
-97.8612 276.4416 -13.1634 -73.912886
-99.2225 277.2086 -12.3487 -73.912593
-100.7724 276.7787 -11.5881 -73.91233
-102.4856 276.8416 -11.2384 -73.912098
-104.2435 277.0799 -11.3594 -73.911898
-105.8758 277.7134 -11.5089 -73.911729
-106.978 278.2571 -10.6069 -73.911593
-108.7214 278.4008 -10.5748 -73.911491
-110.1714 278.7473 -11.3411 -73.911422
-111.6618 279.6815 -11.4564 -73.911387
-21.5015 253.5088 -73.309 -74.003158
-22.5942 254.3623 -72.684 -74.002912
-23.4363 255.5756 -72.2611 -74.00269
-23.7952 256.2196 -73.6016 -74.002489
-24.1958 256.9175 -74.8973 -74.002313
-24.5102 257.2028 -76.431 -74.00216
-25.2575 257.9568 -77.5755 -74.002032
-25.9832 258.9049 -78.6121 -74.001929
-26.7351 259.8964 -79.3372 -74.001851
-27.7754 261.0706 -79.3699 -74.001798
-28.1276 262.1418 -78.3341 -74.001771
-14.415 228.9869 -63.4499 -74.029586
-16.1331 229.4489 -63.5343 -74.028613
-17.7421 230.1331 -63.7219 -74.027654
-19.4067 230.7023 -63.8399 -74.026711
-20.8995 231.6241 -63.8754 -74.025784
-22.4197 232.5434 -63.927 -74.024871
-23.9779 232.9794 -64.5409 -74.023973
-25.5926 233.2447 -65.0739 -74.023088
-27.3372 233.3731 -65.393 -74.022218
-29.108 233.4677 -65.4659 -74.021362
-30.8642 233.5427 -65.402 -74.02052
-32.3482 234.4256 -65.4518 -74.019693
-33.9347 234.8444 -64.9779 -74.018879
-35.6107 235.0483 -64.5372 -74.018079
-37.2988 235.2219 -64.5195 -74.017293
-38.3854 235.5894 -65.5655 -74.016519
-39.1438 235.7555 -64.0699 -74.015758
-40.4342 236.3585 -64.9633 -74.015012
-41.6538 237.408 -65.4996 -74.014281
-43.3197 237.9738 -65.7908 -74.013565
-45.0712 238.2644 -65.9288 -74.012864
-46.7994 238.6788 -65.9135 -74.012178
-48.5481 238.9796 -65.7557 -74.011507
-50.2593 239.3638 -65.4708 -74.010852
-51.9541 239.818 -65.3779 -74.010211
-53.6581 240.3081 -65.5616 -74.009587
-55.3649 240.7618 -65.7517 -74.00898
-56.9242 241.5359 -65.9538 -74.008388
-58.6438 241.8319 -66.2728 -74.007815
-59.9936 242.7156 -66.7405 -74.007258
-60.984 243.7818 -67.5294 -74.006718
-62.0855 245.146 -67.6347 -74.006198
-62.592 246.8516 -67.5474 -74.005695
-63.6958 248.1812 -67.3534 -74.005212
-65.3602 248.1365 -67.1819 -74.004747
-66.6185 247.2528 -66.7907 -74.004302
-68.2827 246.701 -66.9975 -74.003875
-69.0056 246.5375 -67.1182 -74.003471
-69.4149 247.1923 -66.2178 -74.003086
-70.5685 248.2104 -65.6787 -74.002723
-72.1021 248.9573 -65.1628 -74.002383
-73.5226 249.8734 -64.6789 -74.002065
-74.9049 250.917 -64.2744 -74.00177
-76.1941 252.0464 -63.8017 -74.0015
-77.6751 252.694 -63.2164 -74.001254
-78.9054 253.7897 -63.1101 -74.001033
-80.0531 255.1107 -63.1909 -74.000837
-81.4092 256.2087 -63.4316 -74.000668
-83.1166 256.5971 -63.7243 -74.000525
-84.8053 256.9649 -63.8465 -74.00041
-86.3232 257.8036 -63.7447 -74.000322
-88.0463 257.7843 -63.4146 -74.000263
-89.5568 258.6367 -63.0658 -74.000233
-79.8558 209.6969 -1.6956 -74.098602
-80.9345 210.9313 -0.8747 -74.097483
-81.8718 212.3265 -0.0936 -74.096374
-83.0145 213.649 0.4105 -74.095276
-83.35 215.4299 0.5242 -74.094186
-84.7236 216.0877 0.5245 -74.093105
-85.8365 216.8501 1.5461 -74.09203
-86.4751 218.3432 2.3648 -74.090968
-87.6889 219.3419 3.0091 -74.089916
-89.3832 219.625 3.5112 -74.088875
-90.5679 220.9942 3.9392 -74.087843
-91.9993 222.1339 4.2769 -74.086821
-93.1066 223.0567 5.3451 -74.085807
-94.2451 224.3484 6.04 -74.084802
-95.1955 225.7846 6.6504 -74.083807
-96.1469 227.1811 6.1703 -74.082824
-97.5307 228.1499 5.5656 -74.081848
-97.6555 229.6726 4.5217 -74.080881
-98.2632 230.7709 4.9578 -74.079921
-99.4213 231.1534 5.7424 -74.078974
-100.7458 231.4122 4.7237 -74.078035
-101.8502 232.6408 4.2535 -74.077108
-103.1436 233.9354 4.0273 -74.076192
-104.4921 234.4164 4.8558 -74.075286
-105.6117 233.6885 5.7966 -74.074386
-106.7274 232.3194 6.4016 -74.073489
-107.441 230.7522 6.8747 -74.072616
-107.4488 229.0255 7.5014 -74.071756
-107.9411 227.3511 8.131 -74.070909
-107.0902 226.8712 8.9862 -74.070076
-106.1496 226.513 10.1833 -74.069245
-105.9516 226.2598 12.0223 -74.068427
-105.4787 225.2922 12.0054 -74.067629
-105.2249 224.5846 10.2988 -74.066844
-104.7784 223.6625 9.5999 -74.066077
-104.7066 222.6921 11.0296 -74.065323
-105.026 220.965 11.6033 -74.064587
-104.6066 219.9029 12.8153 -74.063866
-103.3942 219.8352 14.0764 -74.063162
-104.3073 219.9043 13.553 -74.062475
-105.885 218.9419 13.3792 -74.061804
-107.2676 218.4747 12.6842 -74.061151
-108.1193 218.5469 11.0406 -74.060514
-108.3962 219.4541 11.7193 -74.059897
-109.0143 219.6825 13.4653 -74.059297
-109.7221 219.9831 15.1561 -74.058719
-110.6667 219.9703 16.4989 -74.058164
-112.0003 218.9022 16.8845 -74.057629
-113.4433 217.9794 16.4775 -74.057115
-114.7081 217.1333 15.6968 -74.056624
-115.2947 216.7255 13.9743 -74.056154
-115.5962 216.7912 12.1637 -74.055703
-115.7677 217.1126 10.3327 -74.055277
-115.4309 217.0746 11.1227 -74.054877
-116.1181 217.6962 12.116 -74.054491
-117.3855 218.3763 13.3061 -74.054135
-118.8798 218.8959 14.099 -74.053811
-120.5533 219.5755 14.5055 -74.053513
-122.3465 220.0233 14.7431 -74.053242
-124.1585 220.1151 14.949 -74.052999
-125.565 221.2324 14.8597 -74.052784
-126.6064 222.7478 14.7267 -74.052598
-127.1945 224.5052 14.537 -74.05244
-127.9351 226.1832 14.2547 -74.052314
-129.0224 227.5634 14.5865 -74.052217
-130.1181 229.0198 14.5982 -74.052152
-131.2201 230.4645 14.2522 -74.052119
47.5528 -96.076 13.5667 -73.362918
47.0015 -95.2803 13.5986 -73.363035
46.7344 -94.3274 13.6342 -73.363094
27.7081 -94.2683 18.8592 -73.345262
26.226 -93.6204 19.8024 -73.345889
24.7439 -92.9726 20.7456 -73.346354
23.2618 -92.3248 21.6888 -73.346662
23.8038 -92.3745 21.7835 -73.346817
54.7481 -88.0637 17.871 -73.38155
97.3169 -66.6493 31.3652 -73.415859
99.3506 -67.4491 30.897 -73.417238
101.3843 -68.2489 30.4289 -73.418386
103.4181 -69.0488 29.9607 -73.419304
105.4518 -69.8486 29.4925 -73.419993
104.935 -70.7499 28.9784 -73.420454
104.6139 -70.6388 26.7694 -73.420685
96.937 -66.473 30.8282 -73.415142
44.0154 -65.7095 15.6069 -73.430039
44.0102 -66.3692 14.8486 -73.430141
44.1586 -67.2141 14.3402 -73.430191
-4.665 -9.0685 -0.0051 -73.95516
-3.3078 -10.3003 -0.0154 -73.936497
-1.9532 -11.5348 -0.0257 -73.917826
-0.7426 -12.7803 -0.0459 -73.88672
0.4334 -13.9291 -0.0935 -73.843332
1.4466 -15.2471 -0.185 -73.799975
3.5554 -27.7322 1.4257 -73.734835
8.6107 -41.3653 6.7974 -73.671976
22.8794 -62.2772 10.5055 -73.526618
26.4745 -64.8588 13.9793 -73.504406
29.0535 -67.1183 14.3116 -73.489715
42.1418 -73.5431 16.2509 -73.435737
47.2069 -85.1931 18.1557 -73.390585
44.6639 -89.9679 15.7857 -73.373294
47.7449 -96.3203 13.6398 -73.363686
78.4149 -177.3628 14.5582 -73.270286
95.2227 -265.7699 17.0719 -73.196811
48.1056 -320.1106 18.1187 -73.140771
-10.9476 -383.6056 22.9817 -73.100403
-40.36 -432.7473 17.7175 -73.074278
28.7834 -94.5812 17.274 -73.347014
14.3097 -106.6143 20.8227 -73.326488
2.7577 -126.0427 26.0848 -73.310493
-45.0792 -189.1405 27.4734 -73.276413
30.9775 -170.2053 31.4202 -73.301791
28.3969 -94.5693 18.0599 -73.34527
-40.2348 -104.2908 -5.8163 -73.29523
-111.9958 -139.102 2.509 -73.263878
54.6562 -87.9717 17.7384 -73.382192
111.8824 -135.9529 29.1893 -73.314413
164.8572 -185.7356 20.1853 -73.265427
213.7243 -226.7876 32.011 -73.234827
43.9697 -65.4565 15.7766 -73.430238
45.5333 -62.1584 17.8534 -73.428188
96.2419 -66.2233 31.6259 -73.415058
2.1326 -22.0656 -2.5814 -73.758214
6.2653 -35.3706 6.4938 -73.703726
8.3143 -40.7868 6.7183 -73.646111
15.4942 -50.7521 4.9673 -73.599448
19.5156 -57.7327 7.1557 -73.552829
24.2121 -63.3654 12.9105 -73.515586
27.7984 -65.9637 14.1964 -73.497054
35.2991 -71.3414 15.5234 -73.463024
45.9552 -78.4006 18.2802 -73.413017
45.9541 -87.9136 17.638 -73.381864
46.0845 -93.1486 14.7482 -73.36799
52.1518 -103.9606 11.3242 -73.352663
58.8833 -119.603 12.0998 -73.332766
62.6461 -133.0235 18.7767 -73.313867
68.7987 -150.479 18.27 -73.296057
75.478 -168.4071 16.0379 -73.27921
80.7201 -186.7623 13.7215 -73.261461
86.0397 -202.1519 18.4658 -73.24568
88.9594 -219.8372 14.0604 -73.230783
92.3483 -238.1707 14.3683 -73.216843
94.4112 -256.1543 16.5595 -73.203745
95.282 -267.4858 16.3224 -73.18997
95.3059 -280.3632 10.9397 -73.177742
82.392 -291.8157 13.1552 -73.166311
66.6134 -301.8126 13.5179 -73.155752
55.8832 -314.8401 17.1156 -73.145951
42.621 -325.3136 19.0805 -73.135696
32.9705 -340.7608 23.6528 -73.126644
23.9361 -354.8041 21.203 -73.118323
9.6225 -366.7531 22.7517 -73.110811
-4.6074 -378.3071 21.4152 -73.103995
-16.9731 -389.755 18.9726 -73.096907
-27.5688 -401.1213 14.9527 -73.090699
-39.573 -411.7299 14.9204 -73.085179
-40.6381 -420.4638 25.2112 -73.080437
-40.4069 -426.6412 14.8914 -73.076376
-41.6738 -434.0686 12.5022 -73.072293
-35.1298 -447.795 10.0223 -73.068859
-30.511 -455.7937 6.7671 -73.066136
-26.4654 -460.7911 2.4423 -73.064275
-24.2919 -464.5784 0.2402 -73.063334
37.1249 -94.0849 14.9718 -73.359878
20.7736 -99.7756 22.2184 -73.336574
11.0172 -108.5614 18.7473 -73.323289
5.909 -113.1292 24.1737 -73.318288
4.7649 -121.3499 27.2758 -73.313341
-3.9067 -133.7894 26.1237 -73.305798
-16.2236 -149.0836 26.7198 -73.297693
-17.7909 -159.6216 22.5822 -73.290517
-30.8645 -168.2845 21.4997 -73.284342
-40.3768 -181.2163 24.3391 -73.279058
-50.8898 -195.8899 27.7601 -73.27389
-59.8432 -207.2909 27.0024 -73.269669
-63.453 -209.2381 15.4152 -73.266356
-64.2909 -212.4765 11.1044 -73.264102
-69.7086 -217.4653 14.9612 -73.262963
-1.3141 -131.2728 34.9295 -73.309855
15.7442 -115.5027 24.1983 -73.322449
21.9499 -133.9863 25.1312 -73.316239
26.8898 -147.4387 25.6301 -73.310945
28.6429 -155.1273 32.7495 -73.306664
28.6017 -167.7997 33.6747 -73.30331
33.7647 -170.9041 21.6446 -73.300306
35.3986 -176.6564 11.4651 -73.298108
39.8278 -180.409 -7.3747 -73.296947
28.4843 -94.572 17.6083 -73.345788
24.075 -93.3058 9.4058 -73.339036
15.5128 -90.8025 -8.4542 -73.3278
-0.0475 -89.6597 -13.0268 -73.317458
-13.9393 -94.7328 -4.0497 -73.3081
-31.0534 -101.5497 -4.3571 -73.299624
-48.3446 -108.1087 -4.4853 -73.290926
-60.3769 -111.0796 -1.1234 -73.283407
-77.9711 -113.5102 3.296 -73.27676
-92.0999 -121.9743 4.6219 -73.27108
-105.6825 -132.44 0.8972 -73.266273
-119.8735 -141.3568 5.959 -73.261739
-132.8113 -151.1601 6.979 -73.258148
-147.2952 -155.5423 4.0924 -73.255316
-153.368 -158.2725 7.6335 -73.253385
-168.793 -159.6906 7.6228 -73.252409
50.8433 -86.5895 17.9535 -73.385687
61.2357 -92.3404 14.5899 -73.374105
72.1897 -102.125 21.0158 -73.359404
85.4059 -115.7278 22.6939 -73.345549
96.1046 -123.0147 27.5352 -73.332682
106.3877 -128.7142 28.8233 -73.320708
119.3522 -141.0891 32.8119 -73.308219
133.3865 -151.0456 27.4274 -73.297228
140.4642 -156.8554 25.7903 -73.287117
152.3124 -169.1266 29.8767 -73.277979
161.5491 -182.1636 26.4505 -73.269713
167.3763 -187.9265 20.8501 -73.261248
178.0174 -198.4202 27.7655 -73.253928
190.5879 -201.853 17.5881 -73.247441
198.4764 -209.0366 23.2285 -73.241879
206.4978 -222.3967 29.9785 -73.237152
216.4485 -231.2363 29.6641 -73.232691
219.3592 -241.6667 28.5636 -73.229085
217.6919 -257.4839 32.1794 -73.22624
212.7961 -271.781 39.8533 -73.224298
208.8344 -287.7139 39.3838 -73.223314
43.1478 -69.6198 16.0595 -73.431806
45.0982 -63.5211 16.1223 -73.429195
50.7937 -61.6079 11.0465 -73.425872
63.7547 -58.5312 9.7712 -73.421986
75.049 -60.4617 16.3877 -73.418839
83.0968 -60.7333 25.9161 -73.41658
91.3447 -63.64 26.8113 -73.415259
106.4082 -69.1292 24.6495 -73.411911
123.1559 -72.5629 28.9251 -73.407686
143.1961 -75.9244 28.8652 -73.405564
46.1286 -55.224 14.5026 -73.426882
37.6417 -45.2763 18.4222 -73.425085
22.8448 -43.0894 21.8828 -73.424123
