-0.8015 -1.2678 -0 -72.213958
-3.2062 -5.0715 -0 -72.222635
-5.0765 -8.0299 -0 -72.228529
-6.4123 -10.1429 0.0262 -72.230527
-8.0143 -12.677 0.1283 -72.233509
-8.8146 -13.9429 0.1666 -72.235738
-8.2187 -14.5214 0.2948 -72.238081
-8.7411 -16.3672 0.5247 -72.244327
-10.0309 -17.8905 1.1419 -72.252296
-11.386 -19.3222 1.89 -72.260039
-12.7254 -20.8552 2.392 -72.267367
-14.0432 -22.4116 2.6217 -72.276105
-14.6972 -24.3185 2.0715 -72.286746
-15.5306 -26.234 2.0482 -72.298342
-16.1094 -27.8038 2.3068 -72.308349
-14.7796 -28.9827 3.1257 -72.316697
-13.6062 -30.5844 3.6202 -72.325096
-12.2537 -32.1091 3.9089 -72.33353
-11.1222 -33.7683 4.2796 -72.342019
-10.1932 -35.2295 5.196 -72.350546
-9.3619 -36.7283 6.3117 -72.359129
-8.5851 -38.2492 7.4144 -72.367744
-7.5935 -39.8435 8.2499 -72.3764
-6.8916 -41.4349 9.2193 -72.385143
-6.2727 -43.3267 9.6108 -72.393908
-5.7427 -44.6215 10.9758 -72.402769
-5.2774 -45.3085 12.8612 -72.411679
-4.5701 -46.2857 12.7646 -72.420621
-3.9187 -47.0128 11.0346 -72.429631
-3.487 -47.3534 9.0584 -72.438724
-3.1601 -48.3203 10.2056 -72.447873
-2.5906 -49.7167 11.29 -72.456977
-2.064 -51.2649 10.2609 -72.466155
-1.9023 -53.0628 10.2828 -72.475368
-1.2374 -53.7481 8.8883 -72.484698
-0.2338 -55.4757 8.438 -72.49403
0.9268 -57.1391 8.1846 -72.503409
2.1659 -58.7648 8.26 -72.51284
2.7966 -60.3652 9.2072 -72.52234
3.5606 -62.0815 8.7826 -72.531888
4.1051 -63.9769 8.2533 -72.541511
4.7728 -65.8913 8.0534 -72.551162
5.555 -67.7898 8.1794 -72.560856
5.4215 -69.7319 8.5591 -72.570597
5.3722 -71.1779 9.39 -72.580424
6.6015 -72.8224 9.4344 -72.590288
7.9091 -74.3345 9.4579 -72.600215
9.1469 -75.9691 9.4502 -72.610191
10.0298 -77.8076 9.4917 -72.620206
10.7723 -79.6982 9.5101 -72.630293
12.3735 -80.8411 9.4583 -72.640416
13.4145 -82.6176 9.4397 -72.650603
14.1594 -84.5026 9.6273 -72.660854
14.908 -86.352 10.0263 -72.671156
15.6285 -88.1574 10.421 -72.681505
16.2688 -90.0988 10.1972 -72.691924
16.8061 -92.0324 10.2983 -72.702379
18.0591 -93.5211 10.9131 -72.712893
19.0692 -95.1762 11.592 -72.723457
20.0514 -96.8019 12.3554 -72.734065
20.7986 -98.4251 13.1509 -72.744745
22.3425 -99.643 13.6764 -72.755475
23.1324 -101.4525 13.8694 -72.766257
24.2278 -103.1764 13.8286 -72.7771
25.7948 -104.4654 13.8973 -72.787985
27.3532 -105.7951 13.951 -72.798913
28.4996 -107.4233 13.9547 -72.809906
30.0108 -108.56 13.6639 -72.820959
31.1081 -108.6091 12.0588 -72.832254
29.9694 -109.9097 10.9348 -72.844447
28.8308 -111.2104 9.8109 -72.856392
27.6922 -112.511 8.6869 -72.86809
26.8377 -113.4766 7.7017 -72.879689
28.1153 -111.9666 8.2837 -72.892029
29.3929 -110.4565 8.8658 -72.904109
30.6706 -108.9464 9.4479 -72.915927
31.1787 -108.9746 10.7509 -72.92788
31.0798 -109.3078 12.7833 -72.939913
31.1974 -110.3892 14.0207 -72.95177
31.8589 -112.2436 14.4776 -72.963607
32.2207 -114.0808 14.8897 -72.975501
32.3754 -116.0895 14.7382 -72.987441
33.2282 -117.7627 14.1097 -72.999433
34.0263 -119.6079 13.7086 -73.011461
34.4263 -121.5938 13.4703 -73.023533
34.6735 -123.5948 13.4834 -73.035642
34.4631 -125.6138 13.6554 -73.047784
35.477 -127.1975 13.9548 -73.059936
36.4488 -128.3733 14.9241 -73.072196
36.0423 -130.1872 15.3722 -73.084547
35.1621 -131.5518 15.4371 -73.096875
35.6418 -129.8523 14.8263 -73.109147
35.0348 -128.0619 14.2107 -73.12145
35.5446 -129.8444 14.1534 -73.133789
35.6291 -131.8577 14.0497 -73.146115
34.8485 -133.6181 13.7199 -73.158438
34.2995 -135.3089 12.7219 -73.170767
33.9891 -137.2127 12.2496 -73.18307
34.6951 -139.1364 12.158 -73.195359
34.4342 -141.0719 12.4762 -73.207619
34.9496 -142.8915 13.1328 -73.219888
35.1207 -144.6736 12.8365 -73.232095
36.0553 -146.4708 12.5635 -73.244259
36.5162 -147.9232 11.2272 -73.256435
37.0821 -149.6924 10.5935 -73.268482
38.1845 -151.3675 10.8233 -73.280457
38.9786 -152.5573 11.4668 -73.292379
38.5512 -154.4927 11.7745 -73.304267
38.9845 -156.4817 12.0272 -73.31608
38.8087 -158.4686 12.102 -73.327756
39.4316 -160.3993 12.1561 -73.339301
40.017 -162.1492 11.7738 -73.35073
39.9044 -164.0643 11.3068 -73.361978
40.4166 -165.9089 10.6066 -73.373072
41.3853 -167.5493 10.7632 -73.383952
42.1247 -169.1267 11.6727 -73.394633
42.1485 -170.8263 12.6221 -73.405102
41.2541 -172.1527 13.7028 -73.415281
41.3329 -173.6405 14.3131 -73.42519
41.6008 -174.8677 12.6805 -73.434827
41.8738 -176.7997 12.275 -73.44409
42.7438 -178.5456 11.9564 -73.452981
43.2439 -180.4578 12.0397 -73.461469
43.3656 -182.4295 12.4106 -73.469541
43.6747 -184.2146 13.2717 -73.477161
44.1736 -186.1236 13.8383 -73.484259
44.3535 -187.9066 14.7675 -73.490833
44.8726 -189.5685 15.6922 -73.496834
45.4404 -191.1005 14.5715 -73.502221
46.1386 -192.9259 14.1459 -73.50695
46.6287 -194.8895 13.783 -73.510984
47.9055 -196.4354 13.3908 -73.514289
49.0241 -197.9564 13.467 -73.516827
49.8322 -199.3762 13.2319 -73.51856
51.04 -200.3986 12.0409 -73.519444
-16.8109 -27.3553 2.8101 -72.307407
-17.497 -28.3029 4.2038 -72.313731
-18.1984 -29.271 5.5067 -72.319919
-18.2577 -29.3412 3.7473 -72.327143
-18.2679 -29.344 1.9276 -72.334216
-18.2781 -29.3467 0.108 -72.341119
-18.2883 -29.3494 -1.7116 -72.34785
-18.2985 -29.3522 -3.5313 -72.354409
-18.8534 -30.5664 -3.9808 -72.360888
-18.8107 -32.318 -3.8597 -72.367435
-19.3066 -34.0554 -3.7456 -72.374017
-18.9488 -34.5418 -2.2544 -72.380672
-18.3075 -35.7012 -1.0566 -72.387375
-18.003 -37.2922 -0.254 -72.394105
-17.2153 -38.7422 0.5062 -72.400872
-17.2992 -40.1694 1.5541 -72.407692
-17.1185 -41.7267 2.3954 -72.414566
-17.083 -42.8762 3.6698 -72.421518
-17.3639 -44.4413 4.545 -72.4285
-18.2212 -45.6938 5.2818 -72.435487
-18.9632 -46.7735 4.1464 -72.442529
-19.2427 -47.6114 2.5633 -72.449665
-19.7572 -49.1601 2.2576 -72.456776
-20.0441 -50.8741 2.5491 -72.463915
-20.3286 -52.4364 3.2684 -72.471078
-19.8077 -53.8024 3.6098 -72.478289
-19.2008 -54.6661 2.2731 -72.485583
-18.7221 -56.0354 2.9434 -72.492927
-18.7365 -56.729 4.1896 -72.500283
-18.8997 -58.1413 5.2798 -72.507636
-18.8149 -59.8936 5.7078 -72.514989
-18.9822 -61.072 7.0484 -72.522388
-19.3934 -62.5349 8.0119 -72.529745
-19.547 -63.8484 9.0694 -72.537146
-19.5772 -65.5723 8.63 -72.544486
-19.258 -67.3139 8.3405 -72.551816
-19.7508 -69.0603 8.364 -72.559101
-19.9946 -70.8175 8.7102 -72.566381
-19.8037 -72.5539 9.1873 -72.573619
-19.7201 -74.3251 9.5635 -72.580815
-20.2567 -75.9938 9.7611 -72.587955
-19.7758 -77.7066 9.8918 -72.59503
-19.8692 -79.394 10.0722 -72.602021
-20.6153 -80.6503 10.7965 -72.608917
-20.8101 -82.0334 11.1362 -72.615683
-21.8468 -83.2751 10.5156 -72.622323
-22.3598 -84.646 11.4203 -72.628818
-22.8139 -86.2646 12.0203 -72.635152
-22.9433 -87.4114 13.1988 -72.64135
-23.2601 -88.7922 14.1473 -72.647316
-23.5187 -90.5915 14.1567 -72.653016
-23.7693 -92.3875 14.2837 -72.658458
-23.9193 -94.161 14.5659 -72.663623
-24.765 -95.4177 14.2775 -72.668477
-25.6946 -96.5629 13.7452 -72.672984
-26.3361 -98.2508 13.7081 -72.67712
-26.22 -99.6251 14.4174 -72.680916
-26.029 -100.2322 16.1217 -72.684265
-25.98 -100.9366 17.7977 -72.687149
-26.1774 -101.1961 19.58 -72.689601
-26.4133 -101.3806 21.3748 -72.691445
-26.5757 -102.9017 22.0388 -72.692686
-26.565 -104.1061 22.8298 -72.693327
-10.4886 -18.1238 0.6694 -72.258848
-10.4015 -18.057 0.4643 -72.263537
-11.3637 -19.3353 1.4826 -72.269181
-12.4409 -20.4928 2.3203 -72.275874
-13.7335 -21.882 2.6066 -72.283156
-14.3525 -23.4451 1.6476 -72.290513
-14.7639 -24.7529 0.4153 -72.297917
-15.0123 -25.6795 -1.2982 -72.305396
-14.7483 -27.3027 -2.2341 -72.312914
-14.1682 -28.7546 -3.3613 -72.32051
-14.1335 -30.3237 -2.5621 -72.328165
-14.176 -32.0715 -1.7097 -72.335858
-14.076 -33.7889 -0.9359 -72.343603
-13.8862 -35.6563 -1.4771 -72.351397
-13.5408 -37.5381 -1.8551 -72.359237
-12.9254 -39.3671 -2.0095 -72.367148
-12.8947 -41.2639 -2.5483 -72.375097
-12.5093 -43.0891 -2.3969 -72.383097
-11.8636 -44.7358 -1.5183 -72.391192
-11.3409 -46.4019 -0.6056 -72.399334
-11.0233 -47.5467 0.9658 -72.407577
-10.5913 -48.4457 2.6789 -72.415823
-10.1405 -50.0833 3.3431 -72.424102
-10.2934 -51.7904 2.9275 -72.432437
-10.88 -52.8858 1.4404 -72.440865
-11.0363 -54.4811 1.7038 -72.449304
-11.1458 -56.3254 2.378 -72.457806
-10.357 -57.7555 3.4384 -72.466363
-10.1358 -58.8326 4.9901 -72.474982
-10.3077 -60.6124 5.6598 -72.483663
-11.2813 -62.2927 6.0116 -72.492388
-11.7958 -64.1934 6.181 -72.501159
-12.4342 -66.0517 6.3974 -72.510003
-11.9522 -67.7789 6.8906 -72.51891
-11.6762 -69.0382 8.2561 -72.527869
-11.713 -70.0381 9.9612 -72.536875
-11.8555 -70.9146 11.6774 -72.546001
-12.8132 -71.5235 13.2459 -72.555135
-13.5753 -72.2336 12.7301 -72.564333
-14.1638 -73.7043 11.8882 -72.573576
-14.4131 -75.2707 10.815 -72.582859
-13.5782 -77.0011 10.3425 -72.592207
-13.3259 -78.9499 10.1371 -72.601611
-13.3622 -80.9141 10.3308 -72.61105
-14.2376 -82.5066 10.9807 -72.620525
-14.7845 -84.1023 11.9265 -72.63007
-15.3519 -85.4422 12.6525 -72.639674
-15.7865 -86.6616 12.098 -72.649342
-16.5522 -87.7496 13.5364 -72.659052
-17.1687 -89.5648 13.8022 -72.668783
-18.2162 -91.1682 13.885 -72.678562
-19.5493 -92.634 13.9514 -72.688379
-20.3209 -94.4426 13.8656 -72.698242
-21.0095 -96.2837 13.6721 -72.70814
-21.3384 -97.8523 13.9673 -72.718178
-21.6939 -97.8965 15.9193 -72.728366
-22.3276 -98.0602 17.7316 -72.738445
-21.887 -98.9874 16.7979 -72.74865
-22.8153 -99.7306 15.3374 -72.758754
-24.3779 -100.6691 14.7056 -72.768861
-24.3457 -102.6276 14.3888 -72.778954
-24.5768 -104.5617 14.2213 -72.789046
-24.8282 -106.5067 14.2205 -72.799146
-25.0574 -108.4614 14.1941 -72.809228
-25.5558 -110.3378 14.0236 -72.819306
-26.9412 -111.6652 13.5497 -72.829367
-27.6548 -113.1993 12.651 -72.839387
-27.9593 -114.1646 11.0361 -72.849495
-28.3565 -115.3746 10.0919 -72.859401
-29.1471 -116.4978 9.0352 -72.869303
-29.5399 -117.0458 7.1689 -72.879219
-29.9596 -117.6548 5.3281 -72.888978
-30.9613 -118.935 4.5188 -72.898575
-32.1435 -120.2324 4.6581 -72.908076
-32.9363 -121.0473 6.2793 -72.917474
-33.621 -122.2206 7.5953 -72.92669
-33.9105 -123.585 8.7937 -72.935753
-34.4873 -124.3869 10.3397 -72.944622
-35.0405 -125.7656 11.4307 -72.953246
-34.701 -127.6323 11.772 -72.961632
-35.3063 -129.4991 11.9181 -72.969761
-35.9903 -131.3268 11.7835 -72.97759
-37.6819 -132.1342 11.31 -72.985095
-38.5009 -133.4806 10.3217 -72.992251
-38.4967 -134.7419 8.9782 -72.999053
-39.2613 -136.1191 9.0235 -73.005403
-39.6486 -137.8732 9.0943 -73.011294
-40.3927 -139.5578 8.4232 -73.016678
-41.3357 -141.2284 8.0319 -73.021523
-41.7461 -143.1332 7.6854 -73.0258
-42.0138 -145.0056 7.4829 -73.02946
-41.9887 -146.6225 8.5512 -73.032475
-43.1363 -148.1444 8.915 -73.034786
-43.8626 -149.8828 8.3731 -73.036369
-44.926 -151.4033 7.7386 -73.03718
-9.353 -14.8211 0.2731 -72.239265
-11.0559 -15.5864 0.7158 -72.245614
-12.8605 -15.9487 1.177 -72.253471
-14.323 -16.6873 2.6356 -72.268064
-15.6273 -17.7486 4.2904 -72.280322
-16.5612 -19.3299 4.837 -72.285861
-17.0333 -20.2944 6.2453 -72.292105
-17.8874 -21.5361 7.3823 -72.298536
-18.8508 -22.9769 8.1796 -72.304998
-19.5099 -24.5801 8.9543 -72.311525
-19.7318 -25.6734 10.3712 -72.318148
-19.6375 -26.5275 11.987 -72.324862
-20.9183 -27.5166 12.4491 -72.331573
-21.2964 -29.0814 13.3143 -72.338354
-21.83 -30.7644 14.0149 -72.345195
-22.4092 -32.288 14.7504 -72.352098
-23.1716 -32.8787 16.4102 -72.359134
-23.4458 -33.3976 17.1662 -72.36613
-23.9797 -35.1098 17.8018 -72.3732
-25.2888 -36.4276 18.1128 -72.38031
-26.4013 -37.9363 18.2431 -72.387459
-27.2908 -39.5473 18.3867 -72.394672
-28.9068 -40.2841 18.3568 -72.401937
-28.8386 -41.8551 18.071 -72.409254
-30.0593 -43.3052 18.0707 -72.416618
-30.6546 -44.9959 18.2212 -72.424053
-31.4097 -46.5757 18.3297 -72.431535
-32.6885 -47.8644 18.2798 -72.439063
-33.6705 -49.4532 18.3794 -72.446606
-34.3435 -51.1833 18.7706 -72.454198
-35.0428 -52.643 19.7515 -72.461846
-35.9334 -53.9164 20.8542 -72.469516
-36.4958 -55.5633 21.6175 -72.47721
-37.1515 -57.2664 22.1901 -72.484928
-37.503 -58.9135 22.7742 -72.492717
-37.2767 -60.629 23.5408 -72.500545
-38.3487 -62.1152 24.0868 -72.508362
-38.7835 -63.8894 24.6417 -72.516198
-39.0307 -65.5698 25.4324 -72.52404
-39.2448 -67.4312 25.7075 -72.531916
-39.4113 -69.2406 26.1323 -72.539778
-38.2265 -70.1613 27.1367 -72.54765
-37.9293 -71.6381 28.1838 -72.555555
-36.7386 -72.8721 28.5562 -72.563421
-35.4143 -74.1273 28.8617 -72.571253
-33.8413 -75.1427 29.2839 -72.57924
-32.9832 -76.7229 29.5771 -72.587032
-33.6399 -75.092 29.1649 -72.594907
-33.1635 -76.3575 28.5144 -72.602681
-32.6394 -77.9449 29.3953 -72.610377
-31.5586 -79.4236 29.8926 -72.618124
-30.8094 -81.0765 30.3763 -72.625737
-31.5811 -82.6547 30.6865 -72.633141
-31.7168 -84.5489 30.8274 -72.640412
-31.5105 -86.4537 30.8357 -72.647516
-31.5377 -88.3667 30.7633 -72.654452
-31.4829 -90.279 30.6456 -72.661193
-31.9235 -92.1277 30.4947 -72.667702
-32.2806 -93.9944 30.2829 -72.67395
-33.2826 -95.4749 30.073 -72.679935
-34.2923 -96.3147 29.212 -72.685624
-33.7984 -97.5646 29.0456 -72.691003
-33.365 -98.5644 30.3242 -72.696034
-34.9529 -99.5888 30.5864 -72.700644
-35.3561 -101.2379 30.5528 -72.704825
-35.425 -102.1901 29.7785 -72.708542
-35.4381 -103.6106 30.0236 -72.711747
-35.4329 -104.9525 28.8355 -72.714388
-35.4888 -106.6151 28.0477 -72.716424
-35.1318 -108.0258 29.2064 -72.717833
-34.5346 -109.5447 30.0645 -72.718552
-15.445 -16.6758 3.4162 -72.280383
-17.1123 -16.5493 2.7023 -72.285839
-18.8242 -16.1183 2.2844 -72.292006
-20.5247 -15.3962 2.2003 -72.298301
-22.3116 -15.3473 2.4856 -72.304641
-24.0423 -14.9367 2.9859 -72.311069
-25.7912 -14.8802 3.5418 -72.317564
-27.6376 -14.8877 3.7424 -72.324105
-29.4617 -14.8882 3.7168 -72.330704
-31.2202 -15.3922 3.5297 -72.337386
-32.7539 -15.8243 2.9445 -72.34416
-34.0829 -16.2305 1.7975 -72.350971
-35.3566 -17.1047 0.7776 -72.357836
-36.7811 -17.3591 0.0703 -72.364727
-38.4049 -17.2529 0.8951 -72.371665
-40.1857 -16.9717 1.2216 -72.378667
-41.9745 -17.3706 1.348 -72.385723
-43.6645 -17.7288 1.1737 -72.392841
-45.1638 -16.9527 0.472 -72.4
-46.3865 -16.2335 -0.6264 -72.407235
-48.1583 -16.038 -0.1893 -72.414529
-49.5586 -16.5997 0.7893 -72.421888
-50.6275 -17.7832 1.5574 -72.429277
-52.4581 -17.9497 1.6886 -72.436716
-54.2203 -17.8442 1.1278 -72.444203
-55.6575 -18.4041 0.1681 -72.451755
-57.139 -19.2179 -0.5793 -72.459356
-58.8775 -19.6978 -0.9928 -72.466994
-60.4992 -20.5497 -0.8751 -72.474659
-62.2699 -20.9516 -0.784 -72.482367
-63.9605 -21.4851 -1.2025 -72.490185
-65.769 -21.6468 -1.2364 -72.497985
-67.4074 -21.948 -2.0416 -72.505824
-69.2303 -22.0478 -2.2783 -72.513686
-71.0405 -22.3933 -2.2 -72.521603
-72.76 -22.6876 -1.8978 -72.529533
-74.4248 -22.1245 -1.3042 -72.53749
-75.468 -21.5676 0.0962 -72.545485
-76.805 -21.0117 0.8974 -72.5535
-78.6304 -21.1688 0.7939 -72.561481
-80.2126 -21.6023 1.4208 -72.569477
-81.9055 -21.4802 1.8938 -72.577467
-83.3789 -20.5725 2.4839 -72.585449
-84.8475 -20.092 3.3977 -72.593399
-85.8797 -19.4106 4.4732 -72.601356
-86.9877 -17.9771 4.3817 -72.609244
-88.4094 -16.917 4.436 -72.617078
-89.1332 -16.2863 5.8123 -72.624938
-89.6827 -16.0961 7.5766 -72.632704
-90.6073 -14.9923 8.5732 -72.64031
-91.6573 -14.5236 9.9347 -72.647804
-92.216 -13.6924 11.4126 -72.655244
-93.3323 -12.5367 11.3011 -72.662434
-94.3529 -11.3333 10.4637 -72.669464
-95.9243 -11.359 10.3327 -72.676294
-97.085 -12.6874 10.4076 -72.682906
-98.637 -11.9209 10.4364 -72.689273
-99.8512 -10.5582 10.1484 -72.695343
-101.1467 -9.2581 9.9913 -72.701124
-102.9108 -8.8466 10.0308 -72.706551
-104.2043 -7.6318 10.4372 -72.711583
-105.7848 -7.7377 11.2376 -72.716213
-107.5295 -7.7352 11.7584 -72.720389
-108.7114 -6.5165 12.2914 -72.724077
-108.6826 -5.013 12.9437 -72.727268
-109.4316 -4.9691 14.0337 -72.729895
-110.9911 -5.321 13.2911 -72.731918
-112.3812 -4.7789 12.2565 -72.733302
-113.4541 -4.4164 10.8172 -72.734015
-15.5545 -17.632 4.3033 -72.280054
-16.8149 -18.3686 5.0193 -72.284711
-18.1535 -17.7371 5.9254 -72.290038
-19.3957 -17.6568 7.1162 -72.295514
-20.6245 -17.4395 8.329 -72.30104
-21.4073 -17.0773 9.8446 -72.306664
-22.3291 -16.4593 11.1562 -72.31231
-23.7986 -16.4039 12.1053 -72.318013
-24.636 -16.4397 13.5353 -72.323838
-26.0492 -16.413 14.4153 -72.329648
-26.5091 -16.6788 16.0866 -72.335626
-27.6416 -17.5424 16.452 -72.341533
-28.9683 -17.6171 17.1518 -72.347486
-30.2529 -16.8642 18.0015 -72.353471
-31.8112 -16.9615 18.7079 -72.359532
-32.7125 -16.0015 17.8716 -72.365606
-33.9732 -15.3124 17.8919 -72.371728
-35.5154 -14.9405 18.541 -72.377888
-36.8148 -15.2621 19.6037 -72.384092
-38.1095 -15.3947 20.6532 -72.390298
-39.3709 -15.3085 20.5665 -72.396598
-39.9084 -15.4165 22.2463 -72.402978
-41.4898 -16.1032 22.568 -72.409265
-43.1935 -16.3081 22.9719 -72.415556
-44.8671 -16.1005 23.426 -72.421845
-46.5874 -16.255 23.8037 -72.428159
-48.2806 -16.146 24.1613 -72.434415
-49.8848 -15.6408 24.6252 -72.440665
-51.569 -15.5809 25.1077 -72.446869
-53.1934 -15.8717 25.7123 -72.453032
-54.8397 -16.0518 26.2602 -72.459165
-56.4663 -15.7486 26.8593 -72.465186
-57.6381 -14.8744 27.7621 -72.471122
-58.8394 -13.7889 28.4214 -72.476962
-60.1932 -13.1386 29.3328 -72.482714
-61.8304 -12.6017 29.6751 -72.488322
-63.5039 -12.1508 29.7076 -72.493763
-64.8861 -11.121 29.4315 -72.499044
-65.5954 -10.0293 28.2627 -72.504154
-66.3587 -9.069 29.1123 -72.509048
-67.3994 -7.9254 29.8988 -72.513705
-68.8854 -7.8686 29.963 -72.518094
-70.5505 -7.352 29.9726 -72.522184
-72.0497 -6.4284 30.0037 -72.525959
-73.5599 -5.5098 29.9785 -72.529386
-74.8786 -4.3323 29.9264 -72.532531
-76.2236 -3.1844 29.9023 -72.535154
-77.2186 -1.7362 29.9278 -72.537321
-78.2778 -0.5048 29.7779 -72.538993
-79.9939 -0.3567 29.5292 -72.540144
-81.6519 -0.1123 29.479 -72.540739
-15.2282 -17.1379 4 -72.278026
-15.8134 -17.8487 4 -72.278233
-16.4306 -18.5318 4 -72.27834
-13.8552 -16.3527 0.6773 -72.258284
-6.8126 -12.9962 0.0714 -72.234872
-5.8684 -15.48 0.0572 -72.240333
-5.4058 -18.0693 0.0621 -72.247351
-4.8048 -20.6622 0.1442 -72.256222
-4.2378 -23.1032 0.3354 -72.267284
-4.2185 -23.3173 3.0099 -72.285318
-4.1991 -23.5292 5.6846 -72.30352
-3.9404 -24.0329 8.0609 -72.321522
-2.9465 -26.4423 7.8893 -72.339831
-2.9898 -29.1239 7.9366 -72.35866
-2.8312 -31.7921 8.079 -72.378061
-2.7737 -34.4658 8.0848 -72.39805
-3.1335 -36.1267 6.8772 -72.418993
-2.9668 -36.5649 4.2354 -72.440597
-3.5563 -38.3842 2.8887 -72.462514
-4.3063 -40.3834 1.497 -72.485193
-4.1208 -42.6459 0.2252 -72.508514
-4.2362 -43.7827 0.8959 -72.527172
-3.8312 -43.4159 2.8085 -72.540442
-3.4263 -43.0492 4.7211 -72.553514
-3.0214 -42.6825 6.6338 -72.566388
-2.6164 -42.3158 8.5464 -72.579065
-2.2115 -41.949 10.459 -72.591545
-1.8006 -41.5642 12.3611 -72.60383
-1.0504 -39.8462 12.7392 -72.616428
0.1758 -38.6585 13.5417 -72.629141
1.5902 -38.0395 13.8599 -72.642227
3.2347 -39.0768 14.2093 -72.655449
3.2862 -40.8715 14.6526 -72.668946
3.0921 -42.2179 15.9515 -72.682693
3.289 -43.8273 17.0278 -72.696692
3.7676 -45.0577 18.3989 -72.711055
5.3853 -45.2551 17.5078 -72.725693
6.4565 -45.5185 16.2146 -72.74089
6.4601 -45.5688 14.2263 -72.756436
7.3041 -46.1013 15.3965 -72.772209
7.7212 -46.6728 17.2551 -72.788392
8.2906 -47.8462 18.7417 -72.804746
8.7291 -49.4862 19.2615 -72.816811
9.1255 -50.9461 19.7272 -72.824171
10.0364 -52.2198 19.9693 -72.831549
10.7133 -53.6545 20.0389 -72.838976
11.8089 -54.3454 19.5071 -72.846495
12.1976 -54.6669 17.9921 -72.854056
13.1099 -54.8336 16.8714 -72.861627
13.5838 -54.6626 15.3738 -72.869681
13.6588 -54.6533 13.7788 -72.87889
13.7337 -54.644 12.1838 -72.88785
13.8087 -54.6347 10.5888 -72.896558
13.8837 -54.6254 8.9938 -72.905015
13.9586 -54.6161 7.3988 -72.913217
14.0336 -54.6068 5.8038 -72.921164
14.1085 -54.5975 4.2088 -72.928854
14.1663 -54.5744 2.6132 -72.937425
14.2206 -54.5486 1.0176 -72.946057
14.2749 -54.5228 -0.5781 -72.954402
14.3293 -54.497 -2.1737 -72.962456
14.3836 -54.4712 -3.7694 -72.970218
14.4379 -54.4454 -5.365 -72.977686
13.7113 -55.8095 -5.5929 -72.984988
13.1825 -57.2536 -6.0072 -72.992225
12.9567 -58.7053 -6.561 -72.999376
12.6682 -60.0281 -7.37 -73.006426
12.3514 -61.5353 -7.7387 -73.013371
11.9771 -63.0578 -7.8716 -73.020185
11.7617 -64.6275 -7.7751 -73.026867
11.4655 -65.9109 -8.3481 -73.033406
11.6675 -66.9063 -9.5712 -73.039793
11.728 -68.3207 -9.6289 -73.046017
11.6975 -68.4625 -8.07 -73.052037
11.4235 -69.5735 -7.0162 -73.057802
11.1196 -70.8404 -6.109 -73.063331
11.0275 -71.8722 -4.9846 -73.068629
11.2426 -73.2528 -4.3725 -73.073646
10.7531 -74.6674 -3.9199 -73.078353
10.425 -76.2016 -3.7062 -73.082759
10.77 -77.7411 -3.6532 -73.086828
11.0786 -79.2552 -3.6604 -73.090527
11.425 -80.7723 -3.755 -73.093845
11.2996 -82.2807 -4.0128 -73.096752
11.9706 -83.6675 -4.3963 -73.09923
12.7118 -84.5829 -3.8154 -73.101283
13.1706 -85.4159 -2.5821 -73.102847
13.3664 -86.853 -1.9391 -73.103909
13.3682 -87.667 -0.8755 -73.104454
8.6263 -48.9248 19.7774 -72.816511
8.971 -49.5407 20.9869 -72.823229
9.2099 -51.0475 20.8184 -72.829948
10.0927 -52.2943 20.5532 -72.836653
10.6868 -53.724 20.4404 -72.843349
11.4461 -54.1517 19.6321 -72.850167
11.5442 -54.2966 18.1881 -72.856948
12.9332 -54.8812 18.406 -72.863648
13.2774 -55.294 19.8309 -72.870501
13.7729 -56.2787 20.5319 -72.877169
14.3885 -57.7019 20.5127 -72.883818
15.16 -59.0485 20.6431 -72.890408
15.6443 -60.0525 21.5504 -72.896983
16.2084 -60.988 22.5631 -72.903495
17.2577 -61.2039 23.519 -72.909911
18.4454 -61.8839 23.9975 -72.916232
19.1422 -63.2514 24.2481 -72.922473
19.671 -63.8624 25.3071 -72.928708
20.2623 -64.3588 26.3522 -72.934765
21.638 -65.0559 26.1487 -72.940664
22.7173 -66.1327 25.8633 -72.94677
23.7256 -67.2733 25.5197 -72.952609
24.6112 -68.47 25.1932 -72.958107
24.9681 -69.954 24.971 -72.963397
24.9964 -70.9802 24.2159 -72.968746
24.9684 -71.117 22.6615 -72.974102
24.9404 -71.2538 21.1072 -72.979068
24.9124 -71.3907 19.5528 -72.983641
24.8648 -71.4567 17.9963 -72.987866
24.9221 -71.7069 16.7213 -72.991789
25.4185 -72.6144 17.5247 -72.995487
25.5779 -72.8182 19.0637 -72.998903
25.6724 -73.1458 20.5059 -73.001888
25.5385 -73.7136 21.7923 -73.004592
25.5469 -73.9336 23.3373 -73.006913
25.5553 -74.1535 24.8823 -73.008765
26.4257 -75.2629 24.9859 -73.010168
26.2037 -76.801 24.991 -73.011128
26.3234 -78.3421 25.0702 -73.011618
-4.7208 -44.7161 -0.023 -72.523991
-5.1299 -46.1818 0.6944 -72.531137
-5.3697 -46.9913 2.259 -72.538362
-5.7718 -48.0995 3.5791 -72.545615
-6.3113 -49.4357 4.5711 -72.552947
-6.1052 -51.0319 5.3148 -72.560328
-5.9754 -52.7323 5.8136 -72.567763
-5.3005 -54.3124 6.0843 -72.575259
-5.5666 -55.9139 6.2159 -72.582818
-6.3626 -57.4622 6.4728 -72.590427
-7.4327 -58.7683 6.9386 -72.598098
-8.3123 -60.0607 7.6969 -72.605828
-9.2075 -61.5771 7.5449 -72.613583
-10.0182 -63.1512 7.7642 -72.621402
-10.4982 -64.8336 7.9938 -72.629251
-11.098 -66.494 8.2496 -72.637169
-11.5795 -68.0917 8.8213 -72.645131
-11.4778 -69.48 9.814 -72.653118
-11.3768 -70.9824 10.6772 -72.66117
-11.1615 -72.6665 10.9417 -72.669279
-11.9531 -74.0675 10.3517 -72.677422
-12.2253 -75.2856 9.1163 -72.685609
-12.386 -76.5528 7.8889 -72.693813
-12.4919 -77.8973 6.8778 -72.702074
-12.6418 -79.6702 6.7282 -72.71036
-12.8923 -81.2283 7.3625 -72.718687
-13.0636 -82.0267 8.8276 -72.727115
-12.8375 -83.2389 8.8894 -72.735499
-12.4716 -84.694 8.0205 -72.743927
-12.6797 -85.5671 7.0599 -72.752401
-12.5183 -84.1321 6.1622 -72.760956
-12.5292 -84.0813 7.3739 -72.769549
-11.895 -85.6688 7.8198 -72.778147
-11.5229 -87.2946 8.4116 -72.786743
-10.3324 -88.1124 9.2259 -72.795347
-10.675 -89.8262 9.467 -72.803984
-11.2148 -91.4903 9.7261 -72.812584
-11.4919 -93.2205 9.9224 -72.821164
-11.8689 -94.9605 9.9938 -72.829749
-12.2215 -96.7085 9.9892 -72.838278
-12.5548 -98.4528 9.9031 -72.846797
-13.101 -100.1246 9.6027 -72.85526
-13.6123 -101.6942 9.0552 -72.86369
-14.5178 -102.8115 8.0351 -72.872076
-14.732 -103.8321 6.6289 -72.880428
-14.736 -104.949 5.3416 -72.888722
-14.7897 -105.5564 3.6632 -72.896943
-14.9175 -106.1934 2.0059 -72.905046
-14.8119 -107.3154 0.66 -72.91295
-14.3904 -108.3157 -0.7477 -72.920766
-14.0768 -109.6227 -1.5126 -72.928374
-14.1581 -111.3783 -1.2027 -72.935817
-14.4574 -112.7137 -0.3129 -72.943106
-14.5581 -113.8268 1.0481 -72.950157
-14.5629 -114.7419 2.5821 -72.957018
-14.3372 -115.8187 3.9677 -72.963584
-14.0073 -116.8255 5.38 -72.969885
-13.5104 -118.0936 6.4955 -72.975873
-13.0668 -119.695 6.5246 -72.98153
-12.4966 -121.0534 5.5568 -72.986811
-12.0851 -122.6625 5.1356 -72.991711
-12.5004 -124.2153 4.474 -72.996199
-12.6759 -125.9354 4.076 -73.00022
-13.0189 -127.5669 3.9008 -73.003775
-13.6129 -129.2115 3.7998 -73.006808
-14.5095 -130.7248 3.617 -73.009295
-15.1909 -132.314 3.2206 -73.011206
-16.0458 -133.6469 2.4524 -73.012511
-17.0046 -135.0632 2.0492 -73.013179
-3.6471 -8.0538 -0.0157 -72.230097
-1.3228 -8.9468 -0.0471 -72.23453
0.9314 -9.9936 -0.0832 -72.239339
2.6625 -11.7633 -0.1495 -72.245332
3.884 -13.4015 -0.8686 -72.2549
4.2751 -14.1359 -3.2157 -72.276189
4.6663 -14.8703 -5.5627 -72.297254
5.0575 -15.6047 -7.9097 -72.318092
5.4487 -16.3392 -10.2567 -72.338698
5.5082 -15.6747 -11.481 -72.354288
5.7528 -14.1284 -10.9972 -72.364087
5.1317 -14.013 -9.0503 -72.37422
5.6382 -14.026 -8.2186 -72.384976
7.6439 -14.2766 -7.8039 -72.395972
9.6042 -14.0356 -7.3728 -72.406858
11.4824 -13.5321 -6.7322 -72.418043
12.4397 -13.1153 -5.3274 -72.429564
13.1732 -12.7275 -3.4442 -72.441521
14.0029 -12.5015 -1.5695 -72.453835
14.9232 -12.6143 0.2611 -72.466456
16.0509 -12.8503 1.9217 -72.479427
17.2291 -12.7352 3.6117 -72.492905
18.6969 -13.072 4.9744 -72.506465
20.4387 -12.843 5.9867 -72.520396
22.2399 -12.9948 6.2182 -72.530536
23.7688 -13.3762 5.9788 -72.536584
25.0057 -12.6222 5.3936 -72.542677
26.3571 -12.2571 4.8087 -72.548801
27.8738 -11.9691 4.5669 -72.554984
29.2461 -11.1445 4.4391 -72.561194
30.8012 -10.7714 4.3716 -72.567411
32.3851 -10.5715 4.2891 -72.573659
33.2233 -10.1298 4.9983 -72.579978
34.0663 -9.8024 5.9221 -72.586297
35.5597 -9.845 6.5062 -72.592606
36.9026 -9.7278 7.2501 -72.598942
38.2463 -9.5474 7.9246 -72.605243
39.7277 -9.1425 8.3952 -72.611531
41.1759 -8.7377 8.951 -72.617797
42.5633 -8.3419 9.5488 -72.624072
43.7337 -8.1277 8.583 -72.630305
45.1311 -8.0308 7.9631 -72.636475
46.5242 -8.3092 7.3517 -72.64257
47.4104 -8.3281 6.0274 -72.648657
48.547 -8.1523 4.9694 -72.654619
50.1277 -8.0481 4.8161 -72.660486
51.0302 -8.412 5.9293 -72.666355
52.4231 -8.5023 6.17 -72.672021
53.895 -8.5955 6.6905 -72.67758
54.9911 -8.7652 7.7616 -72.682981
56.4893 -8.9904 7.679 -72.688192
57.587 -10.1308 7.9043 -72.693215
59.0801 -10.6364 8.1455 -72.69805
60.6014 -11.0022 8.4608 -72.702635
61.9959 -11.5958 8.0265 -72.706972
62.9752 -11.9724 7.058 -72.711105
63.4644 -12.0743 5.5381 -72.714934
64.0395 -11.9612 4.047 -72.718489
64.4337 -11.9546 2.4888 -72.721711
64.823 -11.932 0.9297 -72.724541
65.2041 -11.8836 -0.6309 -72.726949
65.5558 -11.8356 -2.1985 -72.728941
65.8976 -11.7879 -3.7682 -72.730459
66.4194 -11.7876 -5.282 -72.731489
66.4944 -12.5596 -6.6605 -72.73202
21.8035 -12.9643 5.5087 -72.531666
22.2928 -12.8975 4.0421 -72.539796
22.782 -12.8307 2.5755 -72.547702
23.2713 -12.7639 1.1089 -72.555381
23.7606 -12.6971 -0.3578 -72.562832
24.2499 -12.6303 -1.8244 -72.57005
24.7391 -12.5635 -3.291 -72.577035
25.2284 -12.4967 -4.7576 -72.583784
25.7177 -12.4299 -6.2242 -72.590294
26.2069 -12.363 -7.6908 -72.596564
26.8935 -12.3131 -8.9994 -72.602637
27.9931 -12.1349 -10.0456 -72.608662
29.4155 -12.0244 -10.5719 -72.614665
30.9321 -12.139 -10.7879 -72.620617
32.4337 -12.4908 -10.7732 -72.626574
33.7283 -13.0404 -10.3346 -72.63246
34.9591 -13.7394 -9.781 -72.638297
36.3049 -14.3754 -9.3611 -72.644095
37.7863 -14.4064 -8.971 -72.649912
38.9765 -14.4204 -8.3072 -72.655645
39.509 -14.5028 -6.8771 -72.661252
40.803 -14.1184 -7.3333 -72.666684
42.1172 -13.7343 -7.9502 -72.671989
43.481 -14.2451 -8.4653 -72.677141
44.8322 -14.6862 -9.0455 -72.682132
46.2199 -15.1571 -9.5418 -72.686955
47.4998 -15.7968 -10.1041 -72.691556
48.4919 -16.341 -10.9949 -72.695966
49.2648 -16.5571 -12.2212 -72.700149
50.6437 -17.0063 -12.5265 -72.704043
52.1626 -17.2199 -12.7123 -72.707662
53.5098 -17.9199 -12.5815 -72.710966
54.8261 -18.5114 -12.0649 -72.713948
56.0144 -19.3898 -11.6485 -72.716568
57.1511 -20.3793 -11.2981 -72.718817
58.5784 -20.83 -11.009 -72.720655
59.5198 -21.3446 -11.6244 -72.722097
59.9152 -21.5013 -13.1121 -72.723075
60.3293 -21.6363 -14.5919 -72.723576
5.542 -17.4481 -11.9734 -72.35266
5.2752 -19.0549 -12.8511 -72.359008
4.5319 -20.5356 -13.6308 -72.365435
4.2842 -21.2679 -12.1504 -72.37203
4.5234 -21.5541 -11.2061 -72.378586
5.0916 -22.5097 -9.9139 -72.385262
5.6355 -23.6108 -8.5295 -72.391985
6.4022 -24.9693 -7.5369 -72.39878
6.6335 -26.3097 -6.3211 -72.405617
7.1852 -27.3717 -7.4784 -72.412571
7.7638 -28.2275 -9.037 -72.419569
9.1599 -28.8455 -10.0123 -72.426568
10.2945 -29.4271 -11.2255 -72.433634
12.0307 -29.9265 -10.7637 -72.440773
13.7255 -30.5864 -10.4924 -72.447951
15.1918 -31.515 -11.0288 -72.45517
16.7178 -31.6949 -12.0524 -72.462458
18.2188 -31.9125 -13.1144 -72.469792
19.9511 -32.1969 -13.7295 -72.47718
21.5074 -33.0418 -14.1745 -72.484886
22.8543 -34.2615 -14.6414 -72.492651
24.0059 -35.5947 -15.1729 -72.500203
24.5296 -37.1036 -15.7174 -72.507807
24.7232 -37.5624 -17.5262 -72.515551
25.1008 -38.2263 -19.2142 -72.52331
26.3789 -39.4506 -19.5884 -72.531019
28.1291 -39.8596 -20.0602 -72.538759
29.3513 -39.6098 -21.3429 -72.546566
30.6809 -38.9744 -22.3478 -72.554409
31.8544 -39.4408 -23.699 -72.562306
32.7072 -40.1312 -24.5207 -72.570217
34.1875 -40.0661 -24.2388 -72.578174
35.3747 -39.954 -25.6606 -72.58616
36.0556 -40.1808 -27.3735 -72.594273
37.1117 -40.5409 -28.8636 -72.602316
37.9499 -40.8975 -30.5002 -72.610373
38.8019 -40.6861 -32.1277 -72.618456
39.8174 -40.5169 -33.6425 -72.6265
40.8901 -40.7217 -35.068 -72.634517
42.5305 -41.61 -35.2384 -72.642507
44.3755 -41.8861 -35.4176 -72.650469
45.9871 -42.2694 -36.0731 -72.658406
47.4878 -43.2765 -36.1873 -72.666445
49.3319 -43.6209 -36.2065 -72.674578
51.1887 -43.712 -36.2324 -72.682403
53.0372 -43.4731 -36.3042 -72.690136
54.8899 -43.6769 -36.497 -72.697746
56.6959 -43.5991 -36.9065 -72.705261
58.2639 -44.1277 -37.6876 -72.712648
59.5341 -44.5902 -38.7803 -72.71995
60.5988 -45.0677 -39.8571 -72.727033
61.8729 -46.2433 -40.1922 -72.73393
63.3313 -46.5896 -41.0735 -72.740651
64.0217 -46.6763 -42.7931 -72.747191
64.5704 -46.7494 -44.583 -72.753474
64.8703 -46.6711 -46.4334 -72.759695
65.1687 -46.5915 -48.2839 -72.765427
65.5964 -46.5388 -50.1097 -72.770835
65.7108 -46.4215 -51.9702 -72.776263
65.6981 -46.2783 -53.8407 -72.781243
65.6854 -46.1351 -55.7113 -72.785596
65.6727 -45.9919 -57.5819 -72.789313
65.7296 -45.7497 -59.4403 -72.792575
65.8135 -45.4694 -61.2934 -72.795218
66.0243 -45.0935 -63.1166 -72.797234
66.1717 -44.6856 -64.9394 -72.798626
66.3305 -44.1781 -66.4646 -72.799337
5.6517 -16.7814 -12.2027 -72.356454
5.689 -16.9607 -13.7308 -72.370149
5.7263 -17.14 -15.259 -72.383614
5.7636 -17.3194 -16.7872 -72.396848
5.8009 -17.4987 -18.3154 -72.409853
5.8383 -17.678 -19.8436 -72.422628
5.8756 -17.8574 -21.3717 -72.435174
5.9129 -18.0367 -22.8999 -72.447489
5.9502 -18.216 -24.4281 -72.459574
5.9875 -18.3954 -25.9563 -72.471427
6.0248 -18.5747 -27.4845 -72.483048
6.0621 -18.754 -29.0126 -72.494436
6.0994 -18.9334 -30.5408 -72.505588
6.1367 -19.1127 -32.069 -72.516503
6.1741 -19.292 -33.5972 -72.527179
6.2114 -19.4714 -35.1254 -72.537614
6.2487 -19.6507 -36.6536 -72.547806
6.286 -19.83 -38.1817 -72.557753
6.3233 -20.0094 -39.7099 -72.567451
6.3606 -20.1887 -41.2381 -72.576899
6.3979 -20.368 -42.7663 -72.586093
6.4352 -20.5474 -44.2945 -72.595029
6.4725 -20.7267 -45.8226 -72.603706
6.5099 -20.906 -47.3508 -72.61212
6.5472 -21.0854 -48.879 -72.620267
6.5845 -21.2647 -50.4072 -72.628143
6.6218 -21.444 -51.9354 -72.635746
6.6591 -21.6234 -53.4635 -72.643071
6.6964 -21.8027 -54.9917 -72.650116
6.7337 -21.982 -56.5199 -72.656875
6.771 -22.1614 -58.0481 -72.663346
6.8083 -22.3407 -59.5763 -72.669525
6.8457 -22.52 -61.1045 -72.675408
6.883 -22.6994 -62.6326 -72.680992
6.9394 -22.8766 -64.1572 -72.686273
8.1498 -22.8799 -64.1006 -72.691378
8.9886 -23.516 -62.989 -72.696395
9.9314 -24.3205 -62.1091 -72.701248
10.5435 -25.411 -61.3105 -72.705982
11.1641 -26.7642 -60.9602 -72.710541
11.7371 -28.177 -61.0516 -72.714902
12.2468 -29.4991 -61.4619 -72.719067
12.6299 -30.7915 -61.1111 -72.723029
13.0367 -32.212 -60.6823 -72.726745
13.4206 -33.6473 -60.2909 -72.730206
13.672 -35.0666 -59.8345 -72.733376
13.7802 -36.5811 -60.0484 -72.736223
13.7177 -38.0731 -60.4184 -72.738732
13.5658 -39.5761 -60.7091 -72.740889
13.3014 -41.0704 -60.6511 -72.74266
13.3571 -42.0105 -59.4467 -72.744038
13.5377 -43.0476 -58.3404 -72.744976
13.6333 -44.0606 -57.3331 -72.745457
-2.4565 -0.91 0.0523 -72.200454
-2.8293 2.667 0.2464 -72.173148
-3.0866 6.216 0.7208 -72.145238
-2.2413 9.6979 1.5153 -72.116616
-0.7404 12.7593 0.9662 -72.087534
0.227 15.8879 -1.0884 -72.056723
0.5524 20.1154 -1.9386 -72.024149
0.4575 24.418 -2.5408 -71.990857
0.4389 27.3767 -5.5178 -71.956798
-0.013 29.9656 -8.7108 -71.922054
-0.1419 14.3216 0.264 -72.072039
0.8616 14.8245 1.2959 -72.063562
2.5303 15.409 3.4469 -72.047835
5.0961 15.9466 3.8822 -72.031588
7.8356 16.5695 3.9069 -72.01471
10.5566 17.2922 4.0994 -71.997441
13.2701 17.9524 4.5537 -71.979656
15.8121 18.8134 4.7988 -71.961411
17.2134 19.7132 4.344 -71.948848
17.5574 19.3689 4.0634 -71.949459
-0.9274 14.3109 0.2417 -72.07163
-2.5488 14.1754 0.0246 -72.072221
-4.1702 14.04 -0.1925 -72.072763
-5.6969 13.9854 -0.1496 -72.07325
-6.0083 14.0245 0.9686 -72.073683
-4.7591 13.8534 0.1003 -72.074053
-4.5248 13.8442 -1.5168 -72.074426
-4.3735 13.8457 -3.1513 -72.074701
-4.2222 13.8471 -4.7858 -72.074875
-4.0708 13.8486 -6.4202 -72.074959
-3.7648 13.9278 -8.018 -72.074973
-3.1571 14.1597 -9.5252 -72.07494
-2.5409 14.9686 -10.6984 -72.074893
-0.6612 32.5013 -8.9792 -71.90041
-1.3441 34.6869 -8.6538 -71.883652
-2.5162 37.7967 -7.959 -71.858027
-4.0883 40.798 -9.2426 -71.832008
-6.1771 43.4321 -10.5669 -71.80562
-7.4526 45.9637 -12.4793 -71.77882
-8.199 48.9959 -14.3148 -71.751328
-8.488 52.2581 -16.0262 -71.723155
-8.9751 55.6713 -17.3793 -71.694595
-8.9724 59.3456 -17.9864 -71.665668
-8.8355 62.9598 -18.9326 -71.636352
-8.1651 65.7964 -21.101 -71.606629
-8.071 69.4931 -21.2598 -71.576541
-8.0725 72.7987 -19.5494 -71.547745
-8.8931 75.9303 -20.6534 -71.523554
-9.8467 77.8663 -22.8286 -71.502321
-10.916 79.9845 -24.8489 -71.480905
-11.8107 82.572 -26.461 -71.457764
-13.9622 85.1541 -28.0376 -71.432902
-15.428 87.4195 -30.0798 -71.407726
-16.2874 89.1284 -32.8169 -71.38583
-17.1302 91.8068 -33.4334 -71.367308
-16.6579 94.7355 -33.3269 -71.348651
-16.2793 97.4317 -32.2507 -71.329875
-16.0966 100.3779 -31.8618 -71.310967
-15.6048 103.2146 -31.8672 -71.283229
-15.0646 104.6984 -30.0846 -71.246465
-14.4099 106.6313 -31.3901 -71.209522
-13.9013 109.3975 -31.7321 -71.172335
-13.1382 112.1018 -31.8855 -71.134907
-12.0288 114.6912 -32.2205 -71.097196
-9.9615 116.491 -32.7147 -71.059248
-8.3964 118.5551 -33.6954 -71.021038
-7.0441 120.3709 -35.2413 -70.982534
-16.3107 103.1222 -31.2609 -71.290908
-17.0106 105.6108 -30.0258 -71.270161
-17.7104 108.0993 -28.7907 -71.249821
-18.4103 110.5878 -27.5556 -71.229887
-19.1321 113.0846 -26.3544 -71.210357
-20.0839 115.6275 -25.7828 -71.190984
-21.6544 117.8269 -26.4818 -71.171616
-22.4041 120.0541 -28.0006 -71.152228
-23.8204 121.9956 -29.2918 -71.132859
-16.2837 88.4956 -30.6847 -71.384122
-16.9057 88.45 -28.8674 -71.362553
-17.5277 88.4044 -27.0501 -71.341365
-18.1496 88.3588 -25.2328 -71.320559
-18.7716 88.3131 -23.4155 -71.300141
-19.3936 88.2675 -21.5982 -71.280114
-20.0155 88.2219 -19.7808 -71.26048
-20.6375 88.1763 -17.9635 -71.241242
-21.2595 88.1307 -16.1462 -71.222401
-21.8814 88.0851 -14.3289 -71.203961
-22.5034 88.0394 -12.5116 -71.185922
-23.1253 87.9938 -10.6943 -71.168287
-23.7473 87.9482 -8.8769 -71.151056
-24.3693 87.9026 -7.0596 -71.13423
-24.9912 87.857 -5.2423 -71.117811
-25.6132 87.8114 -3.425 -71.101799
-26.2352 87.7657 -1.6077 -71.086195
-26.8571 87.7201 0.2096 -71.070999
-27.4791 87.6745 2.0269 -71.056211
-28.1011 87.6289 3.8443 -71.041832
-28.723 87.5833 5.6616 -71.027861
-10.6474 82.0467 -25.97 -71.464588
-9.8973 83.5702 -26.7997 -71.45369
-8.9166 84.4636 -28.1497 -71.442779
-7.9416 85.635 -29.2349 -71.431855
-6.7633 86.7616 -30.2244 -71.420951
-5.9934 87.8877 -31.5 -71.410046
-4.805 89.0805 -31.9871 -71.399154
-4.0074 90.0975 -33.2964 -71.388201
-3.642 91.5318 -34.1524 -71.377322
-3.5504 92.2381 -35.0395 -71.366452
-2.6112 93.3175 -34.37 -71.355581
-1.4138 94.7914 -34.5426 -71.344792
-0.1697 96.0984 -35.117 -71.334042
0.8889 97.112 -35.3375 -71.32333
1.8787 97.6218 -33.8386 -71.312657
3.297 98.6527 -34.2066 -71.302112
4.478 100.1526 -34.2331 -71.29168
5.7259 101.6013 -34.2783 -71.281321
6.9236 103.076 -34.3329 -71.271097
8.2378 104.4594 -34.2789 -71.260989
9.708 105.6324 -34.1824 -71.251042
11.0242 106.9149 -34.1788 -71.241219
12.03 108.5293 -34.2938 -71.231561
12.8387 110.237 -34.4028 -71.222081
13.6986 111.9172 -34.2947 -71.21279
14.9808 113.3035 -34.0183 -71.203712
16.3534 114.5382 -33.5266 -71.194851
-8.0122 74.6652 -19.0128 -71.52862
-7.3733 74.7434 -17.1393 -71.517942
-6.2129 74.8717 -15.5661 -71.507367
-4.6588 75.1485 -14.4836 -71.496821
-2.9313 75.2005 -13.5318 -71.486274
-1.1908 75.5548 -14.025 -71.475721
0.2492 75.4182 -15.2751 -71.465154
1.6994 75.2949 -16.4498 -71.454626
3.456 75.8724 -16.5978 -71.4441
4.909 77.061 -16.0201 -71.433597
6.3489 78.0205 -15.2054 -71.423135
7.6777 78.1558 -16.557 -71.412642
9.1932 78.8939 -17.1669 -71.402223
10.3243 80.3116 -17.9293 -71.39186
11.8031 81.2429 -18.8099 -71.381568
13.3202 82.0201 -19.7154 -71.371338
14.672 82.8734 -20.8357 -71.361198
15.8195 84.0369 -21.4716 -71.351166
17.3968 85.0052 -21.5241 -71.341229
19.1523 85.9091 -21.6233 -71.331406
20.835 86.8367 -21.5731 -71.321713
22.3782 87.6805 -22.4819 -71.312128
23.6336 88.6822 -23.6145 -71.30271
25.3121 89.236 -24.4178 -71.293457
26.9271 90.1776 -25.069 -71.284191
28.5711 91.1435 -25.6063 -71.275011
30.1849 92.1759 -26.0934 -71.266282
31.906 93.0582 -26.3886 -71.25782
33.349 94.3802 -26.2354 -71.249596
34.682 95.7638 -25.7885 -71.24163
36.0698 96.9946 -25.1164 -71.23393
-9.1332 71.1226 -19.9391 -71.548997
-11.2049 71.3971 -19.3463 -71.52453
-12.2503 72.1505 -17.4371 -71.499673
-13.2771 72.9723 -16.3017 -71.474482
-15.0629 74.4381 -16.0237 -71.448991
-17.1889 75.3374 -15.9102 -71.4231
-18.7708 76.7954 -16.5998 -71.396831
-20.2396 77.7578 -18.0502 -71.370128
-21.4318 79.2493 -19.3169 -71.343092
-22.4493 80.8848 -20.0685 -71.322834
-23.644 82.5321 -19.9209 -71.309697
-25.2693 83.8199 -19.7197 -71.296564
-26.4282 85.5474 -19.5741 -71.28341
-27.4271 87.2915 -19.7394 -71.270219
-28.2555 88.0894 -18.5764 -71.256887
-28.4362 88.7812 -16.6121 -71.243484
-28.7184 89.4709 -14.6555 -71.230205
-28.5952 90.5234 -12.9306 -71.216977
-28.0087 92.2281 -11.8717 -71.203766
-28.1824 93.3344 -10.523 -71.190527
-28.881 94.9101 -9.3484 -71.177306
-29.1637 96.6406 -8.2343 -71.16412
-29.7507 98.589 -7.8416 -71.150962
-31.2546 100.014 -7.7767 -71.13783
-32.9856 101.1833 -7.8435 -71.124771
-34.438 102.6859 -7.93 -71.111727
-35.8645 104.1959 -8.077 -71.098745
-37.7492 105.0636 -8.2888 -71.085842
-39.7252 105.5106 -8.4883 -71.072972
-41.4274 106.5542 -8.4275 -71.060145
-22.5697 79.9845 -21.0657 -71.321574
-23.5049 79.5868 -23.0086 -71.307534
-24.7357 79.2357 -23.1851 -71.294931
-26.0186 79.7983 -22.2548 -71.28235
-27.6912 80.6895 -21.9109 -71.269773
-29.3246 81.7314 -21.4655 -71.25721
-31.1306 82.4861 -21.4143 -71.244662
-32.9071 83.2024 -21.5235 -71.232086
-34.8537 83.2248 -21.3716 -71.219526
-36.6622 83.819 -20.8419 -71.206968
-38.0322 83.5029 -19.5874 -71.194392
-39.4902 83.5562 -18.2934 -71.181854
-40.9141 84.0358 -17.0459 -71.169339
-42.4783 85.0996 -16.5078 -71.15689
-44.0118 86.2891 -16.2793 -71.144479
-45.0805 86.8165 -17.3328 -71.13186
-45.3985 87.0849 -19.2874 -71.119378
-46.0085 87.5938 -21.1008 -71.106927
-46.5256 87.8633 -23.0125 -71.094535
-47.0124 88.1443 -24.9307 -71.082209
-48.0466 88.8001 -25.8124 -71.070115
-49.3531 89.8139 -24.8517 -71.058105
-23.4169 79.5945 -22.041 -71.313879
-7.4755 47.1812 -14.128 -71.763409
-6.6397 46.9581 -15.442 -71.759848
-6.0885 47.0624 -16.854 -71.756446
-5.6785 47.4504 -18.3124 -71.753124
-5.0375 48.1975 -19.4234 -71.749921
-4.9376 48.8586 -20.8471 -71.746817
-4.8994 49.5688 -22.2208 -71.743836
-4.8067 50.8524 -23.1201 -71.741008
-4.348 52.1399 -23.896 -71.738196
-3.8636 53.4258 -24.6617 -71.735647
-3.2759 54.7308 -25.2965 -71.733349
-2.6137 56.0992 -25.6637 -71.731266
-1.9972 57.5231 -25.7699 -71.729386
-0.7472 58.4335 -25.8246 -71.727731
0.1834 59.5702 -25.9895 -71.726315
1.0556 60.8294 -26.3063 -71.725156
1.4265 62.1744 -26.9168 -71.724267
1.2466 63.3678 -27.9187 -71.72366
0.8615 64.5278 -28.8693 -71.723349
-1.2039 34.2315 -8.7378 -71.88588
-2.1645 36.692 -8.3921 -71.864895
-3.11 39.1845 -8.3928 -71.843486
-3.9026 40.3411 -6.7187 -71.821628
-4.4638 40.8393 -4.1593 -71.79927
-5.2514 41.2336 -1.6507 -71.776525
-6.4986 41.3875 0.6577 -71.75343
-6.9016 41.3668 3.1344 -71.729785
-8.3244 41.1475 5.0228 -71.705969
-9.0777 42.2825 6.6587 -71.684793
-10.4818 44.1286 6.7312 -71.666422
-12.0542 45.877 6.472 -71.647839
-13.7926 47.4551 6.7415 -71.629026
-14.3287 48.7274 8.6097 -71.609917
-14.2892 50.0448 10.5825 -71.590631
-14.3831 52.2013 11.5125 -71.571159
-15.4653 54.1641 11.5993 -71.551483
-15.9872 56.1264 10.7348 -71.531568
-15.9935 58.493 10.4465 -71.511454
-16.6674 59.2873 8.5547 -71.490995
-17.4698 59.7595 6.3608 -71.470347
-17.8092 61.9411 6.2291 -71.449566
-19.8136 62.8997 6.5069 -71.428495
-21.3274 63.1601 7.9551 -71.4071
-22.8218 64.0013 9.1439 -71.389466
-24.7396 64.6596 9.7419 -71.375766
-25.9313 65.6939 8.2209 -71.362038
-27.3521 67.091 7.1443 -71.348268
-27.8515 68.7801 5.7356 -71.334466
-28.9706 70.1238 4.2552 -71.320666
-29.8302 71.1977 2.3661 -71.306815
-30.5772 72.9481 2.3143 -71.292934
-31.2511 73.9836 4.3225 -71.279047
-31.8836 74.7971 6.3519 -71.265123
-33.4979 76.3178 6.0157 -71.251265
-35.3494 77.7054 5.6794 -71.237415
-36.2359 77.7987 3.4859 -71.223477
-36.823 78.2142 1.2302 -71.209537
-37.2962 78.8752 -1.0041 -71.195621
-38.0777 79.5243 -3.1351 -71.181799
-38.5828 79.8578 -5.4262 -71.167904
-40.1286 80.7679 -6.86 -71.154148
-41.8887 81.3717 -5.9333 -71.140399
-43.201 81.2826 -4.0378 -71.126635
-44.3102 81.7185 -2.0187 -71.112957
-23.2557 64.0561 8.131 -71.390882
-24.9649 64.9635 8.1844 -71.379995
-26.0616 65.9005 8.9001 -71.368891
-26.305 66.1448 10.8713 -71.357715
-26.4364 66.2766 12.8582 -71.346745
-26.7662 66.3845 14.8041 -71.335818
-28.2543 66.3369 15.7942 -71.324954
-29.7596 66.2207 16.7645 -71.31406
-29.8152 66.2528 18.7633 -71.30319
-30.2709 66.9957 19.6957 -71.292362
-31.7156 67.9135 20.4594 -71.281503
-32.1409 69.5247 21.5115 -71.270694
-33.0427 71.1208 22.2483 -71.25996
-33.7682 72.7602 23.0868 -71.249285
-34.714 74.4169 23.6586 -71.238696
-35.5114 76.0162 24.4887 -71.22818
-35.8784 77.7991 25.2812 -71.217727
-36.6919 79.4931 25.9091 -71.207368
-37.5921 81.2366 26.1638 -71.197134
-37.9648 82.9348 26.6532 -71.186949
-38.1232 84.1537 28.0096 -71.176929
-37.4894 85.6297 29.04 -71.16704
-37.0034 87.4849 29.1485 -71.157299
-36.7841 89.4485 29.2879 -71.147395
-36.3959 91.4052 29.448 -71.137686
-9.6387 41.5186 6.3846 -71.69013
-11.2133 41.8239 6.3128 -71.682656
-12.0979 42.4791 4.8865 -71.675099
-13.2557 43.35 3.9751 -71.667573
-14.2423 43.577 2.4577 -71.660025
-15.3556 43.71 1.0276 -71.652495
-15.9894 44.5732 -0.4476 -71.644961
-16.6871 45.12 -2.0478 -71.637451
-17.7188 45.8368 -3.2857 -71.629933
-18.5783 46.8498 -4.5254 -71.622449
-19.9074 47.2662 -5.6939 -71.615003
-21.5852 47.5437 -6.3542 -71.607613
-22.9761 48.6597 -6.3259 -71.600296
-24.3563 49.8697 -6.2079 -71.59303
-25.8552 50.8966 -6.0169 -71.585856
-27.0962 51.9486 -5.4199 -71.578731
-27.9482 52.3876 -3.9646 -71.571666
-29.654 52.5789 -3.9322 -71.564738
-30.6445 52.9077 -5.3714 -71.5579
-32.0441 53.5066 -6.2656 -71.551191
-33.4656 54.634 -6.5349 -71.544625
-34.9544 55.5474 -7.0531 -71.538219
-36.2819 56.6634 -7.6004 -71.531973
-37.6486 57.8611 -7.7756 -71.525888
-38.5034 59.4777 -7.6459 -71.519995
-39.3718 61.0534 -7.2838 -71.514334
-40.2991 62.551 -6.7638 -71.508893
-41.2384 64.045 -6.261 -71.503683
-41.8614 65.6914 -5.7694 -71.498738
-42.4591 67.2851 -5.1652 -71.494061
-43.3383 68.5969 -4.4191 -71.489675
-44.4522 70.0317 -4.1392 -71.485612
-45.5063 71.5345 -4.0501 -71.481866
-46.5569 73.035 -4.1531 -71.478468
-47.8716 74.2263 -4.5515 -71.475433
-48.8625 75.1738 -5.5759 -71.472782
-49.2408 75.7623 -7.2733 -71.470509
-49.4584 77.0985 -8.4631 -71.468672
-49.9501 78.752 -8.946 -71.467264
-51.026 79.8745 -9.2484 -71.466312
-51.28 79.9424 -10.8927 -71.465816
17.7044 20.951 4.9703 -71.94229
18.2015 22.2043 5.6044 -71.935699
18.6985 23.4577 6.2386 -71.929161
19.0912 25.152 6.8819 -71.920943
19.429 27.2733 6.757 -71.910914
20.0937 28.9393 5.4586 -71.90075
20.5192 30.5261 4.0181 -71.890452
21.7848 31.8769 2.8501 -71.880009
22.0977 33.1829 1.0434 -71.869429
23.2662 34.71 0.0406 -71.858774
23.7528 35.2305 -1.9989 -71.84796
24.4415 36.3316 -0.4475 -71.837014
25.2156 37.3871 1.3732 -71.825981
25.5431 38.1412 3.4507 -71.814824
26.3109 39.4951 5.0553 -71.803628
27.3125 40.7429 3.9319 -71.792337
27.6125 41.5008 5.9749 -71.780882
27.8649 42.4672 7.8245 -71.769375
28.5761 44.0126 9.106 -71.757828
29.3017 45.8785 9.8466 -71.746232
29.8444 47.4239 10.9837 -71.734493
29.8427 48.4745 12.9418 -71.722729
30.4043 50.5089 13.6559 -71.710932
32.2661 51.6774 14.0416 -71.69907
33.7432 53.3643 13.9508 -71.687169
35.3704 54.8773 13.6311 -71.67521
36.404 56.7929 13.1328 -71.663204
37.9566 57.9008 12.228 -71.651191
39.1636 59.6692 11.6914 -71.639133
40.7811 61.2139 11.412 -71.627035
42.5407 62.5144 11.7504 -71.614948
43.9242 63.8221 12.81 -71.602818
45.3908 65.165 13.6376 -71.590687
45.9271 67.2097 14.1714 -71.578598
46.6355 69.1359 14.3788 -71.566516
48.3635 70.1089 14.8857 -71.554436
49.6569 71.9103 15.1633 -71.542152
50.9513 73.7475 15.4455 -71.529897
52.8054 74.9337 15.6383 -71.517918
54.7263 75.5702 15.6827 -71.505997
56.0864 76.9982 15.657 -71.494129
57.1449 78.0802 14.4904 -71.482279
58.894 79.349 14.0314 -71.470539
60.9129 80.2627 14.3307 -71.45889
62.6887 81.5896 14.007 -71.44732
64.1912 82.1373 14.8133 -71.435789
65.3934 82.3955 16.5144 -71.424393
66.9021 83.2776 17.6975 -71.413161
67.4164 84.9808 18.6495 -71.402074
68.0681 86.9646 19.2519 -71.391186
18.9087 24.0362 7.1126 -71.925867
19.1476 18.9083 3.9431 -71.943358
20.9905 18.3979 3.8423 -71.936328
22.9152 18.2333 3.6481 -71.929176
24.7758 17.8958 3.3306 -71.921929
26.5871 18.0132 3.1308 -71.914576
28.3023 18.6484 3.6845 -71.907119
29.9424 18.8206 4.6508 -71.899581
31.2866 18.6601 5.9911 -71.891931
32.7096 18.1098 7.1234 -71.884207
34.1103 16.8391 7.543 -71.876418
35.4164 15.4177 7.7072 -71.868549
36.5618 14.0174 7.4707 -71.860621
38.0589 13.6462 6.35 -71.852636
39.8047 13.3092 5.8907 -71.844602
41.5119 12.7068 5.2455 -71.836514
42.8693 12.0614 4.0202 -71.828362
44.4573 11.3345 3.2295 -71.82018
45.9294 10.8303 2.4767 -71.811944
47.1014 10.1377 3.6205 -71.803699
48.3849 9.3089 4.6779 -71.795444
49.394 9.6773 6.2389 -71.787126
50.6478 10.0528 7.6185 -71.778811
51.9327 9.8336 9.0023 -71.770515
53.4883 10.1208 10.104 -71.762235
55.2334 9.8227 9.9071 -71.753977
57.0597 9.924 9.3135 -71.745257
58.8743 9.6526 8.6558 -71.736363
60.689 9.3812 7.9981 -71.727804
62.4959 9.1815 7.3186 -71.719564
64.0964 9.6659 6.3822 -71.711469
65.6128 10.0298 5.5676 -71.703431
66.3879 8.7348 6.61 -71.695444
67.0408 7.9267 8.2378 -71.687557
67.6184 7.3624 10.0083 -71.679727
68.2214 6.7991 11.7671 -71.671993
68.8557 6.3245 13.5452 -71.664415
69.5936 6.0215 15.3177 -71.656923
70.6128 5.6939 16.9232 -71.649615
71.846 5.1297 18.3139 -71.642515
73.446 5.6128 19.1551 -71.635559
75.1394 5.1362 19.9892 -71.628683
76.7792 5.1163 20.887 -71.622125
78.3203 5.541 21.9782 -71.615771
79.5543 6.0354 23.1887 -71.609653
80.477 6.477 24.7608 -71.603812
82.1371 6.4027 25.3832 -71.598231
83.992 6.8997 25.7174 -71.592935
85.8702 6.8251 26.0726 -71.587938
87.7509 6.7088 26.4848 -71.583265
89.6348 6.7028 26.6547 -71.578936
91.0074 6.4378 25.4152 -71.574976
92.1971 6.0461 24.0228 -71.57138
93.1627 5.5053 22.7795 -71.568101
93.4181 5.3578 20.8527 -71.565249
93.6827 5.205 18.9277 -71.562851
93.9559 5.0473 17.0042 -71.560919
94.7999 4.5071 17.8661 -71.559486
-1.9865 16.2264 -10.9822 -72.074874
-1.6114 17.3396 -11.0385 -72.074842
-1.1973 18.2526 -10.4886 -72.074807
-0.4899 18.8695 -10.968 -72.074778
0.4947 18.656 -11.4238 -72.074762
-5.9486 122.6202 -36.4545 -70.943732
-4.8563 124.4889 -38.1946 -70.904635
-3.4433 126.1431 -39.8024 -70.865311
-2.2407 128.597 -40.3971 -70.825763
-1.5188 131.295 -40.1613 -70.78594
-1.6696 134.0734 -40.2753 -70.745869
-2.517 136.7345 -40.7076 -70.705529
-3.2762 139.4376 -41.1589 -70.664924
-4.1563 142.1305 -41.3938 -70.624086
-4.9956 144.8475 -41.5126 -70.582981
-4.2109 147.46 -41.641 -70.54168
-3.9407 150.1251 -41.6099 -70.500095
-3.8535 152.9656 -41.6389 -70.458313
-3.8797 155.8081 -41.7765 -70.41625
-3.362 158.4701 -41.8809 -70.373932
-3.9026 161.1882 -41.8597 -70.331379
-4.6546 163.8938 -41.7416 -70.288596
-4.458 166.7321 -41.7051 -70.245585
-4.7248 169.4267 -41.9823 -70.202346
-5.9516 171.9513 -42.4086 -70.158856
-6.8697 174.6164 -42.5236 -70.115162
-7.1469 177.3942 -42.5991 -70.071226
-8.5483 179.5426 -43.6297 -70.027055
-9.0965 181.9163 -44.9846 -69.982566
-9.3572 184.5276 -45.8738 -69.937929
-10.3037 185.8819 -45.5629 -69.904034
-12.6165 185.7411 -44.527 -69.881392
-14.6492 185.7303 -43.1953 -69.859182
-16.2496 187.2653 -42.1906 -69.837148
-17.9145 189.1431 -41.8854 -69.815223
-19.4479 191.0685 -41.5909 -69.793406
-21.0169 192.9475 -41.0017 -69.771679
-22.4125 194.4386 -40.3024 -69.750049
-23.7068 195.9472 -39.0039 -69.728503
-25.0392 197.7028 -39.8911 -69.707067
-25.8175 200.0563 -40.2799 -69.685749
-26.6369 201.4551 -41.5533 -69.664491
-27.5289 202.2594 -40.2727 -69.643342
-29.472 203.3638 -40.3713 -69.622358
-31.4096 204.4733 -39.3932 -69.601483
-31.9894 205.4816 -37.1556 -69.580633
-32.896 206.6385 -35.2063 -69.55996
-33.7738 206.9925 -32.8727 -69.539354
-35.326 208.2821 -31.3862 -69.518945
-36.5537 210.18 -30.3332 -69.498655
-37.6503 212.1937 -29.5135 -69.478487
-38.7499 214.0475 -28.2022 -69.458408
-38.8366 216.2339 -27.1303 -69.438424
-39.8429 217.9451 -25.6872 -69.418522
-40.3547 220.3663 -25.6679 -69.398697
-9.0607 186.6005 -47.0068 -69.904179
-8.6412 188.5188 -48.1723 -69.881566
-7.9227 189.8909 -49.7878 -69.858981
-7.3389 191.2666 -51.5099 -69.83645
-6.8689 192.8579 -53.067 -69.81401
-6.5717 194.5306 -54.6272 -69.791623
-6.699 195.7688 -56.5782 -69.769259
-6.6007 197.3796 -57.9455 -69.747003
-5.361 198.4457 -59.4593 -69.724794
-4.0706 199.0919 -61.2062 -69.702639
-2.56 200.3359 -61.9713 -69.680629
-1.1767 202.1203 -62.473 -69.658694
0.1257 203.765 -63.1817 -69.636859
0.5779 205.9809 -62.9411 -69.615086
1.7705 207.8999 -62.7909 -69.593395
1.7806 210.0234 -63.3852 -69.571778
1.251 212.0868 -62.5412 -69.550227
0.3882 214.2228 -62.3899 -69.52879
-0.4598 216.2968 -62.9067 -69.507446
-1.2479 218.4121 -63.4146 -69.486174
-2.0973 220.5416 -63.7457 -69.464988
-3.4118 222.4275 -63.923 -69.443889
-5.2388 223.8332 -64.0726 -69.422867
-7.0057 225.2983 -64.337 -69.401908
-8.1122 227.0393 -64.9339 -69.380962
-8.3675 229.0243 -65.402 -69.364986
-8.7031 230.7886 -65.6689 -69.353986
-9.2813 232.5101 -65.8231 -69.343054
-9.2237 228.2929 -64.8468 -69.365752
-10.9382 228.5001 -64.259 -69.356463
-12.6565 228.7042 -63.682 -69.347465
-25.5183 124.0162 -29.3962 -71.114925
-26.4756 125.8583 -28.1987 -71.098394
-27.6755 127.8327 -27.6028 -71.081887
-27.9279 128.8492 -29.077 -71.065364
-28.5728 129.8586 -27.39 -71.048789
-29.4951 131.5172 -26.0388 -71.032335
-30.3172 133.5583 -25.0126 -71.015898
-30.9903 134.755 -23.0132 -70.99949
-31.8576 136.0757 -21.167 -70.983123
-32.9249 137.8539 -19.8699 -70.966805
-34.7749 138.8966 -19.3111 -70.950515
-36.3176 139.9122 -18.0849 -70.934293
-37.4604 141.3871 -16.8864 -70.918126
-38.6623 143.1941 -16.0632 -70.901991
-40.1691 144.5551 -14.9429 -70.885887
-41.2877 146.3296 -14.9203 -70.869828
-42.5778 148.1549 -14.027 -70.85384
-43.9866 149.9737 -13.1872 -70.837944
-45.0144 151.7833 -12.0503 -70.822103
-45.5532 153.8159 -10.8393 -70.806323
-46.3861 156.0367 -10.2537 -70.790617
-46.9837 158.3901 -9.9517 -70.77501
-47.8117 160.6751 -9.7756 -70.759465
-49.0447 162.6915 -9.706 -70.744018
-50.015 164.9082 -9.8518 -70.728657
-51.5234 166.8379 -9.9384 -70.713384
-52.9161 168.8061 -9.9279 -70.698209
-54.0733 170.9215 -9.7859 -70.683122
-55.7453 172.652 -9.5467 -70.668138
-57.6094 174.1497 -9.6472 -70.653253
-59.246 175.273 -8.9172 -70.638463
-60.6519 176.3429 -7.7572 -70.623784
-61.8971 178.3631 -7.4187 -70.609216
-62.7492 180.6081 -7.5045 -70.594746
-63.9736 182.7158 -7.7021 -70.580407
-65.2308 184.8141 -7.6187 -70.566198
-66.7492 186.7003 -7.6491 -70.552119
-68.417 188.4651 -7.7574 -70.538161
-69.4591 190.6092 -7.7695 -70.524349
-69.6776 192.1396 -9.5531 -70.510618
-70.6232 193.0213 -8.854 -70.496862
-70.9662 193.1386 -6.4297 -70.483265
-71.4596 193.5338 -4.0639 -70.469828
-72.1758 195.2071 -3.9513 -70.456654
-73.6159 196.7389 -5.1111 -70.443638
-74.8609 198.522 -6.148 -70.430773
-75.7426 199.5734 -7.6936 -70.418039
-75.3694 199.5725 -10.1146 -70.40525
-74.4019 199.6256 -11.6143 -70.392787
-73.8016 200.0979 -9.3728 -70.380434
-74.5843 201.3776 -7.8285 -70.36827
-75.66 202.8847 -6.3385 -70.356255
-76.7569 204.7933 -5.2692 -70.34439
-77.7876 206.5222 -4.0466 -70.332641
-78.7815 208.5213 -3.0989 -70.321027
-29.3228 87.5393 7.4141 -71.014782
-29.9005 87.4969 9.1019 -71.002538
-30.4781 87.4545 10.7898 -70.990647
-31.0558 87.4122 12.4776 -70.979107
-32.2782 87.1841 13.3671 -70.967855
-33.8866 86.6278 13.8875 -70.956664
-35.2533 87.1539 14.4242 -70.945551
-35.8481 87.8038 15.3321 -70.934539
-36.8463 86.9864 16.4788 -70.923605
-38.3951 86.3544 16.7879 -70.912788
-40.0436 86.842 16.4412 -70.902093
-41.676 86.6973 15.7688 -70.891502
-43.0795 86.67 14.6822 -70.881043
-44.7397 86.6061 14.8133 -70.87072
-46.2784 86.3685 14.6265 -70.860535
-47.931 85.969 14.7511 -70.850511
-49.3382 85.0184 15.2541 -70.840634
-51.0157 84.5548 15.4912 -70.830917
-52.76 84.3802 15.7377 -70.821399
-54.4766 84.1118 16.1326 -70.812068
-56.1575 83.722 16.5614 -70.802917
-57.6854 83.1665 17.2616 -70.793957
-59.449 83.0129 17.2864 -70.785227
-61.2047 83.1213 17.0316 -70.776731
-62.4985 83.4162 16.057 -70.768453
-64.2493 83.561 15.9695 -70.760416
-65.9938 83.4285 15.6473 -70.752623
-67.7202 83.5173 15.2308 -70.745094
-69.055 83.036 14.2322 -70.737832
-69.8653 82.2066 12.9383 -70.730847
-71.0115 81.258 11.9738 -70.724165
-72.4278 80.4398 11.5445 -70.717774
-73.698 79.222 11.6667 -70.711708
-74.8344 77.8746 11.8888 -70.705987
-76.1909 76.8138 12.1994 -70.700576
-77.7152 76.0674 12.6693 -70.695512
-79.2241 75.3783 13.2714 -70.690812
-80.5771 74.3384 13.7242 -70.686479
-81.948 73.2954 14.1285 -70.682527
-83.3128 72.1963 14.4348 -70.678972
-84.2563 70.7511 14.49 -70.675815
-85.9688 70.3467 14.3507 -70.673073
-87.6869 70.083 14.43 -70.670763
-89.1236 69.3762 14.9056 -70.668888
-90.0942 69.1674 16.3612 -70.667461
-91.4773 68.4273 17.0893 -70.6665
-93.1744 68.4543 17.5737 -70.666014
17.4714 115.5383 -32.7054 -71.186957
18.7181 116.515 -32.6736 -71.179942
19.4474 117.9165 -32.6863 -71.173127
20.2746 119.2604 -32.6312 -71.166487
21.0837 120.5882 -32.4636 -71.16005
21.7758 121.9988 -32.2416 -71.153818
22.3094 123.4582 -32.1155 -71.147799
23.1409 124.8071 -32.0128 -71.142013
23.9385 126.1782 -31.9172 -71.136444
25.0849 127.2066 -31.902 -71.131135
25.7601 127.3047 -33.2559 -71.126028
26.628 127.211 -34.5602 -71.121174
27.4583 127.1967 -35.7592 -71.116622
28.395 127.5305 -34.6253 -71.112355
29.5644 128.205 -33.8463 -71.108401
30.5696 128.6374 -32.8152 -71.104733
32.0051 129.043 -32.2921 -71.10139
33.4128 129.4399 -31.6761 -71.09838
34.7649 130.0848 -31.1622 -71.095714
36.07 130.7044 -30.5266 -71.0934
37.2954 130.2845 -29.7509 -71.091444
38.6668 129.8544 -29.4393 -71.089856
40.0959 129.824 -28.9371 -71.088651
41.6596 129.7812 -29.1527 -71.087835
43.163 129.7557 -29.5887 -71.087422
37.3605 97.6671 -24.1386 -71.227239
38.5247 98.3419 -23.3011 -71.221471
39.4075 98.7958 -22.0704 -71.215892
39.7833 99.3954 -20.6642 -71.210513
39.86 99.407 -19.0804 -71.205291
40.1939 99.8932 -18.7303 -71.200363
40.4963 100.318 -20.2174 -71.195635
41.4643 101.4944 -20.1061 -71.191192
42.3976 102.7119 -19.7798 -71.187011
43.1049 104.0833 -19.5568 -71.18309
44.0865 105.3182 -19.6544 -71.179457
44.7899 106.7249 -19.7113 -71.176107
45.9094 107.8469 -19.694 -71.173056
47.0015 108.9935 -19.6267 -71.170312
47.4874 110.1272 -19.5101 -71.167814
47.4694 110.2183 -21.0953 -71.165413
47.4514 110.3094 -22.6805 -71.163418
47.4334 110.4005 -24.2657 -71.161824
47.4153 110.4915 -25.8509 -71.160632
47.3973 110.5826 -27.4361 -71.159838
47.3793 110.6737 -29.0213 -71.159443
-43.1464 107.2097 -8.6051 -71.04837
-44.2349 108.3552 -9.2701 -71.037613
-45.5183 109.1815 -10.1573 -71.026914
-46.5455 110.332 -10.9218 -71.01628
-47.6198 111.4497 -11.7523 -71.005719
-48.7733 112.6103 -11.9929 -70.99523
-49.0763 114.3515 -11.8794 -70.984808
-49.3422 116.0762 -11.586 -70.974491
-49.7822 117.0822 -10.2937 -70.964237
-50.4256 118.2912 -9.1739 -70.95408
-50.9978 119.2379 -7.7863 -70.944017
-51.2625 120.0244 -6.2601 -70.934032
-51.6654 121.1492 -4.9912 -70.924197
-51.9476 122.7357 -4.2703 -70.914481
-52.5998 124.2212 -3.6393 -70.904898
-53.274 125.7541 -3.0637 -70.89547
-53.9887 127.1954 -2.3704 -70.886188
-53.963 128.1021 -0.9245 -70.876963
-54.6255 128.6873 -0.6995 -70.867866
-55.0557 128.8462 -2.4173 -70.858904
-55.7093 129.6088 -3.8029 -70.850207
-56.3904 130.5701 -3.4395 -70.841682
-57.2397 131.7558 -2.5815 -70.833332
-57.7383 132.4193 -1.0375 -70.825096
-58.1997 132.8604 0.5026 -70.817092
-59.135 134.2149 0.2827 -70.809325
-59.5411 135.9385 0.3726 -70.801788
-60.3211 137.5272 0.4547 -70.79448
-61.5615 138.7924 0.4272 -70.787415
-62.8427 140.0202 0.4049 -70.780579
-63.9756 141.337 0.4784 -70.773999
-65.5415 142.0698 0.6041 -70.767677
-66.8201 143.3029 0.6105 -70.761621
-67.9523 144.6731 0.6097 -70.755689
-69.0106 146.0943 0.6091 -70.750167
-69.7753 147.6531 0.6561 -70.74498
-69.9859 148.4831 2.1055 -70.740058
-70.4429 149.3779 3.3991 -70.735475
-71.6135 150.4383 2.691 -70.731229
-72.4835 151.5429 1.7355 -70.727322
-72.9227 152.8592 2.7049 -70.723752
-72.5877 154.4469 3.3601 -70.720544
-73.0119 156.1489 3.5593 -70.717699
-73.1545 157.8864 3.5882 -70.715235
-74.1953 159.319 3.6169 -70.713158
-74.932 160.9303 3.7174 -70.711477
-75.2192 162.6661 3.8423 -70.710203
-75.4158 163.3004 5.1393 -70.709329
-75.4017 163.5667 6.8972 -70.708885
-50.1374 90.531 -23.3634 -71.046868
-51.2673 90.8857 -22.5511 -71.036483
-52.7159 91.6607 -23.1098 -71.026201
-54.0702 92.6015 -23.357 -71.015998
-55.4386 93.0469 -22.4458 -71.005888
-56.998 93.6059 -21.9041 -70.995868
-58.5673 94.2413 -21.5078 -70.985961
-59.4515 94.8578 -20.2839 -70.976089
-60.3751 95.9904 -19.3491 -70.966415
-61.639 96.317 -18.2753 -70.956847
-62.5765 96.8459 -17.7339 -70.947411
-63.9654 97.6322 -17.7098 -70.938091
-65.6166 98.1559 -17.9424 -70.928921
-67.3141 98.5251 -18.0363 -70.919892
-68.9906 98.999 -17.9141 -70.911049
-70.4527 99.8368 -17.5623 -70.902358
-71.8636 100.5751 -16.8437 -70.89385
-73.2945 101.1084 -16.0241 -70.885534
-74.8032 101.5319 -15.3155 -70.877408
-76.2937 102.0431 -14.7677 -70.869484
-76.9439 103.3194 -13.9021 -70.861765
-77.7853 104.5384 -13.0235 -70.854267
-79.1174 105.4827 -13.5256 -70.847018
-80.5678 106.3785 -13.889 -70.840005
-81.9123 107.4474 -14.0602 -70.833269
-82.892 108.884 -14.1362 -70.82678
-83.7902 110.3676 -14.0768 -70.820555
-84.9748 111.6284 -13.8567 -70.81463
-86.2002 112.6963 -13.3076 -70.808972
-87.0479 113.9279 -12.479 -70.803616
-87.7411 115.4304 -11.9657 -70.798585
-88.823 116.6812 -11.5653 -70.793878
-89.4834 118.0465 -10.8065 -70.789497
-90.0558 119.4566 -9.9504 -70.785457
-90.8226 120.9302 -9.4429 -70.781779
-91.9586 122.2396 -9.3374 -70.778473
-92.8888 123.6775 -9.6286 -70.775541
-93.6083 125.2344 -9.9613 -70.772994
-94.4583 126.6908 -10.3334 -70.770847
-95.6371 127.179 -11.2403 -70.769098
-96.5223 128.3643 -11.7434 -70.767775
-97.3565 129.8343 -11.9607 -70.766882
-98.0187 131.4271 -12.0082 -70.76643
-44.8397 82.3848 -0.1022 -71.100908
-45.6858 82.6745 1.4762 -71.090422
-47.0854 83.466 2.0376 -71.080026
-47.9154 84.1261 0.6038 -71.069627
-48.4536 84.4912 -1.1078 -71.059307
-49.4629 84.7481 -2.3216 -71.049049
-50.8487 85.4683 -2.9272 -71.038828
-51.3634 86.2483 -4.138 -71.028574
-51.1604 85.8865 -5.9031 -71.018395
-51.4147 86.3329 -4.63 -71.008244
-51.3753 86.9211 -3.2026 -70.99823
-51.6511 88.546 -2.6095 -70.988302
-52.0008 89.4665 -3.9264 -70.978363
-52.6137 90.8015 -4.1725 -70.968538
-53.4473 92.4123 -3.9386 -70.958776
-53.8653 94.1635 -3.6555 -70.949088
-53.9519 95.9277 -3.215 -70.93947
-54.3051 97.4953 -2.5507 -70.929926
-54.5625 98.6898 -1.1952 -70.920492
-54.547 99.8234 0.1762 -70.911126
-54.2907 100.3598 1.9096 -70.90183
-54.7709 101.2087 3.4194 -70.8927
-54.4328 101.9413 3.8933 -70.883707
-53.0212 101.1678 3.092 -70.874832
-52.5222 101.109 4.5528 -70.866017
-54.1846 101.7537 4.4499 -70.857374
-55.6576 102.8136 4.5394 -70.848869
-56.499 104.3974 4.7059 -70.840496
-56.8786 106.1716 4.8788 -70.832259
-56.4546 107.8733 4.5587 -70.824174
-55.6814 109.1098 4.4339 -70.816172
-55.7928 109.3656 6.2457 -70.808194
-56.2213 109.7146 7.7986 -70.800554
-55.5336 111.171 7.9788 -70.793091
-57.2605 111.7016 8.1166 -70.785818
-58.1121 113.2561 8.4551 -70.778717
-58.5985 114.919 9.0311 -70.771799
-59.6859 116.036 9.8099 -70.765104
-59.434 116.5435 10.5662 -70.758587
-59.3051 118.1105 11.4366 -70.752288
-59.9415 119.6907 12.0733 -70.74619
-60.8614 121.156 12.3489 -70.740328
-61.607 122.4945 11.39 -70.734678
-62.1797 124.0961 10.8491 -70.729273
-62.6253 125.8486 10.8404 -70.724117
-62.2188 127.4063 11.6395 -70.719213
-61.8461 129.0333 12.3882 -70.714569
-62.5327 130.6886 12.3999 -70.71019
-62.936 132.4579 12.2088 -70.706074
-63.3234 134.2117 11.8803 -70.702228
-63.6303 135.945 11.5157 -70.698669
-63.951 136.5199 9.8435 -70.695375
-64.1784 137.2406 8.1925 -70.69239
-64.0694 138.3872 6.7995 -70.68972
-64.3697 140.0086 6.0583 -70.687355
-64.8732 141.6033 5.322 -70.685312
-65.5178 142.5596 4.0703 -70.683586
-65.7682 143.1976 5.3492 -70.682189
-66.7186 144.3442 5.8832 -70.681133
-67.5125 145.9488 6.0337 -70.680422
-68.2142 147.6123 6.0332 -70.680063
-36.2134 93.2108 29.5751 -71.129172
-36.6635 94.7733 29.8902 -71.121599
-36.9263 96.2364 30.4302 -71.114169
-37.1622 97.773 30.8495 -71.106868
-37.5529 99.3568 31.1525 -71.099698
-37.9173 100.9487 31.3678 -71.092709
-38.3971 102.525 31.406 -71.085864
-38.3118 104.182 31.3802 -71.079203
-38.3833 105.841 31.3619 -71.072723
-38.5184 107.493 31.3513 -71.066425
-38.1793 109.1047 31.3065 -71.060317
-37.694 110.6348 31.1726 -71.054425
-37.4366 112.1749 31.1742 -71.048732
-36.4341 113.3684 31.2349 -71.043243
-35.2673 114.4885 31.1966 -71.037988
-35.1913 116.0244 31.322 -71.032969
-36.1323 117.264 31.8032 -71.02819
-36.1013 118.8174 31.8898 -71.023657
-35.2737 120.1279 31.585 -71.019389
-34.1912 121.3196 31.36 -71.015387
-33.7141 122.9011 31.2289 -71.011676
-33.0667 124.4147 31.1658 -71.008251
-32.8786 126.0601 31.1275 -71.00513
-32.0835 127.4884 31.1247 -71.002323
-31.8296 129.12 31.1246 -70.99983
-31.1422 130.5851 30.9859 -70.997667
-30.3228 131.8477 30.3079 -70.995839
-29.6856 132.4849 28.9766 -70.994351
-29.0719 133.0333 27.5676 -70.993218
-28.0844 133.7856 27.8775 -70.992455
-27.152 134.469 28.6173 -70.992069
68.8569 88.73 19.5506 -71.381819
69.4626 89.4871 18.5505 -71.373787
69.8694 90.2922 17.5312 -71.365896
70.1133 90.9732 19.0619 -71.358108
70.2522 92.4115 19.6157 -71.350489
70.8156 93.9888 19.8859 -71.343019
70.9233 95.5529 19.5992 -71.335679
71.3862 97.0655 19.4044 -71.328504
72.5006 98.2929 19.6588 -71.321509
72.7344 99.9408 19.94 -71.31467
72.932 101.5833 19.995 -71.308003
72.4313 103.198 19.9089 -71.301517
71.8799 104.7873 20.0008 -71.295242
71.5282 106.416 19.8144 -71.289154
71.2624 108.037 19.4849 -71.28328
70.3107 109.3594 19.2993 -71.277646
69.2896 110.7156 19.219 -71.272243
68.8552 112.3448 19.1576 -71.267082
68.8224 113.8606 18.9579 -71.262175
69.0085 114.8834 18.0264 -71.257508
68.8524 116.0924 16.8932 -71.25311
69.7271 117.2159 15.9694 -71.248986
70.0973 118.581 15.0882 -71.245158
70.8674 119.2691 13.939 -71.241608
70.3855 118.9765 13.515 -71.23838
69.9666 118.6726 13.3866 -71.235442
70.2125 118.847 11.7059 -71.232793
70.4357 118.9096 10.8982 -71.230529
70.1867 118.7318 12.5649 -71.22859
69.521 118.6003 13.8778 -71.22704
69.0153 119.2849 13.1332 -71.225866
69.8993 119.8704 11.9133 -71.22507
70.2963 119.9515 10.2866 -71.224666
95.5228 3.6634 18.9207 -71.558738
95.9521 3.5018 19.9853 -71.558362
96.3294 3.3373 21.069 -71.558171
-41.3421 222.5153 -25.6062 -69.380229
-42.702 224.1478 -25.2091 -69.363427
-44.2458 225.1088 -24.0553 -69.346969
-45.8189 226.0665 -23.0056 -69.330865
-47.3319 227.1224 -21.9872 -69.315094
-48.8138 228.7344 -21.8003 -69.299642
-50.1281 230.4969 -21.9165 -69.284486
-51.8278 231.7383 -22.0527 -69.269591
-52.8158 233.6774 -22.1145 -69.254926
-53.0724 235.6787 -22.1684 -69.243225
-53.6815 237.6012 -22.215 -69.234471
-54.8336 239.2327 -22.1693 -69.225917
-55.9455 240.9107 -22.1307 -69.217547
-56.8959 242.6769 -22.2538 -69.209346
-57.6448 244.0732 -23.1351 -69.201295
-57.9004 245.3567 -24.6431 -69.193395
-58.5973 247.0318 -25.4177 -69.185647
-59.3933 248.8468 -25.6686 -69.178036
-60.5485 250.492 -25.7129 -69.170551
-62.0102 251.8694 -25.795 -69.163181
-63.5819 251.7041 -25.7766 -69.155923
-65.1861 252.5294 -25.4878 -69.148763
-66.5361 253.7075 -24.6451 -69.141703
-67.4482 255.4346 -24.2826 -69.134736
-68.0616 257.3349 -24.0645 -69.127861
-69.279 258.781 -24.0213 -69.121082
-70.6709 260.1778 -24.061 -69.114383
-71.4436 262.0159 -24.0595 -69.107769
-72.8554 263.4363 -23.888 -69.101243
-74.3055 264.6952 -23.3614 -69.094803
-75.6104 266.0079 -22.6232 -69.088438
-76.4194 267.7709 -22.2236 -69.082139
-77.0046 269.6763 -21.989 -69.075925
-77.6943 271.5617 -21.8675 -69.069794
-78.0414 273.5421 -21.7862 -69.063738
-78.9873 275.301 -21.7403 -69.057763
-80.3424 276.7952 -21.6879 -69.05187
-81.6546 278.3163 -21.6068 -69.046061
-83.1583 279.5974 -21.7854 -69.040337
-84.8953 280.6045 -21.8472 -69.034691
-86.7025 281.4584 -21.6828 -69.029128
-87.8751 282.8646 -21.0904 -69.023647
-89.4892 283.7967 -20.5891 -69.018251
-91.1007 284.9601 -20.5677 -69.012951
-92.4107 286.2858 -21.1453 -69.007731
-94.0557 286.9976 -21.9919 -69.002608
-95.7101 288.0996 -22.2545 -68.997577
-97.3406 289.2852 -22.2657 -68.992646
-98.976 289.9877 -22.9029 -68.987808
-100.2796 290.7986 -23.6291 -68.983067
-101.4799 291.8038 -22.4899 -68.978422
-103.036 292.9887 -22.0284 -68.973885
-104.6892 294.1312 -21.8834 -68.969456
-106.3559 295.2232 -22.151 -68.965133
-107.8941 296.3493 -22.6692 -68.960923
-109.1385 297.4951 -23.597 -68.956819
-110.8652 298.494 -23.4597 -68.952838
-112.4721 299.5248 -23.016 -68.948967
-113.8772 300.6139 -22.2042 -68.945216
-115.339 301.8994 -21.8314 -68.941586
-116.6463 303.427 -21.784 -68.938082
-117.9037 305.0024 -21.8441 -68.934701
-119.0254 306.6607 -22.003 -68.931444
-119.7365 308.5266 -22.2827 -68.928317
-120.0458 309.7921 -21.1758 -68.925305
-120.3335 310.3959 -19.2752 -68.922435
-120.8092 311.2425 -17.5331 -68.919705
-121.3861 312.9361 -16.6595 -68.917115
-122.3666 314.5966 -16.303 -68.914671
-123.445 316.2788 -16.4754 -68.912363
-124.5125 317.8962 -16.7048 -68.910201
-124.8879 318.6378 -14.9021 -68.90817
-124.9811 319.1413 -12.9496 -68.906283
-125.2786 319.7061 -11.0358 -68.904546
-125.7833 320.5605 -9.2875 -68.902967
-126.7853 321.2272 -7.7186 -68.90154
-128.1198 321.7372 -6.5853 -68.900263
-129.5338 322.6762 -5.6435 -68.89914
-130.8033 322.8583 -4.1103 -68.898168
-132.3486 322.5617 -2.9424 -68.897351
-133.5223 321.7567 -2.2514 -68.89669
-134.4075 321.0203 -3.7194 -68.896184
-136.141 320.0633 -3.704 -68.895834
-137.9234 319.2453 -3.5128 -68.895639
-139.8153 319.4438 -3.03 -68.895599
-141.7336 319.7231 -2.5415 -68.895715
-143.2992 318.8382 -1.8198 -68.895983
-143.6324 318.198 -3.1912 -68.896407
-144.6494 318.183 -2.5451 -68.896983
-145.6029 318.7473 -1.0864 -68.897706
-147.1116 319.1677 -0.0827 -68.898576
-149.0143 318.6505 0.3041 -68.899591
-150.835 317.9416 0.6531 -68.900744
-152.6003 318.3043 1.3039 -68.902033
-154.255 319.2248 1.8195 -68.903452
-156.1347 319.0641 1.3765 -68.904997
-157.9479 318.8394 0.6505 -68.90666
-159.8193 318.2421 0.4855 -68.908438
-161.6982 318.4908 0.8126 -68.910318
-163.3502 318.4678 1.946 -68.912295
-164.7917 318.8721 3.1901 -68.914358
-166.0348 318.4651 4.5448 -68.916494
-167.2051 317.7036 5.9108 -68.918691
-168.6856 318.3603 6.972 -68.920937
-170.5746 318.3686 7.6324 -68.923218
-172.4422 318.8037 8.0573 -68.925516
-173.7745 319.4811 7.41 -68.927827
-175.2708 319.8181 6.8918 -68.930121
-176.3866 321.0401 7.8064 -68.932384
-178.1084 321.388 8.4289 -68.934603
-179.8667 322.3331 8.1901 -68.936751
-181.7338 322.9719 7.9865 -68.938813
-183.2047 324.2061 7.6173 -68.940771
-184.6529 324.5109 6.7583 -68.942606
-186.4765 324.882 7.4149 -68.944298
-188.3601 325.5005 7.7542 -68.945828
-190.207 326.2741 7.8586 -68.94718
-191.8555 326.4884 7.2737 -68.948338
-192.3011 326.2807 5.3327 -68.949303
-192.4569 326.3027 3.3202 -68.950061
-192.6127 326.3246 1.3078 -68.950571
-192.7684 326.3466 -0.7047 -68.950827
-53.5618 234.7518 -22.4056 -69.244471
-55.3696 234.7358 -22.9279 -69.238328
-57.1775 234.7198 -23.4502 -69.232527
-58.9758 234.7413 -23.9753 -69.227047
-60.5834 235.6616 -24.1049 -69.221821
-62.2107 236.6032 -24.0421 -69.216795
-63.9306 237.3539 -24.0447 -69.211974
-65.5569 238.2591 -24.1396 -69.207332
-67.3063 238.9314 -24.1596 -69.202877
-68.8366 239.9978 -24.0522 -69.198582
-70.5332 240.314 -23.7713 -69.194451
-72.1779 239.7124 -23.3677 -69.190472
-73.9055 239.067 -23.0743 -69.186642
-75.764 238.9129 -23.0612 -69.182953
-77.5069 238.4311 -23.4834 -69.179398
-79.2728 238.5078 -23.5052 -69.175975
-81.0101 239.1307 -23.2489 -69.172679
-82.8258 239.4159 -22.9537 -69.16951
-84.5254 239.9346 -22.4418 -69.166463
-86.2406 240.0396 -21.7161 -69.163531
-87.8568 239.8217 -20.9364 -69.160718
-89.3552 239.6723 -19.8507 -69.158018
-90.7771 239.8281 -18.7653 -69.155433
-92.3262 239.5258 -18.0598 -69.152961
-94.0855 240.1028 -17.7873 -69.150604
-95.877 240.5966 -17.5579 -69.14836
-97.6988 241.0591 -17.507 -69.146224
-99.53 241.4724 -17.4393 -69.144202
-101.2527 242.1681 -17.1773 -69.142291
-102.8299 242.815 -16.4434 -69.140492
-104.4569 243.5931 -15.9937 -69.138808
-106.2956 243.7075 -16.104 -69.137233
-107.1732 243.8399 -14.6775 -69.13576
-108.3872 244.3725 -13.7017 -69.134408
-109.3454 245.4642 -12.5807 -69.13317
-110.5466 246.5332 -11.6213 -69.132044
-112.0874 247.1 -10.9503 -69.131034
-112.6927 248.1713 -9.7197 -69.130135
-113.85 248.7857 -8.6033 -69.129352
-114.9422 250.1535 -8.2414 -69.128685
-115.3929 251.8689 -7.6387 -69.128133
-116.4822 252.9605 -6.8157 -69.127698
-117.371 253.2374 -5.1806 -69.127377
-118.358 253.8356 -3.7152 -69.127171
-119.4595 254.4678 -2.3971 -69.12708
-120.9563 255.2641 -1.6822 -69.127104
-122.5163 255.9458 -1.0086 -69.12724
-123.9831 256.9071 -0.452 -69.127489
-124.7954 257.8348 0.9161 -69.127849
-125.65 259.0549 2.0473 -69.128317
-126.8265 260.4562 2.1583 -69.128894
-128.2898 261.2032 2.616 -69.129577
-129.0334 261.3894 4.2611 -69.130365
-129.2473 261.2649 6.1105 -69.131281
-129.4022 261.1437 7.9821 -69.132279
-129.5576 261.0229 9.8536 -69.133351
-129.7512 260.9235 11.7229 -69.134538
-129.9463 260.825 13.592 -69.135793
-130.1515 260.7135 15.4586 -69.137101
-130.5488 260.346 17.2477 -69.138472
-131.604 259.0778 18.099 -69.139893
-132.4067 258.2916 19.5872 -69.141364
-133.3932 257.3081 20.8241 -69.142874
-133.8044 256.3522 22.376 -69.144411
-134.6418 255.2368 23.5911 -69.145967
-135.4197 253.8392 24.4892 -69.14753
-135.7 253.4829 26.3153 -69.149094
-136.3101 252.641 27.7577 -69.150636
-136.3201 251.3179 26.4825 -69.152147
-136.8701 249.6435 26.0944 -69.153619
-137.7175 248.1362 25.6627 -69.155032
-137.6045 246.4619 25.1316 -69.156372
-137.2893 245.0053 24.2243 -69.157627
-136.6215 243.4615 23.4192 -69.158789
-135.6446 241.9497 22.8735 -69.159856
-135.3758 240.4199 22.4018 -69.160788
-136.1869 239.3032 23.0344 -69.161587
-136.341 238.0644 24.2021 -69.162243
-136.433 236.6369 25.3143 -69.162746
-136.6008 234.8539 25.6617 -69.163088
-137.1474 233.4458 25.0869 -69.163262
-10.2537 234.1313 -65.7936 -69.331494
-11.9535 235.2244 -65.4206 -69.319691
-13.2513 236.4124 -64.5554 -69.308324
-13.9825 238.2182 -64.0036 -69.297361
-13.9675 239.4333 -65.1657 -69.286757
-14.1745 240.8047 -66.5759 -69.276553
-14.74 242.3781 -67.763 -69.266698
-15.0167 243.3075 -69.5586 -69.257151
-14.9973 244.3966 -71.2899 -69.247929
-15.4806 245.6013 -72.6631 -69.238996
-16.6681 247.206 -72.2066 -69.230331
-17.3029 249.0449 -71.7718 -69.2219
-18.6676 250.382 -71.3338 -69.213694
-19.6799 251.0982 -72.0439 -69.205682
-20.4939 252.2385 -73.4165 -69.197836
-21.5912 252.7618 -72.8895 -69.191036
-21.9596 252.8176 -71.2713 -69.185309
-22.6797 254.2973 -71.5196 -69.179702
-23.6039 255.7577 -72.0067 -69.174211
-24.5721 257.236 -72.2298 -69.168822
-26.0105 258.3101 -72.2446 -69.163532
-27.3761 259.4599 -72.2196 -69.158337
-28.9516 260.3257 -72.2375 -69.153177
-30.5102 261.2195 -72.2945 -69.148171
-31.595 262.5637 -72.7018 -69.143257
-32.6547 263.9941 -72.7006 -69.138427
-33.5598 265.5319 -72.4801 -69.133684
-34.5952 266.9872 -72.4053 -69.129025
-35.2782 268.5959 -72.3691 -69.124439
-36.5462 269.7783 -72.1737 -69.119946
-37.8737 270.872 -71.8225 -69.115534
-38.8876 272.2418 -71.3145 -69.111203
-39.6217 273.7558 -70.7585 -69.106952
-40.6535 274.9959 -70.0158 -69.102785
-42.0534 275.9829 -69.5331 -69.098695
-43.5846 276.8719 -69.3005 -69.094694
-45.0655 277.8565 -69.4958 -69.090771
-45.946 279.1186 -68.7677 -69.086934
-45.8345 280.5644 -67.9551 -69.083179
-46.196 282.2235 -68.3906 -69.079511
-46.2456 283.784 -69.1293 -69.075932
-45.9356 284.9029 -69.4775 -69.072436
-46.3572 283.3243 -69.8414 -69.069021
-47.6385 284.0096 -69.6263 -69.065682
-47.8598 285.27 -68.7781 -69.062449
-47.9763 286.6481 -67.6615 -69.059307
-48.0018 287.8134 -66.394 -69.056259
-49.296 287.3623 -65.4888 -69.053308
-50.1432 286.6731 -64.1653 -69.050463
-50.2434 286.1704 -62.4405 -69.047708
-51.2742 284.9264 -61.8207 -69.045068
-52.8421 284.4426 -61.0987 -69.042532
-53.9107 283.6653 -60.0279 -69.040104
-54.752 283.3629 -58.5184 -69.037779
-55.6511 282.4981 -57.2933 -69.035572
-56.6242 281.93 -56.0196 -69.033481
-57.9991 281.9695 -54.8908 -69.0315
-59.0837 282.3361 -53.8941 -69.029638
-60.0943 282.1643 -52.7677 -69.027891
-61.4419 281.5155 -51.8651 -69.026268
-62.8626 280.827 -51.0501 -69.024764
-64.2795 280.6349 -50.0042 -69.023383
-65.804 280.5238 -49.0693 -69.022128
-66.7885 280.054 -47.7484 -69.020994
-67.9789 279.2336 -46.7905 -69.019987
-68.6552 278.446 -45.3481 -69.019107
-69.0138 277.9753 -43.6489 -69.018355
-69.4167 276.9949 -42.4398 -69.017734
-69.8247 275.5947 -42.5008 -69.017242
-70.268 276.0815 -42.6582 -69.016881
-70.9242 276.409 -41.0457 -69.016648
-71.4032 276.5871 -39.3203 -69.016548
-72.2724 276.7647 -38.0281 -69.016578
-73.2041 276.1685 -36.6914 -69.016739
-74.2918 275.5936 -35.4399 -69.01703
-75.425 274.8456 -34.2803 -69.017449
-76.9255 274.2886 -33.5609 -69.017996
-77.3251 274.3933 -31.9623 -69.018668
-77.3839 274.0953 -31.6173 -69.019472
-77.9259 274.1693 -30.1943 -69.020395
-79.5493 274.0847 -29.6223 -69.021435
-80.9279 274.149 -28.5263 -69.022589
-82.1503 274.2888 -27.2947 -69.023852
-83.1333 274.5631 -25.8399 -69.025223
-83.3586 274.0993 -24.1212 -69.026698
-83.4086 273.3363 -22.4949 -69.028263
-83.5601 272.816 -20.7795 -69.02992
-83.7705 272.4678 -19.0265 -69.031658
-84.0593 272.0789 -17.2937 -69.033459
-84.2893 271.7437 -15.5414 -69.035326
-84.9661 271.1706 -14.2656 -69.037233
-86.4465 270.5588 -13.5443 -69.039174
-87.5224 269.4821 -12.7644 -69.041143
-88.5863 270.2836 -13.3628 -69.043124
-89.344 271.7765 -13.8414 -69.045108
-90.7295 272.8654 -14.017 -69.047106
-92.0012 274.1345 -14.1202 -69.049062
-93.0728 275.5655 -14.188 -69.050956
-94.4803 276.5793 -14.1262 -69.05279
-96.2029 276.3016 -13.7358 -69.054546
-97.8612 276.4416 -13.1634 -69.05621
-99.2225 277.2086 -12.3487 -69.057764
-100.7724 276.7787 -11.5881 -69.059199
-102.4856 276.8416 -11.2384 -69.060493
-104.2435 277.0799 -11.3594 -69.061637
-105.8758 277.7134 -11.5089 -69.062614
-106.978 278.2571 -10.6069 -69.063416
-108.7214 278.4008 -10.5748 -69.064029
-110.1714 278.7473 -11.3411 -69.064445
-111.6618 279.6815 -11.4564 -69.064656
-21.5015 253.5088 -73.309 -69.19296
-22.5942 254.3623 -72.684 -69.19114
-23.4363 255.5756 -72.2611 -69.189536
-23.7952 256.2196 -73.6016 -69.188125
-24.1958 256.9175 -74.8973 -69.186917
-24.5102 257.2028 -76.431 -69.185889
-25.2575 257.9568 -77.5755 -69.185046
-25.9832 258.9049 -78.6121 -69.184374
-26.7351 259.8964 -79.3372 -69.183873
-27.7754 261.0706 -79.3699 -69.183537
-28.1276 262.1418 -78.3341 -69.183369
-14.415 228.9869 -63.4499 -69.338736
-16.1331 229.4489 -63.5343 -69.330584
-17.7421 230.1331 -63.7219 -69.322895
-19.4067 230.7023 -63.8399 -69.315663
-20.8995 231.6241 -63.8754 -69.30887
-22.4197 232.5434 -63.927 -69.302485
-23.9779 232.9794 -64.5409 -69.296499
-25.5926 233.2447 -65.0739 -69.290875
-27.3372 233.3731 -65.393 -69.285612
-29.108 233.4677 -65.4659 -69.280683
-30.8642 233.5427 -65.402 -69.276069
-32.3482 234.4256 -65.4518 -69.271756
-33.9347 234.8444 -64.9779 -69.267718
-35.6107 235.0483 -64.5372 -69.263943
-37.2988 235.2219 -64.5195 -69.260416
-38.3854 235.5894 -65.5655 -69.25711
-39.1438 235.7555 -64.0699 -69.254018
-40.4342 236.3585 -64.9633 -69.251138
-41.6538 237.408 -65.4996 -69.24845
-43.3197 237.9738 -65.7908 -69.245947
-45.0712 238.2644 -65.9288 -69.243617
-46.7994 238.6788 -65.9135 -69.24145
-48.5481 238.9796 -65.7557 -69.239435
-50.2593 239.3638 -65.4708 -69.237569
-51.9541 239.818 -65.3779 -69.235839
-53.6581 240.3081 -65.5616 -69.234243
-55.3649 240.7618 -65.7517 -69.232772
-56.9242 241.5359 -65.9538 -69.23142
-58.6438 241.8319 -66.2728 -69.230184
-59.9936 242.7156 -66.7405 -69.229055
-60.984 243.7818 -67.5294 -69.228029
-62.0855 245.146 -67.6347 -69.227102
-62.592 246.8516 -67.5474 -69.226269
-63.6958 248.1812 -67.3534 -69.225523
-65.3602 248.1365 -67.1819 -69.224859
-66.6185 247.2528 -66.7907 -69.224274
-68.2827 246.701 -66.9975 -69.223758
-69.0056 246.5375 -67.1182 -69.223313
-69.4149 247.1923 -66.2178 -69.222928
-70.5685 248.2104 -65.6787 -69.222602
-72.1021 248.9573 -65.1628 -69.222328
-73.5226 249.8734 -64.6789 -69.2221
-74.9049 250.917 -64.2744 -69.221915
-76.1941 252.0464 -63.8017 -69.221766
-77.6751 252.694 -63.2164 -69.221649
-78.9054 253.7897 -63.1101 -69.221558
-80.0531 255.1107 -63.1909 -69.221491
-81.4092 256.2087 -63.4316 -69.221442
-83.1166 256.5971 -63.7243 -69.221407
-84.8053 256.9649 -63.8465 -69.221384
-86.3232 257.8036 -63.7447 -69.221369
-88.0463 257.7843 -63.4146 -69.221361
-89.5568 258.6367 -63.0658 -69.221357
-79.8558 209.6969 -1.6956 -70.310876
-80.9345 210.9313 -0.8747 -70.302454
-81.8718 212.3265 -0.0936 -70.294377
-83.0145 213.649 0.4105 -70.286633
-83.35 215.4299 0.5242 -70.279208
-84.7236 216.0877 0.5245 -70.272091
-85.8365 216.8501 1.5461 -70.265259
-86.4751 218.3432 2.3648 -70.258738
-87.6889 219.3419 3.0091 -70.252498
-89.3832 219.625 3.5112 -70.246535
-90.5679 220.9942 3.9392 -70.240829
-91.9993 222.1339 4.2769 -70.235376
-93.1066 223.0567 5.3451 -70.230145
-94.2451 224.3484 6.04 -70.225136
-95.1955 225.7846 6.6504 -70.220346
-96.1469 227.1811 6.1703 -70.215767
-97.5307 228.1499 5.5656 -70.211376
-97.6555 229.6726 4.5217 -70.207165
-98.2632 230.7709 4.9578 -70.203125
-99.4213 231.1534 5.7424 -70.199264
-100.7458 231.4122 4.7237 -70.195564
-101.8502 232.6408 4.2535 -70.192027
-103.1436 233.9354 4.0273 -70.188644
-104.4921 234.4164 4.8558 -70.185412
-105.6117 233.6885 5.7966 -70.182306
-106.7274 232.3194 6.4016 -70.179312
-107.441 230.7522 6.8747 -70.176497
-107.4488 229.0255 7.5014 -70.173821
-107.9411 227.3511 8.131 -70.171282
-107.0902 226.8712 8.9862 -70.168872
-106.1496 226.513 10.1833 -70.166562
-105.9516 226.2598 12.0223 -70.164379
-105.4787 225.2922 12.0054 -70.162332
-105.2249 224.5846 10.2988 -70.160407
-104.7784 223.6625 9.5999 -70.158612
-104.7066 222.6921 11.0296 -70.15693
-105.026 220.965 11.6033 -70.155371
-104.6066 219.9029 12.8153 -70.153924
-103.3942 219.8352 14.0764 -70.152592
-104.3073 219.9043 13.553 -70.151372
-105.885 218.9419 13.3792 -70.15026
-107.2676 218.4747 12.6842 -70.149254
-108.1193 218.5469 11.0406 -70.148349
-108.3962 219.4541 11.7193 -70.147547
-109.0143 219.6825 13.4653 -70.146839
-109.7221 219.9831 15.1561 -70.146229
-110.6667 219.9703 16.4989 -70.14571
-112.0003 218.9022 16.8845 -70.145277
-113.4433 217.9794 16.4775 -70.144924
-114.7081 217.1333 15.6968 -70.144647
-115.2947 216.7255 13.9743 -70.144439
-115.5962 216.7912 12.1637 -70.144294
-115.7677 217.1126 10.3327 -70.144207
-115.4309 217.0746 11.1227 -70.144172
-116.1181 217.6962 12.116 -70.144181
-117.3855 218.3763 13.3061 -70.144228
-118.8798 218.8959 14.099 -70.144304
-120.5533 219.5755 14.5055 -70.144403
-122.3465 220.0233 14.7431 -70.144517
-124.1585 220.1151 14.949 -70.14464
-125.565 221.2324 14.8597 -70.144765
-126.6064 222.7478 14.7267 -70.144886
-127.1945 224.5052 14.537 -70.144998
-127.9351 226.1832 14.2547 -70.145095
-129.0224 227.5634 14.5865 -70.145172
-130.1181 229.0198 14.5982 -70.145226
-131.2201 230.4645 14.2522 -70.145253
47.5528 -96.076 13.5667 -75.977066
47.0015 -95.2803 13.5986 -75.97723
46.7344 -94.3274 13.6342 -75.977311
27.7081 -94.2683 18.8592 -76.045555
26.226 -93.6204 19.8024 -76.045973
24.7439 -92.9726 20.7456 -76.046255
23.2618 -92.3248 21.6888 -76.04643
23.8038 -92.3745 21.7835 -76.046515
54.7481 -88.0637 17.871 -75.932067
97.3169 -66.6493 31.3652 -75.867462
99.3506 -67.4491 30.897 -75.867798
101.3843 -68.2489 30.4289 -75.868046
103.4181 -69.0488 29.9607 -75.868228
105.4518 -69.8486 29.4925 -75.868357
104.935 -70.7499 28.9784 -75.86844
104.6139 -70.6388 26.7694 -75.86848
96.937 -66.473 30.8282 -75.867289
44.0154 -65.7095 15.6069 -75.791719
44.0102 -66.3692 14.8486 -75.791927
44.1586 -67.2141 14.3402 -75.792029
-4.665 -9.0685 -0.0051 -72.311677
-3.3078 -10.3003 -0.0154 -72.476332
-1.9532 -11.5348 -0.0257 -72.640449
-0.7426 -12.7803 -0.0459 -72.911678
0.4334 -13.9291 -0.0935 -73.286649
1.4466 -15.2471 -0.185 -73.655638
3.5554 -27.7322 1.4257 -74.17191
8.6107 -41.3653 6.7974 -74.581361
22.8794 -62.2772 10.5055 -75.361712
26.4745 -64.8588 13.9793 -75.465238
29.0535 -67.1183 14.3116 -75.530622
42.1418 -73.5431 16.2509 -75.755602
47.2069 -85.1931 18.1557 -75.904217
44.6639 -89.9679 15.7857 -75.955252
47.7449 -96.3203 13.6398 -75.975417
78.4149 -177.3628 14.5582 -76.10553
95.2227 -265.7699 17.0719 -76.182351
48.1056 -320.1106 18.1187 -76.224939
-10.9476 -383.6056 22.9817 -76.243988
-40.36 -432.7473 17.7175 -76.244643
28.7834 -94.5812 17.274 -76.038842
14.3097 -106.6143 20.8227 -76.095114
2.7577 -126.0427 26.0848 -76.129964
-45.0792 -189.1405 27.4734 -76.168452
30.9775 -170.2053 31.4202 -76.143164
28.3969 -94.5693 18.0599 -76.044036
-40.2348 -104.2908 -5.8163 -76.138524
-111.9958 -139.102 2.509 -76.176003
54.6562 -87.9717 17.7384 -75.930217
111.8824 -135.9529 29.1893 -76.083449
164.8572 -185.7356 20.1853 -76.161689
213.7243 -226.7876 32.011 -76.191497
43.9697 -65.4565 15.7766 -75.789478
45.5333 -62.1584 17.8534 -75.802211
96.2419 -66.2233 31.6259 -75.867056
2.1326 -22.0656 -2.5814 -74.007353
6.2653 -35.3706 6.4938 -74.390759
8.3143 -40.7868 6.7183 -74.736711
15.4942 -50.7521 4.9673 -74.993766
19.5156 -57.7327 7.1557 -75.236044
24.2121 -63.3654 12.9105 -75.414627
27.7984 -65.9637 14.1964 -75.49852
35.2991 -71.3414 15.5234 -75.647381
45.9552 -78.4006 18.2802 -75.834291
45.9541 -87.9136 17.638 -75.930765
46.0845 -93.1486 14.7482 -75.967814
52.1518 -103.9606 11.3242 -75.993488
58.8833 -119.603 12.0998 -76.021155
62.6461 -133.0235 18.7767 -76.046914
68.7987 -150.479 18.27 -76.071596
75.478 -168.4071 16.0379 -76.094863
80.7201 -186.7623 13.7215 -76.116141
86.0397 -202.1519 18.4658 -76.132279
88.9594 -219.8372 14.0604 -76.147448
92.3483 -238.1707 14.3683 -76.162195
94.4112 -256.1543 16.5595 -76.176197
95.282 -267.4858 16.3224 -76.188466
95.3059 -280.3632 10.9397 -76.197179
82.392 -291.8157 13.1552 -76.205464
66.6134 -301.8126 13.5179 -76.213776
55.8832 -314.8401 17.1156 -76.221765
42.621 -325.3136 19.0805 -76.22807
32.9705 -340.7608 23.6528 -76.231778
23.9361 -354.8041 21.203 -76.23537
9.6225 -366.7531 22.7517 -76.239235
-4.6074 -378.3071 21.4152 -76.242995
-16.9731 -389.755 18.9726 -76.244944
-27.5688 -401.1213 14.9527 -76.24484
-39.573 -411.7299 14.9204 -76.244746
-40.6381 -420.4638 25.2112 -76.245058
-40.4069 -426.6412 14.8914 -76.245415
-41.6738 -434.0686 12.5022 -76.243837
-35.1298 -447.795 10.0223 -76.240649
-30.511 -455.7937 6.7671 -76.237681
-26.4654 -460.7911 2.4423 -76.235528
-24.2919 -464.5784 0.2402 -76.234409
37.1249 -94.0849 14.9718 -76.000495
20.7736 -99.7756 22.2184 -76.070172
11.0172 -108.5614 18.7473 -76.103535
5.909 -113.1292 24.1737 -76.115026
4.7649 -121.3499 27.2758 -76.125085
-3.9067 -133.7894 26.1237 -76.136602
-16.2236 -149.0836 26.7198 -76.145535
-17.7909 -159.6216 22.5822 -76.153387
-30.8645 -168.2845 21.4997 -76.160604
-40.3768 -181.2163 24.3391 -76.166783
-50.8898 -195.8899 27.7601 -76.170054
-59.8432 -207.2909 27.0024 -76.170051
-63.453 -209.2381 15.4152 -76.169366
-64.2909 -212.4765 11.1044 -76.168692
-69.7086 -217.4653 14.9612 -76.1683
-1.3141 -131.2728 34.9295 -76.132725
15.7442 -115.5027 24.1983 -76.104345
21.9499 -133.9863 25.1312 -76.115369
26.8898 -147.4387 25.6301 -76.124888
28.6429 -155.1273 32.7495 -76.133492
28.6017 -167.7997 33.6747 -76.140862
33.7647 -170.9041 21.6446 -76.145501
35.3986 -176.6564 11.4651 -76.146765
39.8278 -180.409 -7.3747 -76.147098
28.4843 -94.572 17.6083 -76.042512
24.075 -93.3058 9.4058 -76.0581
15.5128 -90.8025 -8.4542 -76.079068
-0.0475 -89.6597 -13.0268 -76.098047
-13.9393 -94.7328 -4.0497 -76.11572
-31.0534 -101.5497 -4.3571 -76.131799
-48.3446 -108.1087 -4.4853 -76.145202
-60.3769 -111.0796 -1.1234 -76.153936
-77.9711 -113.5102 3.296 -76.161497
-92.0999 -121.9743 4.6219 -76.168427
-105.6825 -132.44 0.8972 -76.174389
-119.8735 -141.3568 5.959 -76.177459
-132.8113 -151.1601 6.979 -76.177476
-147.2952 -155.5423 4.0924 -76.176853
-153.368 -158.2725 7.6335 -76.176238
-168.793 -159.6906 7.6228 -76.175885
50.8433 -86.5895 17.9535 -75.920356
61.2357 -92.3404 14.5899 -75.952823
72.1897 -102.125 21.0158 -75.986692
85.4059 -115.7278 22.6939 -76.017254
96.1046 -123.0147 27.5352 -76.045658
106.3877 -128.7142 28.8233 -76.071737
119.3522 -141.0891 32.8119 -76.095086
133.3865 -151.0456 27.4274 -76.112274
140.4642 -156.8554 25.7903 -76.127904
152.3124 -169.1266 29.8767 -76.142618
161.5491 -182.1636 26.4505 -76.156123
167.3763 -187.9265 20.8501 -76.167188
178.0174 -198.4202 27.7655 -76.174094
190.5879 -201.853 17.5881 -76.180058
198.4764 -209.0366 23.2285 -76.185576
206.4978 -222.3967 29.9785 -76.190324
216.4485 -231.2363 29.6641 -76.192582
219.3592 -241.6667 28.5636 -76.19223
217.6919 -257.4839 32.1794 -76.191346
212.7961 -271.781 39.8533 -76.190553
208.8344 -287.7139 39.3838 -76.190097
43.1478 -69.6198 16.0595 -75.777872
45.0982 -63.5211 16.1223 -75.79648
50.7937 -61.6079 11.0465 -75.814697
63.7547 -58.5312 9.7712 -75.83094
75.049 -60.4617 16.3877 -75.843864
83.0968 -60.7333 25.9161 -75.85454
91.3447 -63.64 26.8113 -75.863367
106.4082 -69.1292 24.6495 -75.871359
123.1559 -72.5629 28.9251 -75.876517
143.1961 -75.9244 28.8652 -75.879011
46.1286 -55.224 14.5026 -75.810695
37.6417 -45.2763 18.4222 -75.818033
22.8448 -43.0894 21.8828 -75.821261
