-0.8015 -1.2678 -0 -63.575748
-3.2062 -5.0715 -0 -63.610905
-5.0765 -8.0299 -0 -63.634814
-6.4123 -10.1429 0.0262 -63.64363
-8.0143 -12.677 0.1283 -63.657422
-8.8146 -13.9429 0.1666 -63.668156
-8.2187 -14.5214 0.2948 -63.677082
-8.7411 -16.3672 0.5247 -63.702857
-10.0309 -17.8905 1.1419 -63.735629
-11.386 -19.3222 1.89 -63.767164
-12.7254 -20.8552 2.392 -63.796677
-14.0432 -22.4116 2.6217 -63.831917
-14.6972 -24.3185 2.0715 -63.874957
-15.5306 -26.234 2.0482 -63.921949
-16.1094 -27.8038 2.3068 -63.95979
-14.7796 -28.9827 3.1257 -63.988098
-13.6062 -30.5844 3.6202 -64.016716
-12.2537 -32.1091 3.9089 -64.045458
-11.1222 -33.7683 4.2796 -64.074445
-10.1932 -35.2295 5.196 -64.103529
-9.3619 -36.7283 6.3117 -64.132824
-8.5851 -38.2492 7.4144 -64.162238
-7.5935 -39.8435 8.2499 -64.191812
-6.8916 -41.4349 9.2193 -64.221669
-6.2727 -43.3267 9.6108 -64.251661
-5.7427 -44.6215 10.9758 -64.281804
-5.2774 -45.3085 12.8612 -64.311925
-4.5701 -46.2857 12.7646 -64.342181
-3.9187 -47.0128 11.0346 -64.372545
-3.487 -47.3534 9.0584 -64.403019
-3.1601 -48.3203 10.2056 -64.43375
-2.5906 -49.7167 11.29 -64.464338
-2.064 -51.2649 10.2609 -64.495092
-1.9023 -53.0628 10.2828 -64.525893
-1.2374 -53.7481 8.8883 -64.556659
-0.2338 -55.4757 8.438 -64.587521
0.9268 -57.1391 8.1846 -64.618337
2.1659 -58.7648 8.26 -64.649106
2.7966 -60.3652 9.2072 -64.67987
3.5606 -62.0815 8.7826 -64.710571
4.1051 -63.9769 8.2533 -64.741287
4.7728 -65.8913 8.0534 -64.771805
5.555 -67.7898 8.1794 -64.80214
5.4215 -69.7319 8.5591 -64.832293
5.3722 -71.1779 9.39 -64.862226
6.6015 -72.8224 9.4344 -64.89193
7.9091 -74.3345 9.4579 -64.921373
9.1469 -75.9691 9.4502 -64.950548
10.0298 -77.8076 9.4917 -64.979416
10.7723 -79.6982 9.5101 -65.008004
12.3735 -80.8411 9.4583 -65.035979
13.4145 -82.6176 9.4397 -65.063725
14.1594 -84.5026 9.6273 -65.091083
14.908 -86.352 10.0263 -65.117945
15.6285 -88.1574 10.421 -65.144267
16.2688 -90.0988 10.1972 -65.170114
16.8061 -92.0324 10.2983 -65.195332
18.0591 -93.5211 10.9131 -65.219831
19.0692 -95.1762 11.592 -65.243707
20.0514 -96.8019 12.3554 -65.266859
20.7986 -98.4251 13.1509 -65.289317
22.3425 -99.643 13.6764 -65.310895
23.1324 -101.4525 13.8694 -65.331807
24.2278 -103.1764 13.8286 -65.351865
25.7948 -104.4654 13.8973 -65.37091
27.3532 -105.7951 13.951 -65.389023
28.4996 -107.4233 13.9547 -65.406264
30.0108 -108.56 13.6639 -65.422393
31.1081 -108.6091 12.0588 -65.437468
29.9694 -109.9097 10.9348 -65.452832
28.8308 -111.2104 9.8109 -65.466679
27.6922 -112.511 8.6869 -65.479021
26.8377 -113.4766 7.7017 -65.489921
28.1153 -111.9666 8.2837 -65.499549
29.3929 -110.4565 8.8658 -65.507629
30.6706 -108.9464 9.4479 -65.514174
31.1787 -108.9746 10.7509 -65.519762
31.0798 -109.3078 12.7833 -65.524034
31.1974 -110.3892 14.0207 -65.526977
31.8589 -112.2436 14.4776 -65.528623
32.2207 -114.0808 14.8897 -65.528753
32.3754 -116.0895 14.7382 -65.52738
33.2282 -117.7627 14.1097 -65.524341
34.0263 -119.6079 13.7086 -65.519731
34.4263 -121.5938 13.4703 -65.513507
34.6735 -123.5948 13.4834 -65.50561
34.4631 -125.6138 13.6554 -65.496016
35.477 -127.1975 13.9548 -65.484608
36.4488 -128.3733 14.9241 -65.471259
36.0423 -130.1872 15.3722 -65.456205
35.1621 -131.5518 15.4371 -65.439307
35.6418 -129.8523 14.8263 -65.419953
35.0348 -128.0619 14.2107 -65.398719
35.5446 -129.8444 14.1534 -65.376474
35.6291 -131.8577 14.0497 -65.352471
34.8485 -133.6181 13.7199 -65.326562
34.2995 -135.3089 12.7219 -65.298761
33.9891 -137.2127 12.2496 -65.269203
34.6951 -139.1364 12.158 -65.237815
34.4342 -141.0719 12.4762 -65.204629
34.9496 -142.8915 13.1328 -65.169514
35.1207 -144.6736 12.8365 -65.132693
36.0553 -146.4708 12.5635 -65.094143
36.5162 -147.9232 11.2272 -65.053608
37.0821 -149.6924 10.5935 -65.011744
38.1845 -151.3675 10.8233 -64.968277
38.9786 -152.5573 11.4668 -64.92307
38.5512 -154.4927 11.7745 -64.87639
38.9845 -156.4817 12.0272 -64.828253
38.8087 -158.4686 12.102 -64.778947
39.4316 -160.3993 12.1561 -64.728498
40.017 -162.1492 11.7738 -64.676867
39.9044 -164.0643 11.3068 -64.6245
40.4166 -165.9089 10.6066 -64.57128
41.3853 -167.5493 10.7632 -64.51755
42.1247 -169.1267 11.6727 -64.463364
42.1485 -170.8263 12.6221 -64.408915
41.2541 -172.1527 13.7028 -64.354595
41.3329 -173.6405 14.3131 -64.300535
41.6008 -174.8677 12.6805 -64.246742
41.8738 -176.7997 12.275 -64.194153
42.7438 -178.5456 11.9564 -64.14266
43.2439 -180.4578 12.0397 -64.09266
43.3656 -182.4295 12.4106 -64.044339
43.6747 -184.2146 13.2717 -63.997969
44.1736 -186.1236 13.8383 -63.954191
44.3535 -187.9066 14.7675 -63.913098
44.8726 -189.5685 15.6922 -63.875149
45.4404 -191.1005 14.5715 -63.840718
46.1386 -192.9259 14.1459 -63.81033
46.6287 -194.8895 13.783 -63.78429
47.9055 -196.4354 13.3908 -63.76278
49.0241 -197.9564 13.467 -63.74625
49.8322 -199.3762 13.2319 -63.73501
51.04 -200.3986 12.0409 -63.72933
-16.8109 -27.3553 2.8101 -63.964377
-17.497 -28.3029 4.2038 -64.001562
-18.1984 -29.271 5.5067 -64.038357
-18.2577 -29.3412 3.7473 -64.081523
-18.2679 -29.344 1.9276 -64.124223
-18.2781 -29.3467 0.108 -64.166354
-18.2883 -29.3494 -1.7116 -64.207898
-18.2985 -29.3522 -3.5313 -64.248836
-18.8534 -30.5664 -3.9808 -64.290048
-18.8107 -32.318 -3.8597 -64.332306
-19.3066 -34.0554 -3.7456 -64.375274
-18.9488 -34.5418 -2.2544 -64.418916
-18.3075 -35.7012 -1.0566 -64.463546
-18.003 -37.2922 -0.254 -64.508978
-17.2153 -38.7422 0.5062 -64.555155
-17.2992 -40.1694 1.5541 -64.602209
-17.1185 -41.7267 2.3954 -64.650205
-17.083 -42.8762 3.6698 -64.69919
-17.3639 -44.4413 4.545 -64.749025
-18.2212 -45.6938 5.2818 -64.79936
-18.9632 -46.7735 4.1464 -64.850594
-19.2427 -47.6114 2.5633 -64.902997
-19.7572 -49.1601 2.2576 -64.955939
-20.0441 -50.8741 2.5491 -65.009661
-20.3286 -52.4364 3.2684 -65.064056
-19.8077 -53.8024 3.6098 -65.119295
-19.2008 -54.6661 2.2731 -65.175571
-18.7221 -56.0354 2.9434 -65.232859
-18.7365 -56.729 4.1896 -65.290586
-18.8997 -58.1413 5.2798 -65.348953
-18.8149 -59.8936 5.7078 -65.407883
-18.9822 -61.072 7.0484 -65.467505
-19.3934 -62.5349 8.0119 -65.527302
-19.547 -63.8484 9.0694 -65.58785
-19.5772 -65.5723 8.63 -65.648418
-19.258 -67.3139 8.3405 -65.709299
-19.7508 -69.0603 8.364 -65.77018
-19.9946 -70.8175 8.7102 -65.831385
-19.8037 -72.5539 9.1873 -65.892556
-19.7201 -74.3251 9.5635 -65.9537
-20.2567 -75.9938 9.7611 -66.014627
-19.7758 -77.7066 9.8918 -66.07529
-19.8692 -79.394 10.0722 -66.135466
-20.6153 -80.6503 10.7965 -66.194952
-20.8101 -82.0334 11.1362 -66.253547
-21.8468 -83.2751 10.5156 -66.3112
-22.3598 -84.646 11.4203 -66.367793
-22.8139 -86.2646 12.0203 -66.423193
-22.9433 -87.4114 13.1988 -66.477416
-23.2601 -88.7922 14.1473 -66.529772
-23.5187 -90.5915 14.1567 -66.58001
-23.7693 -92.3875 14.2837 -66.628057
-23.9193 -94.161 14.5659 -66.673735
-24.765 -95.4177 14.2775 -66.716612
-25.6946 -96.5629 13.7452 -66.756452
-26.3361 -98.2508 13.7081 -66.793197
-26.22 -99.6251 14.4174 -66.826902
-26.029 -100.2322 16.1217 -66.85651
-25.98 -100.9366 17.7977 -66.882048
-26.1774 -101.1961 19.58 -66.903698
-26.4133 -101.3806 21.3748 -66.919975
-26.5757 -102.9017 22.0388 -66.931269
-26.565 -104.1061 22.8298 -66.937212
-10.4886 -18.1238 0.6694 -63.762866
-10.4015 -18.057 0.4643 -63.783165
-11.3637 -19.3353 1.4826 -63.808093
-12.4409 -20.4928 2.3203 -63.837753
-13.7335 -21.882 2.6066 -63.87025
-14.3525 -23.4451 1.6476 -63.903318
-14.7639 -24.7529 0.4153 -63.936746
-15.0123 -25.6795 -1.2982 -63.970631
-14.7483 -27.3027 -2.2341 -64.005084
-14.1682 -28.7546 -3.3613 -64.04008
-14.1335 -30.3237 -2.5621 -64.075609
-14.176 -32.0715 -1.7097 -64.1116
-14.076 -33.7889 -0.9359 -64.148068
-13.8862 -35.6563 -1.4771 -64.185047
-13.5408 -37.5381 -1.8551 -64.222502
-12.9254 -39.3671 -2.0095 -64.260535
-12.8947 -41.2639 -2.5483 -64.299022
-12.5093 -43.0891 -2.3969 -64.337995
-11.8636 -44.7358 -1.5183 -64.377646
-11.3409 -46.4019 -0.6056 -64.417787
-11.0233 -47.5467 0.9658 -64.458559
-10.5913 -48.4457 2.6789 -64.499537
-10.1405 -50.0833 3.3431 -64.54112
-10.2934 -51.7904 2.9275 -64.583251
-10.88 -52.8858 1.4404 -64.625945
-11.0363 -54.4811 1.7038 -64.669063
-11.1458 -56.3254 2.378 -64.712797
-10.357 -57.7555 3.4384 -64.756949
-10.1358 -58.8326 4.9901 -64.801554
-10.3077 -60.6124 5.6598 -64.846872
-11.2813 -62.2927 6.0116 -64.892602
-11.7958 -64.1934 6.181 -64.938828
-12.4342 -66.0517 6.3974 -64.985614
-11.9522 -67.7789 6.8906 -65.032883
-11.6762 -69.0382 8.2561 -65.080483
-11.713 -70.0381 9.9612 -65.128426
-11.8555 -70.9146 11.6774 -65.177123
-12.8132 -71.5235 13.2459 -65.225934
-13.5753 -72.2336 12.7301 -65.275232
-14.1638 -73.7043 11.8882 -65.325061
-14.4131 -75.2707 10.815 -65.375224
-13.5782 -77.0011 10.3425 -65.425856
-13.3259 -78.9499 10.1371 -65.476908
-13.3622 -80.9141 10.3308 -65.5282
-14.2376 -82.5066 10.9807 -65.579631
-14.7845 -84.1023 11.9265 -65.631461
-15.3519 -85.4422 12.6525 -65.683546
-15.7865 -86.6616 12.098 -65.735942
-16.5522 -87.7496 13.5364 -65.788502
-17.1687 -89.5648 13.8022 -65.841311
-18.2162 -91.1682 13.885 -65.894275
-19.5493 -92.634 13.9514 -65.94734
-20.3209 -94.4426 13.8656 -66.000653
-21.0095 -96.2837 13.6721 -66.05406
-21.3384 -97.8523 13.9673 -66.108041
-21.6939 -97.8965 15.9193 -66.162318
-22.3276 -98.0602 17.7316 -66.215916
-21.887 -98.9874 16.7979 -66.270217
-22.8153 -99.7306 15.3374 -66.32378
-24.3779 -100.6691 14.7056 -66.377244
-24.3457 -102.6276 14.3888 -66.430709
-24.5768 -104.5617 14.2213 -66.483979
-24.8282 -106.5067 14.2205 -66.537107
-25.0574 -108.4614 14.1941 -66.589945
-25.5558 -110.3378 14.0236 -66.642545
-26.9412 -111.6652 13.5497 -66.694717
-27.6548 -113.1993 12.651 -66.746525
-27.9593 -114.1646 11.0361 -66.798441
-28.3565 -115.3746 10.0919 -66.849183
-29.1471 -116.4978 9.0352 -66.899677
-29.5399 -117.0458 7.1689 -66.949896
-29.9596 -117.6548 5.3281 -66.999149
-30.9613 -118.935 4.5188 -67.047557
-32.1435 -120.2324 4.6581 -67.095302
-32.9363 -121.0473 6.2793 -67.142236
-33.621 -122.2206 7.5953 -67.188188
-33.9105 -123.585 8.7937 -67.233264
-34.4873 -124.3869 10.3397 -67.277097
-35.0405 -125.7656 11.4307 -67.319718
-34.701 -127.6323 11.772 -67.361165
-35.3063 -129.4991 11.9181 -67.401239
-35.9903 -131.3268 11.7835 -67.439728
-37.6819 -132.1342 11.31 -67.476296
-38.5009 -133.4806 10.3217 -67.511219
-38.4967 -134.7419 8.9782 -67.544337
-39.2613 -136.1191 9.0235 -67.575239
-39.6486 -137.8732 9.0943 -67.603968
-40.3927 -139.5578 8.4232 -67.630196
-41.3357 -141.2284 8.0319 -67.653802
-41.7461 -143.1332 7.6854 -67.67472
-42.0138 -145.0056 7.4829 -67.692654
-41.9887 -146.6225 8.5512 -67.707437
-43.1363 -148.1444 8.915 -67.718827
-43.8626 -149.8828 8.3731 -67.726796
-44.926 -151.4033 7.7386 -67.731035
-9.353 -14.8211 0.2731 -63.687002
-11.0559 -15.5864 0.7158 -63.720914
-12.8605 -15.9487 1.177 -63.762958
-14.323 -16.6873 2.6356 -63.841489
-15.6273 -17.7486 4.2904 -63.908274
-16.5612 -19.3299 4.837 -63.939502
-17.0333 -20.2944 6.2453 -63.974886
-17.8874 -21.5361 7.3823 -64.01178
-18.8508 -22.9769 8.1796 -64.049313
-19.5099 -24.5801 8.9543 -64.087677
-19.7318 -25.6734 10.3712 -64.126911
-19.6375 -26.5275 11.987 -64.167077
-20.9183 -27.5166 12.4491 -64.207726
-21.2964 -29.0814 13.3143 -64.249409
-21.83 -30.7644 14.0149 -64.291982
-22.4092 -32.288 14.7504 -64.335394
-23.1716 -32.8787 16.4102 -64.379924
-23.4458 -33.3976 17.1662 -64.424704
-23.9797 -35.1098 17.8018 -64.47078
-25.2888 -36.4276 18.1128 -64.51756
-26.4013 -37.9363 18.2431 -64.565186
-27.2908 -39.5473 18.3867 -64.613809
-28.9068 -40.2841 18.3568 -64.663128
-28.8386 -41.8551 18.071 -64.713564
-30.0593 -43.3052 18.0707 -64.764855
-30.6546 -44.9959 18.2212 -64.81727
-31.4097 -46.5757 18.3297 -64.87055
-32.6885 -47.8644 18.2798 -64.924651
-33.6705 -49.4532 18.3794 -64.9795
-34.3435 -51.1833 18.7706 -65.035297
-35.0428 -52.643 19.7515 -65.091989
-35.9334 -53.9164 20.8542 -65.149347
-36.4958 -55.5633 21.6175 -65.20752
-37.1515 -57.2664 22.1901 -65.266414
-37.503 -58.9135 22.7742 -65.326357
-37.2767 -60.629 23.5408 -65.387131
-38.3487 -62.1152 24.0868 -65.448259
-38.7835 -63.8894 24.6417 -65.510087
-39.0307 -65.5698 25.4324 -65.572409
-39.2448 -67.4312 25.7075 -65.63549
-39.4113 -69.2406 26.1323 -65.698885
-38.2265 -70.1613 27.1367 -65.76255
-37.9293 -71.6381 28.1838 -65.827015
-36.7386 -72.8721 28.5562 -65.891469
-35.4143 -74.1273 28.8617 -65.956009
-33.8413 -75.1427 29.2839 -66.02209
-32.9832 -76.7229 29.5771 -66.086999
-33.6399 -75.092 29.1649 -66.152094
-33.1635 -76.3575 28.5144 -66.217315
-32.6394 -77.9449 29.3953 -66.282199
-31.5586 -79.4236 29.8926 -66.347701
-30.8094 -81.0765 30.3763 -66.412301
-31.5811 -82.6547 30.6865 -66.475281
-31.7168 -84.5489 30.8274 -66.537363
-31.5105 -86.4537 30.8357 -66.598149
-31.5377 -88.3667 30.7633 -66.657607
-31.4829 -90.279 30.6456 -66.715488
-31.9235 -92.1277 30.4947 -66.771449
-32.2806 -93.9944 30.2829 -66.825236
-33.2826 -95.4749 30.073 -66.876721
-34.2923 -96.3147 29.212 -66.925549
-33.7984 -97.5646 29.0456 -66.971851
-33.365 -98.5644 30.3242 -67.01513
-34.9529 -99.5888 30.5864 -67.054815
-35.3561 -101.2379 30.5528 -67.090992
-35.425 -102.1901 29.7785 -67.123033
-35.4381 -103.6106 30.0236 -67.150801
-35.4329 -104.9525 28.8355 -67.173733
-35.4888 -106.6151 28.0477 -67.191561
-35.1318 -108.0258 29.2064 -67.203964
-34.5346 -109.5447 30.0645 -67.210489
-15.445 -16.6758 3.4162 -63.908224
-17.1123 -16.5493 2.7023 -63.938276
-18.8242 -16.1183 2.2844 -63.972538
-20.5247 -15.3962 2.2003 -64.007816
-22.3116 -15.3473 2.4856 -64.043896
-24.0423 -14.9367 2.9859 -64.080793
-25.7912 -14.8802 3.5418 -64.118571
-27.6376 -14.8877 3.7424 -64.157066
-29.4617 -14.8882 3.7168 -64.196339
-31.2202 -15.3922 3.5297 -64.236681
-32.7539 -15.8243 2.9445 -64.278033
-34.0829 -16.2305 1.7975 -64.32008
-35.3566 -17.1047 0.7776 -64.363066
-36.7811 -17.3591 0.0703 -64.406555
-38.4049 -17.2529 0.8951 -64.450763
-40.1857 -16.9717 1.2216 -64.495849
-41.9745 -17.3706 1.348 -64.541982
-43.6645 -17.7288 1.1737 -64.589036
-45.1638 -16.9527 0.472 -64.636616
-46.3865 -16.2335 -0.6264 -64.685264
-48.1583 -16.038 -0.1893 -64.734988
-49.5586 -16.5997 0.7893 -64.785892
-50.6275 -17.7832 1.5574 -64.837708
-52.4581 -17.9497 1.6886 -64.890176
-54.2203 -17.8442 1.1278 -64.943461
-55.6575 -18.4041 0.1681 -64.997928
-57.139 -19.2179 -0.5793 -65.053352
-58.8775 -19.6978 -0.9928 -65.109506
-60.4992 -20.5497 -0.8751 -65.166484
-62.2699 -20.9516 -0.784 -65.224203
-63.9605 -21.4851 -1.2025 -65.28329
-65.769 -21.6468 -1.2364 -65.342669
-67.4074 -21.948 -2.0416 -65.402865
-69.2303 -22.0478 -2.2783 -65.463683
-71.0405 -22.3933 -2.2 -65.525451
-72.76 -22.6876 -1.8978 -65.587769
-74.4248 -22.1245 -1.3042 -65.650529
-75.468 -21.5676 0.0962 -65.714015
-76.805 -21.0117 0.8974 -65.778058
-78.6304 -21.1688 0.7939 -65.842392
-80.2126 -21.6023 1.4208 -65.907282
-81.9055 -21.4802 1.8938 -65.972323
-83.3789 -20.5725 2.4839 -66.037425
-84.8475 -20.092 3.3977 -66.102666
-85.8797 -19.4106 4.4732 -66.168196
-86.9877 -17.9771 4.3817 -66.23322
-88.4094 -16.917 4.436 -66.298109
-89.1332 -16.2863 5.8123 -66.36353
-89.6827 -16.0961 7.5766 -66.428455
-90.6073 -14.9923 8.5732 -66.491979
-91.6573 -14.5236 9.9347 -66.554852
-92.216 -13.6924 11.4126 -66.617301
-93.3323 -12.5367 11.3011 -66.67766
-94.3529 -11.3333 10.4637 -66.73673
-95.9243 -11.359 10.3327 -66.794487
-97.085 -12.6874 10.4076 -66.850764
-98.637 -11.9209 10.4364 -66.904478
-99.8512 -10.5582 10.1484 -66.955565
-101.1467 -9.2581 9.9913 -67.004227
-102.9108 -8.8466 10.0308 -67.050122
-104.2043 -7.6318 10.4372 -67.092464
-105.7848 -7.7377 11.2376 -67.131729
-107.5295 -7.7352 11.7584 -67.167118
-108.7114 -6.5165 12.2914 -67.198067
-108.6826 -5.013 12.9437 -67.224726
-109.4316 -4.9691 14.0337 -67.246969
-110.9911 -5.321 13.2911 -67.264189
-112.3812 -4.7789 12.2565 -67.275777
-113.4541 -4.4164 10.8172 -67.281725
-15.5545 -17.632 4.3033 -63.906178
-16.8149 -18.3686 5.0193 -63.931025
-18.1535 -17.7371 5.9254 -63.959438
-19.3957 -17.6568 7.1162 -63.989144
-20.6245 -17.4395 8.329 -64.019458
-21.4073 -17.0773 9.8446 -64.05067
-22.3291 -16.4593 11.1562 -64.082334
-23.7986 -16.4039 12.1053 -64.114876
-24.636 -16.4397 13.5353 -64.148567
-26.0492 -16.413 14.4153 -64.182598
-26.5091 -16.6788 16.0866 -64.218142
-27.6416 -17.5424 16.452 -64.253873
-28.9683 -17.6171 17.1518 -64.290166
-30.2529 -16.8642 18.0015 -64.326934
-31.8112 -16.9615 18.7079 -64.364871
-32.7125 -16.0015 17.8716 -64.403133
-33.9732 -15.3124 17.8919 -64.442269
-35.5154 -14.9405 18.541 -64.482246
-36.8148 -15.2621 19.6037 -64.523194
-38.1095 -15.3947 20.6532 -64.564626
-39.3709 -15.3085 20.5665 -64.607163
-39.9084 -15.4165 22.2463 -64.650799
-41.4898 -16.1032 22.568 -64.694462
-43.1935 -16.3081 22.9719 -64.738544
-44.8671 -16.1005 23.426 -64.783016
-46.5874 -16.255 23.8037 -64.828244
-48.2806 -16.146 24.1613 -64.87348
-49.8848 -15.6408 24.6252 -64.919045
-51.569 -15.5809 25.1077 -64.96484
-53.1934 -15.8717 25.7123 -65.010858
-54.8397 -16.0518 26.2602 -65.057059
-56.4663 -15.7486 26.8593 -65.102694
-57.6381 -14.8744 27.7621 -65.147927
-58.8394 -13.7889 28.4214 -65.192729
-60.1932 -13.1386 29.3328 -65.237307
-61.8304 -12.6017 29.6751 -65.281096
-63.5039 -12.1508 29.7076 -65.323894
-64.8861 -11.121 29.4315 -65.365547
-65.5954 -10.0293 28.2627 -65.406071
-66.3587 -9.069 29.1123 -65.445111
-67.3994 -7.9254 29.8988 -65.48239
-68.8854 -7.8686 29.963 -65.517938
-70.5505 -7.352 29.9726 -65.551089
-72.0497 -6.4284 30.0037 -65.581686
-73.5599 -5.5098 29.9785 -65.609538
-74.8786 -4.3323 29.9264 -65.635084
-76.2236 -3.1844 29.9023 -65.656396
-77.2186 -1.7362 29.9278 -65.673915
-78.2778 -0.5048 29.7779 -65.687427
-79.9939 -0.3567 29.5292 -65.696915
-81.6519 -0.1123 29.479 -65.701777
-15.2282 -17.1379 4 -63.895104
-15.8134 -17.8487 4 -63.895903
-16.4306 -18.5318 4 -63.896394
-13.8552 -16.3527 0.6773 -63.788677
-6.8126 -12.9962 0.0714 -63.662822
-5.8684 -15.48 0.0572 -63.686321
-5.4058 -18.0693 0.0621 -63.716568
-4.8048 -20.6622 0.1442 -63.754883
-4.2378 -23.1032 0.3354 -63.802753
-4.2185 -23.3173 3.0099 -63.880303
-4.1991 -23.5292 5.6846 -63.958975
-3.9404 -24.0329 8.0609 -64.037279
-2.9465 -26.4423 7.8893 -64.117836
-2.9898 -29.1239 7.9366 -64.201204
-2.8312 -31.7921 8.079 -64.287566
-2.7737 -34.4658 8.0848 -64.377027
-3.1335 -36.1267 6.8772 -64.470994
-2.9668 -36.5649 4.2354 -64.56812
-3.5563 -38.3842 2.8887 -64.667491
-4.3063 -40.3834 1.497 -64.770838
-4.1208 -42.6459 0.2252 -64.877629
-4.2362 -43.7827 0.8959 -64.961694
-3.8312 -43.4159 2.8085 -65.019466
-3.4263 -43.0492 4.7211 -65.076588
-3.0214 -42.6825 6.6338 -65.133057
-2.6164 -42.3158 8.5464 -65.188867
-2.2115 -41.949 10.459 -65.244016
-1.8006 -41.5642 12.3611 -65.2985
-1.0504 -39.8462 12.7392 -65.354253
0.1758 -38.6585 13.5417 -65.410844
1.5902 -38.0395 13.8599 -65.469453
3.2347 -39.0768 14.2093 -65.529271
3.2862 -40.8715 14.6526 -65.590717
3.0921 -42.2179 15.9515 -65.653375
3.289 -43.8273 17.0278 -65.717434
3.7676 -45.0577 18.3989 -65.78324
5.3853 -45.2551 17.5078 -65.850231
6.4565 -45.5185 16.2146 -65.919967
6.4601 -45.5688 14.2263 -65.991412
7.3041 -46.1013 15.3965 -66.064175
7.7212 -46.6728 17.2551 -66.138968
8.2906 -47.8462 18.7417 -66.214822
8.7291 -49.4862 19.2615 -66.269453
9.1255 -50.9461 19.7272 -66.300724
10.0364 -52.2198 19.9693 -66.331996
10.7133 -53.6545 20.0389 -66.363478
11.8089 -54.3454 19.5071 -66.395135
12.1976 -54.6669 17.9921 -66.426837
13.1099 -54.8336 16.8714 -66.458511
13.5838 -54.6626 15.3738 -66.492079
13.6588 -54.6533 13.7788 -66.530468
13.7337 -54.644 12.1838 -66.567779
13.8087 -54.6347 10.5888 -66.60401
13.8837 -54.6254 8.9938 -66.639156
13.9586 -54.6161 7.3988 -66.673214
14.0336 -54.6068 5.8038 -66.70618
14.1085 -54.5975 4.2088 -66.738049
14.1663 -54.5744 2.6132 -66.773536
14.2206 -54.5486 1.0176 -66.809248
14.2749 -54.5228 -0.5781 -66.843747
14.3293 -54.497 -2.1737 -66.877025
14.3836 -54.4712 -3.7694 -66.909074
14.4379 -54.4454 -5.365 -66.939886
13.7113 -55.8095 -5.5929 -66.970344
13.1825 -57.2536 -6.0072 -67.00054
12.9567 -58.7053 -6.561 -67.030367
12.6682 -60.0281 -7.37 -67.059738
12.3514 -61.5353 -7.7387 -67.08871
11.9771 -63.0578 -7.8716 -67.117142
11.7617 -64.6275 -7.7751 -67.14504
11.4655 -65.9109 -8.3481 -67.17228
11.6675 -66.9063 -9.5712 -67.198818
11.728 -68.3207 -9.6289 -67.224794
11.6975 -68.4625 -8.07 -67.249615
11.4235 -69.5735 -7.0162 -67.273629
11.1196 -70.8404 -6.109 -67.296718
11.0275 -71.8722 -4.9846 -67.318796
11.2426 -73.2528 -4.3725 -67.339807
10.7531 -74.6674 -3.9199 -67.359558
10.425 -76.2016 -3.7062 -67.378096
10.77 -77.7411 -3.6532 -67.395258
11.0786 -79.2552 -3.6604 -67.410892
11.425 -80.7723 -3.755 -67.424961
11.2996 -82.2807 -4.0128 -67.437334
11.9706 -83.6675 -4.3963 -67.447911
12.7118 -84.5829 -3.8154 -67.456617
13.1706 -85.4159 -2.5821 -67.463282
13.3664 -86.853 -1.9391 -67.468022
13.3682 -87.667 -0.8755 -67.470473
8.6263 -48.9248 19.7774 -66.271272
8.971 -49.5407 20.9869 -66.306068
9.2099 -51.0475 20.8184 -66.341231
10.0927 -52.2943 20.5532 -66.376403
10.6868 -53.724 20.4404 -66.41171
11.4461 -54.1517 19.6321 -66.447544
11.5442 -54.2966 18.1881 -66.483241
12.9332 -54.8812 18.406 -66.518745
13.2774 -55.294 19.8309 -66.555142
13.7729 -56.2787 20.5319 -66.590812
14.3885 -57.7019 20.5127 -66.626599
15.16 -59.0485 20.6431 -66.662166
15.6443 -60.0525 21.5504 -66.69767
16.2084 -60.988 22.5631 -66.732923
17.2577 -61.2039 23.519 -66.767574
18.4454 -61.8839 23.9975 -66.801917
19.1422 -63.2514 24.2481 -66.83609
19.671 -63.8624 25.3071 -66.870121
20.2623 -64.3588 26.3522 -66.903235
21.638 -65.0559 26.1487 -66.93561
22.7173 -66.1327 25.8633 -66.969278
23.7256 -67.2733 25.5197 -67.001559
24.6112 -68.47 25.1932 -67.032049
24.9681 -69.954 24.971 -67.061514
24.9964 -70.9802 24.2159 -67.091248
24.9684 -71.117 22.6615 -67.120842
24.9404 -71.2538 21.1072 -67.148326
24.9124 -71.3907 19.5528 -67.173671
24.8648 -71.4567 17.9963 -67.197101
24.9221 -71.7069 16.7213 -67.218928
25.4185 -72.6144 17.5247 -67.239695
25.5779 -72.8182 19.0637 -67.258733
25.6724 -73.1458 20.5059 -67.27542
25.5385 -73.7136 21.7923 -67.290618
25.5469 -73.9336 23.3373 -67.303603
25.5553 -74.1535 24.8823 -67.313976
26.4257 -75.2629 24.9859 -67.322075
26.2037 -76.801 24.991 -67.327807
26.3234 -78.3421 25.0702 -67.330915
-4.7208 -44.7161 -0.023 -64.949964
-5.1299 -46.1818 0.6944 -64.985326
-5.3697 -46.9913 2.259 -65.021141
-5.7718 -48.0995 3.5791 -65.05739
-6.3113 -49.4357 4.5711 -65.094304
-6.1052 -51.0319 5.3148 -65.131747
-5.9754 -52.7323 5.8136 -65.169701
-5.3005 -54.3124 6.0843 -65.208146
-5.5666 -55.9139 6.2159 -65.247126
-6.3626 -57.4622 6.4728 -65.286557
-7.4327 -58.7683 6.9386 -65.32645
-8.3123 -60.0607 7.6969 -65.366842
-9.2075 -61.5771 7.5449 -65.407613
-10.0182 -63.1512 7.7642 -65.448922
-10.4982 -64.8336 7.9938 -65.490609
-11.098 -66.494 8.2496 -65.532831
-11.5795 -68.0917 8.8213 -65.57545
-11.4778 -69.48 9.814 -65.618322
-11.3768 -70.9824 10.6772 -65.661735
-11.1615 -72.6665 10.9417 -65.705658
-11.9531 -74.0675 10.3517 -65.749854
-12.2253 -75.2856 9.1163 -65.794385
-12.386 -76.5528 7.8889 -65.839166
-12.4919 -77.8973 6.8778 -65.884412
-12.6418 -79.6702 6.7282 -65.930027
-12.8923 -81.2283 7.3625 -65.975932
-13.0636 -82.0267 8.8276 -66.022322
-12.8375 -83.2389 8.8894 -66.068674
-12.4716 -84.694 8.0205 -66.115431
-12.6797 -85.5671 7.0599 -66.162392
-12.5183 -84.1321 6.1622 -66.209313
-12.5292 -84.0813 7.3739 -66.256859
-11.895 -85.6688 7.8198 -66.304909
-11.5229 -87.2946 8.4116 -66.353013
-10.3324 -88.1124 9.2259 -66.401018
-10.675 -89.8262 9.467 -66.449471
-11.2148 -91.4903 9.7261 -66.497745
-11.4919 -93.2205 9.9224 -66.545961
-11.8689 -94.9605 9.9938 -66.594225
-12.2215 -96.7085 9.9892 -66.642201
-12.5548 -98.4528 9.9031 -66.690128
-13.101 -100.1246 9.6027 -66.737738
-13.6123 -101.6942 9.0552 -66.785133
-14.5178 -102.8115 8.0351 -66.832174
-14.732 -103.8321 6.6289 -66.878986
-14.736 -104.949 5.3416 -66.925489
-14.7897 -105.5564 3.6632 -66.971444
-14.9175 -106.1934 2.0059 -67.016734
-14.8119 -107.3154 0.66 -67.061007
-14.3904 -108.3157 -0.7477 -67.104739
-14.0768 -109.6227 -1.5126 -67.147364
-14.1581 -111.3783 -1.2027 -67.189151
-14.4574 -112.7137 -0.3129 -67.229957
-14.5581 -113.8268 1.0481 -67.269362
-14.5629 -114.7419 2.5821 -67.307629
-14.3372 -115.8187 3.9677 -67.344282
-14.0073 -116.8255 5.38 -67.379426
-13.5104 -118.0936 6.4955 -67.412872
-13.0668 -119.695 6.5246 -67.444553
-12.4966 -121.0534 5.5568 -67.474075
-12.0851 -122.6625 5.1356 -67.50153
-12.5004 -124.2153 4.474 -67.526688
-12.6759 -125.9354 4.076 -67.549293
-13.0189 -127.5669 3.9008 -67.569296
-13.6129 -129.2115 3.7998 -67.586421
-14.5095 -130.7248 3.617 -67.600498
-15.1909 -132.314 3.2206 -67.611418
-16.0458 -133.6469 2.4524 -67.618934
-17.0046 -135.0632 2.0492 -67.62296
-3.6471 -8.0538 -0.0157 -63.645064
-1.3228 -8.9468 -0.0471 -63.670747
0.9314 -9.9936 -0.0832 -63.698921
2.6625 -11.7633 -0.1495 -63.734485
3.884 -13.4015 -0.8686 -63.791495
4.2751 -14.1359 -3.2157 -63.91846
4.6663 -14.8703 -5.5627 -64.044751
5.0575 -15.6047 -7.9097 -64.170333
5.4487 -16.3392 -10.2567 -64.295158
5.5082 -15.6747 -11.481 -64.391253
5.7528 -14.1284 -10.9972 -64.45402
5.1317 -14.013 -9.0503 -64.519876
5.6382 -14.026 -8.2186 -64.59042
7.6439 -14.2766 -7.8039 -64.663192
9.6042 -14.0356 -7.3728 -64.735696
11.4824 -13.5321 -6.7322 -64.810717
12.4397 -13.1153 -5.3274 -64.888594
13.1732 -12.7275 -3.4442 -64.970007
14.0029 -12.5015 -1.5695 -65.054457
14.9232 -12.6143 0.2611 -65.141642
16.0509 -12.8503 1.9217 -65.231794
17.2291 -12.7352 3.6117 -65.325891
18.6969 -13.072 4.9744 -65.421136
20.4387 -12.843 5.9867 -65.519294
22.2399 -12.9948 6.2182 -65.590991
23.7688 -13.3762 5.9788 -65.6339
25.0057 -12.6222 5.3936 -65.677073
26.3571 -12.2571 4.8087 -65.720796
27.8738 -11.9691 4.5669 -65.765186
29.2461 -11.1445 4.4391 -65.809867
30.8012 -10.7714 4.3716 -65.854936
32.3851 -10.5715 4.2891 -65.900491
33.2233 -10.1298 4.9983 -65.946716
34.0663 -9.8024 5.9221 -65.993185
35.5597 -9.845 6.5062 -66.039874
36.9026 -9.7278 7.2501 -66.086921
38.2463 -9.5474 7.9246 -66.133878
39.7277 -9.1425 8.3952 -66.180867
41.1759 -8.7377 8.951 -66.227868
42.5633 -8.3419 9.5488 -66.275102
43.7337 -8.1277 8.583 -66.322225
45.1311 -8.0308 7.9631 -66.369039
46.5242 -8.3092 7.3517 -66.415523
47.4104 -8.3281 6.0274 -66.462
48.547 -8.1523 4.9694 -66.507602
50.1277 -8.0481 4.8161 -66.552599
51.0302 -8.412 5.9293 -66.597827
52.4231 -8.5023 6.17 -66.641508
53.895 -8.5955 6.6905 -66.684449
54.9911 -8.7652 7.7616 -66.726259
56.4893 -8.9904 7.679 -66.766678
57.587 -10.1308 7.9043 -66.805919
59.0801 -10.6364 8.1455 -66.843591
60.6014 -11.0022 8.4608 -66.879316
61.9959 -11.5958 8.0265 -66.913214
62.9752 -11.9724 7.058 -66.945485
63.4644 -12.0743 5.5381 -66.975351
64.0395 -11.9612 4.047 -67.003038
64.4337 -11.9546 2.4888 -67.028177
64.823 -11.932 0.9297 -67.050251
65.2041 -11.8836 -0.6309 -67.069038
65.5558 -11.8356 -2.1985 -67.084583
65.8976 -11.7879 -3.7682 -67.096427
66.4194 -11.7876 -5.282 -67.104475
66.4944 -12.5596 -6.6605 -67.10881
21.8035 -12.9643 5.5087 -65.599293
22.2928 -12.8975 4.0421 -65.657483
22.782 -12.8307 2.5755 -65.714341
23.2713 -12.7639 1.1089 -65.769826
23.7606 -12.6971 -0.3578 -65.8239
24.2499 -12.6303 -1.8244 -65.876525
24.7391 -12.5635 -3.291 -65.927663
25.2284 -12.4967 -4.7576 -65.97728
25.7177 -12.4299 -6.2242 -66.02534
26.2069 -12.363 -7.6908 -66.071809
26.8935 -12.3131 -8.9994 -66.116994
27.9931 -12.1349 -10.0456 -66.161962
29.4155 -12.0244 -10.5719 -66.20694
30.9321 -12.139 -10.7879 -66.251752
32.4337 -12.4908 -10.7732 -66.296806
33.7283 -13.0404 -10.3346 -66.341517
34.9591 -13.7394 -9.781 -66.386017
36.3049 -14.3754 -9.3611 -66.430331
37.7863 -14.4064 -8.971 -66.474749
38.9765 -14.4204 -8.3072 -66.518636
39.509 -14.5028 -6.8771 -66.561658
40.803 -14.1184 -7.3333 -66.603318
42.1172 -13.7343 -7.9502 -66.644075
43.481 -14.2451 -8.4653 -66.683939
44.8322 -14.6862 -9.0455 -66.722611
46.2199 -15.1571 -9.5418 -66.76004
47.4998 -15.7968 -10.1041 -66.795843
48.4919 -16.341 -10.9949 -66.830181
49.2648 -16.5571 -12.2212 -66.862709
50.6437 -17.0063 -12.5265 -66.893078
52.1626 -17.2199 -12.7123 -66.921272
53.5098 -17.9199 -12.5815 -66.947155
54.8261 -18.5114 -12.0649 -66.970518
56.0144 -19.3898 -11.6485 -66.991149
57.1511 -20.3793 -11.2981 -67.008919
58.5784 -20.83 -11.009 -67.023359
59.5198 -21.3446 -11.6244 -67.034723
59.9152 -21.5013 -13.1121 -67.042396
60.3293 -21.6363 -14.5919 -67.046332
5.542 -17.4481 -11.9734 -64.378962
5.2752 -19.0549 -12.8511 -64.415537
4.5319 -20.5356 -13.6308 -64.452848
4.2842 -21.2679 -12.1504 -64.491259
4.5234 -21.5541 -11.2061 -64.529668
5.0916 -22.5097 -9.9139 -64.569275
5.6355 -23.6108 -8.5295 -64.609547
6.4022 -24.9693 -7.5369 -64.65066
6.6335 -26.3097 -6.3211 -64.692381
7.1852 -27.3717 -7.4784 -64.73511
7.7638 -28.2275 -9.037 -64.77843
9.1599 -28.8455 -10.0123 -64.822072
10.2945 -29.4271 -11.2255 -64.8665
12.0307 -29.9265 -10.7637 -64.911757
13.7255 -30.5864 -10.4924 -64.957686
15.1918 -31.515 -11.0288 -65.004341
16.7178 -31.6949 -12.0524 -65.051641
18.2188 -31.9125 -13.1144 -65.099649
19.9511 -32.1969 -13.7295 -65.148419
21.5074 -33.0418 -14.1745 -65.19983
22.8543 -34.2615 -14.6414 -65.252125
24.0059 -35.5947 -15.1729 -65.303407
24.5296 -37.1036 -15.7174 -65.355474
24.7232 -37.5624 -17.5262 -65.408615
25.1008 -38.2263 -19.2142 -65.462292
26.3789 -39.4506 -19.5884 -65.516125
28.1291 -39.8596 -20.0602 -65.570347
29.3513 -39.6098 -21.3429 -65.625223
30.6809 -38.9744 -22.3478 -65.680604
31.8544 -39.4408 -23.699 -65.736982
32.7072 -40.1312 -24.5207 -65.793843
34.1875 -40.0661 -24.2388 -65.851165
35.3747 -39.954 -25.6606 -65.908989
36.0556 -40.1808 -27.3735 -65.968112
37.1117 -40.5409 -28.8636 -66.027032
37.9499 -40.8975 -30.5002 -66.086327
38.8019 -40.6861 -32.1277 -66.145915
39.8174 -40.5169 -33.6425 -66.20546
40.8901 -40.7217 -35.068 -66.26512
42.5305 -41.61 -35.2384 -66.324948
44.3755 -41.8861 -35.4176 -66.38461
45.9871 -42.2694 -36.0731 -66.444268
47.4878 -43.2765 -36.1873 -66.505009
49.3319 -43.6209 -36.2065 -66.56643
51.1887 -43.712 -36.2324 -66.625591
53.0372 -43.4731 -36.3042 -66.684075
54.8899 -43.6769 -36.497 -66.741824
56.6959 -43.5991 -36.9065 -66.798861
58.2639 -44.1277 -37.6876 -66.855129
59.5341 -44.5902 -38.7803 -66.91079
60.5988 -45.0677 -39.8571 -66.96483
61.8729 -46.2433 -40.1922 -67.017642
63.3313 -46.5896 -41.0735 -67.068934
64.0217 -46.6763 -42.7931 -67.118789
64.5704 -46.7494 -44.583 -67.166679
64.8703 -46.6711 -46.4334 -67.214064
65.1687 -46.5915 -48.2839 -67.257706
65.5964 -46.5388 -50.1097 -67.298874
65.7108 -46.4215 -51.9702 -67.340166
65.6981 -46.2783 -53.8407 -67.378032
65.6854 -46.1351 -55.7113 -67.411104
65.6727 -45.9919 -57.5819 -67.439334
65.7296 -45.7497 -59.4403 -67.464062
65.8135 -45.4694 -61.2934 -67.484073
66.0243 -45.0935 -63.1166 -67.499292
66.1717 -44.6856 -64.9394 -67.509768
66.3305 -44.1781 -66.4646 -67.515039
5.6517 -16.7814 -12.2027 -64.405041
5.689 -16.9607 -13.7308 -64.492582
5.7263 -17.14 -15.259 -64.579283
5.7636 -17.3194 -16.7872 -64.665121
5.8009 -17.4987 -18.3154 -64.750071
5.8383 -17.678 -19.8436 -64.834104
5.8756 -17.8574 -21.3717 -64.917188
5.9129 -18.0367 -22.8999 -64.999289
5.9502 -18.216 -24.4281 -65.080369
5.9875 -18.3954 -25.9563 -65.160391
6.0248 -18.5747 -27.4845 -65.239314
6.0621 -18.754 -29.0126 -65.317097
6.0994 -18.9334 -30.5408 -65.393696
6.1367 -19.1127 -32.069 -65.469067
6.1741 -19.292 -33.5972 -65.543166
6.2114 -19.4714 -35.1254 -65.615946
6.2487 -19.6507 -36.6536 -65.687361
6.286 -19.83 -38.1817 -65.757364
6.3233 -20.0094 -39.7099 -65.825908
6.3606 -20.1887 -41.2381 -65.892945
6.3979 -20.368 -42.7663 -65.958428
6.4352 -20.5474 -44.2945 -66.022309
6.4725 -20.7267 -45.8226 -66.084541
6.5099 -20.906 -47.3508 -66.145075
6.5472 -21.0854 -48.879 -66.203867
6.5845 -21.2647 -50.4072 -66.260868
6.6218 -21.444 -51.9354 -66.316034
6.6591 -21.6234 -53.4635 -66.369319
6.6964 -21.8027 -54.9917 -66.420679
6.7337 -21.982 -56.5199 -66.470071
6.771 -22.1614 -58.0481 -66.517453
6.8083 -22.3407 -59.5763 -66.562784
6.8457 -22.52 -61.1045 -66.606025
6.883 -22.6994 -62.6326 -66.647138
6.9394 -22.8766 -64.1572 -66.686088
8.1498 -22.8799 -64.1006 -66.72375
8.9886 -23.516 -62.989 -66.760975
9.9314 -24.3205 -62.1091 -66.797078
10.5435 -25.411 -61.3105 -66.832408
11.1641 -26.7642 -60.9602 -66.866543
11.7371 -28.177 -61.0516 -66.899256
12.2468 -29.4991 -61.4619 -66.930524
12.6299 -30.7915 -61.1111 -66.960292
13.0367 -32.212 -60.6823 -66.988289
13.4206 -33.6473 -60.2909 -67.014404
13.672 -35.0666 -59.8345 -67.03836
13.7802 -36.5811 -60.0484 -67.059952
13.7177 -38.0731 -60.4184 -67.07902
13.5658 -39.5761 -60.7091 -67.09547
13.3014 -41.0704 -60.6511 -67.109049
13.3571 -42.0105 -59.4467 -67.119564
13.5377 -43.0476 -58.3404 -67.126815
13.6333 -44.0606 -57.3331 -67.130655
-2.4565 -0.91 0.0523 -63.522558
-2.8293 2.667 0.2464 -63.414394
-3.0866 6.216 0.7208 -63.304049
-2.2413 9.6979 1.5153 -63.191153
-0.7404 12.7593 0.9662 -63.07681
0.227 15.8879 -1.0884 -62.955585
0.5524 20.1154 -1.9386 -62.827255
0.4575 24.418 -2.5408 -62.696637
0.4389 27.3767 -5.5178 -62.563974
-0.013 29.9656 -8.7108 -62.42944
-0.1419 14.3216 0.264 -63.016234
0.8616 14.8245 1.2959 -62.986081
2.5303 15.409 3.4469 -62.930885
5.0961 15.9466 3.8822 -62.874456
7.8356 16.5695 3.9069 -62.816479
10.5566 17.2922 4.0994 -62.757905
13.2701 17.9524 4.5537 -62.698491
15.8121 18.8134 4.7988 -62.638541
17.2134 19.7132 4.344 -62.599974
17.5574 19.3689 4.0634 -62.597253
-0.9274 14.3109 0.2417 -63.011403
-2.5488 14.1754 0.0246 -63.007301
-4.1702 14.04 -0.1925 -63.003378
-5.6969 13.9854 -0.1496 -62.999466
-6.0083 14.0245 0.9686 -62.995375
-4.7591 13.8534 0.1003 -62.991092
-4.5248 13.8442 -1.5168 -62.985398
-4.3735 13.8457 -3.1513 -62.979585
-4.2222 13.8471 -4.7858 -62.97388
-4.0708 13.8486 -6.4202 -62.968396
-3.7648 13.9278 -8.018 -62.963078
-3.1571 14.1597 -9.5252 -62.95798
-2.5409 14.9686 -10.6984 -62.953514
-0.6612 32.5013 -8.9792 -62.345893
-1.3441 34.6869 -8.6538 -62.275874
-2.5162 37.7967 -7.959 -62.166572
-4.0883 40.798 -9.2426 -62.055953
-6.1771 43.4321 -10.5669 -61.944191
-7.4526 45.9637 -12.4793 -61.831033
-8.199 48.9959 -14.3148 -61.715377
-8.488 52.2581 -16.0262 -61.597334
-8.9751 55.6713 -17.3793 -61.477911
-8.9724 59.3456 -17.9864 -61.357126
-8.8355 62.9598 -18.9326 -61.234923
-8.1651 65.7964 -21.101 -61.111348
-8.071 69.4931 -21.2598 -60.986112
-8.0725 72.7987 -19.5494 -60.854414
-8.8931 75.9303 -20.6534 -60.7297
-9.8467 77.8663 -22.8286 -60.617198
-10.916 79.9845 -24.8489 -60.503319
-11.8107 82.572 -26.461 -60.376
-13.9622 85.1541 -28.0376 -60.235008
-15.428 87.4195 -30.0798 -60.09144
-16.2874 89.1284 -32.8169 -59.959134
-17.1302 91.8068 -33.4334 -59.838427
-16.6579 94.7355 -33.3269 -59.715921
-16.2793 97.4317 -32.2507 -59.59177
-16.0966 100.3779 -31.8618 -59.465701
-15.6048 103.2146 -31.8672 -59.251513
-15.0646 104.6984 -30.0846 -58.946675
-14.4099 106.6313 -31.3901 -58.637917
-13.9013 109.3975 -31.7321 -58.324441
-13.1382 112.1018 -31.8855 -58.006305
-12.0288 114.6912 -32.2205 -57.68298
-9.9615 116.491 -32.7147 -57.354826
-8.3964 118.5551 -33.6954 -57.021162
-7.0441 120.3709 -35.2413 -56.681593
-16.3107 103.1222 -31.2609 -59.375645
-17.0106 105.6108 -30.0258 -59.323633
-17.7104 108.0993 -28.7907 -59.272063
-18.4103 110.5878 -27.5556 -59.220818
-19.1321 113.0846 -26.3544 -59.169769
-20.0839 115.6275 -25.7828 -59.118138
-21.6544 117.8269 -26.4818 -59.065481
-22.4041 120.0541 -28.0006 -59.011474
-23.8204 121.9956 -29.2918 -58.956136
-16.2837 88.4956 -30.6847 -60.045776
-16.9057 88.45 -28.8674 -60.100366
-17.5277 88.4044 -27.0501 -60.155753
-18.1496 88.3588 -25.2328 -60.211864
-18.7716 88.3131 -23.4155 -60.268624
-19.3936 88.2675 -21.5982 -60.325952
-20.0155 88.2219 -19.7808 -60.38377
-20.6375 88.1763 -17.9635 -60.442001
-21.2595 88.1307 -16.1462 -60.500566
-21.8814 88.0851 -14.3289 -60.559389
-22.5034 88.0394 -12.5116 -60.618398
-23.1253 87.9938 -10.6943 -60.677516
-23.7473 87.9482 -8.8769 -60.736668
-24.3693 87.9026 -7.0596 -60.79578
-24.9912 87.857 -5.2423 -60.854781
-25.6132 87.8114 -3.425 -60.913602
-26.2352 87.7657 -1.6077 -60.972176
-26.8571 87.7201 0.2096 -61.030433
-27.4791 87.6745 2.0269 -61.088308
-28.1011 87.6289 3.8443 -61.145735
-28.723 87.5833 5.6616 -61.202651
-10.6474 82.0467 -25.97 -60.447254
-9.8973 83.5702 -26.7997 -60.450822
-8.9166 84.4636 -28.1497 -60.455589
-7.9416 85.635 -29.2349 -60.461333
-6.7633 86.7616 -30.2244 -60.468113
-5.9934 87.8877 -31.5 -60.475928
-4.805 89.0805 -31.9871 -60.484746
-4.0074 90.0975 -33.2964 -60.494688
-3.642 91.5318 -34.1524 -60.505475
-3.5504 92.2381 -35.0395 -60.517446
-2.6112 93.3175 -34.37 -60.530335
-1.4138 94.7914 -34.5426 -60.54402
-0.1697 96.0984 -35.117 -60.558678
0.8889 97.112 -35.3375 -60.574326
1.8787 97.6218 -33.8386 -60.590999
3.297 98.6527 -34.2066 -60.608284
4.478 100.1526 -34.2331 -60.626191
5.7259 101.6013 -34.2783 -60.644891
6.9236 103.076 -34.3329 -60.66422
8.2378 104.4594 -34.2789 -60.684217
9.708 105.6324 -34.1824 -60.704782
11.0242 106.9149 -34.1788 -60.725884
12.03 108.5293 -34.2938 -60.747341
12.8387 110.237 -34.4028 -60.76915
13.6986 111.9172 -34.2947 -60.791269
14.9808 113.3035 -34.0183 -60.813665
16.3534 114.5382 -33.5266 -60.836242
-8.0122 74.6652 -19.0128 -60.782844
-7.3733 74.7434 -17.1393 -60.778527
-6.2129 74.8717 -15.5661 -60.775202
-4.6588 75.1485 -14.4836 -60.772813
-2.9313 75.2005 -13.5318 -60.771446
-1.1908 75.5548 -14.025 -60.770975
0.2492 75.4182 -15.2751 -60.771595
1.6994 75.2949 -16.4498 -60.773179
3.456 75.8724 -16.5978 -60.775558
4.909 77.061 -16.0201 -60.778744
6.3489 78.0205 -15.2054 -60.782932
7.6777 78.1558 -16.557 -60.788291
9.1932 78.8939 -17.1669 -60.794405
10.3243 80.3116 -17.9293 -60.80125
11.8031 81.2429 -18.8099 -60.809087
13.3202 82.0201 -19.7154 -60.817824
14.672 82.8734 -20.8357 -60.827359
15.8195 84.0369 -21.4716 -60.837596
17.3968 85.0052 -21.5241 -60.848647
19.1523 85.9091 -21.6233 -60.860431
20.835 86.8367 -21.5731 -60.872878
22.3782 87.6805 -22.4819 -60.886016
23.6336 88.6822 -23.6145 -60.899669
25.3121 89.236 -24.4178 -60.913958
26.9271 90.1776 -25.069 -60.928931
28.5711 91.1435 -25.6063 -60.944477
30.1849 92.1759 -26.0934 -60.959916
31.906 93.0582 -26.3886 -60.975573
33.349 94.3802 -26.2354 -60.991307
34.682 95.7638 -25.7885 -61.007122
36.0698 96.9946 -25.1164 -61.023006
-9.1332 71.1226 -19.9391 -60.93769
-11.2049 71.3971 -19.3463 -60.968195
-12.2503 72.1505 -17.4371 -61.000716
-13.2771 72.9723 -16.3017 -61.035304
-15.0629 74.4381 -16.0237 -61.071785
-17.1889 75.3374 -15.9102 -61.110611
-18.7708 76.7954 -16.5998 -61.151474
-20.2396 77.7578 -18.0502 -61.194717
-21.4318 79.2493 -19.3169 -61.239909
-22.4493 80.8848 -20.0685 -61.27489
-23.644 82.5321 -19.9209 -61.298802
-25.2693 83.8199 -19.7197 -61.323965
-26.4282 85.5474 -19.5741 -61.350235
-27.4271 87.2915 -19.7394 -61.377749
-28.2555 88.0894 -18.5764 -61.406978
-28.4362 88.7812 -16.6121 -61.437573
-28.7184 89.4709 -14.6555 -61.469059
-28.5952 90.5234 -12.9306 -61.50151
-28.0087 92.2281 -11.8717 -61.534932
-28.1824 93.3344 -10.523 -61.569749
-28.881 94.9101 -9.3484 -61.605583
-29.1637 96.6406 -8.2343 -61.642457
-29.7507 98.589 -7.8416 -61.680377
-31.2546 100.014 -7.7767 -61.719524
-32.9856 101.1833 -7.8435 -61.759685
-34.438 102.6859 -7.93 -61.80089
-35.8645 104.1959 -8.077 -61.843071
-37.7492 105.0636 -8.2888 -61.886312
-39.7252 105.5106 -8.4883 -61.930711
-41.4274 106.5542 -8.4275 -61.97598
-22.5697 79.9845 -21.0657 -61.276947
-23.5049 79.5868 -23.0086 -61.302688
-24.7357 79.2357 -23.1851 -61.32699
-26.0186 79.7983 -22.2548 -61.352146
-27.6912 80.6895 -21.9109 -61.378334
-29.3246 81.7314 -21.4655 -61.405574
-31.1306 82.4861 -21.4143 -61.433966
-32.9071 83.2024 -21.5235 -61.463551
-34.8537 83.2248 -21.3716 -61.49438
-36.6622 83.819 -20.8419 -61.52618
-38.0322 83.5029 -19.5874 -61.559362
-39.4902 83.5562 -18.2934 -61.593458
-40.9141 84.0358 -17.0459 -61.628496
-42.4783 85.0996 -16.5078 -61.664306
-44.0118 86.2891 -16.2793 -61.701072
-45.0805 86.8165 -17.3328 -61.739734
-45.3985 87.0849 -19.2874 -61.77913
-46.0085 87.5938 -21.1008 -61.819465
-46.5256 87.8633 -23.0125 -61.860748
-47.0124 88.1443 -24.9307 -61.90289
-48.0466 88.8001 -25.8124 -61.945199
-49.3531 89.8139 -24.8517 -61.988182
-23.4169 79.5945 -22.041 -61.29098
-7.4755 47.1812 -14.128 -61.762604
-6.6397 46.9581 -15.442 -61.740912
-6.0885 47.0624 -16.854 -61.720062
-5.6785 47.4504 -18.3124 -61.699598
-5.0375 48.1975 -19.4234 -61.679745
-4.9376 48.8586 -20.8471 -61.660506
-4.8994 49.5688 -22.2208 -61.64199
-4.8067 50.8524 -23.1201 -61.624264
-4.348 52.1399 -23.896 -61.60663
-3.8636 53.4258 -24.6617 -61.59061
-3.2759 54.7308 -25.2965 -61.576135
-2.6137 56.0992 -25.6637 -61.562964
-1.9972 57.5231 -25.7699 -61.551035
-0.7472 58.4335 -25.8246 -61.54062
0.1834 59.5702 -25.9895 -61.531626
1.0556 60.8294 -26.3063 -61.524184
1.4265 62.1744 -26.9168 -61.518392
1.2466 63.3678 -27.9187 -61.514368
0.8615 64.5278 -28.8693 -61.512175
-1.2039 34.2315 -8.7378 -62.31407
-2.1645 36.692 -8.3921 -62.282584
-3.11 39.1845 -8.3928 -62.251435
-3.9026 40.3411 -6.7187 -62.221047
-4.4638 40.8393 -4.1593 -62.191294
-5.2514 41.2336 -1.6507 -62.162288
-6.4986 41.3875 0.6577 -62.134189
-6.9016 41.3668 3.1344 -62.106808
-8.3244 41.1475 5.0228 -62.080653
-9.0777 42.2825 6.6587 -62.062904
-10.4818 44.1286 6.7312 -62.053816
-12.0542 45.877 6.472 -62.045938
-13.7926 47.4551 6.7415 -62.039312
-14.3287 48.7274 8.6097 -62.033982
-14.2892 50.0448 10.5825 -62.029919
-14.3831 52.2013 11.5125 -62.026945
-15.4653 54.1641 11.5993 -62.025329
-15.9872 56.1264 10.7348 -62.025039
-15.9935 58.493 10.4465 -62.025984
-16.6674 59.2873 8.5547 -62.028676
-17.4698 59.7595 6.3608 -62.032794
-17.8092 61.9411 6.2291 -62.037821
-19.8136 62.8997 6.5069 -62.044513
-21.3274 63.1601 7.9551 -62.05275
-22.8218 64.0013 9.1439 -62.059644
-24.7396 64.6596 9.7419 -62.065261
-25.9313 65.6939 8.2209 -62.071974
-27.3521 67.091 7.1443 -62.07981
-27.8515 68.7801 5.7356 -62.088793
-28.9706 70.1238 4.2552 -62.099069
-29.8302 71.1977 2.3661 -62.110674
-30.5772 72.9481 2.3143 -62.123374
-31.2511 73.9836 4.3225 -62.137505
-31.8836 74.7971 6.3519 -62.152996
-33.4979 76.3178 6.0157 -62.169516
-35.3494 77.7054 5.6794 -62.187354
-36.2359 77.7987 3.4859 -62.206942
-36.823 78.2142 1.2302 -62.227786
-37.2962 78.8752 -1.0041 -62.249885
-38.0777 79.5243 -3.1351 -62.273195
-38.5828 79.8578 -5.4262 -62.298101
-40.1286 80.7679 -6.86 -62.324021
-41.8887 81.3717 -5.9333 -62.351429
-43.201 81.2826 -4.0378 -62.380495
-44.3102 81.7185 -2.0187 -62.410722
-23.2557 64.0561 8.131 -62.060813
-24.9649 64.9635 8.1844 -62.068683
-26.0616 65.9005 8.9001 -62.077886
-26.305 66.1448 10.8713 -62.088486
-26.4364 66.2766 12.8582 -62.100068
-26.7662 66.3845 14.8041 -62.11276
-28.2543 66.3369 15.7942 -62.126557
-29.7596 66.2207 16.7645 -62.141554
-29.8152 66.2528 18.7633 -62.157617
-30.2709 66.9957 19.6957 -62.174574
-31.7156 67.9135 20.4594 -62.192667
-32.1409 69.5247 21.5115 -62.211624
-33.0427 71.1208 22.2483 -62.231556
-33.7682 72.7602 23.0868 -62.252465
-34.714 74.4169 23.6586 -62.274285
-35.5114 76.0162 24.4887 -62.297041
-35.8784 77.7991 25.2812 -62.320676
-36.6919 79.4931 25.9091 -62.345164
-37.5921 81.2366 26.1638 -62.370372
-37.9648 82.9348 26.6532 -62.396489
-38.1232 84.1537 28.0096 -62.42329
-37.4894 85.6297 29.04 -62.450656
-37.0034 87.4849 29.1485 -62.478473
-36.7841 89.4485 29.2879 -62.507702
-36.3959 91.4052 29.448 -62.537273
-9.6387 41.5186 6.3846 -62.054123
-11.2133 41.8239 6.3128 -62.027289
-12.0979 42.4791 4.8865 -62.000572
-13.2557 43.35 3.9751 -61.974411
-14.2423 43.577 2.4577 -61.948838
-15.3556 43.71 1.0276 -61.923863
-15.9894 44.5732 -0.4476 -61.89921
-16.6871 45.12 -2.0478 -61.875232
-17.7188 45.8368 -3.2857 -61.85171
-18.5783 46.8498 -4.5254 -61.828739
-19.9074 47.2662 -5.6939 -61.806551
-21.5852 47.5437 -6.3542 -61.785082
-22.9761 48.6597 -6.3259 -61.76413
-24.3563 49.8697 -6.2079 -61.743805
-25.8552 50.8966 -6.0169 -61.724276
-27.0962 51.9486 -5.4199 -61.705366
-27.9482 52.3876 -3.9646 -61.687251
-29.654 52.5789 -3.9322 -61.670016
-30.6445 52.9077 -5.3714 -61.653431
-32.0441 53.5066 -6.2656 -61.637538
-33.4656 54.634 -6.5349 -61.62228
-34.9544 55.5474 -7.0531 -61.607856
-36.2819 56.6634 -7.6004 -61.594136
-37.6486 57.8611 -7.7756 -61.581119
-38.5034 59.4777 -7.6459 -61.568758
-39.3718 61.0534 -7.2838 -61.557214
-40.2991 62.551 -6.7638 -61.546438
-41.2384 64.045 -6.261 -61.536395
-41.8614 65.6914 -5.7694 -61.527074
-42.4591 67.2851 -5.1652 -61.518491
-43.3383 68.5969 -4.4191 -61.510705
-44.4522 70.0317 -4.1392 -61.503631
-45.5063 71.5345 -4.0501 -61.497232
-46.5569 73.035 -4.1531 -61.491537
-47.8716 74.2263 -4.5515 -61.486609
-48.8625 75.1738 -5.5759 -61.482424
-49.2408 75.7623 -7.2733 -61.47897
-49.4584 77.0985 -8.4631 -61.476023
-49.9501 78.752 -8.946 -61.473653
-51.026 79.8745 -9.2484 -61.472075
-51.28 79.9424 -10.8927 -61.471391
17.7044 20.951 4.9703 -62.582977
18.2015 22.2043 5.6044 -62.566192
18.6985 23.4577 6.2386 -62.549856
19.0912 25.152 6.8819 -62.52977
19.429 27.2733 6.757 -62.506117
20.0937 28.9393 5.4586 -62.483144
20.5192 30.5261 4.0181 -62.460821
21.7848 31.8769 2.8501 -62.439224
22.0977 33.1829 1.0434 -62.41838
23.2662 34.71 0.0406 -62.39839
23.7528 35.2305 -1.9989 -62.379452
24.4415 36.3316 -0.4475 -62.361271
25.2156 37.3871 1.3732 -62.344119
25.5431 38.1412 3.4507 -62.328042
26.3109 39.4951 5.0553 -62.312977
27.3125 40.7429 3.9319 -62.299052
27.6125 41.5008 5.9749 -62.286322
27.8649 42.4672 7.8245 -62.274766
28.5761 44.0126 9.106 -62.264334
29.3017 45.8785 9.8466 -62.255101
29.8444 47.4239 10.9837 -62.247184
29.8427 48.4745 12.9418 -62.240722
30.4043 50.5089 13.6559 -62.235364
32.2661 51.6774 14.0416 -62.231569
33.7432 53.3643 13.9508 -62.229019
35.3704 54.8773 13.6311 -62.227894
36.404 56.7929 13.1328 -62.22807
37.9566 57.9008 12.228 -62.229848
39.1636 59.6692 11.6914 -62.23288
40.7811 61.2139 11.412 -62.237391
42.5407 62.5144 11.7504 -62.243367
43.9242 63.8221 12.81 -62.250777
45.3908 65.165 13.6376 -62.259587
45.9271 67.2097 14.1714 -62.269596
46.6355 69.1359 14.3788 -62.281025
48.3635 70.1089 14.8857 -62.294078
49.6569 71.9103 15.1633 -62.308562
50.9513 73.7475 15.4455 -62.324381
52.8054 74.9337 15.6383 -62.341349
54.7263 75.5702 15.6827 -62.359718
56.0864 76.9982 15.657 -62.379143
57.1449 78.0802 14.4904 -62.399945
58.894 79.349 14.0314 -62.421806
60.9129 80.2627 14.3307 -62.444868
62.6887 81.5896 14.007 -62.468933
64.1912 82.1373 14.8133 -62.494357
65.3934 82.3955 16.5144 -62.520774
66.9021 83.2776 17.6975 -62.54785
67.4164 84.9808 18.6495 -62.575541
68.0681 86.9646 19.2519 -62.603794
18.9087 24.0362 7.1126 -62.541541
19.1476 18.9083 3.9431 -62.5718
20.9905 18.3979 3.8423 -62.542924
22.9152 18.2333 3.6481 -62.513956
24.7758 17.8958 3.3306 -62.485172
26.5871 18.0132 3.1308 -62.45641
28.3023 18.6484 3.6845 -62.427701
29.9424 18.8206 4.6508 -62.399408
31.2866 18.6601 5.9911 -62.371413
32.7096 18.1098 7.1234 -62.343904
34.1103 16.8391 7.543 -62.317018
35.4164 15.4177 7.7072 -62.290587
36.5618 14.0174 7.4707 -62.264665
38.0589 13.6462 6.35 -62.239036
39.8047 13.3092 5.8907 -62.213986
41.5119 12.7068 5.2455 -62.189593
42.8693 12.0614 4.0202 -62.165785
44.4573 11.3345 3.2295 -62.142692
45.9294 10.8303 2.4767 -62.120185
47.1014 10.1377 3.6205 -62.098497
48.3849 9.3089 4.6779 -62.077618
49.394 9.6773 6.2389 -62.057096
50.6478 10.0528 7.6185 -62.037393
51.9327 9.8336 9.0023 -62.018695
53.4883 10.1208 10.104 -62.000718
55.2334 9.8227 9.9071 -61.983744
57.0597 9.924 9.3135 -61.96657
58.8743 9.6526 8.6558 -61.94997
60.689 9.3812 7.9981 -61.934797
62.4959 9.1815 7.3186 -61.920948
64.0964 9.6659 6.3822 -61.907939
65.6128 10.0298 5.5676 -61.895803
66.3879 8.7348 6.61 -61.884892
67.0408 7.9267 8.2378 -61.874726
67.6184 7.3624 10.0083 -61.865286
68.2214 6.7991 11.7671 -61.856657
68.8557 6.3245 13.5452 -61.848853
69.5936 6.0215 15.3177 -61.84175
70.6128 5.6939 16.9232 -61.835455
71.846 5.1297 18.3139 -61.829996
73.446 5.6128 19.1551 -61.824968
75.1394 5.1362 19.9892 -61.820785
76.7792 5.1163 20.887 -61.817203
78.3203 5.541 21.9782 -61.814111
79.5543 6.0354 23.1887 -61.811567
80.477 6.477 24.7608 -61.809566
82.1371 6.4027 25.3832 -61.808166
83.992 6.8997 25.7174 -61.807055
85.8702 6.8251 26.0726 -61.806466
87.7509 6.7088 26.4848 -61.806219
89.6348 6.7028 26.6547 -61.806222
91.0074 6.4378 25.4152 -61.806513
92.1971 6.0461 24.0228 -61.807008
93.1627 5.5053 22.7795 -61.80767
93.4181 5.3578 20.8527 -61.808297
93.6827 5.205 18.9277 -61.808935
93.9559 5.0473 17.0042 -61.809533
94.7999 4.5071 17.8661 -61.81013
-1.9865 16.2264 -10.9822 -62.950384
-1.6114 17.3396 -11.0385 -62.948038
-1.1973 18.2526 -10.4886 -62.946142
-0.4899 18.8695 -10.968 -62.944804
0.4947 18.656 -11.4238 -62.944242
-5.9486 122.6202 -36.4545 -56.335683
-4.8563 124.4889 -38.1946 -55.983394
-3.4433 126.1431 -39.8024 -55.625029
-2.2407 128.597 -40.3971 -55.26008
-1.5188 131.295 -40.1613 -54.887929
-1.6696 134.0734 -40.2753 -54.508532
-2.517 136.7345 -40.7076 -54.121406
-3.2762 139.4376 -41.1589 -53.726183
-4.1563 142.1305 -41.3938 -53.3228
-4.9956 144.8475 -41.5126 -52.910519
-4.2109 147.46 -41.641 -52.489633
-3.9407 150.1251 -41.6099 -52.058757
-3.8535 152.9656 -41.6389 -51.618286
-3.8797 155.8081 -41.7765 -51.166855
-3.362 158.4701 -41.8809 -50.704254
-3.9026 161.1882 -41.8597 -50.230102
-4.6546 163.8938 -41.7416 -49.743966
-4.458 166.7321 -41.7051 -49.245255
-4.7248 169.4267 -41.9823 -48.733493
-5.9516 171.9513 -42.4086 -48.207813
-6.8697 174.6164 -42.5236 -47.667993
-7.1469 177.3942 -42.5991 -47.112793
-8.5483 179.5426 -43.6297 -46.541563
-9.0965 181.9163 -44.9846 -45.951883
-9.3572 184.5276 -45.8738 -45.344493
-10.3037 185.8819 -45.5629 -44.941275
-12.6165 185.7411 -44.527 -44.750809
-14.6492 185.7303 -43.1953 -44.548081
-16.2496 187.2653 -42.1906 -44.328311
-17.9145 189.1431 -41.8854 -44.088582
-19.4479 191.0685 -41.5909 -43.82607
-21.0169 192.9475 -41.0017 -43.537383
-22.4125 194.4386 -40.3024 -43.219175
-23.7068 195.9472 -39.0039 -42.867368
-25.0392 197.7028 -39.8911 -42.478271
-25.8175 200.0563 -40.2799 -42.047982
-26.6369 201.4551 -41.5533 -41.571445
-27.5289 202.2594 -40.2727 -41.045133
-29.472 203.3638 -40.3713 -40.465524
-31.4096 204.4733 -39.3932 -39.825959
-31.9894 205.4816 -37.1556 -39.117229
-32.896 206.6385 -35.2063 -38.336274
-33.7738 206.9925 -32.8727 -37.468599
-35.326 208.2821 -31.3862 -36.505032
-36.5537 210.18 -30.3332 -35.423857
-37.6503 212.1937 -29.5135 -34.201007
-38.7499 214.0475 -28.2022 -32.801624
-38.8366 216.2339 -27.1303 -31.184951
-39.8429 217.9451 -25.6872 -29.298751
-40.3547 220.3663 -25.6679 -27.074238
-9.0607 186.6005 -47.0068 -44.782494
-8.6412 188.5188 -48.1723 -44.269153
-7.9227 189.8909 -49.7878 -43.735223
-7.3389 191.2666 -51.5099 -43.179218
-6.8689 192.8579 -53.067 -42.60018
-6.5717 194.5306 -54.6272 -41.995229
-6.699 195.7688 -56.5782 -41.361784
-6.6007 197.3796 -57.9455 -40.700588
-5.361 198.4457 -59.4593 -40.009119
-4.0706 199.0919 -61.2062 -39.287184
-2.56 200.3359 -61.9713 -38.538173
-1.1767 202.1203 -62.473 -37.761163
0.1257 203.765 -63.1817 -36.95912
0.5779 205.9809 -62.9411 -36.13265
1.7705 207.8999 -62.7909 -35.284359
1.7806 210.0234 -63.3852 -34.413985
1.251 212.0868 -62.5412 -33.518887
0.3882 214.2228 -62.3899 -32.595733
-0.4598 216.2968 -62.9067 -31.633666
-1.2479 218.4121 -63.4146 -30.616056
-2.0973 220.5416 -63.7457 -29.521236
-3.4118 222.4275 -63.923 -28.321079
-5.2388 223.8332 -64.0726 -26.980974
-7.0057 225.2983 -64.337 -25.45611
-8.1122 227.0393 -64.9339 -23.685076
-8.3675 229.0243 -65.402 -22.065026
-8.7031 230.7886 -65.6689 -20.672863
-9.2813 232.5101 -65.8231 -18.996795
-9.2237 228.2929 -64.8468 -22.202539
-10.9382 228.5001 -64.259 -21.024065
-12.6565 228.7042 -63.682 -19.494913
-25.5183 124.0162 -29.3962 -58.903333
-26.4756 125.8583 -28.1987 -58.853351
-27.6755 127.8327 -27.6028 -58.801977
-27.9279 128.8492 -29.077 -58.749237
-28.5728 129.8586 -27.39 -58.694642
-29.4951 131.5172 -26.0388 -58.638475
-30.3172 133.5583 -25.0126 -58.580318
-30.9903 134.755 -23.0132 -58.520379
-31.8576 136.0757 -21.167 -58.458318
-32.9249 137.8539 -19.8699 -58.393938
-34.7749 138.8966 -19.3111 -58.327296
-36.3176 139.9122 -18.0849 -58.258232
-37.4604 141.3871 -16.8864 -58.186402
-38.6623 143.1941 -16.0632 -58.111572
-40.1691 144.5551 -14.9429 -58.033739
-41.2877 146.3296 -14.9203 -57.952574
-42.5778 148.1549 -14.027 -57.868115
-43.9866 149.9737 -13.1872 -57.780288
-45.0144 151.7833 -12.0503 -57.688686
-45.5532 153.8159 -10.8393 -57.593083
-46.3861 156.0367 -10.2537 -57.493333
-46.9837 158.3901 -9.9517 -57.389388
-47.8117 160.6751 -9.7756 -57.280818
-49.0447 162.6915 -9.706 -57.167664
-50.015 164.9082 -9.8518 -57.049471
-51.5234 166.8379 -9.9384 -56.926107
-52.9161 168.8061 -9.9279 -56.797273
-54.0733 170.9215 -9.7859 -56.662574
-55.7453 172.652 -9.5467 -56.521943
-57.6094 174.1497 -9.6472 -56.374978
-59.246 175.273 -8.9172 -56.221323
-60.6519 176.3429 -7.7572 -56.060686
-61.8971 178.3631 -7.4187 -55.892449
-62.7492 180.6081 -7.5045 -55.716192
-63.9736 182.7158 -7.7021 -55.531973
-65.2308 184.8141 -7.6187 -55.339285
-66.7492 186.7003 -7.6491 -55.137708
-68.417 188.4651 -7.7574 -54.926509
-69.4591 190.6092 -7.7695 -54.705418
-69.6776 192.1396 -9.5531 -54.472972
-70.6232 193.0213 -8.854 -54.226521
-70.9662 193.1386 -6.4297 -53.968676
-71.4596 193.5338 -4.0639 -53.698353
-72.1758 195.2071 -3.9513 -53.416663
-73.6159 196.7389 -5.1111 -53.120903
-74.8609 198.522 -6.148 -52.809758
-75.7426 199.5734 -7.6936 -52.481797
-75.3694 199.5725 -10.1146 -52.13064
-74.4019 199.6256 -11.6143 -51.764755
-73.8016 200.0979 -9.3728 -51.375701
-74.5843 201.3776 -7.8285 -50.963034
-75.66 202.8847 -6.3385 -50.521759
-76.7569 204.7933 -5.2692 -50.046421
-77.7876 206.5222 -4.0466 -49.52742
-78.7815 208.5213 -3.0989 -48.952771
-29.3228 87.5393 7.4141 -61.256984
-29.9005 87.4969 9.1019 -61.308766
-30.4781 87.4545 10.7898 -61.359956
-31.0558 87.4122 12.4776 -61.410508
-32.2782 87.1841 13.3671 -61.460711
-33.8866 86.6278 13.8875 -61.511575
-35.2533 87.1539 14.4242 -61.56267
-35.8481 87.8038 15.3321 -61.614112
-36.8463 86.9864 16.4788 -61.666378
-38.3951 86.3544 16.7879 -61.718863
-40.0436 86.842 16.4412 -61.771298
-41.676 86.6973 15.7688 -61.824178
-43.0795 86.67 14.6822 -61.877162
-44.7397 86.6061 14.8133 -61.930245
-46.2784 86.3685 14.6265 -61.983428
-47.931 85.969 14.7511 -62.036575
-49.3382 85.0184 15.2541 -62.089815
-51.0157 84.5548 15.4912 -62.142806
-52.76 84.3802 15.7377 -62.19536
-54.4766 84.1118 16.1326 -62.247599
-56.1575 83.722 16.5614 -62.299548
-57.6854 83.1665 17.2616 -62.35112
-59.449 83.0129 17.2864 -62.401922
-61.2047 83.1213 17.0316 -62.45192
-62.4985 83.4162 16.057 -62.501201
-64.2493 83.561 15.9695 -62.549669
-65.9938 83.4285 15.6473 -62.5973
-67.7202 83.5173 15.2308 -62.643805
-69.055 83.036 14.2322 -62.689319
-69.8653 82.2066 12.9383 -62.733683
-71.0115 81.258 11.9738 -62.776633
-72.4278 80.4398 11.5445 -62.818129
-73.698 79.222 11.6667 -62.858034
-74.8344 77.8746 11.8888 -62.896105
-76.1909 76.8138 12.1994 -62.932419
-77.7152 76.0674 12.6693 -62.966668
-79.2241 75.3783 13.2714 -62.998755
-80.5771 74.3384 13.7242 -63.028692
-81.948 73.2954 14.1285 -63.056261
-83.3128 72.1963 14.4348 -63.081295
-84.2563 70.7511 14.49 -63.103825
-85.9688 70.3467 14.3507 -63.123331
-87.6869 70.083 14.43 -63.139863
-89.1236 69.3762 14.9056 -63.153496
-90.0942 69.1674 16.3612 -63.163861
-91.4773 68.4273 17.0893 -63.171028
-93.1744 68.4543 17.5737 -63.174576
17.4714 115.5383 -32.7054 -60.856984
18.7181 116.515 -32.6736 -60.875831
19.4474 117.9165 -32.6863 -60.894453
20.2746 119.2604 -32.6312 -60.913003
21.0837 120.5882 -32.4636 -60.931366
21.7758 121.9988 -32.2416 -60.949479
22.3094 123.4582 -32.1155 -60.967301
23.1409 124.8071 -32.0128 -60.984769
23.9385 126.1782 -31.9172 -61.00187
25.0849 127.2066 -31.902 -61.01853
25.7601 127.3047 -33.2559 -61.035046
26.628 127.211 -34.5602 -61.051034
27.4583 127.1967 -35.7592 -61.066235
28.395 127.5305 -34.6253 -61.080601
29.5644 128.205 -33.8463 -61.094014
30.5696 128.6374 -32.8152 -61.106665
32.0051 129.043 -32.2921 -61.118336
33.4128 129.4399 -31.6761 -61.128966
34.7649 130.0848 -31.1622 -61.138414
36.07 130.7044 -30.5266 -61.146684
37.2954 130.2845 -29.7509 -61.153977
38.6668 129.8544 -29.4393 -61.159978
40.0959 129.824 -28.9371 -61.164494
41.6596 129.7812 -29.1527 -61.167584
43.163 129.7557 -29.5887 -61.169163
37.3605 97.6671 -24.1386 -61.03739
38.5247 98.3419 -23.3011 -61.050088
39.4075 98.7958 -22.0704 -61.062732
39.7833 99.3954 -20.6642 -61.075171
39.86 99.407 -19.0804 -61.087667
40.1939 99.8932 -18.7303 -61.0996
40.4963 100.318 -20.2174 -61.111299
41.4643 101.4944 -20.1061 -61.122321
42.3976 102.7119 -19.7798 -61.132866
43.1049 104.0833 -19.5568 -61.142879
44.0865 105.3182 -19.6544 -61.152332
44.7899 106.7249 -19.7113 -61.161131
45.9094 107.8469 -19.694 -61.16931
47.0015 108.9935 -19.6267 -61.176748
47.4874 110.1272 -19.5101 -61.183597
47.4694 110.2183 -21.0953 -61.19051
47.4514 110.3094 -22.6805 -61.196324
47.4334 110.4005 -24.2657 -61.201013
47.4153 110.4915 -25.8509 -61.204552
47.3973 110.5826 -27.4361 -61.206922
47.3793 110.6737 -29.0213 -61.208104
-43.1464 107.2097 -8.6051 -62.018684
-44.2349 108.3552 -9.2701 -62.058392
-45.5183 109.1815 -10.1573 -62.098796
-46.5455 110.332 -10.9218 -62.139698
-47.6198 111.4497 -11.7523 -62.181148
-48.7733 112.6103 -11.9929 -62.223129
-49.0763 114.3515 -11.8794 -62.265511
-49.3422 116.0762 -11.586 -62.308279
-49.7822 117.0822 -10.2937 -62.351766
-50.4256 118.2912 -9.1739 -62.395591
-50.9978 119.2379 -7.7863 -62.439872
-51.2625 120.0244 -6.2601 -62.484638
-51.6654 121.1492 -4.9912 -62.529427
-51.9476 122.7357 -4.2703 -62.574332
-52.5998 124.2212 -3.6393 -62.619406
-53.274 125.7541 -3.0637 -62.664488
-53.9887 127.1954 -2.3704 -62.709637
-53.963 128.1021 -0.9245 -62.755381
-54.6255 128.6873 -0.6995 -62.80129
-55.0557 128.8462 -2.4173 -62.847339
-55.7093 129.6088 -3.8029 -62.892579
-56.3904 130.5701 -3.4395 -62.937558
-57.2397 131.7558 -2.5815 -62.982221
-57.7383 132.4193 -1.0375 -63.027062
-58.1997 132.8604 0.5026 -63.071324
-59.135 134.2149 0.2827 -63.114675
-59.5411 135.9385 0.3726 -63.157239
-60.3211 137.5272 0.4547 -63.19911
-61.5615 138.7924 0.4272 -63.240217
-62.8427 140.0202 0.4049 -63.280523
-63.9756 141.337 0.4784 -63.319801
-65.5415 142.0698 0.6041 -63.358161
-66.8201 143.3029 0.6105 -63.395232
-67.9523 144.6731 0.6097 -63.431951
-69.0106 146.0943 0.6091 -63.466507
-69.7753 147.6531 0.6561 -63.499292
-69.9859 148.4831 2.1055 -63.530908
-70.4429 149.3779 3.3991 -63.560635
-71.6135 150.4383 2.691 -63.588411
-72.4835 151.5429 1.7355 -63.614197
-72.9227 152.8592 2.7049 -63.637913
-72.5877 154.4469 3.3601 -63.659326
-73.0119 156.1489 3.5593 -63.678412
-73.1545 157.8864 3.5882 -63.695021
-74.1953 159.319 3.6169 -63.709135
-74.932 160.9303 3.7174 -63.720542
-75.2192 162.6661 3.8423 -63.729116
-75.4158 163.3004 5.1393 -63.735182
-75.4017 163.5667 6.8972 -63.738294
-50.1374 90.531 -23.3634 -62.029442
-51.2673 90.8857 -22.5511 -62.068436
-52.7159 91.6607 -23.1098 -62.107726
-54.0702 92.6015 -23.357 -62.147449
-55.4386 93.0469 -22.4458 -62.187702
-56.998 93.6059 -21.9041 -62.228332
-58.5673 94.2413 -21.5078 -62.26924
-59.4515 94.8578 -20.2839 -62.310755
-60.3751 95.9904 -19.3491 -62.352045
-61.639 96.317 -18.2753 -62.393796
-62.5765 96.8459 -17.7339 -62.435635
-63.9654 97.6322 -17.7098 -62.477596
-65.6166 98.1559 -17.9424 -62.519634
-67.3141 98.5251 -18.0363 -62.561732
-68.9906 98.999 -17.9141 -62.603604
-70.4527 99.8368 -17.5623 -62.645306
-71.8636 100.5751 -16.8437 -62.686781
-73.2945 101.1084 -16.0241 -62.727982
-74.8032 101.5319 -15.3155 -62.768857
-76.2937 102.0431 -14.7677 -62.809274
-76.9439 103.3194 -13.9021 -62.849014
-77.7853 104.5384 -13.0235 -62.88816
-79.1174 105.4827 -13.5256 -62.926578
-80.5678 106.3785 -13.889 -62.964245
-81.9123 107.4474 -14.0602 -63.000846
-82.892 108.884 -14.1362 -63.036448
-83.7902 110.3676 -14.0768 -63.071002
-84.9748 111.6284 -13.8567 -63.10433
-86.2002 112.6963 -13.3076 -63.136557
-87.0479 113.9279 -12.479 -63.167359
-87.7411 115.4304 -11.9657 -63.196526
-88.823 116.6812 -11.5653 -63.22415
-89.4834 118.0465 -10.8065 -63.250068
-90.0558 119.4566 -9.9504 -63.274173
-90.8226 120.9302 -9.4429 -63.296271
-91.9586 122.2396 -9.3374 -63.316323
-92.8888 123.6775 -9.6286 -63.334191
-93.6083 125.2344 -9.9613 -63.349763
-94.4583 126.6908 -10.3334 -63.362955
-95.6371 127.179 -11.2403 -63.373947
-96.5223 128.3643 -11.7434 -63.382128
-97.3565 129.8343 -11.9607 -63.387517
-98.0187 131.4271 -12.0082 -63.390059
-44.8397 82.3848 -0.1022 -62.438604
-45.6858 82.6745 1.4762 -62.463842
-47.0854 83.466 2.0376 -62.489657
-47.9154 84.1261 0.6038 -62.516438
-48.4536 84.4912 -1.1078 -62.544028
-49.4629 84.7481 -2.3216 -62.572428
-50.8487 85.4683 -2.9272 -62.60158
-51.3634 86.2483 -4.138 -62.631799
-51.1604 85.8865 -5.9031 -62.663072
-51.4147 86.3329 -4.63 -62.695077
-51.3753 86.9211 -3.2026 -62.727633
-51.6511 88.546 -2.6095 -62.76069
-52.0008 89.4665 -3.9264 -62.795015
-52.6137 90.8015 -4.1725 -62.829908
-53.4473 92.4123 -3.9386 -62.865586
-53.8653 94.1635 -3.6555 -62.902058
-53.9519 95.9277 -3.215 -62.939371
-54.3051 97.4953 -2.5507 -62.977576
-54.5625 98.6898 -1.1952 -63.016565
-54.547 99.8234 0.1762 -63.056445
-54.2907 100.3598 1.9096 -63.097346
-54.7709 101.2087 3.4194 -63.13861
-54.4328 101.9413 3.8933 -63.180472
-53.0212 101.1678 3.092 -63.223356
-52.5222 101.109 4.5528 -63.266989
-54.1846 101.7537 4.4499 -63.310812
-55.6576 102.8136 4.5394 -63.355057
-56.499 104.3974 4.7059 -63.39972
-56.8786 106.1716 4.8788 -63.444841
-56.4546 107.8733 4.5587 -63.490376
-55.6814 109.1098 4.4339 -63.536812
-55.7928 109.3656 6.2457 -63.584608
-56.2213 109.7146 7.7986 -63.631576
-55.5336 111.171 7.9788 -63.678413
-57.2605 111.7016 8.1166 -63.725486
-58.1121 113.2561 8.4551 -63.7724
-58.5985 114.919 9.0311 -63.819262
-59.6859 116.036 9.8099 -63.865903
-59.434 116.5435 10.5662 -63.912591
-59.3051 118.1105 11.4366 -63.958574
-59.9415 119.6907 12.0733 -64.004173
-60.8614 121.156 12.3489 -64.049066
-61.607 122.4945 11.39 -64.093382
-62.1797 124.0961 10.8491 -64.136669
-62.6253 125.8486 10.8404 -64.178837
-62.2188 127.4063 11.6395 -64.219853
-61.8461 129.0333 12.3882 -64.259491
-62.5327 130.6886 12.3999 -64.297606
-62.936 132.4579 12.2088 -64.334093
-63.3234 134.2117 11.8803 -64.368821
-63.6303 135.945 11.5157 -64.40153
-63.951 136.5199 9.8435 -64.432583
-64.1784 137.2406 8.1925 -64.461145
-64.0694 138.3872 6.7995 -64.486966
-64.3697 140.0086 6.0583 -64.510047
-64.8732 141.6033 5.322 -64.530216
-65.5178 142.5596 4.0703 -64.547574
-65.7682 143.1976 5.3492 -64.561833
-66.7186 144.3442 5.8832 -64.572565
-67.5125 145.9488 6.0337 -64.579662
-68.2142 147.6123 6.0332 -64.58307
-36.2134 93.2108 29.5751 -62.563989
-36.6635 94.7733 29.8902 -62.588356
-36.9263 96.2364 30.4302 -62.612862
-37.1622 97.773 30.8495 -62.637483
-37.5529 99.3568 31.1525 -62.662186
-37.9173 100.9487 31.3678 -62.68679
-38.3971 102.525 31.406 -62.711391
-38.3118 104.182 31.3802 -62.735797
-38.3833 105.841 31.3619 -62.760003
-38.5184 107.493 31.3513 -62.783973
-38.1793 109.1047 31.3065 -62.80765
-37.694 110.6348 31.1726 -62.830911
-37.4366 112.1749 31.1742 -62.85376
-36.4341 113.3684 31.2349 -62.876237
-35.2673 114.4885 31.1966 -62.898111
-35.1913 116.0244 31.322 -62.919216
-36.1323 117.264 31.8032 -62.939672
-36.1013 118.8174 31.8898 -62.95926
-35.2737 120.1279 31.585 -62.977998
-34.1912 121.3196 31.36 -62.995809
-33.7141 122.9011 31.2289 -63.012419
-33.0667 124.4147 31.1658 -63.027924
-32.8786 126.0601 31.1275 -63.042153
-32.0835 127.4884 31.1247 -63.055107
-31.8296 129.12 31.1246 -63.066644
-31.1422 130.5851 30.9859 -63.076737
-30.3228 131.8477 30.3079 -63.085348
-29.6856 132.4849 28.9766 -63.092508
-29.0719 133.0333 27.5676 -63.097988
-28.0844 133.7856 27.8775 -63.101617
-27.152 134.469 28.6173 -63.10339
68.8569 88.73 19.5506 -62.629052
69.4626 89.4871 18.5505 -62.651516
69.8694 90.2922 17.5312 -62.674172
70.1133 90.9732 19.0619 -62.697151
70.2522 92.4115 19.6157 -62.720011
70.8156 93.9888 19.8859 -62.742937
70.9233 95.5529 19.5992 -62.765998
71.3862 97.0655 19.4044 -62.789065
72.5006 98.2929 19.6588 -62.812118
72.7344 99.9408 19.94 -62.835029
72.932 101.5833 19.995 -62.857822
72.4313 103.198 19.9089 -62.880436
71.8799 104.7873 20.0008 -62.902735
71.5282 106.416 19.8144 -62.924753
71.2624 108.037 19.4849 -62.946369
70.3107 109.3594 19.2993 -62.967525
69.2896 110.7156 19.219 -62.988133
68.8552 112.3448 19.1576 -63.008051
68.8224 113.8606 18.9579 -63.027297
69.0085 114.8834 18.0264 -63.045981
68.8524 116.0924 16.8932 -63.063777
69.7271 117.2159 15.9694 -63.080695
70.0973 118.581 15.0882 -63.096525
70.8674 119.2691 13.939 -63.111537
70.3855 118.9765 13.515 -63.125571
69.9666 118.6726 13.3866 -63.138498
70.2125 118.847 11.7059 -63.150165
70.4357 118.9096 10.8982 -63.160251
70.1867 118.7318 12.5649 -63.169032
69.521 118.6003 13.8778 -63.176109
69.0153 119.2849 13.1332 -63.18132
69.8993 119.8704 11.9133 -63.184848
70.2963 119.9515 10.2866 -63.186706
95.5228 3.6634 18.9207 -61.810602
95.9521 3.5018 19.9853 -61.810781
96.3294 3.3373 21.069 -61.810896
-41.3421 222.5153 -25.6062 -24.593233
-42.702 224.1478 -25.2091 -22.434185
-44.2458 225.1088 -24.0553 -20.411893
-45.8189 226.0665 -23.0056 -18.518345
-47.3319 227.1224 -21.9872 -16.741485
-48.8138 228.7344 -21.8003 -15.069771
-50.1281 230.4969 -21.9165 -13.491134
-51.8278 231.7383 -22.0527 -11.992408
-52.8158 233.6774 -22.1145 -10.559853
-53.0724 235.6787 -22.1684 -9.497722
-53.6815 237.6012 -22.215 -8.793308
-54.8336 239.2327 -22.1693 -8.126781
-55.9455 240.9107 -22.1307 -7.493025
-56.8959 242.6769 -22.2538 -6.887114
-57.6448 244.0732 -23.1351 -6.304572
-57.9004 245.3567 -24.6431 -5.74241
-58.5973 247.0318 -25.4177 -5.197926
-59.3933 248.8468 -25.6686 -4.667511
-60.5485 250.492 -25.7129 -4.148184
-62.0102 251.8694 -25.795 -3.637098
-63.5819 251.7041 -25.7766 -3.132988
-65.1861 252.5294 -25.4878 -2.632782
-66.5361 253.7075 -24.6451 -2.135692
-67.4482 255.4346 -24.2826 -1.639895
-68.0616 257.3349 -24.0645 -1.144339
-69.279 258.781 -24.0213 -0.648335
-70.6709 260.1778 -24.061 -0.149466
-71.4436 262.0159 -24.0595 0.35238
-72.8554 263.4363 -23.888 0.857319
-74.3055 264.6952 -23.3614 1.365899
-75.6104 266.0079 -22.6232 1.879639
-76.4194 267.7709 -22.2236 2.40009
-77.0046 269.6763 -21.989 2.926395
-77.6943 271.5617 -21.8675 3.458579
-78.0414 273.5421 -21.7862 3.997477
-78.9873 275.301 -21.7403 4.54278
-80.3424 276.7952 -21.6879 5.094453
-81.6546 278.3163 -21.6068 5.65293
-83.1583 279.5974 -21.7854 6.21849
-84.8953 280.6045 -21.8472 6.791193
-86.7025 281.4584 -21.6828 7.370542
-87.8751 282.8646 -21.0904 7.956823
-89.4892 283.7967 -20.5891 8.549626
-91.1007 284.9601 -20.5677 9.148018
-92.4107 286.2858 -21.1453 9.752966
-94.0557 286.9976 -21.9919 10.361744
-95.7101 288.0996 -22.2545 10.974752
-97.3406 289.2852 -22.2657 11.590754
-98.976 289.9877 -22.9029 12.209646
-100.2796 290.7986 -23.6291 12.829757
-101.4799 291.8038 -22.4899 13.450106
-103.036 292.9887 -22.0284 14.067604
-104.6892 294.1312 -21.8834 14.681127
-106.3559 295.2232 -22.151 15.288807
-107.8941 296.3493 -22.6692 15.887313
-109.1385 297.4951 -23.597 16.475092
-110.8652 298.494 -23.4597 17.04704
-112.4721 299.5248 -23.016 17.601816
-113.8772 300.6139 -22.2042 18.134165
-115.339 301.8994 -21.8314 18.639422
-116.6463 303.427 -21.784 19.112236
-117.9037 305.0024 -21.8441 19.547659
-119.0254 306.6607 -22.003 19.939686
-119.7365 308.5266 -22.2827 20.280405
-120.0458 309.7921 -21.1758 20.563616
-120.3335 310.3959 -19.2752 20.778288
-120.8092 311.2425 -17.5331 20.916381
-121.3861 312.9361 -16.6595 20.967674
-122.3666 314.5966 -16.303 20.921201
-123.445 316.2788 -16.4754 20.765317
-124.5125 317.8962 -16.7048 20.488998
-124.8879 318.6378 -14.9021 20.076078
-124.9811 319.1413 -12.9496 19.515588
-125.2786 319.7061 -11.0358 18.795481
-125.7833 320.5605 -9.2875 17.908254
-126.7853 321.2272 -7.7186 16.840603
-128.1198 321.7372 -6.5853 15.579834
-129.5338 322.6762 -5.6435 14.124203
-130.8033 322.8583 -4.1103 12.467127
-132.3486 322.5617 -2.9424 10.616623
-133.5223 321.7567 -2.2514 8.578666
-134.4075 321.0203 -3.7194 6.367605
-136.141 320.0633 -3.704 4.007484
-137.9234 319.2453 -3.5128 1.51974
-139.8153 319.4438 -3.03 -1.094216
-141.7336 319.7231 -2.5415 -3.748345
-143.2992 318.8382 -1.8198 -6.427541
-143.6324 318.198 -3.1912 -9.121289
-144.6494 318.183 -2.5451 -11.79419
-145.6029 318.7473 -1.0864 -14.407812
-147.1116 319.1677 -0.0827 -16.951748
-149.0143 318.6505 0.3041 -19.413448
-150.835 317.9416 0.6531 -21.779234
-152.6003 318.3043 1.3039 -24.042862
-154.255 319.2248 1.8195 -26.199778
-156.1347 319.0641 1.3765 -28.251733
-157.9479 318.8394 0.6505 -30.197747
-159.8193 318.2421 0.4855 -32.043254
-161.6982 318.4908 0.8126 -33.78426
-163.3502 318.4678 1.946 -35.428094
-164.7917 318.8721 3.1901 -36.977625
-166.0348 318.4651 4.5448 -38.433629
-167.2051 317.7036 5.9108 -39.80051
-168.6856 318.3603 6.972 -41.080544
-170.5746 318.3686 7.6324 -42.278169
-172.4422 318.8037 8.0573 -43.394041
-173.7745 319.4811 7.41 -44.436572
-175.2708 319.8181 6.8918 -45.402564
-176.3866 321.0401 7.8064 -46.295879
-178.1084 321.388 8.4289 -47.120585
-179.8667 322.3331 8.1901 -47.875291
-181.7338 322.9719 7.9865 -48.563389
-183.2047 324.2061 7.6173 -49.186414
-184.6529 324.5109 6.7583 -49.745764
-186.4765 324.882 7.4149 -50.242394
-188.3601 325.5005 7.7542 -50.675961
-190.207 326.2741 7.8586 -51.047961
-191.8555 326.4884 7.2737 -51.358824
-192.3011 326.2807 5.3327 -51.612416
-192.4569 326.3027 3.3202 -51.808489
-192.6127 326.3246 1.3078 -51.938697
-192.7684 326.3466 -0.7047 -52.003647
-53.5618 234.7518 -22.4056 -9.48096
-55.3696 234.7358 -22.9279 -8.755181
-57.1775 234.7198 -23.4502 -8.080298
-58.9758 234.7413 -23.9753 -7.449771
-60.5834 235.6616 -24.1049 -6.852048
-62.2107 236.6032 -24.0421 -6.278082
-63.9306 237.3539 -24.0447 -5.725902
-65.5569 238.2591 -24.1396 -5.189758
-67.3063 238.9314 -24.1596 -4.668724
-68.8366 239.9978 -24.0522 -4.157279
-70.5332 240.314 -23.7713 -3.654417
-72.1779 239.7124 -23.3677 -3.157572
-73.9055 239.067 -23.0743 -2.665158
-75.764 238.9129 -23.0612 -2.175255
-77.5069 238.4311 -23.4834 -1.686261
-79.2728 238.5078 -23.5052 -1.196747
-81.0101 239.1307 -23.2489 -0.705114
-82.8258 239.4159 -22.9537 -0.210754
-84.5254 239.9346 -22.4418 0.287218
-86.2406 240.0396 -21.7161 0.789939
-87.8568 239.8217 -20.9364 1.297181
-89.3552 239.6723 -19.8507 1.810377
-90.7771 239.8281 -18.7653 2.329782
-92.3262 239.5258 -18.0598 2.856126
-94.0855 240.1028 -17.7873 3.389117
-95.877 240.5966 -17.5579 3.929192
-97.6988 241.0591 -17.507 4.477047
-99.53 241.4724 -17.4393 5.031843
-101.2527 242.1681 -17.1773 5.595086
-102.8299 242.815 -16.4434 6.166233
-104.4569 243.5931 -15.9937 6.744334
-106.2956 243.7075 -16.104 7.33079
-107.1732 243.8399 -14.6775 7.928789
-108.3872 244.3725 -13.7017 8.531912
-109.3454 245.4642 -12.5807 9.142393
-110.5466 246.5332 -11.6213 9.760443
-112.0874 247.1 -10.9503 10.38398
-112.6927 248.1713 -9.7197 11.016233
-113.85 248.7857 -8.6033 11.653776
-114.9422 250.1535 -8.2414 12.296399
-115.3929 251.8689 -7.6387 12.943538
-116.4822 252.9605 -6.8157 13.592657
-117.371 253.2374 -5.1806 14.24518
-118.358 253.8356 -3.7152 14.898832
-119.4595 254.4678 -2.3971 15.551456
-120.9563 255.2641 -1.6822 16.203533
-122.5163 255.9458 -1.0086 16.851816
-123.9831 256.9071 -0.452 17.495725
-124.7954 257.8348 0.9161 18.133642
-125.65 259.0549 2.0473 18.762655
-126.8265 260.4562 2.1583 19.381465
-128.2898 261.2032 2.616 19.988011
-129.0334 261.3894 4.2611 20.580372
-129.2473 261.2649 6.1105 21.173873
-129.4022 261.1437 7.9821 21.736641
-129.5576 261.0229 9.8536 22.265882
-129.7512 260.9235 11.7229 22.780597
-129.9463 260.825 13.592 23.259539
-130.1515 260.7135 15.4586 23.697697
-130.5488 260.346 17.2477 24.098763
-131.604 259.0778 18.099 24.458257
-132.4067 258.2916 19.5872 24.776682
-133.3932 257.3081 20.8241 25.052029
-133.8044 256.3522 22.376 25.28238
-134.6418 255.2368 23.5911 25.466701
-135.4197 253.8392 24.4892 25.604536
-135.7 253.4829 26.3153 25.697358
-136.3101 252.641 27.7577 25.745982
-136.3201 251.3179 26.4825 25.753297
-136.8701 249.6435 26.0944 25.722404
-137.7175 248.1362 25.6627 25.6578
-137.6045 246.4619 25.1316 25.564837
-137.2893 245.0053 24.2243 25.449881
-136.6215 243.4615 23.4192 25.31957
-135.6446 241.9497 22.8735 25.180282
-135.3758 240.4199 22.4018 25.043793
-136.1869 239.3032 23.0344 24.915839
-136.341 238.0644 24.2021 24.803227
-136.433 236.6369 25.3143 24.712133
-136.6008 234.8539 25.6617 24.647801
-137.1474 233.4458 25.0869 24.614191
-10.2537 234.1313 -65.7936 -16.854424
-11.9535 235.2244 -65.4206 -14.782215
-13.2513 236.4124 -64.5554 -12.892458
-13.9825 238.2182 -64.0036 -11.166447
-13.9675 239.4333 -65.1657 -9.58466
-14.1745 240.8047 -66.5759 -8.140195
-14.74 242.3781 -67.763 -6.814309
-15.0167 243.3075 -69.5586 -5.590738
-14.9973 244.3966 -71.2899 -4.461402
-15.4806 245.6013 -72.6631 -3.4126
-16.6681 247.206 -72.2066 -2.433189
-17.3029 249.0449 -71.7718 -1.51157
-18.6676 250.382 -71.3338 -0.639488
-19.6799 251.0982 -72.0439 0.19251
-20.4939 252.2385 -73.4165 0.993657
-21.5912 252.7618 -72.8895 1.693272
-21.9596 252.8176 -71.2713 2.293925
-22.6797 254.2973 -71.5196 2.881577
-23.6039 255.7577 -72.0067 3.458306
-24.5721 257.236 -72.2298 4.027092
-26.0105 258.3101 -72.2446 4.589954
-27.3761 259.4599 -72.2196 5.148544
-28.9516 260.3257 -72.2375 5.710248
-30.5102 261.2195 -72.2945 6.262871
-31.595 262.5637 -72.7018 6.814017
-32.6547 263.9941 -72.7006 7.365057
-33.5598 265.5319 -72.4801 7.916496
-34.5952 266.9872 -72.4053 8.469399
-35.2782 268.5959 -72.3691 9.025251
-36.5462 269.7783 -72.1737 9.58144
-37.8737 270.872 -71.8225 10.139363
-38.8876 272.2418 -71.3145 10.699242
-39.6217 273.7558 -70.7585 11.261095
-40.6535 274.9959 -70.0158 11.824604
-42.0534 275.9829 -69.5331 12.390082
-43.5846 276.8719 -69.3005 12.955034
-45.0655 277.8565 -69.4958 13.520383
-45.946 279.1186 -68.7677 14.084386
-45.8345 280.5644 -67.9551 14.646913
-46.196 282.2235 -68.3906 15.20618
-46.2456 283.784 -69.1293 15.760348
-45.9356 284.9029 -69.4775 16.308108
-46.3572 283.3243 -69.8414 16.847762
-47.6385 284.0096 -69.6263 17.379475
-47.8598 285.27 -68.7781 17.895886
-47.9763 286.6481 -67.6615 18.396014
-48.0018 287.8134 -66.394 18.876254
-49.296 287.3623 -65.4888 19.331931
-50.1432 286.6731 -64.1653 19.7585
-50.2434 286.1704 -62.4405 20.1542
-51.2742 284.9264 -61.8207 20.509706
-52.8421 284.4426 -61.0987 20.821308
-53.9107 283.6653 -60.0279 21.08212
-54.752 283.3629 -58.5184 21.286223
-55.6511 282.4981 -57.2933 21.424772
-56.6242 281.93 -56.0196 21.489775
-57.9991 281.9695 -54.8908 21.472593
-59.0837 282.3361 -53.8941 21.363813
-60.0943 282.1643 -52.7677 21.153125
-61.4419 281.5155 -51.8651 20.830945
-62.8626 280.827 -51.0501 20.385607
-64.2795 280.6349 -50.0042 19.806768
-65.804 280.5238 -49.0693 19.084589
-66.7885 280.054 -47.7484 18.206587
-67.9789 279.2336 -46.7905 17.165275
-68.6552 278.446 -45.3481 15.952863
-69.0138 277.9753 -43.6489 14.565201
-69.4167 276.9949 -42.4398 13.003691
-69.8247 275.5947 -42.5008 11.265315
-70.268 276.0815 -42.6582 9.359539
-70.9242 276.409 -41.0457 7.281915
-71.4032 276.5871 -39.3203 5.074399
-72.2724 276.7647 -38.0281 2.754375
-73.2041 276.1685 -36.6914 0.337132
-74.2918 275.5936 -35.4399 -2.146103
-75.425 274.8456 -34.2803 -4.673236
-76.9255 274.2886 -33.5609 -7.212634
-77.3251 274.3933 -31.9623 -9.74228
-77.3839 274.0953 -31.6173 -12.262676
-77.9259 274.1693 -30.1943 -14.723264
-79.5493 274.0847 -29.6223 -17.109697
-80.9279 274.149 -28.5263 -19.417102
-82.1503 274.2888 -27.2947 -21.630794
-83.1333 274.5631 -25.8399 -23.753197
-83.3586 274.0993 -24.1212 -25.783122
-83.4086 273.3363 -22.4949 -27.708202
-83.5601 272.816 -20.7795 -29.540345
-83.7705 272.4678 -19.0265 -31.275256
-84.0593 272.0789 -17.2937 -32.907688
-84.2893 271.7437 -15.5414 -34.44944
-84.9661 271.1706 -14.2656 -35.891259
-86.4465 270.5588 -13.5443 -37.242108
-87.5224 269.4821 -12.7644 -38.507046
-88.5863 270.2836 -13.3628 -39.687266
-89.344 271.7765 -13.8414 -40.787634
-90.7295 272.8654 -14.017 -41.825015
-92.0012 274.1345 -14.1202 -42.779192
-93.0728 275.5655 -14.188 -43.650877
-94.4803 276.5793 -14.1262 -44.450355
-96.2029 276.3016 -13.7358 -45.17902
-97.8612 276.4416 -13.1634 -45.838534
-99.2225 277.2086 -12.3487 -46.429737
-100.7724 276.7787 -11.5881 -46.955484
-102.4856 276.8416 -11.2384 -47.414754
-104.2435 277.0799 -11.3594 -47.808907
-105.8758 277.7134 -11.5089 -48.13762
-106.978 278.2571 -10.6069 -48.402078
-108.7214 278.4008 -10.5748 -48.60101
-110.1714 278.7473 -11.3411 -48.734541
-111.6618 279.6815 -11.4564 -48.801641
-21.5015 253.5088 -73.309 1.456208
-22.5942 254.3623 -72.684 1.575409
-23.4363 255.5756 -72.2611 1.670982
-23.7952 256.2196 -73.6016 1.747236
-24.1958 256.9175 -74.8973 1.806733
-24.5102 257.2028 -76.431 1.852882
-25.2575 257.9568 -77.5755 1.887788
-25.9832 258.9049 -78.6121 1.91364
-26.7351 259.8964 -79.3372 1.931831
-27.7754 261.0706 -79.3699 1.943553
-28.1276 262.1418 -78.3341 1.949386
-14.415 228.9869 -63.4499 -17.54459
-16.1331 229.4489 -63.5343 -15.805392
-17.7421 230.1331 -63.7219 -14.237607
-19.4067 230.7023 -63.8399 -12.82803
-20.8995 231.6241 -63.8754 -11.560672
-22.4197 232.5434 -63.927 -10.418911
-23.9779 232.9794 -64.5409 -9.39069
-25.5926 233.2447 -65.0739 -8.46045
-27.3372 233.3731 -65.393 -7.619293
-29.108 233.4677 -65.4659 -6.855378
-30.8642 233.5427 -65.402 -6.158769
-32.3482 234.4256 -65.4518 -5.521279
-33.9347 234.8444 -64.9779 -4.93411
-35.6107 235.0483 -64.5372 -4.390756
-37.2988 235.2219 -64.5195 -3.885147
-38.3854 235.5894 -65.5655 -3.409797
-39.1438 235.7555 -64.0699 -2.961157
-40.4342 236.3585 -64.9633 -2.536048
-41.6538 237.408 -65.4996 -2.129612
-43.3197 237.9738 -65.7908 -1.739972
-45.0712 238.2644 -65.9288 -1.364356
-46.7994 238.6788 -65.9135 -1.000528
-48.5481 238.9796 -65.7557 -0.646317
-50.2593 239.3638 -65.4708 -0.301303
-51.9541 239.818 -65.3779 0.036781
-53.6581 240.3081 -65.5616 0.368262
-55.3649 240.7618 -65.7517 0.69422
-56.9242 241.5359 -65.9538 1.015793
-58.6438 241.8319 -66.2728 1.332155
-59.9936 242.7156 -66.7405 1.644236
-60.984 243.7818 -67.5294 1.951132
-62.0855 245.146 -67.6347 2.252347
-62.592 246.8516 -67.5474 2.547706
-63.6958 248.1812 -67.3534 2.836825
-65.3602 248.1365 -67.1819 3.119437
-66.6185 247.2528 -66.7907 3.394986
-68.2827 246.701 -66.9975 3.66548
-69.0056 246.5375 -67.1182 3.925555
-69.4149 247.1923 -66.2178 4.17755
-70.5685 248.2104 -65.6787 4.418769
-72.1021 248.9573 -65.1628 4.648287
-73.5226 249.8734 -64.6789 4.865448
-74.9049 250.917 -64.2744 5.06903
-76.1941 252.0464 -63.8017 5.257869
-77.6751 252.694 -63.2164 5.431565
-78.9054 253.7897 -63.1101 5.589355
-80.0531 255.1107 -63.1909 5.730748
-81.4092 256.2087 -63.4316 5.854826
-83.1166 256.5971 -63.7243 5.960395
-84.8053 256.9649 -63.8465 6.046664
-86.3232 257.8036 -63.7447 6.112622
-88.0463 257.7843 -63.4146 6.157158
-89.5568 258.6367 -63.0658 6.17999
-79.8558 209.6969 -1.6956 -48.377953
-80.9345 210.9313 -0.8747 -47.883968
-81.8718 212.3265 -0.0936 -47.393162
-83.0145 213.649 0.4105 -46.905709
-83.35 215.4299 0.5242 -46.421302
-84.7236 216.0877 0.5245 -45.940326
-85.8365 216.8501 1.5461 -45.461487
-86.4751 218.3432 2.3648 -44.987083
-87.6889 219.3419 3.0091 -44.51606
-89.3832 219.625 3.5112 -44.048783
-90.5679 220.9942 3.9392 -43.583829
-91.9993 222.1339 4.2769 -43.121861
-93.1066 223.0567 5.3451 -42.661118
-94.2451 224.3484 6.04 -42.202036
-95.1955 225.7846 6.6504 -41.745345
-96.1469 227.1811 6.1703 -41.29106
-97.5307 228.1499 5.5656 -40.837693
-97.6555 229.6726 4.5217 -40.384962
-98.2632 230.7709 4.9578 -39.932857
-99.4213 231.1534 5.7424 -39.483506
-100.7458 231.4122 4.7237 -39.035438
-101.8502 232.6408 4.2535 -38.589325
-103.1436 233.9354 4.0273 -38.145081
-104.4921 234.4164 4.8558 -37.703206
-105.6117 233.6885 5.7966 -37.26111
-106.7274 232.3194 6.4016 -36.817345
-107.441 230.7522 6.8747 -36.382549
-107.4488 229.0255 7.5014 -35.951392
-107.9411 227.3511 8.131 -35.523835
-107.0902 226.8712 8.9862 -35.099083
-106.1496 226.513 10.1833 -34.672892
-105.9516 226.2598 12.0223 -34.250719
-105.4787 225.2922 12.0054 -33.835202
-105.2249 224.5846 10.2988 -33.423295
-104.7784 223.6625 9.5999 -33.017944
-104.7066 222.6921 11.0296 -32.616394
-105.026 220.965 11.6033 -32.22169
-104.6066 219.9029 12.8153 -31.831121
-103.3942 219.8352 14.0764 -31.44572
-104.3073 219.9043 13.553 -31.066553
-105.885 218.9419 13.3792 -30.693532
-107.2676 218.4747 12.6842 -30.326705
-108.1193 218.5469 11.0406 -29.965448
-108.3962 219.4541 11.7193 -29.611509
-109.0143 219.6825 13.4653 -29.263877
-109.7221 219.9831 15.1561 -28.926022
-110.6667 219.9703 16.4989 -28.598003
-112.0003 218.9022 16.8845 -28.278819
-113.4433 217.9794 16.4775 -27.96911
-114.7081 217.1333 15.6968 -27.669054
-115.2947 216.7255 13.9743 -27.379313
-115.5962 216.7912 12.1637 -27.098397
-115.7677 217.1126 10.3327 -26.830162
-115.4309 217.0746 11.1227 -26.576198
-116.1181 217.6962 12.116 -26.328085
-117.3855 218.3763 13.3061 -26.097375
-118.8798 218.8959 14.099 -25.885075
-120.5533 219.5755 14.5055 -25.688772
-122.3465 220.0233 14.7431 -25.509601
-124.1585 220.1151 14.949 -25.347836
-125.565 221.2324 14.8597 -25.20384
-126.6064 222.7478 14.7267 -25.078335
-127.1945 224.5052 14.537 -24.971429
-127.9351 226.1832 14.2547 -24.884365
-129.0224 227.5634 14.5865 -24.8178
-130.1181 229.0198 14.5982 -24.772582
-131.2201 230.4645 14.2522 -24.749508
47.5528 -96.076 13.5667 -76.141661
47.0015 -95.2803 13.5986 -76.141516
46.7344 -94.3274 13.6342 -76.141303
27.7081 -94.2683 18.8592 -76.29419
26.226 -93.6204 19.8024 -76.293325
24.7439 -92.9726 20.7456 -76.292572
23.2618 -92.3248 21.6888 -76.29199
23.8038 -92.3745 21.7835 -76.291784
54.7481 -88.0637 17.871 -76.038944
97.3169 -66.6493 31.3652 -75.962458
99.3506 -67.4491 30.897 -75.957009
101.3843 -68.2489 30.4289 -75.952388
103.4181 -69.0488 29.9607 -75.948665
105.4518 -69.8486 29.4925 -75.945888
104.935 -70.7499 28.9784 -75.944112
104.6139 -70.6388 26.7694 -75.943081
96.937 -66.473 30.8282 -75.965354
44.0154 -65.7095 15.6069 -75.714881
44.0102 -66.3692 14.8486 -75.715185
44.1586 -67.2141 14.3402 -75.715457
-4.665 -9.0685 -0.0051 -63.916819
-3.3078 -10.3003 -0.0154 -64.474042
-1.9532 -11.5348 -0.0257 -65.027088
-0.7426 -12.7803 -0.0459 -65.931494
0.4334 -13.9291 -0.0935 -67.274895
1.4466 -15.2471 -0.185 -68.711443
3.5554 -27.7322 1.4257 -70.74345
8.6107 -41.3653 6.7974 -72.154579
22.8794 -62.2772 10.5055 -74.518782
26.4745 -64.8588 13.9793 -74.808798
29.0535 -67.1183 14.3116 -74.98949
42.1418 -73.5431 16.2509 -75.6006
47.2069 -85.1931 18.1557 -75.967511
44.6639 -89.9679 15.7857 -76.088419
47.7449 -96.3203 13.6398 -76.138029
78.4149 -177.3628 14.5582 -76.443485
95.2227 -265.7699 17.0719 -76.592665
48.1056 -320.1106 18.1187 -76.658302
-10.9476 -383.6056 22.9817 -76.689097
-40.36 -432.7473 17.7175 -76.696573
28.7834 -94.5812 17.274 -76.280201
14.3097 -106.6143 20.8227 -76.411345
2.7577 -126.0427 26.0848 -76.492264
-45.0792 -189.1405 27.4734 -76.593242
30.9775 -170.2053 31.4202 -76.541812
28.3969 -94.5693 18.0599 -76.291897
-40.2348 -104.2908 -5.8163 -76.512452
-111.9958 -139.102 2.509 -76.601459
54.6562 -87.9717 17.7384 -76.03417
111.8824 -135.9529 29.1893 -76.407211
164.8572 -185.7356 20.1853 -76.571454
213.7243 -226.7876 32.011 -76.633896
43.9697 -65.4565 15.7766 -75.707411
45.5333 -62.1584 17.8534 -75.752611
96.2419 -66.2233 31.6259 -75.965139
2.1326 -22.0656 -2.5814 -70.150448
6.2653 -35.3706 6.4938 -71.534831
8.3143 -40.7868 6.7183 -72.658724
15.4942 -50.7521 4.9673 -73.448948
19.5156 -57.7327 7.1557 -74.163174
24.2121 -63.3654 12.9105 -74.668338
27.7984 -65.9637 14.1964 -74.901202
35.2991 -71.3414 15.5234 -75.310658
45.9552 -78.4006 18.2802 -75.797319
45.9541 -87.9136 17.638 -76.030868
46.0845 -93.1486 14.7482 -76.119076
52.1518 -103.9606 11.3242 -76.184568
58.8833 -119.603 12.0998 -76.254077
62.6461 -133.0235 18.7767 -76.314911
68.7987 -150.479 18.27 -76.370902
75.478 -168.4071 16.0379 -76.421193
80.7201 -186.7623 13.7215 -76.465855
86.0397 -202.1519 18.4658 -76.498785
88.9594 -219.8372 14.0604 -76.528738
92.3483 -238.1707 14.3683 -76.556475
94.4112 -256.1543 16.5595 -76.581623
95.282 -267.4858 16.3224 -76.601743
95.3059 -280.3632 10.9397 -76.616586
82.392 -291.8157 13.1552 -76.629726
66.6134 -301.8126 13.5179 -76.641867
55.8832 -314.8401 17.1156 -76.653829
42.621 -325.3136 19.0805 -76.662727
32.9705 -340.7608 23.6528 -76.669658
23.9361 -354.8041 21.203 -76.675898
9.6225 -366.7531 22.7517 -76.681795
-4.6074 -378.3071 21.4152 -76.687418
-16.9731 -389.755 18.9726 -76.690953
-27.5688 -401.1213 14.9527 -76.692434
-39.573 -411.7299 14.9204 -76.69382
-40.6381 -420.4638 25.2112 -76.695282
-40.4069 -426.6412 14.8914 -76.696292
-41.6738 -434.0686 12.5022 -76.695649
-35.1298 -447.795 10.0223 -76.695066
-30.511 -455.7937 6.7671 -76.693463
-26.4654 -460.7911 2.4423 -76.69213
-24.2919 -464.5784 0.2402 -76.691736
37.1249 -94.0849 14.9718 -76.193394
20.7736 -99.7756 22.2184 -76.352908
11.0172 -108.5614 18.7473 -76.430232
5.909 -113.1292 24.1737 -76.456309
4.7649 -121.3499 27.2758 -76.480265
-3.9067 -133.7894 26.1237 -76.509255
-16.2236 -149.0836 26.7198 -76.5338
-17.7909 -159.6216 22.5822 -76.553958
-30.8645 -168.2845 21.4997 -76.571345
-40.3768 -181.2163 24.3391 -76.587171
-50.8898 -195.8899 27.7601 -76.598954
-59.8432 -207.2909 27.0024 -76.604625
-63.453 -209.2381 15.4152 -76.60636
-64.2909 -212.4765 11.1044 -76.607701
-69.7086 -217.4653 14.9612 -76.609121
-1.3141 -131.2728 34.9295 -76.499418
15.7442 -115.5027 24.1983 -76.436079
21.9499 -133.9863 25.1312 -76.468509
26.8898 -147.4387 25.6301 -76.494973
28.6429 -155.1273 32.7495 -76.516572
28.6017 -167.7997 33.6747 -76.53578
33.7647 -170.9041 21.6446 -76.547584
35.3986 -176.6564 11.4651 -76.553612
39.8278 -180.409 -7.3747 -76.55641
28.4843 -94.572 17.6083 -76.288496
24.075 -93.3058 9.4058 -76.326219
15.5128 -90.8025 -8.4542 -76.376802
-0.0475 -89.6597 -13.0268 -76.420882
-13.9393 -94.7328 -4.0497 -76.461408
-31.0534 -101.5497 -4.3571 -76.497344
-48.3446 -108.1087 -4.4853 -76.527812
-60.3769 -111.0796 -1.1234 -76.548166
-77.9711 -113.5102 3.296 -76.565215
-92.0999 -121.9743 4.6219 -76.581558
-105.6825 -132.44 0.8972 -76.595983
-119.8735 -141.3568 5.959 -76.605557
-132.8113 -151.1601 6.979 -76.610412
-147.2952 -155.5423 4.0924 -76.612498
-153.368 -158.2725 7.6335 -76.613582
-168.793 -159.6906 7.6228 -76.614076
50.8433 -86.5895 17.9535 -76.008468
61.2357 -92.3404 14.5899 -76.093768
72.1897 -102.125 21.0158 -76.180896
85.4059 -115.7278 22.6939 -76.257083
96.1046 -123.0147 27.5352 -76.323178
106.3877 -128.7142 28.8233 -76.380861
119.3522 -141.0891 32.8119 -76.432977
133.3865 -151.0456 27.4274 -76.470894
140.4642 -156.8554 25.7903 -76.503056
152.3124 -169.1266 29.8767 -76.533461
161.5491 -182.1636 26.4505 -76.560678
167.3763 -187.9265 20.8501 -76.58183
178.0174 -198.4202 27.7655 -76.597169
190.5879 -201.853 17.5881 -76.608637
198.4764 -209.0366 23.2285 -76.619674
206.4978 -222.3967 29.9785 -76.630625
216.4485 -231.2363 29.6641 -76.637057
219.3592 -241.6667 28.5636 -76.640272
217.6919 -257.4839 32.1794 -76.643848
212.7961 -271.781 39.8533 -76.646871
208.8344 -287.7139 39.3838 -76.650449
43.1478 -69.6198 16.0595 -75.66789
45.0982 -63.5211 16.1223 -75.731998
50.7937 -61.6079 11.0465 -75.79663
63.7547 -58.5312 9.7712 -75.853299
75.049 -60.4617 16.3877 -75.897673
83.0968 -60.7333 25.9161 -75.931236
91.3447 -63.64 26.8113 -75.956325
106.4082 -69.1292 24.6495 -75.988687
123.1559 -72.5629 28.9251 -76.018171
143.1961 -75.9244 28.8652 -76.032984
46.1286 -55.224 14.5026 -75.78369
37.6417 -45.2763 18.4222 -75.812493
22.8448 -43.0894 21.8828 -75.826351
