-0.8015 -1.2678 -0 -4.915773
-3.2062 -5.0715 -0 -4.753096
-5.0765 -8.0299 -0 -4.631342
-6.4123 -10.1429 0.0262 -4.627926
-8.0143 -12.677 0.1283 -4.641911
-8.8146 -13.9429 0.1666 -4.650414
-8.2187 -14.5214 0.2948 -4.649579
-8.7411 -16.3672 0.5247 -4.64525
-10.0309 -17.8905 1.1419 -4.626844
-11.386 -19.3222 1.89 -4.592416
-12.7254 -20.8552 2.392 -4.539222
-14.0432 -22.4116 2.6217 -4.463251
-14.6972 -24.3185 2.0715 -4.358302
-15.5306 -26.234 2.0482 -4.231699
-16.1094 -27.8038 2.3068 -4.109226
-14.7796 -28.9827 3.1257 -3.992584
-13.6062 -30.5844 3.6202 -3.866967
-12.2537 -32.1091 3.9089 -3.731862
-11.1222 -33.7683 4.2796 -3.587781
-10.1932 -35.2295 5.196 -3.434546
-9.3619 -36.7283 6.3117 -3.27268
-8.5851 -38.2492 7.4144 -3.102884
-7.5935 -39.8435 8.2499 -2.925294
-6.8916 -41.4349 9.2193 -2.738917
-6.2727 -43.3267 9.6108 -2.546158
-5.7427 -44.6215 10.9758 -2.34366
-5.2774 -45.3085 12.8612 -2.132807
-4.5701 -46.2857 12.7646 -1.91633
-3.9187 -47.0128 11.0346 -1.692304
-3.487 -47.3534 9.0584 -1.460177
-3.1601 -48.3203 10.2056 -1.223118
-2.5906 -49.7167 11.29 -0.983322
-2.064 -51.2649 10.2609 -0.736972
-1.9023 -53.0628 10.2828 -0.485671
-1.2374 -53.7481 8.8883 -0.224232
-0.2338 -55.4757 8.438 0.038781
0.9268 -57.1391 8.1846 0.307166
2.1659 -58.7648 8.26 0.580896
2.7966 -60.3652 9.2072 0.860497
3.5606 -62.0815 8.7826 1.145006
4.1051 -63.9769 8.2533 1.435153
4.7728 -65.8913 8.0534 1.729596
5.555 -67.7898 8.1794 2.02869
5.4215 -69.7319 8.5591 2.33228
5.3722 -71.1779 9.39 2.642829
6.6015 -72.8224 9.4344 2.957158
7.9091 -74.3345 9.4579 3.277172
9.1469 -75.9691 9.4502 3.601981
10.0298 -77.8076 9.4917 3.930789
10.7723 -79.6982 9.5101 4.26487
12.3735 -80.8411 9.4583 4.604759
13.4145 -82.6176 9.4397 4.9483
14.1594 -84.5026 9.6273 5.297073
14.908 -86.352 10.0263 5.651296
15.6285 -88.1574 10.421 6.010656
16.2688 -90.0988 10.1972 6.375236
16.8061 -92.0324 10.2983 6.744133
18.0591 -93.5211 10.9131 7.119363
19.0692 -95.1762 11.592 7.499472
20.0514 -96.8019 12.3554 7.885072
20.7986 -98.4251 13.1509 8.276966
22.3425 -99.643 13.6764 8.67495
23.1324 -101.4525 13.8694 9.076849
24.2278 -103.1764 13.8286 9.484837
25.7948 -104.4654 13.8973 9.899324
27.3532 -105.7951 13.951 10.319606
28.4996 -107.4233 13.9547 10.745489
30.0108 -108.56 13.6639 11.178494
31.1081 -108.6091 12.0588 11.627378
29.9694 -109.9097 10.9348 12.113245
28.8308 -111.2104 9.8109 12.593666
27.6922 -112.511 8.6869 13.068312
26.8377 -113.4766 7.7017 13.54365
28.1153 -111.9666 8.2837 14.059575
29.3929 -110.4565 8.8658 14.569162
30.6706 -108.9464 9.4479 15.072845
31.1787 -108.9746 10.7509 15.583689
31.0798 -109.3078 12.7833 16.102072
31.1974 -110.3892 14.0207 16.616041
31.8589 -112.2436 14.4776 17.13244
32.2207 -114.0808 14.8897 17.656933
32.3754 -116.0895 14.7382 18.188006
33.2282 -117.7627 14.1097 18.726862
34.0263 -119.6079 13.7086 19.271473
34.4263 -121.5938 13.4703 19.822326
34.6735 -123.5948 13.4834 20.379572
34.4631 -125.6138 13.6554 20.941956
35.477 -127.1975 13.9548 21.508985
36.4488 -128.3733 14.9241 22.084988
36.0423 -130.1872 15.3722 22.666518
35.1621 -131.5518 15.4371 23.249856
35.6418 -129.8523 14.8263 23.838465
35.0348 -128.0619 14.2107 24.428947
35.5446 -129.8444 14.1534 25.012218
35.6291 -131.8577 14.0497 25.592984
34.8485 -133.6181 13.7199 26.170744
34.2995 -135.3089 12.7219 26.743753
33.9891 -137.2127 12.2496 27.308221
34.6951 -139.1364 12.158 27.863327
34.4342 -141.0719 12.4762 28.4052
34.9496 -142.8915 13.1328 28.932665
35.1207 -144.6736 12.8365 29.439475
36.0553 -146.4708 12.5635 29.922967
36.5162 -147.9232 11.2272 30.38112
37.0821 -149.6924 10.5935 30.802085
38.1845 -151.3675 10.8233 31.183861
38.9786 -152.5573 11.4668 31.522358
38.5512 -154.4927 11.7745 31.807399
38.9845 -156.4817 12.0272 32.031738
38.8087 -158.4686 12.102 32.186119
39.4316 -160.3993 12.1561 32.26213
40.017 -162.1492 11.7738 32.249329
39.9044 -164.0643 11.3068 32.136028
40.4166 -165.9089 10.6066 31.911429
41.3853 -167.5493 10.7632 31.565094
42.1247 -169.1267 11.6727 31.083282
42.1485 -170.8263 12.6221 30.453589
41.2541 -172.1527 13.7028 29.671219
41.3329 -173.6405 14.3131 28.723814
41.6008 -174.8677 12.6805 27.603169
41.8738 -176.7997 12.275 26.315565
42.7438 -178.5456 11.9564 24.864834
43.2439 -180.4578 12.0397 23.262623
43.3656 -182.4295 12.4106 21.525214
43.6747 -184.2146 13.2717 19.681514
44.1736 -186.1236 13.8383 17.776983
44.3535 -187.9066 14.7675 15.84815
44.8726 -189.5685 15.6922 13.947726
45.4404 -191.1005 14.5715 12.127487
46.1386 -192.9259 14.1459 10.441474
46.6287 -194.8895 13.783 8.939407
47.9055 -196.4354 13.3908 7.666703
49.0241 -197.9564 13.467 6.664065
49.8322 -199.3762 13.2319 5.966695
51.04 -200.3986 12.0409 5.606287
-16.8109 -27.3553 2.8101 -4.131421
-17.497 -28.3029 4.2038 -4.060942
-18.1984 -29.271 5.5067 -3.981783
-18.2577 -29.3412 3.7473 -3.875615
-18.2679 -29.344 1.9276 -3.761394
-18.2781 -29.3467 0.108 -3.640266
-18.2883 -29.3494 -1.7116 -3.512925
-18.2985 -29.3522 -3.5313 -3.380022
-18.8534 -30.5664 -3.9808 -3.242966
-18.8107 -32.318 -3.8597 -3.097139
-19.3066 -34.0554 -3.7456 -2.942108
-18.9488 -34.5418 -2.2544 -2.774382
-18.3075 -35.7012 -1.0566 -2.599521
-18.003 -37.2922 -0.254 -2.417785
-17.2153 -38.7422 0.5062 -2.227778
-17.2992 -40.1694 1.5541 -2.029626
-17.1185 -41.7267 2.3954 -1.823827
-17.083 -42.8762 3.6698 -1.608426
-17.3639 -44.4413 4.545 -1.386894
-18.2212 -45.6938 5.2818 -1.158321
-18.9632 -46.7735 4.1464 -0.921829
-19.2427 -47.6114 2.5633 -0.676334
-19.7572 -49.1601 2.2576 -0.428397
-20.0441 -50.8741 2.5491 -0.175102
-20.3286 -52.4364 3.2684 0.084032
-19.8077 -53.8024 3.6098 0.349973
-19.2008 -54.6661 2.2731 0.624851
-18.7221 -56.0354 2.9434 0.904951
-18.7365 -56.729 4.1896 1.191325
-18.8997 -58.1413 5.2798 1.479715
-18.8149 -59.8936 5.7078 1.7709
-18.9822 -61.072 7.0484 2.068745
-19.3934 -62.5349 8.0119 2.367832
-19.547 -63.8484 9.0694 2.67312
-19.5772 -65.5723 8.63 2.978549
-19.258 -67.3139 8.3405 3.286632
-19.7508 -69.0603 8.364 3.595439
-19.9946 -70.8175 8.7102 3.906748
-19.8037 -72.5539 9.1873 4.219103
-19.7201 -74.3251 9.5635 4.532799
-20.2567 -75.9938 9.7611 4.847159
-19.7758 -77.7066 9.8918 5.160784
-19.8692 -79.394 10.0722 5.472576
-20.6153 -80.6503 10.7965 5.783057
-20.8101 -82.0334 11.1362 6.089429
-21.8468 -83.2751 10.5156 6.392902
-22.3598 -84.646 11.4203 6.691535
-22.8139 -86.2646 12.0203 6.983537
-22.9433 -87.4114 13.1988 7.271535
-23.2601 -88.7922 14.1473 7.54927
-23.5187 -90.5915 14.1567 7.814931
-23.7693 -92.3875 14.2837 8.070028
-23.9193 -94.161 14.5659 8.313502
-24.765 -95.4177 14.2775 8.544025
-25.6946 -96.5629 13.7452 8.758481
-26.3361 -98.2508 13.7081 8.953925
-26.22 -99.6251 14.4174 9.133703
-26.029 -100.2322 16.1217 9.293653
-25.98 -100.9366 17.7977 9.430788
-26.1774 -101.1961 19.58 9.548219
-26.4133 -101.3806 21.3748 9.636615
-26.5757 -102.9017 22.0388 9.692993
-26.565 -104.1061 22.8298 9.721294
-10.4886 -18.1238 0.6694 -4.611536
-10.4015 -18.057 0.4643 -4.603469
-11.3637 -19.3353 1.4826 -4.584789
-12.4409 -20.4928 2.3203 -4.548692
-13.7335 -21.882 2.6066 -4.497012
-14.3525 -23.4451 1.6476 -4.432897
-14.7639 -24.7529 0.4153 -4.355814
-15.0123 -25.6795 -1.2982 -4.265569
-14.7483 -27.3027 -2.2341 -4.165531
-14.1682 -28.7546 -3.3613 -4.053462
-14.1335 -30.3237 -2.5621 -3.930701
-14.176 -32.0715 -1.7097 -3.79812
-14.076 -33.7889 -0.9359 -3.655329
-13.8862 -35.6563 -1.4771 -3.503118
-13.5408 -37.5381 -1.8551 -3.341516
-12.9254 -39.3671 -2.0095 -3.170077
-12.8947 -41.2639 -2.5483 -2.989985
-12.5093 -43.0891 -2.3969 -2.800723
-11.8636 -44.7358 -1.5183 -2.601419
-11.3409 -46.4019 -0.6056 -2.39415
-11.0233 -47.5467 0.9658 -2.176459
-10.5913 -48.4457 2.6789 -1.951949
-10.1405 -50.0833 3.3431 -1.722313
-10.2934 -51.7904 2.9275 -1.48554
-10.88 -52.8858 1.4404 -1.23895
-11.0363 -54.4811 1.7038 -0.987508
-11.1458 -56.3254 2.378 -0.729325
-10.357 -57.7555 3.4384 -0.463434
-10.1358 -58.8326 4.9901 -0.190057
-10.3077 -60.6124 5.6598 0.088208
-11.2813 -62.2927 6.0116 0.372587
-11.7958 -64.1934 6.181 0.662367
-12.4342 -66.0517 6.3974 0.959084
-11.9522 -67.7789 6.8906 1.26279
-11.6762 -69.0382 8.2561 1.573587
-11.713 -70.0381 9.9612 1.890585
-11.8555 -70.9146 11.6774 2.215957
-12.8132 -71.5235 13.2459 2.546017
-13.5753 -72.2336 12.7301 2.882223
-14.1638 -73.7043 11.8882 3.222731
-14.4131 -75.2707 10.815 3.568904
-13.5782 -77.0011 10.3425 3.921207
-13.3259 -78.9499 10.1371 4.278918
-13.3622 -80.9141 10.3308 4.641822
-14.2376 -82.5066 10.9807 5.011192
-14.7845 -84.1023 11.9265 5.38792
-15.3519 -85.4422 12.6525 5.772071
-15.7865 -86.6616 12.098 6.163225
-16.5522 -87.7496 13.5364 6.560468
-17.1687 -89.5648 13.8022 6.961198
-18.2162 -91.1682 13.885 7.369177
-19.5493 -92.634 13.9514 7.784335
-20.3209 -94.4426 13.8656 8.205275
-21.0095 -96.2837 13.6721 8.632089
-21.3384 -97.8523 13.9673 9.070308
-21.6939 -97.8965 15.9193 9.523679
-22.3276 -98.0602 17.7316 9.977554
-21.887 -98.9874 16.7979 10.440519
-22.8153 -99.7306 15.3374 10.904393
-24.3779 -100.6691 14.7056 11.373264
-24.3457 -102.6276 14.3888 11.844734
-24.5768 -104.5617 14.2213 12.322422
-24.8282 -106.5067 14.2205 12.805959
-25.0574 -108.4614 14.1941 13.293866
-25.5558 -110.3378 14.0236 13.787144
-26.9412 -111.6652 13.5497 14.286535
-27.6548 -113.1993 12.651 14.789349
-27.9593 -114.1646 11.0361 15.303178
-28.3565 -115.3746 10.0919 15.811099
-29.1471 -116.4978 9.0352 16.324165
-29.5399 -117.0458 7.1689 16.84488
-29.9596 -117.6548 5.3281 17.362214
-30.9613 -118.935 4.5188 17.873836
-32.1435 -120.2324 4.6581 18.384709
-32.9363 -121.0473 6.2793 18.895809
-33.621 -122.2206 7.5953 19.400899
-33.9105 -123.585 8.7937 19.900786
-34.4873 -124.3869 10.3397 20.394644
-35.0405 -125.7656 11.4307 20.87671
-34.701 -127.6323 11.772 21.347901
-35.3063 -129.4991 11.9181 21.807269
-35.9903 -131.3268 11.7835 22.251629
-37.6819 -132.1342 11.31 22.68159
-38.5009 -133.4806 10.3217 23.091997
-38.4967 -134.7419 8.9782 23.484268
-39.2613 -136.1191 9.0235 23.851361
-39.6486 -137.8732 9.0943 24.191611
-40.3927 -139.5578 8.4232 24.502861
-41.3357 -141.2284 8.0319 24.782972
-41.7461 -143.1332 7.6854 25.029616
-42.0138 -145.0056 7.4829 25.240429
-41.9887 -146.6225 8.5512 25.414678
-43.1363 -148.1444 8.915 25.548094
-43.8626 -149.8828 8.3731 25.638161
-44.926 -151.4033 7.7386 25.682979
-9.353 -14.8211 0.2731 -4.663463
-11.0559 -15.5864 0.7158 -4.674259
-12.8605 -15.9487 1.177 -4.674613
-14.323 -16.6873 2.6356 -4.655542
-15.6273 -17.7486 4.2904 -4.615087
-16.5612 -19.3299 4.837 -4.576107
-17.0333 -20.2944 6.2453 -4.517967
-17.8874 -21.5361 7.3823 -4.447025
-18.8508 -22.9769 8.1796 -4.364962
-19.5099 -24.5801 8.9543 -4.271609
-19.7318 -25.6734 10.3712 -4.165185
-19.6375 -26.5275 11.987 -4.046685
-20.9183 -27.5166 12.4491 -3.91889
-21.2964 -29.0814 13.3143 -3.781778
-21.83 -30.7644 14.0149 -3.634689
-22.4092 -32.288 14.7504 -3.477165
-23.1716 -32.8787 16.4102 -3.305751
-23.4458 -33.3976 17.1662 -3.126772
-23.9797 -35.1098 17.8018 -2.940606
-25.2888 -36.4276 18.1128 -2.744813
-26.4013 -37.9363 18.2431 -2.541188
-27.2908 -39.5473 18.3867 -2.329113
-28.9068 -40.2841 18.3568 -2.106855
-28.8386 -41.8551 18.071 -1.878736
-30.0593 -43.3052 18.0707 -1.642687
-30.6546 -44.9959 18.2212 -1.398698
-31.4097 -46.5757 18.3297 -1.146739
-32.6885 -47.8644 18.2798 -0.886932
-33.6705 -49.4532 18.3794 -0.622142
-34.3435 -51.1833 18.7706 -0.35105
-35.0428 -52.643 19.7515 -0.072589
-35.9334 -53.9164 20.8542 0.211732
-36.4958 -55.5633 21.6175 0.500658
-37.1515 -57.2664 22.1901 0.7952
-37.503 -58.9135 22.7742 1.097116
-37.2767 -60.629 23.5408 1.404499
-38.3487 -62.1152 24.0868 1.715706
-38.7835 -63.8894 24.6417 2.030485
-39.0307 -65.5698 25.4324 2.349426
-39.2448 -67.4312 25.7075 2.673333
-39.4113 -69.2406 26.1323 3.000732
-38.2265 -70.1613 27.1367 3.333951
-37.9293 -71.6381 28.1838 3.670143
-36.7386 -72.8721 28.5562 4.008107
-35.4143 -74.1273 28.8617 4.347706
-33.8413 -75.1427 29.2839 4.69821
-32.9832 -76.7229 29.5771 5.041983
-33.6399 -75.092 29.1649 5.399641
-33.1635 -76.3575 28.5144 5.748473
-32.6394 -77.9449 29.3953 6.09574
-31.5586 -79.4236 29.8926 6.448672
-30.8094 -81.0765 30.3763 6.798418
-31.5811 -82.6547 30.6865 7.140982
-31.7168 -84.5489 30.8274 7.478627
-31.5105 -86.4537 30.8357 7.81029
-31.5377 -88.3667 30.7633 8.136013
-31.4829 -90.279 30.6456 8.454888
-31.9235 -92.1277 30.4947 8.764722
-32.2806 -93.9944 30.2829 9.063096
-33.2826 -95.4749 30.073 9.35054
-34.2923 -96.3147 29.212 9.625963
-33.7984 -97.5646 29.0456 9.886377
-33.365 -98.5644 30.3242 10.131834
-34.9529 -99.5888 30.5864 10.357838
-35.3561 -101.2379 30.5528 10.561999
-35.425 -102.1901 29.7785 10.745283
-35.4381 -103.6106 30.0236 10.902235
-35.4329 -104.9525 28.8355 11.031485
-35.4888 -106.6151 28.0477 11.129822
-35.1318 -108.0258 29.2064 11.197418
-34.5346 -109.5447 30.0645 11.230099
-15.445 -16.6758 3.4162 -4.615762
-17.1123 -16.5493 2.7023 -4.5816
-18.8242 -16.1183 2.2844 -4.530569
-20.5247 -15.3962 2.2003 -4.466587
-22.3116 -15.3473 2.4856 -4.392889
-24.0423 -14.9367 2.9859 -4.306733
-25.7912 -14.8802 3.5418 -4.210354
-27.6376 -14.8877 3.7424 -4.103638
-29.4617 -14.8882 3.7168 -3.986462
-31.2202 -15.3922 3.5297 -3.859793
-32.7539 -15.8243 2.9445 -3.722228
-34.0829 -16.2305 1.7975 -3.575301
-35.3566 -17.1047 0.7776 -3.419944
-36.7811 -17.3591 0.0703 -3.254379
-38.4049 -17.2529 0.8951 -3.078781
-40.1857 -16.9717 1.2216 -2.893598
-41.9745 -17.3706 1.348 -2.701401
-43.6645 -17.7288 1.1737 -2.500602
-45.1638 -16.9527 0.472 -2.289464
-46.3865 -16.2335 -0.6264 -2.069937
-48.1583 -16.038 -0.1893 -1.84377
-49.5586 -16.5997 0.7893 -1.611299
-50.6275 -17.7832 1.5574 -1.373281
-52.4581 -17.9497 1.6886 -1.125287
-54.2203 -17.8442 1.1278 -0.869691
-55.6575 -18.4041 0.1681 -0.6084
-57.139 -19.2179 -0.5793 -0.341229
-58.8775 -19.6978 -0.9928 -0.067347
-60.4992 -20.5497 -0.8751 0.211092
-62.2699 -20.9516 -0.784 0.496627
-63.9605 -21.4851 -1.2025 0.790634
-65.769 -21.6468 -1.2364 1.08915
-67.4074 -21.948 -2.0416 1.392648
-69.2303 -22.0478 -2.2783 1.70113
-71.0405 -22.3933 -2.2 2.014493
-72.76 -22.6876 -1.8978 2.332039
-74.4248 -22.1245 -1.3042 2.656565
-75.468 -21.5676 0.0962 2.986479
-76.805 -21.0117 0.8974 3.320518
-78.6304 -21.1688 0.7939 3.654368
-80.2126 -21.6023 1.4208 3.991098
-81.9055 -21.4802 1.8938 4.33192
-83.3789 -20.5725 2.4839 4.677706
-84.8475 -20.092 3.3977 5.024363
-85.8797 -19.4106 4.4732 5.374378
-86.9877 -17.9771 4.3817 5.725494
-88.4094 -16.917 4.436 6.075807
-89.1332 -16.2863 5.8123 6.429112
-89.6827 -16.0961 7.5766 6.780497
-90.6073 -14.9923 8.5732 7.129168
-91.6573 -14.5236 9.9347 7.473114
-92.216 -13.6924 11.4126 7.817293
-93.3323 -12.5367 11.3011 8.152721
-94.3529 -11.3333 10.4637 8.483287
-95.9243 -11.359 10.3327 8.803842
-97.085 -12.6874 10.4076 9.112371
-98.637 -11.9209 10.4364 9.41513
-99.8512 -10.5582 10.1484 9.70612
-101.1467 -9.2581 9.9913 9.984293
-102.9108 -8.8466 10.0308 10.245098
-104.2043 -7.6318 10.4372 10.489933
-105.7848 -7.7377 11.2376 10.71292
-107.5295 -7.7352 11.7584 10.914456
-108.7114 -6.5165 12.2914 11.09524
-108.6826 -5.013 12.9437 11.252582
-109.4316 -4.9691 14.0337 11.379282
-110.9911 -5.321 13.2911 11.475893
-112.3812 -4.7789 12.2565 11.543771
-113.4541 -4.4164 10.8172 11.578899
-15.5545 -17.632 4.3033 -4.631354
-16.8149 -18.3686 5.0193 -4.62842
-18.1535 -17.7371 5.9254 -4.610041
-19.3957 -17.6568 7.1162 -4.581399
-20.6245 -17.4395 8.329 -4.541424
-21.4073 -17.0773 9.8446 -4.4899
-22.3291 -16.4593 11.1562 -4.427453
-23.7986 -16.4039 12.1053 -4.355923
-24.636 -16.4397 13.5353 -4.273529
-26.0492 -16.413 14.4153 -4.182048
-26.5091 -16.6788 16.0866 -4.079623
-27.6416 -17.5424 16.452 -3.971359
-28.9683 -17.6171 17.1518 -3.852168
-30.2529 -16.8642 18.0015 -3.722394
-31.8112 -16.9615 18.7079 -3.585139
-32.7125 -16.0015 17.8716 -3.437327
-33.9732 -15.3124 17.8919 -3.281598
-35.5154 -14.9405 18.541 -3.118638
-36.8148 -15.2621 19.6037 -2.949545
-38.1095 -15.3947 20.6532 -2.773737
-39.3709 -15.3085 20.5665 -2.588811
-39.9084 -15.4165 22.2463 -2.396526
-41.4898 -16.1032 22.568 -2.203109
-43.1935 -16.3081 22.9719 -2.003249
-44.8671 -16.1005 23.426 -1.797298
-46.5874 -16.255 23.8037 -1.586606
-48.2806 -16.146 24.1613 -1.373084
-49.8848 -15.6408 24.6252 -1.155118
-51.569 -15.5809 25.1077 -0.936395
-53.1934 -15.8717 25.7123 -0.716791
-54.8397 -16.0518 26.2602 -0.495004
-56.4663 -15.7486 26.8593 -0.273343
-57.6381 -14.8744 27.7621 -0.050435
-58.8394 -13.7889 28.4214 0.172083
-60.1932 -13.1386 29.3328 0.392533
-61.8304 -12.6017 29.6751 0.608993
-63.5039 -12.1508 29.7076 0.820304
-64.8861 -11.121 29.4315 1.02793
-65.5954 -10.0293 28.2627 1.230321
-66.3587 -9.069 29.1123 1.425475
-67.3994 -7.9254 29.8988 1.613709
-68.8854 -7.8686 29.963 1.79023
-70.5505 -7.352 29.9726 1.956779
-72.0497 -6.4284 30.0037 2.11198
-73.5599 -5.5098 29.9785 2.253108
-74.8786 -4.3323 29.9264 2.383249
-76.2236 -3.1844 29.9023 2.491979
-77.2186 -1.7362 29.9278 2.582821
-78.2778 -0.5048 29.7779 2.653087
-79.9939 -0.3567 29.5292 2.699804
-81.6519 -0.1123 29.479 2.724318
-15.2282 -17.1379 4 -4.639728
-15.8134 -17.8487 4 -4.657903
-16.4306 -18.5318 4 -4.668038
-13.8552 -16.3527 0.6773 -4.678588
-6.8126 -12.9962 0.0714 -4.631399
-5.8684 -15.48 0.0572 -4.602763
-5.4058 -18.0693 0.0621 -4.542134
-4.8048 -20.6622 0.1442 -4.438794
-4.2378 -23.1032 0.3354 -4.281329
-4.2185 -23.3173 3.0099 -3.980747
-4.1991 -23.5292 5.6846 -3.648961
-3.9404 -24.0329 8.0609 -3.29573
-2.9465 -26.4423 7.8893 -2.91721
-2.9898 -29.1239 7.9366 -2.506772
-2.8312 -31.7921 8.079 -2.063731
-2.7737 -34.4658 8.0848 -1.588634
-3.1335 -36.1267 6.8772 -1.07125
-2.9668 -36.5649 4.2354 -0.51957
-3.5563 -38.3842 2.8887 0.050927
-4.3063 -40.3834 1.497 0.654693
-4.1208 -42.6459 0.2252 1.287451
-4.2362 -43.7827 0.8959 1.81777
-3.8312 -43.4159 2.8085 2.222357
-3.4263 -43.0492 4.7211 2.628519
-3.0214 -42.6825 6.6338 3.035918
-2.6164 -42.3158 8.5464 3.444362
-2.2115 -41.949 10.459 3.853747
-1.8006 -41.5642 12.3611 4.264105
-1.0504 -39.8462 12.7392 4.695261
0.1758 -38.6585 13.5417 5.135951
1.5902 -38.0395 13.8599 5.595124
3.2347 -39.0768 14.2093 6.061805
3.2862 -40.8715 14.6526 6.543452
3.0921 -42.2179 15.9515 7.041664
3.289 -43.8273 17.0278 7.554472
3.7676 -45.0577 18.3989 8.087213
5.3853 -45.2551 17.5078 8.638474
6.4565 -45.5185 16.2146 9.216544
6.4601 -45.5688 14.2263 9.813804
7.3041 -46.1013 15.3965 10.424104
7.7212 -46.6728 17.2551 11.056542
8.2906 -47.8462 18.7417 11.700304
8.7291 -49.4862 19.2615 12.181418
9.1255 -50.9461 19.7272 12.483515
10.0364 -52.2198 19.9693 12.791816
10.7133 -53.6545 20.0389 13.106728
11.8089 -54.3454 19.5071 13.432343
12.1976 -54.6669 17.9921 13.765454
13.1099 -54.8336 16.8714 14.104482
13.5838 -54.6626 15.3738 14.471593
13.6588 -54.6533 13.7788 14.896992
13.7337 -54.644 12.1838 15.316225
13.8087 -54.6347 10.5888 15.728629
13.8837 -54.6254 8.9938 16.133782
13.9586 -54.6161 7.3988 16.531591
14.0336 -54.6068 5.8038 16.922053
14.1085 -54.5975 4.2088 17.304563
14.1663 -54.5744 2.6132 17.735657
14.2206 -54.5486 1.0176 18.173916
14.2749 -54.5228 -0.5781 18.601671
14.3293 -54.497 -2.1737 19.018813
14.3836 -54.4712 -3.7694 19.425191
14.4379 -54.4454 -5.365 19.8199
13.7113 -55.8095 -5.5929 20.205937
13.1825 -57.2536 -6.0072 20.591638
12.9567 -58.7053 -6.561 20.975939
12.6682 -60.0281 -7.37 21.358537
12.3514 -61.5353 -7.7387 21.738226
11.9771 -63.0578 -7.8716 22.113256
11.7617 -64.6275 -7.7751 22.483056
11.4655 -65.9109 -8.3481 22.847606
11.6675 -66.9063 -9.5712 23.206226
11.728 -68.3207 -9.6289 23.556825
11.6975 -68.4625 -8.07 23.900854
11.4235 -69.5735 -7.0162 24.229397
11.1196 -70.8404 -6.109 24.545181
11.0275 -71.8722 -4.9846 24.849086
11.2426 -73.2528 -4.3725 25.136819
10.7531 -74.6674 -3.9199 25.407448
10.425 -76.2016 -3.7062 25.661224
10.77 -77.7411 -3.6532 25.896533
11.0786 -79.2552 -3.6604 26.110858
11.425 -80.7723 -3.755 26.303205
11.2996 -82.2807 -4.0128 26.471585
11.9706 -83.6675 -4.3963 26.61511
12.7118 -84.5829 -3.8154 26.734667
13.1706 -85.4159 -2.5821 26.825495
13.3664 -86.853 -1.9391 26.88518
13.3682 -87.667 -0.8755 26.91565
8.6263 -48.9248 19.7774 12.163377
8.971 -49.5407 20.9869 12.427034
9.2099 -51.0475 20.8184 12.693323
10.0927 -52.2943 20.5532 12.964357
10.6868 -53.724 20.4404 13.239138
11.4461 -54.1517 19.6321 13.525921
11.5442 -54.2966 18.1881 13.816426
12.9332 -54.8812 18.406 14.107346
13.2774 -55.294 19.8309 14.410517
13.7729 -56.2787 20.5319 14.70873
14.3885 -57.7019 20.5127 15.009341
15.16 -59.0485 20.6431 15.311412
15.6443 -60.0525 21.5504 15.617467
16.2084 -60.988 22.5631 15.924716
17.2577 -61.2039 23.519 16.233169
18.4454 -61.8839 23.9975 16.539659
19.1422 -63.2514 24.2481 16.843864
19.671 -63.8624 25.3071 17.152207
20.2623 -64.3588 26.3522 17.454504
21.638 -65.0559 26.1487 17.750927
22.7173 -66.1327 25.8633 18.059604
23.7256 -67.2733 25.5197 18.357212
24.6112 -68.47 25.1932 18.63918
24.9681 -69.954 24.971 18.910967
24.9964 -70.9802 24.2159 19.188103
24.9684 -71.117 22.6615 19.4686
24.9404 -71.2538 21.1072 19.729615
24.9124 -71.3907 19.5528 19.970968
24.8648 -71.4567 17.9963 20.195358
24.9221 -71.7069 16.7213 20.404267
25.4185 -72.6144 17.5247 20.600228
25.5779 -72.8182 19.0637 20.783055
25.6724 -73.1458 20.5059 20.942707
25.5385 -73.7136 21.7923 21.086903
25.5469 -73.9336 23.3373 21.211413
25.5553 -74.1535 24.8823 21.310748
26.4257 -75.2629 24.9859 21.38396
26.2037 -76.801 24.991 21.43231
26.3234 -78.3421 25.0702 21.455216
-4.7208 -44.7161 -0.023 1.705146
-5.1299 -46.1818 0.6944 1.888633
-5.3697 -46.9913 2.259 2.081074
-5.7718 -48.0995 3.5791 2.278811
-6.3113 -49.4357 4.5711 2.483533
-6.1052 -51.0319 5.3148 2.694477
-5.9754 -52.7323 5.8136 2.912249
-5.3005 -54.3124 6.0843 3.137746
-5.5666 -55.9139 6.2159 3.370855
-6.3626 -57.4622 6.4728 3.611416
-7.4327 -58.7683 6.9386 3.860151
-8.3123 -60.0607 7.6969 4.1163
-9.2075 -61.5771 7.5449 4.378103
-10.0182 -63.1512 7.7642 4.647243
-10.4982 -64.8336 7.9938 4.922463
-11.098 -66.494 8.2496 5.205528
-11.5795 -68.0917 8.8213 5.495939
-11.4778 -69.48 9.814 5.793022
-11.3768 -70.9824 10.6772 6.0973
-11.1615 -72.6665 10.9417 6.408117
-11.9531 -74.0675 10.3517 6.725578
-12.2253 -75.2856 9.1163 7.049957
-12.386 -76.5528 7.8889 7.37999
-12.4919 -77.8973 6.8778 7.717302
-12.6418 -79.6702 6.7282 8.059332
-12.8923 -81.2283 7.3625 8.407944
-13.0636 -82.0267 8.8276 8.766946
-12.8375 -83.2389 8.8894 9.127443
-12.4716 -84.694 8.0205 9.494002
-12.6797 -85.5671 7.0599 9.868936
-12.5183 -84.1321 6.1622 10.257422
-12.5292 -84.0813 7.3739 10.648571
-11.895 -85.6688 7.8198 11.040484
-11.5229 -87.2946 8.4116 11.436712
-10.3324 -88.1124 9.2259 11.840081
-10.675 -89.8262 9.467 12.247799
-11.2148 -91.4903 9.7261 12.658123
-11.4919 -93.2205 9.9224 13.071448
-11.8689 -94.9605 9.9938 13.489053
-12.2215 -96.7085 9.9892 13.908204
-12.5548 -98.4528 9.9031 14.33143
-13.101 -100.1246 9.6027 14.755988
-13.6123 -101.6942 9.0552 15.182587
-14.5178 -102.8115 8.0351 15.611513
-14.732 -103.8321 6.6289 16.042402
-14.736 -104.949 5.3416 16.473923
-14.7897 -105.5564 3.6632 16.906204
-14.9175 -106.1934 2.0059 17.335116
-14.8119 -107.3154 0.66 17.755001
-14.3904 -108.3157 -0.7477 18.173298
-14.0768 -109.6227 -1.5126 18.582686
-14.1581 -111.3783 -1.2027 18.984716
-14.4574 -112.7137 -0.3129 19.381393
-14.5581 -113.8268 1.0481 19.767268
-14.5629 -114.7419 2.5821 20.144702
-14.3372 -115.8187 3.9677 20.507267
-14.0073 -116.8255 5.38 20.857385
-13.5104 -118.0936 6.4955 21.190612
-13.0668 -119.695 6.5246 21.505431
-12.4966 -121.0534 5.5568 21.800313
-12.0851 -122.6625 5.1356 22.073625
-12.5004 -124.2153 4.474 22.324467
-12.6759 -125.9354 4.076 22.54916
-13.0189 -127.5669 3.9008 22.748589
-13.6129 -129.2115 3.7998 22.918891
-14.5095 -130.7248 3.617 23.058593
-15.1909 -132.314 3.2206 23.165233
-16.0458 -133.6469 2.4524 23.237633
-17.0046 -135.0632 2.0492 23.273021
-3.6471 -8.0538 -0.0157 -4.641424
-1.3228 -8.9468 -0.0471 -4.616502
0.9314 -9.9936 -0.0832 -4.573779
2.6625 -11.7633 -0.1495 -4.503893
3.884 -13.4015 -0.8686 -4.364276
4.2751 -14.1359 -3.2157 -4.009056
4.6663 -14.8703 -5.5627 -3.632203
5.0575 -15.6047 -7.9097 -3.238161
5.4487 -16.3392 -10.2567 -2.830455
5.5082 -15.6747 -11.481 -2.496274
5.7528 -14.1284 -10.9972 -2.255904
5.1317 -14.013 -9.0503 -1.999089
5.6382 -14.026 -8.2186 -1.71534
7.6439 -14.2766 -7.8039 -1.415394
9.6042 -14.0356 -7.3728 -1.107527
11.4824 -13.5321 -6.7322 -0.781152
12.4397 -13.1153 -5.3274 -0.43605
13.1732 -12.7275 -3.4442 -0.069447
14.0029 -12.5015 -1.5695 0.315398
14.9232 -12.6143 0.2611 0.71604
16.0509 -12.8503 1.9217 1.134294
17.2291 -12.7352 3.6117 1.576658
18.6969 -13.072 4.9744 2.026415
20.4387 -12.843 5.9867 2.495344
22.2399 -12.9948 6.2182 2.837875
23.7688 -13.3762 5.9788 3.042314
25.0057 -12.6222 5.3936 3.254444
26.3571 -12.2571 4.8087 3.470212
27.8738 -11.9691 4.5669 3.691327
29.2461 -11.1445 4.4391 3.918171
30.8012 -10.7714 4.3716 4.147719
32.3851 -10.5715 4.2891 4.381527
33.2233 -10.1298 4.9983 4.62237
34.0663 -9.8024 5.9221 4.86693
35.5597 -9.845 6.5062 5.113883
36.9026 -9.7278 7.2501 5.365658
38.2463 -9.5474 7.9246 5.619285
39.7277 -9.1425 8.3952 5.87584
41.1759 -8.7377 8.951 6.134487
42.5633 -8.3419 9.5488 6.396651
43.7337 -8.1277 8.583 6.660159
45.1311 -8.0308 7.9631 6.923671
46.5242 -8.3092 7.3517 7.185678
47.4104 -8.3281 6.0274 7.450019
48.547 -8.1523 4.9694 7.711413
50.1277 -8.0481 4.8161 7.970519
51.0302 -8.412 5.9293 8.230884
52.4231 -8.5023 6.17 8.485358
53.895 -8.5955 6.6905 8.737033
54.9911 -8.7652 7.7616 8.982783
56.4893 -8.9904 7.679 9.220839
57.587 -10.1308 7.9043 9.449096
59.0801 -10.6364 8.1455 9.671167
60.6014 -11.0022 8.4608 9.88302
61.9959 -11.5958 8.0265 10.084175
62.9752 -11.9724 7.058 10.27765
63.4644 -12.0743 5.5381 10.458296
64.0395 -11.9612 4.047 10.626813
64.4337 -11.9546 2.4888 10.779563
64.823 -11.932 0.9297 10.913778
65.2041 -11.8836 -0.6309 11.028106
65.5558 -11.8356 -2.1985 11.122713
65.8976 -11.7879 -3.7682 11.19482
66.4194 -11.7876 -5.282 11.243708
66.4944 -12.5596 -6.6605 11.267075
21.8035 -12.9643 5.5087 2.881501
22.2928 -12.8975 4.0421 3.16862
22.782 -12.8307 2.5755 3.45182
23.2713 -12.7639 1.1089 3.730645
23.7606 -12.6971 -0.3578 4.004721
24.2499 -12.6303 -1.8244 4.273742
24.7391 -12.5635 -3.291 4.537531
25.2284 -12.4967 -4.7576 4.796164
25.7177 -12.4299 -6.2242 5.049137
26.2069 -12.363 -7.6908 5.295927
26.8935 -12.3131 -8.9994 5.537821
27.9931 -12.1349 -10.0456 5.780886
29.4155 -12.0244 -10.5719 6.025614
30.9321 -12.139 -10.7879 6.270668
32.4337 -12.4908 -10.7732 6.518534
33.7283 -13.0404 -10.3346 6.766005
34.9591 -13.7394 -9.781 7.013553
36.3049 -14.3754 -9.3611 7.26174
37.7863 -14.4064 -8.971 7.513929
38.9765 -14.4204 -8.3072 7.764349
39.509 -14.5028 -6.8771 8.010917
40.803 -14.1184 -7.3333 8.253055
42.1172 -13.7343 -7.9502 8.491751
43.481 -14.2451 -8.4653 8.723134
44.8322 -14.6862 -9.0455 8.948635
46.2199 -15.1571 -9.5418 9.16731
47.4998 -15.7968 -10.1041 9.376313
48.4919 -16.341 -10.9949 9.577626
49.2648 -16.5571 -12.2212 9.77021
50.6437 -17.0063 -12.5265 9.950053
52.1626 -17.2199 -12.7123 10.119144
53.5098 -17.9199 -12.5815 10.273346
54.8261 -18.5114 -12.0649 10.413172
56.0144 -19.3898 -11.6485 10.535583
57.1511 -20.3793 -11.2981 10.640303
58.5784 -20.83 -11.009 10.726864
59.5198 -21.3446 -11.6244 10.794407
59.9152 -21.5013 -13.1121 10.840761
60.3293 -21.6363 -14.5919 10.864332
5.542 -17.4481 -11.9734 -2.55836
5.2752 -19.0549 -12.8511 -2.450161
4.5319 -20.5356 -13.6308 -2.332612
4.2842 -21.2679 -12.1504 -2.202614
4.5234 -21.5541 -11.2061 -2.065078
5.0916 -22.5097 -9.9139 -1.919516
5.6355 -23.6108 -8.5295 -1.766249
6.4022 -24.9693 -7.5369 -1.605067
6.6335 -26.3097 -6.3211 -1.436068
7.1852 -27.3717 -7.4784 -1.256776
7.7638 -28.2275 -9.037 -1.069219
9.1599 -28.8455 -10.0123 -0.874544
10.2945 -29.4271 -11.2255 -0.67167
12.0307 -29.9265 -10.7637 -0.460487
13.7255 -30.5864 -10.4924 -0.242853
15.1918 -31.515 -11.0288 -0.019091
16.7178 -31.6949 -12.0524 0.213986
18.2188 -31.9125 -13.1144 0.453897
19.9511 -32.1969 -13.7295 0.70089
21.5074 -33.0418 -14.1745 0.962961
22.8543 -34.2615 -14.6414 1.231328
24.0059 -35.5947 -15.1729 1.496729
24.5296 -37.1036 -15.7174 1.768124
24.7232 -37.5624 -17.5262 2.05141
25.1008 -38.2263 -19.2142 2.339031
26.3789 -39.4506 -19.5884 2.627713
28.1291 -39.8596 -20.0602 2.924153
29.3513 -39.6098 -21.3429 3.228946
30.6809 -38.9744 -22.3478 3.540009
31.8544 -39.4408 -23.699 3.854346
32.7072 -40.1312 -24.5207 4.172281
34.1875 -40.0661 -24.2388 4.497625
35.3747 -39.954 -25.6606 4.828371
36.0556 -40.1808 -27.3735 5.167826
37.1117 -40.5409 -28.8636 5.507689
37.9499 -40.8975 -30.5002 5.851425
38.8019 -40.6861 -32.1277 6.200831
39.8174 -40.5169 -33.6425 6.551936
40.8901 -40.7217 -35.068 6.904871
42.5305 -41.61 -35.2384 7.258874
44.3755 -41.8861 -35.4176 7.616253
45.9871 -42.2694 -36.0731 7.975042
47.4878 -43.2765 -36.1873 8.33996
49.3319 -43.6209 -36.2065 8.713807
51.1887 -43.712 -36.2324 9.077542
53.0372 -43.4731 -36.3042 9.440586
54.8899 -43.6769 -36.497 9.799153
56.6959 -43.5991 -36.9065 10.156176
58.2639 -44.1277 -37.6876 10.508012
59.5341 -44.5902 -38.7803 10.858673
60.5988 -45.0677 -39.8571 11.201416
61.8729 -46.2433 -40.1922 11.535161
63.3313 -46.5896 -41.0735 11.863689
64.0217 -46.6763 -42.7931 12.185163
64.5704 -46.7494 -44.583 12.495337
64.8703 -46.6711 -46.4334 12.804577
65.1687 -46.5915 -48.2839 13.090697
65.5964 -46.5388 -50.1097 13.361203
65.7108 -46.4215 -51.9702 13.633139
65.6981 -46.2783 -53.8407 13.882761
65.6854 -46.1351 -55.7113 14.1009
65.6727 -45.9919 -57.5819 14.287292
65.7296 -45.7497 -59.4403 14.451302
65.8135 -45.4694 -61.2934 14.584866
66.0243 -45.0935 -63.1166 14.687423
66.1717 -44.6856 -64.9394 14.75874
66.3305 -44.1781 -66.4646 14.795852
5.6517 -16.7814 -12.2027 -2.434488
5.689 -16.9607 -13.7308 -2.077764
5.7263 -17.14 -15.259 -1.71432
5.7636 -17.3194 -16.7872 -1.345725
5.8009 -17.4987 -18.3154 -0.973048
5.8383 -17.678 -19.8436 -0.597159
5.8756 -17.8574 -21.3717 -0.21874
5.9129 -18.0367 -22.8999 0.161039
5.9502 -18.216 -24.4281 0.541188
5.9875 -18.3954 -25.9563 0.921041
6.0248 -18.5747 -27.4845 1.300277
6.0621 -18.754 -29.0126 1.678671
6.0994 -18.9334 -30.5408 2.05518
6.1367 -19.1127 -32.069 2.429222
6.1741 -19.292 -33.5972 2.800373
6.2114 -19.4714 -35.1254 3.168349
6.2487 -19.6507 -36.6536 3.533084
6.286 -19.83 -38.1817 3.893815
6.3233 -20.0094 -39.7099 4.249941
6.3606 -20.1887 -41.2381 4.600998
6.3979 -20.368 -42.7663 4.946709
6.4352 -20.5474 -44.2945 5.287214
6.4725 -20.7267 -45.8226 5.621748
6.5099 -20.906 -47.3508 5.949635
6.5472 -21.0854 -48.879 6.270322
6.5845 -21.2647 -50.4072 6.583563
6.6218 -21.444 -51.9354 6.889391
6.6591 -21.6234 -53.4635 7.187377
6.6964 -21.8027 -54.9917 7.476751
6.7337 -21.982 -56.5199 7.756862
6.771 -22.1614 -58.0481 8.027272
6.8083 -22.3407 -59.5763 8.287857
6.8457 -22.52 -61.1045 8.538594
6.883 -22.6994 -62.6326 8.779207
6.9394 -22.8766 -64.1572 9.008953
8.1498 -22.8799 -64.1006 9.233254
8.9886 -23.516 -62.989 9.453797
9.9314 -24.3205 -62.1091 9.668275
10.5435 -25.411 -61.3105 9.878396
11.1641 -26.7642 -60.9602 10.0818
11.7371 -28.177 -61.0516 10.278061
12.2468 -29.4991 -61.4619 10.467415
12.6299 -30.7915 -61.1111 10.64871
13.0367 -32.212 -60.6823 10.819089
13.4206 -33.6473 -60.2909 10.978062
13.672 -35.0666 -59.8345 11.123848
13.7802 -36.5811 -60.0484 11.254598
13.7177 -38.0731 -60.4184 11.369652
13.5658 -39.5761 -60.7091 11.468211
13.3014 -41.0704 -60.6511 11.548675
13.3571 -42.0105 -59.4467 11.611912
13.5377 -43.0476 -58.3404 11.654044
13.6333 -44.0606 -57.3331 11.674561
-2.4565 -0.91 0.0523 -5.161968
-2.8293 2.667 0.2464 -5.696989
-3.0866 6.216 0.7208 -6.287417
-2.2413 9.6979 1.5153 -6.946414
-0.7404 12.7593 0.9662 -7.680878
0.227 15.8879 -1.0884 -8.557141
0.5524 20.1154 -1.9386 -9.624668
0.4575 24.418 -2.5408 -10.861009
0.4389 27.3767 -5.5178 -12.29848
-0.013 29.9656 -8.7108 -13.961749
-0.1419 14.3216 0.264 -8.103268
0.8616 14.8245 1.2959 -8.303704
2.5303 15.409 3.4469 -8.822603
5.0961 15.9466 3.8822 -9.511767
7.8356 16.5695 3.9069 -10.400217
10.5566 17.2922 4.0994 -11.505264
13.2701 17.9524 4.5537 -12.868626
15.8121 18.8134 4.7988 -14.524401
17.2134 19.7132 4.344 -15.834159
17.5574 19.3689 4.0634 -15.840155
-0.9274 14.3109 0.2417 -7.893101
-2.5488 14.1754 0.0246 -7.557785
-4.1702 14.04 -0.1925 -7.327689
-5.6969 13.9854 -0.1496 -7.197418
-6.0083 14.0245 0.9686 -7.165159
-4.7591 13.8534 0.1003 -7.240119
-4.5248 13.8442 -1.5168 -7.47127
-4.3735 13.8457 -3.1513 -7.836634
-4.2222 13.8471 -4.7858 -8.334963
-4.0708 13.8486 -6.4202 -8.973104
-3.7648 13.9278 -8.018 -9.78803
-3.1571 14.1597 -9.5252 -10.823225
-2.5409 14.9686 -10.6984 -12.058717
-0.6612 32.5013 -8.9792 -15.133127
-1.3441 34.6869 -8.6538 -15.99138
-2.5162 37.7967 -7.959 -17.130706
-4.0883 40.798 -9.2426 -18.141959
-6.1771 43.4321 -10.5669 -19.036731
-7.4526 45.9637 -12.4793 -19.826559
-8.199 48.9959 -14.3148 -20.502175
-8.488 52.2581 -16.0262 -21.065049
-8.9751 55.6713 -17.3793 -21.54087
-8.9724 59.3456 -17.9864 -21.936404
-8.8355 62.9598 -18.9326 -22.25819
-8.1651 65.7964 -21.101 -22.514296
-8.071 69.4931 -21.2598 -22.706821
-8.0725 72.7987 -19.5494 -22.87008
-8.8931 75.9303 -20.6534 -22.985095
-9.8467 77.8663 -22.8286 -23.049799
-10.916 79.9845 -24.8489 -23.08187
-11.8107 82.572 -26.461 -23.08256
-13.9622 85.1541 -28.0376 -23.040716
-15.428 87.4195 -30.0798 -22.956901
-16.2874 89.1284 -32.8169 -22.863045
-17.1302 91.8068 -33.4334 -22.771513
-16.6579 94.7355 -33.3269 -22.653293
-16.2793 97.4317 -32.2507 -22.509289
-16.0966 100.3779 -31.8618 -22.337732
-15.6048 103.2146 -31.8672 -22.086425
-15.0646 104.6984 -30.0846 -21.745293
-14.4099 106.6313 -31.3901 -21.367443
-13.9013 109.3975 -31.7321 -20.954442
-13.1382 112.1018 -31.8855 -20.510998
-12.0288 114.6912 -32.2205 -20.040527
-9.9615 116.491 -32.7147 -19.548699
-8.3964 118.5551 -33.6954 -19.035578
-7.0441 120.3709 -35.2413 -18.506334
-16.3107 103.1222 -31.2609 -22.072057
-17.0106 105.6108 -30.0258 -21.695023
-17.7104 108.0993 -28.7907 -21.279261
-18.4103 110.5878 -27.5556 -20.82889
-19.1321 113.0846 -26.3544 -20.347658
-20.0839 115.6275 -25.7828 -19.833478
-21.6544 117.8269 -26.4818 -19.284995
-22.4041 120.0541 -28.0006 -18.701917
-23.8204 121.9956 -29.2918 -18.089482
-16.2837 88.4956 -30.6847 -22.653489
-16.9057 88.45 -28.8674 -22.127633
-17.5277 88.4044 -27.0501 -21.563314
-18.1496 88.3588 -25.2328 -20.965045
-18.7716 88.3131 -23.4155 -20.336236
-19.3936 88.2675 -21.5982 -19.68009
-20.0155 88.2219 -19.7808 -18.99889
-20.6375 88.1763 -17.9635 -18.295438
-21.2595 88.1307 -16.1462 -17.572133
-21.8814 88.0851 -14.3289 -16.831349
-22.5034 88.0394 -12.5116 -16.076765
-23.1253 87.9938 -10.6943 -15.310727
-23.7473 87.9482 -8.8769 -14.535791
-24.3693 87.9026 -7.0596 -13.755328
-24.9912 87.857 -5.2423 -12.971886
-25.6132 87.8114 -3.425 -12.189694
-26.2352 87.7657 -1.6077 -11.412931
-26.8571 87.7201 0.2096 -10.6455
-27.4791 87.6745 2.0269 -9.891585
-28.1011 87.6289 3.8443 -9.155312
-28.723 87.5833 5.6616 -8.442359
-10.6474 82.0467 -25.97 -23.075081
-9.8973 83.5702 -26.7997 -23.017898
-8.9166 84.4636 -28.1497 -22.920447
-7.9416 85.635 -29.2349 -22.782615
-6.7633 86.7616 -30.2244 -22.606969
-5.9934 87.8877 -31.5 -22.39441
-4.805 89.0805 -31.9871 -22.146495
-4.0074 90.0975 -33.2964 -21.863029
-3.642 91.5318 -34.1524 -21.546884
-3.5504 92.2381 -35.0395 -21.200661
-2.6112 93.3175 -34.37 -20.822743
-1.4138 94.7914 -34.5426 -20.41643
-0.1697 96.0984 -35.117 -19.981495
0.8889 97.112 -35.3375 -19.518786
1.8787 97.6218 -33.8386 -19.029762
3.297 98.6527 -34.2066 -18.517145
4.478 100.1526 -34.2331 -17.980977
5.7259 101.6013 -34.2783 -17.421092
6.9236 103.076 -34.3329 -16.840531
8.2378 104.4594 -34.2789 -16.237903
9.708 105.6324 -34.1824 -15.617711
11.0242 106.9149 -34.1788 -14.978297
12.03 108.5293 -34.2938 -14.322658
12.8387 110.237 -34.4028 -13.652962
13.6986 111.9172 -34.2947 -12.971846
14.9808 113.3035 -34.0183 -12.281948
16.3534 114.5382 -33.5266 -11.583934
-8.0122 74.6652 -19.0128 -22.993756
-7.3733 74.7434 -17.1393 -23.055133
-6.2129 74.8717 -15.5661 -23.069467
-4.6588 75.1485 -14.4836 -23.039342
-2.9313 75.2005 -13.5318 -22.968091
-1.1908 75.5548 -14.025 -22.856823
0.2492 75.4182 -15.2751 -22.709391
1.6994 75.2949 -16.4498 -22.526838
3.456 75.8724 -16.5978 -22.308422
4.909 77.061 -16.0201 -22.056416
6.3489 78.0205 -15.2054 -21.774398
7.6777 78.1558 -16.557 -21.462336
9.1932 78.8939 -17.1669 -21.120447
10.3243 80.3116 -17.9293 -20.749269
11.8031 81.2429 -18.8099 -20.35281
13.3202 82.0201 -19.7154 -19.930271
14.672 82.8734 -20.8357 -19.483092
15.8195 84.0369 -21.4716 -19.012881
17.3968 85.0052 -21.5241 -18.520861
19.1523 85.9091 -21.6233 -18.007457
20.835 86.8367 -21.5731 -17.474146
22.3782 87.6805 -22.4819 -16.920183
23.6336 88.6822 -23.6145 -16.349197
25.3121 89.236 -24.4178 -15.764984
26.9271 90.1776 -25.069 -15.154208
28.5711 91.1435 -25.6063 -14.523922
30.1849 92.1759 -26.0934 -13.901262
31.906 93.0582 -26.3886 -13.277193
33.349 94.3802 -26.2354 -12.649251
34.682 95.7638 -25.7885 -12.020523
36.0698 96.9946 -25.1164 -11.394791
-9.1332 71.1226 -19.9391 -22.643555
-11.2049 71.3971 -19.3463 -22.31688
-12.2503 72.1505 -17.4371 -21.9223
-13.2771 72.9723 -16.3017 -21.464147
-15.0629 74.4381 -16.0237 -20.94466
-17.1889 75.3374 -15.9102 -20.367538
-18.7708 76.7954 -16.5998 -19.734089
-20.2396 77.7578 -18.0502 -19.049114
-21.4318 79.2493 -19.3169 -18.317033
-22.4493 80.8848 -20.0685 -17.7456
-23.644 82.5321 -19.9209 -17.353909
-25.2693 83.8199 -19.7197 -16.940235
-26.4282 85.5474 -19.5741 -16.501263
-27.4271 87.2915 -19.7394 -16.037757
-28.2555 88.0894 -18.5764 -15.54837
-28.4362 88.7812 -16.6121 -15.033692
-28.7184 89.4709 -14.6555 -14.501295
-28.5952 90.5234 -12.9306 -13.948937
-28.0087 92.2281 -11.8717 -13.375282
-28.1824 93.3344 -10.523 -12.781755
-28.881 94.9101 -9.3484 -12.16932
-29.1637 96.6406 -8.2343 -11.541771
-29.7507 98.589 -7.8416 -10.900113
-31.2546 100.014 -7.7767 -10.247665
-32.9856 101.1833 -7.8435 -9.589579
-34.438 102.6859 -7.93 -8.925222
-35.8645 104.1959 -8.077 -8.26086
-37.7492 105.0636 -8.2888 -7.603782
-39.7252 105.5106 -8.4883 -6.957038
-41.4274 106.5542 -8.4275 -6.325513
-22.5697 79.9845 -21.0657 -17.706692
-23.5049 79.5868 -23.0086 -17.274746
-24.7357 79.2357 -23.1851 -16.862399
-26.0186 79.7983 -22.2548 -16.425044
-27.6912 80.6895 -21.9109 -15.964054
-29.3246 81.7314 -21.4655 -15.480681
-31.1306 82.4861 -21.4143 -14.976257
-32.9071 83.2024 -21.5235 -14.448269
-34.8537 83.2248 -21.3716 -13.90107
-36.6622 83.819 -20.8419 -13.331856
-38.0322 83.5029 -19.5874 -12.74389
-39.4902 83.5562 -18.2934 -12.137888
-40.9141 84.0358 -17.0459 -11.514599
-42.4783 85.0996 -16.5078 -10.877579
-44.0118 86.2891 -16.2793 -10.228058
-45.0805 86.8165 -17.3328 -9.557625
-45.3985 87.0849 -19.2874 -8.88683
-46.0085 87.5938 -21.1008 -8.212185
-46.5256 87.8633 -23.0125 -7.540898
-47.0124 88.1443 -24.9307 -6.877824
-48.0466 88.8001 -25.8124 -6.236815
-49.3531 89.8139 -24.8517 -5.616855
-23.4169 79.5945 -22.041 -17.47281
-7.4755 47.1812 -14.128 -20.621104
-6.6397 46.9581 -15.442 -21.404184
-6.0885 47.0624 -16.854 -22.095962
-5.6785 47.4504 -18.3124 -22.722357
-5.0375 48.1975 -19.4234 -23.28463
-4.9376 48.8586 -20.8471 -23.79536
-4.8994 49.5688 -22.2208 -24.257706
-4.8067 50.8524 -23.1201 -24.67239
-4.348 52.1399 -23.896 -25.065304
-3.8636 53.4258 -24.6617 -25.406494
-3.2759 54.7308 -25.2965 -25.702999
-2.6137 56.0992 -25.6637 -25.964472
-1.9972 57.5231 -25.7699 -26.196116
-0.7472 58.4335 -25.8246 -26.399754
0.1834 59.5702 -25.9895 -26.57362
1.0556 60.8294 -26.3063 -26.716656
1.4265 62.1744 -26.9168 -26.827709
1.2466 63.3678 -27.9187 -26.905572
0.8615 64.5278 -28.8693 -26.946182
-1.2039 34.2315 -8.7378 -15.993228
-2.1645 36.692 -8.3921 -17.077886
-3.11 39.1845 -8.3928 -17.997725
-3.9026 40.3411 -6.7187 -18.774025
-4.4638 40.8393 -4.1593 -19.422371
-5.2514 41.2336 -1.6507 -19.951995
-6.4986 41.3875 0.6577 -20.375384
-6.9016 41.3668 3.1344 -20.707597
-8.3244 41.1475 5.0228 -20.953638
-9.0777 42.2825 6.6587 -21.046021
-10.4818 44.1286 6.7312 -21.003945
-12.0542 45.877 6.472 -20.907784
-13.7926 47.4551 6.7415 -20.759272
-14.3287 48.7274 8.6097 -20.559916
-14.2892 50.0448 10.5825 -20.311204
-14.3831 52.2013 11.5125 -20.011713
-15.4653 54.1641 11.5993 -19.665658
-15.9872 56.1264 10.7348 -19.273665
-15.9935 58.493 10.4465 -18.835577
-16.6674 59.2873 8.5547 -18.354152
-17.4698 59.7595 6.3608 -17.831419
-17.8092 61.9411 6.2291 -17.265485
-19.8136 62.8997 6.5069 -16.661223
-21.3274 63.1601 7.9551 -16.018334
-22.8218 64.0013 9.1439 -15.476158
-24.7396 64.6596 9.7419 -15.043727
-25.9313 65.6939 8.2209 -14.585766
-27.3521 67.091 7.1443 -14.102372
-27.8515 68.7801 5.7356 -13.593403
-28.9706 70.1238 4.2552 -13.061731
-29.8302 71.1977 2.3661 -12.505963
-30.5772 72.9481 2.3143 -11.924997
-31.2511 73.9836 4.3225 -11.324254
-31.8836 74.7971 6.3519 -10.703953
-33.4979 76.3178 6.0157 -10.068887
-35.3494 77.7054 5.6794 -9.420278
-36.2359 77.7987 3.4859 -8.759691
-36.823 78.2142 1.2302 -8.091566
-37.2962 78.8752 -1.0041 -7.421366
-38.0777 79.5243 -3.1351 -6.759776
-38.5828 79.8578 -5.4262 -6.107328
-40.1286 80.7679 -6.86 -5.479577
-41.8887 81.3717 -5.9333 -4.882914
-43.201 81.2826 -4.0378 -4.328855
-44.3102 81.7185 -2.0187 -3.831512
-23.2557 64.0561 8.131 -15.493404
-24.9649 64.9635 8.1844 -15.095838
-26.0616 65.9005 8.9001 -14.665798
-26.305 66.1448 10.8713 -14.210609
-26.4364 66.2766 12.8582 -13.739816
-26.7662 66.3845 14.8041 -13.246215
-28.2543 66.3369 15.7942 -12.731965
-29.7596 66.2207 16.7645 -12.193117
-29.8152 66.2528 18.7633 -11.631994
-30.2709 66.9957 19.6957 -11.048845
-31.7156 67.9135 20.4594 -10.442134
-32.1409 69.5247 21.5115 -9.816116
-33.0427 71.1208 22.2483 -9.174446
-33.7682 72.7602 23.0868 -8.518058
-34.714 74.4169 23.6586 -7.851146
-35.5114 76.0162 24.4887 -7.175108
-35.8784 77.7991 25.2812 -6.491555
-36.6919 79.4931 25.9091 -5.807129
-37.5921 81.2366 26.1638 -5.127817
-37.9648 82.9348 26.6532 -4.453197
-38.1232 84.1537 28.0096 -3.798252
-37.4894 85.6297 29.04 -3.166104
-37.0034 87.4849 29.1485 -2.56451
-36.7841 89.4485 29.2879 -1.985197
-36.3959 91.4052 29.448 -1.459664
-9.6387 41.5186 6.3846 -21.18565
-11.2133 41.8239 6.3128 -21.427385
-12.0979 42.4791 4.8865 -21.627371
-13.2557 43.35 3.9751 -21.784749
-14.2423 43.577 2.4577 -21.905219
-15.3556 43.71 1.0276 -21.989674
-15.9894 44.5732 -0.4476 -22.039052
-16.6871 45.12 -2.0478 -22.056827
-17.7188 45.8368 -3.2857 -22.04357
-18.5783 46.8498 -4.5254 -22.001574
-19.9074 47.2662 -5.6939 -21.934605
-21.5852 47.5437 -6.3542 -21.843896
-22.9761 48.6597 -6.3259 -21.728838
-24.3563 49.8697 -6.2079 -21.591378
-25.8552 50.8966 -6.0169 -21.434476
-27.0962 51.9486 -5.4199 -21.258714
-27.9482 52.3876 -3.9646 -21.067729
-29.654 52.5789 -3.9322 -20.863237
-30.6445 52.9077 -5.3714 -20.644241
-32.0441 53.5066 -6.2656 -20.413278
-33.4656 54.634 -6.5349 -20.172554
-34.9544 55.5474 -7.0531 -19.926021
-36.2819 56.6634 -7.6004 -19.6728
-37.6486 57.8611 -7.7756 -19.414568
-38.5034 59.4777 -7.6459 -19.154177
-39.3718 61.0534 -7.2838 -18.896695
-40.2991 62.551 -6.7638 -18.642248
-41.2384 64.045 -6.261 -18.392594
-41.8614 65.6914 -5.7694 -18.151599
-42.4591 67.2851 -5.1652 -17.921299
-43.3383 68.5969 -4.4191 -17.70472
-44.4522 70.0317 -4.1392 -17.503905
-45.5063 71.5345 -4.0501 -17.319382
-46.5569 73.035 -4.1531 -17.153558
-47.8716 74.2263 -4.5515 -17.00941
-48.8625 75.1738 -5.5759 -16.88874
-49.2408 75.7623 -7.2733 -16.791464
-49.4584 77.0985 -8.4631 -16.717267
-49.9501 78.752 -8.946 -16.665714
-51.026 79.8745 -9.2484 -16.636205
-51.28 79.9424 -10.8927 -16.625339
17.7044 20.951 4.9703 -16.561101
18.2015 22.2043 5.6044 -17.229768
18.6985 23.4577 6.2386 -17.836682
19.0912 25.152 6.8819 -18.524806
19.429 27.2733 6.757 -19.245792
20.0937 28.9393 5.4586 -19.876828
20.5192 30.5261 4.0181 -20.425624
21.7848 31.8769 2.8501 -20.900406
22.0977 33.1829 1.0434 -21.307015
23.2662 34.71 0.0406 -21.648114
23.7528 35.2305 -1.9989 -21.933376
24.4415 36.3316 -0.4475 -22.162369
25.2156 37.3871 1.3732 -22.340253
25.5431 38.1412 3.4507 -22.471921
26.3109 39.4951 5.0553 -22.557192
27.3125 40.7429 3.9319 -22.6008
27.6125 41.5008 5.9749 -22.605661
27.8649 42.4672 7.8245 -22.572767
28.5761 44.0126 9.106 -22.503225
29.3017 45.8785 9.8466 -22.399304
29.8444 47.4239 10.9837 -22.262487
29.8427 48.4745 12.9418 -22.095573
30.4043 50.5089 13.6559 -21.896203
32.2661 51.6774 14.0416 -21.669385
33.7432 53.3643 13.9508 -21.411703
35.3704 54.8773 13.6311 -21.125118
36.404 56.7929 13.1328 -20.809401
37.9566 57.9008 12.228 -20.468528
39.1636 59.6692 11.6914 -20.097608
40.7811 61.2139 11.412 -19.698254
42.5407 62.5144 11.7504 -19.27263
43.9242 63.8221 12.81 -18.817592
45.3908 65.165 13.6376 -18.333821
45.9271 67.2097 14.1714 -17.822203
46.6355 69.1359 14.3788 -17.282673
48.3635 70.1089 14.8857 -16.715659
49.6569 71.9103 15.1633 -16.106416
50.9513 73.7475 15.4455 -15.468934
52.8054 74.9337 15.6383 -14.818029
54.7263 75.5702 15.6827 -14.141898
56.0864 76.9982 15.657 -13.438131
57.1449 78.0802 14.4904 -12.70706
58.894 79.349 14.0314 -11.954335
60.9129 80.2627 14.3307 -11.181478
62.6887 81.5896 14.007 -10.386295
64.1912 82.1373 14.8133 -9.571891
65.3934 82.3955 16.5144 -8.747124
66.9021 83.2776 17.6975 -7.914386
67.4164 84.9808 18.6495 -7.077911
68.0681 86.9646 19.2519 -6.248783
18.9087 24.0362 7.1126 -18.155857
19.1476 18.9083 3.9431 -16.716002
20.9905 18.3979 3.8423 -17.602396
22.9152 18.2333 3.6481 -18.393557
24.7758 17.8958 3.3306 -19.09659
26.5871 18.0132 3.1308 -19.718644
28.3023 18.6484 3.6845 -20.266434
29.9424 18.8206 4.6508 -20.746938
31.2866 18.6601 5.9911 -21.167403
32.7096 18.1098 7.1234 -21.530665
34.1103 16.8391 7.543 -21.841522
35.4164 15.4177 7.7072 -22.102805
36.5618 14.0174 7.4707 -22.317205
38.0589 13.6462 6.35 -22.485974
39.8047 13.3092 5.8907 -22.614286
41.5119 12.7068 5.2455 -22.705286
42.8693 12.0614 4.0202 -22.76043
44.4573 11.3345 3.2295 -22.781166
45.9294 10.8303 2.4767 -22.76981
47.1014 10.1377 3.6205 -22.729354
48.3849 9.3089 4.6779 -22.661183
49.394 9.6773 6.2389 -22.56327
50.6478 10.0528 7.6185 -22.439778
51.9327 9.8336 9.0023 -22.293978
53.4883 10.1208 10.104 -22.124147
55.2334 9.8227 9.9071 -21.933556
57.0597 9.924 9.3135 -21.707539
58.8743 9.6526 8.6558 -21.455169
60.689 9.3812 7.9981 -21.191876
62.4959 9.1815 7.3186 -20.918721
64.0964 9.6659 6.3822 -20.629223
65.6128 10.0298 5.5676 -20.322076
66.3879 8.7348 6.61 -20.00182
67.0408 7.9267 8.2378 -19.665983
67.6184 7.3624 10.0083 -19.313783
68.2214 6.7991 11.7671 -18.948121
68.8557 6.3245 13.5452 -18.573332
69.5936 6.0215 15.3177 -18.186745
70.6128 5.6939 16.9232 -17.794222
71.846 5.1297 18.3139 -17.397493
73.446 5.6128 19.1551 -16.991722
75.1394 5.1362 19.9892 -16.579079
76.7792 5.1163 20.887 -16.171424
78.3203 5.541 21.9782 -15.762714
79.5543 6.0354 23.1887 -15.35798
80.477 6.477 24.7608 -14.962257
82.1371 6.4027 25.3832 -14.576927
83.992 6.8997 25.7174 -14.202737
85.8702 6.8251 26.0726 -13.846616
87.7509 6.7088 26.4848 -13.51129
89.6348 6.7028 26.6547 -13.199719
91.0074 6.4378 25.4152 -12.91576
92.1971 6.0461 24.0228 -12.659031
93.1627 5.5053 22.7795 -12.428074
93.4181 5.3578 20.8527 -12.231055
93.6827 5.205 18.9277 -12.071257
93.9559 5.0473 17.0042 -11.949012
94.7999 4.5071 17.8661 -11.865142
-1.9865 16.2264 -10.9822 -13.346452
-1.6114 17.3396 -11.0385 -14.210594
-1.1973 18.2526 -10.4886 -14.865105
-0.4899 18.8695 -10.968 -15.312003
0.4947 18.656 -11.4238 -15.540641
-5.9486 122.6202 -36.4545 -17.963959
-4.8563 124.4889 -38.1946 -17.415943
-3.4433 126.1431 -39.8024 -16.870094
-2.2407 128.597 -40.3971 -16.331014
-1.5188 131.295 -40.1613 -15.808519
-1.6696 134.0734 -40.2753 -15.313961
-2.517 136.7345 -40.7076 -14.859981
-3.2762 139.4376 -41.1589 -14.459529
-4.1563 142.1305 -41.3938 -14.129561
-4.9956 144.8475 -41.5126 -13.887968
-4.2109 147.46 -41.641 -13.755085
-3.9407 150.1251 -41.6099 -13.752351
-3.8535 152.9656 -41.6389 -13.90263
-3.8797 155.8081 -41.7765 -14.229486
-3.362 158.4701 -41.8809 -14.755988
-3.9026 161.1882 -41.8597 -15.502166
-4.6546 163.8938 -41.7416 -16.484681
-4.458 166.7321 -41.7051 -17.710209
-4.7248 169.4267 -41.9823 -19.175246
-5.9516 171.9513 -42.4086 -20.863897
-6.8697 174.6164 -42.5236 -22.744853
-7.1469 177.3942 -42.5991 -24.782026
-8.5483 179.5426 -43.6297 -26.935575
-9.0965 181.9163 -44.9846 -29.167713
-9.3572 184.5276 -45.8738 -31.435481
-10.3037 185.8819 -45.5629 -33.159942
-12.6165 185.7411 -44.527 -34.30425
-14.6492 185.7303 -43.1953 -35.413003
-16.2496 187.2653 -42.1906 -36.492252
-17.9145 189.1431 -41.8854 -37.546141
-19.4479 191.0685 -41.5909 -38.574188
-21.0169 192.9475 -41.0017 -39.577032
-22.4125 194.4386 -40.3024 -40.555408
-23.7068 195.9472 -39.0039 -41.509273
-25.0392 197.7028 -39.8911 -42.437868
-25.8175 200.0563 -40.2799 -43.340953
-26.6369 201.4551 -41.5533 -44.225852
-27.5289 202.2594 -40.2727 -45.090818
-29.472 203.3638 -40.3713 -45.932744
-31.4096 204.4733 -39.3932 -46.75582
-31.9894 205.4816 -37.1556 -47.564839
-32.896 206.6385 -35.2063 -48.354579
-33.7738 206.9925 -32.8727 -49.132554
-35.326 208.2821 -31.3862 -49.890702
-36.5537 210.18 -30.3332 -50.633585
-37.6503 212.1937 -29.5135 -51.362884
-38.7499 214.0475 -28.2022 -52.081114
-38.8366 216.2339 -27.1303 -52.787214
-39.8429 217.9451 -25.6872 -53.483801
-40.3547 220.3663 -25.6679 -54.168285
-9.0607 186.6005 -47.0068 -33.153932
-8.6412 188.5188 -48.1723 -34.298388
-7.9227 189.8909 -49.7878 -35.429661
-7.3389 191.2666 -51.5099 -36.541708
-6.8689 192.8579 -53.067 -37.630036
-6.5717 194.5306 -54.6272 -38.695722
-6.699 195.7688 -56.5782 -39.741009
-6.6007 197.3796 -57.9455 -40.760301
-5.361 198.4457 -59.4593 -41.759252
-4.0706 199.0919 -61.2062 -42.738172
-2.56 200.3359 -61.9713 -43.69183
-1.1767 202.1203 -62.473 -44.624781
0.1257 203.765 -63.1817 -45.538864
0.5779 205.9809 -62.9411 -46.435375
1.7705 207.8999 -62.7909 -47.317025
1.7806 210.0234 -63.3852 -48.18428
1.251 212.0868 -62.5412 -49.039485
0.3882 214.2228 -62.3899 -49.881464
-0.4598 216.2968 -62.9067 -50.712528
-1.2479 218.4121 -63.4146 -51.534033
-2.0973 220.5416 -63.7457 -52.346349
-3.4118 222.4275 -63.923 -53.150673
-5.2388 223.8332 -64.0726 -53.948419
-7.0057 225.2983 -64.337 -54.739169
-8.1122 227.0393 -64.9339 -55.524433
-8.3675 229.0243 -65.402 -56.10335
-8.7031 230.7886 -65.6689 -56.477927
-9.2813 232.5101 -65.8231 -56.846319
-9.2237 228.2929 -64.8468 -56.118126
-10.9382 228.5001 -64.259 -56.515152
-12.6565 228.7042 -63.682 -56.896986
-25.5183 124.0162 -29.3962 -17.495423
-26.4756 125.8583 -28.1987 -16.92922
-27.6755 127.8327 -27.6028 -16.347777
-27.9279 128.8492 -29.077 -15.754228
-28.5728 129.8586 -27.39 -15.147701
-29.4951 131.5172 -26.0388 -14.536958
-30.3172 133.5583 -25.0126 -13.922653
-30.9903 134.755 -23.0132 -13.312904
-31.8576 136.0757 -21.167 -12.710977
-32.9249 137.8539 -19.8699 -12.122642
-34.7749 138.8966 -19.3111 -11.557886
-36.3176 139.9122 -18.0849 -11.023949
-37.4604 141.3871 -16.8864 -10.52807
-38.6623 143.1941 -16.0632 -10.079953
-40.1691 144.5551 -14.9429 -9.692106
-41.2877 146.3296 -14.9203 -9.374795
-42.5778 148.1549 -14.027 -9.141905
-43.9866 149.9737 -13.1872 -9.007237
-45.0144 151.7833 -12.0503 -8.983263
-45.5532 153.8159 -10.8393 -9.083178
-46.3861 156.0367 -10.2537 -9.318959
-46.9837 158.3901 -9.9517 -9.701179
-47.8117 160.6751 -9.7756 -10.239273
-49.0447 162.6915 -9.706 -10.937921
-50.015 164.9082 -9.8518 -11.79731
-51.5234 166.8379 -9.9384 -12.815127
-52.9161 168.8061 -9.9279 -13.981659
-54.0733 170.9215 -9.7859 -15.284027
-55.7453 172.652 -9.5467 -16.704458
-57.6094 174.1497 -9.6472 -18.22137
-59.246 175.273 -8.9172 -19.81224
-60.6519 176.3429 -7.7572 -21.450547
-61.8971 178.3631 -7.4187 -23.110494
-62.7492 180.6081 -7.5045 -24.774797
-63.9736 182.7158 -7.7021 -26.42262
-65.2308 184.8141 -7.6187 -28.039657
-66.7492 186.7003 -7.6491 -29.615452
-68.417 188.4651 -7.7574 -31.143802
-69.4591 190.6092 -7.7695 -32.615665
-69.6776 192.1396 -9.5531 -34.037887
-70.6232 193.0213 -8.854 -35.420281
-70.9662 193.1386 -6.4297 -36.745233
-71.4596 193.5338 -4.0639 -38.011714
-72.1758 195.2071 -3.9513 -39.210119
-73.6159 196.7389 -5.1111 -40.356157
-74.8609 198.522 -6.148 -41.452189
-75.7426 199.5734 -7.6936 -42.504781
-75.3694 199.5725 -10.1146 -43.532187
-74.4019 199.6256 -11.6143 -44.503438
-73.8016 200.0979 -9.3728 -45.436824
-74.5843 201.3776 -7.8285 -46.327467
-75.66 202.8847 -6.3385 -47.181292
-76.7569 204.7933 -5.2692 -47.999156
-77.7876 206.5222 -4.0466 -48.785794
-78.7815 208.5213 -3.0989 -49.539053
-29.3228 87.5393 7.4141 -7.782222
-29.9005 87.4969 9.1019 -7.175858
-30.4781 87.4545 10.7898 -6.604666
-31.0558 87.4122 12.4776 -6.07403
-32.2782 87.1841 13.3671 -5.586936
-33.8866 86.6278 13.8875 -5.140974
-35.2533 87.1539 14.4242 -4.741928
-35.8481 87.8038 15.3321 -4.401267
-36.8463 86.9864 16.4788 -4.131967
-38.3951 86.3544 16.7879 -3.941684
-40.0436 86.842 16.4412 -3.83826
-41.676 86.6973 15.7688 -3.836289
-43.0795 86.67 14.6822 -3.944699
-44.7397 86.6061 14.8133 -4.173116
-46.2784 86.3685 14.6265 -4.530986
-47.931 85.969 14.7511 -5.024565
-49.3382 85.0184 15.2541 -5.659413
-51.0157 84.5548 15.4912 -6.434836
-52.76 84.3802 15.7377 -7.346424
-54.4766 84.1118 16.1326 -8.391079
-56.1575 83.722 16.5614 -9.561748
-57.6854 83.1665 17.2616 -10.844987
-59.449 83.0129 17.2864 -12.219304
-61.2047 83.1213 17.0316 -13.667125
-62.4985 83.4162 16.057 -15.173537
-64.2493 83.561 15.9695 -16.716428
-65.9938 83.4285 15.6473 -18.277182
-67.7202 83.5173 15.2308 -19.83354
-69.055 83.036 14.2322 -21.371776
-69.8653 82.2066 12.9383 -22.876501
-71.0115 81.258 11.9738 -24.331235
-72.4278 80.4398 11.5445 -25.729686
-73.698 79.222 11.6667 -27.059801
-74.8344 77.8746 11.8888 -28.312898
-76.1909 76.8138 12.1994 -29.493255
-77.7152 76.0674 12.6693 -30.591606
-79.2241 75.3783 13.2714 -31.605034
-80.5771 74.3384 13.7242 -32.533986
-81.948 73.2954 14.1285 -33.376316
-83.3128 72.1963 14.4348 -34.129619
-84.2563 70.7511 14.49 -34.796521
-85.9688 70.3467 14.3507 -35.371215
-87.6869 70.083 14.43 -35.853651
-89.1236 69.3762 14.9056 -36.24563
-90.0942 69.1674 16.3612 -36.54312
-91.4773 68.4273 17.0893 -36.744988
-93.1744 68.4543 17.5737 -36.846422
17.4714 115.5383 -32.7054 -10.9407
18.7181 116.515 -32.6736 -10.353407
19.4474 117.9165 -32.6863 -9.766497
20.2746 119.2604 -32.6312 -9.180568
21.0837 120.5882 -32.4636 -8.599589
21.7758 121.9988 -32.2416 -8.025309
22.3094 123.4582 -32.1155 -7.458713
23.1409 124.8071 -32.0128 -6.903269
23.9385 126.1782 -31.9172 -6.359113
25.0849 127.2066 -31.902 -5.833029
25.7601 127.3047 -33.2559 -5.321991
26.628 127.211 -34.5602 -4.830087
27.4583 127.1967 -35.7592 -4.36391
28.395 127.5305 -34.6253 -3.923466
29.5644 128.205 -33.8463 -3.512766
30.5696 128.6374 -32.8152 -3.131717
32.0051 129.043 -32.2921 -2.784833
33.4128 129.4399 -31.6761 -2.473389
34.7649 130.0848 -31.1622 -2.198402
36.07 130.7044 -30.5266 -1.961506
37.2954 130.2845 -29.7509 -1.766033
38.6668 129.8544 -29.4393 -1.610677
40.0959 129.824 -28.9371 -1.495186
41.6596 129.7812 -29.1527 -1.419473
43.163 129.7557 -29.5887 -1.382895
37.3605 97.6671 -24.1386 -10.836225
38.5247 98.3419 -23.3011 -10.343239
39.4075 98.7958 -22.0704 -9.856095
39.7833 99.3954 -20.6642 -9.377078
39.86 99.407 -19.0804 -8.905721
40.1939 99.8932 -18.7303 -8.453452
40.4963 100.318 -20.2174 -8.013824
41.4643 101.4944 -20.1061 -7.593743
42.3976 102.7119 -19.7798 -7.194448
43.1049 104.0833 -19.5568 -6.8167
44.0865 105.3182 -19.6544 -6.465325
44.7899 106.7249 -19.7113 -6.140149
45.9094 107.8469 -19.694 -5.844765
47.0015 108.9935 -19.6267 -5.578903
47.4874 110.1272 -19.5101 -5.336952
47.4694 110.2183 -21.0953 -5.10875
47.4514 110.3094 -22.6805 -4.921555
47.4334 110.4005 -24.2657 -4.774881
47.4153 110.4915 -25.8509 -4.668043
47.3973 110.5826 -27.4361 -4.599552
47.3793 110.6737 -29.0213 -4.567124
-43.1464 107.2097 -8.6051 -5.767097
-44.2349 108.3552 -9.2701 -5.277664
-45.5183 109.1815 -10.1573 -4.819637
-46.5455 110.332 -10.9218 -4.398997
-47.6198 111.4497 -11.7523 -4.024489
-48.7733 112.6103 -11.9929 -3.70379
-49.0763 114.3515 -11.8794 -3.444651
-49.3422 116.0762 -11.586 -3.25831
-49.7822 117.0822 -10.2937 -3.155311
-50.4256 118.2912 -9.1739 -3.144017
-50.9978 119.2379 -7.7863 -3.235895
-51.2625 120.0244 -6.2601 -3.440344
-51.6654 121.1492 -4.9912 -3.763048
-51.9476 122.7357 -4.2703 -4.212164
-52.5998 124.2212 -3.6393 -4.793831
-53.274 125.7541 -3.0637 -5.509373
-53.9887 127.1954 -2.3704 -6.360349
-53.963 128.1021 -0.9245 -7.354404
-54.6255 128.6873 -0.6995 -8.478978
-55.0557 128.8462 -2.4173 -9.724646
-55.7093 129.6088 -3.8029 -11.058269
-56.3904 130.5701 -3.4395 -12.47929
-57.2397 131.7558 -2.5815 -13.970959
-57.7383 132.4193 -1.0375 -15.529367
-58.1997 132.8604 0.5026 -17.113311
-59.135 134.2149 0.2827 -18.702084
-59.5411 135.9385 0.3726 -20.282059
-60.3211 137.5272 0.4547 -21.840893
-61.5615 138.7924 0.4272 -23.36457
-62.8427 140.0202 0.4049 -24.845811
-63.9756 141.337 0.4784 -26.271689
-65.5415 142.0698 0.6041 -27.638386
-66.8201 143.3029 0.6105 -28.938108
-67.9523 144.6731 0.6097 -30.200677
-69.0106 146.0943 0.6091 -31.364804
-69.7753 147.6531 0.6561 -32.446768
-69.9859 148.4831 2.1055 -33.464202
-70.4429 149.3779 3.3991 -34.401457
-71.6135 150.4383 2.691 -35.260656
-72.4835 151.5429 1.7355 -36.043632
-72.9227 152.8592 2.7049 -36.752332
-72.5877 154.4469 3.3601 -37.383605
-73.0119 156.1489 3.5593 -37.939192
-73.1545 157.8864 3.5882 -38.417485
-74.1953 159.319 3.6169 -38.819009
-74.932 160.9303 3.7174 -39.142404
-75.2192 162.6661 3.8423 -39.385871
-75.4158 163.3004 5.1393 -39.55455
-75.4017 163.5667 6.8972 -39.640505
-50.1374 90.531 -23.3634 -5.060714
-51.2673 90.8857 -22.5511 -4.572612
-52.7159 91.6607 -23.1098 -4.120712
-54.0702 92.6015 -23.357 -3.711981
-55.4386 93.0469 -22.4458 -3.356462
-56.998 93.6059 -21.9041 -3.061499
-58.5673 94.2413 -21.5078 -2.837383
-59.4515 94.8578 -20.2839 -2.692425
-60.3751 95.9904 -19.3491 -2.637651
-61.639 96.317 -18.2753 -2.685172
-62.5765 96.8459 -17.7339 -2.842032
-63.9654 97.6322 -17.7098 -3.117311
-65.6166 98.1559 -17.9424 -3.519357
-67.3141 98.5251 -18.0363 -4.054154
-68.9906 98.999 -17.9141 -4.721663
-70.4527 99.8368 -17.5623 -5.524762
-71.8636 100.5751 -16.8437 -6.459874
-73.2945 101.1084 -16.0241 -7.520252
-74.8032 101.5319 -15.3155 -8.69721
-76.2937 102.0431 -14.7677 -9.976901
-76.9439 103.3194 -13.9021 -11.342755
-77.7853 104.5384 -13.0235 -12.777621
-79.1174 105.4827 -13.5256 -14.259033
-80.5678 106.3785 -13.889 -15.771335
-81.9123 107.4474 -14.0602 -17.287685
-82.892 108.884 -14.1362 -18.797875
-83.7902 110.3676 -14.0768 -20.284911
-84.9748 111.6284 -13.8567 -21.728531
-86.2002 112.6963 -13.3076 -23.126301
-87.0479 113.9279 -12.479 -24.461155
-87.7411 115.4304 -11.9657 -25.721053
-88.823 116.6812 -11.5653 -26.903566
-89.4834 118.0465 -10.8065 -28.003946
-90.0558 119.4566 -9.9504 -29.017664
-90.8226 120.9302 -9.4429 -29.938197
-91.9586 122.2396 -9.3374 -30.764059
-92.8888 123.6775 -9.6286 -31.494183
-93.6083 125.2344 -9.9613 -32.126506
-94.4583 126.6908 -10.3334 -32.658431
-95.6371 127.179 -11.2403 -33.09305
-96.5223 128.3643 -11.7434 -33.420465
-97.3565 129.8343 -11.9607 -33.640112
-98.0187 131.4271 -12.0082 -33.749812
-44.8397 82.3848 -0.1022 -3.454525
-45.6858 82.6745 1.4762 -3.177953
-47.0854 83.466 2.0376 -2.961793
-47.9154 84.1261 0.6038 -2.81441
-48.4536 84.4912 -1.1078 -2.746685
-49.4629 84.7481 -2.3216 -2.767158
-50.8487 85.4683 -2.9272 -2.884495
-51.3634 86.2483 -4.138 -3.110683
-51.1604 85.8865 -5.9031 -3.454828
-51.4147 86.3329 -4.63 -3.922864
-51.3753 86.9211 -3.2026 -4.516222
-51.6511 88.546 -2.6095 -5.23891
-52.0008 89.4665 -3.9264 -6.104736
-52.6137 90.8015 -4.1725 -7.099109
-53.4473 92.4123 -3.9386 -8.222881
-53.8653 94.1635 -3.6555 -9.467996
-53.9519 95.9277 -3.215 -10.824692
-54.3051 97.4953 -2.5507 -12.280103
-54.5625 98.6898 -1.1952 -13.813162
-54.547 99.8234 0.1762 -15.413244
-54.2907 100.3598 1.9096 -17.063786
-54.7709 101.2087 3.4194 -18.727772
-54.4328 101.9413 3.8933 -20.395091
-53.0212 101.1678 3.092 -22.058077
-52.5222 101.109 4.5528 -23.70977
-54.1846 101.7537 4.4499 -25.318887
-55.6576 102.8136 4.5394 -26.885167
-56.499 104.3974 4.7059 -28.404055
-56.8786 106.1716 4.8788 -29.872036
-56.4546 107.8733 4.5587 -31.284876
-55.6814 109.1098 4.4339 -32.655192
-55.7928 109.3656 6.2457 -33.9945
-56.2213 109.7146 7.7986 -35.248589
-55.5336 111.171 7.9788 -36.444132
-57.2605 111.7016 8.1166 -37.586007
-58.1121 113.2561 8.4551 -38.675034
-58.5985 114.919 9.0311 -39.714258
-59.6859 116.036 9.8099 -40.701731
-59.434 116.5435 10.5662 -41.646523
-59.3051 118.1105 11.4366 -42.541441
-59.9415 119.6907 12.0733 -43.393709
-60.8614 121.156 12.3489 -44.200536
-61.607 122.4945 11.39 -44.967696
-62.1797 124.0961 10.8491 -45.691408
-62.6253 125.8486 10.8404 -46.373193
-62.2188 127.4063 11.6395 -47.015242
-61.8461 129.0333 12.3882 -47.617405
-62.5327 130.6886 12.3999 -48.180322
-62.936 132.4579 12.2088 -48.705258
-63.3234 134.2117 11.8803 -49.19272
-63.6303 135.945 11.5157 -49.64147
-63.951 136.5199 9.8435 -50.057611
-64.1784 137.2406 8.1925 -50.433213
-64.0694 138.3872 6.7995 -50.76722
-64.3697 140.0086 6.0583 -51.061485
-64.8732 141.6033 5.322 -51.315111
-65.5178 142.5596 4.0703 -51.53044
-65.7682 143.1976 5.3492 -51.705383
-66.7186 144.3442 5.8832 -51.836333
-67.5125 145.9488 6.0337 -51.922815
-68.2142 147.6123 6.0332 -51.964618
-36.2134 93.2108 29.5751 -1.046379
-36.6635 94.7733 29.8902 -0.722742
-36.9263 96.2364 30.4302 -0.45684
-37.1622 97.773 30.8495 -0.254339
-37.5529 99.3568 31.1525 -0.122129
-37.9173 100.9487 31.3678 -0.068144
-38.3971 102.525 31.406 -0.097866
-38.3118 104.182 31.3802 -0.215808
-38.3833 105.841 31.3619 -0.426883
-38.5184 107.493 31.3513 -0.733885
-38.1793 109.1047 31.3065 -1.137528
-37.694 110.6348 31.1726 -1.635766
-37.4366 112.1749 31.1742 -2.227098
-36.4341 113.3684 31.2349 -2.907696
-35.2673 114.4885 31.1966 -3.666036
-35.1913 116.0244 31.322 -4.491428
-36.1323 117.264 31.8032 -5.374328
-36.1013 118.8174 31.8898 -6.299713
-35.2737 120.1279 31.585 -7.251494
-34.1912 121.3196 31.36 -8.214908
-33.7141 122.9011 31.2289 -9.16857
-33.0667 124.4147 31.1658 -10.100925
-32.8786 126.0601 31.1275 -10.993512
-32.0835 127.4884 31.1247 -11.831734
-31.8296 129.12 31.1246 -12.603174
-31.1422 130.5851 30.9859 -13.293342
-30.3228 131.8477 30.3079 -13.892674
-29.6856 132.4849 28.9766 -14.391908
-29.0719 133.0333 27.5676 -14.778839
-28.0844 133.7856 27.8775 -15.04271
-27.152 134.469 28.6173 -15.176946
68.8569 88.73 19.5506 -5.533489
69.4626 89.4871 18.5505 -4.925236
69.8694 90.2922 17.5312 -4.335343
70.1133 90.9732 19.0619 -3.765233
70.2522 92.4115 19.6157 -3.222372
70.8156 93.9888 19.8859 -2.712086
70.9233 95.5529 19.5992 -2.238634
71.3862 97.0655 19.4044 -1.809873
72.5006 98.2929 19.6588 -1.433036
72.7344 99.9408 19.94 -1.11092
72.932 101.5833 19.995 -0.850889
72.4313 103.198 19.9089 -0.658936
71.8799 104.7873 20.0008 -0.540186
71.5282 106.416 19.8144 -0.497483
71.2624 108.037 19.4849 -0.534604
70.3107 109.3594 19.2993 -0.653125
69.2896 110.7156 19.219 -0.851453
68.8552 112.3448 19.1576 -1.125802
68.8224 113.8606 18.9579 -1.472779
69.0085 114.8834 18.0264 -1.888379
68.8524 116.0924 16.8932 -2.360322
69.7271 117.2159 15.9694 -2.878708
70.0973 118.581 15.0882 -3.428596
70.8674 119.2691 13.939 -4.003213
70.3855 118.9765 13.515 -4.582874
69.9666 118.6726 13.3866 -5.15824
70.2125 118.847 11.7059 -5.715171
70.4357 118.9096 10.8982 -6.221514
70.1867 118.7318 12.5649 -6.679281
69.521 118.6003 13.8778 -7.061047
69.0153 119.2849 13.1332 -7.35854
69.8993 119.8704 11.9133 -7.565519
70.2963 119.9515 10.2866 -7.673443
95.5228 3.6634 18.9207 -11.826356
95.9521 3.5018 19.9853 -11.807536
96.3294 3.3373 21.069 -11.799066
-41.3421 222.5153 -25.6062 -54.798654
-42.702 224.1478 -25.2091 -55.383264
-44.2458 225.1088 -24.0553 -55.967657
-45.8189 226.0665 -23.0056 -56.549447
-47.3319 227.1224 -21.9872 -57.128607
-48.8138 228.7344 -21.8003 -57.703972
-50.1281 230.4969 -21.9165 -58.276615
-51.8278 231.7383 -22.0527 -58.848548
-52.8158 233.6774 -22.1145 -59.417116
-53.0724 235.6787 -22.1684 -59.850551
-53.6815 237.6012 -22.215 -60.147574
-54.8336 239.2327 -22.1693 -60.440756
-55.9455 240.9107 -22.1307 -60.729337
-56.8959 242.6769 -22.2538 -61.013416
-57.6448 244.0732 -23.1351 -61.294374
-57.9004 245.3567 -24.6431 -61.571199
-58.5973 247.0318 -25.4177 -61.842291
-59.3933 248.8468 -25.6686 -62.10856
-60.5485 250.492 -25.7129 -62.370842
-62.0102 251.8694 -25.795 -62.629516
-63.5819 251.7041 -25.7766 -62.887491
-65.1861 252.5294 -25.4878 -63.139077
-66.5361 253.7075 -24.6451 -63.38551
-67.4482 255.4346 -24.2826 -63.62649
-68.0616 257.3349 -24.0645 -63.86278
-69.279 258.781 -24.0213 -64.095664
-70.6709 260.1778 -24.061 -64.324662
-71.4436 262.0159 -24.0595 -64.548331
-72.8554 263.4363 -23.888 -64.768655
-74.3055 264.6952 -23.3614 -64.985043
-75.6104 266.0079 -22.6232 -65.197323
-76.4194 267.7709 -22.2236 -65.404863
-77.0046 269.6763 -21.989 -65.6078
-77.6943 271.5617 -21.8675 -65.806576
-78.0414 273.5421 -21.7862 -66.001224
-78.9873 275.301 -21.7403 -66.192402
-80.3424 276.7952 -21.6879 -66.380188
-81.6546 278.3163 -21.6068 -66.563881
-83.1583 279.5974 -21.7854 -66.744202
-84.8953 280.6045 -21.8472 -66.921452
-86.7025 281.4584 -21.6828 -67.095346
-87.8751 282.8646 -21.0904 -67.264279
-89.4892 283.7967 -20.5891 -67.430683
-91.1007 284.9601 -20.5677 -67.592623
-92.4107 286.2858 -21.1453 -67.750882
-94.0557 286.9976 -21.9919 -67.906865
-95.7101 288.0996 -22.2545 -68.058421
-97.3406 289.2852 -22.2657 -68.206195
-98.976 289.9877 -22.9029 -68.351802
-100.2796 290.7986 -23.6291 -68.493828
-101.4799 291.8038 -22.4899 -68.632231
-103.036 292.9887 -22.0284 -68.766744
-104.6892 294.1312 -21.8834 -68.898078
-106.3559 295.2232 -22.151 -69.026364
-107.8941 296.3493 -22.6692 -69.151321
-109.1385 297.4951 -23.597 -69.273313
-110.8652 298.494 -23.4597 -69.392368
-112.4721 299.5248 -23.016 -69.508505
-113.8772 300.6139 -22.2042 -69.621513
-115.339 301.8994 -21.8314 -69.731122
-116.6463 303.427 -21.784 -69.837213
-117.9037 305.0024 -21.8441 -69.940434
-119.0254 306.6607 -22.003 -70.040815
-119.7365 308.5266 -22.2827 -70.137939
-120.0458 309.7921 -21.1758 -70.234418
-120.3335 310.3959 -19.2752 -70.329536
-120.8092 311.2425 -17.5331 -70.42138
-121.3861 312.9361 -16.6595 -70.508583
-122.3666 314.5966 -16.303 -70.593127
-123.445 316.2788 -16.4754 -70.675395
-124.5125 317.8962 -16.7048 -70.755326
-124.8879 318.6378 -14.9021 -70.835564
-124.9811 319.1413 -12.9496 -70.914129
-125.2786 319.7061 -11.0358 -70.990255
-125.7833 320.5605 -9.2875 -71.06309
-126.7853 321.2272 -7.7186 -71.134098
-128.1198 321.7372 -6.5853 -71.203488
-129.5338 322.6762 -5.6435 -71.269693
-130.8033 322.8583 -4.1103 -71.335816
-132.3486 322.5617 -2.9424 -71.401001
-133.5223 321.7567 -2.2514 -71.465443
-134.4075 321.0203 -3.7194 -71.527811
-136.141 320.0633 -3.704 -71.588747
-137.9234 319.2453 -3.5128 -71.647523
-139.8153 319.4438 -3.03 -71.702682
-141.7336 319.7231 -2.5415 -71.755346
-143.2992 318.8382 -1.8198 -71.808896
-143.6324 318.198 -3.1912 -71.860381
-144.6494 318.183 -2.5451 -71.908774
-145.6029 318.7473 -1.0864 -71.953951
-147.1116 319.1677 -0.0827 -71.997827
-149.0143 318.6505 0.3041 -72.042361
-150.835 317.9416 0.6531 -72.085741
-152.6003 318.3043 1.3039 -72.124984
-154.255 319.2248 1.8195 -72.161327
-156.1347 319.0641 1.3765 -72.198762
-157.9479 318.8394 0.6505 -72.234857
-159.8193 318.2421 0.4855 -72.270442
-161.6982 318.4908 0.8126 -72.30251
-163.3502 318.4678 1.946 -72.333828
-164.7917 318.8721 3.1901 -72.362742
-166.0348 318.4651 4.5448 -72.392174
-167.2051 317.7036 5.9108 -72.42107
-168.6856 318.3603 6.972 -72.445193
-170.5746 318.3686 7.6324 -72.469514
-172.4422 318.8037 8.0573 -72.49143
-173.7745 319.4811 7.41 -72.51151
-175.2708 319.8181 6.8918 -72.53103
-176.3866 321.0401 7.8064 -72.547107
-178.1084 321.388 8.4289 -72.563982
-179.8667 322.3331 8.1901 -72.578078
-181.7338 322.9719 7.9865 -72.591589
-183.2047 324.2061 7.6173 -72.602366
-184.6529 324.5109 6.7583 -72.614046
-186.4765 324.882 7.4149 -72.62425
-188.3601 325.5005 7.7542 -72.632512
-190.207 326.2741 7.8586 -72.639065
-191.8555 326.4884 7.2737 -72.645604
-192.3011 326.2807 5.3327 -72.651872
-192.4569 326.3027 3.3202 -72.656297
-192.6127 326.3246 1.3078 -72.659225
-192.7684 326.3466 -0.7047 -72.660661
-53.5618 234.7518 -22.4056 -59.864208
-55.3696 234.7358 -22.9279 -60.184957
-57.1775 234.7198 -23.4502 -60.496328
-58.9758 234.7413 -23.9753 -60.798361
-60.5834 235.6616 -24.1049 -61.091874
-62.2107 236.6032 -24.0421 -61.381326
-63.9306 237.3539 -24.0447 -61.666175
-65.5569 238.2591 -24.1396 -61.946653
-67.3063 238.9314 -24.1596 -62.222475
-68.8366 239.9978 -24.0522 -62.493361
-70.5332 240.314 -23.7713 -62.76125
-72.1779 239.7124 -23.3677 -63.026877
-73.9055 239.067 -23.0743 -63.287924
-75.764 238.9129 -23.0612 -63.543227
-77.5069 238.4311 -23.4834 -63.794884
-79.2728 238.5078 -23.5052 -64.040648
-81.0101 239.1307 -23.2489 -64.280673
-82.8258 239.4159 -22.9537 -64.516819
-84.5254 239.9346 -22.4418 -64.747825
-86.2406 240.0396 -21.7161 -64.975618
-87.8568 239.8217 -20.9364 -65.199639
-89.3552 239.6723 -19.8507 -65.419227
-90.7771 239.8281 -18.7653 -65.633588
-92.3262 239.5258 -18.0598 -65.844642
-94.0855 240.1028 -17.7873 -66.048988
-95.877 240.5966 -17.5579 -66.249187
-97.6988 241.0591 -17.507 -66.445334
-99.53 241.4724 -17.4393 -66.637122
-101.2527 242.1681 -17.1773 -66.824058
-102.8299 242.815 -16.4434 -67.006779
-104.4569 243.5931 -15.9937 -67.18472
-106.2956 243.7075 -16.104 -67.360401
-107.1732 243.8399 -14.6775 -67.533048
-108.3872 244.3725 -13.7017 -67.699823
-109.3454 245.4642 -12.5807 -67.861047
-110.5466 246.5332 -11.6213 -68.018484
-112.0874 247.1 -10.9503 -68.172916
-112.6927 248.1713 -9.7197 -68.322785
-113.85 248.7857 -8.6033 -68.469695
-114.9422 250.1535 -8.2414 -68.610832
-115.3929 251.8689 -7.6387 -68.747355
-116.4822 252.9605 -6.8157 -68.88133
-117.371 253.2374 -5.1806 -69.013743
-118.358 253.8356 -3.7152 -69.141552
-119.4595 254.4678 -2.3971 -69.26535
-120.9563 255.2641 -1.6822 -69.385273
-122.5163 255.9458 -1.0086 -69.501729
-123.9831 256.9071 -0.452 -69.613975
-124.7954 257.8348 0.9161 -69.722788
-125.65 259.0549 2.0473 -69.827315
-126.8265 260.4562 2.1583 -69.928057
-128.2898 261.2032 2.616 -70.02713
-129.0334 261.3894 4.2611 -70.124415
-129.2473 261.2649 6.1105 -70.222246
-129.4022 261.1437 7.9821 -70.315198
-129.5576 261.0229 9.8536 -70.403356
-129.7512 260.9235 11.7229 -70.490353
-129.9463 260.825 13.592 -70.573152
-130.1515 260.7135 15.4586 -70.65144
-130.5488 260.346 17.2477 -70.727009
-131.604 259.0778 18.099 -70.80111
-132.4067 258.2916 19.5872 -70.870912
-133.3932 257.3081 20.8241 -70.937966
-133.8044 256.3522 22.376 -71.001696
-134.6418 255.2368 23.5911 -71.062623
-135.4197 253.8392 24.4892 -71.121022
-135.7 253.4829 26.3153 -71.173941
-136.3101 252.641 27.7577 -71.224629
-136.3201 251.3179 26.4825 -71.273205
-136.8701 249.6435 26.0944 -71.319471
-137.7175 248.1362 25.6627 -71.362028
-137.6045 246.4619 25.1316 -71.40158
-137.2893 245.0053 24.2243 -71.437238
-136.6215 243.4615 23.4192 -71.469813
-135.6446 241.9497 22.8735 -71.499248
-135.3758 240.4199 22.4018 -71.524927
-136.1869 239.3032 23.0344 -71.546111
-136.341 238.0644 24.2021 -71.564017
-136.433 236.6369 25.3143 -71.578748
-136.6008 234.8539 25.6617 -71.590626
-137.1474 233.4458 25.0869 -71.597852
-10.2537 234.1313 -65.7936 -57.231697
-11.9535 235.2244 -65.4206 -57.63669
-13.2513 236.4124 -64.5554 -58.03644
-13.9825 238.2182 -64.0036 -58.430196
-13.9675 239.4333 -65.1657 -58.82183
-14.1745 240.8047 -66.5759 -59.207341
-14.74 242.3781 -67.763 -59.58766
-15.0167 243.3075 -69.5586 -59.965663
-14.9973 244.3966 -71.2899 -60.337859
-15.4806 245.6013 -72.6631 -60.704905
-16.6681 247.206 -72.2066 -61.066091
-17.3029 249.0449 -71.7718 -61.422329
-18.6676 250.382 -71.3338 -61.774901
-19.6799 251.0982 -72.0439 -62.124439
-20.4939 252.2385 -73.4165 -62.468884
-21.5912 252.7618 -72.8895 -62.767523
-21.9596 252.8176 -71.2713 -63.017725
-22.6797 254.2973 -71.5196 -63.260188
-23.6039 255.7577 -72.0067 -63.498402
-24.5721 257.236 -72.2298 -63.732604
-26.0105 258.3101 -72.2446 -63.963827
-27.3761 259.4599 -72.2196 -64.190898
-28.9516 260.3257 -72.2375 -64.417287
-30.5102 261.2195 -72.2945 -64.636825
-31.595 262.5637 -72.7018 -64.85118
-32.6547 263.9941 -72.7006 -65.06148
-33.5598 265.5319 -72.4801 -65.267516
-34.5952 266.9872 -72.4053 -65.469853
-35.2782 268.5959 -72.3691 -65.668395
-36.5462 269.7783 -72.1737 -65.863644
-37.8737 270.872 -71.8225 -66.055277
-38.8876 272.2418 -71.3145 -66.242489
-39.6217 273.7558 -70.7585 -66.42566
-40.6535 274.9959 -70.0158 -66.605694
-42.0534 275.9829 -69.5331 -66.78285
-43.5846 276.8719 -69.3005 -66.956273
-45.0655 277.8565 -69.4958 -67.126111
-45.946 279.1186 -68.7677 -67.29164
-45.8345 280.5644 -67.9551 -67.453327
-46.196 282.2235 -68.3906 -67.610922
-46.2456 283.784 -69.1293 -67.765297
-45.9356 284.9029 -69.4775 -67.917506
-46.3572 283.3243 -69.8414 -68.073213
-47.6385 284.0096 -69.6263 -68.220897
-47.8598 285.27 -68.7781 -68.363333
-47.9763 286.6481 -67.6615 -68.502393
-48.0018 287.8134 -66.394 -68.63892
-49.296 287.3623 -65.4888 -68.776158
-50.1432 286.6731 -64.1653 -68.910605
-50.2434 286.1704 -62.4405 -69.042106
-51.2742 284.9264 -61.8207 -69.171789
-52.8421 284.4426 -61.0987 -69.296723
-53.9107 283.6653 -60.0279 -69.419372
-54.752 283.3629 -58.5184 -69.538289
-55.6511 282.4981 -57.2933 -69.655322
-56.6242 281.93 -56.0196 -69.768628
-57.9991 281.9695 -54.8908 -69.877864
-59.0837 282.3361 -53.8941 -69.983438
-60.0943 282.1643 -52.7677 -70.08775
-61.4419 281.5155 -51.8651 -70.190289
-62.8626 280.827 -51.0501 -70.290327
-64.2795 280.6349 -50.0042 -70.386541
-65.804 280.5238 -49.0693 -70.479902
-66.7885 280.054 -47.7484 -70.571819
-67.9789 279.2336 -46.7905 -70.662085
-68.6552 278.446 -45.3481 -70.749867
-69.0138 277.9753 -43.6489 -70.834503
-69.4167 276.9949 -42.4398 -70.917846
-69.8247 275.5947 -42.5008 -70.99995
-70.268 276.0815 -42.6582 -71.075221
-70.9242 276.409 -41.0457 -71.149157
-71.4032 276.5871 -39.3203 -71.220847
-72.2724 276.7647 -38.0281 -71.290123
-73.2041 276.1685 -36.6914 -71.359123
-74.2918 275.5936 -35.4399 -71.42586
-75.425 274.8456 -34.2803 -71.490982
-76.9255 274.2886 -33.5609 -71.553536
-77.3251 274.3933 -31.9623 -71.612504
-77.3839 274.0953 -31.6173 -71.670976
-77.9259 274.1693 -30.1943 -71.726417
-79.5493 274.0847 -29.6223 -71.780152
-80.9279 274.149 -28.5263 -71.831634
-82.1503 274.2888 -27.2947 -71.880926
-83.1333 274.5631 -25.8399 -71.928095
-83.3586 274.0993 -24.1212 -71.975293
-83.4086 273.3363 -22.4949 -72.021245
-83.5601 272.816 -20.7795 -72.064951
-83.7705 272.4678 -19.0265 -72.106472
-84.0593 272.0789 -17.2937 -72.146165
-84.2893 271.7437 -15.5414 -72.184046
-84.9661 271.1706 -14.2656 -72.220536
-86.4465 270.5588 -13.5443 -72.255322
-87.5224 269.4821 -12.7644 -72.289487
-88.5863 270.2836 -13.3628 -72.317414
-89.344 271.7765 -13.8414 -72.342
-90.7295 272.8654 -14.017 -72.366236
-92.0012 274.1345 -14.1202 -72.388154
-93.0728 275.5655 -14.188 -72.407762
-94.4803 276.5793 -14.1262 -72.426663
-96.2029 276.3016 -13.7358 -72.446932
-97.8612 276.4416 -13.1634 -72.464492
-99.2225 277.2086 -12.3487 -72.478827
-100.7724 276.7787 -11.5881 -72.494325
-102.4856 276.8416 -11.2384 -72.506895
-104.2435 277.0799 -11.3594 -72.5173
-105.8758 277.7134 -11.5089 -72.524982
-106.978 278.2571 -10.6069 -72.531107
-108.7214 278.4008 -10.5748 -72.536363
-110.1714 278.7473 -11.3411 -72.539302
-111.6618 279.6815 -11.4564 -72.538968
-21.5015 253.5088 -73.309 -62.690187
-22.5942 254.3623 -72.684 -62.785115
-23.4363 255.5756 -72.2611 -62.870531
-23.7952 256.2196 -73.6016 -62.949001
-24.1958 256.9175 -74.8973 -63.017772
-24.5102 257.2028 -76.431 -63.078459
-25.2575 257.9568 -77.5755 -63.128048
-25.9832 258.9049 -78.6121 -63.167419
-26.7351 259.8964 -79.3372 -63.19658
-27.7754 261.0706 -79.3699 -63.215081
-28.1276 262.1418 -78.3341 -63.223292
-14.415 228.9869 -63.4499 -57.263689
-16.1331 229.4489 -63.5343 -57.620608
-17.7421 230.1331 -63.7219 -57.971915
-19.4067 230.7023 -63.8399 -58.317777
-20.8995 231.6241 -63.8754 -58.657087
-22.4197 232.5434 -63.927 -58.991175
-23.9779 232.9794 -64.5409 -59.320673
-25.5926 233.2447 -65.0739 -59.645644
-27.3372 233.3731 -65.393 -59.964938
-29.108 233.4677 -65.4659 -60.278622
-30.8642 233.5427 -65.402 -60.586675
-32.3482 234.4256 -65.4518 -60.886677
-33.9347 234.8444 -64.9779 -61.182175
-35.6107 235.0483 -64.5372 -61.472249
-37.2988 235.2219 -64.5195 -61.756268
-38.3854 235.5894 -65.5655 -62.034719
-39.1438 235.7555 -64.0699 -62.307779
-40.4342 236.3585 -64.9633 -62.573075
-41.6538 237.408 -65.4996 -62.831212
-43.3197 237.9738 -65.7908 -63.0839
-45.0712 238.2644 -65.9288 -63.33084
-46.7994 238.6788 -65.9135 -63.571057
-48.5481 238.9796 -65.7557 -63.805414
-50.2593 239.3638 -65.4708 -64.032724
-51.9541 239.818 -65.3779 -64.253682
-53.6581 240.3081 -65.5616 -64.467831
-55.3649 240.7618 -65.7517 -64.675441
-56.9242 241.5359 -65.9538 -64.875809
-58.6438 241.8319 -66.2728 -65.070364
-59.9936 242.7156 -66.7405 -65.257043
-60.984 243.7818 -67.5294 -65.436451
-62.0855 245.146 -67.6347 -65.608177
-62.592 246.8516 -67.5474 -65.772189
-63.6958 248.1812 -67.3534 -65.930166
-65.3602 248.1365 -67.1819 -66.084563
-66.6185 247.2528 -66.7907 -66.233807
-68.2827 246.701 -66.9975 -66.376174
-69.0056 246.5375 -67.1182 -66.509317
-69.4149 247.1923 -66.2178 -66.633798
-70.5685 248.2104 -65.6787 -66.749826
-72.1021 248.9573 -65.1628 -66.858929
-73.5226 249.8734 -64.6789 -66.96005
-74.9049 250.917 -64.2744 -67.053048
-76.1941 252.0464 -63.8017 -67.137794
-77.6751 252.694 -63.2164 -67.215738
-78.9054 253.7897 -63.1101 -67.284365
-80.0531 255.1107 -63.1909 -67.344149
-81.4092 256.2087 -63.4316 -67.395967
-83.1166 256.5971 -63.7243 -67.440863
-84.8053 256.9649 -63.8465 -67.477062
-86.3232 257.8036 -63.7447 -67.503138
-88.0463 257.7843 -63.4146 -67.522105
-89.5568 258.6367 -63.0658 -67.529647
-79.8558 209.6969 -1.6956 -50.177463
-80.9345 210.9313 -0.8747 -50.719086
-81.8718 212.3265 -0.0936 -51.250852
-83.0145 213.649 0.4105 -51.77356
-83.35 215.4299 0.5242 -52.286372
-84.7236 216.0877 0.5245 -52.793167
-85.8365 216.8501 1.5461 -53.292052
-86.4751 218.3432 2.3648 -53.778861
-87.6889 219.3419 3.0091 -54.257814
-89.3832 219.625 3.5112 -54.728894
-90.5679 220.9942 3.9392 -55.188574
-91.9993 222.1339 4.2769 -55.639404
-93.1066 223.0567 5.3451 -56.082967
-94.2451 224.3484 6.04 -56.517153
-95.1955 225.7846 6.6504 -56.941781
-96.1469 227.1811 6.1703 -57.357253
-97.5307 228.1499 5.5656 -57.765832
-97.6555 229.6726 4.5217 -58.165126
-98.2632 230.7709 4.9578 -58.55782
-99.4213 231.1534 5.7424 -58.942972
-100.7458 231.4122 4.7237 -59.320446
-101.8502 232.6408 4.2535 -59.686973
-103.1436 233.9354 4.0273 -60.045013
-104.4921 234.4164 4.8558 -60.396568
-105.6117 233.6885 5.7966 -60.745023
-106.7274 232.3194 6.4016 -61.09027
-107.441 230.7522 6.8747 -61.423192
-107.4488 229.0255 7.5014 -61.74794
-107.9411 227.3511 8.131 -62.063969
-107.0902 226.8712 8.9862 -62.369351
-106.1496 226.513 10.1833 -62.67017
-105.9516 226.2598 12.0223 -62.962847
-105.4787 225.2922 12.0054 -63.247659
-105.2249 224.5846 10.2988 -63.524197
-104.7784 223.6625 9.5999 -63.79222
-104.7066 222.6921 11.0296 -64.053446
-105.026 220.965 11.6033 -64.307846
-104.6066 219.9029 12.8153 -64.55355
-103.3942 219.8352 14.0764 -64.789101
-104.3073 219.9043 13.553 -65.016529
-105.885 218.9419 13.3792 -65.239116
-107.2676 218.4747 12.6842 -65.453119
-108.1193 218.5469 11.0406 -65.658854
-108.3962 219.4541 11.7193 -65.854673
-109.0143 219.6825 13.4653 -66.045365
-109.7221 219.9831 15.1561 -66.227453
-110.6667 219.9703 16.4989 -66.402124
-112.0003 218.9022 16.8845 -66.571938
-113.4433 217.9794 16.4775 -66.733573
-114.7081 217.1333 15.6968 -66.887506
-115.2947 216.7255 13.9743 -67.032872
-115.5962 216.7912 12.1637 -67.170634
-115.7677 217.1126 10.3327 -67.299711
-115.4309 217.0746 11.1227 -67.421008
-116.1181 217.6962 12.116 -67.53609
-117.3855 218.3763 13.3061 -67.64145
-118.8798 218.8959 14.099 -67.737551
-120.5533 219.5755 14.5055 -67.825026
-122.3465 220.0233 14.7431 -67.904655
-124.1585 220.1151 14.949 -67.976856
-125.565 221.2324 14.8597 -68.038099
-126.6064 222.7478 14.7267 -68.089682
-127.1945 224.5052 14.537 -68.13197
-127.9351 226.1832 14.2547 -68.16545
-129.0224 227.5634 14.5865 -68.190606
-130.1181 229.0198 14.5982 -68.206304
-131.2201 230.4645 14.2522 -68.212536
47.5528 -96.076 13.5667 -16.84695
47.0015 -95.2803 13.5986 -17.944988
46.7344 -94.3274 13.6342 -18.484951
27.7081 -94.2683 18.8592 -20.041158
26.226 -93.6204 19.8024 -23.692493
24.7439 -92.9726 20.7456 -26.199507
23.2618 -92.3248 21.6888 -27.772637
23.8038 -92.3745 21.7835 -28.533773
54.7481 -88.0637 17.871 -12.327461
97.3169 -66.6493 31.3652 -48.493462
99.3506 -67.4491 30.897 -49.157245
101.3843 -68.2489 30.4289 -49.612372
103.4181 -69.0488 29.9607 -49.925203
105.4518 -69.8486 29.4925 -50.135256
104.935 -70.7499 28.9784 -50.26576
104.6139 -70.6388 26.7694 -50.326965
96.937 -66.473 30.8282 -48.149359
44.0154 -65.7095 15.6069 -14.602983
44.0102 -66.3692 14.8486 -15.631367
44.1586 -67.2141 14.3402 -16.140713
-4.665 -9.0685 -0.0051 -0.892439
-3.3078 -10.3003 -0.0154 6.668018
-1.9532 -11.5348 -0.0257 14.531964
-0.7426 -12.7803 -0.0459 28.432227
0.4334 -13.9291 -0.0935 32.940695
1.4466 -15.2471 -0.185 26.784047
3.5554 -27.7322 1.4257 5.628315
8.6107 -41.3653 6.7974 -3.400268
22.8794 -62.2772 10.5055 -0.51201
26.4745 -64.8588 13.9793 2.030718
29.0535 -67.1183 14.3116 1.012125
42.1418 -73.5431 16.2509 -7.877972
47.2069 -85.1931 18.1557 -9.893788
44.6639 -89.9679 15.7857 -11.1647
47.7449 -96.3203 13.6398 -14.821605
78.4149 -177.3628 14.5582 -29.410954
95.2227 -265.7699 17.0719 -33.573476
48.1056 -320.1106 18.1187 -36.275083
-10.9476 -383.6056 22.9817 -39.155326
-40.36 -432.7473 17.7175 -45.792386
28.7834 -94.5812 17.274 -14.741713
14.3097 -106.6143 20.8227 -21.301278
2.7577 -126.0427 26.0848 -25.415932
-45.0792 -189.1405 27.4734 -24.531725
30.9775 -170.2053 31.4202 -27.554916
28.3969 -94.5693 18.0599 -16.078241
-40.2348 -104.2908 -5.8163 -22.014805
-111.9958 -139.102 2.509 -24.026698
54.6562 -87.9717 17.7384 -11.32105
111.8824 -135.9529 29.1893 -21.501598
164.8572 -185.7356 20.1853 -21.547008
213.7243 -226.7876 32.011 -26.052215
43.9697 -65.4565 15.7766 -12.568244
45.5333 -62.1584 17.8534 -18.124456
96.2419 -66.2233 31.6259 -47.828721
2.1326 -22.0656 -2.5814 6.39385
6.2653 -35.3706 6.4938 -5.126909
8.3143 -40.7868 6.7183 -11.496925
15.4942 -50.7521 4.9673 -15.157723
19.5156 -57.7327 7.1557 -10.110637
24.2121 -63.3654 12.9105 -0.127188
27.7984 -65.9637 14.1964 1.175442
35.2991 -71.3414 15.5234 -7.715168
45.9552 -78.4006 18.2802 -12.132925
45.9541 -87.9136 17.638 -11.333228
46.0845 -93.1486 14.7482 -14.030395
52.1518 -103.9606 11.3242 -25.026944
58.8833 -119.603 12.0998 -33.641937
62.6461 -133.0235 18.7767 -37.636101
68.7987 -150.479 18.27 -38.102072
75.478 -168.4071 16.0379 -34.714334
80.7201 -186.7623 13.7215 -35.742181
86.0397 -202.1519 18.4658 -41.291996
88.9594 -219.8372 14.0604 -43.417703
92.3483 -238.1707 14.3683 -42.690211
94.4112 -256.1543 16.5595 -38.705157
95.282 -267.4858 16.3224 -39.115305
95.3059 -280.3632 10.9397 -43.960117
82.392 -291.8157 13.1552 -45.716684
66.6134 -301.8126 13.5179 -44.865643
55.8832 -314.8401 17.1156 -41.049555
42.621 -325.3136 19.0805 -41.374795
32.9705 -340.7608 23.6528 -45.883433
23.9361 -354.8041 21.203 -47.562308
9.6225 -366.7531 22.7517 -46.848127
-4.6074 -378.3071 21.4152 -43.431072
-16.9731 -389.755 18.9726 -44.016329
-27.5688 -401.1213 14.9527 -48.632826
-39.573 -411.7299 14.9204 -50.775035
-40.6381 -420.4638 25.2112 -50.880396
-40.4069 -426.6412 14.8914 -48.779409
-41.6738 -434.0686 12.5022 -50.09804
-35.1298 -447.795 10.0223 -54.91364
-30.511 -455.7937 6.7671 -58.010927
-26.4654 -460.7911 2.4423 -59.886965
-24.2919 -464.5784 0.2402 -60.778278
37.1249 -94.0849 14.9718 -17.073766
20.7736 -99.7756 22.2184 -22.529133
11.0172 -108.5614 18.7473 -25.021673
5.909 -113.1292 24.1737 -27.322766
4.7649 -121.3499 27.2758 -27.106118
-3.9067 -133.7894 26.1237 -31.769721
-16.2236 -149.0836 26.7198 -36.795445
-17.7909 -159.6216 22.5822 -38.22457
-30.8645 -168.2845 21.4997 -36.551666
-40.3768 -181.2163 24.3391 -31.161033
-50.8898 -195.8899 27.7601 -32.370738
-59.8432 -207.2909 27.0024 -40.494223
-63.453 -209.2381 15.4152 -45.666806
-64.2909 -212.4765 11.1044 -48.853284
-69.7086 -217.4653 14.9612 -50.39054
-1.3141 -131.2728 34.9295 -30.313135
15.7442 -115.5027 24.1983 -29.174059
21.9499 -133.9863 25.1312 -35.536407
26.8898 -147.4387 25.6301 -37.989285
28.6429 -155.1273 32.7495 -37.282012
28.6017 -167.7997 33.6747 -33.035735
33.7647 -170.9041 21.6446 -33.897701
35.3986 -176.6564 11.4651 -39.725691
39.8278 -180.409 -7.3747 -42.294304
28.4843 -94.572 17.6083 -15.685035
24.075 -93.3058 9.4058 -25.486645
15.5128 -90.8025 -8.4542 -32.666003
-0.0475 -89.6597 -13.0268 -35.271651
-13.9393 -94.7328 -4.0497 -34.236092
-31.0534 -101.5497 -4.3571 -28.982562
-48.3446 -108.1087 -4.4853 -29.315834
-60.3769 -111.0796 -1.1234 -35.269936
-77.9711 -113.5102 3.296 -37.214587
-92.0999 -121.9743 4.6219 -35.867232
-105.6825 -132.44 0.8972 -30.652977
-119.8735 -141.3568 5.959 -31.465417
-132.8113 -151.1601 6.979 -39.202246
-147.2952 -155.5423 4.0924 -44.120282
-153.368 -158.2725 7.6335 -47.14198
-168.793 -159.6906 7.6228 -48.593731
50.8433 -86.5895 17.9535 -11.747329
61.2357 -92.3404 14.5899 -22.202658
72.1897 -102.125 21.0158 -30.81146
85.4059 -115.7278 22.6939 -34.12524
96.1046 -123.0147 27.5352 -33.488313
106.3877 -128.7142 28.8233 -28.447804
119.3522 -141.0891 32.8119 -28.784169
133.3865 -151.0456 27.4274 -34.578853
140.4642 -156.8554 25.7903 -36.263464
152.3124 -169.1266 29.8767 -34.547004
161.5491 -182.1636 26.4505 -28.765556
167.3763 -187.9265 20.8501 -28.892685
178.0174 -198.4202 27.7655 -35.006233
190.5879 -201.853 17.5881 -37.21419
198.4764 -209.0366 23.2285 -36.29187
206.4978 -222.3967 29.9785 -31.80206
216.4485 -231.2363 29.6641 -32.884803
219.3592 -241.6667 28.5636 -40.175909
217.6919 -257.4839 32.1794 -44.856805
212.7961 -271.781 39.8533 -47.745486
208.8344 -287.7139 39.3838 -49.149393
43.1478 -69.6198 16.0595 -11.55748
45.0982 -63.5211 16.1223 -15.954601
50.7937 -61.6079 11.0465 -26.703912
63.7547 -58.5312 9.7712 -35.480051
75.049 -60.4617 16.3877 -41.224658
83.0968 -60.7333 25.9161 -45.025551
91.3447 -63.64 26.8113 -47.32325
106.4082 -69.1292 24.6495 -50.925487
123.1559 -72.5629 28.9251 -54.534889
143.1961 -75.9244 28.8652 -56.265413
46.1286 -55.224 14.5026 -26.229142
37.6417 -45.2763 18.4222 -33.054869
22.8448 -43.0894 21.8828 -35.999926
