-0.8015 -1.2678 -0 -72.97469
-3.2062 -5.0715 -0 -72.973263
-5.0765 -8.0299 -0 -72.972293
-6.4123 -10.1429 0.0262 -72.971988
-8.0143 -12.677 0.1283 -72.971557
-8.8146 -13.9429 0.1666 -72.971238
-8.2187 -14.5214 0.2948 -72.970895
-8.7411 -16.3672 0.5247 -72.969989
-10.0309 -17.8905 1.1419 -72.968836
-11.386 -19.3222 1.89 -72.967718
-12.7254 -20.8552 2.392 -72.966663
-14.0432 -22.4116 2.6217 -72.965408
-14.6972 -24.3185 2.0715 -72.963883
-15.5306 -26.234 2.0482 -72.962223
-16.1094 -27.8038 2.3068 -72.960784
-14.7796 -28.9827 3.1257 -72.959576
-13.6062 -30.5844 3.6202 -72.958362
-12.2537 -32.1091 3.9089 -72.957145
-11.1222 -33.7683 4.2796 -72.955922
-10.1932 -35.2295 5.196 -72.954694
-9.3619 -36.7283 6.3117 -72.95346
-8.5851 -38.2492 7.4144 -72.952223
-7.5935 -39.8435 8.2499 -72.950982
-6.8916 -41.4349 9.2193 -72.949729
-6.2727 -43.3267 9.6108 -72.948474
-5.7427 -44.6215 10.9758 -72.947208
-5.2774 -45.3085 12.8612 -72.945935
-4.5701 -46.2857 12.7646 -72.944659
-3.9187 -47.0128 11.0346 -72.943375
-3.487 -47.3534 9.0584 -72.94208
-3.1601 -48.3203 10.2056 -72.940779
-2.5906 -49.7167 11.29 -72.939486
-2.064 -51.2649 10.2609 -72.938183
-1.9023 -53.0628 10.2828 -72.936877
-1.2374 -53.7481 8.8883 -72.935555
-0.2338 -55.4757 8.438 -72.934235
0.9268 -57.1391 8.1846 -72.93291
2.1659 -58.7648 8.26 -72.931579
2.7966 -60.3652 9.2072 -72.93024
3.5606 -62.0815 8.7826 -72.928896
4.1051 -63.9769 8.2533 -72.927543
4.7728 -65.8913 8.0534 -72.926188
5.555 -67.7898 8.1794 -72.924829
5.4215 -69.7319 8.5591 -72.923465
5.3722 -71.1779 9.39 -72.922091
6.6015 -72.8224 9.4344 -72.920714
7.9091 -74.3345 9.4579 -72.919331
9.1469 -75.9691 9.4502 -72.917943
10.0298 -77.8076 9.4917 -72.916552
10.7723 -79.6982 9.5101 -72.915153
12.3735 -80.8411 9.4583 -72.913752
13.4145 -82.6176 9.4397 -72.912344
14.1594 -84.5026 9.6273 -72.910931
14.908 -86.352 10.0263 -72.909512
15.6285 -88.1574 10.421 -72.90809
16.2688 -90.0988 10.1972 -72.906661
16.8061 -92.0324 10.2983 -72.905231
18.0591 -93.5211 10.9131 -72.903795
19.0692 -95.1762 11.592 -72.902355
20.0514 -96.8019 12.3554 -72.900912
20.7986 -98.4251 13.1509 -72.899463
22.3425 -99.643 13.6764 -72.898011
23.1324 -101.4525 13.8694 -72.896555
24.2278 -103.1764 13.8286 -72.895094
25.7948 -104.4654 13.8973 -72.893631
27.3532 -105.7951 13.951 -72.892166
28.4996 -107.4233 13.9547 -72.890696
30.0108 -108.56 13.6639 -72.889222
31.1081 -108.6091 12.0588 -72.88772
29.9694 -109.9097 10.9348 -72.886104
28.8308 -111.2104 9.8109 -72.884524
27.6922 -112.511 8.6869 -72.882982
26.8377 -113.4766 7.7017 -72.881458
28.1153 -111.9666 8.2837 -72.879841
29.3929 -110.4565 8.8658 -72.878263
30.6706 -108.9464 9.4479 -72.876724
31.1787 -108.9746 10.7509 -72.875173
31.0798 -109.3078 12.7833 -72.873616
31.1974 -110.3892 14.0207 -72.872087
31.8589 -112.2436 14.4776 -72.870565
32.2207 -114.0808 14.8897 -72.869042
32.3754 -116.0895 14.7382 -72.867518
33.2282 -117.7627 14.1097 -72.865992
34.0263 -119.6079 13.7086 -72.864468
34.4263 -121.5938 13.4703 -72.862943
34.6735 -123.5948 13.4834 -72.86142
34.4631 -125.6138 13.6554 -72.859899
35.477 -127.1975 13.9548 -72.858382
36.4488 -128.3733 14.9241 -72.856858
36.0423 -130.1872 15.3722 -72.855329
35.1621 -131.5518 15.4371 -72.85381
35.6418 -129.8523 14.8263 -72.852304
35.0348 -128.0619 14.2107 -72.850801
35.5446 -129.8444 14.1534 -72.8493
35.6291 -131.8577 14.0497 -72.847808
34.8485 -133.6181 13.7199 -72.846323
34.2995 -135.3089 12.7219 -72.844845
33.9891 -137.2127 12.2496 -72.843377
34.6951 -139.1364 12.158 -72.841919
34.4342 -141.0719 12.4762 -72.840471
34.9496 -142.8915 13.1328 -72.839031
35.1207 -144.6736 12.8365 -72.837606
36.0553 -146.4708 12.5635 -72.836194
36.5162 -147.9232 11.2272 -72.834789
37.0821 -149.6924 10.5935 -72.833407
38.1845 -151.3675 10.8233 -72.832042
38.9786 -152.5573 11.4668 -72.830692
38.5512 -154.4927 11.7745 -72.829354
38.9845 -156.4817 12.0272 -72.828034
38.8087 -158.4686 12.102 -72.826739
39.4316 -160.3993 12.1561 -72.825467
40.017 -162.1492 11.7738 -72.824216
39.9044 -164.0643 11.3068 -72.822995
40.4166 -165.9089 10.6066 -72.821799
41.3853 -167.5493 10.7632 -72.820635
42.1247 -169.1267 11.6727 -72.819501
42.1485 -170.8263 12.6221 -72.818398
41.2541 -172.1527 13.7028 -72.817334
41.3329 -173.6405 14.3131 -72.816306
41.6008 -174.8677 12.6805 -72.815314
41.8738 -176.7997 12.275 -72.814367
42.7438 -178.5456 11.9564 -72.813466
43.2439 -180.4578 12.0397 -72.812611
43.3656 -182.4295 12.4106 -72.811804
43.6747 -184.2146 13.2717 -72.811047
44.1736 -186.1236 13.8383 -72.810346
44.3535 -187.9066 14.7675 -72.809701
44.8726 -189.5685 15.6922 -72.809116
45.4404 -191.1005 14.5715 -72.808593
46.1386 -192.9259 14.1459 -72.808136
46.6287 -194.8895 13.783 -72.807747
47.9055 -196.4354 13.3908 -72.80743
49.0241 -197.9564 13.467 -72.807187
49.8322 -199.3762 13.2319 -72.807022
51.04 -200.3986 12.0409 -72.806937
-16.8109 -27.3553 2.8101 -72.960945
-17.497 -28.3029 4.2038 -72.960079
-18.1984 -29.271 5.5067 -72.959234
-18.2577 -29.3412 3.7473 -72.958252
-18.2679 -29.344 1.9276 -72.957293
-18.2781 -29.3467 0.108 -72.956359
-18.2883 -29.3494 -1.7116 -72.955452
-18.2985 -29.3522 -3.5313 -72.954569
-18.8534 -30.5664 -3.9808 -72.9537
-18.8107 -32.318 -3.8597 -72.952824
-19.3066 -34.0554 -3.7456 -72.951945
-18.9488 -34.5418 -2.2544 -72.951059
-18.3075 -35.7012 -1.0566 -72.950168
-18.003 -37.2922 -0.254 -72.949276
-17.2153 -38.7422 0.5062 -72.94838
-17.2992 -40.1694 1.5541 -72.94748
-17.1185 -41.7267 2.3954 -72.946575
-17.083 -42.8762 3.6698 -72.945662
-17.3639 -44.4413 4.545 -72.944747
-18.2212 -45.6938 5.2818 -72.943834
-18.9632 -46.7735 4.1464 -72.942916
-19.2427 -47.6114 2.5633 -72.941988
-19.7572 -49.1601 2.2576 -72.941066
-20.0441 -50.8741 2.5491 -72.940144
-20.3286 -52.4364 3.2684 -72.939221
-19.8077 -53.8024 3.6098 -72.938295
-19.2008 -54.6661 2.2731 -72.937361
-18.7221 -56.0354 2.9434 -72.936425
-18.7365 -56.729 4.1896 -72.93549
-18.8997 -58.1413 5.2798 -72.934559
-18.8149 -59.8936 5.7078 -72.933632
-18.9822 -61.072 7.0484 -72.932704
-19.3934 -62.5349 8.0119 -72.931784
-19.547 -63.8484 9.0694 -72.930863
-19.5772 -65.5723 8.63 -72.929954
-19.258 -67.3139 8.3405 -72.929051
-19.7508 -69.0603 8.364 -72.928157
-19.9946 -70.8175 8.7102 -72.927269
-19.8037 -72.5539 9.1873 -72.926391
-19.7201 -74.3251 9.5635 -72.925522
-20.2567 -75.9938 9.7611 -72.924665
-19.7758 -77.7066 9.8918 -72.923821
-19.8692 -79.394 10.0722 -72.922992
-20.6153 -80.6503 10.7965 -72.922179
-20.8101 -82.0334 11.1362 -72.921385
-21.8468 -83.2751 10.5156 -72.920612
-22.3598 -84.646 11.4203 -72.919859
-22.8139 -86.2646 12.0203 -72.91913
-22.9433 -87.4114 13.1988 -72.91842
-23.2601 -88.7922 14.1473 -72.917741
-23.5187 -90.5915 14.1567 -72.917096
-23.7693 -92.3875 14.2837 -72.916483
-23.9193 -94.161 14.5659 -72.915905
-24.765 -95.4177 14.2775 -72.915364
-25.6946 -96.5629 13.7452 -72.914864
-26.3361 -98.2508 13.7081 -72.914407
-26.22 -99.6251 14.4174 -72.91399
-26.029 -100.2322 16.1217 -72.913622
-25.98 -100.9366 17.7977 -72.913307
-26.1774 -101.1961 19.58 -72.91304
-26.4133 -101.3806 21.3748 -72.91284
-26.5757 -102.9017 22.0388 -72.912705
-26.565 -104.1061 22.8298 -72.912635
-10.4886 -18.1238 0.6694 -72.96789
-10.4015 -18.057 0.4643 -72.967217
-11.3637 -19.3353 1.4826 -72.966409
-12.4409 -20.4928 2.3203 -72.965454
-13.7335 -21.882 2.6066 -72.964418
-14.3525 -23.4451 1.6476 -72.963375
-14.7639 -24.7529 0.4153 -72.962327
-15.0123 -25.6795 -1.2982 -72.961272
-14.7483 -27.3027 -2.2341 -72.960213
-14.1682 -28.7546 -3.3613 -72.959146
-14.1335 -30.3237 -2.5621 -72.958073
-14.176 -32.0715 -1.7097 -72.956996
-14.076 -33.7889 -0.9359 -72.955914
-13.8862 -35.6563 -1.4771 -72.954827
-13.5408 -37.5381 -1.8551 -72.953735
-12.9254 -39.3671 -2.0095 -72.952635
-12.8947 -41.2639 -2.5483 -72.951532
-12.5093 -43.0891 -2.3969 -72.950424
-11.8636 -44.7358 -1.5183 -72.949303
-11.3409 -46.4019 -0.6056 -72.948178
-11.0233 -47.5467 0.9658 -72.947041
-10.5913 -48.4457 2.6789 -72.945905
-10.1405 -50.0833 3.3431 -72.944767
-10.2934 -51.7904 2.9275 -72.943622
-10.88 -52.8858 1.4404 -72.942466
-11.0363 -54.4811 1.7038 -72.941311
-11.1458 -56.3254 2.378 -72.940149
-10.357 -57.7555 3.4384 -72.938982
-10.1358 -58.8326 4.9901 -72.937808
-10.3077 -60.6124 5.6598 -72.936628
-11.2813 -62.2927 6.0116 -72.935444
-11.7958 -64.1934 6.181 -72.934256
-12.4342 -66.0517 6.3974 -72.933061
-11.9522 -67.7789 6.8906 -72.93186
-11.6762 -69.0382 8.2561 -72.930655
-11.713 -70.0381 9.9612 -72.929446
-11.8555 -70.9146 11.6774 -72.928223
-12.8132 -71.5235 13.2459 -72.927003
-13.5753 -72.2336 12.7301 -72.925777
-14.1638 -73.7043 11.8882 -72.924549
-14.4131 -75.2707 10.815 -72.923319
-13.5782 -77.0011 10.3425 -72.922083
-13.3259 -78.9499 10.1371 -72.920844
-13.3622 -80.9141 10.3308 -72.919604
-14.2376 -82.5066 10.9807 -72.918363
-14.7845 -84.1023 11.9265 -72.917117
-15.3519 -85.4422 12.6525 -72.915867
-15.7865 -86.6616 12.098 -72.914614
-16.5522 -87.7496 13.5364 -72.91336
-17.1687 -89.5648 13.8022 -72.912108
-18.2162 -91.1682 13.885 -72.910854
-19.5493 -92.634 13.9514 -72.909601
-20.3209 -94.4426 13.8656 -72.908347
-21.0095 -96.2837 13.6721 -72.907094
-21.3384 -97.8523 13.9673 -72.905829
-21.6939 -97.8965 15.9193 -72.904552
-22.3276 -98.0602 17.7316 -72.903293
-21.887 -98.9874 16.7979 -72.902026
-22.8153 -99.7306 15.3374 -72.900777
-24.3779 -100.6691 14.7056 -72.899534
-24.3457 -102.6276 14.3888 -72.8983
-24.5768 -104.5617 14.2213 -72.897073
-24.8282 -106.5067 14.2205 -72.895851
-25.0574 -108.4614 14.1941 -72.894639
-25.5558 -110.3378 14.0236 -72.893435
-26.9412 -111.6652 13.5497 -72.892241
-27.6548 -113.1993 12.651 -72.891058
-27.9593 -114.1646 11.0361 -72.889874
-28.3565 -115.3746 10.0919 -72.88872
-29.1471 -116.4978 9.0352 -72.887575
-29.5399 -117.0458 7.1689 -72.886437
-29.9596 -117.6548 5.3281 -72.885324
-30.9613 -118.935 4.5188 -72.884238
-32.1435 -120.2324 4.6581 -72.883171
-32.9363 -121.0473 6.2793 -72.882123
-33.621 -122.2206 7.5953 -72.881103
-33.9105 -123.585 8.7937 -72.880107
-34.4873 -124.3869 10.3397 -72.87914
-35.0405 -125.7656 11.4307 -72.878207
-34.701 -127.6323 11.772 -72.877307
-35.3063 -129.4991 11.9181 -72.87644
-35.9903 -131.3268 11.7835 -72.875611
-37.6819 -132.1342 11.31 -72.874823
-38.5009 -133.4806 10.3217 -72.874076
-38.4967 -134.7419 8.9782 -72.87337
-39.2613 -136.1191 9.0235 -72.872715
-39.6486 -137.8732 9.0943 -72.872112
-40.3927 -139.5578 8.4232 -72.871563
-41.3357 -141.2284 8.0319 -72.871071
-41.7461 -143.1332 7.6854 -72.870639
-42.0138 -145.0056 7.4829 -72.870271
-41.9887 -146.6225 8.5512 -72.869968
-43.1363 -148.1444 8.915 -72.869737
-43.8626 -149.8828 8.3731 -72.869578
-44.926 -151.4033 7.7386 -72.869497
-9.353 -14.8211 0.2731 -72.970743
-11.0559 -15.5864 0.7158 -72.969856
-12.8605 -15.9487 1.177 -72.968761
-14.323 -16.6873 2.6356 -72.966733
-15.6273 -17.7486 4.2904 -72.965033
-16.5612 -19.3299 4.837 -72.964264
-17.0333 -20.2944 6.2453 -72.963399
-17.8874 -21.5361 7.3823 -72.962512
-18.8508 -22.9769 8.1796 -72.961622
-19.5099 -24.5801 8.9543 -72.960727
-19.7318 -25.6734 10.3712 -72.95982
-19.6375 -26.5275 11.987 -72.958904
-20.9183 -27.5166 12.4491 -72.95799
-21.2964 -29.0814 13.3143 -72.957069
-21.83 -30.7644 14.0149 -72.956141
-22.4092 -32.288 14.7504 -72.955208
-23.1716 -32.8787 16.4102 -72.954258
-23.4458 -33.3976 17.1662 -72.953316
-23.9797 -35.1098 17.8018 -72.952366
-25.2888 -36.4276 18.1128 -72.951412
-26.4013 -37.9363 18.2431 -72.950455
-27.2908 -39.5473 18.3867 -72.949492
-28.9068 -40.2841 18.3568 -72.948524
-28.8386 -41.8551 18.071 -72.947551
-30.0593 -43.3052 18.0707 -72.946574
-30.6546 -44.9959 18.2212 -72.94559
-31.4097 -46.5757 18.3297 -72.944603
-32.6885 -47.8644 18.2798 -72.943612
-33.6705 -49.4532 18.3794 -72.942621
-34.3435 -51.1833 18.7706 -72.941627
-35.0428 -52.643 19.7515 -72.940629
-35.9334 -53.9164 20.8542 -72.939631
-36.4958 -55.5633 21.6175 -72.938632
-37.1515 -57.2664 22.1901 -72.937635
-37.503 -58.9135 22.7742 -72.936632
-37.2767 -60.629 23.5408 -72.935627
-38.3487 -62.1152 24.0868 -72.934628
-38.7835 -63.8894 24.6417 -72.93363
-39.0307 -65.5698 25.4324 -72.932636
-39.2448 -67.4312 25.7075 -72.931643
-39.4113 -69.2406 26.1323 -72.930655
-38.2265 -70.1613 27.1367 -72.929671
-37.9293 -71.6381 28.1838 -72.928689
-36.7386 -72.8721 28.5562 -72.927716
-35.4143 -74.1273 28.8617 -72.926752
-33.8413 -75.1427 29.2839 -72.925775
-32.9832 -76.7229 29.5771 -72.924828
-33.6399 -75.092 29.1649 -72.923876
-33.1635 -76.3575 28.5144 -72.922942
-32.6394 -77.9449 29.3953 -72.922023
-31.5586 -79.4236 29.8926 -72.921104
-30.8094 -81.0765 30.3763 -72.920206
-31.5811 -82.6547 30.6865 -72.919339
-31.7168 -84.5489 30.8274 -72.918493
-31.5105 -86.4537 30.8357 -72.917671
-31.5377 -88.3667 30.7633 -72.916875
-31.4829 -90.279 30.6456 -72.916105
-31.9235 -92.1277 30.4947 -72.915367
-32.2806 -93.9944 30.2829 -72.914663
-33.2826 -95.4749 30.073 -72.913993
-34.2923 -96.3147 29.212 -72.91336
-33.7984 -97.5646 29.0456 -72.912765
-33.365 -98.5644 30.3242 -72.912211
-34.9529 -99.5888 30.5864 -72.911706
-35.3561 -101.2379 30.5528 -72.91125
-35.425 -102.1901 29.7785 -72.910846
-35.4381 -103.6106 30.0236 -72.910499
-35.4329 -104.9525 28.8355 -72.910214
-35.4888 -106.6151 28.0477 -72.909995
-35.1318 -108.0258 29.2064 -72.909843
-34.5346 -109.5447 30.0645 -72.909766
-15.445 -16.6758 3.4162 -72.965025
-17.1123 -16.5493 2.7023 -72.964267
-18.8242 -16.1183 2.2844 -72.963414
-20.5247 -15.3962 2.2003 -72.962545
-22.3116 -15.3473 2.4856 -72.961673
-24.0423 -14.9367 2.9859 -72.960791
-25.7912 -14.8802 3.5418 -72.959902
-27.6376 -14.8877 3.7424 -72.959009
-29.4617 -14.8882 3.7168 -72.95811
-31.2202 -15.3922 3.5297 -72.957201
-32.7539 -15.8243 2.9445 -72.956282
-34.0829 -16.2305 1.7975 -72.95536
-35.3566 -17.1047 0.7776 -72.954433
-36.7811 -17.3591 0.0703 -72.953503
-38.4049 -17.2529 0.8951 -72.95257
-40.1857 -16.9717 1.2216 -72.951629
-41.9745 -17.3706 1.348 -72.950683
-43.6645 -17.7288 1.1737 -72.94973
-45.1638 -16.9527 0.472 -72.948774
-46.3865 -16.2335 -0.6264 -72.94781
-48.1583 -16.038 -0.1893 -72.946839
-49.5586 -16.5997 0.7893 -72.945862
-50.6275 -17.7832 1.5574 -72.944883
-52.4581 -17.9497 1.6886 -72.9439
-54.2203 -17.8442 1.1278 -72.942913
-55.6575 -18.4041 0.1681 -72.94192
-57.139 -19.2179 -0.5793 -72.940923
-58.8775 -19.6978 -0.9928 -72.939924
-60.4992 -20.5497 -0.8751 -72.938925
-62.2699 -20.9516 -0.784 -72.937922
-63.9605 -21.4851 -1.2025 -72.936909
-65.769 -21.6468 -1.2364 -72.935902
-67.4074 -21.948 -2.0416 -72.934893
-69.2303 -22.0478 -2.2783 -72.933886
-71.0405 -22.3933 -2.2 -72.932875
-72.76 -22.6876 -1.8978 -72.931866
-74.4248 -22.1245 -1.3042 -72.930859
-75.468 -21.5676 0.0962 -72.929851
-76.805 -21.0117 0.8974 -72.928846
-78.6304 -21.1688 0.7939 -72.92785
-80.2126 -21.6023 1.4208 -72.926857
-81.9055 -21.4802 1.8938 -72.92587
-83.3789 -20.5725 2.4839 -72.924889
-84.8475 -20.092 3.3977 -72.923918
-85.8797 -19.4106 4.4732 -72.922951
-86.9877 -17.9771 4.3817 -72.921999
-88.4094 -16.917 4.436 -72.921059
-89.1332 -16.2863 5.8123 -72.920122
-89.6827 -16.0961 7.5766 -72.919201
-90.6073 -14.9923 8.5732 -72.918306
-91.6573 -14.5236 9.9347 -72.917429
-92.216 -13.6924 11.4126 -72.916565
-93.3323 -12.5367 11.3011 -72.915735
-94.3529 -11.3333 10.4637 -72.914929
-95.9243 -11.359 10.3327 -72.914151
-97.085 -12.6874 10.4076 -72.913402
-98.637 -11.9209 10.4364 -72.912686
-99.8512 -10.5582 10.1484 -72.912008
-101.1467 -9.2581 9.9913 -72.911365
-102.9108 -8.8466 10.0308 -72.910766
-104.2043 -7.6318 10.4372 -72.910213
-105.7848 -7.7377 11.2376 -72.909706
-107.5295 -7.7352 11.7584 -72.909251
-108.7114 -6.5165 12.2914 -72.908852
-108.6826 -5.013 12.9437 -72.908507
-109.4316 -4.9691 14.0337 -72.908224
-110.9911 -5.321 13.2911 -72.908006
-112.3812 -4.7789 12.2565 -72.907858
-113.4541 -4.4164 10.8172 -72.907781
-15.5545 -17.632 4.3033 -72.96508
-16.8149 -18.3686 5.0193 -72.964455
-18.1535 -17.7371 5.9254 -72.963743
-19.3957 -17.6568 7.1162 -72.963015
-20.6245 -17.4395 8.329 -72.962283
-21.4073 -17.0773 9.8446 -72.961542
-22.3291 -16.4593 11.1562 -72.960801
-23.7986 -16.4039 12.1053 -72.960055
-24.636 -16.4397 13.5353 -72.959297
-26.0492 -16.413 14.4153 -72.958543
-26.5091 -16.6788 16.0866 -72.95777
-27.6416 -17.5424 16.452 -72.957009
-28.9683 -17.6171 17.1518 -72.956245
-30.2529 -16.8642 18.0015 -72.955479
-31.8112 -16.9615 18.7079 -72.954706
-32.7125 -16.0015 17.8716 -72.953934
-33.9732 -15.3124 17.8919 -72.953159
-35.5154 -14.9405 18.541 -72.952381
-36.8148 -15.2621 19.6037 -72.9516
-38.1095 -15.3947 20.6532 -72.950821
-39.3709 -15.3085 20.5665 -72.950034
-39.9084 -15.4165 22.2463 -72.949239
-41.4898 -16.1032 22.568 -72.948458
-43.1935 -16.3081 22.9719 -72.94768
-44.8671 -16.1005 23.426 -72.946905
-46.5874 -16.255 23.8037 -72.94613
-48.2806 -16.146 24.1613 -72.945365
-49.8848 -15.6408 24.6252 -72.944605
-51.569 -15.5809 25.1077 -72.943852
-53.1934 -15.8717 25.7123 -72.943108
-54.8397 -16.0518 26.2602 -72.942371
-56.4663 -15.7486 26.8593 -72.941651
-57.6381 -14.8744 27.7621 -72.940944
-58.8394 -13.7889 28.4214 -72.940251
-60.1932 -13.1386 29.3328 -72.939572
-61.8304 -12.6017 29.6751 -72.938914
-63.5039 -12.1508 29.7076 -72.938277
-64.8861 -11.121 29.4315 -72.937662
-65.5954 -10.0293 28.2627 -72.93707
-66.3587 -9.069 29.1123 -72.936506
-67.3994 -7.9254 29.8988 -72.93597
-68.8854 -7.8686 29.963 -72.935468
-70.5505 -7.352 29.9726 -72.935002
-72.0497 -6.4284 30.0037 -72.934573
-73.5599 -5.5098 29.9785 -72.934185
-74.8786 -4.3323 29.9264 -72.93383
-76.2236 -3.1844 29.9023 -72.933535
-77.2186 -1.7362 29.9278 -72.933292
-78.2778 -0.5048 29.7779 -72.933104
-79.9939 -0.3567 29.5292 -72.932976
-81.6519 -0.1123 29.479 -72.932909
-15.2282 -17.1379 4 -72.96535
-15.8134 -17.8487 4 -72.965317
-16.4306 -18.5318 4 -72.9653
-13.8552 -16.3527 0.6773 -72.968089
-6.8126 -12.9962 0.0714 -72.971356
-5.8684 -15.48 0.0572 -72.970564
-5.4058 -18.0693 0.0621 -72.969552
-4.8048 -20.6622 0.1442 -72.96828
-4.2378 -23.1032 0.3354 -72.966703
-4.2185 -23.3173 3.0099 -72.964142
-4.1991 -23.5292 5.6846 -72.961568
-3.9404 -24.0329 8.0609 -72.959033
-2.9465 -26.4423 7.8893 -72.956465
-2.9898 -29.1239 7.9366 -72.953837
-2.8312 -31.7921 8.079 -72.95114
-2.7737 -34.4658 8.0848 -72.948375
-3.1335 -36.1267 6.8772 -72.94549
-2.9668 -36.5649 4.2354 -72.942528
-3.5563 -38.3842 2.8887 -72.939535
-4.3063 -40.3834 1.497 -72.936452
-4.1208 -42.6459 0.2252 -72.933293
-4.2362 -43.7827 0.8959 -72.930775
-3.8312 -43.4159 2.8085 -72.928992
-3.4263 -43.0492 4.7211 -72.927243
-3.0214 -42.6825 6.6338 -72.925528
-2.6164 -42.3158 8.5464 -72.923846
-2.2115 -41.949 10.459 -72.922197
-1.8006 -41.5642 12.3611 -72.920582
-1.0504 -39.8462 12.7392 -72.918934
0.1758 -38.6585 13.5417 -72.917279
1.5902 -38.0395 13.8599 -72.915584
3.2347 -39.0768 14.2093 -72.913881
3.2862 -40.8715 14.6526 -72.912151
3.0921 -42.2179 15.9515 -72.9104
3.289 -43.8273 17.0278 -72.908627
3.7676 -45.0577 18.3989 -72.906819
5.3853 -45.2551 17.5078 -72.904986
6.4565 -45.5185 16.2146 -72.903095
6.4601 -45.5688 14.2263 -72.901171
7.3041 -46.1013 15.3965 -72.89923
7.7212 -46.6728 17.2551 -72.897248
8.2906 -47.8462 18.7417 -72.895254
8.7291 -49.4862 19.2615 -72.893785
9.1255 -50.9461 19.7272 -72.892887
10.0364 -52.2198 19.9693 -72.891992
10.7133 -53.6545 20.0389 -72.891095
11.8089 -54.3454 19.5071 -72.890191
12.1976 -54.6669 17.9921 -72.889287
13.1099 -54.8336 16.8714 -72.888387
13.5838 -54.6626 15.3738 -72.887433
13.6588 -54.6533 13.7788 -72.886349
13.7337 -54.644 12.1838 -72.885298
13.8087 -54.6347 10.5888 -72.884283
13.8837 -54.6254 8.9938 -72.883301
13.9586 -54.6161 7.3988 -72.882354
14.0336 -54.6068 5.8038 -72.881441
14.1085 -54.5975 4.2088 -72.880563
14.1663 -54.5744 2.6132 -72.879589
14.2206 -54.5486 1.0176 -72.878613
14.2749 -54.5228 -0.5781 -72.877675
14.3293 -54.497 -2.1737 -72.876774
14.3836 -54.4712 -3.7694 -72.87591
14.4379 -54.4454 -5.365 -72.875084
13.7113 -55.8095 -5.5929 -72.874281
13.1825 -57.2536 -6.0072 -72.873489
12.9567 -58.7053 -6.561 -72.872712
12.6682 -60.0281 -7.37 -72.871949
12.3514 -61.5353 -7.7387 -72.871202
11.9771 -63.0578 -7.8716 -72.870473
11.7617 -64.6275 -7.7751 -72.869763
11.4655 -65.9109 -8.3481 -72.869071
11.6675 -66.9063 -9.5712 -72.868399
11.728 -68.3207 -9.6289 -72.867748
11.6975 -68.4625 -8.07 -72.867122
11.4235 -69.5735 -7.0162 -72.866525
11.1196 -70.8404 -6.109 -72.865955
11.0275 -71.8722 -4.9846 -72.865412
11.2426 -73.2528 -4.3725 -72.8649
10.7531 -74.6674 -3.9199 -72.864422
10.425 -76.2016 -3.7062 -72.863976
10.77 -77.7411 -3.6532 -72.863566
11.0786 -79.2552 -3.6604 -72.863194
11.425 -80.7723 -3.755 -72.862862
11.2996 -82.2807 -4.0128 -72.862572
11.9706 -83.6675 -4.3963 -72.862325
12.7118 -84.5829 -3.8154 -72.862121
13.1706 -85.4159 -2.5821 -72.861966
13.3664 -86.853 -1.9391 -72.861861
13.3682 -87.667 -0.8755 -72.861807
8.6263 -48.9248 19.7774 -72.893831
8.971 -49.5407 20.9869 -72.893031
9.2099 -51.0475 20.8184 -72.892236
10.0927 -52.2943 20.5532 -72.891447
10.6868 -53.724 20.4404 -72.890663
11.4461 -54.1517 19.6321 -72.889871
11.5442 -54.2966 18.1881 -72.889086
12.9332 -54.8812 18.406 -72.888316
13.2774 -55.294 19.8309 -72.887532
13.7729 -56.2787 20.5319 -72.886773
14.3885 -57.7019 20.5127 -72.886021
15.16 -59.0485 20.6431 -72.885279
15.6443 -60.0525 21.5504 -72.884542
16.2084 -60.988 22.5631 -72.883817
17.2577 -61.2039 23.519 -72.883106
18.4454 -61.8839 23.9975 -72.882409
19.1422 -63.2514 24.2481 -72.881725
19.671 -63.8624 25.3071 -72.881045
20.2623 -64.3588 26.3522 -72.880388
21.638 -65.0559 26.1487 -72.879751
22.7173 -66.1327 25.8633 -72.879095
23.7256 -67.2733 25.5197 -72.878471
24.6112 -68.47 25.1932 -72.877887
24.9681 -69.954 24.971 -72.877327
24.9964 -70.9802 24.2159 -72.876764
24.9684 -71.117 22.6615 -72.876203
24.9404 -71.2538 21.1072 -72.875685
24.9124 -71.3907 19.5528 -72.87521
24.8648 -71.4567 17.9963 -72.874773
24.9221 -71.7069 16.7213 -72.874369
25.4185 -72.6144 17.5247 -72.873989
25.5779 -72.8182 19.0637 -72.873639
25.6724 -73.1458 20.5059 -72.873334
25.5385 -73.7136 21.7923 -72.873059
25.5469 -73.9336 23.3373 -72.872823
25.5553 -74.1535 24.8823 -72.872636
26.4257 -75.2629 24.9859 -72.872494
26.2037 -76.801 24.991 -72.872396
26.3234 -78.3421 25.0702 -72.872347
-4.7208 -44.7161 -0.023 -72.931203
-5.1299 -46.1818 0.6944 -72.930242
-5.3697 -46.9913 2.259 -72.929274
-5.7718 -48.0995 3.5791 -72.928306
-6.3113 -49.4357 4.5711 -72.927332
-6.1052 -51.0319 5.3148 -72.926355
-5.9754 -52.7323 5.8136 -72.925374
-5.3005 -54.3124 6.0843 -72.924388
-5.5666 -55.9139 6.2159 -72.923397
-6.3626 -57.4622 6.4728 -72.922403
-7.4327 -58.7683 6.9386 -72.921403
-8.3123 -60.0607 7.6969 -72.920399
-9.2075 -61.5771 7.5449 -72.919394
-10.0182 -63.1512 7.7642 -72.918384
-10.4982 -64.8336 7.9938 -72.917372
-11.098 -66.494 8.2496 -72.916355
-11.5795 -68.0917 8.8213 -72.915335
-11.4778 -69.48 9.814 -72.914315
-11.3768 -70.9824 10.6772 -72.913289
-11.1615 -72.6665 10.9417 -72.912259
-11.9531 -74.0675 10.3517 -72.911228
-12.2253 -75.2856 9.1163 -72.910195
-12.386 -76.5528 7.8889 -72.909163
-12.4919 -77.8973 6.8778 -72.908127
-12.6418 -79.6702 6.7282 -72.907092
-12.8923 -81.2283 7.3625 -72.906055
-13.0636 -82.0267 8.8276 -72.905009
-12.8375 -83.2389 8.8894 -72.903973
-12.4716 -84.694 8.0205 -72.902936
-12.6797 -85.5671 7.0599 -72.901896
-12.5183 -84.1321 6.1622 -72.900852
-12.5292 -84.0813 7.3739 -72.899807
-11.895 -85.6688 7.8198 -72.898766
-11.5229 -87.2946 8.4116 -72.897731
-10.3324 -88.1124 9.2259 -72.896699
-10.675 -89.8262 9.467 -72.895668
-11.2148 -91.4903 9.7261 -72.894646
-11.4919 -93.2205 9.9224 -72.893633
-11.8689 -94.9605 9.9938 -72.892624
-12.2215 -96.7085 9.9892 -72.891627
-12.5548 -98.4528 9.9031 -72.890637
-13.101 -100.1246 9.6027 -72.889659
-13.6123 -101.6942 9.0552 -72.888691
-14.5178 -102.8115 8.0351 -72.887733
-14.732 -103.8321 6.6289 -72.886785
-14.736 -104.949 5.3416 -72.88585
-14.7897 -105.5564 3.6632 -72.884929
-14.9175 -106.1934 2.0059 -72.884027
-14.8119 -107.3154 0.66 -72.883153
-14.3904 -108.3157 -0.7477 -72.882294
-14.0768 -109.6227 -1.5126 -72.881463
-14.1581 -111.3783 -1.2027 -72.880656
-14.4574 -112.7137 -0.3129 -72.87987
-14.5581 -113.8268 1.0481 -72.879115
-14.5629 -114.7419 2.5821 -72.878384
-14.3372 -115.8187 3.9677 -72.87769
-14.0073 -116.8255 5.38 -72.877027
-13.5104 -118.0936 6.4955 -72.876401
-13.0668 -119.695 6.5246 -72.875813
-12.4966 -121.0534 5.5568 -72.875266
-12.0851 -122.6625 5.1356 -72.874762
-12.5004 -124.2153 4.474 -72.874301
-12.6759 -125.9354 4.076 -72.873891
-13.0189 -127.5669 3.9008 -72.873529
-13.6129 -129.2115 3.7998 -72.873221
-14.5095 -130.7248 3.617 -72.87297
-15.1909 -132.314 3.2206 -72.872777
-16.0458 -133.6469 2.4524 -72.872645
-17.0046 -135.0632 2.0492 -72.872578
-3.6471 -8.0538 -0.0157 -72.972088
-1.3228 -8.9468 -0.0471 -72.971462
0.9314 -9.9936 -0.0832 -72.970789
2.6625 -11.7633 -0.1495 -72.969955
3.884 -13.4015 -0.8686 -72.968631
4.2751 -14.1359 -3.2157 -72.965699
4.6663 -14.8703 -5.5627 -72.962807
5.0575 -15.6047 -7.9097 -72.959956
5.4487 -16.3392 -10.2567 -72.957145
5.5082 -15.6747 -11.481 -72.955028
5.7528 -14.1284 -10.9972 -72.953712
5.1317 -14.013 -9.0503 -72.952356
5.6382 -14.026 -8.2186 -72.950924
7.6439 -14.2766 -7.8039 -72.949466
9.6042 -14.0356 -7.3728 -72.94803
11.4824 -13.5321 -6.7322 -72.946562
12.4397 -13.1153 -5.3274 -72.945058
13.1732 -12.7275 -3.4442 -72.943505
14.0029 -12.5015 -1.5695 -72.941913
14.9232 -12.6143 0.2611 -72.94029
16.0509 -12.8503 1.9217 -72.938631
17.2291 -12.7352 3.6117 -72.936915
18.6969 -13.072 4.9744 -72.935198
20.4387 -12.843 5.9867 -72.933441
22.2399 -12.9948 6.2182 -72.932166
23.7688 -13.3762 5.9788 -72.931407
25.0057 -12.6222 5.3936 -72.930646
26.3571 -12.2571 4.8087 -72.929885
27.8738 -11.9691 4.5669 -72.929121
29.2461 -11.1445 4.4391 -72.928357
30.8012 -10.7714 4.3716 -72.927596
32.3851 -10.5715 4.2891 -72.926834
33.2233 -10.1298 4.9983 -72.926067
34.0663 -9.8024 5.9221 -72.925304
35.5597 -9.845 6.5062 -72.924545
36.9026 -9.7278 7.2501 -72.923786
38.2463 -9.5474 7.9246 -72.923036
39.7277 -9.1425 8.3952 -72.92229
41.1759 -8.7377 8.951 -72.92155
42.5633 -8.3419 9.5488 -72.920813
43.7337 -8.1277 8.583 -72.920084
45.1311 -8.0308 7.9631 -72.919366
46.5242 -8.3092 7.3517 -72.91866
47.4104 -8.3281 6.0274 -72.917959
48.547 -8.1523 4.9694 -72.917275
50.1277 -8.0481 4.8161 -72.916606
51.0302 -8.412 5.9293 -72.91594
52.4231 -8.5023 6.17 -72.9153
53.895 -8.5955 6.6905 -72.914675
54.9911 -8.7652 7.7616 -72.914071
56.4893 -8.9904 7.679 -72.91349
57.587 -10.1308 7.9043 -72.912934
59.0801 -10.6364 8.1455 -72.9124
60.6014 -11.0022 8.4608 -72.911897
61.9959 -11.5958 8.0265 -72.911423
62.9752 -11.9724 7.058 -72.910973
63.4644 -12.0743 5.5381 -72.910557
64.0395 -11.9612 4.047 -72.910173
64.4337 -11.9546 2.4888 -72.909826
64.823 -11.932 0.9297 -72.909522
65.2041 -11.8836 -0.6309 -72.909264
65.5558 -11.8356 -2.1985 -72.909051
65.8976 -11.7879 -3.7682 -72.908889
66.4194 -11.7876 -5.282 -72.908779
66.4944 -12.5596 -6.6605 -72.908722
21.8035 -12.9643 5.5087 -72.932028
22.2928 -12.8975 4.0421 -72.931017
22.782 -12.8307 2.5755 -72.930038
23.2713 -12.7639 1.1089 -72.929092
23.7606 -12.6971 -0.3578 -72.928179
24.2499 -12.6303 -1.8244 -72.927298
24.7391 -12.5635 -3.291 -72.92645
25.2284 -12.4967 -4.7576 -72.925634
25.7177 -12.4299 -6.2242 -72.924851
26.2069 -12.363 -7.6908 -72.9241
26.8935 -12.3131 -8.9994 -72.923377
27.9931 -12.1349 -10.0456 -72.922662
29.4155 -12.0244 -10.5719 -72.921954
30.9321 -12.139 -10.7879 -72.921255
32.4337 -12.4908 -10.7732 -72.920559
33.7283 -13.0404 -10.3346 -72.919874
34.9591 -13.7394 -9.781 -72.919199
36.3049 -14.3754 -9.3611 -72.918531
37.7863 -14.4064 -8.971 -72.917865
38.9765 -14.4204 -8.3072 -72.917211
39.509 -14.5028 -6.8771 -72.916575
40.803 -14.1184 -7.3333 -72.915961
42.1172 -13.7343 -7.9502 -72.915365
43.481 -14.2451 -8.4653 -72.914789
44.8322 -14.6862 -9.0455 -72.914233
46.2199 -15.1571 -9.5418 -72.913698
47.4998 -15.7968 -10.1041 -72.91319
48.4919 -16.341 -10.9949 -72.912706
49.2648 -16.5571 -12.2212 -72.912248
50.6437 -17.0063 -12.5265 -72.911823
52.1626 -17.2199 -12.7123 -72.91143
53.5098 -17.9199 -12.5815 -72.911072
54.8261 -18.5114 -12.0649 -72.91075
56.0144 -19.3898 -11.6485 -72.910467
57.1511 -20.3793 -11.2981 -72.910226
58.5784 -20.83 -11.009 -72.910028
59.5198 -21.3446 -11.6244 -72.909874
59.9152 -21.5013 -13.1121 -72.909769
60.3293 -21.6363 -14.5919 -72.909716
5.542 -17.4481 -11.9734 -72.95524
5.2752 -19.0549 -12.8511 -72.954371
4.5319 -20.5356 -13.6308 -72.953495
4.2842 -21.2679 -12.1504 -72.952599
4.5234 -21.5541 -11.2061 -72.951711
5.0916 -22.5097 -9.9139 -72.950811
5.6355 -23.6108 -8.5295 -72.949906
6.4022 -24.9693 -7.5369 -72.948995
6.6335 -26.3097 -6.3211 -72.94808
7.1852 -27.3717 -7.4784 -72.947152
7.7638 -28.2275 -9.037 -72.946221
9.1599 -28.8455 -10.0123 -72.945292
10.2945 -29.4271 -11.2255 -72.944356
12.0307 -29.9265 -10.7637 -72.943413
13.7255 -30.5864 -10.4924 -72.942467
15.1918 -31.515 -11.0288 -72.941518
16.7178 -31.6949 -12.0524 -72.940562
18.2188 -31.9125 -13.1144 -72.939602
19.9511 -32.1969 -13.7295 -72.938638
21.5074 -33.0418 -14.1745 -72.937635
22.8543 -34.2615 -14.6414 -72.936626
24.0059 -35.5947 -15.1729 -72.935648
24.5296 -37.1036 -15.7174 -72.934666
24.7232 -37.5624 -17.5262 -72.933668
25.1008 -38.2263 -19.2142 -72.932672
26.3789 -39.4506 -19.5884 -72.931685
28.1291 -39.8596 -20.0602 -72.930697
29.3513 -39.6098 -21.3429 -72.929704
30.6809 -38.9744 -22.3478 -72.92871
31.8544 -39.4408 -23.699 -72.927713
32.7072 -40.1312 -24.5207 -72.926718
34.1875 -40.0661 -24.2388 -72.925721
35.3747 -39.954 -25.6606 -72.924724
36.0556 -40.1808 -27.3735 -72.923716
37.1117 -40.5409 -28.8636 -72.922721
37.9499 -40.8975 -30.5002 -72.921729
38.8019 -40.6861 -32.1277 -72.920738
39.8174 -40.5169 -33.6425 -72.919757
40.8901 -40.7217 -35.068 -72.918785
42.5305 -41.61 -35.2384 -72.91782
44.3755 -41.8861 -35.4176 -72.916865
45.9871 -42.2694 -36.0731 -72.915917
47.4878 -43.2765 -36.1873 -72.914963
49.3319 -43.6209 -36.2065 -72.914003
51.1887 -43.712 -36.2324 -72.913086
53.0372 -43.4731 -36.3042 -72.912184
54.8899 -43.6769 -36.497 -72.911303
56.6959 -43.5991 -36.9065 -72.910438
58.2639 -44.1277 -37.6876 -72.909593
59.5341 -44.5902 -38.7803 -72.908763
60.5988 -45.0677 -39.8571 -72.907963
61.8729 -46.2433 -40.1922 -72.907189
63.3313 -46.5896 -41.0735 -72.906439
64.0217 -46.6763 -42.7931 -72.905715
64.5704 -46.7494 -44.583 -72.905023
64.8703 -46.6711 -46.4334 -72.904342
65.1687 -46.5915 -48.2839 -72.903719
65.5964 -46.5388 -50.1097 -72.903134
65.7108 -46.4215 -51.9702 -72.902549
65.6981 -46.2783 -53.8407 -72.902016
65.6854 -46.1351 -55.7113 -72.901552
65.6727 -45.9919 -57.5819 -72.901157
65.7296 -45.7497 -59.4403 -72.900812
65.8135 -45.4694 -61.2934 -72.900533
66.0243 -45.0935 -63.1166 -72.900321
66.1717 -44.6856 -64.9394 -72.900174
66.3305 -44.1781 -66.4646 -72.9001
5.6517 -16.7814 -12.2027 -72.954734
5.689 -16.9607 -13.7308 -72.952888
5.7263 -17.14 -15.259 -72.951081
5.7636 -17.3194 -16.7872 -72.949312
5.8009 -17.4987 -18.3154 -72.947582
5.8383 -17.678 -19.8436 -72.94589
5.8756 -17.8574 -21.3717 -72.944236
5.9129 -18.0367 -22.8999 -72.94262
5.9502 -18.216 -24.4281 -72.941043
5.9875 -18.3954 -25.9563 -72.939503
6.0248 -18.5747 -27.4845 -72.938002
6.0621 -18.754 -29.0126 -72.936539
6.0994 -18.9334 -30.5408 -72.935114
6.1367 -19.1127 -32.069 -72.933727
6.1741 -19.292 -33.5972 -72.932377
6.2114 -19.4714 -35.1254 -72.931066
6.2487 -19.6507 -36.6536 -72.929792
6.286 -19.83 -38.1817 -72.928557
6.3233 -20.0094 -39.7099 -72.927359
6.3606 -20.1887 -41.2381 -72.926199
6.3979 -20.368 -42.7663 -72.925076
6.4352 -20.5474 -44.2945 -72.923992
6.4725 -20.7267 -45.8226 -72.922944
6.5099 -20.906 -47.3508 -72.921935
6.5472 -21.0854 -48.879 -72.920963
6.5845 -21.2647 -50.4072 -72.920029
6.6218 -21.444 -51.9354 -72.919133
6.6591 -21.6234 -53.4635 -72.918273
6.6964 -21.8027 -54.9917 -72.917452
6.7337 -21.982 -56.5199 -72.916668
6.771 -22.1614 -58.0481 -72.915921
6.8083 -22.3407 -59.5763 -72.915212
6.8457 -22.52 -61.1045 -72.91454
6.883 -22.6994 -62.6326 -72.913906
6.9394 -22.8766 -64.1572 -72.913309
8.1498 -22.8799 -64.1006 -72.912735
8.9886 -23.516 -62.989 -72.912173
9.9314 -24.3205 -62.1091 -72.911633
10.5435 -25.411 -61.3105 -72.911108
11.1641 -26.7642 -60.9602 -72.910604
11.7371 -28.177 -61.0516 -72.910125
12.2468 -29.4991 -61.4619 -72.909669
12.6299 -30.7915 -61.1111 -72.909236
13.0367 -32.212 -60.6823 -72.908832
13.4206 -33.6473 -60.2909 -72.908457
13.672 -35.0666 -59.8345 -72.908115
13.7802 -36.5811 -60.0484 -72.907808
13.7177 -38.0731 -60.4184 -72.907538
13.5658 -39.5761 -60.7091 -72.907307
13.3014 -41.0704 -60.6511 -72.907117
13.3571 -42.0105 -59.4467 -72.90697
13.5377 -43.0476 -58.3404 -72.906869
13.6333 -44.0606 -57.3331 -72.906818
-2.4565 -0.91 0.0523 -72.976916
-2.8293 2.667 0.2464 -72.981425
-3.0866 6.216 0.7208 -72.986048
-2.2413 9.6979 1.5153 -72.990806
-0.7404 12.7593 0.9662 -72.99566
0.227 15.8879 -1.0884 -73.000847
0.5524 20.1154 -1.9386 -73.006389
0.4575 24.418 -2.5408 -73.012102
0.4389 27.3767 -5.5178 -73.018004
-0.013 29.9656 -8.7108 -73.024092
-0.1419 14.3216 0.264 -72.998252
0.8616 14.8245 1.2959 -72.999624
2.5303 15.409 3.4469 -73.00222
5.0961 15.9466 3.8822 -73.004951
7.8356 16.5695 3.9069 -73.007842
10.5566 17.2922 4.0994 -73.010862
13.2701 17.9524 4.5537 -73.014041
15.8121 18.8134 4.7988 -73.017383
17.2134 19.7132 4.344 -73.019776
17.5574 19.3689 4.0634 -73.019587
-0.9274 14.3109 0.2417 -72.998167
-2.5488 14.1754 0.0246 -72.997811
-4.1702 14.04 -0.1925 -72.997495
-5.6969 13.9854 -0.1496 -72.997214
-6.0083 14.0245 0.9686 -72.99696
-4.7591 13.8534 0.1003 -72.996733
-4.5248 13.8442 -1.5168 -72.996485
-4.3735 13.8457 -3.1513 -72.996281
-4.2222 13.8471 -4.7858 -72.996126
-4.0708 13.8486 -6.4202 -72.996019
-3.7648 13.9278 -8.018 -72.995961
-3.1571 14.1597 -9.5252 -72.99595
-2.5409 14.9686 -10.6984 -72.995992
-0.6612 32.5013 -8.9792 -73.02793
-1.3441 34.6869 -8.6538 -73.030822
-2.5162 37.7967 -7.959 -73.035208
-4.0883 40.798 -9.2426 -73.039666
-6.1771 43.4321 -10.5669 -73.044194
-7.4526 45.9637 -12.4793 -73.048799
-8.199 48.9959 -14.3148 -73.053535
-8.488 52.2581 -16.0262 -73.058399
-8.9751 55.6713 -17.3793 -73.063339
-8.9724 59.3456 -17.9864 -73.068353
-8.8355 62.9598 -18.9326 -73.073443
-8.1651 65.7964 -21.101 -73.078614
-8.071 69.4931 -21.2598 -73.083857
-8.0725 72.7987 -19.5494 -73.088769
-8.8931 75.9303 -20.6534 -73.092772
-9.8467 77.8663 -22.8286 -73.096264
-10.916 79.9845 -24.8489 -73.099787
-11.8107 82.572 -26.461 -73.103563
-13.9622 85.1541 -28.0376 -73.107588
-15.428 87.4195 -30.0798 -73.111663
-16.2874 89.1284 -32.8169 -73.115143
-17.1302 91.8068 -33.4334 -73.118011
-16.6579 94.7355 -33.3269 -73.120895
-16.2793 97.4317 -32.2507 -73.123792
-16.0966 100.3779 -31.8618 -73.126701
-15.6048 103.2146 -31.8672 -73.130464
-15.0646 104.6984 -30.0846 -73.135087
-14.4099 106.6313 -31.3901 -73.139711
-13.9013 109.3975 -31.7321 -73.144341
-13.1382 112.1018 -31.8855 -73.148976
-12.0288 114.6912 -32.2205 -73.153619
-9.9615 116.491 -32.7147 -73.158265
-8.3964 118.5551 -33.6954 -73.162913
-7.0441 120.3709 -35.2413 -73.167566
-16.3107 103.1222 -31.2609 -73.130568
-17.0106 105.6108 -30.0258 -73.135312
-17.7104 108.0993 -28.7907 -73.139975
-18.4103 110.5878 -27.5556 -73.144557
-19.1321 113.0846 -26.3544 -73.149056
-20.0839 115.6275 -25.7828 -73.15353
-21.6544 117.8269 -26.4818 -73.158011
-22.4041 120.0541 -28.0006 -73.162503
-23.8204 121.9956 -29.2918 -73.166998
-16.2837 88.4956 -30.6847 -73.11631
-16.9057 88.45 -28.8674 -73.121453
-17.5277 88.4044 -27.0501 -73.12653
-18.1496 88.3588 -25.2328 -73.13154
-18.7716 88.3131 -23.4155 -73.136482
-19.3936 88.2675 -21.5982 -73.141355
-20.0155 88.2219 -19.7808 -73.146158
-20.6375 88.1763 -17.9635 -73.15089
-21.2595 88.1307 -16.1462 -73.155551
-21.8814 88.0851 -14.3289 -73.160139
-22.5034 88.0394 -12.5116 -73.164653
-23.1253 87.9938 -10.6943 -73.169092
-23.7473 87.9482 -8.8769 -73.173456
-24.3693 87.9026 -7.0596 -73.177744
-24.9912 87.857 -5.2423 -73.181953
-25.6132 87.8114 -3.425 -73.186085
-26.2352 87.7657 -1.6077 -73.190137
-26.8571 87.7201 0.2096 -73.194108
-27.4791 87.6745 2.0269 -73.197998
-28.1011 87.6289 3.8443 -73.201806
-28.723 87.5833 5.6616 -73.20553
-10.6474 82.0467 -25.97 -73.102749
-9.8973 83.5702 -26.7997 -73.105098
-8.9166 84.4636 -28.1497 -73.107467
-7.9416 85.635 -29.2349 -73.109855
-6.7633 86.7616 -30.2244 -73.112257
-5.9934 87.8877 -31.5 -73.114675
-4.805 89.0805 -31.9871 -73.117108
-4.0074 90.0975 -33.2964 -73.119571
-3.642 91.5318 -34.1524 -73.122035
-3.5504 92.2381 -35.0395 -73.124515
-2.6112 93.3175 -34.37 -73.127013
-1.4138 94.7914 -34.5426 -73.12951
-0.1697 96.0984 -35.117 -73.132016
0.8889 97.112 -35.3375 -73.13453
1.8787 97.6218 -33.8386 -73.137053
3.297 98.6527 -34.2066 -73.139565
4.478 100.1526 -34.2331 -73.142068
5.7259 101.6013 -34.2783 -73.144571
6.9236 103.076 -34.3329 -73.14706
8.2378 104.4594 -34.2789 -73.149539
9.708 105.6324 -34.1824 -73.151996
11.0242 106.9149 -34.1788 -73.154441
12.03 108.5293 -34.2938 -73.156863
12.8387 110.237 -34.4028 -73.159258
13.6986 111.9172 -34.2947 -73.161624
14.9808 113.3035 -34.0183 -73.163952
16.3534 114.5382 -33.5266 -73.166243
-8.0122 74.6652 -19.0128 -73.092168
-7.3733 74.7434 -17.1393 -73.094383
-6.2129 74.8717 -15.5661 -73.096593
-4.6588 75.1485 -14.4836 -73.098815
-2.9313 75.2005 -13.5318 -73.101055
-1.1908 75.5548 -14.025 -73.103314
0.2492 75.4182 -15.2751 -73.105593
1.6994 75.2949 -16.4498 -73.107882
3.456 75.8724 -16.5978 -73.110188
4.909 77.061 -16.0201 -73.112508
6.3489 78.0205 -15.2054 -73.114836
7.6777 78.1558 -16.557 -73.11719
9.1932 78.8939 -17.1669 -73.119546
10.3243 80.3116 -17.9293 -73.121907
11.8031 81.2429 -18.8099 -73.124269
13.3202 82.0201 -19.7154 -73.126637
14.672 82.8734 -20.8357 -73.129001
15.8195 84.0369 -21.4716 -73.131359
17.3968 85.0052 -21.5241 -73.133713
19.1523 85.9091 -21.6233 -73.136058
20.835 86.8367 -21.5731 -73.138391
22.3782 87.6805 -22.4819 -73.140716
23.6336 88.6822 -23.6145 -73.143019
25.3121 89.236 -24.4178 -73.1453
26.9271 90.1776 -25.069 -73.147603
28.5711 91.1435 -25.6063 -73.149902
30.1849 92.1759 -26.0934 -73.152107
31.906 93.0582 -26.3886 -73.154262
33.349 94.3802 -26.2354 -73.156374
34.682 95.7638 -25.7885 -73.158437
36.0698 96.9946 -25.1164 -73.160448
-9.1332 71.1226 -19.9391 -73.089291
-11.2049 71.3971 -19.3463 -73.094827
-12.2503 72.1505 -17.4371 -73.100478
-13.2771 72.9723 -16.3017 -73.106234
-15.0629 74.4381 -16.0237 -73.112088
-17.1889 75.3374 -15.9102 -73.118064
-18.7708 76.7954 -16.5998 -73.124158
-20.2396 77.7578 -18.0502 -73.130385
-21.4318 79.2493 -19.3169 -73.136722
-22.4493 80.8848 -20.0685 -73.141516
-23.644 82.5321 -19.9209 -73.144684
-25.2693 83.8199 -19.7197 -73.147877
-26.4282 85.5474 -19.5741 -73.151103
-27.4271 87.2915 -19.7394 -73.154365
-28.2555 88.0894 -18.5764 -73.15769
-28.4362 88.7812 -16.6121 -73.16106
-28.7184 89.4709 -14.6555 -73.164427
-28.5952 90.5234 -12.9306 -73.167808
-28.0087 92.2281 -11.8717 -73.171213
-28.1824 93.3344 -10.523 -73.174652
-28.881 94.9101 -9.3484 -73.178116
-29.1637 96.6406 -8.2343 -73.181598
-29.7507 98.589 -7.8416 -73.185101
-31.2546 100.014 -7.7767 -73.188626
-32.9856 101.1833 -7.8435 -73.192159
-34.438 102.6859 -7.93 -73.195717
-35.8645 104.1959 -8.077 -73.199287
-37.7492 105.0636 -8.2888 -73.202863
-39.7252 105.5106 -8.4883 -73.206459
-41.4274 106.5542 -8.4275 -73.210073
-22.5697 79.9845 -21.0657 -73.141759
-23.5049 79.5868 -23.0086 -73.145043
-24.7357 79.2357 -23.1851 -73.148018
-26.0186 79.7983 -22.2548 -73.151011
-27.6912 80.6895 -21.9109 -73.154027
-29.3246 81.7314 -21.4655 -73.157063
-31.1306 82.4861 -21.4143 -73.160121
-32.9071 83.2024 -21.5235 -73.163209
-34.8537 83.2248 -21.3716 -73.166318
-36.6622 83.819 -20.8419 -73.16945
-38.0322 83.5029 -19.5874 -73.172612
-39.4902 83.5562 -18.2934 -73.175788
-40.9141 84.0358 -17.0459 -73.178984
-42.4783 85.0996 -16.5078 -73.182187
-44.0118 86.2891 -16.2793 -73.185406
-45.0805 86.8165 -17.3328 -73.188703
-45.3985 87.0849 -19.2874 -73.191991
-46.0085 87.5938 -21.1008 -73.195295
-46.5256 87.8633 -23.0125 -73.198609
-47.0124 88.1443 -24.9307 -73.201932
-48.0466 88.8001 -25.8124 -73.205217
-49.3531 89.8139 -24.8517 -73.208505
-23.4169 79.5945 -22.041 -73.143557
-7.4755 47.1812 -14.128 -73.051408
-6.6397 46.9581 -15.442 -73.051943
-6.0885 47.0624 -16.854 -73.052458
-5.6785 47.4504 -18.3124 -73.052967
-5.0375 48.1975 -19.4234 -73.053461
-4.9376 48.8586 -20.8471 -73.053946
-4.8994 49.5688 -22.2208 -73.054416
-4.8067 50.8524 -23.1201 -73.054866
-4.348 52.1399 -23.896 -73.055319
-3.8636 53.4258 -24.6617 -73.055734
-3.2759 54.7308 -25.2965 -73.056112
-2.6137 56.0992 -25.6637 -73.056458
-1.9972 57.5231 -25.7699 -73.056774
-0.7472 58.4335 -25.8246 -73.057055
0.1834 59.5702 -25.9895 -73.057299
1.0556 60.8294 -26.3063 -73.0575
1.4265 62.1744 -26.9168 -73.057657
1.2466 63.3678 -27.9187 -73.057765
0.8615 64.5278 -28.8693 -73.057821
-1.2039 34.2315 -8.7378 -73.030875
-2.1645 36.692 -8.3921 -73.035347
-3.11 39.1845 -8.3928 -73.039924
-3.9026 40.3411 -6.7187 -73.044615
-4.4638 40.8393 -4.1593 -73.049435
-5.2514 41.2336 -1.6507 -73.054363
-6.4986 41.3875 0.6577 -73.059393
-6.9016 41.3668 3.1344 -73.064572
-8.3244 41.1475 5.0228 -73.069818
-9.0777 42.2825 6.6587 -73.074596
-10.4818 44.1286 6.7312 -73.078868
-12.0542 45.877 6.472 -73.083219
-13.7926 47.4551 6.7415 -73.087655
-14.3287 48.7274 8.6097 -73.09219
-14.2892 50.0448 10.5825 -73.0968
-14.3831 52.2013 11.5125 -73.101485
-15.4653 54.1641 11.5993 -73.106253
-15.9872 56.1264 10.7348 -73.111112
-15.9935 58.493 10.4465 -73.116054
-16.6674 59.2873 8.5547 -73.121115
-17.4698 59.7595 6.3608 -73.126257
-17.8092 61.9411 6.2291 -73.131467
-19.8136 62.8997 6.5069 -73.136786
-21.3274 63.1601 7.9551 -73.142222
-22.8218 64.0013 9.1439 -73.146834
-24.7396 64.6596 9.7419 -73.150582
-25.9313 65.6939 8.2209 -73.154378
-27.3521 67.091 7.1443 -73.158226
-27.8515 68.7801 5.7356 -73.162125
-28.9706 70.1238 4.2552 -73.166064
-29.8302 71.1977 2.3661 -73.17006
-30.5772 72.9481 2.3143 -73.174106
-31.2511 73.9836 4.3225 -73.178196
-31.8836 74.7971 6.3519 -73.18234
-33.4979 76.3178 6.0157 -73.186507
-35.3494 77.7054 5.6794 -73.190716
-36.2359 77.7987 3.4859 -73.194995
-36.823 78.2142 1.2302 -73.199319
-37.2962 78.8752 -1.0041 -73.20368
-38.0777 79.5243 -3.1351 -73.208056
-38.5828 79.8578 -5.4262 -73.212501
-40.1286 80.7679 -6.86 -73.216947
-41.8887 81.3717 -5.9333 -73.221437
-43.201 81.2826 -4.0378 -73.225978
-44.3102 81.7185 -2.0187 -73.230537
-23.2557 64.0561 8.131 -73.146224
-24.9649 64.9635 8.1844 -73.148745
-26.0616 65.9005 8.9001 -73.15134
-26.305 66.1448 10.8713 -73.153976
-26.4364 66.2766 12.8582 -73.156587
-26.7662 66.3845 14.8041 -73.159212
-28.2543 66.3369 15.7942 -73.161845
-29.7596 66.2207 16.7645 -73.164509
-29.8152 66.2528 18.7633 -73.167191
-30.2709 66.9957 19.6957 -73.169887
-31.7156 67.9135 20.4594 -73.172615
-32.1409 69.5247 21.5115 -73.175354
-33.0427 71.1208 22.2483 -73.178097
-33.7682 72.7602 23.0868 -73.180851
-34.714 74.4169 23.6586 -73.183605
-35.5114 76.0162 24.4887 -73.186366
-35.8784 77.7991 25.2812 -73.189133
-36.6919 79.4931 25.9091 -73.1919
-37.5921 81.2366 26.1638 -73.194657
-37.9648 82.9348 26.6532 -73.197426
-38.1232 84.1537 28.0096 -73.200173
-37.4894 85.6297 29.04 -73.202909
-37.0034 87.4849 29.1485 -73.205628
-36.7841 89.4485 29.2879 -73.208417
-36.3959 91.4052 29.448 -73.211175
-9.6387 41.5186 6.3846 -73.073142
-11.2133 41.8239 6.3128 -73.074447
-12.0979 42.4791 4.8865 -73.075781
-13.2557 43.35 3.9751 -73.077124
-14.2423 43.577 2.4577 -73.078483
-15.3556 43.71 1.0276 -73.079854
-15.9894 44.5732 -0.4476 -73.081239
-16.6871 45.12 -2.0478 -73.082633
-17.7188 45.8368 -3.2857 -73.084043
-18.5783 46.8498 -4.5254 -73.085461
-19.9074 47.2662 -5.6939 -73.086886
-21.5852 47.5437 -6.3542 -73.088314
-22.9761 48.6597 -6.3259 -73.089742
-24.3563 49.8697 -6.2079 -73.091174
-25.8552 50.8966 -6.0169 -73.092602
-27.0962 51.9486 -5.4199 -73.094035
-27.9482 52.3876 -3.9646 -73.095469
-29.654 52.5789 -3.9322 -73.096889
-30.6445 52.9077 -5.3714 -73.098305
-32.0441 53.5066 -6.2656 -73.099707
-33.4656 54.634 -6.5349 -73.101094
-34.9544 55.5474 -7.0531 -73.10246
-36.2819 56.6634 -7.6004 -73.103805
-37.6486 57.8611 -7.7756 -73.105128
-38.5034 59.4777 -7.6459 -73.106422
-39.3718 61.0534 -7.2838 -73.107678
-40.2991 62.551 -6.7638 -73.108896
-41.2384 64.045 -6.261 -73.110075
-41.8614 65.6914 -5.7694 -73.111204
-42.4591 67.2851 -5.1652 -73.112283
-43.3383 68.5969 -4.4191 -73.113304
-44.4522 70.0317 -4.1392 -73.11426
-45.5063 71.5345 -4.0501 -73.11515
-46.5569 73.035 -4.1531 -73.115965
-47.8716 74.2263 -4.5515 -73.116699
-48.8625 75.1738 -5.5759 -73.117348
-49.2408 75.7623 -7.2733 -73.117909
-49.4584 77.0985 -8.4631 -73.118367
-49.9501 78.752 -8.946 -73.118722
-51.026 79.8745 -9.2484 -73.118964
-51.28 79.9424 -10.8927 -73.119092
17.7044 20.951 4.9703 -73.021098
18.2015 22.2043 5.6044 -73.022429
18.6985 23.4577 6.2386 -73.023754
19.0912 25.152 6.8819 -73.025425
19.429 27.2733 6.757 -73.027475
20.0937 28.9393 5.4586 -73.029565
20.5192 30.5261 4.0181 -73.031696
21.7848 31.8769 2.8501 -73.033872
22.0977 33.1829 1.0434 -73.036093
23.2662 34.71 0.0406 -73.038347
23.7528 35.2305 -1.9989 -73.040652
24.4415 36.3316 -0.4475 -73.043004
25.2156 37.3871 1.3732 -73.045394
25.5431 38.1412 3.4507 -73.047831
26.3109 39.4951 5.0553 -73.050298
27.3125 40.7429 3.9319 -73.052806
27.6125 41.5008 5.9749 -73.055373
27.8649 42.4672 7.8245 -73.057974
28.5761 44.0126 9.106 -73.060606
29.3017 45.8785 9.8466 -73.063273
29.8444 47.4239 10.9837 -73.065997
29.8427 48.4745 12.9418 -73.06875
30.4043 50.5089 13.6559 -73.071535
32.2661 51.6774 14.0416 -73.074361
33.7432 53.3643 13.9508 -73.07722
35.3704 54.8773 13.6311 -73.080119
36.404 56.7929 13.1328 -73.083055
37.9566 57.9008 12.228 -73.086019
39.1636 59.6692 11.6914 -73.08902
40.7811 61.2139 11.412 -73.092058
42.5407 62.5144 11.7504 -73.095119
43.9242 63.8221 12.81 -73.098218
45.3908 65.165 13.6376 -73.101344
45.9271 67.2097 14.1714 -73.104488
46.6355 69.1359 14.3788 -73.107656
48.3635 70.1089 14.8857 -73.110852
49.6569 71.9103 15.1633 -73.11413
50.9513 73.7475 15.4455 -73.117429
52.8054 74.9337 15.6383 -73.120681
54.7263 75.5702 15.6827 -73.123946
56.0864 76.9982 15.657 -73.127225
57.1449 78.0802 14.4904 -73.130528
58.894 79.349 14.0314 -73.133829
60.9129 80.2627 14.3307 -73.137133
62.6887 81.5896 14.007 -73.140444
64.1912 82.1373 14.8133 -73.143773
65.3934 82.3955 16.5144 -73.147092
66.9021 83.2776 17.6975 -73.150392
67.4164 84.9808 18.6495 -73.153679
68.0681 86.9646 19.2519 -73.156936
18.9087 24.0362 7.1126 -73.02442
19.1476 18.9083 3.9431 -73.020673
20.9905 18.3979 3.8423 -73.021927
22.9152 18.2333 3.6481 -73.023208
24.7758 17.8958 3.3306 -73.024513
26.5871 18.0132 3.1308 -73.025844
28.3023 18.6484 3.6845 -73.027202
29.9424 18.8206 4.6508 -73.028584
31.2866 18.6601 5.9911 -73.029996
32.7096 18.1098 7.1234 -73.031433
34.1103 16.8391 7.543 -73.032892
35.4164 15.4177 7.7072 -73.034379
36.5618 14.0174 7.4707 -73.035888
38.0589 13.6462 6.35 -73.037421
39.8047 13.3092 5.8907 -73.038976
41.5119 12.7068 5.2455 -73.040555
42.8693 12.0614 4.0202 -73.04216
44.4573 11.3345 3.2295 -73.043785
45.9294 10.8303 2.4767 -73.045435
47.1014 10.1377 3.6205 -73.047101
48.3849 9.3089 4.6779 -73.048784
49.394 9.6773 6.2389 -73.050496
50.6478 10.0528 7.6185 -73.052222
51.9327 9.8336 9.0023 -73.05396
53.4883 10.1208 10.104 -73.05571
55.2334 9.8227 9.9071 -73.057472
57.0597 9.924 9.3135 -73.059349
58.8743 9.6526 8.6558 -73.061281
60.689 9.3812 7.9981 -73.063156
62.4959 9.1815 7.3186 -73.064978
64.0964 9.6659 6.3822 -73.066784
65.6128 10.0298 5.5676 -73.068593
66.3879 8.7348 6.61 -73.070408
67.0408 7.9267 8.2378 -73.072216
67.6184 7.3624 10.0083 -73.074028
68.2214 6.7991 11.7671 -73.075835
68.8557 6.3245 13.5452 -73.077621
69.5936 6.0215 15.3177 -73.079405
70.6128 5.6939 16.9232 -73.08116
71.846 5.1297 18.3139 -73.082882
73.446 5.6128 19.1551 -73.084584
75.1394 5.1362 19.9892 -73.086283
76.7792 5.1163 20.887 -73.087919
78.3203 5.541 21.9782 -73.089518
79.5543 6.0354 23.1887 -73.091073
80.477 6.477 24.7608 -73.092571
82.1371 6.4027 25.3832 -73.094016
83.992 6.8997 25.7174 -73.0954
85.8702 6.8251 26.0726 -73.096719
87.7509 6.7088 26.4848 -73.097964
89.6348 6.7028 26.6547 -73.099129
91.0074 6.4378 25.4152 -73.100205
92.1971 6.0461 24.0228 -73.101191
93.1627 5.5053 22.7795 -73.1021
93.4181 5.3578 20.8527 -73.102898
93.6827 5.205 18.9277 -73.103575
93.9559 5.0473 17.0042 -73.104126
94.7999 4.5071 17.8661 -73.104539
-1.9865 16.2264 -10.9822 -72.996076
-1.6114 17.3396 -11.0385 -72.996134
-1.1973 18.2526 -10.4886 -72.99618
-0.4899 18.8695 -10.968 -72.996212
0.4947 18.656 -11.4238 -72.996229
-5.9486 122.6202 -36.4545 -73.172223
-4.8563 124.4889 -38.1946 -73.176883
-3.4433 126.1431 -39.8024 -73.181534
-2.2407 128.597 -40.3971 -73.186175
-1.5188 131.295 -40.1613 -73.190811
-1.6696 134.0734 -40.2753 -73.195435
-2.517 136.7345 -40.7076 -73.200049
-3.2762 139.4376 -41.1589 -73.20465
-4.1563 142.1305 -41.3938 -73.209232
-4.9956 144.8475 -41.5126 -73.213797
-4.2109 147.46 -41.641 -73.218335
-3.9407 150.1251 -41.6099 -73.222853
-3.8535 152.9656 -41.6389 -73.22734
-3.8797 155.8081 -41.7765 -73.231801
-3.362 158.4701 -41.8809 -73.236233
-3.9026 161.1882 -41.8597 -73.24063
-4.6546 163.8938 -41.7416 -73.244988
-4.458 166.7321 -41.7051 -73.249306
-4.7248 169.4267 -41.9823 -73.253579
-5.9516 171.9513 -42.4086 -73.257809
-6.8697 174.6164 -42.5236 -73.261986
-7.1469 177.3942 -42.5991 -73.266112
-8.5483 179.5426 -43.6297 -73.270181
-9.0965 181.9163 -44.9846 -73.2742
-9.3572 184.5276 -45.8738 -73.278148
-10.3037 185.8819 -45.5629 -73.280981
-12.6165 185.7411 -44.527 -73.282671
-14.6492 185.7303 -43.1953 -73.284248
-16.2496 187.2653 -42.1906 -73.28573
-17.9145 189.1431 -41.8854 -73.287118
-19.4479 191.0685 -41.5909 -73.288408
-21.0169 192.9475 -41.0017 -73.289597
-22.4125 194.4386 -40.3024 -73.290682
-23.7068 195.9472 -39.0039 -73.291659
-25.0392 197.7028 -39.8911 -73.292522
-25.8175 200.0563 -40.2799 -73.293266
-26.6369 201.4551 -41.5533 -73.29389
-27.5289 202.2594 -40.2727 -73.294387
-29.472 203.3638 -40.3713 -73.294751
-31.4096 204.4733 -39.3932 -73.294979
-31.9894 205.4816 -37.1556 -73.295065
-32.896 206.6385 -35.2063 -73.295005
-33.7738 206.9925 -32.8727 -73.294791
-35.326 208.2821 -31.3862 -73.294421
-36.5537 210.18 -30.3332 -73.293888
-37.6503 212.1937 -29.5135 -73.293185
-38.7499 214.0475 -28.2022 -73.292307
-38.8366 216.2339 -27.1303 -73.291247
-39.8429 217.9451 -25.6872 -73.29
-40.3547 220.3663 -25.6679 -73.288558
-9.0607 186.6005 -47.0068 -73.28119
-8.6412 188.5188 -48.1723 -73.283322
-7.9227 189.8909 -49.7878 -73.285382
-7.3389 191.2666 -51.5099 -73.287364
-6.8689 192.8579 -53.067 -73.289262
-6.5717 194.5306 -54.6272 -73.291076
-6.699 195.7688 -56.5782 -73.292804
-6.6007 197.3796 -57.9455 -73.294436
-5.361 198.4457 -59.4593 -73.295974
-4.0706 199.0919 -61.2062 -73.297413
-2.56 200.3359 -61.9713 -73.298742
-1.1767 202.1203 -62.473 -73.299964
0.1257 203.765 -63.1817 -73.301071
0.5779 205.9809 -62.9411 -73.302062
1.7705 207.8999 -62.7909 -73.302931
1.7806 210.0234 -63.3852 -73.303673
1.251 212.0868 -62.5412 -73.304283
0.3882 214.2228 -62.3899 -73.304756
-0.4598 216.2968 -62.9067 -73.305086
-1.2479 218.4121 -63.4146 -73.305269
-2.0973 220.5416 -63.7457 -73.305298
-3.4118 222.4275 -63.923 -73.305169
-5.2388 223.8332 -64.0726 -73.304874
-7.0057 225.2983 -64.337 -73.304409
-8.1122 227.0393 -64.9339 -73.303765
-8.3675 229.0243 -65.402 -73.303085
-8.7031 230.7886 -65.6689 -73.302434
-9.2813 232.5101 -65.8231 -73.301664
-9.2237 228.2929 -64.8468 -73.303249
-10.9382 228.5001 -64.259 -73.302898
-12.6565 228.7042 -63.682 -73.302403
-25.5183 124.0162 -29.3962 -73.171163
-26.4756 125.8583 -28.1987 -73.175006
-27.6755 127.8327 -27.6028 -73.178844
-27.9279 128.8492 -29.077 -73.182687
-28.5728 129.8586 -27.39 -73.186542
-29.4951 131.5172 -26.0388 -73.190366
-30.3172 133.5583 -25.0126 -73.194184
-30.9903 134.755 -23.0132 -73.197991
-31.8576 136.0757 -21.167 -73.201784
-32.9249 137.8539 -19.8699 -73.205558
-34.7749 138.8966 -19.3111 -73.209318
-36.3176 139.9122 -18.0849 -73.213053
-37.4604 141.3871 -16.8864 -73.216765
-38.6623 143.1941 -16.0632 -73.220457
-40.1691 144.5551 -14.9429 -73.224128
-41.2877 146.3296 -14.9203 -73.227772
-42.5778 148.1549 -14.027 -73.231382
-43.9866 149.9737 -13.1872 -73.234951
-45.0144 151.7833 -12.0503 -73.238487
-45.5532 153.8159 -10.8393 -73.241984
-46.3861 156.0367 -10.2537 -73.245438
-46.9837 158.3901 -9.9517 -73.248841
-47.8117 160.6751 -9.7756 -73.2522
-49.0447 162.6915 -9.706 -73.255503
-50.015 164.9082 -9.8518 -73.25875
-51.5234 166.8379 -9.9384 -73.261938
-52.9161 168.8061 -9.9279 -73.265063
-54.0733 170.9215 -9.7859 -73.268124
-55.7453 172.652 -9.5467 -73.271113
-57.6094 174.1497 -9.6472 -73.274029
-59.246 175.273 -8.9172 -73.276869
-60.6519 176.3429 -7.7572 -73.279627
-61.8971 178.3631 -7.4187 -73.282298
-62.7492 180.6081 -7.5045 -73.284881
-63.9736 182.7158 -7.7021 -73.287366
-65.2308 184.8141 -7.6187 -73.289749
-66.7492 186.7003 -7.6491 -73.292026
-68.417 188.4651 -7.7574 -73.294194
-69.4591 190.6092 -7.7695 -73.296243
-69.6776 192.1396 -9.5531 -73.298178
-70.6232 193.0213 -8.854 -73.300007
-70.9662 193.1386 -6.4297 -73.301699
-71.4596 193.5338 -4.0639 -73.303249
-72.1758 195.2071 -3.9513 -73.304639
-73.6159 196.7389 -5.1111 -73.305875
-74.8609 198.522 -6.148 -73.306951
-75.7426 199.5734 -7.6936 -73.307862
-75.3694 199.5725 -10.1146 -73.308611
-74.4019 199.6256 -11.6143 -73.309168
-73.8016 200.0979 -9.3728 -73.309536
-74.5843 201.3776 -7.8285 -73.309705
-75.66 202.8847 -6.3385 -73.309666
-76.7569 204.7933 -5.2692 -73.309412
-77.7876 206.5222 -4.0466 -73.308933
-78.7815 208.5213 -3.0989 -73.30822
-29.3228 87.5393 7.4141 -73.209041
-29.9005 87.4969 9.1019 -73.212348
-30.4781 87.4545 10.7898 -73.21558
-31.0558 87.4122 12.4776 -73.218737
-32.2782 87.1841 13.3671 -73.221837
-33.8866 86.6278 13.8875 -73.224939
-35.2533 87.1539 14.4242 -73.22804
-35.8481 87.8038 15.3321 -73.231134
-36.8463 86.9864 16.4788 -73.234226
-38.3951 86.3544 16.7879 -73.237306
-40.0436 86.842 16.4412 -73.240371
-41.676 86.6973 15.7688 -73.243427
-43.0795 86.67 14.6822 -73.246465
-44.7397 86.6061 14.8133 -73.249483
-46.2784 86.3685 14.6265 -73.252482
-47.931 85.969 14.7511 -73.255454
-49.3382 85.0184 15.2541 -73.258401
-51.0157 84.5548 15.4912 -73.261321
-52.76 84.3802 15.7377 -73.264202
-54.4766 84.1118 16.1326 -73.267045
-56.1575 83.722 16.5614 -73.269853
-57.6854 83.1665 17.2616 -73.272621
-59.449 83.0129 17.2864 -73.275338
-61.2047 83.1213 17.0316 -73.278
-62.4985 83.4162 16.057 -73.280613
-64.2493 83.561 15.9695 -73.283168
-65.9938 83.4285 15.6473 -73.285663
-67.7202 83.5173 15.2308 -73.288092
-69.055 83.036 14.2322 -73.290451
-69.8653 82.2066 12.9383 -73.292737
-71.0115 81.258 11.9738 -73.29494
-72.4278 80.4398 11.5445 -73.297063
-73.698 79.222 11.6667 -73.299092
-74.8344 77.8746 11.8888 -73.301021
-76.1909 76.8138 12.1994 -73.302858
-77.7152 76.0674 12.6693 -73.304591
-79.2241 75.3783 13.2714 -73.306212
-80.5771 74.3384 13.7242 -73.307717
-81.948 73.2954 14.1285 -73.3091
-83.3128 72.1963 14.4348 -73.310352
-84.2563 70.7511 14.49 -73.311474
-85.9688 70.3467 14.3507 -73.312455
-87.6869 70.083 14.43 -73.313288
-89.1236 69.3762 14.9056 -73.313969
-90.0942 69.1674 16.3612 -73.314492
-91.4773 68.4273 17.0893 -73.314846
-93.1744 68.4543 17.5737 -73.315027
17.4714 115.5383 -32.7054 -73.168299
18.7181 116.515 -32.6736 -73.170137
19.4474 117.9165 -32.6863 -73.171935
20.2746 119.2604 -32.6312 -73.173698
21.0837 120.5882 -32.4636 -73.175418
21.7758 121.9988 -32.2416 -73.177094
22.3094 123.4582 -32.1155 -73.178724
23.1409 124.8071 -32.0128 -73.180302
23.9385 126.1782 -31.9172 -73.18183
25.0849 127.2066 -31.902 -73.183296
25.7601 127.3047 -33.2559 -73.184717
26.628 127.211 -34.5602 -73.186075
27.4583 127.1967 -35.7592 -73.187358
28.395 127.5305 -34.6253 -73.188569
29.5644 128.205 -33.8463 -73.189699
30.5696 128.6374 -32.8152 -73.190754
32.0051 129.043 -32.2921 -73.191721
33.4128 129.4399 -31.6761 -73.192599
34.7649 130.0848 -31.1622 -73.193382
36.07 130.7044 -30.5266 -73.194066
37.2954 130.2845 -29.7509 -73.194648
38.6668 129.8544 -29.4393 -73.195124
40.0959 129.824 -28.9371 -73.195487
41.6596 129.7812 -29.1527 -73.195735
43.163 129.7557 -29.5887 -73.195861
37.3605 97.6671 -24.1386 -73.162211
38.5247 98.3419 -23.3011 -73.16374
39.4075 98.7958 -22.0704 -73.16523
39.7833 99.3954 -20.6642 -73.166675
39.86 99.407 -19.0804 -73.168088
40.1939 99.8932 -18.7303 -73.169431
40.4963 100.318 -20.2174 -73.170729
41.4643 101.4944 -20.1061 -73.171957
42.3976 102.7119 -19.7798 -73.17312
43.1049 104.0833 -19.5568 -73.174219
44.0865 105.3182 -19.6544 -73.175244
44.7899 106.7249 -19.7113 -73.176196
45.9094 107.8469 -19.694 -73.177069
47.0015 108.9935 -19.6267 -73.17786
47.4874 110.1272 -19.5101 -73.178585
47.4694 110.2183 -21.0953 -73.179287
47.4514 110.3094 -22.6805 -73.179874
47.4334 110.4005 -24.2657 -73.180346
47.4153 110.4915 -25.8509 -73.180702
47.3973 110.5826 -27.4361 -73.18094
47.3793 110.6737 -29.0213 -73.18106
-43.1464 107.2097 -8.6051 -73.213417
-44.2349 108.3552 -9.2701 -73.216492
-45.5183 109.1815 -10.1573 -73.219572
-46.5455 110.332 -10.9218 -73.222655
-47.6198 111.4497 -11.7523 -73.225737
-48.7733 112.6103 -11.9929 -73.22882
-49.0763 114.3515 -11.8794 -73.231904
-49.3422 116.0762 -11.586 -73.234979
-49.7822 117.0822 -10.2937 -73.238055
-50.4256 118.2912 -9.1739 -73.241124
-50.9978 119.2379 -7.7863 -73.244186
-51.2625 120.0244 -6.2601 -73.247246
-51.6654 121.1492 -4.9912 -73.250281
-51.9476 122.7357 -4.2703 -73.2533
-52.5998 124.2212 -3.6393 -73.256299
-53.274 125.7541 -3.0637 -73.25927
-53.9887 127.1954 -2.3704 -73.262217
-53.963 128.1021 -0.9245 -73.265167
-54.6255 128.6873 -0.6995 -73.268096
-55.0557 128.8462 -2.4173 -73.271003
-55.7093 129.6088 -3.8029 -73.273844
-56.3904 130.5701 -3.4395 -73.27665
-57.2397 131.7558 -2.5815 -73.279418
-57.7383 132.4193 -1.0375 -73.282169
-58.1997 132.8604 0.5026 -73.284861
-59.135 134.2149 0.2827 -73.287494
-59.5411 135.9385 0.3726 -73.290068
-60.3211 137.5272 0.4547 -73.292583
-61.5615 138.7924 0.4272 -73.295033
-62.8427 140.0202 0.4049 -73.297421
-63.9756 141.337 0.4784 -73.299737
-65.5415 142.0698 0.6041 -73.30198
-66.8201 143.3029 0.6105 -73.304145
-67.9523 144.6731 0.6097 -73.306282
-69.0106 146.0943 0.6091 -73.308286
-69.7753 147.6531 0.6561 -73.310184
-69.9859 148.4831 2.1055 -73.311999
-70.4429 149.3779 3.3991 -73.313702
-71.6135 150.4383 2.691 -73.315292
-72.4835 151.5429 1.7355 -73.316766
-72.9227 152.8592 2.7049 -73.318124
-72.5877 154.4469 3.3601 -73.319354
-73.0119 156.1489 3.5593 -73.320453
-73.1545 157.8864 3.5882 -73.321412
-74.1953 159.319 3.6169 -73.322227
-74.932 160.9303 3.7174 -73.322891
-75.2192 162.6661 3.8423 -73.323399
-75.4158 163.3004 5.1393 -73.32375
-75.4017 163.5667 6.8972 -73.323929
-50.1374 90.531 -23.3634 -73.211605
-51.2673 90.8857 -22.5511 -73.214489
-52.7159 91.6607 -23.1098 -73.217365
-54.0702 92.6015 -23.357 -73.220237
-55.4386 93.0469 -22.4458 -73.223103
-56.998 93.6059 -21.9041 -73.225963
-58.5673 94.2413 -21.5078 -73.22881
-59.4515 94.8578 -20.2839 -73.231667
-60.3751 95.9904 -19.3491 -73.234487
-61.639 96.317 -18.2753 -73.237294
-62.5765 96.8459 -17.7339 -73.240082
-63.9654 97.6322 -17.7098 -73.242855
-65.6166 98.1559 -17.9424 -73.245603
-67.3141 98.5251 -18.0363 -73.248327
-68.9906 98.999 -17.9141 -73.251015
-70.4527 99.8368 -17.5623 -73.253675
-71.8636 100.5751 -16.8437 -73.256297
-73.2945 101.1084 -16.0241 -73.258879
-74.8032 101.5319 -15.3155 -73.26142
-76.2937 102.0431 -14.7677 -73.263916
-76.9439 103.3194 -13.9021 -73.266366
-77.7853 104.5384 -13.0235 -73.268762
-79.1174 105.4827 -13.5256 -73.271097
-80.5678 106.3785 -13.889 -73.273371
-81.9123 107.4474 -14.0602 -73.275573
-82.892 108.884 -14.1362 -73.277709
-83.7902 110.3676 -14.0768 -73.279774
-84.9748 111.6284 -13.8567 -73.281754
-86.2002 112.6963 -13.3076 -73.283659
-87.0479 113.9279 -12.479 -73.285477
-87.7411 115.4304 -11.9657 -73.287197
-88.823 116.6812 -11.5653 -73.288819
-89.4834 118.0465 -10.8065 -73.290339
-90.0558 119.4566 -9.9504 -73.291753
-90.8226 120.9302 -9.4429 -73.293048
-91.9586 122.2396 -9.3374 -73.294222
-92.8888 123.6775 -9.6286 -73.295271
-93.6083 125.2344 -9.9613 -73.296189
-94.4583 126.6908 -10.3334 -73.296969
-95.6371 127.179 -11.2403 -73.297608
-96.5223 128.3643 -11.7434 -73.298096
-97.3565 129.8343 -11.9607 -73.298428
-98.0187 131.4271 -12.0082 -73.298597
-44.8397 82.3848 -0.1022 -73.234595
-45.6858 82.6745 1.4762 -73.238154
-47.0854 83.466 2.0376 -73.241711
-47.9154 84.1261 0.6038 -73.245297
-48.4536 84.4912 -1.1078 -73.248885
-49.4629 84.7481 -2.3216 -73.25248
-50.8487 85.4683 -2.9272 -73.25609
-51.3634 86.2483 -4.138 -73.259741
-51.1604 85.8865 -5.9031 -73.263395
-51.4147 86.3329 -4.63 -73.267069
-51.3753 86.9211 -3.2026 -73.270722
-51.6511 88.546 -2.6095 -73.274373
-52.0008 89.4665 -3.9264 -73.278058
-52.6137 90.8015 -4.1725 -73.28173
-53.4473 92.4123 -3.9386 -73.285408
-53.8653 94.1635 -3.6555 -73.289089
-53.9519 95.9277 -3.215 -73.292772
-54.3051 97.4953 -2.5507 -73.296458
-54.5625 98.6898 -1.1952 -73.300132
-54.547 99.8234 0.1762 -73.303809
-54.2907 100.3598 1.9096 -73.307489
-54.7709 101.2087 3.4194 -73.311133
-54.4328 101.9413 3.8933 -73.314752
-53.0212 101.1678 3.092 -73.318355
-52.5222 101.109 4.5528 -73.321963
-54.1846 101.7537 4.4499 -73.32553
-55.6576 102.8136 4.5394 -73.32907
-56.499 104.3974 4.7059 -73.332586
-56.8786 106.1716 4.8788 -73.336074
-56.4546 107.8733 4.5587 -73.339527
-55.6814 109.1098 4.4339 -73.342974
-55.7928 109.3656 6.2457 -73.346441
-56.2213 109.7146 7.7986 -73.34979
-55.5336 111.171 7.9788 -73.35309
-57.2605 111.7016 8.1166 -73.356334
-58.1121 113.2561 8.4551 -73.359529
-58.5985 114.919 9.0311 -73.362671
-59.6859 116.036 9.8099 -73.365739
-59.434 116.5435 10.5662 -73.368751
-59.3051 118.1105 11.4366 -73.37169
-59.9415 119.6907 12.0733 -73.374561
-60.8614 121.156 12.3489 -73.377346
-61.607 122.4945 11.39 -73.380055
-62.1797 124.0961 10.8491 -73.38267
-62.6253 125.8486 10.8404 -73.385189
-62.2188 127.4063 11.6395 -73.387606
-61.8461 129.0333 12.3882 -73.389917
-62.5327 130.6886 12.3999 -73.392116
-62.936 132.4579 12.2088 -73.394202
-63.3234 134.2117 11.8803 -73.39617
-63.6303 135.945 11.5157 -73.398009
-63.951 136.5199 9.8435 -73.399726
-64.1784 137.2406 8.1925 -73.401296
-64.0694 138.3872 6.7995 -73.402714
-64.3697 140.0086 6.0583 -73.403982
-64.8732 141.6033 5.322 -73.405087
-65.5178 142.5596 4.0703 -73.406029
-65.7682 143.1976 5.3492 -73.406798
-66.7186 144.3442 5.8832 -73.407385
-67.5125 145.9488 6.0337 -73.407784
-68.2142 147.6123 6.0332 -73.407987
-36.2134 93.2108 29.5751 -73.213615
-36.6635 94.7733 29.8902 -73.215801
-36.9263 96.2364 30.4302 -73.217962
-37.1622 97.773 30.8495 -73.220102
-37.5529 99.3568 31.1525 -73.222218
-37.9173 100.9487 31.3678 -73.224296
-38.3971 102.525 31.406 -73.226347
-38.3118 104.182 31.3802 -73.228357
-38.3833 105.841 31.3619 -73.230328
-38.5184 107.493 31.3513 -73.232257
-38.1793 109.1047 31.3065 -73.234143
-37.694 110.6348 31.1726 -73.235976
-37.4366 112.1749 31.1742 -73.23776
-36.4341 113.3684 31.2349 -73.239493
-35.2673 114.4885 31.1966 -73.241166
-35.1913 116.0244 31.322 -73.242775
-36.1323 117.264 31.8032 -73.24432
-36.1013 118.8174 31.8898 -73.245796
-35.2737 120.1279 31.585 -73.247197
-34.1912 121.3196 31.36 -73.24852
-33.7141 122.9011 31.2289 -73.249757
-33.0667 124.4147 31.1658 -73.250907
-32.8786 126.0601 31.1275 -73.251963
-32.0835 127.4884 31.1247 -73.252921
-31.8296 129.12 31.1246 -73.253778
-31.1422 130.5851 30.9859 -73.254527
-30.3228 131.8477 30.3079 -73.255166
-29.6856 132.4849 28.9766 -73.255689
-29.0719 133.0333 27.5676 -73.25609
-28.0844 133.7856 27.8775 -73.256363
-27.152 134.469 28.6173 -73.256502
68.8569 88.73 19.5506 -73.159763
69.4626 89.4871 18.5505 -73.162204
69.8694 90.2922 17.5312 -73.164618
70.1133 90.9732 19.0619 -73.167018
70.2522 92.4115 19.6157 -73.169381
70.8156 93.9888 19.8859 -73.171715
70.9233 95.5529 19.5992 -73.174023
71.3862 97.0655 19.4044 -73.176296
72.5006 98.2929 19.6588 -73.178527
72.7344 99.9408 19.94 -73.180724
72.932 101.5833 19.995 -73.182881
72.4313 103.198 19.9089 -73.184994
71.8799 104.7873 20.0008 -73.187053
71.5282 106.416 19.8144 -73.189065
71.2624 108.037 19.4849 -73.191021
70.3107 109.3594 19.2993 -73.19291
69.2896 110.7156 19.219 -73.194735
68.8552 112.3448 19.1576 -73.196491
68.8224 113.8606 18.9579 -73.198173
69.0085 114.8834 18.0264 -73.199784
68.8524 116.0924 16.8932 -73.201314
69.7271 117.2159 15.9694 -73.202759
70.0973 118.581 15.0882 -73.20411
70.8674 119.2691 13.939 -73.205373
70.3855 118.9765 13.515 -73.206529
69.9666 118.6726 13.3866 -73.20759
70.2125 118.847 11.7059 -73.208553
70.4357 118.9096 10.8982 -73.209382
70.1867 118.7318 12.5649 -73.210098
69.521 118.6003 13.8778 -73.210674
69.0153 119.2849 13.1332 -73.211114
69.8993 119.8704 11.9133 -73.211414
70.2963 119.9515 10.2866 -73.211568
95.5228 3.6634 18.9207 -73.104756
95.9521 3.5018 19.9853 -73.104866
96.3294 3.3373 21.069 -73.104922
-41.3421 222.5153 -25.6062 -73.287025
-42.702 224.1478 -25.2091 -73.285591
-44.2458 225.1088 -24.0553 -73.284148
-45.8189 226.0665 -23.0056 -73.282699
-47.3319 227.1224 -21.9872 -73.281242
-48.8138 228.7344 -21.8003 -73.279777
-50.1281 230.4969 -21.9165 -73.278306
-51.8278 231.7383 -22.0527 -73.276827
-52.8158 233.6774 -22.1145 -73.27534
-53.0724 235.6787 -22.1684 -73.274167
-53.6815 237.6012 -22.215 -73.273314
-54.8336 239.2327 -22.1693 -73.272463
-55.9455 240.9107 -22.1307 -73.271612
-56.8959 242.6769 -22.2538 -73.270761
-57.6448 244.0732 -23.1351 -73.26991
-57.9004 245.3567 -24.6431 -73.269059
-58.5973 247.0318 -25.4177 -73.26821
-59.3933 248.8468 -25.6686 -73.267363
-60.5485 250.492 -25.7129 -73.266516
-62.0102 251.8694 -25.795 -73.26567
-63.5819 251.7041 -25.7766 -73.264825
-65.1861 252.5294 -25.4878 -73.26398
-66.5361 253.7075 -24.6451 -73.263136
-67.4482 255.4346 -24.2826 -73.262292
-68.0616 257.3349 -24.0645 -73.26145
-69.279 258.781 -24.0213 -73.260609
-70.6709 260.1778 -24.061 -73.259769
-71.4436 262.0159 -24.0595 -73.258931
-72.8554 263.4363 -23.888 -73.258094
-74.3055 264.6952 -23.3614 -73.25726
-75.6104 266.0079 -22.6232 -73.256426
-76.4194 267.7709 -22.2236 -73.255592
-77.0046 269.6763 -21.989 -73.254761
-77.6943 271.5617 -21.8675 -73.253932
-78.0414 273.5421 -21.7862 -73.253105
-78.9873 275.301 -21.7403 -73.252279
-80.3424 276.7952 -21.6879 -73.251456
-81.6546 278.3163 -21.6068 -73.250636
-83.1583 279.5974 -21.7854 -73.249818
-84.8953 280.6045 -21.8472 -73.249002
-86.7025 281.4584 -21.6828 -73.248188
-87.8751 282.8646 -21.0904 -73.247376
-89.4892 283.7967 -20.5891 -73.246566
-91.1007 284.9601 -20.5677 -73.24576
-92.4107 286.2858 -21.1453 -73.244955
-94.0557 286.9976 -21.9919 -73.244154
-95.7101 288.0996 -22.2545 -73.243356
-97.3406 289.2852 -22.2657 -73.242561
-98.976 289.9877 -22.9029 -73.241768
-100.2796 290.7986 -23.6291 -73.240978
-101.4799 291.8038 -22.4899 -73.240191
-103.036 292.9887 -22.0284 -73.239408
-104.6892 294.1312 -21.8834 -73.238628
-106.3559 295.2232 -22.151 -73.237852
-107.8941 296.3493 -22.6692 -73.237081
-109.1385 297.4951 -23.597 -73.236312
-110.8652 298.494 -23.4597 -73.235548
-112.4721 299.5248 -23.016 -73.234788
-113.8772 300.6139 -22.2042 -73.234032
-115.339 301.8994 -21.8314 -73.23328
-116.6463 303.427 -21.784 -73.232534
-117.9037 305.0024 -21.8441 -73.231792
-119.0254 306.6607 -22.003 -73.231053
-119.7365 308.5266 -22.2827 -73.23032
-120.0458 309.7921 -21.1758 -73.229588
-120.3335 310.3959 -19.2752 -73.228863
-120.8092 311.2425 -17.5331 -73.228145
-121.3861 312.9361 -16.6595 -73.227433
-122.3666 314.5966 -16.303 -73.226728
-123.445 316.2788 -16.4754 -73.226028
-124.5125 317.8962 -16.7048 -73.225335
-124.8879 318.6378 -14.9021 -73.224644
-124.9811 319.1413 -12.9496 -73.223959
-125.2786 319.7061 -11.0358 -73.22328
-125.7833 320.5605 -9.2875 -73.222612
-126.7853 321.2272 -7.7186 -73.221952
-128.1198 321.7372 -6.5853 -73.221298
-129.5338 322.6762 -5.6435 -73.220652
-130.8033 322.8583 -4.1103 -73.220013
-132.3486 322.5617 -2.9424 -73.219382
-133.5223 321.7567 -2.2514 -73.218759
-134.4075 321.0203 -3.7194 -73.218145
-136.141 320.0633 -3.704 -73.217539
-137.9234 319.2453 -3.5128 -73.216942
-139.8153 319.4438 -3.03 -73.216348
-141.7336 319.7231 -2.5415 -73.215768
-143.2992 318.8382 -1.8198 -73.2152
-143.6324 318.198 -3.1912 -73.214638
-144.6494 318.183 -2.5451 -73.214086
-145.6029 318.7473 -1.0864 -73.213546
-147.1116 319.1677 -0.0827 -73.213016
-149.0143 318.6505 0.3041 -73.212498
-150.835 317.9416 0.6531 -73.211991
-152.6003 318.3043 1.3039 -73.211495
-154.255 319.2248 1.8195 -73.211012
-156.1347 319.0641 1.3765 -73.210541
-157.9479 318.8394 0.6505 -73.210083
-159.8193 318.2421 0.4855 -73.209636
-161.6982 318.4908 0.8126 -73.209204
-163.3502 318.4678 1.946 -73.208784
-164.7917 318.8721 3.1901 -73.208378
-166.0348 318.4651 4.5448 -73.207987
-167.2051 317.7036 5.9108 -73.20761
-168.6856 318.3603 6.972 -73.207248
-170.5746 318.3686 7.6324 -73.206902
-172.4422 318.8037 8.0573 -73.206571
-173.7745 319.4811 7.41 -73.206256
-175.2708 319.8181 6.8918 -73.205958
-176.3866 321.0401 7.8064 -73.205676
-178.1084 321.388 8.4289 -73.205412
-179.8667 322.3331 8.1901 -73.205166
-181.7338 322.9719 7.9865 -73.204937
-183.2047 324.2061 7.6173 -73.204728
-184.6529 324.5109 6.7583 -73.204537
-186.4765 324.882 7.4149 -73.204365
-188.3601 325.5005 7.7542 -73.204214
-190.207 326.2741 7.8586 -73.204083
-191.8555 326.4884 7.2737 -73.203972
-192.3011 326.2807 5.3327 -73.203882
-192.4569 326.3027 3.3202 -73.203811
-192.6127 326.3246 1.3078 -73.203764
-192.7684 326.3466 -0.7047 -73.203741
-53.5618 234.7518 -22.4056 -73.274203
-55.3696 234.7358 -22.9279 -73.273432
-57.1775 234.7198 -23.4502 -73.272675
-58.9758 234.7413 -23.9753 -73.271931
-60.5834 235.6616 -24.1049 -73.271194
-62.2107 236.6032 -24.0421 -73.270457
-63.9306 237.3539 -24.0447 -73.269724
-65.5569 238.2591 -24.1396 -73.268992
-67.3063 238.9314 -24.1596 -73.268264
-68.8366 239.9978 -24.0522 -73.267537
-70.5332 240.314 -23.7713 -73.266814
-72.1779 239.7124 -23.3677 -73.266093
-73.9055 239.067 -23.0743 -73.265375
-75.764 238.9129 -23.0612 -73.26466
-77.5069 238.4311 -23.4834 -73.263948
-79.2728 238.5078 -23.5052 -73.26324
-81.0101 239.1307 -23.2489 -73.262534
-82.8258 239.4159 -22.9537 -73.261833
-84.5254 239.9346 -22.4418 -73.261135
-86.2406 240.0396 -21.7161 -73.260441
-87.8568 239.8217 -20.9364 -73.25975
-89.3552 239.6723 -19.8507 -73.259064
-90.7771 239.8281 -18.7653 -73.258381
-92.3262 239.5258 -18.0598 -73.257703
-94.0855 240.1028 -17.7873 -73.257031
-95.877 240.5966 -17.5579 -73.256363
-97.6988 241.0591 -17.507 -73.255699
-99.53 241.4724 -17.4393 -73.255041
-101.2527 242.1681 -17.1773 -73.254388
-102.8299 242.815 -16.4434 -73.253741
-104.4569 243.5931 -15.9937 -73.2531
-106.2956 243.7075 -16.104 -73.252464
-107.1732 243.8399 -14.6775 -73.251829
-108.3872 244.3725 -13.7017 -73.251204
-109.3454 245.4642 -12.5807 -73.250585
-110.5466 246.5332 -11.6213 -73.249972
-112.0874 247.1 -10.9503 -73.249367
-112.6927 248.1713 -9.7197 -73.248766
-113.85 248.7857 -8.6033 -73.248173
-114.9422 250.1535 -8.2414 -73.247588
-115.3929 251.8689 -7.6387 -73.24701
-116.4822 252.9605 -6.8157 -73.246441
-117.371 253.2374 -5.1806 -73.245878
-118.358 253.8356 -3.7152 -73.245325
-119.4595 254.4678 -2.3971 -73.244781
-120.9563 255.2641 -1.6822 -73.244245
-122.5163 255.9458 -1.0086 -73.243718
-123.9831 256.9071 -0.452 -73.243201
-124.7954 257.8348 0.9161 -73.242692
-125.65 259.0549 2.0473 -73.242195
-126.8265 260.4562 2.1583 -73.241706
-128.2898 261.2032 2.616 -73.241227
-129.0334 261.3894 4.2611 -73.240757
-129.2473 261.2649 6.1105 -73.240283
-129.4022 261.1437 7.9821 -73.239827
-129.5576 261.0229 9.8536 -73.23939
-129.7512 260.9235 11.7229 -73.238954
-129.9463 260.825 13.592 -73.238534
-130.1515 260.7135 15.4586 -73.238134
-130.5488 260.346 17.2477 -73.237747
-131.604 259.0778 18.099 -73.237375
-132.4067 258.2916 19.5872 -73.237016
-133.3932 257.3081 20.8241 -73.236672
-133.8044 256.3522 22.376 -73.236342
-134.6418 255.2368 23.5911 -73.236026
-135.4197 253.8392 24.4892 -73.235726
-135.7 253.4829 26.3153 -73.23544
-136.3101 252.641 27.7577 -73.235171
-136.3201 251.3179 26.4825 -73.234918
-136.8701 249.6435 26.0944 -73.234681
-137.7175 248.1362 25.6627 -73.234462
-137.6045 246.4619 25.1316 -73.234261
-137.2893 245.0053 24.2243 -73.234078
-136.6215 243.4615 23.4192 -73.233913
-135.6446 241.9497 22.8735 -73.233765
-135.3758 240.4199 22.4018 -73.233639
-136.1869 239.3032 23.0344 -73.233532
-136.341 238.0644 24.2021 -73.233446
-136.433 236.6369 25.3143 -73.233381
-136.6008 234.8539 25.6617 -73.233337
-137.1474 233.4458 25.0869 -73.233314
-10.2537 234.1313 -65.7936 -73.300714
-11.9535 235.2244 -65.4206 -73.299706
-13.2513 236.4124 -64.5554 -73.298699
-13.9825 238.2182 -64.0036 -73.297689
-13.9675 239.4333 -65.1657 -73.296676
-14.1745 240.8047 -66.5759 -73.295664
-14.74 242.3781 -67.763 -73.294652
-15.0167 243.3075 -69.5586 -73.293636
-14.9973 244.3966 -71.2899 -73.292621
-15.4806 245.6013 -72.6631 -73.291606
-16.6681 247.206 -72.2066 -73.290591
-17.3029 249.0449 -71.7718 -73.289575
-18.6676 250.382 -71.3338 -73.288559
-19.6799 251.0982 -72.0439 -73.287542
-20.4939 252.2385 -73.4165 -73.286524
-21.5912 252.7618 -72.8895 -73.285602
-21.9596 252.8176 -71.2713 -73.284787
-22.6797 254.2973 -71.5196 -73.283973
-23.6039 255.7577 -72.0067 -73.283161
-24.5721 257.236 -72.2298 -73.282351
-26.0105 258.3101 -72.2446 -73.281541
-27.3761 259.4599 -72.2196 -73.280732
-28.9516 260.3257 -72.2375 -73.279915
-30.5102 261.2195 -72.2945 -73.27911
-31.595 262.5637 -72.7018 -73.278306
-32.6547 263.9941 -72.7006 -73.277504
-33.5598 265.5319 -72.4801 -73.276704
-34.5952 266.9872 -72.4053 -73.275906
-35.2782 268.5959 -72.3691 -73.275108
-36.5462 269.7783 -72.1737 -73.274314
-37.8737 270.872 -71.8225 -73.273523
-38.8876 272.2418 -71.3145 -73.272733
-39.6217 273.7558 -70.7585 -73.271945
-40.6535 274.9959 -70.0158 -73.27116
-42.0534 275.9829 -69.5331 -73.270377
-43.5846 276.8719 -69.3005 -73.269598
-45.0655 277.8565 -69.4958 -73.26882
-45.946 279.1186 -68.7677 -73.268046
-45.8345 280.5644 -67.9551 -73.267274
-46.196 282.2235 -68.3906 -73.266505
-46.2456 283.784 -69.1293 -73.26574
-45.9356 284.9029 -69.4775 -73.264977
-46.3572 283.3243 -69.8414 -73.264215
-47.6385 284.0096 -69.6263 -73.263453
-47.8598 285.27 -68.7781 -73.262697
-47.9763 286.6481 -67.6615 -73.261944
-48.0018 287.8134 -66.394 -73.261195
-49.296 287.3623 -65.4888 -73.260449
-50.1432 286.6731 -64.1653 -73.259709
-50.2434 286.1704 -62.4405 -73.25897
-51.2742 284.9264 -61.8207 -73.258238
-52.8421 284.4426 -61.0987 -73.257511
-53.9107 283.6653 -60.0279 -73.256788
-54.752 283.3629 -58.5184 -73.256069
-55.6511 282.4981 -57.2933 -73.255356
-56.6242 281.93 -56.0196 -73.25465
-57.9991 281.9695 -54.8908 -73.253949
-59.0837 282.3361 -53.8941 -73.253254
-60.0943 282.1643 -52.7677 -73.252563
-61.4419 281.5155 -51.8651 -73.25188
-62.8626 280.827 -51.0501 -73.251204
-64.2795 280.6349 -50.0042 -73.250533
-65.804 280.5238 -49.0693 -73.249871
-66.7885 280.054 -47.7484 -73.249213
-67.9789 279.2336 -46.7905 -73.248563
-68.6552 278.446 -45.3481 -73.247919
-69.0138 277.9753 -43.6489 -73.247283
-69.4167 276.9949 -42.4398 -73.246656
-69.8247 275.5947 -42.5008 -73.246036
-70.268 276.0815 -42.6582 -73.245424
-70.9242 276.409 -41.0457 -73.244817
-71.4032 276.5871 -39.3203 -73.244221
-72.2724 276.7647 -38.0281 -73.243636
-73.2041 276.1685 -36.6914 -73.24306
-74.2918 275.5936 -35.4399 -73.242494
-75.425 274.8456 -34.2803 -73.241937
-76.9255 274.2886 -33.5609 -73.241391
-77.3251 274.3933 -31.9623 -73.240855
-77.3839 274.0953 -31.6173 -73.240324
-77.9259 274.1693 -30.1943 -73.239806
-79.5493 274.0847 -29.6223 -73.2393
-80.9279 274.149 -28.5263 -73.238805
-82.1503 274.2888 -27.2947 -73.238323
-83.1333 274.5631 -25.8399 -73.237853
-83.3586 274.0993 -24.1212 -73.237393
-83.4086 273.3363 -22.4949 -73.236948
-83.5601 272.816 -20.7795 -73.236515
-83.7705 272.4678 -19.0265 -73.236094
-84.0593 272.0789 -17.2937 -73.235689
-84.2893 271.7437 -15.5414 -73.235297
-84.9661 271.1706 -14.2656 -73.234922
-86.4465 270.5588 -13.5443 -73.234562
-87.5224 269.4821 -12.7644 -73.234218
-88.5863 270.2836 -13.3628 -73.23389
-89.344 271.7765 -13.8414 -73.233577
-90.7295 272.8654 -14.017 -73.233276
-92.0012 274.1345 -14.1202 -73.232994
-93.0728 275.5655 -14.188 -73.232732
-94.4803 276.5793 -14.1262 -73.232487
-96.2029 276.3016 -13.7358 -73.232261
-97.8612 276.4416 -13.1634 -73.232053
-99.2225 277.2086 -12.3487 -73.231864
-100.7724 276.7787 -11.5881 -73.231694
-102.4856 276.8416 -11.2384 -73.231544
-104.2435 277.0799 -11.3594 -73.231414
-105.8758 277.7134 -11.5089 -73.231305
-106.978 278.2571 -10.6069 -73.231216
-108.7214 278.4008 -10.5748 -73.231149
-110.1714 278.7473 -11.3411 -73.231104
-111.6618 279.6815 -11.4564 -73.231082
-21.5015 253.5088 -73.309 -73.285926
-22.5942 254.3623 -72.684 -73.285765
-23.4363 255.5756 -72.2611 -73.285618
-23.7952 256.2196 -73.6016 -73.285485
-24.1958 256.9175 -74.8973 -73.285367
-24.5102 257.2028 -76.431 -73.285265
-25.2575 257.9568 -77.5755 -73.285179
-25.9832 258.9049 -78.6121 -73.28511
-26.7351 259.8964 -79.3372 -73.285057
-27.7754 261.0706 -79.3699 -73.285021
-28.1276 262.1418 -78.3341 -73.285003
-14.415 228.9869 -63.4499 -73.301763
-16.1331 229.4489 -63.5343 -73.301134
-17.7421 230.1331 -63.7219 -73.30051
-19.4067 230.7023 -63.8399 -73.299892
-20.8995 231.6241 -63.8754 -73.299278
-22.4197 232.5434 -63.927 -73.29867
-23.9779 232.9794 -64.5409 -73.298068
-25.5926 233.2447 -65.0739 -73.29747
-27.3372 233.3731 -65.393 -73.296879
-29.108 233.4677 -65.4659 -73.296293
-30.8642 233.5427 -65.402 -73.295714
-32.3482 234.4256 -65.4518 -73.295142
-33.9347 234.8444 -64.9779 -73.294576
-35.6107 235.0483 -64.5372 -73.294017
-37.2988 235.2219 -64.5195 -73.293466
-38.3854 235.5894 -65.5655 -73.292921
-39.1438 235.7555 -64.0699 -73.292383
-40.4342 236.3585 -64.9633 -73.291854
-41.6538 237.408 -65.4996 -73.291333
-43.3197 237.9738 -65.7908 -73.290822
-45.0712 238.2644 -65.9288 -73.290319
-46.7994 238.6788 -65.9135 -73.289827
-48.5481 238.9796 -65.7557 -73.289343
-50.2593 239.3638 -65.4708 -73.28887
-51.9541 239.818 -65.3779 -73.288406
-53.6581 240.3081 -65.5616 -73.287953
-55.3649 240.7618 -65.7517 -73.287512
-56.9242 241.5359 -65.9538 -73.28708
-58.6438 241.8319 -66.2728 -73.286661
-59.9936 242.7156 -66.7405 -73.286254
-60.984 243.7818 -67.5294 -73.285858
-62.0855 245.146 -67.6347 -73.285475
-62.592 246.8516 -67.5474 -73.285105
-63.6958 248.1812 -67.3534 -73.284749
-65.3602 248.1365 -67.1819 -73.284405
-66.6185 247.2528 -66.7907 -73.284076
-68.2827 246.701 -66.9975 -73.283759
-69.0056 246.5375 -67.1182 -73.283458
-69.4149 247.1923 -66.2178 -73.283172
-70.5685 248.2104 -65.6787 -73.282902
-72.1021 248.9573 -65.1628 -73.282647
-73.5226 249.8734 -64.6789 -73.282409
-74.9049 250.917 -64.2744 -73.282189
-76.1941 252.0464 -63.8017 -73.281986
-77.6751 252.694 -63.2164 -73.281801
-78.9054 253.7897 -63.1101 -73.281635
-80.0531 255.1107 -63.1909 -73.281488
-81.4092 256.2087 -63.4316 -73.28136
-83.1166 256.5971 -63.7243 -73.281253
-84.8053 256.9649 -63.8465 -73.281165
-86.3232 257.8036 -63.7447 -73.281099
-88.0463 257.7843 -63.4146 -73.281055
-89.5568 258.6367 -63.0658 -73.281032
-79.8558 209.6969 -1.6956 -73.307377
-80.9345 210.9313 -0.8747 -73.306652
-81.8718 212.3265 -0.0936 -73.305931
-83.0145 213.649 0.4105 -73.305212
-83.35 215.4299 0.5242 -73.304496
-84.7236 216.0877 0.5245 -73.303784
-85.8365 216.8501 1.5461 -73.303072
-86.4751 218.3432 2.3648 -73.302367
-87.6889 219.3419 3.0091 -73.301665
-89.3832 219.625 3.5112 -73.300968
-90.5679 220.9942 3.9392 -73.300276
-91.9993 222.1339 4.2769 -73.299588
-93.1066 223.0567 5.3451 -73.298904
-94.2451 224.3484 6.04 -73.298224
-95.1955 225.7846 6.6504 -73.29755
-96.1469 227.1811 6.1703 -73.296881
-97.5307 228.1499 5.5656 -73.296217
-97.6555 229.6726 4.5217 -73.295558
-98.2632 230.7709 4.9578 -73.294902
-99.4213 231.1534 5.7424 -73.294254
-100.7458 231.4122 4.7237 -73.293612
-101.8502 232.6408 4.2535 -73.292976
-103.1436 233.9354 4.0273 -73.292346
-104.4921 234.4164 4.8558 -73.291724
-105.6117 233.6885 5.7966 -73.291105
-106.7274 232.3194 6.4016 -73.290487
-107.441 230.7522 6.8747 -73.289885
-107.4488 229.0255 7.5014 -73.289291
-107.9411 227.3511 8.131 -73.288707
-107.0902 226.8712 8.9862 -73.28813
-106.1496 226.513 10.1833 -73.287555
-105.9516 226.2598 12.0223 -73.286988
-105.4787 225.2922 12.0054 -73.286434
-105.2249 224.5846 10.2988 -73.285889
-104.7784 223.6625 9.5999 -73.285356
-104.7066 222.6921 11.0296 -73.284832
-105.026 220.965 11.6033 -73.284319
-104.6066 219.9029 12.8153 -73.283816
-103.3942 219.8352 14.0764 -73.283323
-104.3073 219.9043 13.553 -73.282842
-105.885 218.9419 13.3792 -73.282372
-107.2676 218.4747 12.6842 -73.281914
-108.1193 218.5469 11.0406 -73.281466
-108.3962 219.4541 11.7193 -73.281032
-109.0143 219.6825 13.4653 -73.280608
-109.7221 219.9831 15.1561 -73.2802
-110.6667 219.9703 16.4989 -73.279807
-112.0003 218.9022 16.8845 -73.279427
-113.4433 217.9794 16.4775 -73.279062
-114.7081 217.1333 15.6968 -73.278712
-115.2947 216.7255 13.9743 -73.278376
-115.5962 216.7912 12.1637 -73.278054
-115.7677 217.1126 10.3327 -73.277748
-115.4309 217.0746 11.1227 -73.277461
-116.1181 217.6962 12.116 -73.277183
-117.3855 218.3763 13.3061 -73.276927
-118.8798 218.8959 14.099 -73.276693
-120.5533 219.5755 14.5055 -73.276477
-122.3465 220.0233 14.7431 -73.276281
-124.1585 220.1151 14.949 -73.276104
-125.565 221.2324 14.8597 -73.275948
-126.6064 222.7478 14.7267 -73.275812
-127.1945 224.5052 14.537 -73.275698
-127.9351 226.1832 14.2547 -73.275605
-129.0224 227.5634 14.5865 -73.275535
-130.1181 229.0198 14.5982 -73.275488
-131.2201 230.4645 14.2522 -73.275464
47.5528 -96.076 13.5667 -72.104858
47.0015 -95.2803 13.5986 -72.104946
46.7344 -94.3274 13.6342 -72.104989
27.7081 -94.2683 18.8592 -72.081841
26.226 -93.6204 19.8024 -72.082394
24.7439 -92.9726 20.7456 -72.08281
23.2618 -92.3248 21.6888 -72.083089
23.8038 -92.3745 21.7835 -72.08323
54.7481 -88.0637 17.871 -72.12724
97.3169 -66.6493 31.3652 -72.182311
99.3506 -67.4491 30.897 -72.183795
101.3843 -68.2489 30.4289 -72.185037
103.4181 -69.0488 29.9607 -72.186035
105.4518 -69.8486 29.4925 -72.186787
104.935 -70.7499 28.9784 -72.18729
104.6139 -70.6388 26.7694 -72.187542
96.937 -66.473 30.8282 -72.181539
44.0154 -65.7095 15.6069 -72.188771
44.0102 -66.3692 14.8486 -72.188839
44.1586 -67.2141 14.3402 -72.188873
-4.665 -9.0685 -0.0051 -72.957277
-3.3078 -10.3003 -0.0154 -72.927505
-1.9532 -11.5348 -0.0257 -72.89776
-0.7426 -12.7803 -0.0459 -72.848334
0.4334 -13.9291 -0.0935 -72.779703
1.4466 -15.2471 -0.185 -72.711588
3.5554 -27.7322 1.4257 -72.611467
8.6107 -41.3653 6.7974 -72.519419
22.8794 -62.2772 10.5055 -72.315437
26.4745 -64.8588 13.9793 -72.285366
29.0535 -67.1183 14.3116 -72.265804
42.1418 -73.5431 16.2509 -72.195569
47.2069 -85.1931 18.1557 -72.138247
44.6639 -89.9679 15.7857 -72.116797
47.7449 -96.3203 13.6398 -72.105738
78.4149 -177.3628 14.5582 -72.00451
95.2227 -265.7699 17.0719 -71.925684
48.1056 -320.1106 18.1187 -71.866873
-10.9476 -383.6056 22.9817 -71.826424
-40.36 -432.7473 17.7175 -71.803054
28.7834 -94.5812 17.274 -72.084062
14.3097 -106.6143 20.8227 -72.059659
2.7577 -126.0427 26.0848 -72.041767
-45.0792 -189.1405 27.4734 -72.009107
30.9775 -170.2053 31.4202 -72.033621
28.3969 -94.5693 18.0599 -72.081968
-40.2348 -104.2908 -5.8163 -72.02801
-111.9958 -139.102 2.509 -71.997163
54.6562 -87.9717 17.7384 -72.127991
111.8824 -135.9529 29.1893 -72.051851
164.8572 -185.7356 20.1853 -71.999766
213.7243 -226.7876 32.011 -71.970156
43.9697 -65.4565 15.7766 -72.188995
45.5333 -62.1584 17.8534 -72.18708
96.2419 -66.2233 31.6259 -72.181424
2.1326 -22.0656 -2.5814 -72.646375
6.2653 -35.3706 6.4938 -72.565101
8.3143 -40.7868 6.7183 -72.482269
15.4942 -50.7521 4.9673 -72.416417
19.5156 -57.7327 7.1557 -72.351321
24.2121 -63.3654 12.9105 -72.30037
27.7984 -65.9637 14.1964 -72.275524
35.2991 -71.3414 15.5234 -72.230548
45.9552 -78.4006 18.2802 -72.166386
45.9541 -87.9136 17.638 -72.12734
46.0845 -93.1486 14.7482 -72.110533
52.1518 -103.9606 11.3242 -72.093756
58.8833 -119.603 12.0998 -72.072581
62.6461 -133.0235 18.7767 -72.05228
68.7987 -150.479 18.27 -72.03283
75.478 -168.4071 16.0379 -72.014206
80.7201 -186.7623 13.7215 -71.995049
86.0397 -202.1519 18.4658 -71.978444
88.9594 -219.8372 14.0604 -71.9626
92.3483 -238.1707 14.3683 -71.947499
94.4112 -256.1543 16.5595 -71.933123
95.282 -267.4858 16.3224 -71.91848
95.3059 -280.3632 10.9397 -71.905929
82.392 -291.8157 13.1552 -71.894054
66.6134 -301.8126 13.5179 -71.882841
55.8832 -314.8401 17.1156 -71.872276
42.621 -325.3136 19.0805 -71.861719
32.9705 -340.7608 23.6528 -71.852867
23.9361 -354.8041 21.203 -71.844627
9.6225 -366.7531 22.7517 -71.836988
-4.6074 -378.3071 21.4152 -71.829941
-16.9731 -389.755 18.9726 -71.823151
-27.5688 -401.1213 14.9527 -71.81771
-39.573 -411.7299 14.9204 -71.81284
-40.6381 -420.4638 25.2112 -71.808535
-40.4069 -426.6412 14.8914 -71.80479
-41.6738 -434.0686 12.5022 -71.801577
-35.1298 -447.795 10.0223 -71.799408
-30.511 -455.7937 6.7671 -71.797784
-26.4654 -460.7911 2.4423 -71.796703
-24.2919 -464.5784 0.2402 -71.796162
37.1249 -94.0849 14.9718 -72.099741
20.7736 -99.7756 22.2184 -72.0713
11.0172 -108.5614 18.7473 -72.055891
5.909 -113.1292 24.1737 -72.050209
4.7649 -121.3499 27.2758 -72.044767
-3.9067 -133.7894 26.1237 -72.037139
-16.2236 -149.0836 26.7198 -72.029488
-17.7909 -159.6216 22.5822 -72.022668
-30.8645 -168.2845 21.4997 -72.01667
-40.3768 -181.2163 24.3391 -72.011486
-50.8898 -195.8899 27.7601 -72.006982
-59.8432 -207.2909 27.0024 -72.003865
-63.453 -209.2381 15.4152 -72.001529
-64.2909 -212.4765 11.1044 -71.999974
-69.7086 -217.4653 14.9612 -71.999197
-1.3141 -131.2728 34.9295 -72.040883
15.7442 -115.5027 24.1983 -72.055278
21.9499 -133.9863 25.1312 -72.048984
26.8898 -147.4387 25.6301 -72.043543
28.6429 -155.1273 32.7495 -72.038946
28.6017 -167.7997 33.6747 -72.035188
33.7647 -170.9041 21.6446 -72.032197
35.3986 -176.6564 11.4651 -72.030425
39.8278 -180.409 -7.3747 -72.029539
28.4843 -94.572 17.6083 -72.08258
24.075 -93.3058 9.4058 -72.075104
15.5128 -90.8025 -8.4542 -72.0632
-0.0475 -89.6597 -13.0268 -72.052162
-13.9393 -94.7328 -4.0497 -72.04198
-31.0534 -101.5497 -4.3571 -72.032639
-48.3446 -108.1087 -4.4853 -72.023607
-60.3769 -111.0796 -1.1234 -72.016334
-77.9711 -113.5102 3.296 -72.009876
-92.0999 -121.9743 4.6219 -72.004224
-105.6825 -132.44 0.8972 -71.999371
-119.8735 -141.3568 5.959 -71.995326
-132.8113 -151.1601 6.979 -71.992646
-147.2952 -155.5423 4.0924 -71.990638
-153.368 -158.2725 7.6335 -71.9893
-168.793 -159.6906 7.6228 -71.988632
50.8433 -86.5895 17.9535 -72.132113
61.2357 -92.3404 14.5899 -72.118612
72.1897 -102.125 21.0158 -72.102299
85.4059 -115.7278 22.6939 -72.086903
96.1046 -123.0147 27.5352 -72.072405
106.3877 -128.7142 28.8233 -72.058788
119.3522 -141.0891 32.8119 -72.045153
133.3865 -151.0456 27.4274 -72.033686
140.4642 -156.8554 25.7903 -72.023052
152.3124 -169.1266 29.8767 -72.013238
161.5491 -182.1636 26.4505 -72.004232
167.3763 -187.9265 20.8501 -71.995545
178.0174 -198.4202 27.7655 -71.988571
190.5879 -201.853 17.5881 -71.982371
198.4764 -209.0366 23.2285 -71.976938
206.4978 -222.3967 29.9785 -71.972265
216.4485 -231.2363 29.6641 -71.968339
219.3592 -241.6667 28.5636 -71.965651
217.6919 -257.4839 32.1794 -71.963638
212.7961 -271.781 39.8533 -71.962297
208.8344 -287.7139 39.3838 -71.961627
43.1478 -69.6198 16.0595 -72.19062
45.0982 -63.5211 16.1223 -72.187986
50.7937 -61.6079 11.0465 -72.185391
63.7547 -58.5312 9.7712 -72.18315
75.049 -60.4617 16.3877 -72.181672
83.0968 -60.7333 25.9161 -72.180956
91.3447 -63.64 26.8113 -72.181001
106.4082 -69.1292 24.6495 -72.179063
123.1559 -72.5629 28.9251 -72.175888
143.1961 -75.9244 28.8652 -72.174302
46.1286 -55.224 14.5026 -72.185567
37.6417 -45.2763 18.4222 -72.183801
22.8448 -43.0894 21.8828 -72.182918
