-0.8015 -1.2678 -0 -73.014042
-3.2062 -5.0715 -0 -73.012617
-5.0765 -8.0299 -0 -73.011648
-6.4123 -10.1429 0.0262 -73.011349
-8.0143 -12.677 0.1283 -73.010932
-8.8146 -13.9429 0.1666 -73.010623
-8.2187 -14.5214 0.2948 -73.010292
-8.7411 -16.3672 0.5247 -73.009416
-10.0309 -17.8905 1.1419 -73.008301
-11.386 -19.3222 1.89 -73.00722
-12.7254 -20.8552 2.392 -73.0062
-14.0432 -22.4116 2.6217 -73.004987
-14.6972 -24.3185 2.0715 -73.003513
-15.5306 -26.234 2.0482 -73.001909
-16.1094 -27.8038 2.3068 -73.000519
-14.7796 -28.9827 3.1257 -72.999352
-13.6062 -30.5844 3.6202 -72.998179
-12.2537 -32.1091 3.9089 -72.997004
-11.1222 -33.7683 4.2796 -72.995822
-10.1932 -35.2295 5.196 -72.994637
-9.3619 -36.7283 6.3117 -72.993446
-8.5851 -38.2492 7.4144 -72.992251
-7.5935 -39.8435 8.2499 -72.991052
-6.8916 -41.4349 9.2193 -72.989843
-6.2727 -43.3267 9.6108 -72.988632
-5.7427 -44.6215 10.9758 -72.987409
-5.2774 -45.3085 12.8612 -72.98618
-4.5701 -46.2857 12.7646 -72.984949
-3.9187 -47.0128 11.0346 -72.983709
-3.487 -47.3534 9.0584 -72.98246
-3.1601 -48.3203 10.2056 -72.981204
-2.5906 -49.7167 11.29 -72.979956
-2.064 -51.2649 10.2609 -72.978698
-1.9023 -53.0628 10.2828 -72.977438
-1.2374 -53.7481 8.8883 -72.976163
-0.2338 -55.4757 8.438 -72.974889
0.9268 -57.1391 8.1846 -72.973611
2.1659 -58.7648 8.26 -72.972327
2.7966 -60.3652 9.2072 -72.971035
3.5606 -62.0815 8.7826 -72.969738
4.1051 -63.9769 8.2533 -72.968433
4.7728 -65.8913 8.0534 -72.967126
5.555 -67.7898 8.1794 -72.965815
5.4215 -69.7319 8.5591 -72.9645
5.3722 -71.1779 9.39 -72.963175
6.6015 -72.8224 9.4344 -72.961848
7.9091 -74.3345 9.4579 -72.960514
9.1469 -75.9691 9.4502 -72.959175
10.0298 -77.8076 9.4917 -72.957834
10.7723 -79.6982 9.5101 -72.956486
12.3735 -80.8411 9.4583 -72.955135
13.4145 -82.6176 9.4397 -72.953778
14.1594 -84.5026 9.6273 -72.952415
14.908 -86.352 10.0263 -72.951048
15.6285 -88.1574 10.421 -72.949677
16.2688 -90.0988 10.1972 -72.9483
16.8061 -92.0324 10.2983 -72.946921
18.0591 -93.5211 10.9131 -72.945538
19.0692 -95.1762 11.592 -72.94415
20.0514 -96.8019 12.3554 -72.94276
20.7986 -98.4251 13.1509 -72.941364
22.3425 -99.643 13.6764 -72.939965
23.1324 -101.4525 13.8694 -72.938562
24.2278 -103.1764 13.8286 -72.937155
25.7948 -104.4654 13.8973 -72.935745
27.3532 -105.7951 13.951 -72.934334
28.4996 -107.4233 13.9547 -72.932919
30.0108 -108.56 13.6639 -72.931499
31.1081 -108.6091 12.0588 -72.930053
29.9694 -109.9097 10.9348 -72.928496
28.8308 -111.2104 9.8109 -72.926975
27.6922 -112.511 8.6869 -72.92549
26.8377 -113.4766 7.7017 -72.924022
28.1153 -111.9666 8.2837 -72.922466
29.3929 -110.4565 8.8658 -72.920947
30.6706 -108.9464 9.4479 -72.919465
31.1787 -108.9746 10.7509 -72.917972
31.0798 -109.3078 12.7833 -72.916473
31.1974 -110.3892 14.0207 -72.915001
31.8589 -112.2436 14.4776 -72.913537
32.2207 -114.0808 14.8897 -72.912071
32.3754 -116.0895 14.7382 -72.910604
33.2282 -117.7627 14.1097 -72.909136
34.0263 -119.6079 13.7086 -72.907669
34.4263 -121.5938 13.4703 -72.906202
34.6735 -123.5948 13.4834 -72.904737
34.4631 -125.6138 13.6554 -72.903273
35.477 -127.1975 13.9548 -72.901814
36.4488 -128.3733 14.9241 -72.900348
36.0423 -130.1872 15.3722 -72.898877
35.1621 -131.5518 15.4371 -72.897416
35.6418 -129.8523 14.8263 -72.895967
35.0348 -128.0619 14.2107 -72.894521
35.5446 -129.8444 14.1534 -72.893078
35.6291 -131.8577 14.0497 -72.891643
34.8485 -133.6181 13.7199 -72.890215
34.2995 -135.3089 12.7219 -72.888794
33.9891 -137.2127 12.2496 -72.887382
34.6951 -139.1364 12.158 -72.88598
34.4342 -141.0719 12.4762 -72.884588
34.9496 -142.8915 13.1328 -72.883204
35.1207 -144.6736 12.8365 -72.881833
36.0553 -146.4708 12.5635 -72.880476
36.5162 -147.9232 11.2272 -72.879125
37.0821 -149.6924 10.5935 -72.877797
38.1845 -151.3675 10.8233 -72.876485
38.9786 -152.5573 11.4668 -72.875188
38.5512 -154.4927 11.7745 -72.873902
38.9845 -156.4817 12.0272 -72.872634
38.8087 -158.4686 12.102 -72.871388
39.4316 -160.3993 12.1561 -72.870166
40.017 -162.1492 11.7738 -72.868964
39.9044 -164.0643 11.3068 -72.86779
40.4166 -165.9089 10.6066 -72.866641
41.3853 -167.5493 10.7632 -72.865523
42.1247 -169.1267 11.6727 -72.864433
42.1485 -170.8263 12.6221 -72.863374
41.2541 -172.1527 13.7028 -72.862351
41.3329 -173.6405 14.3131 -72.861364
41.6008 -174.8677 12.6805 -72.860411
41.8738 -176.7997 12.275 -72.859501
42.7438 -178.5456 11.9564 -72.858635
43.2439 -180.4578 12.0397 -72.857814
43.3656 -182.4295 12.4106 -72.857039
43.6747 -184.2146 13.2717 -72.856312
44.1736 -186.1236 13.8383 -72.855639
44.3535 -187.9066 14.7675 -72.855019
44.8726 -189.5685 15.6922 -72.854457
45.4404 -191.1005 14.5715 -72.853955
46.1386 -192.9259 14.1459 -72.853516
46.6287 -194.8895 13.783 -72.853143
47.9055 -196.4354 13.3908 -72.852838
49.0241 -197.9564 13.467 -72.852605
49.8322 -199.3762 13.2319 -72.852445
51.04 -200.3986 12.0409 -72.852364
-16.8109 -27.3553 2.8101 -73.000673
-17.497 -28.3029 4.2038 -72.999835
-18.1984 -29.271 5.5067 -72.999018
-18.2577 -29.3412 3.7473 -72.998067
-18.2679 -29.344 1.9276 -72.997138
-18.2781 -29.3467 0.108 -72.996235
-18.2883 -29.3494 -1.7116 -72.995357
-18.2985 -29.3522 -3.5313 -72.994503
-18.8534 -30.5664 -3.9808 -72.993662
-18.8107 -32.318 -3.8597 -72.992814
-19.3066 -34.0554 -3.7456 -72.991964
-18.9488 -34.5418 -2.2544 -72.991106
-18.3075 -35.7012 -1.0566 -72.990244
-18.003 -37.2922 -0.254 -72.989381
-17.2153 -38.7422 0.5062 -72.988514
-17.2992 -40.1694 1.5541 -72.987644
-17.1185 -41.7267 2.3954 -72.986768
-17.083 -42.8762 3.6698 -72.985884
-17.3639 -44.4413 4.545 -72.984999
-18.2212 -45.6938 5.2818 -72.984116
-18.9632 -46.7735 4.1464 -72.983228
-19.2427 -47.6114 2.5633 -72.982331
-19.7572 -49.1601 2.2576 -72.981439
-20.0441 -50.8741 2.5491 -72.980547
-20.3286 -52.4364 3.2684 -72.979654
-19.8077 -53.8024 3.6098 -72.978758
-19.2008 -54.6661 2.2731 -72.977855
-18.7221 -56.0354 2.9434 -72.97695
-18.7365 -56.729 4.1896 -72.976046
-18.8997 -58.1413 5.2798 -72.975145
-18.8149 -59.8936 5.7078 -72.974249
-18.9822 -61.072 7.0484 -72.973351
-19.3934 -62.5349 8.0119 -72.972461
-19.547 -63.8484 9.0694 -72.971571
-19.5772 -65.5723 8.63 -72.970692
-19.258 -67.3139 8.3405 -72.969818
-19.7508 -69.0603 8.364 -72.968954
-19.9946 -70.8175 8.7102 -72.968096
-19.8037 -72.5539 9.1873 -72.967246
-19.7201 -74.3251 9.5635 -72.966407
-20.2567 -75.9938 9.7611 -72.965578
-19.7758 -77.7066 9.8918 -72.964762
-19.8692 -79.394 10.0722 -72.96396
-20.6153 -80.6503 10.7965 -72.963174
-20.8101 -82.0334 11.1362 -72.962407
-21.8468 -83.2751 10.5156 -72.961659
-22.3598 -84.646 11.4203 -72.960932
-22.8139 -86.2646 12.0203 -72.960226
-22.9433 -87.4114 13.1988 -72.959541
-23.2601 -88.7922 14.1473 -72.958884
-23.5187 -90.5915 14.1567 -72.95826
-23.7693 -92.3875 14.2837 -72.957668
-23.9193 -94.161 14.5659 -72.957109
-24.765 -95.4177 14.2775 -72.956586
-25.6946 -96.5629 13.7452 -72.956103
-26.3361 -98.2508 13.7081 -72.955661
-26.22 -99.6251 14.4174 -72.955258
-26.029 -100.2322 16.1217 -72.954903
-25.98 -100.9366 17.7977 -72.954598
-26.1774 -101.1961 19.58 -72.95434
-26.4133 -101.3806 21.3748 -72.954146
-26.5757 -102.9017 22.0388 -72.954016
-26.565 -104.1061 22.8298 -72.953949
-10.4886 -18.1238 0.6694 -73.007386
-10.4015 -18.057 0.4643 -73.006735
-11.3637 -19.3353 1.4826 -73.005953
-12.4409 -20.4928 2.3203 -73.00503
-13.7335 -21.882 2.6066 -73.004028
-14.3525 -23.4451 1.6476 -73.003019
-14.7639 -24.7529 0.4153 -73.002005
-15.0123 -25.6795 -1.2982 -73.000985
-14.7483 -27.3027 -2.2341 -72.999961
-14.1682 -28.7546 -3.3613 -72.998929
-14.1335 -30.3237 -2.5621 -72.997891
-14.176 -32.0715 -1.7097 -72.99685
-14.076 -33.7889 -0.9359 -72.995803
-13.8862 -35.6563 -1.4771 -72.994753
-13.5408 -37.5381 -1.8551 -72.993697
-12.9254 -39.3671 -2.0095 -72.992634
-12.8947 -41.2639 -2.5483 -72.991567
-12.5093 -43.0891 -2.3969 -72.990495
-11.8636 -44.7358 -1.5183 -72.989413
-11.3409 -46.4019 -0.6056 -72.988325
-11.0233 -47.5467 0.9658 -72.987226
-10.5913 -48.4457 2.6789 -72.986128
-10.1405 -50.0833 3.3431 -72.985027
-10.2934 -51.7904 2.9275 -72.983921
-10.88 -52.8858 1.4404 -72.982804
-11.0363 -54.4811 1.7038 -72.981688
-11.1458 -56.3254 2.378 -72.980565
-10.357 -57.7555 3.4384 -72.979437
-10.1358 -58.8326 4.9901 -72.978303
-10.3077 -60.6124 5.6598 -72.977162
-11.2813 -62.2927 6.0116 -72.976018
-11.7958 -64.1934 6.181 -72.974871
-12.4342 -66.0517 6.3974 -72.973716
-11.9522 -67.7789 6.8906 -72.972556
-11.6762 -69.0382 8.2561 -72.971391
-11.713 -70.0381 9.9612 -72.970223
-11.8555 -70.9146 11.6774 -72.969043
-12.8132 -71.5235 13.2459 -72.967864
-13.5753 -72.2336 12.7301 -72.96668
-14.1638 -73.7043 11.8882 -72.965493
-14.4131 -75.2707 10.815 -72.964305
-13.5782 -77.0011 10.3425 -72.963112
-13.3259 -78.9499 10.1371 -72.961915
-13.3622 -80.9141 10.3308 -72.960717
-14.2376 -82.5066 10.9807 -72.959519
-14.7845 -84.1023 11.9265 -72.958316
-15.3519 -85.4422 12.6525 -72.957109
-15.7865 -86.6616 12.098 -72.955899
-16.5522 -87.7496 13.5364 -72.954688
-17.1687 -89.5648 13.8022 -72.953479
-18.2162 -91.1682 13.885 -72.952269
-19.5493 -92.634 13.9514 -72.951059
-20.3209 -94.4426 13.8656 -72.949849
-21.0095 -96.2837 13.6721 -72.94864
-21.3384 -97.8523 13.9673 -72.947419
-21.6939 -97.8965 15.9193 -72.946185
-22.3276 -98.0602 17.7316 -72.944971
-21.887 -98.9874 16.7979 -72.943747
-22.8153 -99.7306 15.3374 -72.942542
-24.3779 -100.6691 14.7056 -72.941343
-24.3457 -102.6276 14.3888 -72.940152
-24.5768 -104.5617 14.2213 -72.938967
-24.8282 -106.5067 14.2205 -72.937789
-25.0574 -108.4614 14.1941 -72.936619
-25.5558 -110.3378 14.0236 -72.935457
-26.9412 -111.6652 13.5497 -72.934304
-27.6548 -113.1993 12.651 -72.933164
-27.9593 -114.1646 11.0361 -72.932021
-28.3565 -115.3746 10.0919 -72.930908
-29.1471 -116.4978 9.0352 -72.929803
-29.5399 -117.0458 7.1689 -72.928705
-29.9596 -117.6548 5.3281 -72.927632
-30.9613 -118.935 4.5188 -72.926584
-32.1435 -120.2324 4.6581 -72.925554
-32.9363 -121.0473 6.2793 -72.924543
-33.621 -122.2206 7.5953 -72.923559
-33.9105 -123.585 8.7937 -72.922599
-34.4873 -124.3869 10.3397 -72.921666
-35.0405 -125.7656 11.4307 -72.920767
-34.701 -127.6323 11.772 -72.919898
-35.3063 -129.4991 11.9181 -72.919062
-35.9903 -131.3268 11.7835 -72.918263
-37.6819 -132.1342 11.31 -72.917502
-38.5009 -133.4806 10.3217 -72.916781
-38.4967 -134.7419 8.9782 -72.916101
-39.2613 -136.1191 9.0235 -72.91547
-39.6486 -137.8732 9.0943 -72.914888
-40.3927 -139.5578 8.4232 -72.914358
-41.3357 -141.2284 8.0319 -72.913884
-41.7461 -143.1332 7.6854 -72.913467
-42.0138 -145.0056 7.4829 -72.913112
-41.9887 -146.6225 8.5512 -72.91282
-43.1363 -148.1444 8.915 -72.912597
-43.8626 -149.8828 8.3731 -72.912445
-44.926 -151.4033 7.7386 -72.912366
-9.353 -14.8211 0.2731 -73.010144
-11.0559 -15.5864 0.7158 -73.009285
-12.8605 -15.9487 1.177 -73.008225
-14.323 -16.6873 2.6356 -73.006262
-15.6273 -17.7486 4.2904 -73.004617
-16.5612 -19.3299 4.837 -73.003872
-17.0333 -20.2944 6.2453 -73.003035
-17.8874 -21.5361 7.3823 -73.002176
-18.8508 -22.9769 8.1796 -73.001315
-19.5099 -24.5801 8.9543 -73.000448
-19.7318 -25.6734 10.3712 -72.999571
-19.6375 -26.5275 11.987 -72.998684
-20.9183 -27.5166 12.4491 -72.997799
-21.2964 -29.0814 13.3143 -72.996908
-21.83 -30.7644 14.0149 -72.99601
-22.4092 -32.288 14.7504 -72.995107
-23.1716 -32.8787 16.4102 -72.994188
-23.4458 -33.3976 17.1662 -72.993277
-23.9797 -35.1098 17.8018 -72.992357
-25.2888 -36.4276 18.1128 -72.991434
-26.4013 -37.9363 18.2431 -72.990509
-27.2908 -39.5473 18.3867 -72.989577
-28.9068 -40.2841 18.3568 -72.98864
-28.8386 -41.8551 18.071 -72.987699
-30.0593 -43.3052 18.0707 -72.986754
-30.6546 -44.9959 18.2212 -72.985802
-31.4097 -46.5757 18.3297 -72.984847
-32.6885 -47.8644 18.2798 -72.983888
-33.6705 -49.4532 18.3794 -72.98293
-34.3435 -51.1833 18.7706 -72.981968
-35.0428 -52.643 19.7515 -72.981003
-35.9334 -53.9164 20.8542 -72.980037
-36.4958 -55.5633 21.6175 -72.979072
-37.1515 -57.2664 22.1901 -72.978107
-37.503 -58.9135 22.7742 -72.977137
-37.2767 -60.629 23.5408 -72.976165
-38.3487 -62.1152 24.0868 -72.975199
-38.7835 -63.8894 24.6417 -72.974234
-39.0307 -65.5698 25.4324 -72.973273
-39.2448 -67.4312 25.7075 -72.972312
-39.4113 -69.2406 26.1323 -72.971357
-38.2265 -70.1613 27.1367 -72.970406
-37.9293 -71.6381 28.1838 -72.969456
-36.7386 -72.8721 28.5562 -72.968515
-35.4143 -74.1273 28.8617 -72.967584
-33.8413 -75.1427 29.2839 -72.966639
-32.9832 -76.7229 29.5771 -72.965723
-33.6399 -75.092 29.1649 -72.964803
-33.1635 -76.3575 28.5144 -72.9639
-32.6394 -77.9449 29.3953 -72.963011
-31.5586 -79.4236 29.8926 -72.962123
-30.8094 -81.0765 30.3763 -72.961255
-31.5811 -82.6547 30.6865 -72.960417
-31.7168 -84.5489 30.8274 -72.959599
-31.5105 -86.4537 30.8357 -72.958805
-31.5377 -88.3667 30.7633 -72.958035
-31.4829 -90.279 30.6456 -72.957291
-31.9235 -92.1277 30.4947 -72.956578
-32.2806 -93.9944 30.2829 -72.955897
-33.2826 -95.4749 30.073 -72.95525
-34.2923 -96.3147 29.212 -72.954638
-33.7984 -97.5646 29.0456 -72.954062
-33.365 -98.5644 30.3242 -72.953527
-34.9529 -99.5888 30.5864 -72.953039
-35.3561 -101.2379 30.5528 -72.952598
-35.425 -102.1901 29.7785 -72.952208
-35.4381 -103.6106 30.0236 -72.951872
-35.4329 -104.9525 28.8355 -72.951597
-35.4888 -106.6151 28.0477 -72.951385
-35.1318 -108.0258 29.2064 -72.951239
-34.5346 -109.5447 30.0645 -72.951164
-15.445 -16.6758 3.4162 -73.004608
-17.1123 -16.5493 2.7023 -73.003875
-18.8242 -16.1183 2.2844 -73.003049
-20.5247 -15.3962 2.2003 -73.002208
-22.3116 -15.3473 2.4856 -73.001364
-24.0423 -14.9367 2.9859 -73.00051
-25.7912 -14.8802 3.5418 -72.99965
-27.6376 -14.8877 3.7424 -72.998785
-29.4617 -14.8882 3.7168 -72.997915
-31.2202 -15.3922 3.5297 -72.997036
-32.7539 -15.8243 2.9445 -72.996147
-34.0829 -16.2305 1.7975 -72.995255
-35.3566 -17.1047 0.7776 -72.994357
-36.7811 -17.3591 0.0703 -72.993458
-38.4049 -17.2529 0.8951 -72.992555
-40.1857 -16.9717 1.2216 -72.991645
-41.9745 -17.3706 1.348 -72.990729
-43.6645 -17.7288 1.1737 -72.989807
-45.1638 -16.9527 0.472 -72.988882
-46.3865 -16.2335 -0.6264 -72.987949
-48.1583 -16.038 -0.1893 -72.987011
-49.5586 -16.5997 0.7893 -72.986066
-50.6275 -17.7832 1.5574 -72.985119
-52.4581 -17.9497 1.6886 -72.984168
-54.2203 -17.8442 1.1278 -72.983213
-55.6575 -18.4041 0.1681 -72.982253
-57.139 -19.2179 -0.5793 -72.981288
-58.8775 -19.6978 -0.9928 -72.980322
-60.4992 -20.5497 -0.8751 -72.979355
-62.2699 -20.9516 -0.784 -72.978386
-63.9605 -21.4851 -1.2025 -72.977406
-65.769 -21.6468 -1.2364 -72.976432
-67.4074 -21.948 -2.0416 -72.975457
-69.2303 -22.0478 -2.2783 -72.974482
-71.0405 -22.3933 -2.2 -72.973505
-72.76 -22.6876 -1.8978 -72.97253
-74.4248 -22.1245 -1.3042 -72.971556
-75.468 -21.5676 0.0962 -72.970581
-76.805 -21.0117 0.8974 -72.969609
-78.6304 -21.1688 0.7939 -72.968646
-80.2126 -21.6023 1.4208 -72.967686
-81.9055 -21.4802 1.8938 -72.966732
-83.3789 -20.5725 2.4839 -72.965784
-84.8475 -20.092 3.3977 -72.964845
-85.8797 -19.4106 4.4732 -72.96391
-86.9877 -17.9771 4.3817 -72.96299
-88.4094 -16.917 4.436 -72.962081
-89.1332 -16.2863 5.8123 -72.961175
-89.6827 -16.0961 7.5766 -72.960286
-90.6073 -14.9923 8.5732 -72.95942
-91.6573 -14.5236 9.9347 -72.958573
-92.216 -13.6924 11.4126 -72.957737
-93.3323 -12.5367 11.3011 -72.956935
-94.3529 -11.3333 10.4637 -72.956156
-95.9243 -11.359 10.3327 -72.955404
-97.085 -12.6874 10.4076 -72.954681
-98.637 -11.9209 10.4364 -72.953989
-99.8512 -10.5582 10.1484 -72.953333
-101.1467 -9.2581 9.9913 -72.952712
-102.9108 -8.8466 10.0308 -72.952132
-104.2043 -7.6318 10.4372 -72.951598
-105.7848 -7.7377 11.2376 -72.951109
-107.5295 -7.7352 11.7584 -72.950669
-108.7114 -6.5165 12.2914 -72.950283
-108.6826 -5.013 12.9437 -72.949949
-109.4316 -4.9691 14.0337 -72.949676
-110.9911 -5.321 13.2911 -72.949466
-112.3812 -4.7789 12.2565 -72.949322
-113.4541 -4.4164 10.8172 -72.949248
-15.5545 -17.632 4.3033 -73.004662
-16.8149 -18.3686 5.0193 -73.004056
-18.1535 -17.7371 5.9254 -73.003367
-19.3957 -17.6568 7.1162 -73.002661
-20.6245 -17.4395 8.329 -73.001953
-21.4073 -17.0773 9.8446 -73.001235
-22.3291 -16.4593 11.1562 -73.000518
-23.7986 -16.4039 12.1053 -72.999796
-24.636 -16.4397 13.5353 -72.999062
-26.0492 -16.413 14.4153 -72.998332
-26.5091 -16.6788 16.0866 -72.997584
-27.6416 -17.5424 16.452 -72.996847
-28.9683 -17.6171 17.1518 -72.996107
-30.2529 -16.8642 18.0015 -72.995366
-31.8112 -16.9615 18.7079 -72.994617
-32.7125 -16.0015 17.8716 -72.99387
-33.9732 -15.3124 17.8919 -72.993119
-35.5154 -14.9405 18.541 -72.992366
-36.8148 -15.2621 19.6037 -72.99161
-38.1095 -15.3947 20.6532 -72.990857
-39.3709 -15.3085 20.5665 -72.990094
-39.9084 -15.4165 22.2463 -72.989325
-41.4898 -16.1032 22.568 -72.988569
-43.1935 -16.3081 22.9719 -72.987816
-44.8671 -16.1005 23.426 -72.987066
-46.5874 -16.255 23.8037 -72.986316
-48.2806 -16.146 24.1613 -72.985576
-49.8848 -15.6408 24.6252 -72.984839
-51.569 -15.5809 25.1077 -72.984111
-53.1934 -15.8717 25.7123 -72.983391
-54.8397 -16.0518 26.2602 -72.982678
-56.4663 -15.7486 26.8593 -72.981981
-57.6381 -14.8744 27.7621 -72.981296
-58.8394 -13.7889 28.4214 -72.980626
-60.1932 -13.1386 29.3328 -72.979969
-61.8304 -12.6017 29.6751 -72.979332
-63.5039 -12.1508 29.7076 -72.978716
-64.8861 -11.121 29.4315 -72.978121
-65.5954 -10.0293 28.2627 -72.977548
-66.3587 -9.069 29.1123 -72.977002
-67.3994 -7.9254 29.8988 -72.976484
-68.8854 -7.8686 29.963 -72.975998
-70.5505 -7.352 29.9726 -72.975547
-72.0497 -6.4284 30.0037 -72.975132
-73.5599 -5.5098 29.9785 -72.974756
-74.8786 -4.3323 29.9264 -72.974413
-76.2236 -3.1844 29.9023 -72.974127
-77.2186 -1.7362 29.9278 -72.973892
-78.2778 -0.5048 29.7779 -72.973711
-79.9939 -0.3567 29.5292 -72.973586
-81.6519 -0.1123 29.479 -72.973522
-15.2282 -17.1379 4 -73.004923
-15.8134 -17.8487 4 -73.004891
-16.4306 -18.5318 4 -73.004874
-13.8552 -16.3527 0.6773 -73.007575
-6.8126 -12.9962 0.0714 -73.010738
-5.8684 -15.48 0.0572 -73.009972
-5.4058 -18.0693 0.0621 -73.008994
-4.8048 -20.6622 0.1442 -73.007765
-4.2378 -23.1032 0.3354 -73.006241
-4.2185 -23.3173 3.0099 -73.003766
-4.1991 -23.5292 5.6846 -73.001279
-3.9404 -24.0329 8.0609 -72.99883
-2.9465 -26.4423 7.8893 -72.996349
-2.9898 -29.1239 7.9366 -72.993809
-2.8312 -31.7921 8.079 -72.991204
-2.7737 -34.4658 8.0848 -72.988533
-3.1335 -36.1267 6.8772 -72.985746
-2.9668 -36.5649 4.2354 -72.982885
-3.5563 -38.3842 2.8887 -72.979994
-4.3063 -40.3834 1.497 -72.977016
-4.1208 -42.6459 0.2252 -72.973965
-4.2362 -43.7827 0.8959 -72.971533
-3.8312 -43.4159 2.8085 -72.969812
-3.4263 -43.0492 4.7211 -72.968123
-3.0214 -42.6825 6.6338 -72.966467
-2.6164 -42.3158 8.5464 -72.964843
-2.2115 -41.949 10.459 -72.963252
-1.8006 -41.5642 12.3611 -72.961693
-1.0504 -39.8462 12.7392 -72.960102
0.1758 -38.6585 13.5417 -72.958504
1.5902 -38.0395 13.8599 -72.956868
3.2347 -39.0768 14.2093 -72.955225
3.2862 -40.8715 14.6526 -72.953556
3.0921 -42.2179 15.9515 -72.951866
3.289 -43.8273 17.0278 -72.950154
3.7676 -45.0577 18.3989 -72.948409
5.3853 -45.2551 17.5078 -72.946641
6.4565 -45.5185 16.2146 -72.944816
6.4601 -45.5688 14.2263 -72.942959
7.3041 -46.1013 15.3965 -72.941086
7.7212 -46.6728 17.2551 -72.939174
8.2906 -47.8462 18.7417 -72.93725
8.7291 -49.4862 19.2615 -72.935833
9.1255 -50.9461 19.7272 -72.934966
10.0364 -52.2198 19.9693 -72.934102
10.7133 -53.6545 20.0389 -72.933237
11.8089 -54.3454 19.5071 -72.932366
12.1976 -54.6669 17.9921 -72.931494
13.1099 -54.8336 16.8714 -72.930625
13.5838 -54.6626 15.3738 -72.929706
13.6588 -54.6533 13.7788 -72.92866
13.7337 -54.644 12.1838 -72.927647
13.8087 -54.6347 10.5888 -72.926667
13.8837 -54.6254 8.9938 -72.92572
13.9586 -54.6161 7.3988 -72.924807
14.0336 -54.6068 5.8038 -72.923927
14.1085 -54.5975 4.2088 -72.923079
14.1663 -54.5744 2.6132 -72.92214
14.2206 -54.5486 1.0176 -72.921199
14.2749 -54.5228 -0.5781 -72.920295
14.3293 -54.497 -2.1737 -72.919426
14.3836 -54.4712 -3.7694 -72.918593
14.4379 -54.4454 -5.365 -72.917797
13.7113 -55.8095 -5.5929 -72.917022
13.1825 -57.2536 -6.0072 -72.916259
12.9567 -58.7053 -6.561 -72.915509
12.6682 -60.0281 -7.37 -72.914774
12.3514 -61.5353 -7.7387 -72.914054
11.9771 -63.0578 -7.8716 -72.913351
11.7617 -64.6275 -7.7751 -72.912666
11.4655 -65.9109 -8.3481 -72.911999
11.6675 -66.9063 -9.5712 -72.911352
11.728 -68.3207 -9.6289 -72.910724
11.6975 -68.4625 -8.07 -72.91012
11.4235 -69.5735 -7.0162 -72.909545
11.1196 -70.8404 -6.109 -72.908996
11.0275 -71.8722 -4.9846 -72.908472
11.2426 -73.2528 -4.3725 -72.907979
10.7531 -74.6674 -3.9199 -72.907518
10.425 -76.2016 -3.7062 -72.907088
10.77 -77.7411 -3.6532 -72.906693
11.0786 -79.2552 -3.6604 -72.906335
11.425 -80.7723 -3.755 -72.906014
11.2996 -82.2807 -4.0128 -72.905735
11.9706 -83.6675 -4.3963 -72.905497
12.7118 -84.5829 -3.8154 -72.9053
13.1706 -85.4159 -2.5821 -72.90515
13.3664 -86.853 -1.9391 -72.905049
13.3682 -87.667 -0.8755 -72.904997
8.6263 -48.9248 19.7774 -72.935877
8.971 -49.5407 20.9869 -72.935105
9.2099 -51.0475 20.8184 -72.934337
10.0927 -52.2943 20.5532 -72.933576
10.6868 -53.724 20.4404 -72.93282
11.4461 -54.1517 19.6321 -72.932055
11.5442 -54.2966 18.1881 -72.931298
12.9332 -54.8812 18.406 -72.930555
13.2774 -55.294 19.8309 -72.929799
13.7729 -56.2787 20.5319 -72.929067
14.3885 -57.7019 20.5127 -72.928341
15.16 -59.0485 20.6431 -72.927625
15.6443 -60.0525 21.5504 -72.926914
16.2084 -60.988 22.5631 -72.926215
17.2577 -61.2039 23.519 -72.925529
18.4454 -61.8839 23.9975 -72.924857
19.1422 -63.2514 24.2481 -72.924197
19.671 -63.8624 25.3071 -72.923541
20.2623 -64.3588 26.3522 -72.922907
21.638 -65.0559 26.1487 -72.922292
22.7173 -66.1327 25.8633 -72.92166
23.7256 -67.2733 25.5197 -72.921058
24.6112 -68.47 25.1932 -72.920494
24.9681 -69.954 24.971 -72.919955
24.9964 -70.9802 24.2159 -72.919411
24.9684 -71.117 22.6615 -72.91887
24.9404 -71.2538 21.1072 -72.918371
24.9124 -71.3907 19.5528 -72.917912
24.8648 -71.4567 17.9963 -72.917491
24.9221 -71.7069 16.7213 -72.917101
25.4185 -72.6144 17.5247 -72.916734
25.5779 -72.8182 19.0637 -72.916397
25.6724 -73.1458 20.5059 -72.916104
25.5385 -73.7136 21.7923 -72.915838
25.5469 -73.9336 23.3373 -72.915611
25.5553 -74.1535 24.8823 -72.91543
26.4257 -75.2629 24.9859 -72.915292
26.2037 -76.801 24.991 -72.915199
26.3234 -78.3421 25.0702 -72.915151
-4.7208 -44.7161 -0.023 -72.971946
-5.1299 -46.1818 0.6944 -72.971017
-5.3697 -46.9913 2.259 -72.970082
-5.7718 -48.0995 3.5791 -72.969148
-6.3113 -49.4357 4.5711 -72.968206
-6.1052 -51.0319 5.3148 -72.967262
-5.9754 -52.7323 5.8136 -72.966315
-5.3005 -54.3124 6.0843 -72.965363
-5.5666 -55.9139 6.2159 -72.964405
-6.3626 -57.4622 6.4728 -72.963445
-7.4327 -58.7683 6.9386 -72.962479
-8.3123 -60.0607 7.6969 -72.961509
-9.2075 -61.5771 7.5449 -72.960539
-10.0182 -63.1512 7.7642 -72.959563
-10.4982 -64.8336 7.9938 -72.958586
-11.098 -66.494 8.2496 -72.957604
-11.5795 -68.0917 8.8213 -72.956619
-11.4778 -69.48 9.814 -72.955634
-11.3768 -70.9824 10.6772 -72.954643
-11.1615 -72.6665 10.9417 -72.953649
-11.9531 -74.0675 10.3517 -72.952654
-12.2253 -75.2856 9.1163 -72.951656
-12.386 -76.5528 7.8889 -72.95066
-12.4919 -77.8973 6.8778 -72.94966
-12.6418 -79.6702 6.7282 -72.94866
-12.8923 -81.2283 7.3625 -72.947659
-13.0636 -82.0267 8.8276 -72.94665
-12.8375 -83.2389 8.8894 -72.94565
-12.4716 -84.694 8.0205 -72.944648
-12.6797 -85.5671 7.0599 -72.943645
-12.5183 -84.1321 6.1622 -72.942637
-12.5292 -84.0813 7.3739 -72.941628
-11.895 -85.6688 7.8198 -72.940624
-11.5229 -87.2946 8.4116 -72.939624
-10.3324 -88.1124 9.2259 -72.938628
-10.675 -89.8262 9.467 -72.937633
-11.2148 -91.4903 9.7261 -72.936648
-11.4919 -93.2205 9.9224 -72.935669
-11.8689 -94.9605 9.9938 -72.934696
-12.2215 -96.7085 9.9892 -72.933734
-12.5548 -98.4528 9.9031 -72.932779
-13.101 -100.1246 9.6027 -72.931835
-13.6123 -101.6942 9.0552 -72.930901
-14.5178 -102.8115 8.0351 -72.929977
-14.732 -103.8321 6.6289 -72.929063
-14.736 -104.949 5.3416 -72.92816
-14.7897 -105.5564 3.6632 -72.927272
-14.9175 -106.1934 2.0059 -72.926401
-14.8119 -107.3154 0.66 -72.925558
-14.3904 -108.3157 -0.7477 -72.924729
-14.0768 -109.6227 -1.5126 -72.923928
-14.1581 -111.3783 -1.2027 -72.923149
-14.4574 -112.7137 -0.3129 -72.922391
-14.5581 -113.8268 1.0481 -72.921662
-14.5629 -114.7419 2.5821 -72.920958
-14.3372 -115.8187 3.9677 -72.920288
-14.0073 -116.8255 5.38 -72.919649
-13.5104 -118.0936 6.4955 -72.919045
-13.0668 -119.695 6.5246 -72.918478
-12.4966 -121.0534 5.5568 -72.91795
-12.0851 -122.6625 5.1356 -72.917464
-12.5004 -124.2153 4.474 -72.91702
-12.6759 -125.9354 4.076 -72.916624
-13.0189 -127.5669 3.9008 -72.916275
-13.6129 -129.2115 3.7998 -72.915978
-14.5095 -130.7248 3.617 -72.915735
-15.1909 -132.314 3.2206 -72.915549
-16.0458 -133.6469 2.4524 -72.915422
-17.0046 -135.0632 2.0492 -72.915358
-3.6471 -8.0538 -0.0157 -73.011453
-1.3228 -8.9468 -0.0471 -73.010848
0.9314 -9.9936 -0.0832 -73.010196
2.6625 -11.7633 -0.1495 -73.009389
3.884 -13.4015 -0.8686 -73.008109
4.2751 -14.1359 -3.2157 -73.005272
4.6663 -14.8703 -5.5627 -73.002474
5.0575 -15.6047 -7.9097 -72.999716
5.4487 -16.3392 -10.2567 -72.996996
5.5082 -15.6747 -11.481 -72.994949
5.7528 -14.1284 -10.9972 -72.993675
5.1317 -14.013 -9.0503 -72.992364
5.6382 -14.026 -8.2186 -72.990978
7.6439 -14.2766 -7.8039 -72.989569
9.6042 -14.0356 -7.3728 -72.98818
11.4824 -13.5321 -6.7322 -72.98676
12.4397 -13.1153 -5.3274 -72.985305
13.1732 -12.7275 -3.4442 -72.983803
14.0029 -12.5015 -1.5695 -72.982263
14.9232 -12.6143 0.2611 -72.980694
16.0509 -12.8503 1.9217 -72.979089
17.2291 -12.7352 3.6117 -72.97743
18.6969 -13.072 4.9744 -72.975769
20.4387 -12.843 5.9867 -72.97407
22.2399 -12.9948 6.2182 -72.972837
23.7688 -13.3762 5.9788 -72.972104
25.0057 -12.6222 5.3936 -72.971368
26.3571 -12.2571 4.8087 -72.970633
27.8738 -11.9691 4.5669 -72.969894
29.2461 -11.1445 4.4391 -72.969155
30.8012 -10.7714 4.3716 -72.968419
32.3851 -10.5715 4.2891 -72.967682
33.2233 -10.1298 4.9983 -72.966941
34.0663 -9.8024 5.9221 -72.966203
35.5597 -9.845 6.5062 -72.965469
36.9026 -9.7278 7.2501 -72.964736
38.2463 -9.5474 7.9246 -72.96401
39.7277 -9.1425 8.3952 -72.963289
41.1759 -8.7377 8.951 -72.962574
42.5633 -8.3419 9.5488 -72.961861
43.7337 -8.1277 8.583 -72.961157
45.1311 -8.0308 7.9631 -72.960463
46.5242 -8.3092 7.3517 -72.959781
47.4104 -8.3281 6.0274 -72.959103
48.547 -8.1523 4.9694 -72.958442
50.1277 -8.0481 4.8161 -72.957795
51.0302 -8.412 5.9293 -72.957151
52.4231 -8.5023 6.17 -72.956532
53.895 -8.5955 6.6905 -72.955929
54.9911 -8.7652 7.7616 -72.955345
56.4893 -8.9904 7.679 -72.954784
57.587 -10.1308 7.9043 -72.954246
59.0801 -10.6364 8.1455 -72.95373
60.6014 -11.0022 8.4608 -72.953244
61.9959 -11.5958 8.0265 -72.952785
62.9752 -11.9724 7.058 -72.95235
63.4644 -12.0743 5.5381 -72.951949
64.0395 -11.9612 4.047 -72.951578
64.4337 -11.9546 2.4888 -72.951242
64.823 -11.932 0.9297 -72.950948
65.2041 -11.8836 -0.6309 -72.950699
65.5558 -11.8356 -2.1985 -72.950493
65.8976 -11.7879 -3.7682 -72.950336
66.4194 -11.7876 -5.282 -72.95023
66.4944 -12.5596 -6.6605 -72.950176
21.8035 -12.9643 5.5087 -72.972704
22.2928 -12.8975 4.0421 -72.971726
22.782 -12.8307 2.5755 -72.97078
23.2713 -12.7639 1.1089 -72.969866
23.7606 -12.6971 -0.3578 -72.968983
24.2499 -12.6303 -1.8244 -72.968131
24.7391 -12.5635 -3.291 -72.967311
25.2284 -12.4967 -4.7576 -72.966522
25.7177 -12.4299 -6.2242 -72.965765
26.2069 -12.363 -7.6908 -72.965039
26.8935 -12.3131 -8.9994 -72.96434
27.9931 -12.1349 -10.0456 -72.963649
29.4155 -12.0244 -10.5719 -72.962964
30.9321 -12.139 -10.7879 -72.962289
32.4337 -12.4908 -10.7732 -72.961616
33.7283 -13.0404 -10.3346 -72.960954
34.9591 -13.7394 -9.781 -72.960301
36.3049 -14.3754 -9.3611 -72.959656
37.7863 -14.4064 -8.971 -72.959011
38.9765 -14.4204 -8.3072 -72.95838
39.509 -14.5028 -6.8771 -72.957765
40.803 -14.1184 -7.3333 -72.957172
42.1172 -13.7343 -7.9502 -72.956595
43.481 -14.2451 -8.4653 -72.956038
44.8322 -14.6862 -9.0455 -72.955501
46.2199 -15.1571 -9.5418 -72.954984
47.4998 -15.7968 -10.1041 -72.954494
48.4919 -16.341 -10.9949 -72.954025
49.2648 -16.5571 -12.2212 -72.953582
50.6437 -17.0063 -12.5265 -72.953172
52.1626 -17.2199 -12.7123 -72.952792
53.5098 -17.9199 -12.5815 -72.952446
54.8261 -18.5114 -12.0649 -72.952135
56.0144 -19.3898 -11.6485 -72.951862
57.1511 -20.3793 -11.2981 -72.951628
58.5784 -20.83 -11.009 -72.951438
59.5198 -21.3446 -11.6244 -72.951289
59.9152 -21.5013 -13.1121 -72.951187
60.3293 -21.6363 -14.5919 -72.951136
5.542 -17.4481 -11.9734 -72.995154
5.2752 -19.0549 -12.8511 -72.994313
4.5319 -20.5356 -13.6308 -72.993465
4.2842 -21.2679 -12.1504 -72.992598
4.5234 -21.5541 -11.2061 -72.99174
5.0916 -22.5097 -9.9139 -72.990868
5.6355 -23.6108 -8.5295 -72.989993
6.4022 -24.9693 -7.5369 -72.989112
6.6335 -26.3097 -6.3211 -72.988227
7.1852 -27.3717 -7.4784 -72.98733
7.7638 -28.2275 -9.037 -72.986429
9.1599 -28.8455 -10.0123 -72.98553
10.2945 -29.4271 -11.2255 -72.984625
12.0307 -29.9265 -10.7637 -72.983713
13.7255 -30.5864 -10.4924 -72.982798
15.1918 -31.515 -11.0288 -72.98188
16.7178 -31.6949 -12.0524 -72.980956
18.2188 -31.9125 -13.1144 -72.980028
19.9511 -32.1969 -13.7295 -72.979095
21.5074 -33.0418 -14.1745 -72.978125
22.8543 -34.2615 -14.6414 -72.97715
24.0059 -35.5947 -15.1729 -72.976204
24.5296 -37.1036 -15.7174 -72.975254
24.7232 -37.5624 -17.5262 -72.97429
25.1008 -38.2263 -19.2142 -72.973327
26.3789 -39.4506 -19.5884 -72.972373
28.1291 -39.8596 -20.0602 -72.971418
29.3513 -39.6098 -21.3429 -72.970458
30.6809 -38.9744 -22.3478 -72.969497
31.8544 -39.4408 -23.699 -72.968533
32.7072 -40.1312 -24.5207 -72.967571
34.1875 -40.0661 -24.2388 -72.966607
35.3747 -39.954 -25.6606 -72.965644
36.0556 -40.1808 -27.3735 -72.96467
37.1117 -40.5409 -28.8636 -72.963708
37.9499 -40.8975 -30.5002 -72.962749
38.8019 -40.6861 -32.1277 -72.961792
39.8174 -40.5169 -33.6425 -72.960844
40.8901 -40.7217 -35.068 -72.959904
42.5305 -41.61 -35.2384 -72.958972
44.3755 -41.8861 -35.4176 -72.958048
45.9871 -42.2694 -36.0731 -72.957132
47.4878 -43.2765 -36.1873 -72.956211
49.3319 -43.6209 -36.2065 -72.955283
51.1887 -43.712 -36.2324 -72.954396
53.0372 -43.4731 -36.3042 -72.953525
54.8899 -43.6769 -36.497 -72.952674
56.6959 -43.5991 -36.9065 -72.951838
58.2639 -44.1277 -37.6876 -72.951021
59.5341 -44.5902 -38.7803 -72.95022
60.5988 -45.0677 -39.8571 -72.949447
61.8729 -46.2433 -40.1922 -72.948699
63.3313 -46.5896 -41.0735 -72.947975
64.0217 -46.6763 -42.7931 -72.947275
64.5704 -46.7494 -44.583 -72.946607
64.8703 -46.6711 -46.4334 -72.945949
65.1687 -46.5915 -48.2839 -72.945347
65.5964 -46.5388 -50.1097 -72.944781
65.7108 -46.4215 -51.9702 -72.944217
65.6981 -46.2783 -53.8407 -72.943702
65.6854 -46.1351 -55.7113 -72.943253
65.6727 -45.9919 -57.5819 -72.942872
65.7296 -45.7497 -59.4403 -72.942539
65.8135 -45.4694 -61.2934 -72.942269
66.0243 -45.0935 -63.1166 -72.942064
66.1717 -44.6856 -64.9394 -72.941923
66.3305 -44.1781 -66.4646 -72.941851
5.6517 -16.7814 -12.2027 -72.994664
5.689 -16.9607 -13.7308 -72.992879
5.7263 -17.14 -15.259 -72.991131
5.7636 -17.3194 -16.7872 -72.989421
5.8009 -17.4987 -18.3154 -72.987747
5.8383 -17.678 -19.8436 -72.986111
5.8756 -17.8574 -21.3717 -72.984511
5.9129 -18.0367 -22.8999 -72.982949
5.9502 -18.216 -24.4281 -72.981424
5.9875 -18.3954 -25.9563 -72.979935
6.0248 -18.5747 -27.4845 -72.978484
6.0621 -18.754 -29.0126 -72.977069
6.0994 -18.9334 -30.5408 -72.975691
6.1367 -19.1127 -32.069 -72.97435
6.1741 -19.292 -33.5972 -72.973045
6.2114 -19.4714 -35.1254 -72.971777
6.2487 -19.6507 -36.6536 -72.970546
6.286 -19.83 -38.1817 -72.969352
6.3233 -20.0094 -39.7099 -72.968193
6.3606 -20.1887 -41.2381 -72.967072
6.3979 -20.368 -42.7663 -72.965987
6.4352 -20.5474 -44.2945 -72.964938
6.4725 -20.7267 -45.8226 -72.963926
6.5099 -20.906 -47.3508 -72.962951
6.5472 -21.0854 -48.879 -72.962011
6.5845 -21.2647 -50.4072 -72.961108
6.6218 -21.444 -51.9354 -72.960242
6.6591 -21.6234 -53.4635 -72.959411
6.6964 -21.8027 -54.9917 -72.958617
6.7337 -21.982 -56.5199 -72.957859
6.771 -22.1614 -58.0481 -72.957138
6.8083 -22.3407 -59.5763 -72.956453
6.8457 -22.52 -61.1045 -72.955803
6.883 -22.6994 -62.6326 -72.95519
6.9394 -22.8766 -64.1572 -72.954613
8.1498 -22.8799 -64.1006 -72.954059
8.9886 -23.516 -62.989 -72.953516
9.9314 -24.3205 -62.1091 -72.952993
10.5435 -25.411 -61.3105 -72.952486
11.1641 -26.7642 -60.9602 -72.952
11.7371 -28.177 -61.0516 -72.951536
12.2468 -29.4991 -61.4619 -72.951095
12.6299 -30.7915 -61.1111 -72.950678
13.0367 -32.212 -60.6823 -72.950287
13.4206 -33.6473 -60.2909 -72.949925
13.672 -35.0666 -59.8345 -72.949594
13.7802 -36.5811 -60.0484 -72.949297
13.7177 -38.0731 -60.4184 -72.949037
13.5658 -39.5761 -60.7091 -72.948813
13.3014 -41.0704 -60.6511 -72.94863
13.3571 -42.0105 -59.4467 -72.948487
13.5377 -43.0476 -58.3404 -72.948391
13.6333 -44.0606 -57.3331 -72.948341
-2.4565 -0.91 0.0523 -73.016264
-2.8293 2.667 0.2464 -73.020764
-3.0866 6.216 0.7208 -73.025376
-2.2413 9.6979 1.5153 -73.030122
-0.7404 12.7593 0.9662 -73.034965
0.227 15.8879 -1.0884 -73.040137
0.5524 20.1154 -1.9386 -73.045661
0.4575 24.418 -2.5408 -73.051354
0.4389 27.3767 -5.5178 -73.057235
-0.013 29.9656 -8.7108 -73.063299
-0.1419 14.3216 0.264 -73.03755
0.8616 14.8245 1.2959 -73.038923
2.5303 15.409 3.4469 -73.041519
5.0961 15.9466 3.8822 -73.044248
7.8356 16.5695 3.9069 -73.047136
10.5566 17.2922 4.0994 -73.050151
13.2701 17.9524 4.5537 -73.053325
15.8121 18.8134 4.7988 -73.056659
17.2134 19.7132 4.344 -73.059045
17.5574 19.3689 4.0634 -73.058858
-0.9274 14.3109 0.2417 -73.037472
-2.5488 14.1754 0.0246 -73.037129
-4.1702 14.04 -0.1925 -73.036823
-5.6969 13.9854 -0.1496 -73.036552
-6.0083 14.0245 0.9686 -73.036307
-4.7591 13.8534 0.1003 -73.036089
-4.5248 13.8442 -1.5168 -73.035852
-4.3735 13.8457 -3.1513 -73.035656
-4.2222 13.8471 -4.7858 -73.035508
-4.0708 13.8486 -6.4202 -73.035409
-3.7648 13.9278 -8.018 -73.035355
-3.1571 14.1597 -9.5252 -73.035348
-2.5409 14.9686 -10.6984 -73.035393
-0.6612 32.5013 -8.9792 -73.067123
-1.3441 34.6869 -8.6538 -73.070004
-2.5162 37.7967 -7.959 -73.074373
-4.0883 40.798 -9.2426 -73.078815
-6.1771 43.4321 -10.5669 -73.083325
-7.4526 45.9637 -12.4793 -73.087913
-8.199 48.9959 -14.3148 -73.09263
-8.488 52.2581 -16.0262 -73.097475
-8.9751 55.6713 -17.3793 -73.102395
-8.9724 59.3456 -17.9864 -73.107388
-8.8355 62.9598 -18.9326 -73.112458
-8.1651 65.7964 -21.101 -73.117607
-8.071 69.4931 -21.2598 -73.122828
-8.0725 72.7987 -19.5494 -73.127721
-8.8931 75.9303 -20.6534 -73.131711
-9.8467 77.8663 -22.8286 -73.13519
-10.916 79.9845 -24.8489 -73.138702
-11.8107 82.572 -26.461 -73.142465
-13.9622 85.1541 -28.0376 -73.146477
-15.428 87.4195 -30.0798 -73.150539
-16.2874 89.1284 -32.8169 -73.154008
-17.1302 91.8068 -33.4334 -73.156869
-16.6579 94.7355 -33.3269 -73.159746
-16.2793 97.4317 -32.2507 -73.162635
-16.0966 100.3779 -31.8618 -73.165537
-15.6048 103.2146 -31.8672 -73.169296
-15.0646 104.6984 -30.0846 -73.173921
-14.4099 106.6313 -31.3901 -73.178545
-13.9013 109.3975 -31.7321 -73.183177
-13.1382 112.1018 -31.8855 -73.187814
-12.0288 114.6912 -32.2205 -73.19246
-9.9615 116.491 -32.7147 -73.197109
-8.3964 118.5551 -33.6954 -73.201761
-7.0441 120.3709 -35.2413 -73.206418
-16.3107 103.1222 -31.2609 -73.169385
-17.0106 105.6108 -30.0258 -73.174098
-17.7104 108.0993 -28.7907 -73.178732
-18.4103 110.5878 -27.5556 -73.183284
-19.1321 113.0846 -26.3544 -73.187755
-20.0839 115.6275 -25.7828 -73.1922
-21.6544 117.8269 -26.4818 -73.196651
-22.4041 120.0541 -28.0006 -73.201115
-23.8204 121.9956 -29.2918 -73.205581
-16.2837 88.4956 -30.6847 -73.155159
-16.9057 88.45 -28.8674 -73.160262
-17.5277 88.4044 -27.0501 -73.165299
-18.1496 88.3588 -25.2328 -73.17027
-18.7716 88.3131 -23.4155 -73.175173
-19.3936 88.2675 -21.5982 -73.180008
-20.0155 88.2219 -19.7808 -73.184773
-20.6375 88.1763 -17.9635 -73.189467
-21.2595 88.1307 -16.1462 -73.19409
-21.8814 88.0851 -14.3289 -73.198641
-22.5034 88.0394 -12.5116 -73.203119
-23.1253 87.9938 -10.6943 -73.207522
-23.7473 87.9482 -8.8769 -73.211851
-24.3693 87.9026 -7.0596 -73.216103
-24.9912 87.857 -5.2423 -73.220278
-25.6132 87.8114 -3.425 -73.224375
-26.2352 87.7657 -1.6077 -73.228393
-26.8571 87.7201 0.2096 -73.232331
-27.4791 87.6745 2.0269 -73.236189
-28.1011 87.6289 3.8443 -73.239964
-28.723 87.5833 5.6616 -73.243657
-10.6474 82.0467 -25.97 -73.141649
-9.8973 83.5702 -26.7997 -73.143983
-8.9166 84.4636 -28.1497 -73.146337
-7.9416 85.635 -29.2349 -73.14871
-6.7633 86.7616 -30.2244 -73.151095
-5.9934 87.8877 -31.5 -73.153497
-4.805 89.0805 -31.9871 -73.155914
-4.0074 90.0975 -33.2964 -73.158361
-3.642 91.5318 -34.1524 -73.160808
-3.5504 92.2381 -35.0395 -73.163271
-2.6112 93.3175 -34.37 -73.165751
-1.4138 94.7914 -34.5426 -73.16823
-0.1697 96.0984 -35.117 -73.170718
0.8889 97.112 -35.3375 -73.173214
1.8787 97.6218 -33.8386 -73.17572
3.297 98.6527 -34.2066 -73.178213
4.478 100.1526 -34.2331 -73.180698
5.7259 101.6013 -34.2783 -73.183183
6.9236 103.076 -34.3329 -73.185653
8.2378 104.4594 -34.2789 -73.188114
9.708 105.6324 -34.1824 -73.190553
11.0242 106.9149 -34.1788 -73.192979
12.03 108.5293 -34.2938 -73.195383
12.8387 110.237 -34.4028 -73.19776
13.6986 111.9172 -34.2947 -73.200107
14.9808 113.3035 -34.0183 -73.202418
16.3534 114.5382 -33.5266 -73.20469
-8.0122 74.6652 -19.0128 -73.131106
-7.3733 74.7434 -17.1393 -73.133308
-6.2129 74.8717 -15.5661 -73.135505
-4.6588 75.1485 -14.4836 -73.137713
-2.9313 75.2005 -13.5318 -73.139939
-1.1908 75.5548 -14.025 -73.142184
0.2492 75.4182 -15.2751 -73.144449
1.6994 75.2949 -16.4498 -73.146723
3.456 75.8724 -16.5978 -73.149015
4.909 77.061 -16.0201 -73.151319
6.3489 78.0205 -15.2054 -73.153633
7.6777 78.1558 -16.557 -73.155971
9.1932 78.8939 -17.1669 -73.158311
10.3243 80.3116 -17.9293 -73.160655
11.8031 81.2429 -18.8099 -73.163002
13.3202 82.0201 -19.7154 -73.165353
14.672 82.8734 -20.8357 -73.167701
15.8195 84.0369 -21.4716 -73.170043
17.3968 85.0052 -21.5241 -73.17238
19.1523 85.9091 -21.6233 -73.174709
20.835 86.8367 -21.5731 -73.177025
22.3782 87.6805 -22.4819 -73.179333
23.6336 88.6822 -23.6145 -73.181619
25.3121 89.236 -24.4178 -73.183884
26.9271 90.1776 -25.069 -73.18617
28.5711 91.1435 -25.6063 -73.188452
30.1849 92.1759 -26.0934 -73.190641
31.906 93.0582 -26.3886 -73.192779
33.349 94.3802 -26.2354 -73.194876
34.682 95.7638 -25.7885 -73.196923
36.0698 96.9946 -25.1164 -73.198919
-9.1332 71.1226 -19.9391 -73.128232
-11.2049 71.3971 -19.3463 -73.133728
-12.2503 72.1505 -17.4371 -73.139339
-13.2771 72.9723 -16.3017 -73.145054
-15.0629 74.4381 -16.0237 -73.150865
-17.1889 75.3374 -15.9102 -73.156798
-18.7708 76.7954 -16.5998 -73.162848
-20.2396 77.7578 -18.0502 -73.169029
-21.4318 79.2493 -19.3169 -73.175319
-22.4493 80.8848 -20.0685 -73.180078
-23.644 82.5321 -19.9209 -73.183221
-25.2693 83.8199 -19.7197 -73.18639
-26.4282 85.5474 -19.5741 -73.189592
-27.4271 87.2915 -19.7394 -73.192829
-28.2555 88.0894 -18.5764 -73.196127
-28.4362 88.7812 -16.6121 -73.199471
-28.7184 89.4709 -14.6555 -73.202811
-28.5952 90.5234 -12.9306 -73.206166
-28.0087 92.2281 -11.8717 -73.209543
-28.1824 93.3344 -10.523 -73.212955
-28.881 94.9101 -9.3484 -73.216391
-29.1637 96.6406 -8.2343 -73.219844
-29.7507 98.589 -7.8416 -73.223319
-31.2546 100.014 -7.7767 -73.226814
-32.9856 101.1833 -7.8435 -73.230319
-34.438 102.6859 -7.93 -73.233847
-35.8645 104.1959 -8.077 -73.237387
-37.7492 105.0636 -8.2888 -73.240933
-39.7252 105.5106 -8.4883 -73.244499
-41.4274 106.5542 -8.4275 -73.248082
-22.5697 79.9845 -21.0657 -73.180319
-23.5049 79.5868 -23.0086 -73.183579
-24.7357 79.2357 -23.1851 -73.186531
-26.0186 79.7983 -22.2548 -73.189502
-27.6912 80.6895 -21.9109 -73.192495
-29.3246 81.7314 -21.4655 -73.195509
-31.1306 82.4861 -21.4143 -73.198542
-32.9071 83.2024 -21.5235 -73.201607
-34.8537 83.2248 -21.3716 -73.204692
-36.6622 83.819 -20.8419 -73.2078
-38.0322 83.5029 -19.5874 -73.210937
-39.4902 83.5562 -18.2934 -73.214088
-40.9141 84.0358 -17.0459 -73.217258
-42.4783 85.0996 -16.5078 -73.220436
-44.0118 86.2891 -16.2793 -73.223629
-45.0805 86.8165 -17.3328 -73.2269
-45.3985 87.0849 -19.2874 -73.23016
-46.0085 87.5938 -21.1008 -73.233438
-46.5256 87.8633 -23.0125 -73.236725
-47.0124 88.1443 -24.9307 -73.24002
-48.0466 88.8001 -25.8124 -73.243277
-49.3531 89.8139 -24.8517 -73.246538
-23.4169 79.5945 -22.041 -73.182103
-7.4755 47.1812 -14.128 -73.090513
-6.6397 46.9581 -15.442 -73.091048
-6.0885 47.0624 -16.854 -73.091564
-5.6785 47.4504 -18.3124 -73.092073
-5.0375 48.1975 -19.4234 -73.092568
-4.9376 48.8586 -20.8471 -73.093052
-4.8994 49.5688 -22.2208 -73.093522
-4.8067 50.8524 -23.1201 -73.093973
-4.348 52.1399 -23.896 -73.094426
-3.8636 53.4258 -24.6617 -73.09484
-3.2759 54.7308 -25.2965 -73.095218
-2.6137 56.0992 -25.6637 -73.095564
-1.9972 57.5231 -25.7699 -73.09588
-0.7472 58.4335 -25.8246 -73.096161
0.1834 59.5702 -25.9895 -73.096404
1.0556 60.8294 -26.3063 -73.096605
1.4265 62.1744 -26.9168 -73.096761
1.2466 63.3678 -27.9187 -73.096869
0.8615 64.5278 -28.8693 -73.096925
-1.2039 34.2315 -8.7378 -73.070053
-2.1645 36.692 -8.3921 -73.0745
-3.11 39.1845 -8.3928 -73.079052
-3.9026 40.3411 -6.7187 -73.083716
-4.4638 40.8393 -4.1593 -73.088509
-5.2514 41.2336 -1.6507 -73.093408
-6.4986 41.3875 0.6577 -73.098409
-6.9016 41.3668 3.1344 -73.103557
-8.3244 41.1475 5.0228 -73.108771
-9.0777 42.2825 6.6587 -73.11352
-10.4818 44.1286 6.7312 -73.117764
-12.0542 45.877 6.472 -73.122086
-13.7926 47.4551 6.7415 -73.126491
-14.3287 48.7274 8.6097 -73.130996
-14.2892 50.0448 10.5825 -73.135574
-14.3831 52.2013 11.5125 -73.140227
-15.4653 54.1641 11.5993 -73.144962
-15.9872 56.1264 10.7348 -73.149787
-15.9935 58.493 10.4465 -73.154693
-16.6674 59.2873 8.5547 -73.159718
-17.4698 59.7595 6.3608 -73.164824
-17.8092 61.9411 6.2291 -73.169996
-19.8136 62.8997 6.5069 -73.175276
-21.3274 63.1601 7.9551 -73.180672
-22.8218 64.0013 9.1439 -73.185251
-24.7396 64.6596 9.7419 -73.188969
-25.9313 65.6939 8.2209 -73.192735
-27.3521 67.091 7.1443 -73.196553
-27.8515 68.7801 5.7356 -73.200421
-28.9706 70.1238 4.2552 -73.204329
-29.8302 71.1977 2.3661 -73.208292
-30.5772 72.9481 2.3143 -73.212306
-31.2511 73.9836 4.3225 -73.216362
-31.8836 74.7971 6.3519 -73.220472
-33.4979 76.3178 6.0157 -73.224605
-35.3494 77.7054 5.6794 -73.228779
-36.2359 77.7987 3.4859 -73.233022
-36.823 78.2142 1.2302 -73.23731
-37.2962 78.8752 -1.0041 -73.241634
-38.0777 79.5243 -3.1351 -73.245973
-38.5828 79.8578 -5.4262 -73.250379
-40.1286 80.7679 -6.86 -73.254787
-41.8887 81.3717 -5.9333 -73.259238
-43.201 81.2826 -4.0378 -73.26374
-44.3102 81.7185 -2.0187 -73.268259
-23.2557 64.0561 8.131 -73.184646
-24.9649 64.9635 8.1844 -73.18715
-26.0616 65.9005 8.9001 -73.189727
-26.305 66.1448 10.8713 -73.192346
-26.4364 66.2766 12.8582 -73.194939
-26.7662 66.3845 14.8041 -73.197545
-28.2543 66.3369 15.7942 -73.20016
-29.7596 66.2207 16.7645 -73.202805
-29.8152 66.2528 18.7633 -73.205468
-30.2709 66.9957 19.6957 -73.208144
-31.7156 67.9135 20.4594 -73.210852
-32.1409 69.5247 21.5115 -73.213571
-33.0427 71.1208 22.2483 -73.216295
-33.7682 72.7602 23.0868 -73.219027
-34.714 74.4169 23.6586 -73.221762
-35.5114 76.0162 24.4887 -73.224501
-35.8784 77.7991 25.2812 -73.227248
-36.6919 79.4931 25.9091 -73.229993
-37.5921 81.2366 26.1638 -73.23273
-37.9648 82.9348 26.6532 -73.235477
-38.1232 84.1537 28.0096 -73.238203
-37.4894 85.6297 29.04 -73.240918
-37.0034 87.4849 29.1485 -73.243615
-36.7841 89.4485 29.2879 -73.246382
-36.3959 91.4052 29.448 -73.249118
-9.6387 41.5186 6.3846 -73.112077
-11.2133 41.8239 6.3128 -73.113379
-12.0979 42.4791 4.8865 -73.114709
-13.2557 43.35 3.9751 -73.116046
-14.2423 43.577 2.4577 -73.117402
-15.3556 43.71 1.0276 -73.118767
-15.9894 44.5732 -0.4476 -73.120147
-16.6871 45.12 -2.0478 -73.121537
-17.7188 45.8368 -3.2857 -73.122941
-18.5783 46.8498 -4.5254 -73.124353
-19.9074 47.2662 -5.6939 -73.125772
-21.5852 47.5437 -6.3542 -73.127194
-22.9761 48.6597 -6.3259 -73.128616
-24.3563 49.8697 -6.2079 -73.130042
-25.8552 50.8966 -6.0169 -73.131464
-27.0962 51.9486 -5.4199 -73.132889
-27.9482 52.3876 -3.9646 -73.134317
-29.654 52.5789 -3.9322 -73.135731
-30.6445 52.9077 -5.3714 -73.137139
-32.0441 53.5066 -6.2656 -73.138535
-33.4656 54.634 -6.5349 -73.139914
-34.9544 55.5474 -7.0531 -73.141274
-36.2819 56.6634 -7.6004 -73.142612
-37.6486 57.8611 -7.7756 -73.143928
-38.5034 59.4777 -7.6459 -73.145215
-39.3718 61.0534 -7.2838 -73.146464
-40.2991 62.551 -6.7638 -73.147676
-41.2384 64.045 -6.261 -73.148848
-41.8614 65.6914 -5.7694 -73.149971
-42.4591 67.2851 -5.1652 -73.151044
-43.3383 68.5969 -4.4191 -73.152059
-44.4522 70.0317 -4.1392 -73.153009
-45.5063 71.5345 -4.0501 -73.153894
-46.5569 73.035 -4.1531 -73.154704
-47.8716 74.2263 -4.5515 -73.155434
-48.8625 75.1738 -5.5759 -73.156079
-49.2408 75.7623 -7.2733 -73.156636
-49.4584 77.0985 -8.4631 -73.157092
-49.9501 78.752 -8.946 -73.157444
-51.026 79.8745 -9.2484 -73.157685
-51.28 79.9424 -10.8927 -73.157812
17.7044 20.951 4.9703 -73.060362
18.2015 22.2043 5.6044 -73.061689
18.6985 23.4577 6.2386 -73.063008
19.0912 25.152 6.8819 -73.064672
19.429 27.2733 6.757 -73.066713
20.0937 28.9393 5.4586 -73.068794
20.5192 30.5261 4.0181 -73.070916
21.7848 31.8769 2.8501 -73.073083
22.0977 33.1829 1.0434 -73.075293
23.2662 34.71 0.0406 -73.077536
23.7528 35.2305 -1.9989 -73.07983
24.4415 36.3316 -0.4475 -73.082169
25.2156 37.3871 1.3732 -73.084547
25.5431 38.1412 3.4507 -73.086971
26.3109 39.4951 5.0553 -73.089424
27.3125 40.7429 3.9319 -73.091919
27.6125 41.5008 5.9749 -73.094471
27.8649 42.4672 7.8245 -73.097057
28.5761 44.0126 9.106 -73.099674
29.3017 45.8785 9.8466 -73.102325
29.8444 47.4239 10.9837 -73.105032
29.8427 48.4745 12.9418 -73.107768
30.4043 50.5089 13.6559 -73.110536
32.2661 51.6774 14.0416 -73.113344
33.7432 53.3643 13.9508 -73.116185
35.3704 54.8773 13.6311 -73.119066
36.404 56.7929 13.1328 -73.121983
37.9566 57.9008 12.228 -73.124927
39.1636 59.6692 11.6914 -73.127908
40.7811 61.2139 11.412 -73.130925
42.5407 62.5144 11.7504 -73.133965
43.9242 63.8221 12.81 -73.137043
45.3908 65.165 13.6376 -73.140147
45.9271 67.2097 14.1714 -73.143268
46.6355 69.1359 14.3788 -73.146414
48.3635 70.1089 14.8857 -73.149587
49.6569 71.9103 15.1633 -73.152841
50.9513 73.7475 15.4455 -73.156116
52.8054 74.9337 15.6383 -73.159345
54.7263 75.5702 15.6827 -73.162585
56.0864 76.9982 15.657 -73.16584
57.1449 78.0802 14.4904 -73.169118
58.894 79.349 14.0314 -73.172394
60.9129 80.2627 14.3307 -73.175673
62.6887 81.5896 14.007 -73.178959
64.1912 82.1373 14.8133 -73.182262
65.3934 82.3955 16.5144 -73.185555
66.9021 83.2776 17.6975 -73.188829
67.4164 84.9808 18.6495 -73.192091
68.0681 86.9646 19.2519 -73.195322
18.9087 24.0362 7.1126 -73.063672
19.1476 18.9083 3.9431 -73.059942
20.9905 18.3979 3.8423 -73.061194
22.9152 18.2333 3.6481 -73.062473
24.7758 17.8958 3.3306 -73.063775
26.5871 18.0132 3.1308 -73.065103
28.3023 18.6484 3.6845 -73.066458
29.9424 18.8206 4.6508 -73.067837
31.2866 18.6601 5.9911 -73.069245
32.7096 18.1098 7.1234 -73.070678
34.1103 16.8391 7.543 -73.072133
35.4164 15.4177 7.7072 -73.073615
36.5618 14.0174 7.4707 -73.075119
38.0589 13.6462 6.35 -73.076647
39.8047 13.3092 5.8907 -73.078197
41.5119 12.7068 5.2455 -73.07977
42.8693 12.0614 4.0202 -73.081369
44.4573 11.3345 3.2295 -73.082987
45.9294 10.8303 2.4767 -73.08463
47.1014 10.1377 3.6205 -73.08629
48.3849 9.3089 4.6779 -73.087966
49.394 9.6773 6.2389 -73.08967
50.6478 10.0528 7.6185 -73.091388
51.9327 9.8336 9.0023 -73.093118
53.4883 10.1208 10.104 -73.094861
55.2334 9.8227 9.9071 -73.096614
57.0597 9.924 9.3135 -73.098482
58.8743 9.6526 8.6558 -73.100404
60.689 9.3812 7.9981 -73.102269
62.4959 9.1815 7.3186 -73.104082
64.0964 9.6659 6.3822 -73.105878
65.6128 10.0298 5.5676 -73.107678
66.3879 8.7348 6.61 -73.109483
67.0408 7.9267 8.2378 -73.111282
67.6184 7.3624 10.0083 -73.113084
68.2214 6.7991 11.7671 -73.11488
68.8557 6.3245 13.5452 -73.116657
69.5936 6.0215 15.3177 -73.118429
70.6128 5.6939 16.9232 -73.120174
71.846 5.1297 18.3139 -73.121886
73.446 5.6128 19.1551 -73.123579
75.1394 5.1362 19.9892 -73.125267
76.7792 5.1163 20.887 -73.126893
78.3203 5.541 21.9782 -73.128482
79.5543 6.0354 23.1887 -73.130027
80.477 6.477 24.7608 -73.131516
82.1371 6.4027 25.3832 -73.132952
83.992 6.8997 25.7174 -73.134327
85.8702 6.8251 26.0726 -73.135637
87.7509 6.7088 26.4848 -73.136874
89.6348 6.7028 26.6547 -73.138032
91.0074 6.4378 25.4152 -73.1391
92.1971 6.0461 24.0228 -73.14008
93.1627 5.5053 22.7795 -73.140983
93.4181 5.3578 20.8527 -73.141775
93.6827 5.205 18.9277 -73.142448
93.9559 5.0473 17.0042 -73.142995
94.7999 4.5071 17.8661 -73.143405
-1.9865 16.2264 -10.9822 -73.035478
-1.6114 17.3396 -11.0385 -73.035537
-1.1973 18.2526 -10.4886 -73.035584
-0.4899 18.8695 -10.968 -73.035616
0.4947 18.656 -11.4238 -73.035633
-5.9486 122.6202 -36.4545 -73.21108
-4.8563 124.4889 -38.1946 -73.215745
-3.4433 126.1431 -39.8024 -73.220403
-2.2407 128.597 -40.3971 -73.225051
-1.5188 131.295 -40.1613 -73.229694
-1.6696 134.0734 -40.2753 -73.234327
-2.517 136.7345 -40.7076 -73.238951
-3.2762 139.4376 -41.1589 -73.243562
-4.1563 142.1305 -41.3938 -73.248155
-4.9956 144.8475 -41.5126 -73.252733
-4.2109 147.46 -41.641 -73.257284
-3.9407 150.1251 -41.6099 -73.261816
-3.8535 152.9656 -41.6389 -73.266319
-3.8797 155.8081 -41.7765 -73.270797
-3.362 158.4701 -41.8809 -73.275247
-3.9026 161.1882 -41.8597 -73.279663
-4.6546 163.8938 -41.7416 -73.284042
-4.458 166.7321 -41.7051 -73.288382
-4.7248 169.4267 -41.9823 -73.292679
-5.9516 171.9513 -42.4086 -73.296934
-6.8697 174.6164 -42.5236 -73.301138
-7.1469 177.3942 -42.5991 -73.305292
-8.5483 179.5426 -43.6297 -73.309392
-9.0965 181.9163 -44.9846 -73.313442
-9.3572 184.5276 -45.8738 -73.317424
-10.3037 185.8819 -45.5629 -73.320288
-12.6165 185.7411 -44.527 -73.322002
-14.6492 185.7303 -43.1953 -73.323606
-16.2496 187.2653 -42.1906 -73.325116
-17.9145 189.1431 -41.8854 -73.326533
-19.4479 191.0685 -41.5909 -73.327854
-21.0169 192.9475 -41.0017 -73.329077
-22.4125 194.4386 -40.3024 -73.330196
-23.7068 195.9472 -39.0039 -73.33121
-25.0392 197.7028 -39.8911 -73.332112
-25.8175 200.0563 -40.2799 -73.332897
-26.6369 201.4551 -41.5533 -73.333564
-27.5289 202.2594 -40.2727 -73.334106
-29.472 203.3638 -40.3713 -73.334518
-31.4096 204.4733 -39.3932 -73.334795
-31.9894 205.4816 -37.1556 -73.334934
-32.896 206.6385 -35.2063 -73.334928
-33.7738 206.9925 -32.8727 -73.334772
-35.326 208.2821 -31.3862 -73.334462
-36.5537 210.18 -30.3332 -73.333991
-37.6503 212.1937 -29.5135 -73.333354
-38.7499 214.0475 -28.2022 -73.332544
-38.8366 216.2339 -27.1303 -73.331556
-39.8429 217.9451 -25.6872 -73.330383
-40.3547 220.3663 -25.6679 -73.32902
-9.0607 186.6005 -47.0068 -73.320489
-8.6412 188.5188 -48.1723 -73.322635
-7.9227 189.8909 -49.7878 -73.324708
-7.3389 191.2666 -51.5099 -73.326706
-6.8689 192.8579 -53.067 -73.328621
-6.5717 194.5306 -54.6272 -73.330452
-6.699 195.7688 -56.5782 -73.3322
-6.6007 197.3796 -57.9455 -73.333854
-5.361 198.4457 -59.4593 -73.335415
-4.0706 199.0919 -61.2062 -73.336879
-2.56 200.3359 -61.9713 -73.338235
-1.1767 202.1203 -62.473 -73.339485
0.1257 203.765 -63.1817 -73.340623
0.5779 205.9809 -62.9411 -73.341646
1.7705 207.8999 -62.7909 -73.34255
1.7806 210.0234 -63.3852 -73.343329
1.251 212.0868 -62.5412 -73.343978
0.3882 214.2228 -62.3899 -73.344493
-0.4598 216.2968 -62.9067 -73.344867
-1.2479 218.4121 -63.4146 -73.345096
-2.0973 220.5416 -63.7457 -73.345174
-3.4118 222.4275 -63.923 -73.345095
-5.2388 223.8332 -64.0726 -73.344855
-7.0057 225.2983 -64.337 -73.344447
-8.1122 227.0393 -64.9339 -73.343864
-8.3675 229.0243 -65.402 -73.343233
-8.7031 230.7886 -65.6689 -73.342621
-9.2813 232.5101 -65.8231 -73.341891
-9.2237 228.2929 -64.8468 -73.343391
-10.9382 228.5001 -64.259 -73.343065
-12.6565 228.7042 -63.682 -73.342596
-25.5183 124.0162 -29.3962 -73.20972
-26.4756 125.8583 -28.1987 -73.213538
-27.6755 127.8327 -27.6028 -73.217352
-27.9279 128.8492 -29.077 -73.22117
-28.5728 129.8586 -27.39 -73.225001
-29.4951 131.5172 -26.0388 -73.228801
-30.3172 133.5583 -25.0126 -73.232595
-30.9903 134.755 -23.0132 -73.236379
-31.8576 136.0757 -21.167 -73.240148
-32.9249 137.8539 -19.8699 -73.243899
-34.7749 138.8966 -19.3111 -73.247636
-36.3176 139.9122 -18.0849 -73.251349
-37.4604 141.3871 -16.8864 -73.255038
-38.6623 143.1941 -16.0632 -73.258708
-40.1691 144.5551 -14.9429 -73.262357
-41.2877 146.3296 -14.9203 -73.26598
-42.5778 148.1549 -14.027 -73.269569
-43.9866 149.9737 -13.1872 -73.273119
-45.0144 151.7833 -12.0503 -73.276634
-45.5532 153.8159 -10.8393 -73.280112
-46.3861 156.0367 -10.2537 -73.283548
-46.9837 158.3901 -9.9517 -73.286934
-47.8117 160.6751 -9.7756 -73.290275
-49.0447 162.6915 -9.706 -73.293562
-50.015 164.9082 -9.8518 -73.296793
-51.5234 166.8379 -9.9384 -73.299967
-52.9161 168.8061 -9.9279 -73.303078
-54.0733 170.9215 -9.7859 -73.306126
-55.7453 172.652 -9.5467 -73.309103
-57.6094 174.1497 -9.6472 -73.312008
-59.246 175.273 -8.9172 -73.314838
-60.6519 176.3429 -7.7572 -73.317587
-61.8971 178.3631 -7.4187 -73.320251
-62.7492 180.6081 -7.5045 -73.322828
-63.9736 182.7158 -7.7021 -73.325308
-65.2308 184.8141 -7.6187 -73.327688
-66.7492 186.7003 -7.6491 -73.329962
-68.417 188.4651 -7.7574 -73.332129
-69.4591 190.6092 -7.7695 -73.334179
-69.6776 192.1396 -9.5531 -73.336117
-70.6232 193.0213 -8.854 -73.337951
-70.9662 193.1386 -6.4297 -73.339649
-71.4596 193.5338 -4.0639 -73.341208
-72.1758 195.2071 -3.9513 -73.342608
-73.6159 196.7389 -5.1111 -73.343856
-74.8609 198.522 -6.148 -73.344947
-75.7426 199.5734 -7.6936 -73.345874
-75.3694 199.5725 -10.1146 -73.346642
-74.4019 199.6256 -11.6143 -73.347221
-73.8016 200.0979 -9.3728 -73.347613
-74.5843 201.3776 -7.8285 -73.347808
-75.66 202.8847 -6.3385 -73.347799
-76.7569 204.7933 -5.2692 -73.347578
-77.7876 206.5222 -4.0466 -73.347134
-78.7815 208.5213 -3.0989 -73.346459
-29.3228 87.5393 7.4141 -73.247138
-29.9005 87.4969 9.1019 -73.250416
-30.4781 87.4545 10.7898 -73.253621
-31.0558 87.4122 12.4776 -73.256751
-32.2782 87.1841 13.3671 -73.259824
-33.8866 86.6278 13.8875 -73.262899
-35.2533 87.1539 14.4242 -73.265974
-35.8481 87.8038 15.3321 -73.269041
-36.8463 86.9864 16.4788 -73.272106
-38.3951 86.3544 16.7879 -73.275158
-40.0436 86.842 16.4412 -73.278196
-41.676 86.6973 15.7688 -73.281225
-43.0795 86.67 14.6822 -73.284236
-44.7397 86.6061 14.8133 -73.287228
-46.2784 86.3685 14.6265 -73.2902
-47.931 85.969 14.7511 -73.293145
-49.3382 85.0184 15.2541 -73.296066
-51.0157 84.5548 15.4912 -73.29896
-52.76 84.3802 15.7377 -73.301814
-54.4766 84.1118 16.1326 -73.304632
-56.1575 83.722 16.5614 -73.307414
-57.6854 83.1665 17.2616 -73.310157
-59.449 83.0129 17.2864 -73.312849
-61.2047 83.1213 17.0316 -73.315487
-62.4985 83.4162 16.057 -73.318076
-64.2493 83.561 15.9695 -73.320608
-65.9938 83.4285 15.6473 -73.32308
-67.7202 83.5173 15.2308 -73.325486
-69.055 83.036 14.2322 -73.327823
-69.8653 82.2066 12.9383 -73.330088
-71.0115 81.258 11.9738 -73.332271
-72.4278 80.4398 11.5445 -73.334373
-73.698 79.222 11.6667 -73.336384
-74.8344 77.8746 11.8888 -73.338294
-76.1909 76.8138 12.1994 -73.340115
-77.7152 76.0674 12.6693 -73.341832
-79.2241 75.3783 13.2714 -73.343437
-80.5771 74.3384 13.7242 -73.344927
-81.948 73.2954 14.1285 -73.346297
-83.3128 72.1963 14.4348 -73.347538
-84.2563 70.7511 14.49 -73.348649
-85.9688 70.3467 14.3507 -73.349621
-87.6869 70.083 14.43 -73.350446
-89.1236 69.3762 14.9056 -73.351121
-90.0942 69.1674 16.3612 -73.351638
-91.4773 68.4273 17.0893 -73.351989
-93.1744 68.4543 17.5737 -73.352168
17.4714 115.5383 -32.7054 -73.20673
18.7181 116.515 -32.6736 -73.208554
19.4474 117.9165 -32.6863 -73.210338
20.2746 119.2604 -32.6312 -73.212087
21.0837 120.5882 -32.4636 -73.213794
21.7758 121.9988 -32.2416 -73.215457
22.3094 123.4582 -32.1155 -73.217074
23.1409 124.8071 -32.0128 -73.218638
23.9385 126.1782 -31.9172 -73.220154
25.0849 127.2066 -31.902 -73.221609
25.7601 127.3047 -33.2559 -73.223018
26.628 127.211 -34.5602 -73.224366
27.4583 127.1967 -35.7592 -73.225638
28.395 127.5305 -34.6253 -73.226839
29.5644 128.205 -33.8463 -73.227959
30.5696 128.6374 -32.8152 -73.229005
32.0051 129.043 -32.2921 -73.229965
33.4128 129.4399 -31.6761 -73.230836
34.7649 130.0848 -31.1622 -73.231612
36.07 130.7044 -30.5266 -73.23229
37.2954 130.2845 -29.7509 -73.232867
38.6668 129.8544 -29.4393 -73.233339
40.0959 129.824 -28.9371 -73.2337
41.6596 129.7812 -29.1527 -73.233945
43.163 129.7557 -29.5887 -73.234071
37.3605 97.6671 -24.1386 -73.200668
38.5247 98.3419 -23.3011 -73.202185
39.4075 98.7958 -22.0704 -73.203663
39.7833 99.3954 -20.6642 -73.205098
39.86 99.407 -19.0804 -73.2065
40.1939 99.8932 -18.7303 -73.207833
40.4963 100.318 -20.2174 -73.20912
41.4643 101.4944 -20.1061 -73.210338
42.3976 102.7119 -19.7798 -73.211493
43.1049 104.0833 -19.5568 -73.212582
44.0865 105.3182 -19.6544 -73.213599
44.7899 106.7249 -19.7113 -73.214544
45.9094 107.8469 -19.694 -73.21541
47.0015 108.9935 -19.6267 -73.216194
47.4874 110.1272 -19.5101 -73.216914
47.4694 110.2183 -21.0953 -73.21761
47.4514 110.3094 -22.6805 -73.218192
47.4334 110.4005 -24.2657 -73.21866
47.4153 110.4915 -25.8509 -73.219013
47.3973 110.5826 -27.4361 -73.21925
47.3793 110.6737 -29.0213 -73.219368
-43.1464 107.2097 -8.6051 -73.251397
-44.2349 108.3552 -9.2701 -73.254447
-45.5183 109.1815 -10.1573 -73.257501
-46.5455 110.332 -10.9218 -73.260556
-47.6198 111.4497 -11.7523 -73.263612
-48.7733 112.6103 -11.9929 -73.266668
-49.0763 114.3515 -11.8794 -73.269726
-49.3422 116.0762 -11.586 -73.272773
-49.7822 117.0822 -10.2937 -73.275823
-50.4256 118.2912 -9.1739 -73.278865
-50.9978 119.2379 -7.7863 -73.2819
-51.2625 120.0244 -6.2601 -73.284932
-51.6654 121.1492 -4.9912 -73.28794
-51.9476 122.7357 -4.2703 -73.290933
-52.5998 124.2212 -3.6393 -73.293905
-53.274 125.7541 -3.0637 -73.29685
-53.9887 127.1954 -2.3704 -73.29977
-53.963 128.1021 -0.9245 -73.302693
-54.6255 128.6873 -0.6995 -73.305596
-55.0557 128.8462 -2.4173 -73.308476
-55.7093 129.6088 -3.8029 -73.311292
-56.3904 130.5701 -3.4395 -73.314072
-57.2397 131.7558 -2.5815 -73.316815
-57.7383 132.4193 -1.0375 -73.319541
-58.1997 132.8604 0.5026 -73.322209
-59.135 134.2149 0.2827 -73.324817
-59.5411 135.9385 0.3726 -73.327368
-60.3211 137.5272 0.4547 -73.329859
-61.5615 138.7924 0.4272 -73.332286
-62.8427 140.0202 0.4049 -73.334652
-63.9756 141.337 0.4784 -73.336947
-65.5415 142.0698 0.6041 -73.339169
-66.8201 143.3029 0.6105 -73.341313
-67.9523 144.6731 0.6097 -73.34343
-69.0106 146.0943 0.6091 -73.345416
-69.7753 147.6531 0.6561 -73.347296
-69.9859 148.4831 2.1055 -73.349094
-70.4429 149.3779 3.3991 -73.350781
-71.6135 150.4383 2.691 -73.352356
-72.4835 151.5429 1.7355 -73.353816
-72.9227 152.8592 2.7049 -73.355161
-72.5877 154.4469 3.3601 -73.356379
-73.0119 156.1489 3.5593 -73.357468
-73.1545 157.8864 3.5882 -73.358418
-74.1953 159.319 3.6169 -73.359224
-74.932 160.9303 3.7174 -73.359883
-75.2192 162.6661 3.8423 -73.360385
-75.4158 163.3004 5.1393 -73.360733
-75.4017 163.5667 6.8972 -73.360911
-50.1374 90.531 -23.3634 -73.249612
-51.2673 90.8857 -22.5511 -73.252472
-52.7159 91.6607 -23.1098 -73.255323
-54.0702 92.6015 -23.357 -73.258171
-55.4386 93.0469 -22.4458 -73.261013
-56.998 93.6059 -21.9041 -73.263849
-58.5673 94.2413 -21.5078 -73.266672
-59.4515 94.8578 -20.2839 -73.269504
-60.3751 95.9904 -19.3491 -73.272299
-61.639 96.317 -18.2753 -73.275082
-62.5765 96.8459 -17.7339 -73.277846
-63.9654 97.6322 -17.7098 -73.280595
-65.6166 98.1559 -17.9424 -73.283319
-67.3141 98.5251 -18.0363 -73.286019
-68.9906 98.999 -17.9141 -73.288683
-70.4527 99.8368 -17.5623 -73.291319
-71.8636 100.5751 -16.8437 -73.293919
-73.2945 101.1084 -16.0241 -73.296478
-74.8032 101.5319 -15.3155 -73.298996
-76.2937 102.0431 -14.7677 -73.30147
-76.9439 103.3194 -13.9021 -73.303898
-77.7853 104.5384 -13.0235 -73.306273
-79.1174 105.4827 -13.5256 -73.308586
-80.5678 106.3785 -13.889 -73.31084
-81.9123 107.4474 -14.0602 -73.313022
-82.892 108.884 -14.1362 -73.315139
-83.7902 110.3676 -14.0768 -73.317185
-84.9748 111.6284 -13.8567 -73.319147
-86.2002 112.6963 -13.3076 -73.321035
-87.0479 113.9279 -12.479 -73.322836
-87.7411 115.4304 -11.9657 -73.32454
-88.823 116.6812 -11.5653 -73.326147
-89.4834 118.0465 -10.8065 -73.327654
-90.0558 119.4566 -9.9504 -73.329054
-90.8226 120.9302 -9.4429 -73.330338
-91.9586 122.2396 -9.3374 -73.331501
-92.8888 123.6775 -9.6286 -73.33254
-93.6083 125.2344 -9.9613 -73.33345
-94.4583 126.6908 -10.3334 -73.334222
-95.6371 127.179 -11.2403 -73.334855
-96.5223 128.3643 -11.7434 -73.335339
-97.3565 129.8343 -11.9607 -73.335667
-98.0187 131.4271 -12.0082 -73.335835
-44.8397 82.3848 -0.1022 -73.272281
-45.6858 82.6745 1.4762 -73.275809
-47.0854 83.466 2.0376 -73.279335
-47.9154 84.1261 0.6038 -73.282889
-48.4536 84.4912 -1.1078 -73.286445
-49.4629 84.7481 -2.3216 -73.290007
-50.8487 85.4683 -2.9272 -73.293585
-51.3634 86.2483 -4.138 -73.297204
-51.1604 85.8865 -5.9031 -73.300825
-51.4147 86.3329 -4.63 -73.304465
-51.3753 86.9211 -3.2026 -73.308085
-51.6511 88.546 -2.6095 -73.311703
-52.0008 89.4665 -3.9264 -73.315354
-52.6137 90.8015 -4.1725 -73.318992
-53.4473 92.4123 -3.9386 -73.322637
-53.8653 94.1635 -3.6555 -73.326284
-53.9519 95.9277 -3.215 -73.329933
-54.3051 97.4953 -2.5507 -73.333585
-54.5625 98.6898 -1.1952 -73.337224
-54.547 99.8234 0.1762 -73.340867
-54.2907 100.3598 1.9096 -73.344513
-54.7709 101.2087 3.4194 -73.348122
-54.4328 101.9413 3.8933 -73.351708
-53.0212 101.1678 3.092 -73.355277
-52.5222 101.109 4.5528 -73.358851
-54.1846 101.7537 4.4499 -73.362384
-55.6576 102.8136 4.5394 -73.365891
-56.499 104.3974 4.7059 -73.369373
-56.8786 106.1716 4.8788 -73.372828
-56.4546 107.8733 4.5587 -73.376247
-55.6814 109.1098 4.4339 -73.379662
-55.7928 109.3656 6.2457 -73.383096
-56.2213 109.7146 7.7986 -73.386412
-55.5336 111.171 7.9788 -73.389681
-57.2605 111.7016 8.1166 -73.392893
-58.1121 113.2561 8.4551 -73.396058
-58.5985 114.919 9.0311 -73.399169
-59.6859 116.036 9.8099 -73.402207
-59.434 116.5435 10.5662 -73.40519
-59.3051 118.1105 11.4366 -73.4081
-59.9415 119.6907 12.0733 -73.410944
-60.8614 121.156 12.3489 -73.413701
-61.607 122.4945 11.39 -73.416384
-62.1797 124.0961 10.8491 -73.418974
-62.6253 125.8486 10.8404 -73.421467
-62.2188 127.4063 11.6395 -73.423861
-61.8461 129.0333 12.3882 -73.426149
-62.5327 130.6886 12.3999 -73.428326
-62.936 132.4579 12.2088 -73.430392
-63.3234 134.2117 11.8803 -73.43234
-63.6303 135.945 11.5157 -73.43416
-63.951 136.5199 9.8435 -73.435861
-64.1784 137.2406 8.1925 -73.437416
-64.0694 138.3872 6.7995 -73.438819
-64.3697 140.0086 6.0583 -73.440074
-64.8732 141.6033 5.322 -73.441168
-65.5178 142.5596 4.0703 -73.442101
-65.7682 143.1976 5.3492 -73.442863
-66.7186 144.3442 5.8832 -73.443444
-67.5125 145.9488 6.0337 -73.443839
-68.2142 147.6123 6.0332 -73.44404
-36.2134 93.2108 29.5751 -73.251539
-36.6635 94.7733 29.8902 -73.253707
-36.9263 96.2364 30.4302 -73.255851
-37.1622 97.773 30.8495 -73.257973
-37.5529 99.3568 31.1525 -73.260072
-37.9173 100.9487 31.3678 -73.262133
-38.3971 102.525 31.406 -73.264167
-38.3118 104.182 31.3802 -73.266161
-38.3833 105.841 31.3619 -73.268116
-38.5184 107.493 31.3513 -73.27003
-38.1793 109.1047 31.3065 -73.271899
-37.694 110.6348 31.1726 -73.273717
-37.4366 112.1749 31.1742 -73.275486
-36.4341 113.3684 31.2349 -73.277205
-35.2673 114.4885 31.1966 -73.278863
-35.1913 116.0244 31.322 -73.280459
-36.1323 117.264 31.8032 -73.281991
-36.1013 118.8174 31.8898 -73.283455
-35.2737 120.1279 31.585 -73.284843
-34.1912 121.3196 31.36 -73.286155
-33.7141 122.9011 31.2289 -73.287382
-33.0667 124.4147 31.1658 -73.288522
-32.8786 126.0601 31.1275 -73.289569
-32.0835 127.4884 31.1247 -73.290519
-31.8296 129.12 31.1246 -73.291369
-31.1422 130.5851 30.9859 -73.292111
-30.3228 131.8477 30.3079 -73.292744
-29.6856 132.4849 28.9766 -73.293263
-29.0719 133.0333 27.5676 -73.293661
-28.0844 133.7856 27.8775 -73.293931
-27.152 134.469 28.6173 -73.294068
68.8569 88.73 19.5506 -73.198126
69.4626 89.4871 18.5505 -73.200547
69.8694 90.2922 17.5312 -73.202942
70.1133 90.9732 19.0619 -73.205322
70.2522 92.4115 19.6157 -73.207667
70.8156 93.9888 19.8859 -73.209981
70.9233 95.5529 19.5992 -73.212271
71.3862 97.0655 19.4044 -73.214525
72.5006 98.2929 19.6588 -73.216738
72.7344 99.9408 19.94 -73.218917
72.932 101.5833 19.995 -73.221056
72.4313 103.198 19.9089 -73.223151
71.8799 104.7873 20.0008 -73.225193
71.5282 106.416 19.8144 -73.227188
71.2624 108.037 19.4849 -73.229127
70.3107 109.3594 19.2993 -73.231001
69.2896 110.7156 19.219 -73.23281
68.8552 112.3448 19.1576 -73.234551
68.8224 113.8606 18.9579 -73.236219
69.0085 114.8834 18.0264 -73.237817
68.8524 116.0924 16.8932 -73.239333
69.7271 117.2159 15.9694 -73.240766
70.0973 118.581 15.0882 -73.242105
70.8674 119.2691 13.939 -73.243357
70.3855 118.9765 13.515 -73.244503
69.9666 118.6726 13.3866 -73.245555
70.2125 118.847 11.7059 -73.24651
70.4357 118.9096 10.8982 -73.247332
70.1867 118.7318 12.5649 -73.248041
69.521 118.6003 13.8778 -73.248613
69.0153 119.2849 13.1332 -73.249049
69.8993 119.8704 11.9133 -73.249346
70.2963 119.9515 10.2866 -73.249498
95.5228 3.6634 18.9207 -73.143621
95.9521 3.5018 19.9853 -73.14373
96.3294 3.3373 21.069 -73.143786
-41.3421 222.5153 -25.6062 -73.327562
-42.702 224.1478 -25.2091 -73.3262
-44.2458 225.1088 -24.0553 -73.324828
-45.8189 226.0665 -23.0056 -73.323451
-47.3319 227.1224 -21.9872 -73.322066
-48.8138 228.7344 -21.8003 -73.320675
-50.1281 230.4969 -21.9165 -73.319277
-51.8278 231.7383 -22.0527 -73.317872
-52.8158 233.6774 -22.1145 -73.316459
-53.0724 235.6787 -22.1684 -73.315345
-53.6815 237.6012 -22.215 -73.314535
-54.8336 239.2327 -22.1693 -73.313727
-55.9455 240.9107 -22.1307 -73.312919
-56.8959 242.6769 -22.2538 -73.312112
-57.6448 244.0732 -23.1351 -73.311304
-57.9004 245.3567 -24.6431 -73.310497
-58.5973 247.0318 -25.4177 -73.309692
-59.3933 248.8468 -25.6686 -73.308888
-60.5485 250.492 -25.7129 -73.308085
-62.0102 251.8694 -25.795 -73.307282
-63.5819 251.7041 -25.7766 -73.306481
-65.1861 252.5294 -25.4878 -73.305679
-66.5361 253.7075 -24.6451 -73.304879
-67.4482 255.4346 -24.2826 -73.304079
-68.0616 257.3349 -24.0645 -73.30328
-69.279 258.781 -24.0213 -73.302483
-70.6709 260.1778 -24.061 -73.301687
-71.4436 262.0159 -24.0595 -73.300892
-72.8554 263.4363 -23.888 -73.300099
-74.3055 264.6952 -23.3614 -73.299308
-75.6104 266.0079 -22.6232 -73.298518
-76.4194 267.7709 -22.2236 -73.297728
-77.0046 269.6763 -21.989 -73.29694
-77.6943 271.5617 -21.8675 -73.296155
-78.0414 273.5421 -21.7862 -73.295371
-78.9873 275.301 -21.7403 -73.294589
-80.3424 276.7952 -21.6879 -73.293809
-81.6546 278.3163 -21.6068 -73.293032
-83.1583 279.5974 -21.7854 -73.292258
-84.8953 280.6045 -21.8472 -73.291485
-86.7025 281.4584 -21.6828 -73.290714
-87.8751 282.8646 -21.0904 -73.289945
-89.4892 283.7967 -20.5891 -73.289178
-91.1007 284.9601 -20.5677 -73.288415
-92.4107 286.2858 -21.1453 -73.287653
-94.0557 286.9976 -21.9919 -73.286894
-95.7101 288.0996 -22.2545 -73.286138
-97.3406 289.2852 -22.2657 -73.285386
-98.976 289.9877 -22.9029 -73.284636
-100.2796 290.7986 -23.6291 -73.283888
-101.4799 291.8038 -22.4899 -73.283143
-103.036 292.9887 -22.0284 -73.282402
-104.6892 294.1312 -21.8834 -73.281665
-106.3559 295.2232 -22.151 -73.28093
-107.8941 296.3493 -22.6692 -73.2802
-109.1385 297.4951 -23.597 -73.279473
-110.8652 298.494 -23.4597 -73.278751
-112.4721 299.5248 -23.016 -73.278031
-113.8772 300.6139 -22.2042 -73.277316
-115.339 301.8994 -21.8314 -73.276605
-116.6463 303.427 -21.784 -73.275899
-117.9037 305.0024 -21.8441 -73.275197
-119.0254 306.6607 -22.003 -73.274499
-119.7365 308.5266 -22.2827 -73.273806
-120.0458 309.7921 -21.1758 -73.273113
-120.3335 310.3959 -19.2752 -73.272428
-120.8092 311.2425 -17.5331 -73.271749
-121.3861 312.9361 -16.6595 -73.271076
-122.3666 314.5966 -16.303 -73.27041
-123.445 316.2788 -16.4754 -73.269749
-124.5125 317.8962 -16.7048 -73.269093
-124.8879 318.6378 -14.9021 -73.26844
-124.9811 319.1413 -12.9496 -73.267792
-125.2786 319.7061 -11.0358 -73.267151
-125.7833 320.5605 -9.2875 -73.26652
-126.7853 321.2272 -7.7186 -73.265896
-128.1198 321.7372 -6.5853 -73.265278
-129.5338 322.6762 -5.6435 -73.264668
-130.8033 322.8583 -4.1103 -73.264064
-132.3486 322.5617 -2.9424 -73.263468
-133.5223 321.7567 -2.2514 -73.262879
-134.4075 321.0203 -3.7194 -73.262299
-136.141 320.0633 -3.704 -73.261727
-137.9234 319.2453 -3.5128 -73.261164
-139.8153 319.4438 -3.03 -73.260602
-141.7336 319.7231 -2.5415 -73.260055
-143.2992 318.8382 -1.8198 -73.259518
-143.6324 318.198 -3.1912 -73.258988
-144.6494 318.183 -2.5451 -73.258466
-145.6029 318.7473 -1.0864 -73.257956
-147.1116 319.1677 -0.0827 -73.257456
-149.0143 318.6505 0.3041 -73.256966
-150.835 317.9416 0.6531 -73.256488
-152.6003 318.3043 1.3039 -73.25602
-154.255 319.2248 1.8195 -73.255564
-156.1347 319.0641 1.3765 -73.255119
-157.9479 318.8394 0.6505 -73.254687
-159.8193 318.2421 0.4855 -73.254265
-161.6982 318.4908 0.8126 -73.253857
-163.3502 318.4678 1.946 -73.253461
-164.7917 318.8721 3.1901 -73.253078
-166.0348 318.4651 4.5448 -73.252708
-167.2051 317.7036 5.9108 -73.252353
-168.6856 318.3603 6.972 -73.252011
-170.5746 318.3686 7.6324 -73.251684
-172.4422 318.8037 8.0573 -73.251373
-173.7745 319.4811 7.41 -73.251075
-175.2708 319.8181 6.8918 -73.250794
-176.3866 321.0401 7.8064 -73.250528
-178.1084 321.388 8.4289 -73.250279
-179.8667 322.3331 8.1901 -73.250046
-181.7338 322.9719 7.9865 -73.249831
-183.2047 324.2061 7.6173 -73.249633
-184.6529 324.5109 6.7583 -73.249453
-186.4765 324.882 7.4149 -73.249291
-188.3601 325.5005 7.7542 -73.249149
-190.207 326.2741 7.8586 -73.249025
-191.8555 326.4884 7.2737 -73.248921
-192.3011 326.2807 5.3327 -73.248835
-192.4569 326.3027 3.3202 -73.248769
-192.6127 326.3246 1.3078 -73.248724
-192.7684 326.3466 -0.7047 -73.248702
-53.5618 234.7518 -22.4056 -73.315378
-55.3696 234.7358 -22.9279 -73.314645
-57.1775 234.7198 -23.4502 -73.313925
-58.9758 234.7413 -23.9753 -73.313217
-60.5834 235.6616 -24.1049 -73.312516
-62.2107 236.6032 -24.0421 -73.311816
-63.9306 237.3539 -24.0447 -73.311119
-65.5569 238.2591 -24.1396 -73.310423
-67.3063 238.9314 -24.1596 -73.309731
-68.8366 239.9978 -24.0522 -73.30904
-70.5332 240.314 -23.7713 -73.308352
-72.1779 239.7124 -23.3677 -73.307666
-73.9055 239.067 -23.0743 -73.306984
-75.764 238.9129 -23.0612 -73.306305
-77.5069 238.4311 -23.4834 -73.305628
-79.2728 238.5078 -23.5052 -73.304955
-81.0101 239.1307 -23.2489 -73.304284
-82.8258 239.4159 -22.9537 -73.303618
-84.5254 239.9346 -22.4418 -73.302955
-86.2406 240.0396 -21.7161 -73.302295
-87.8568 239.8217 -20.9364 -73.301639
-89.3552 239.6723 -19.8507 -73.300987
-90.7771 239.8281 -18.7653 -73.300339
-92.3262 239.5258 -18.0598 -73.299695
-94.0855 240.1028 -17.7873 -73.299056
-95.877 240.5966 -17.5579 -73.298421
-97.6988 241.0591 -17.507 -73.297791
-99.53 241.4724 -17.4393 -73.297166
-101.2527 242.1681 -17.1773 -73.296546
-102.8299 242.815 -16.4434 -73.295931
-104.4569 243.5931 -15.9937 -73.295322
-106.2956 243.7075 -16.104 -73.294718
-107.1732 243.8399 -14.6775 -73.294116
-108.3872 244.3725 -13.7017 -73.293522
-109.3454 245.4642 -12.5807 -73.292934
-110.5466 246.5332 -11.6213 -73.292353
-112.0874 247.1 -10.9503 -73.291778
-112.6927 248.1713 -9.7197 -73.291208
-113.85 248.7857 -8.6033 -73.290645
-114.9422 250.1535 -8.2414 -73.290089
-115.3929 251.8689 -7.6387 -73.289541
-116.4822 252.9605 -6.8157 -73.289
-117.371 253.2374 -5.1806 -73.288467
-118.358 253.8356 -3.7152 -73.287941
-119.4595 254.4678 -2.3971 -73.287425
-120.9563 255.2641 -1.6822 -73.286916
-122.5163 255.9458 -1.0086 -73.286416
-123.9831 256.9071 -0.452 -73.285925
-124.7954 257.8348 0.9161 -73.285443
-125.65 259.0549 2.0473 -73.284971
-126.8265 260.4562 2.1583 -73.284507
-128.2898 261.2032 2.616 -73.284053
-129.0334 261.3894 4.2611 -73.283607
-129.2473 261.2649 6.1105 -73.283157
-129.4022 261.1437 7.9821 -73.282725
-129.5576 261.0229 9.8536 -73.28231
-129.7512 260.9235 11.7229 -73.281896
-129.9463 260.825 13.592 -73.281498
-130.1515 260.7135 15.4586 -73.281119
-130.5488 260.346 17.2477 -73.280752
-131.604 259.0778 18.099 -73.280399
-132.4067 258.2916 19.5872 -73.280059
-133.3932 257.3081 20.8241 -73.279732
-133.8044 256.3522 22.376 -73.279419
-134.6418 255.2368 23.5911 -73.27912
-135.4197 253.8392 24.4892 -73.278835
-135.7 253.4829 26.3153 -73.278564
-136.3101 252.641 27.7577 -73.278309
-136.3201 251.3179 26.4825 -73.278069
-136.8701 249.6435 26.0944 -73.277844
-137.7175 248.1362 25.6627 -73.277636
-137.6045 246.4619 25.1316 -73.277446
-137.2893 245.0053 24.2243 -73.277272
-136.6215 243.4615 23.4192 -73.277116
-135.6446 241.9497 22.8735 -73.276976
-135.3758 240.4199 22.4018 -73.276856
-136.1869 239.3032 23.0344 -73.276755
-136.341 238.0644 24.2021 -73.276673
-136.433 236.6369 25.3143 -73.276611
-136.6008 234.8539 25.6617 -73.276569
-137.1474 233.4458 25.0869 -73.276548
-10.2537 234.1313 -65.7936 -73.340985
-11.9535 235.2244 -65.4206 -73.340026
-13.2513 236.4124 -64.5554 -73.339066
-13.9825 238.2182 -64.0036 -73.338104
-13.9675 239.4333 -65.1657 -73.337139
-14.1745 240.8047 -66.5759 -73.336175
-14.74 242.3781 -67.763 -73.335211
-15.0167 243.3075 -69.5586 -73.334244
-14.9973 244.3966 -71.2899 -73.333277
-15.4806 245.6013 -72.6631 -73.332311
-16.6681 247.206 -72.2066 -73.331345
-17.3029 249.0449 -71.7718 -73.330377
-18.6676 250.382 -71.3338 -73.32941
-19.6799 251.0982 -72.0439 -73.328442
-20.4939 252.2385 -73.4165 -73.327473
-21.5912 252.7618 -72.8895 -73.326595
-21.9596 252.8176 -71.2713 -73.32582
-22.6797 254.2973 -71.5196 -73.325046
-23.6039 255.7577 -72.0067 -73.324274
-24.5721 257.236 -72.2298 -73.323503
-26.0105 258.3101 -72.2446 -73.322732
-27.3761 259.4599 -72.2196 -73.321963
-28.9516 260.3257 -72.2375 -73.321186
-30.5102 261.2195 -72.2945 -73.32042
-31.595 262.5637 -72.7018 -73.319656
-32.6547 263.9941 -72.7006 -73.318894
-33.5598 265.5319 -72.4801 -73.318133
-34.5952 266.9872 -72.4053 -73.317375
-35.2782 268.5959 -72.3691 -73.316616
-36.5462 269.7783 -72.1737 -73.315861
-37.8737 270.872 -71.8225 -73.315109
-38.8876 272.2418 -71.3145 -73.314358
-39.6217 273.7558 -70.7585 -73.31361
-40.6535 274.9959 -70.0158 -73.312864
-42.0534 275.9829 -69.5331 -73.31212
-43.5846 276.8719 -69.3005 -73.311379
-45.0655 277.8565 -69.4958 -73.31064
-45.946 279.1186 -68.7677 -73.309905
-45.8345 280.5644 -67.9551 -73.309171
-46.196 282.2235 -68.3906 -73.308441
-46.2456 283.784 -69.1293 -73.307714
-45.9356 284.9029 -69.4775 -73.306989
-46.3572 283.3243 -69.8414 -73.306265
-47.6385 284.0096 -69.6263 -73.305541
-47.8598 285.27 -68.7781 -73.304824
-47.9763 286.6481 -67.6615 -73.304109
-48.0018 287.8134 -66.394 -73.303397
-49.296 287.3623 -65.4888 -73.302689
-50.1432 286.6731 -64.1653 -73.301986
-50.2434 286.1704 -62.4405 -73.301285
-51.2742 284.9264 -61.8207 -73.30059
-52.8421 284.4426 -61.0987 -73.299899
-53.9107 283.6653 -60.0279 -73.299213
-54.752 283.3629 -58.5184 -73.29853
-55.6511 282.4981 -57.2933 -73.297854
-56.6242 281.93 -56.0196 -73.297184
-57.9991 281.9695 -54.8908 -73.296519
-59.0837 282.3361 -53.8941 -73.295859
-60.0943 282.1643 -52.7677 -73.295204
-61.4419 281.5155 -51.8651 -73.294556
-62.8626 280.827 -51.0501 -73.293913
-64.2795 280.6349 -50.0042 -73.293278
-65.804 280.5238 -49.0693 -73.292649
-66.7885 280.054 -47.7484 -73.292025
-67.9789 279.2336 -46.7905 -73.291408
-68.6552 278.446 -45.3481 -73.290797
-69.0138 277.9753 -43.6489 -73.290194
-69.4167 276.9949 -42.4398 -73.289599
-69.8247 275.5947 -42.5008 -73.289011
-70.268 276.0815 -42.6582 -73.288431
-70.9242 276.409 -41.0457 -73.287855
-71.4032 276.5871 -39.3203 -73.28729
-72.2724 276.7647 -38.0281 -73.286735
-73.2041 276.1685 -36.6914 -73.286189
-74.2918 275.5936 -35.4399 -73.285652
-75.425 274.8456 -34.2803 -73.285124
-76.9255 274.2886 -33.5609 -73.284606
-77.3251 274.3933 -31.9623 -73.284098
-77.3839 274.0953 -31.6173 -73.283595
-77.9259 274.1693 -30.1943 -73.283103
-79.5493 274.0847 -29.6223 -73.282624
-80.9279 274.149 -28.5263 -73.282155
-82.1503 274.2888 -27.2947 -73.281698
-83.1333 274.5631 -25.8399 -73.281252
-83.3586 274.0993 -24.1212 -73.280817
-83.4086 273.3363 -22.4949 -73.280395
-83.5601 272.816 -20.7795 -73.279984
-83.7705 272.4678 -19.0265 -73.279585
-84.0593 272.0789 -17.2937 -73.279201
-84.2893 271.7437 -15.5414 -73.27883
-84.9661 271.1706 -14.2656 -73.278474
-86.4465 270.5588 -13.5443 -73.278134
-87.5224 269.4821 -12.7644 -73.277807
-88.5863 270.2836 -13.3628 -73.277496
-89.344 271.7765 -13.8414 -73.2772
-90.7295 272.8654 -14.017 -73.276915
-92.0012 274.1345 -14.1202 -73.276647
-93.0728 275.5655 -14.188 -73.276399
-94.4803 276.5793 -14.1262 -73.276167
-96.2029 276.3016 -13.7358 -73.275953
-97.8612 276.4416 -13.1634 -73.275756
-99.2225 277.2086 -12.3487 -73.275577
-100.7724 276.7787 -11.5881 -73.275416
-102.4856 276.8416 -11.2384 -73.275274
-104.2435 277.0799 -11.3594 -73.275151
-105.8758 277.7134 -11.5089 -73.275047
-106.978 278.2571 -10.6069 -73.274963
-108.7214 278.4008 -10.5748 -73.2749
-110.1714 278.7473 -11.3411 -73.274857
-111.6618 279.6815 -11.4564 -73.274836
-21.5015 253.5088 -73.309 -73.326904
-22.5942 254.3623 -72.684 -73.32675
-23.4363 255.5756 -72.2611 -73.326609
-23.7952 256.2196 -73.6016 -73.326482
-24.1958 256.9175 -74.8973 -73.32637
-24.5102 257.2028 -76.431 -73.326272
-25.2575 257.9568 -77.5755 -73.32619
-25.9832 258.9049 -78.6121 -73.326124
-26.7351 259.8964 -79.3372 -73.326073
-27.7754 261.0706 -79.3699 -73.326039
-28.1276 262.1418 -78.3341 -73.326022
-14.415 228.9869 -63.4499 -73.341984
-16.1331 229.4489 -63.5343 -73.341383
-17.7421 230.1331 -63.7219 -73.340787
-19.4067 230.7023 -63.8399 -73.340195
-20.8995 231.6241 -63.8754 -73.33961
-22.4197 232.5434 -63.927 -73.339028
-23.9779 232.9794 -64.5409 -73.338453
-25.5926 233.2447 -65.0739 -73.337881
-27.3372 233.3731 -65.393 -73.337316
-29.108 233.4677 -65.4659 -73.336757
-30.8642 233.5427 -65.402 -73.336204
-32.3482 234.4256 -65.4518 -73.335657
-33.9347 234.8444 -64.9779 -73.335117
-35.6107 235.0483 -64.5372 -73.334583
-37.2988 235.2219 -64.5195 -73.334056
-38.3854 235.5894 -65.5655 -73.333535
-39.1438 235.7555 -64.0699 -73.333021
-40.4342 236.3585 -64.9633 -73.332516
-41.6538 237.408 -65.4996 -73.332019
-43.3197 237.9738 -65.7908 -73.331531
-45.0712 238.2644 -65.9288 -73.331051
-46.7994 238.6788 -65.9135 -73.33058
-48.5481 238.9796 -65.7557 -73.330118
-50.2593 239.3638 -65.4708 -73.329666
-51.9541 239.818 -65.3779 -73.329224
-53.6581 240.3081 -65.5616 -73.328791
-55.3649 240.7618 -65.7517 -73.32837
-56.9242 241.5359 -65.9538 -73.327958
-58.6438 241.8319 -66.2728 -73.327558
-59.9936 242.7156 -66.7405 -73.327169
-60.984 243.7818 -67.5294 -73.326791
-62.0855 245.146 -67.6347 -73.326426
-62.592 246.8516 -67.5474 -73.326072
-63.6958 248.1812 -67.3534 -73.325732
-65.3602 248.1365 -67.1819 -73.325404
-66.6185 247.2528 -66.7907 -73.32509
-68.2827 246.701 -66.9975 -73.324787
-69.0056 246.5375 -67.1182 -73.3245
-69.4149 247.1923 -66.2178 -73.324227
-70.5685 248.2104 -65.6787 -73.323969
-72.1021 248.9573 -65.1628 -73.323726
-73.5226 249.8734 -64.6789 -73.323499
-74.9049 250.917 -64.2744 -73.323288
-76.1941 252.0464 -63.8017 -73.323095
-77.6751 252.694 -63.2164 -73.322918
-78.9054 253.7897 -63.1101 -73.32276
-80.0531 255.1107 -63.1909 -73.322619
-81.4092 256.2087 -63.4316 -73.322497
-83.1166 256.5971 -63.7243 -73.322395
-84.8053 256.9649 -63.8465 -73.322311
-86.3232 257.8036 -63.7447 -73.322248
-88.0463 257.7843 -63.4146 -73.322206
-89.5568 258.6367 -63.0658 -73.322184
-79.8558 209.6969 -1.6956 -73.345653
-80.9345 210.9313 -0.8747 -73.34496
-81.8718 212.3265 -0.0936 -73.34427
-83.0145 213.649 0.4105 -73.343583
-83.35 215.4299 0.5242 -73.342899
-84.7236 216.0877 0.5245 -73.342217
-85.8365 216.8501 1.5461 -73.341537
-86.4751 218.3432 2.3648 -73.340863
-87.6889 219.3419 3.0091 -73.340192
-89.3832 219.625 3.5112 -73.339526
-90.5679 220.9942 3.9392 -73.338864
-91.9993 222.1339 4.2769 -73.338207
-93.1066 223.0567 5.3451 -73.337553
-94.2451 224.3484 6.04 -73.336903
-95.1955 225.7846 6.6504 -73.336259
-96.1469 227.1811 6.1703 -73.33562
-97.5307 228.1499 5.5656 -73.334986
-97.6555 229.6726 4.5217 -73.334356
-98.2632 230.7709 4.9578 -73.33373
-99.4213 231.1534 5.7424 -73.333111
-100.7458 231.4122 4.7237 -73.332497
-101.8502 232.6408 4.2535 -73.331889
-103.1436 233.9354 4.0273 -73.331288
-104.4921 234.4164 4.8558 -73.330694
-105.6117 233.6885 5.7966 -73.330102
-106.7274 232.3194 6.4016 -73.329512
-107.441 230.7522 6.8747 -73.328937
-107.4488 229.0255 7.5014 -73.32837
-107.9411 227.3511 8.131 -73.327812
-107.0902 226.8712 8.9862 -73.327261
-106.1496 226.513 10.1833 -73.326712
-105.9516 226.2598 12.0223 -73.326171
-105.4787 225.2922 12.0054 -73.325642
-105.2249 224.5846 10.2988 -73.325122
-104.7784 223.6625 9.5999 -73.324613
-104.7066 222.6921 11.0296 -73.324112
-105.026 220.965 11.6033 -73.323622
-104.6066 219.9029 12.8153 -73.323142
-103.3942 219.8352 14.0764 -73.322672
-104.3073 219.9043 13.553 -73.322213
-105.885 218.9419 13.3792 -73.321764
-107.2676 218.4747 12.6842 -73.321326
-108.1193 218.5469 11.0406 -73.320899
-108.3962 219.4541 11.7193 -73.320484
-109.0143 219.6825 13.4653 -73.32008
-109.7221 219.9831 15.1561 -73.31969
-110.6667 219.9703 16.4989 -73.319315
-112.0003 218.9022 16.8845 -73.318953
-113.4433 217.9794 16.4775 -73.318604
-114.7081 217.1333 15.6968 -73.31827
-115.2947 216.7255 13.9743 -73.31795
-115.5962 216.7912 12.1637 -73.317642
-115.7677 217.1126 10.3327 -73.317351
-115.4309 217.0746 11.1227 -73.317077
-116.1181 217.6962 12.116 -73.316812
-117.3855 218.3763 13.3061 -73.316567
-118.8798 218.8959 14.099 -73.316343
-120.5533 219.5755 14.5055 -73.316138
-122.3465 220.0233 14.7431 -73.315951
-124.1585 220.1151 14.949 -73.315782
-125.565 221.2324 14.8597 -73.315633
-126.6064 222.7478 14.7267 -73.315504
-127.1945 224.5052 14.537 -73.315394
-127.9351 226.1832 14.2547 -73.315306
-129.0224 227.5634 14.5865 -73.315239
-130.1181 229.0198 14.5982 -73.315194
-131.2201 230.4645 14.2522 -73.315171
47.5528 -96.076 13.5667 -72.125409
47.0015 -95.2803 13.5986 -72.125496
46.7344 -94.3274 13.6342 -72.12554
27.7081 -94.2683 18.8592 -72.101871
26.226 -93.6204 19.8024 -72.102422
24.7439 -92.9726 20.7456 -72.102837
23.2618 -92.3248 21.6888 -72.103116
23.8038 -92.3745 21.7835 -72.103255
54.7481 -88.0637 17.871 -72.148283
97.3169 -66.6493 31.3652 -72.203845
99.3506 -67.4491 30.897 -72.205324
101.3843 -68.2489 30.4289 -72.206561
103.4181 -69.0488 29.9607 -72.207555
105.4518 -69.8486 29.4925 -72.208304
104.935 -70.7499 28.9784 -72.208805
104.6139 -70.6388 26.7694 -72.209057
96.937 -66.473 30.8282 -72.203076
44.0154 -65.7095 15.6069 -72.211057
44.0102 -66.3692 14.8486 -72.211125
44.1586 -67.2141 14.3402 -72.211159
-4.665 -9.0685 -0.0051 -72.996324
-3.3078 -10.3003 -0.0154 -72.965935
-1.9532 -11.5348 -0.0257 -72.935572
-0.7426 -12.7803 -0.0459 -72.885117
0.4334 -13.9291 -0.0935 -72.815039
1.4466 -15.2471 -0.185 -72.745467
3.5554 -27.7322 1.4257 -72.643175
8.6107 -41.3653 6.7974 -72.549114
22.8794 -62.2772 10.5055 -72.340633
26.4745 -64.8588 13.9793 -72.309891
29.0535 -67.1183 14.3116 -72.289892
42.1418 -73.5431 16.2509 -72.218068
47.2069 -85.1931 18.1557 -72.159522
44.6639 -89.9679 15.7857 -72.137609
47.7449 -96.3203 13.6398 -72.12631
78.4149 -177.3628 14.5582 -72.022925
95.2227 -265.7699 17.0719 -71.94241
48.1056 -320.1106 18.1187 -71.882326
-10.9476 -383.6056 22.9817 -71.840989
-40.36 -432.7473 17.7175 -71.817087
28.7834 -94.5812 17.274 -72.104154
14.3097 -106.6143 20.8227 -72.079236
2.7577 -126.0427 26.0848 -72.060963
-45.0792 -189.1405 27.4734 -72.027584
30.9775 -170.2053 31.4202 -72.052635
28.3969 -94.5693 18.0599 -72.102011
-40.2348 -104.2908 -5.8163 -72.046899
-111.9958 -139.102 2.509 -72.015378
54.6562 -87.9717 17.7384 -72.14905
111.8824 -135.9529 29.1893 -72.071289
164.8572 -185.7356 20.1853 -72.018078
213.7243 -226.7876 32.011 -71.987807
43.9697 -65.4565 15.7766 -72.211293
45.5333 -62.1584 17.8534 -72.2093
96.2419 -66.2233 31.6259 -72.202964
2.1326 -22.0656 -2.5814 -72.678841
6.2653 -35.3706 6.4938 -72.595797
8.3143 -40.7868 6.7183 -72.511146
15.4942 -50.7521 4.9673 -72.443841
19.5156 -57.7327 7.1557 -72.377309
24.2121 -63.3654 12.9105 -72.32523
27.7984 -65.9637 14.1964 -72.299829
35.2991 -71.3414 15.5234 -72.253839
45.9552 -78.4006 18.2802 -72.188259
45.9541 -87.9136 17.638 -72.148379
46.0845 -93.1486 14.7482 -72.131209
52.1518 -103.9606 11.3242 -72.11407
58.8833 -119.603 12.0998 -72.09244
62.6461 -133.0235 18.7767 -72.071705
68.7987 -150.479 18.27 -72.051842
75.478 -168.4071 16.0379 -72.032825
80.7201 -186.7623 13.7215 -72.013259
86.0397 -202.1519 18.4658 -71.996294
88.9594 -219.8372 14.0604 -71.980109
92.3483 -238.1707 14.3683 -71.964686
94.4112 -256.1543 16.5595 -71.950005
95.282 -267.4858 16.3224 -71.935046
95.3059 -280.3632 10.9397 -71.922221
82.392 -291.8157 13.1552 -71.910088
66.6134 -301.8126 13.5179 -71.898633
55.8832 -314.8401 17.1156 -71.887843
42.621 -325.3136 19.0805 -71.877056
32.9705 -340.7608 23.6528 -71.868007
23.9361 -354.8041 21.203 -71.859585
9.6225 -366.7531 22.7517 -71.851779
-4.6074 -378.3071 21.4152 -71.84458
-16.9731 -389.755 18.9726 -71.837639
-27.5688 -401.1213 14.9527 -71.832071
-39.573 -411.7299 14.9204 -71.82709
-40.6381 -420.4638 25.2112 -71.822688
-40.4069 -426.6412 14.8914 -71.81886
-41.6738 -434.0686 12.5022 -71.815571
-35.1298 -447.795 10.0223 -71.813344
-30.511 -455.7937 6.7671 -71.811676
-26.4654 -460.7911 2.4423 -71.810566
-24.2919 -464.5784 0.2402 -71.81001
37.1249 -94.0849 14.9718 -72.120178
20.7736 -99.7756 22.2184 -72.091121
11.0172 -108.5614 18.7473 -72.075387
5.909 -113.1292 24.1737 -72.069584
4.7649 -121.3499 27.2758 -72.064027
-3.9067 -133.7894 26.1237 -72.056231
-16.2236 -149.0836 26.7198 -72.048409
-17.7909 -159.6216 22.5822 -72.041438
-30.8645 -168.2845 21.4997 -72.035309
-40.3768 -181.2163 24.3391 -72.030014
-50.8898 -195.8899 27.7601 -72.025408
-59.8432 -207.2909 27.0024 -72.022213
-63.453 -209.2381 15.4152 -72.01982
-64.2909 -212.4765 11.1044 -72.018226
-69.7086 -217.4653 14.9612 -72.017429
-1.3141 -131.2728 34.9295 -72.060059
15.7442 -115.5027 24.1983 -72.074758
21.9499 -133.9863 25.1312 -72.068326
26.8898 -147.4387 25.6301 -72.062765
28.6429 -155.1273 32.7495 -72.05807
28.6017 -167.7997 33.6747 -72.054234
33.7647 -170.9041 21.6446 -72.051178
35.3986 -176.6564 11.4651 -72.049363
39.8278 -180.409 -7.3747 -72.048455
28.4843 -94.572 17.6083 -72.102638
24.075 -93.3058 9.4058 -72.094996
15.5128 -90.8025 -8.4542 -72.082834
-0.0475 -89.6597 -13.0268 -72.07156
-13.9393 -94.7328 -4.0497 -72.061161
-31.0534 -101.5497 -4.3571 -72.051625
-48.3446 -108.1087 -4.4853 -72.042398
-60.3769 -111.0796 -1.1234 -72.034964
-77.9711 -113.5102 3.296 -72.028363
-92.0999 -121.9743 4.6219 -72.022588
-105.6825 -132.44 0.8972 -72.017632
-119.8735 -141.3568 5.959 -72.013496
-132.8113 -151.1601 6.979 -72.010749
-147.2952 -155.5423 4.0924 -72.008692
-153.368 -158.2725 7.6335 -72.007321
-168.793 -159.6906 7.6228 -72.006636
50.8433 -86.5895 17.9535 -72.153259
61.2357 -92.3404 14.5899 -72.139469
72.1897 -102.125 21.0158 -72.122806
85.4059 -115.7278 22.6939 -72.10708
96.1046 -123.0147 27.5352 -72.092275
106.3877 -128.7142 28.8233 -72.078371
119.3522 -141.0891 32.8119 -72.064444
133.3865 -151.0456 27.4274 -72.052726
140.4642 -156.8554 25.7903 -72.041861
152.3124 -169.1266 29.8767 -72.031836
161.5491 -182.1636 26.4505 -72.022638
167.3763 -187.9265 20.8501 -72.013761
178.0174 -198.4202 27.7655 -72.006629
190.5879 -201.853 17.5881 -72.000289
198.4764 -209.0366 23.2285 -71.994736
206.4978 -222.3967 29.9785 -71.989961
216.4485 -231.2363 29.6641 -71.985945
219.3592 -241.6667 28.5636 -71.98319
217.6919 -257.4839 32.1794 -71.981127
212.7961 -271.781 39.8533 -71.979752
208.8344 -287.7139 39.3838 -71.979065
43.1478 -69.6198 16.0595 -72.212984
45.0982 -63.5211 16.1223 -72.210242
50.7937 -61.6079 11.0465 -72.207514
63.7547 -58.5312 9.7712 -72.205113
75.049 -60.4617 16.3877 -72.203492
83.0968 -60.7333 25.9161 -72.202651
91.3447 -63.64 26.8113 -72.202588
106.4082 -69.1292 24.6495 -72.200546
123.1559 -72.5629 28.9251 -72.197297
143.1961 -75.9244 28.8652 -72.195674
46.1286 -55.224 14.5026 -72.207749
37.6417 -45.2763 18.4222 -72.205942
22.8448 -43.0894 21.8828 -72.205039
