-0.8015 -1.2678 -0 -73.500236
-3.2062 -5.0715 -0 -73.504001
-5.0765 -8.0299 -0 -73.506577
-6.4123 -10.1429 0.0262 -73.50732
-8.0143 -12.677 0.1283 -73.508311
-8.8146 -13.9429 0.1666 -73.509046
-8.2187 -14.5214 0.2948 -73.509848
-8.7411 -16.3672 0.5247 -73.511966
-10.0309 -17.8905 1.1419 -73.514672
-11.386 -19.3222 1.89 -73.517324
-12.7254 -20.8552 2.392 -73.519863
-14.0432 -22.4116 2.6217 -73.522897
-14.6972 -24.3185 2.0715 -73.526598
-15.5306 -26.234 2.0482 -73.530638
-16.1094 -27.8038 2.3068 -73.534164
-14.7796 -28.9827 3.1257 -73.537153
-13.6062 -30.5844 3.6202 -73.540167
-12.2537 -32.1091 3.9089 -73.5432
-11.1222 -33.7683 4.2796 -73.546261
-10.1932 -35.2295 5.196 -73.549342
-9.3619 -36.7283 6.3117 -73.55245
-8.5851 -38.2492 7.4144 -73.555576
-7.5935 -39.8435 8.2499 -73.558725
-6.8916 -41.4349 9.2193 -73.561913
-6.2727 -43.3267 9.6108 -73.565116
-5.7427 -44.6215 10.9758 -73.568362
-5.2774 -45.3085 12.8612 -73.571632
-4.5701 -46.2857 12.7646 -73.574922
-3.9187 -47.0128 11.0346 -73.578245
-3.487 -47.3534 9.0584 -73.581606
-3.1601 -48.3203 10.2056 -73.584996
-2.5906 -49.7167 11.29 -73.588376
-2.064 -51.2649 10.2609 -73.591792
-1.9023 -53.0628 10.2828 -73.595229
-1.2374 -53.7481 8.8883 -73.598718
-0.2338 -55.4757 8.438 -73.602216
0.9268 -57.1391 8.1846 -73.60574
2.1659 -58.7648 8.26 -73.609291
2.7966 -60.3652 9.2072 -73.612877
3.5606 -62.0815 8.7826 -73.61649
4.1051 -63.9769 8.2533 -73.62014
4.7728 -65.8913 8.0534 -73.623809
5.555 -67.7898 8.1794 -73.627504
5.4215 -69.7319 8.5591 -73.631225
5.3722 -71.1779 9.39 -73.634989
6.6015 -72.8224 9.4344 -73.638775
7.9091 -74.3345 9.4579 -73.642595
9.1469 -75.9691 9.4502 -73.646444
10.0298 -77.8076 9.4917 -73.650317
10.7723 -79.6982 9.5101 -73.654228
12.3735 -80.8411 9.4583 -73.658162
13.4145 -82.6176 9.4397 -73.66213
14.1594 -84.5026 9.6273 -73.666134
14.908 -86.352 10.0263 -73.670168
15.6285 -88.1574 10.421 -73.67423
16.2688 -90.0988 10.1972 -73.678329
16.8061 -92.0324 10.2983 -73.682454
18.0591 -93.5211 10.9131 -73.686611
19.0692 -95.1762 11.592 -73.690799
20.0514 -96.8019 12.3554 -73.695015
20.7986 -98.4251 13.1509 -73.699271
22.3425 -99.643 13.6764 -73.703556
23.1324 -101.4525 13.8694 -73.707874
24.2278 -103.1764 13.8286 -73.712227
25.7948 -104.4654 13.8973 -73.716607
27.3532 -105.7951 13.951 -73.721017
28.4996 -107.4233 13.9547 -73.725463
30.0108 -108.56 13.6639 -73.729945
31.1081 -108.6091 12.0588 -73.734536
29.9694 -109.9097 10.9348 -73.739505
28.8308 -111.2104 9.8109 -73.744385
27.6922 -112.511 8.6869 -73.749175
26.8377 -113.4766 7.7017 -73.753936
28.1153 -111.9666 8.2837 -73.759014
29.3929 -110.4565 8.8658 -73.763996
30.6706 -108.9464 9.4479 -73.768882
31.1787 -108.9746 10.7509 -73.773836
31.0798 -109.3078 12.7833 -73.778834
31.1974 -110.3892 14.0207 -73.783772
31.8589 -112.2436 14.4776 -73.788712
32.2207 -114.0808 14.8897 -73.793689
32.3754 -116.0895 14.7382 -73.798696
33.2282 -117.7627 14.1097 -73.803736
34.0263 -119.6079 13.7086 -73.808804
34.4263 -121.5938 13.4703 -73.813902
34.6735 -123.5948 13.4834 -73.819027
34.4631 -125.6138 13.6554 -73.824178
35.477 -127.1975 13.9548 -73.829344
36.4488 -128.3733 14.9241 -73.834569
36.0423 -130.1872 15.3722 -73.839844
35.1621 -131.5518 15.4371 -73.845121
35.6418 -129.8523 14.8263 -73.850384
35.0348 -128.0619 14.2107 -73.855673
35.5446 -129.8444 14.1534 -73.860989
35.6291 -131.8577 14.0497 -73.86631
34.8485 -133.6181 13.7199 -73.871641
34.2995 -135.3089 12.7219 -73.876986
33.9891 -137.2127 12.2496 -73.882331
34.6951 -139.1364 12.158 -73.88768
34.4342 -141.0719 12.4762 -73.893028
34.9496 -142.8915 13.1328 -73.89839
35.1207 -144.6736 12.8365 -73.903735
36.0553 -146.4708 12.5635 -73.909072
36.5162 -147.9232 11.2272 -73.914424
37.0821 -149.6924 10.5935 -73.919729
38.1845 -151.3675 10.8233 -73.925013
38.9786 -152.5573 11.4668 -73.930282
38.5512 -154.4927 11.7745 -73.935546
38.9845 -156.4817 12.0272 -73.940786
38.8087 -158.4686 12.102 -73.945974
39.4316 -160.3993 12.1561 -73.951112
40.017 -162.1492 11.7738 -73.956207
39.9044 -164.0643 11.3068 -73.961229
40.4166 -165.9089 10.6066 -73.96619
41.3853 -167.5493 10.7632 -73.971062
42.1247 -169.1267 11.6727 -73.975853
42.1485 -170.8263 12.6221 -73.980555
41.2541 -172.1527 13.7028 -73.985133
41.3329 -173.6405 14.3131 -73.989596
41.6008 -174.8677 12.6805 -73.993942
41.8738 -176.7997 12.275 -73.998124
42.7438 -178.5456 11.9564 -74.002142
43.2439 -180.4578 12.0397 -74.005983
43.3656 -182.4295 12.4106 -74.009639
43.6747 -184.2146 13.2717 -74.013094
44.1736 -186.1236 13.8383 -74.016315
44.3535 -187.9066 14.7675 -74.019301
44.8726 -189.5685 15.6922 -74.022028
45.4404 -191.1005 14.5715 -74.024479
46.1386 -192.9259 14.1459 -74.02663
46.6287 -194.8895 13.783 -74.028467
47.9055 -196.4354 13.3908 -74.029973
49.0241 -197.9564 13.467 -74.031129
49.8322 -199.3762 13.2319 -74.031919
51.04 -200.3986 12.0409 -74.032322
-16.8109 -27.3553 2.8101 -73.53373
-17.497 -28.3029 4.2038 -73.535803
-18.1984 -29.271 5.5067 -73.537834
-18.2577 -29.3412 3.7473 -73.540209
-18.2679 -29.344 1.9276 -73.542538
-18.2781 -29.3467 0.108 -73.544814
-18.2883 -29.3494 -1.7116 -73.547037
-18.2985 -29.3522 -3.5313 -73.549205
-18.8534 -30.5664 -3.9808 -73.551351
-18.8107 -32.318 -3.8597 -73.553521
-19.3066 -34.0554 -3.7456 -73.555706
-18.9488 -34.5418 -2.2544 -73.557919
-18.3075 -35.7012 -1.0566 -73.56015
-18.003 -37.2922 -0.254 -73.562393
-17.2153 -38.7422 0.5062 -73.564651
-17.2992 -40.1694 1.5541 -73.56693
-17.1185 -41.7267 2.3954 -73.56923
-17.083 -42.8762 3.6698 -73.571559
-17.3639 -44.4413 4.545 -73.573901
-18.2212 -45.6938 5.2818 -73.576248
-18.9632 -46.7735 4.1464 -73.578616
-19.2427 -47.6114 2.5633 -73.58102
-19.7572 -49.1601 2.2576 -73.583418
-20.0441 -50.8741 2.5491 -73.58583
-20.3286 -52.4364 3.2684 -73.588253
-19.8077 -53.8024 3.6098 -73.590695
-19.2008 -54.6661 2.2731 -73.59317
-18.7221 -56.0354 2.9434 -73.595665
-18.7365 -56.729 4.1896 -73.598169
-18.8997 -58.1413 5.2798 -73.600675
-18.8149 -59.8936 5.7078 -73.603185
-18.9822 -61.072 7.0484 -73.605715
-19.3934 -62.5349 8.0119 -73.608235
-19.547 -63.8484 9.0694 -73.610774
-19.5772 -65.5723 8.63 -73.613297
-19.258 -67.3139 8.3405 -73.615821
-19.7508 -69.0603 8.364 -73.618333
-19.9946 -70.8175 8.7102 -73.620849
-19.8037 -72.5539 9.1873 -73.623354
-19.7201 -74.3251 9.5635 -73.62585
-20.2567 -75.9938 9.7611 -73.62833
-19.7758 -77.7066 9.8918 -73.630793
-19.8692 -79.394 10.0722 -73.633231
-20.6153 -80.6503 10.7965 -73.63564
-20.8101 -82.0334 11.1362 -73.638008
-21.8468 -83.2751 10.5156 -73.640336
-22.3598 -84.646 11.4203 -73.642617
-22.8139 -86.2646 12.0203 -73.644846
-22.9433 -87.4114 13.1988 -73.64703
-23.2601 -88.7922 14.1473 -73.649136
-23.5187 -90.5915 14.1567 -73.651152
-23.7693 -92.3875 14.2837 -73.653079
-23.9193 -94.161 14.5659 -73.654911
-24.765 -95.4177 14.2775 -73.656635
-25.6946 -96.5629 13.7452 -73.658237
-26.3361 -98.2508 13.7081 -73.65971
-26.22 -99.6251 14.4174 -73.661063
-26.029 -100.2322 16.1217 -73.662258
-25.98 -100.9366 17.7977 -73.663287
-26.1774 -101.1961 19.58 -73.664163
-26.4133 -101.3806 21.3748 -73.664822
-26.5757 -102.9017 22.0388 -73.665266
-26.565 -104.1061 22.8298 -73.665495
-10.4886 -18.1238 0.6694 -73.516875
-10.4015 -18.057 0.4643 -73.51842
-11.3637 -19.3353 1.4826 -73.520284
-12.4409 -20.4928 2.3203 -73.522498
-13.7335 -21.882 2.6066 -73.524912
-14.3525 -23.4451 1.6476 -73.527356
-14.7639 -24.7529 0.4153 -73.529819
-15.0123 -25.6795 -1.2982 -73.532312
-14.7483 -27.3027 -2.2341 -73.534822
-14.1682 -28.7546 -3.3613 -73.537362
-14.1335 -30.3237 -2.5621 -73.539926
-14.176 -32.0715 -1.7097 -73.542508
-14.076 -33.7889 -0.9359 -73.54511
-13.8862 -35.6563 -1.4771 -73.547733
-13.5408 -37.5381 -1.8551 -73.550376
-12.9254 -39.3671 -2.0095 -73.553048
-12.8947 -41.2639 -2.5483 -73.555735
-12.5093 -43.0891 -2.3969 -73.558445
-11.8636 -44.7358 -1.5183 -73.561191
-11.3409 -46.4019 -0.6056 -73.563957
-11.0233 -47.5467 0.9658 -73.566761
-10.5913 -48.4457 2.6789 -73.569571
-10.1405 -50.0833 3.3431 -73.572397
-10.2934 -51.7904 2.9275 -73.575246
-10.88 -52.8858 1.4404 -73.578131
-11.0363 -54.4811 1.7038 -73.581024
-11.1458 -56.3254 2.378 -73.583944
-10.357 -57.7555 3.4384 -73.586887
-10.1358 -58.8326 4.9901 -73.589857
-10.3077 -60.6124 5.6598 -73.592852
-11.2813 -62.2927 6.0116 -73.595867
-11.7958 -64.1934 6.181 -73.598904
-12.4342 -66.0517 6.3974 -73.60197
-11.9522 -67.7789 6.8906 -73.605064
-11.6762 -69.0382 8.2561 -73.608181
-11.713 -70.0381 9.9612 -73.611319
-11.8555 -70.9146 11.6774 -73.614505
-12.8132 -71.5235 13.2459 -73.6177
-13.5753 -72.2336 12.7301 -73.620922
-14.1638 -73.7043 11.8882 -73.624165
-14.4131 -75.2707 10.815 -73.627429
-13.5782 -77.0011 10.3425 -73.630721
-13.3259 -78.9499 10.1371 -73.634039
-13.3622 -80.9141 10.3308 -73.637375
-14.2376 -82.5066 10.9807 -73.64073
-14.7845 -84.1023 11.9265 -73.644116
-15.3519 -85.4422 12.6525 -73.64753
-15.7865 -86.6616 12.098 -73.650972
-16.5522 -87.7496 13.5364 -73.654437
-17.1687 -89.5648 13.8022 -73.657915
-18.2162 -91.1682 13.885 -73.661417
-19.5493 -92.634 13.9514 -73.66494
-20.3209 -94.4426 13.8656 -73.668486
-21.0095 -96.2837 13.6721 -73.672052
-21.3384 -97.8523 13.9673 -73.675676
-21.6939 -97.8965 15.9193 -73.679361
-22.3276 -98.0602 17.7316 -73.683014
-21.887 -98.9874 16.7979 -73.686721
-22.8153 -99.7306 15.3374 -73.690397
-24.3779 -100.6691 14.7056 -73.694083
-24.3457 -102.6276 14.3888 -73.697772
-24.5768 -104.5617 14.2213 -73.701467
-24.8282 -106.5067 14.2205 -73.705174
-25.0574 -108.4614 14.1941 -73.708881
-25.5558 -110.3378 14.0236 -73.712595
-26.9412 -111.6652 13.5497 -73.71631
-27.6548 -113.1993 12.651 -73.720018
-27.9593 -114.1646 11.0361 -73.723767
-28.3565 -115.3746 10.0919 -73.727449
-29.1471 -116.4978 9.0352 -73.731138
-29.5399 -117.0458 7.1689 -73.734839
-29.9596 -117.6548 5.3281 -73.73849
-30.9613 -118.935 4.5188 -73.742087
-32.1435 -120.2324 4.6581 -73.745656
-32.9363 -121.0473 6.2793 -73.749194
-33.621 -122.2206 7.5953 -73.75267
-33.9105 -123.585 8.7937 -73.756096
-34.4873 -124.3869 10.3397 -73.759455
-35.0405 -125.7656 11.4307 -73.762728
-34.701 -127.6323 11.772 -73.765916
-35.3063 -129.4991 11.9181 -73.769013
-35.9903 -131.3268 11.7835 -73.772001
-37.6819 -132.1342 11.31 -73.77487
-38.5009 -133.4806 10.3217 -73.77761
-38.4967 -134.7419 8.9782 -73.780219
-39.2613 -136.1191 9.0235 -73.782657
-39.6486 -137.8732 9.0943 -73.784923
-40.3927 -139.5578 8.4232 -73.786996
-41.3357 -141.2284 8.0319 -73.788864
-41.7461 -143.1332 7.6854 -73.790514
-42.0138 -145.0056 7.4829 -73.791927
-41.9887 -146.6225 8.5512 -73.793093
-43.1363 -148.1444 8.915 -73.793986
-43.8626 -149.8828 8.3731 -73.794599
-44.926 -151.4033 7.7386 -73.794913
-9.353 -14.8211 0.2731 -73.51018
-11.0559 -15.5864 0.7158 -73.512225
-12.8605 -15.9487 1.177 -73.51476
-14.323 -16.6873 2.6356 -73.519473
-15.6273 -17.7486 4.2904 -73.523438
-16.5612 -19.3299 4.837 -73.525234
-17.0333 -20.2944 6.2453 -73.527262
-17.8874 -21.5361 7.3823 -73.529354
-18.8508 -22.9769 8.1796 -73.53146
-19.5099 -24.5801 8.9543 -73.53359
-19.7318 -25.6734 10.3712 -73.535755
-19.6375 -26.5275 11.987 -73.537952
-20.9183 -27.5166 12.4491 -73.540152
-21.2964 -29.0814 13.3143 -73.542378
-21.83 -30.7644 14.0149 -73.544626
-22.4092 -32.288 14.7504 -73.546898
-23.1716 -32.8787 16.4102 -73.549217
-23.4458 -33.3976 17.1662 -73.551525
-23.9797 -35.1098 17.8018 -73.553861
-25.2888 -36.4276 18.1128 -73.556214
-26.4013 -37.9363 18.2431 -73.558582
-27.2908 -39.5473 18.3867 -73.560975
-28.9068 -40.2841 18.3568 -73.563388
-28.8386 -41.8551 18.071 -73.565821
-30.0593 -43.3052 18.0707 -73.568274
-30.6546 -44.9959 18.2212 -73.570754
-31.4097 -46.5757 18.3297 -73.573252
-32.6885 -47.8644 18.2798 -73.57577
-33.6705 -49.4532 18.3794 -73.578296
-34.3435 -51.1833 18.7706 -73.580843
-35.0428 -52.643 19.7515 -73.583412
-35.9334 -53.9164 20.8542 -73.585992
-36.4958 -55.5633 21.6175 -73.588585
-37.1515 -57.2664 22.1901 -73.59119
-37.503 -58.9135 22.7742 -73.593822
-37.2767 -60.629 23.5408 -73.596473
-38.3487 -62.1152 24.0868 -73.599124
-38.7835 -63.8894 24.6417 -73.601787
-39.0307 -65.5698 25.4324 -73.604456
-39.2448 -67.4312 25.7075 -73.607141
-39.4113 -69.2406 26.1323 -73.609827
-38.2265 -70.1613 27.1367 -73.612521
-37.9293 -71.6381 28.1838 -73.615231
-36.7386 -72.8721 28.5562 -73.617933
-35.4143 -74.1273 28.8617 -73.620629
-33.8413 -75.1427 29.2839 -73.623384
-32.9832 -76.7229 29.5771 -73.626077
-33.6399 -75.092 29.1649 -73.628804
-33.1635 -76.3575 28.5144 -73.631501
-32.6394 -77.9449 29.3953 -73.634177
-31.5586 -79.4236 29.8926 -73.636876
-30.8094 -81.0765 30.3763 -73.639533
-31.5811 -82.6547 30.6865 -73.642123
-31.7168 -84.5489 30.8274 -73.644672
-31.5105 -86.4537 30.8357 -73.647166
-31.5377 -88.3667 30.7633 -73.649607
-31.4829 -90.279 30.6456 -73.651983
-31.9235 -92.1277 30.4947 -73.654282
-32.2806 -93.9944 30.2829 -73.656493
-33.2826 -95.4749 30.073 -73.658614
-34.2923 -96.3147 29.212 -73.660634
-33.7984 -97.5646 29.0456 -73.662547
-33.365 -98.5644 30.3242 -73.664339
-34.9529 -99.5888 30.5864 -73.665983
-35.3561 -101.2379 30.5528 -73.667475
-35.425 -102.1901 29.7785 -73.668804
-35.4381 -103.6106 30.0236 -73.66995
-35.4329 -104.9525 28.8355 -73.670896
-35.4888 -106.6151 28.0477 -73.671625
-35.1318 -108.0258 29.2064 -73.67213
-34.5346 -109.5447 30.0645 -73.672388
-15.445 -16.6758 3.4162 -73.523459
-17.1123 -16.5493 2.7023 -73.525229
-18.8242 -16.1183 2.2844 -73.527234
-20.5247 -15.3962 2.2003 -73.529283
-22.3116 -15.3473 2.4856 -73.531351
-24.0423 -14.9367 2.9859 -73.53345
-25.7912 -14.8802 3.5418 -73.535574
-27.6376 -14.8877 3.7424 -73.537717
-29.4617 -14.8882 3.7168 -73.539881
-31.2202 -15.3922 3.5297 -73.542075
-32.7539 -15.8243 2.9445 -73.544303
-34.0829 -16.2305 1.7975 -73.546546
-35.3566 -17.1047 0.7776 -73.548809
-36.7811 -17.3591 0.0703 -73.551084
-38.4049 -17.2529 0.8951 -73.553378
-40.1857 -16.9717 1.2216 -73.555695
-41.9745 -17.3706 1.348 -73.558033
-43.6645 -17.7288 1.1737 -73.560395
-45.1638 -16.9527 0.472 -73.562773
-46.3865 -16.2335 -0.6264 -73.56518
-48.1583 -16.038 -0.1893 -73.56761
-49.5586 -16.5997 0.7893 -73.570064
-50.6275 -17.7832 1.5574 -73.572532
-52.4581 -17.9497 1.6886 -73.57502
-54.2203 -17.8442 1.1278 -73.577527
-55.6575 -18.4041 0.1681 -73.58006
-57.139 -19.2179 -0.5793 -73.582612
-58.8775 -19.6978 -0.9928 -73.585181
-60.4992 -20.5497 -0.8751 -73.587763
-62.2699 -20.9516 -0.784 -73.590363
-63.9605 -21.4851 -1.2025 -73.593004
-65.769 -21.6468 -1.2364 -73.595644
-67.4074 -21.948 -2.0416 -73.598301
-69.2303 -22.0478 -2.2783 -73.600971
-71.0405 -22.3933 -2.2 -73.603663
-72.76 -22.6876 -1.8978 -73.606365
-74.4248 -22.1245 -1.3042 -73.609081
-75.468 -21.5676 0.0962 -73.611814
-76.805 -21.0117 0.8974 -73.61456
-78.6304 -21.1688 0.7939 -73.617299
-80.2126 -21.6023 1.4208 -73.620048
-81.9055 -21.4802 1.8938 -73.622801
-83.3789 -20.5725 2.4839 -73.625556
-84.8475 -20.092 3.3977 -73.628305
-85.8797 -19.4106 4.4732 -73.631063
-86.9877 -17.9771 4.3817 -73.633802
-88.4094 -16.917 4.436 -73.636528
-89.1332 -16.2863 5.8123 -73.639269
-89.6827 -16.0961 7.5766 -73.641982
-90.6073 -14.9923 8.5732 -73.644645
-91.6573 -14.5236 9.9347 -73.647274
-92.216 -13.6924 11.4126 -73.649889
-93.3323 -12.5367 11.3011 -73.652422
-94.3529 -11.3333 10.4637 -73.654902
-95.9243 -11.359 10.3327 -73.657317
-97.085 -12.6874 10.4076 -73.65966
-98.637 -11.9209 10.4364 -73.661919
-99.8512 -10.5582 10.1484 -73.664076
-101.1467 -9.2581 9.9913 -73.666135
-102.9108 -8.8466 10.0308 -73.66807
-104.2043 -7.6318 10.4372 -73.669867
-105.7848 -7.7377 11.2376 -73.671523
-107.5295 -7.7352 11.7584 -73.673018
-108.7114 -6.5165 12.2914 -73.67434
-108.6826 -5.013 12.9437 -73.675485
-109.4316 -4.9691 14.0337 -73.676428
-110.9911 -5.321 13.2911 -73.677155
-112.3812 -4.7789 12.2565 -73.677653
-113.4541 -4.4164 10.8172 -73.677909
-15.5545 -17.632 4.3033 -73.52335
-16.8149 -18.3686 5.0193 -73.524858
-18.1535 -17.7371 5.9254 -73.526585
-19.3957 -17.6568 7.1162 -73.528365
-20.6245 -17.4395 8.329 -73.530164
-21.4073 -17.0773 9.8446 -73.531999
-22.3291 -16.4593 11.1562 -73.533843
-23.7986 -16.4039 12.1053 -73.53571
-24.636 -16.4397 13.5353 -73.537619
-26.0492 -16.413 14.4153 -73.539526
-26.5091 -16.6788 16.0866 -73.541491
-27.6416 -17.5424 16.452 -73.543436
-28.9683 -17.6171 17.1518 -73.545399
-30.2529 -16.8642 18.0015 -73.547375
-31.8112 -16.9615 18.7079 -73.549379
-32.7125 -16.0015 17.8716 -73.55139
-33.9732 -15.3124 17.8919 -73.553419
-35.5154 -14.9405 18.541 -73.555464
-36.8148 -15.2621 19.6037 -73.557527
-38.1095 -15.3947 20.6532 -73.559592
-39.3709 -15.3085 20.5665 -73.561693
-39.9084 -15.4165 22.2463 -73.563822
-41.4898 -16.1032 22.568 -73.565924
-43.1935 -16.3081 22.9719 -73.56803
-44.8671 -16.1005 23.426 -73.570138
-46.5874 -16.255 23.8037 -73.572258
-48.2806 -16.146 24.1613 -73.574361
-49.8848 -15.6408 24.6252 -73.576465
-51.569 -15.5809 25.1077 -73.578557
-53.1934 -15.8717 25.7123 -73.580638
-54.8397 -16.0518 26.2602 -73.582713
-56.4663 -15.7486 26.8593 -73.584752
-57.6381 -14.8744 27.7621 -73.586766
-58.8394 -13.7889 28.4214 -73.58875
-60.1932 -13.1386 29.3328 -73.590707
-61.8304 -12.6017 29.6751 -73.592618
-63.5039 -12.1508 29.7076 -73.594474
-64.8861 -11.121 29.4315 -73.596279
-65.5954 -10.0293 28.2627 -73.598028
-66.3587 -9.069 29.1123 -73.599704
-67.3994 -7.9254 29.8988 -73.601302
-68.8854 -7.8686 29.963 -73.60281
-70.5505 -7.352 29.9726 -73.604216
-72.0497 -6.4284 30.0037 -73.605516
-73.5599 -5.5098 29.9785 -73.606697
-74.8786 -4.3323 29.9264 -73.607782
-76.2236 -3.1844 29.9023 -73.608687
-77.2186 -1.7362 29.9278 -73.609435
-78.2778 -0.5048 29.7779 -73.610013
-79.9939 -0.3567 29.5292 -73.610411
-81.6519 -0.1123 29.479 -73.610617
-15.2282 -17.1379 4 -73.522691
-15.8134 -17.8487 4 -73.522753
-16.4306 -18.5318 4 -73.522785
-13.8552 -16.3527 0.6773 -73.516311
-6.8126 -12.9962 0.0714 -73.50878
-5.8684 -15.48 0.0572 -73.510636
-5.4058 -18.0693 0.0621 -73.513028
-4.8048 -20.6622 0.1442 -73.516064
-4.2378 -23.1032 0.3354 -73.51986
-4.2185 -23.3173 3.0099 -73.526067
-4.1991 -23.5292 5.6846 -73.532345
-3.9404 -24.0329 8.0609 -73.538569
-2.9465 -26.4423 7.8893 -73.544913
-2.9898 -29.1239 7.9366 -73.551453
-2.8312 -31.7921 8.079 -73.558207
-2.7737 -34.4658 8.0848 -73.565181
-3.1335 -36.1267 6.8772 -73.572504
-2.9668 -36.5649 4.2354 -73.580072
-3.5563 -38.3842 2.8887 -73.587766
-4.3063 -40.3834 1.497 -73.595743
-4.1208 -42.6459 0.2252 -73.603959
-4.2362 -43.7827 0.8959 -73.61057
-3.8312 -43.4159 2.8085 -73.615315
-3.4263 -43.0492 4.7211 -73.619997
-3.0214 -42.6825 6.6338 -73.624618
-2.6164 -42.3158 8.5464 -73.629176
-2.2115 -41.949 10.459 -73.633674
-1.8006 -41.5642 12.3611 -73.638109
-1.0504 -39.8462 12.7392 -73.642668
0.1758 -38.6585 13.5417 -73.647277
1.5902 -38.0395 13.8599 -73.652031
3.2347 -39.0768 14.2093 -73.656844
3.2862 -40.8715 14.6526 -73.661767
3.0921 -42.2179 15.9515 -73.666791
3.289 -43.8273 17.0278 -73.671918
3.7676 -45.0577 18.3989 -73.677188
5.3853 -45.2551 17.5078 -73.68257
6.4565 -45.5185 16.2146 -73.688167
6.4601 -45.5688 14.2263 -73.693903
7.3041 -46.1013 15.3965 -73.699733
7.7212 -46.6728 17.2551 -73.705723
8.2906 -47.8462 18.7417 -73.711786
8.7291 -49.4862 19.2615 -73.716268
9.1255 -50.9461 19.7272 -73.719012
10.0364 -52.2198 19.9693 -73.721767
10.7133 -53.6545 20.0389 -73.724546
11.8089 -54.3454 19.5071 -73.727364
12.1976 -54.6669 17.9921 -73.730203
13.1099 -54.8336 16.8714 -73.733051
13.5838 -54.6626 15.3738 -73.736086
13.6588 -54.6533 13.7788 -73.739561
13.7337 -54.644 12.1838 -73.742948
13.8087 -54.6347 10.5888 -73.746245
13.8837 -54.6254 8.9938 -73.749452
13.9586 -54.6161 7.3988 -73.752567
14.0336 -54.6068 5.8038 -73.75559
14.1085 -54.5975 4.2088 -73.75852
14.1663 -54.5744 2.6132 -73.761792
14.2206 -54.5486 1.0176 -73.765091
14.2749 -54.5228 -0.5781 -73.768286
14.3293 -54.497 -2.1737 -73.771374
14.3836 -54.4712 -3.7694 -73.774355
14.4379 -54.4454 -5.365 -73.777227
13.7113 -55.8095 -5.5929 -73.78004
13.1825 -57.2536 -6.0072 -73.782832
12.9567 -58.7053 -6.561 -73.785594
12.6682 -60.0281 -7.37 -73.788322
12.3514 -61.5353 -7.7387 -73.791013
11.9771 -63.0578 -7.8716 -73.793657
11.7617 -64.6275 -7.7751 -73.796253
11.4655 -65.9109 -8.3481 -73.798798
11.6675 -66.9063 -9.5712 -73.801286
11.728 -68.3207 -9.6289 -73.803714
11.6975 -68.4625 -8.07 -73.806065
11.4235 -69.5735 -7.0162 -73.80832
11.1196 -70.8404 -6.109 -73.810485
11.0275 -71.8722 -4.9846 -73.812561
11.2426 -73.2528 -4.3725 -73.81453
10.7531 -74.6674 -3.9199 -73.816379
10.425 -76.2016 -3.7062 -73.818111
10.77 -77.7411 -3.6532 -73.819712
11.0786 -79.2552 -3.6604 -73.821168
11.425 -80.7723 -3.755 -73.822476
11.2996 -82.2807 -4.0128 -73.823622
11.9706 -83.6675 -4.3963 -73.824599
12.7118 -84.5829 -3.8154 -73.82541
13.1706 -85.4159 -2.5821 -73.826027
13.3664 -86.853 -1.9391 -73.826446
13.3682 -87.667 -0.8755 -73.826661
8.6263 -48.9248 19.7774 -73.71615
8.971 -49.5407 20.9869 -73.718641
9.2099 -51.0475 20.8184 -73.721136
10.0927 -52.2943 20.5532 -73.723632
10.6868 -53.724 20.4404 -73.726128
11.4461 -54.1517 19.6321 -73.728674
11.5442 -54.2966 18.1881 -73.73121
12.9332 -54.8812 18.406 -73.73372
13.2774 -55.294 19.8309 -73.736291
13.7729 -56.2787 20.5319 -73.738797
14.3885 -57.7019 20.5127 -73.741299
15.16 -59.0485 20.6431 -73.743783
15.6443 -60.0525 21.5504 -73.746265
16.2084 -60.988 22.5631 -73.748726
17.2577 -61.2039 23.519 -73.751155
18.4454 -61.8839 23.9975 -73.753551
19.1422 -63.2514 24.2481 -73.755921
19.671 -63.8624 25.3071 -73.758291
20.2623 -64.3588 26.3522 -73.760597
21.638 -65.0559 26.1487 -73.762845
22.7173 -66.1327 25.8633 -73.765176
23.7256 -67.2733 25.5197 -73.767407
24.6112 -68.47 25.1932 -73.769511
24.9681 -69.954 24.971 -73.771537
24.9964 -70.9802 24.2159 -73.773589
24.9684 -71.117 22.6615 -73.775645
24.9404 -71.2538 21.1072 -73.777554
24.9124 -71.3907 19.5528 -73.779314
24.8648 -71.4567 17.9963 -73.780941
24.9221 -71.7069 16.7213 -73.782453
25.4185 -72.6144 17.5247 -73.78388
25.5779 -72.8182 19.0637 -73.785198
25.6724 -73.1458 20.5059 -73.786351
25.5385 -73.7136 21.7923 -73.787396
25.5469 -73.9336 23.3373 -73.788294
25.5553 -74.1535 24.8823 -73.78901
26.4257 -75.2629 24.9859 -73.789554
26.2037 -76.801 24.991 -73.789925
26.3234 -78.3421 25.0702 -73.790115
-4.7208 -44.7161 -0.023 -73.609403
-5.1299 -46.1818 0.6944 -73.611894
-5.3697 -46.9913 2.259 -73.614418
-5.7718 -48.0995 3.5791 -73.616956
-6.3113 -49.4357 4.5711 -73.619527
-6.1052 -51.0319 5.3148 -73.622119
-5.9754 -52.7323 5.8136 -73.624735
-5.3005 -54.3124 6.0843 -73.627377
-5.5666 -55.9139 6.2159 -73.630045
-6.3626 -57.4622 6.4728 -73.632736
-7.4327 -58.7683 6.9386 -73.635453
-8.3123 -60.0607 7.6969 -73.638194
-9.2075 -61.5771 7.5449 -73.640949
-10.0182 -63.1512 7.7642 -73.643731
-10.4982 -64.8336 7.9938 -73.646529
-11.098 -66.494 8.2496 -73.649355
-11.5795 -68.0917 8.8213 -73.652201
-11.4778 -69.48 9.814 -73.655061
-11.3768 -70.9824 10.6772 -73.657948
-11.1615 -72.6665 10.9417 -73.660861
-11.9531 -74.0675 10.3517 -73.66379
-12.2253 -75.2856 9.1163 -73.666739
-12.386 -76.5528 7.8889 -73.6697
-12.4919 -77.8973 6.8778 -73.672686
-12.6418 -79.6702 6.7282 -73.675685
-12.8923 -81.2283 7.3625 -73.678704
-13.0636 -82.0267 8.8276 -73.681766
-12.8375 -83.2389 8.8894 -73.684815
-12.4716 -84.694 8.0205 -73.687886
-12.6797 -85.5671 7.0599 -73.69098
-12.5183 -84.1321 6.1622 -73.694108
-12.5292 -84.0813 7.3739 -73.697255
-11.895 -85.6688 7.8198 -73.700409
-11.5229 -87.2946 8.4116 -73.703568
-10.3324 -88.1124 9.2259 -73.706735
-10.675 -89.8262 9.467 -73.70992
-11.2148 -91.4903 9.7261 -73.713097
-11.4919 -93.2205 9.9224 -73.716272
-11.8689 -94.9605 9.9938 -73.719455
-12.2215 -96.7085 9.9892 -73.722623
-12.5548 -98.4528 9.9031 -73.725792
-13.101 -100.1246 9.6027 -73.728947
-13.6123 -101.6942 9.0552 -73.732094
-14.5178 -102.8115 8.0351 -73.735232
-14.732 -103.8321 6.6289 -73.738361
-14.736 -104.949 5.3416 -73.741475
-14.7897 -105.5564 3.6632 -73.744567
-14.9175 -106.1934 2.0059 -73.74762
-14.8119 -107.3154 0.66 -73.750604
-14.3904 -108.3157 -0.7477 -73.753559
-14.0768 -109.6227 -1.5126 -73.75644
-14.1581 -111.3783 -1.2027 -73.759264
-14.4574 -112.7137 -0.3129 -73.762034
-14.5581 -113.8268 1.0481 -73.764717
-14.5629 -114.7419 2.5821 -73.767332
-14.3372 -115.8187 3.9677 -73.769839
-14.0073 -116.8255 5.38 -73.772248
-13.5104 -118.0936 6.4955 -73.77454
-13.0668 -119.695 6.5246 -73.776709
-12.4966 -121.0534 5.5568 -73.778736
-12.0851 -122.6625 5.1356 -73.780618
-12.5004 -124.2153 4.474 -73.782344
-12.6759 -125.9354 4.076 -73.783892
-13.0189 -127.5669 3.9008 -73.785262
-13.6129 -129.2115 3.7998 -73.786431
-14.5095 -130.7248 3.617 -73.78739
-15.1909 -132.314 3.2206 -73.788128
-16.0458 -133.6469 2.4524 -73.788632
-17.0046 -135.0632 2.0492 -73.788889
-3.6471 -8.0538 -0.0157 -73.507002
-1.3228 -8.9468 -0.0471 -73.508449
0.9314 -9.9936 -0.0832 -73.510024
2.6625 -11.7633 -0.1495 -73.511992
3.884 -13.4015 -0.8686 -73.515143
4.2751 -14.1359 -3.2157 -73.522166
4.6663 -14.8703 -5.5627 -73.529126
5.0575 -15.6047 -7.9097 -73.536021
5.4487 -16.3392 -10.2567 -73.542847
5.5082 -15.6747 -11.481 -73.548023
5.7528 -14.1284 -10.9972 -73.55129
5.1317 -14.013 -9.0503 -73.554676
5.6382 -14.026 -8.2186 -73.558276
7.6439 -14.2766 -7.8039 -73.561964
9.6042 -14.0356 -7.3728 -73.565623
11.4824 -13.5321 -6.7322 -73.569389
12.4397 -13.1153 -5.3274 -73.573276
13.1732 -12.7275 -3.4442 -73.577318
14.0029 -12.5015 -1.5695 -73.581489
14.9232 -12.6143 0.2611 -73.585771
16.0509 -12.8503 1.9217 -73.590181
17.2291 -12.7352 3.6117 -73.594771
18.6969 -13.072 4.9744 -73.599396
20.4387 -12.843 5.9867 -73.604156
22.2399 -12.9948 6.2182 -73.607623
23.7688 -13.3762 5.9788 -73.609694
25.0057 -12.6222 5.3936 -73.611783
26.3571 -12.2571 4.8087 -73.613887
27.8738 -11.9691 4.5669 -73.616015
29.2461 -11.1445 4.4391 -73.618155
30.8012 -10.7714 4.3716 -73.620302
32.3851 -10.5715 4.2891 -73.622462
33.2233 -10.1298 4.9983 -73.624651
34.0663 -9.8024 5.9221 -73.626843
35.5597 -9.845 6.5062 -73.629036
36.9026 -9.7278 7.2501 -73.631241
38.2463 -9.5474 7.9246 -73.633437
39.7277 -9.1425 8.3952 -73.635632
41.1759 -8.7377 8.951 -73.637823
42.5633 -8.3419 9.5488 -73.64002
43.7337 -8.1277 8.583 -73.642206
45.1311 -8.0308 7.9631 -73.644373
46.5242 -8.3092 7.3517 -73.646518
47.4104 -8.3281 6.0274 -73.648662
48.547 -8.1523 4.9694 -73.650766
50.1277 -8.0481 4.8161 -73.65284
51.0302 -8.412 5.9293 -73.654917
52.4231 -8.5023 6.17 -73.656925
53.895 -8.5955 6.6905 -73.658898
54.9911 -8.7652 7.7616 -73.660818
56.4893 -8.9904 7.679 -73.662673
57.587 -10.1308 7.9043 -73.664463
59.0801 -10.6364 8.1455 -73.666189
60.6014 -11.0022 8.4608 -73.667827
61.9959 -11.5958 8.0265 -73.669378
62.9752 -11.9724 7.058 -73.670858
63.4644 -12.0743 5.5381 -73.672231
64.0395 -11.9612 4.047 -73.673507
64.4337 -11.9546 2.4888 -73.674664
64.823 -11.932 0.9297 -73.675681
65.2041 -11.8836 -0.6309 -73.676547
65.5558 -11.8356 -2.1985 -73.677264
65.8976 -11.7879 -3.7682 -73.677811
66.4194 -11.7876 -5.282 -73.678182
66.4944 -12.5596 -6.6605 -73.678373
21.8035 -12.9643 5.5087 -73.608014
22.2928 -12.8975 4.0421 -73.610805
22.782 -12.8307 2.5755 -73.613523
23.2713 -12.7639 1.1089 -73.616168
23.7606 -12.6971 -0.3578 -73.618738
24.2499 -12.6303 -1.8244 -73.621232
24.7391 -12.5635 -3.291 -73.62365
25.2284 -12.4967 -4.7576 -73.625989
25.7177 -12.4299 -6.2242 -73.628249
26.2069 -12.363 -7.6908 -73.630429
26.8935 -12.3131 -8.9994 -73.632544
27.9931 -12.1349 -10.0456 -73.634646
29.4155 -12.0244 -10.5719 -73.636743
30.9321 -12.139 -10.7879 -73.638826
32.4337 -12.4908 -10.7732 -73.640914
33.7283 -13.0404 -10.3346 -73.64298
34.9591 -13.7394 -9.781 -73.645032
36.3049 -14.3754 -9.3611 -73.647073
37.7863 -14.4064 -8.971 -73.649124
38.9765 -14.4204 -8.3072 -73.651148
39.509 -14.5028 -6.8771 -73.653131
40.803 -14.1184 -7.3333 -73.655054
42.1172 -13.7343 -7.9502 -73.656936
43.481 -14.2451 -8.4653 -73.658765
44.8322 -14.6862 -9.0455 -73.66054
46.2199 -15.1571 -9.5418 -73.662256
47.4998 -15.7968 -10.1041 -73.663896
48.4919 -16.341 -10.9949 -73.66547
49.2648 -16.5571 -12.2212 -73.666964
50.6437 -17.0063 -12.5265 -73.668357
52.1626 -17.2199 -12.7123 -73.669652
53.5098 -17.9199 -12.5815 -73.670836
54.8261 -18.5114 -12.0649 -73.671905
56.0144 -19.3898 -11.6485 -73.672845
57.1511 -20.3793 -11.2981 -73.673653
58.5784 -20.83 -11.009 -73.674313
59.5198 -21.3446 -11.6244 -73.674831
59.9152 -21.5013 -13.1121 -73.675183
60.3293 -21.6363 -14.5919 -73.675363
5.542 -17.4481 -11.9734 -73.547471
5.2752 -19.0549 -12.8511 -73.549567
4.5319 -20.5356 -13.6308 -73.551693
4.2842 -21.2679 -12.1504 -73.553878
4.5234 -21.5541 -11.2061 -73.556054
5.0916 -22.5097 -9.9139 -73.558273
5.6355 -23.6108 -8.5295 -73.560512
6.4022 -24.9693 -7.5369 -73.562778
6.6335 -26.3097 -6.3211 -73.565062
7.1852 -27.3717 -7.4784 -73.567388
7.7638 -28.2275 -9.037 -73.569732
9.1599 -28.8455 -10.0123 -73.57208
10.2945 -29.4271 -11.2255 -73.574453
12.0307 -29.9265 -10.7637 -73.576855
13.7255 -30.5864 -10.4924 -73.579272
15.1918 -31.515 -11.0288 -73.581708
16.7178 -31.6949 -12.0524 -73.584169
18.2188 -31.9125 -13.1144 -73.58665
19.9511 -32.1969 -13.7295 -73.589153
21.5074 -33.0418 -14.1745 -73.591766
22.8543 -34.2615 -14.6414 -73.594404
24.0059 -35.5947 -15.1729 -73.596973
24.5296 -37.1036 -15.7174 -73.599563
24.7232 -37.5624 -17.5262 -73.602205
25.1008 -38.2263 -19.2142 -73.604856
26.3789 -39.4506 -19.5884 -73.607493
28.1291 -39.8596 -20.0602 -73.610146
29.3513 -39.6098 -21.3429 -73.612826
30.6809 -38.9744 -22.3478 -73.615522
31.8544 -39.4408 -23.699 -73.618241
32.7072 -40.1312 -24.5207 -73.62097
34.1875 -40.0661 -24.2388 -73.623719
35.3747 -39.954 -25.6606 -73.626482
36.0556 -40.1808 -27.3735 -73.629295
37.1117 -40.5409 -28.8636 -73.632088
37.9499 -40.8975 -30.5002 -73.634891
38.8019 -40.6861 -32.1277 -73.637707
39.8174 -40.5169 -33.6425 -73.640515
40.8901 -40.7217 -35.068 -73.64332
42.5305 -41.61 -35.2384 -73.64612
44.3755 -41.8861 -35.4176 -73.648915
45.9871 -42.2694 -36.0731 -73.651707
47.4878 -43.2765 -36.1873 -73.65454
49.3319 -43.6209 -36.2065 -73.657412
51.1887 -43.712 -36.2324 -73.660181
53.0372 -43.4731 -36.3042 -73.662922
54.8899 -43.6769 -36.497 -73.665625
56.6959 -43.5991 -36.9065 -73.668299
58.2639 -44.1277 -37.6876 -73.670932
59.5341 -44.5902 -38.7803 -73.673541
60.5988 -45.0677 -39.8571 -73.676076
61.8729 -46.2433 -40.1922 -73.678548
63.3313 -46.5896 -41.0735 -73.680963
64.0217 -46.6763 -42.7931 -73.683316
64.5704 -46.7494 -44.583 -73.68558
64.8703 -46.6711 -46.4334 -73.687827
65.1687 -46.5915 -48.2839 -73.689899
65.5964 -46.5388 -50.1097 -73.691858
65.7108 -46.4215 -51.9702 -73.693827
65.6981 -46.2783 -53.8407 -73.695635
65.6854 -46.1351 -55.7113 -73.697218
65.6727 -45.9919 -57.5819 -73.698571
65.7296 -45.7497 -59.4403 -73.699759
65.8135 -45.4694 -61.2934 -73.700722
66.0243 -45.0935 -63.1166 -73.701457
66.1717 -44.6856 -64.9394 -73.701966
66.3305 -44.1781 -66.4646 -73.702225
5.6517 -16.7814 -12.2027 -73.548754
5.689 -16.9607 -13.7308 -73.553339
5.7263 -17.14 -15.259 -73.557855
5.7636 -17.3194 -16.7872 -73.562302
5.8009 -17.4987 -18.3154 -73.56668
5.8383 -17.678 -19.8436 -73.570988
5.8756 -17.8574 -21.3717 -73.575227
5.9129 -18.0367 -22.8999 -73.579396
5.9502 -18.216 -24.4281 -73.583496
5.9875 -18.3954 -25.9563 -73.587524
6.0248 -18.5747 -27.4845 -73.591481
6.0621 -18.754 -29.0126 -73.595366
6.0994 -18.9334 -30.5408 -73.599178
6.1367 -19.1127 -32.069 -73.602917
6.1741 -19.292 -33.5972 -73.606581
6.2114 -19.4714 -35.1254 -73.610169
6.2487 -19.6507 -36.6536 -73.61368
6.286 -19.83 -38.1817 -73.617114
6.3233 -20.0094 -39.7099 -73.620468
6.3606 -20.1887 -41.2381 -73.623742
6.3979 -20.368 -42.7663 -73.626933
6.4352 -20.5474 -44.2945 -73.630042
6.4725 -20.7267 -45.8226 -73.633065
6.5099 -20.906 -47.3508 -73.636002
6.5472 -21.0854 -48.879 -73.638851
6.5845 -21.2647 -50.4072 -73.64161
6.6218 -21.444 -51.9354 -73.644278
6.6591 -21.6234 -53.4635 -73.646853
6.6964 -21.8027 -54.9917 -73.649334
6.7337 -21.982 -56.5199 -73.651717
6.771 -22.1614 -58.0481 -73.654003
6.8083 -22.3407 -59.5763 -73.656189
6.8457 -22.52 -61.1045 -73.658273
6.883 -22.6994 -62.6326 -73.660255
6.9394 -22.8766 -64.1572 -73.662131
8.1498 -22.8799 -64.1006 -73.663948
8.9886 -23.516 -62.989 -73.665736
9.9314 -24.3205 -62.1091 -73.667467
10.5435 -25.411 -61.3105 -73.669159
11.1641 -26.7642 -60.9602 -73.670789
11.7371 -28.177 -61.0516 -73.672351
12.2468 -29.4991 -61.4619 -73.673844
12.6299 -30.7915 -61.1111 -73.675266
13.0367 -32.212 -60.6823 -73.676601
13.4206 -33.6473 -60.2909 -73.677845
13.672 -35.0666 -59.8345 -73.678986
13.7802 -36.5811 -60.0484 -73.680011
13.7177 -38.0731 -60.4184 -73.680915
13.5658 -39.5761 -60.7091 -73.681692
13.3014 -41.0704 -60.6511 -73.682331
13.3571 -42.0105 -59.4467 -73.682829
13.5377 -43.0476 -58.3404 -73.683167
13.6333 -44.0606 -57.3331 -73.683341
-2.4565 -0.91 0.0523 -73.494399
-2.8293 2.667 0.2464 -73.482607
-3.0866 6.216 0.7208 -73.470574
-2.2413 9.6979 1.5153 -73.458256
-0.7404 12.7593 0.9662 -73.44576
0.227 15.8879 -1.0884 -73.432557
0.5524 20.1154 -1.9386 -73.418642
0.4575 24.418 -2.5408 -73.40445
0.4389 27.3767 -5.5178 -73.389959
-0.013 29.9656 -8.7108 -73.375206
-0.1419 14.3216 0.264 -73.439106
0.8616 14.8245 1.2959 -73.435443
2.5303 15.409 3.4469 -73.428687
5.0961 15.9466 3.8822 -73.421741
7.8356 16.5695 3.9069 -73.41456
10.5566 17.2922 4.0994 -73.407246
13.2701 17.9524 4.5537 -73.399747
15.8121 18.8134 4.7988 -73.39209
17.2134 19.7132 4.344 -73.386842
17.5574 19.3689 4.0634 -73.387094
-0.9274 14.3109 0.2417 -73.43875
-2.5488 14.1754 0.0246 -73.438683
-4.1702 14.04 -0.1925 -73.438623
-5.6969 13.9854 -0.1496 -73.438564
-6.0083 14.0245 0.9686 -73.438499
-4.7591 13.8534 0.1003 -73.438423
-4.5248 13.8442 -1.5168 -73.438312
-4.3735 13.8457 -3.1513 -73.438188
-4.2222 13.8471 -4.7858 -73.438057
-4.0708 13.8486 -6.4202 -73.437924
-3.7648 13.9278 -8.018 -73.437792
-3.1571 14.1597 -9.5252 -73.437669
-2.5409 14.9686 -10.6984 -73.437574
-0.6612 32.5013 -8.9792 -73.366033
-1.3441 34.6869 -8.6538 -73.358968
-2.5162 37.7967 -7.959 -73.34819
-4.0883 40.798 -9.2426 -73.337252
-6.1771 43.4321 -10.5669 -73.326164
-7.4526 45.9637 -12.4793 -73.314907
-8.199 48.9959 -14.3148 -73.303365
-8.488 52.2581 -16.0262 -73.29154
-8.9751 55.6713 -17.3793 -73.279555
-8.9724 59.3456 -17.9864 -73.267418
-8.8355 62.9598 -18.9326 -73.255119
-8.1651 65.7964 -21.101 -73.24265
-8.071 69.4931 -21.2598 -73.230027
-8.0725 72.7987 -19.5494 -73.217918
-8.8931 75.9303 -20.6534 -73.207697
-9.8467 77.8663 -22.8286 -73.198702
-10.916 79.9845 -24.8489 -73.189627
-11.8107 82.572 -26.461 -73.17979
-13.9622 85.1541 -28.0376 -73.169191
-15.428 87.4195 -30.0798 -73.15845
-16.2874 89.1284 -32.8169 -73.149072
-17.1302 91.8068 -33.4334 -73.1411
-16.6579 94.7355 -33.3269 -73.133063
-16.2793 97.4317 -32.2507 -73.124967
-16.0966 100.3779 -31.8618 -73.116806
-15.6048 103.2146 -31.8672 -73.104854
-15.0646 104.6984 -30.0846 -73.089023
-14.4099 106.6313 -31.3901 -73.073101
-13.9013 109.3975 -31.7321 -73.057057
-13.1382 112.1018 -31.8855 -73.040893
-12.0288 114.6912 -32.2205 -73.024588
-9.9615 116.491 -32.7147 -73.008162
-8.3964 118.5551 -33.6954 -72.991601
-7.0441 120.3709 -35.2413 -72.974891
-16.3107 103.1222 -31.2609 -73.108086
-17.0106 105.6108 -30.0258 -73.098999
-17.7104 108.0993 -28.7907 -73.090069
-18.4103 110.5878 -27.5556 -73.081298
-19.1321 113.0846 -26.3544 -73.072682
-20.0839 115.6275 -25.7828 -73.064112
-21.6544 117.8269 -26.4818 -73.05552
-22.4041 120.0541 -28.0006 -73.046894
-23.8204 121.9956 -29.2918 -73.03825
-16.2837 88.4956 -30.6847 -73.148757
-16.9057 88.45 -28.8674 -73.140308
-17.5277 88.4044 -27.0501 -73.13201
-18.1496 88.3588 -25.2328 -73.123864
-18.7716 88.3131 -23.4155 -73.115873
-19.3936 88.2675 -21.5982 -73.108037
-20.0155 88.2219 -19.7808 -73.100357
-20.6375 88.1763 -17.9635 -73.092833
-21.2595 88.1307 -16.1462 -73.085468
-21.8814 88.0851 -14.3289 -73.078261
-22.5034 88.0394 -12.5116 -73.071213
-23.1253 87.9938 -10.6943 -73.064325
-23.7473 87.9482 -8.8769 -73.057597
-24.3693 87.9026 -7.0596 -73.051029
-24.9912 87.857 -5.2423 -73.044622
-25.6132 87.8114 -3.425 -73.038375
-26.2352 87.7657 -1.6077 -73.03229
-26.8571 87.7201 0.2096 -73.026366
-27.4791 87.6745 2.0269 -73.020603
-28.1011 87.6289 3.8443 -73.015001
-28.723 87.5833 5.6616 -73.009559
-10.6474 82.0467 -25.97 -73.182931
-9.8973 83.5702 -26.7997 -73.17875
-8.9166 84.4636 -28.1497 -73.174571
-7.9416 85.635 -29.2349 -73.170392
-6.7633 86.7616 -30.2244 -73.166228
-5.9934 87.8877 -31.5 -73.16207
-4.805 89.0805 -31.9871 -73.157923
-4.0074 90.0975 -33.2964 -73.153759
-3.642 91.5318 -34.1524 -73.149629
-3.5504 92.2381 -35.0395 -73.145508
-2.6112 93.3175 -34.37 -73.141393
-1.4138 94.7914 -34.5426 -73.137315
-0.1697 96.0984 -35.117 -73.133257
0.8889 97.112 -35.3375 -73.12922
1.8787 97.6218 -33.8386 -73.125203
3.297 98.6527 -34.2066 -73.12124
4.478 100.1526 -34.2331 -73.117325
5.7259 101.6013 -34.2783 -73.113444
6.9236 103.076 -34.3329 -73.109618
8.2378 104.4594 -34.2789 -73.105841
9.708 105.6324 -34.1824 -73.10213
11.0242 106.9149 -34.1788 -73.09847
12.03 108.5293 -34.2938 -73.094877
12.8387 110.237 -34.4028 -73.091355
13.6986 111.9172 -34.2947 -73.087908
14.9808 113.3035 -34.0183 -73.084545
16.3534 114.5382 -33.5266 -73.081267
-8.0122 74.6652 -19.0128 -73.210035
-7.3733 74.7434 -17.1393 -73.205892
-6.2129 74.8717 -15.5661 -73.201797
-4.6588 75.1485 -14.4836 -73.19772
-2.9313 75.2005 -13.5318 -73.193649
-1.1908 75.5548 -14.025 -73.189582
0.2492 75.4182 -15.2751 -73.185516
1.6994 75.2949 -16.4498 -73.181472
3.456 75.8724 -16.5978 -73.177435
4.909 77.061 -16.0201 -73.173414
6.3489 78.0205 -15.2054 -73.169414
7.6777 78.1558 -16.557 -73.165409
9.1932 78.8939 -17.1669 -73.161438
10.3243 80.3116 -17.9293 -73.157495
11.8031 81.2429 -18.8099 -73.153585
13.3202 82.0201 -19.7154 -73.149704
14.672 82.8734 -20.8357 -73.145863
15.8195 84.0369 -21.4716 -73.142069
17.3968 85.0052 -21.5241 -73.138316
19.1523 85.9091 -21.6233 -73.134613
20.835 86.8367 -21.5731 -73.130964
22.3782 87.6805 -22.4819 -73.12736
23.6336 88.6822 -23.6145 -73.123826
25.3121 89.236 -24.4178 -73.120358
26.9271 90.1776 -25.069 -73.116891
28.5711 91.1435 -25.6063 -73.113461
30.1849 92.1759 -26.0934 -73.110205
31.906 93.0582 -26.3886 -73.107053
33.349 94.3802 -26.2354 -73.103995
34.682 95.7638 -25.7885 -73.101037
36.0698 96.9946 -25.1164 -73.098183
-9.1332 71.1226 -19.9391 -73.218627
-11.2049 71.3971 -19.3463 -73.208671
-12.2503 72.1505 -17.4371 -73.19856
-13.2771 72.9723 -16.3017 -73.188314
-15.0629 74.4381 -16.0237 -73.177949
-17.1889 75.3374 -15.9102 -73.167423
-18.7708 76.7954 -16.5998 -73.156745
-20.2396 77.7578 -18.0502 -73.145893
-21.4318 79.2493 -19.3169 -73.134907
-22.4493 80.8848 -20.0685 -73.126668
-23.644 82.5321 -19.9209 -73.121312
-25.2693 83.8199 -19.7197 -73.115959
-26.4282 85.5474 -19.5741 -73.110599
-27.4271 87.2915 -19.7394 -73.105224
-28.2555 88.0894 -18.5764 -73.099793
-28.4362 88.7812 -16.6121 -73.094334
-28.7184 89.4709 -14.6555 -73.088927
-28.5952 90.5234 -12.9306 -73.08354
-28.0087 92.2281 -11.8717 -73.078161
-28.1824 93.3344 -10.523 -73.072772
-28.881 94.9101 -9.3484 -73.067389
-29.1637 96.6406 -8.2343 -73.062022
-29.7507 98.589 -7.8416 -73.056666
-31.2546 100.014 -7.7767 -73.051321
-32.9856 101.1833 -7.8435 -73.046006
-34.438 102.6859 -7.93 -73.040698
-35.8645 104.1959 -8.077 -73.035414
-37.7492 105.0636 -8.2888 -73.030163
-39.7252 105.5106 -8.4883 -73.024925
-41.4274 106.5542 -8.4275 -73.019705
-22.5697 79.9845 -21.0657 -73.12618
-23.5049 79.5868 -23.0086 -73.120504
-24.7357 79.2357 -23.1851 -73.115411
-26.0186 79.7983 -22.2548 -73.110329
-27.6912 80.6895 -21.9109 -73.10525
-29.3246 81.7314 -21.4655 -73.10018
-31.1306 82.4861 -21.4143 -73.095117
-32.9071 83.2024 -21.5235 -73.090045
-34.8537 83.2248 -21.3716 -73.084981
-36.6622 83.819 -20.8419 -73.079919
-38.0322 83.5029 -19.5874 -73.074852
-39.4902 83.5562 -18.2934 -73.069802
-40.9141 84.0358 -17.0459 -73.064763
-42.4783 85.0996 -16.5078 -73.059751
-44.0118 86.2891 -16.2793 -73.054757
-45.0805 86.8165 -17.3328 -73.04968
-45.3985 87.0849 -19.2874 -73.04466
-46.0085 87.5938 -21.1008 -73.039654
-46.5256 87.8633 -23.0125 -73.034673
-47.0124 88.1443 -24.9307 -73.029719
-48.0466 88.8001 -25.8124 -73.024861
-49.3531 89.8139 -24.8517 -73.020037
-23.4169 79.5945 -22.041 -73.123068
-7.4755 47.1812 -14.128 -73.308427
-6.6397 46.9581 -15.442 -73.306917
-6.0885 47.0624 -16.854 -73.305477
-5.6785 47.4504 -18.3124 -73.304073
-5.0375 48.1975 -19.4234 -73.302721
-4.9376 48.8586 -20.8471 -73.301414
-4.8994 49.5688 -22.2208 -73.30016
-4.8067 50.8524 -23.1201 -73.298973
-4.348 52.1399 -23.896 -73.297794
-3.8636 53.4258 -24.6617 -73.296727
-3.2759 54.7308 -25.2965 -73.295766
-2.6137 56.0992 -25.6637 -73.294897
-1.9972 57.5231 -25.7699 -73.294113
-0.7472 58.4335 -25.8246 -73.293425
0.1834 59.5702 -25.9895 -73.292836
1.0556 60.8294 -26.3063 -73.292355
1.4265 62.1744 -26.9168 -73.291987
1.2466 63.3678 -27.9187 -73.291736
0.8615 64.5278 -28.8693 -73.291607
-1.2039 34.2315 -8.7378 -73.359706
-2.1645 36.692 -8.3921 -73.350481
-3.11 39.1845 -8.3928 -73.341074
-3.9026 40.3411 -6.7187 -73.331475
-4.4638 40.8393 -4.1593 -73.321659
-5.2514 41.2336 -1.6507 -73.311677
-6.4986 41.3875 0.6577 -73.301544
-6.9016 41.3668 3.1344 -73.291171
-8.3244 41.1475 5.0228 -73.280725
-9.0777 42.2825 6.6587 -73.271407
-10.4818 44.1286 6.7312 -73.263285
-12.0542 45.877 6.472 -73.255069
-13.7926 47.4551 6.7415 -73.246752
-14.3287 48.7274 8.6097 -73.238302
-14.2892 50.0448 10.5825 -73.229773
-14.3831 52.2013 11.5125 -73.221161
-15.4653 54.1641 11.5993 -73.212457
-15.9872 56.1264 10.7348 -73.203645
-15.9935 58.493 10.4465 -73.194744
-16.6674 59.2873 8.5547 -73.185689
-17.4698 59.7595 6.3608 -73.176547
-17.8092 61.9411 6.2291 -73.167345
-19.8136 62.8997 6.5069 -73.158013
-21.3274 63.1601 7.9551 -73.148535
-22.8218 64.0013 9.1439 -73.140666
-24.7396 64.6596 9.7419 -73.134481
-25.9313 65.6939 8.2209 -73.128279
-27.3521 67.091 7.1443 -73.122052
-27.8515 68.7801 5.7356 -73.115805
-28.9706 70.1238 4.2552 -73.109554
-29.8302 71.1977 2.3661 -73.103274
-30.5772 72.9481 2.3143 -73.096974
-31.2511 73.9836 4.3225 -73.090665
-31.8836 74.7971 6.3519 -73.084333
-33.4979 76.3178 6.0157 -73.078024
-35.3494 77.7054 5.6794 -73.071712
-36.2359 77.7987 3.4859 -73.065353
-36.823 78.2142 1.2302 -73.058986
-37.2962 78.8752 -1.0041 -73.052622
-38.0777 79.5243 -3.1351 -73.046294
-38.5828 79.8578 -5.4262 -73.039925
-40.1286 80.7679 -6.86 -73.033611
-41.8887 81.3717 -5.9333 -73.027292
-43.201 81.2826 -4.0378 -73.020958
-44.3102 81.7185 -2.0187 -73.014656
-23.2557 64.0561 8.131 -73.141427
-24.9649 64.9635 8.1844 -73.136758
-26.0616 65.9005 8.9001 -73.132
-26.305 66.1448 10.8713 -73.127213
-26.4364 66.2766 12.8582 -73.122518
-26.7662 66.3845 14.8041 -73.117842
-28.2543 66.3369 15.7942 -73.113196
-29.7596 66.2207 16.7645 -73.10854
-29.8152 66.2528 18.7633 -73.103896
-30.2709 66.9957 19.6957 -73.099273
-31.7156 67.9135 20.4594 -73.094639
-32.1409 69.5247 21.5115 -73.090028
-33.0427 71.1208 22.2483 -73.085452
-33.7682 72.7602 23.0868 -73.080902
-34.714 74.4169 23.6586 -73.076392
-35.5114 76.0162 24.4887 -73.071915
-35.8784 77.7991 25.2812 -73.067467
-36.6919 79.4931 25.9091 -73.06306
-37.5921 81.2366 26.1638 -73.058709
-37.9648 82.9348 26.6532 -73.054381
-38.1232 84.1537 28.0096 -73.050125
-37.4894 85.6297 29.04 -73.045927
-37.0034 87.4849 29.1485 -73.041793
-36.7841 89.4485 29.2879 -73.037593
-36.3959 91.4052 29.448 -73.033477
-9.6387 41.5186 6.3846 -73.273849
-11.2133 41.8239 6.3128 -73.270712
-12.0979 42.4791 4.8865 -73.267546
-13.2557 43.35 3.9751 -73.264398
-14.2423 43.577 2.4577 -73.261246
-15.3556 43.71 1.0276 -73.258107
-15.9894 44.5732 -0.4476 -73.25497
-16.6871 45.12 -2.0478 -73.251849
-17.7188 45.8368 -3.2857 -73.248729
-18.5783 46.8498 -4.5254 -73.245628
-19.9074 47.2662 -5.6939 -73.242547
-21.5852 47.5437 -6.3542 -73.239494
-22.9761 48.6597 -6.3259 -73.236476
-24.3563 49.8697 -6.2079 -73.233483
-25.8552 50.8966 -6.0169 -73.230533
-27.0962 51.9486 -5.4199 -73.227607
-27.9482 52.3876 -3.9646 -73.22471
-29.654 52.5789 -3.9322 -73.221873
-30.6445 52.9077 -5.3714 -73.219076
-32.0441 53.5066 -6.2656 -73.216337
-33.4656 54.634 -6.5349 -73.21366
-34.9544 55.5474 -7.0531 -73.211051
-36.2819 56.6634 -7.6004 -73.208512
-37.6486 57.8611 -7.7756 -73.206042
-38.5034 59.4777 -7.6459 -73.203652
-39.3718 61.0534 -7.2838 -73.20136
-40.2991 62.551 -6.7638 -73.199161
-41.2384 64.045 -6.261 -73.197057
-41.8614 65.6914 -5.7694 -73.195064
-42.4591 67.2851 -5.1652 -73.193181
-43.3383 68.5969 -4.4191 -73.191418
-44.4522 70.0317 -4.1392 -73.189787
-45.5063 71.5345 -4.0501 -73.188285
-46.5569 73.035 -4.1531 -73.186924
-47.8716 74.2263 -4.5515 -73.185711
-48.8625 75.1738 -5.5759 -73.184653
-49.2408 75.7623 -7.2733 -73.183747
-49.4584 77.0985 -8.4631 -73.183016
-49.9501 78.752 -8.946 -73.182457
-51.026 79.8745 -9.2484 -73.182079
-51.28 79.9424 -10.8927 -73.181883
17.7044 20.951 4.9703 -73.384114
18.2015 22.2043 5.6044 -73.381375
18.6985 23.4577 6.2386 -73.378662
19.0912 25.152 6.8819 -73.375257
19.429 27.2733 6.757 -73.371109
20.0937 28.9393 5.4586 -73.366913
20.5192 30.5261 4.0181 -73.362669
21.7848 31.8769 2.8501 -73.358372
22.0977 33.1829 1.0434 -73.354026
23.2662 34.71 0.0406 -73.349656
23.7528 35.2305 -1.9989 -73.345228
24.4415 36.3316 -0.4475 -73.340752
25.2156 37.3871 1.3732 -73.336248
25.5431 38.1412 3.4507 -73.3317
26.3109 39.4951 5.0553 -73.327142
27.3125 40.7429 3.9319 -73.322552
27.6125 41.5008 5.9749 -73.317902
27.8649 42.4672 7.8245 -73.313236
28.5761 44.0126 9.106 -73.308561
29.3017 45.8785 9.8466 -73.303872
29.8444 47.4239 10.9837 -73.299132
29.8427 48.4745 12.9418 -73.294387
30.4043 50.5089 13.6559 -73.289635
32.2661 51.6774 14.0416 -73.284863
33.7432 53.3643 13.9508 -73.280081
35.3704 54.8773 13.6311 -73.275281
36.404 56.7929 13.1328 -73.270468
37.9566 57.9008 12.228 -73.265658
39.1636 59.6692 11.6914 -73.260835
40.7811 61.2139 11.412 -73.256002
42.5407 62.5144 11.7504 -73.251178
43.9242 63.8221 12.81 -73.246343
45.3908 65.165 13.6376 -73.241512
45.9271 67.2097 14.1714 -73.236704
46.6355 69.1359 14.3788 -73.231903
48.3635 70.1089 14.8857 -73.227108
49.6569 71.9103 15.1633 -73.222238
50.9513 73.7475 15.4455 -73.217383
52.8054 74.9337 15.6383 -73.212643
54.7263 75.5702 15.6827 -73.207931
56.0864 76.9982 15.657 -73.203245
57.1449 78.0802 14.4904 -73.19857
58.894 79.349 14.0314 -73.193944
60.9129 80.2627 14.3307 -73.189358
62.6887 81.5896 14.007 -73.184808
64.1912 82.1373 14.8133 -73.180278
65.3934 82.3955 16.5144 -73.175805
66.9021 83.2776 17.6975 -73.171402
67.4164 84.9808 18.6495 -73.167059
68.0681 86.9646 19.2519 -73.162799
18.9087 24.0362 7.1126 -73.377294
19.1476 18.9083 3.9431 -73.384554
20.9905 18.3979 3.8423 -73.381635
22.9152 18.2333 3.6481 -73.378673
24.7758 17.8958 3.3306 -73.375678
26.5871 18.0132 3.1308 -73.372645
28.3023 18.6484 3.6845 -73.369576
29.9424 18.8206 4.6508 -73.366481
31.2866 18.6601 5.9911 -73.363346
32.7096 18.1098 7.1234 -73.360188
34.1103 16.8391 7.543 -73.357009
35.4164 15.4177 7.7072 -73.353804
36.5618 14.0174 7.4707 -73.35058
38.0589 13.6462 6.35 -73.34734
39.8047 13.3092 5.8907 -73.344086
41.5119 12.7068 5.2455 -73.340817
42.8693 12.0614 4.0202 -73.337527
44.4573 11.3345 3.2295 -73.334231
45.9294 10.8303 2.4767 -73.33092
47.1014 10.1377 3.6205 -73.327611
48.3849 9.3089 4.6779 -73.324304
49.394 9.6773 6.2389 -73.320977
50.6478 10.0528 7.6185 -73.317657
51.9327 9.8336 9.0023 -73.314351
53.4883 10.1208 10.104 -73.311057
55.2334 9.8227 9.9071 -73.307777
57.0597 9.924 9.3135 -73.30432
58.8743 9.6526 8.6558 -73.300799
60.689 9.3812 7.9981 -73.297417
62.4959 9.1815 7.3186 -73.294165
64.0964 9.6659 6.3822 -73.290977
65.6128 10.0298 5.5676 -73.287816
66.3879 8.7348 6.61 -73.28468
67.0408 7.9267 8.2378 -73.281589
67.6184 7.3624 10.0083 -73.278524
68.2214 6.7991 11.7671 -73.275503
68.8557 6.3245 13.5452 -73.272547
69.5936 6.0215 15.3177 -73.26963
70.6128 5.6939 16.9232 -73.266789
71.846 5.1297 18.3139 -73.264033
73.446 5.6128 19.1551 -73.261338
75.1394 5.1362 19.9892 -73.258678
76.7792 5.1163 20.887 -73.256145
78.3203 5.541 21.9782 -73.253695
79.5543 6.0354 23.1887 -73.25134
80.477 6.477 24.7608 -73.249095
82.1371 6.4027 25.3832 -73.246954
83.992 6.8997 25.7174 -73.244925
85.8702 6.8251 26.0726 -73.243014
87.7509 6.7088 26.4848 -73.24123
89.6348 6.7028 26.6547 -73.239581
91.0074 6.4378 25.4152 -73.238075
92.1971 6.0461 24.0228 -73.236709
93.1627 5.5053 22.7795 -73.235466
93.4181 5.3578 20.8527 -73.234387
93.6827 5.205 18.9277 -73.233482
93.9559 5.0473 17.0042 -73.232753
94.7999 4.5071 17.8661 -73.232214
-1.9865 16.2264 -10.9822 -73.437531
-1.6114 17.3396 -11.0385 -73.437494
-1.1973 18.2526 -10.4886 -73.437462
-0.4899 18.8695 -10.968 -73.437437
0.4947 18.656 -11.4238 -73.437425
-5.9486 122.6202 -36.4545 -72.958028
-4.8563 124.4889 -38.1946 -72.941012
-3.4433 126.1431 -39.8024 -72.923872
-2.2407 128.597 -40.3971 -72.906605
-1.5188 131.295 -40.1613 -72.88919
-1.6696 134.0734 -40.2753 -72.871635
-2.517 136.7345 -40.7076 -72.85393
-3.2762 139.4376 -41.1589 -72.836074
-4.1563 142.1305 -41.3938 -72.81808
-4.9956 144.8475 -41.5126 -72.799931
-4.2109 147.46 -41.641 -72.781656
-3.9407 150.1251 -41.6099 -72.763213
-3.8535 152.9656 -41.6389 -72.74464
-3.8797 155.8081 -41.7765 -72.725897
-3.362 158.4701 -41.8809 -72.706992
-3.9026 161.1882 -41.8597 -72.687933
-4.6546 163.8938 -41.7416 -72.66872
-4.458 166.7321 -41.7051 -72.64935
-4.7248 169.4267 -41.9823 -72.629821
-5.9516 171.9513 -42.4086 -72.610121
-6.8697 174.6164 -42.5236 -72.590266
-7.1469 177.3942 -42.5991 -72.570239
-8.5483 179.5426 -43.6297 -72.550039
-9.0965 181.9163 -44.9846 -72.529625
-9.3572 184.5276 -45.8738 -72.509073
-10.3037 185.8819 -45.5629 -72.493279
-12.6165 185.7411 -44.527 -72.482495
-14.6492 185.7303 -43.1953 -72.471849
-16.2496 187.2653 -42.1906 -72.461219
-17.9145 189.1431 -41.8854 -72.450569
-19.4479 191.0685 -41.5909 -72.439898
-21.0169 192.9475 -41.0017 -72.429195
-22.4125 194.4386 -40.3024 -72.41846
-23.7068 195.9472 -39.0039 -72.407686
-25.0392 197.7028 -39.8911 -72.396881
-25.8175 200.0563 -40.2799 -72.38605
-26.6369 201.4551 -41.5533 -72.375158
-27.5289 202.2594 -40.2727 -72.36423
-29.472 203.3638 -40.3713 -72.353291
-31.4096 204.4733 -39.3932 -72.34231
-31.9894 205.4816 -37.1556 -72.33124
-32.896 206.6385 -35.2063 -72.320158
-33.7738 206.9925 -32.8727 -72.309005
-35.326 208.2821 -31.3862 -72.297848
-36.5537 210.18 -30.3332 -72.286641
-37.6503 212.1937 -29.5135 -72.275387
-38.7499 214.0475 -28.2022 -72.264062
-38.8366 216.2339 -27.1303 -72.252672
-39.8429 217.9451 -25.6872 -72.241207
-40.3547 220.3663 -25.6679 -72.229664
-9.0607 186.6005 -47.0068 -72.493641
-8.6412 188.5188 -48.1723 -72.483464
-7.9227 189.8909 -49.7878 -72.473244
-7.3389 191.2666 -51.5099 -72.462993
-6.8689 192.8579 -53.067 -72.452724
-6.5717 194.5306 -54.6272 -72.442418
-6.699 195.7688 -56.5782 -72.432061
-6.6007 197.3796 -57.9455 -72.421688
-5.361 198.4457 -59.4593 -72.41127
-4.0706 199.0919 -61.2062 -72.400808
-2.56 200.3359 -61.9713 -72.390343
-1.1767 202.1203 -62.473 -72.379838
0.1257 203.765 -63.1817 -72.369305
0.5779 205.9809 -62.9411 -72.358723
1.7705 207.8999 -62.7909 -72.348098
1.7806 210.0234 -63.3852 -72.337425
1.251 212.0868 -62.5412 -72.326697
0.3882 214.2228 -62.3899 -72.315937
-0.4598 216.2968 -62.9067 -72.30513
-1.2479 218.4121 -63.4146 -72.294265
-2.0973 220.5416 -63.7457 -72.283346
-3.4118 222.4275 -63.923 -72.272373
-5.2388 223.8332 -64.0726 -72.261338
-7.0057 225.2983 -64.337 -72.250235
-8.1122 227.0393 -64.9339 -72.239034
-8.3675 229.0243 -65.402 -72.230337
-8.7031 230.7886 -65.6689 -72.224185
-9.2813 232.5101 -65.8231 -72.218005
-9.2237 228.2929 -64.8468 -72.23096
-10.9382 228.5001 -64.259 -72.226133
-12.6565 228.7042 -63.682 -72.221383
-25.5183 124.0162 -29.3962 -73.030221
-26.4756 125.8583 -28.1987 -73.022799
-27.6755 127.8327 -27.6028 -73.015365
-27.9279 128.8492 -29.077 -73.007901
-28.5728 129.8586 -27.39 -73.00039
-29.4951 131.5172 -26.0388 -72.992909
-30.3172 133.5583 -25.0126 -72.98541
-30.9903 134.755 -23.0132 -72.977898
-31.8576 136.0757 -21.167 -72.970377
-32.9249 137.8539 -19.8699 -72.962849
-34.7749 138.8966 -19.3111 -72.955305
-36.3176 139.9122 -18.0849 -72.947762
-37.4604 141.3871 -16.8864 -72.940213
-38.6623 143.1941 -16.0632 -72.932645
-40.1691 144.5551 -14.9429 -72.925058
-41.2877 146.3296 -14.9203 -72.917457
-42.5778 148.1549 -14.027 -72.909853
-43.9866 149.9737 -13.1872 -72.902254
-45.0144 151.7833 -12.0503 -72.894642
-45.5532 153.8159 -10.8393 -72.887019
-46.3861 156.0367 -10.2537 -72.879389
-46.9837 158.3901 -9.9517 -72.871764
-47.8117 160.6751 -9.7756 -72.864124
-49.0447 162.6915 -9.706 -72.856485
-50.015 164.9082 -9.8518 -72.84884
-51.5234 166.8379 -9.9384 -72.841188
-52.9161 168.8061 -9.9279 -72.833533
-54.0733 170.9215 -9.7859 -72.825869
-55.7453 172.652 -9.5467 -72.818201
-57.6094 174.1497 -9.6472 -72.810526
-59.246 175.273 -8.9172 -72.802839
-60.6519 176.3429 -7.7572 -72.795148
-61.8971 178.3631 -7.4187 -72.787451
-62.7492 180.6081 -7.5045 -72.779738
-63.9736 182.7158 -7.7021 -72.772026
-65.2308 184.8141 -7.6187 -72.764311
-66.7492 186.7003 -7.6491 -72.756594
-68.417 188.4651 -7.7574 -72.748865
-69.4591 190.6092 -7.7695 -72.741137
-69.6776 192.1396 -9.5531 -72.733371
-70.6232 193.0213 -8.854 -72.725504
-70.9662 193.1386 -6.4297 -72.717639
-71.4596 193.5338 -4.0639 -72.709774
-72.1758 195.2071 -3.9513 -72.701967
-73.6159 196.7389 -5.1111 -72.694155
-74.8609 198.522 -6.148 -72.68633
-75.7426 199.5734 -7.6936 -72.67848
-75.3694 199.5725 -10.1146 -72.670485
-74.4019 199.6256 -11.6143 -72.662581
-73.8016 200.0979 -9.3728 -72.654631
-74.5843 201.3776 -7.8285 -72.646682
-75.66 202.8847 -6.3385 -72.638709
-76.7569 204.7933 -5.2692 -72.630713
-77.7876 206.5222 -4.0466 -72.62267
-78.7815 208.5213 -3.0989 -72.614596
-29.3228 87.5393 7.4141 -73.004467
-29.9005 87.4969 9.1019 -72.999702
-30.4781 87.4545 10.7898 -72.995075
-31.0558 87.4122 12.4776 -72.990586
-32.2782 87.1841 13.3671 -72.986211
-33.8866 86.6278 13.8875 -72.981861
-35.2533 87.1539 14.4242 -72.977543
-35.8481 87.8038 15.3321 -72.973265
-36.8463 86.9864 16.4788 -72.969019
-38.3951 86.3544 16.7879 -72.96482
-40.0436 86.842 16.4412 -72.96067
-41.676 86.6973 15.7688 -72.956561
-43.0795 86.67 14.6822 -72.952505
-44.7397 86.6061 14.8133 -72.948503
-46.2784 86.3685 14.6265 -72.944557
-47.931 85.969 14.7511 -72.940673
-49.3382 85.0184 15.2541 -72.936849
-51.0157 84.5548 15.4912 -72.933087
-52.76 84.3802 15.7377 -72.929404
-54.4766 84.1118 16.1326 -72.925796
-56.1575 83.722 16.5614 -72.922258
-57.6854 83.1665 17.2616 -72.918795
-59.449 83.0129 17.2864 -72.915423
-61.2047 83.1213 17.0316 -72.912143
-62.4985 83.4162 16.057 -72.908948
-64.2493 83.561 15.9695 -72.905848
-65.9938 83.4285 15.6473 -72.902844
-67.7202 83.5173 15.2308 -72.899943
-69.055 83.036 14.2322 -72.897147
-69.8653 82.2066 12.9383 -72.894459
-71.0115 81.258 11.9738 -72.891889
-72.4278 80.4398 11.5445 -72.889432
-73.698 79.222 11.6667 -72.887103
-74.8344 77.8746 11.8888 -72.884907
-76.1909 76.8138 12.1994 -72.882832
-77.7152 76.0674 12.6693 -72.880891
-79.2241 75.3783 13.2714 -72.879092
-80.5771 74.3384 13.7242 -72.877434
-81.948 73.2954 14.1285 -72.875923
-83.3128 72.1963 14.4348 -72.874566
-84.2563 70.7511 14.49 -72.873362
-85.9688 70.3467 14.3507 -72.872317
-87.6869 70.083 14.43 -72.871438
-89.1236 69.3762 14.9056 -72.870725
-90.0942 69.1674 16.3612 -72.870183
-91.4773 68.4273 17.0893 -72.869819
-93.1744 68.4543 17.5737 -72.869635
17.4714 115.5383 -32.7054 -73.078351
18.7181 116.515 -32.6736 -73.075763
19.4474 117.9165 -32.6863 -73.073251
20.2746 119.2604 -32.6312 -73.070807
21.0837 120.5882 -32.4636 -73.068441
21.7758 121.9988 -32.2416 -73.066154
22.3094 123.4582 -32.1155 -73.063946
23.1409 124.8071 -32.0128 -73.061827
23.9385 126.1782 -31.9172 -73.059791
25.0849 127.2066 -31.902 -73.057851
25.7601 127.3047 -33.2559 -73.055988
26.628 127.211 -34.5602 -73.054219
27.4583 127.1967 -35.7592 -73.052562
28.395 127.5305 -34.6253 -73.051012
29.5644 128.205 -33.8463 -73.049577
30.5696 128.6374 -32.8152 -73.048247
32.0051 129.043 -32.2921 -73.047037
33.4128 129.4399 -31.6761 -73.045949
34.7649 130.0848 -31.1622 -73.044987
36.07 130.7044 -30.5266 -73.044153
37.2954 130.2845 -29.7509 -73.043448
38.6668 129.8544 -29.4393 -73.042877
40.0959 129.824 -28.9371 -73.042445
41.6596 129.7812 -29.1527 -73.042152
43.163 129.7557 -29.5887 -73.042005
37.3605 97.6671 -24.1386 -73.095706
38.5247 98.3419 -23.3011 -73.093574
39.4075 98.7958 -22.0704 -73.091514
39.7833 99.3954 -20.6642 -73.089531
39.86 99.407 -19.0804 -73.087608
40.1939 99.8932 -18.7303 -73.085796
40.4963 100.318 -20.2174 -73.08406
41.4643 101.4944 -20.1061 -73.08243
42.3976 102.7119 -19.7798 -73.080899
43.1049 104.0833 -19.5568 -73.079464
44.0865 105.3182 -19.6544 -73.078137
44.7899 106.7249 -19.7113 -73.076915
45.9094 107.8469 -19.694 -73.075804
47.0015 108.9935 -19.6267 -73.074805
47.4874 110.1272 -19.5101 -73.073898
47.4694 110.2183 -21.0953 -73.073027
47.4514 110.3094 -22.6805 -73.072304
47.4334 110.4005 -24.2657 -73.071728
47.4153 110.4915 -25.8509 -73.071297
47.3973 110.5826 -27.4361 -73.071011
47.3793 110.6737 -29.0213 -73.070868
-43.1464 107.2097 -8.6051 -73.014912
-44.2349 108.3552 -9.2701 -73.010534
-45.5183 109.1815 -10.1573 -73.00618
-46.5455 110.332 -10.9218 -73.001851
-47.6198 111.4497 -11.7523 -72.997553
-48.7733 112.6103 -11.9929 -72.993283
-49.0763 114.3515 -11.8794 -72.989041
-49.3422 116.0762 -11.586 -72.984841
-49.7822 117.0822 -10.2937 -72.980667
-50.4256 118.2912 -9.1739 -72.976533
-50.9978 119.2379 -7.7863 -72.972436
-51.2625 120.0244 -6.2601 -72.968371
-51.6654 121.1492 -4.9912 -72.964367
-51.9476 122.7357 -4.2703 -72.960412
-52.5998 124.2212 -3.6393 -72.95651
-53.274 125.7541 -3.0637 -72.952672
-53.9887 127.1954 -2.3704 -72.948894
-53.963 128.1021 -0.9245 -72.945138
-54.6255 128.6873 -0.6995 -72.941435
-55.0557 128.8462 -2.4173 -72.937787
-55.7093 129.6088 -3.8029 -72.934247
-56.3904 130.5701 -3.4395 -72.930778
-57.2397 131.7558 -2.5815 -72.92738
-57.7383 132.4193 -1.0375 -72.924028
-58.1997 132.8604 0.5026 -72.920772
-59.135 134.2149 0.2827 -72.917612
-59.5411 135.9385 0.3726 -72.914547
-60.3211 137.5272 0.4547 -72.911575
-61.5615 138.7924 0.4272 -72.908703
-62.8427 140.0202 0.4049 -72.905924
-63.9756 141.337 0.4784 -72.90325
-65.5415 142.0698 0.6041 -72.900682
-66.8201 143.3029 0.6105 -72.898223
-67.9523 144.6731 0.6097 -72.895815
-69.0106 146.0943 0.6091 -72.893574
-69.7753 147.6531 0.6561 -72.89147
-69.9859 148.4831 2.1055 -72.889475
-70.4429 149.3779 3.3991 -72.887619
-71.6135 150.4383 2.691 -72.885899
-72.4835 151.5429 1.7355 -72.884318
-72.9227 152.8592 2.7049 -72.882875
-72.5877 154.4469 3.3601 -72.881578
-73.0119 156.1489 3.5593 -72.88043
-73.1545 157.8864 3.5882 -72.879435
-74.1953 159.319 3.6169 -72.878598
-74.932 160.9303 3.7174 -72.877921
-75.2192 162.6661 3.8423 -72.877409
-75.4158 163.3004 5.1393 -72.877058
-75.4017 163.5667 6.8972 -72.87688
-50.1374 90.531 -23.3634 -73.015524
-51.2673 90.8857 -22.5511 -73.011355
-52.7159 91.6607 -23.1098 -73.007229
-54.0702 92.6015 -23.357 -73.003135
-55.4386 93.0469 -22.4458 -72.999079
-56.998 93.6059 -21.9041 -72.99506
-58.5673 94.2413 -21.5078 -72.991087
-59.4515 94.8578 -20.2839 -72.987129
-60.3751 95.9904 -19.3491 -72.983251
-61.639 96.317 -18.2753 -72.979418
-62.5765 96.8459 -17.7339 -72.975637
-63.9654 97.6322 -17.7098 -72.971905
-65.6166 98.1559 -17.9424 -72.968233
-67.3141 98.5251 -18.0363 -72.964619
-68.9906 98.999 -17.9141 -72.96108
-70.4527 99.8368 -17.5623 -72.957603
-71.8636 100.5751 -16.8437 -72.954201
-73.2945 101.1084 -16.0241 -72.950876
-74.8032 101.5319 -15.3155 -72.947629
-76.2937 102.0431 -14.7677 -72.944463
-76.9439 103.3194 -13.9021 -72.94138
-77.7853 104.5384 -13.0235 -72.938387
-79.1174 105.4827 -13.5256 -72.935494
-80.5678 106.3785 -13.889 -72.932697
-81.9123 107.4474 -14.0602 -72.930012
-82.892 108.884 -14.1362 -72.927426
-83.7902 110.3676 -14.0768 -72.924947
-84.9748 111.6284 -13.8567 -72.922588
-86.2002 112.6963 -13.3076 -72.920338
-87.0479 113.9279 -12.479 -72.918208
-87.7411 115.4304 -11.9657 -72.916209
-88.823 116.6812 -11.5653 -72.91434
-89.4834 118.0465 -10.8065 -72.912602
-90.0558 119.4566 -9.9504 -72.911
-90.8226 120.9302 -9.4429 -72.909544
-91.9586 122.2396 -9.3374 -72.908235
-92.8888 123.6775 -9.6286 -72.907076
-93.6083 125.2344 -9.9613 -72.906069
-94.4583 126.6908 -10.3334 -72.905222
-95.6371 127.179 -11.2403 -72.904533
-96.5223 128.3643 -11.7434 -72.904011
-97.3565 129.8343 -11.9607 -72.90366
-98.0187 131.4271 -12.0082 -72.903482
-44.8397 82.3848 -0.1022 -73.009097
-45.6858 82.6745 1.4762 -73.004254
-47.0854 83.466 2.0376 -72.999447
-47.9154 84.1261 0.6038 -72.994634
-48.4536 84.4912 -1.1078 -72.989851
-49.4629 84.7481 -2.3216 -72.985093
-50.8487 85.4683 -2.9272 -72.980346
-51.3634 86.2483 -4.138 -72.975578
-51.1604 85.8865 -5.9031 -72.97084
-51.4147 86.3329 -4.63 -72.96611
-51.3753 86.9211 -3.2026 -72.961439
-51.6511 88.546 -2.6095 -72.956802
-52.0008 89.4665 -3.9264 -72.952154
-52.6137 90.8015 -4.1725 -72.947554
-53.4473 92.4123 -3.9386 -72.942979
-53.8653 94.1635 -3.6555 -72.938432
-53.9519 95.9277 -3.215 -72.933914
-54.3051 97.4953 -2.5507 -72.929424
-54.5625 98.6898 -1.1952 -72.924981
-54.547 99.8234 0.1762 -72.920565
-54.2907 100.3598 1.9096 -72.916177
-54.7709 101.2087 3.4194 -72.911862
-54.4328 101.9413 3.8933 -72.907607
-53.0212 101.1678 3.092 -72.903402
-52.5222 101.109 4.5528 -72.899221
-54.1846 101.7537 4.4499 -72.895117
-55.6576 102.8136 4.5394 -72.891073
-56.499 104.3974 4.7059 -72.887088
-56.8786 106.1716 4.8788 -72.883163
-56.4546 107.8733 4.5587 -72.879306
-55.6814 109.1098 4.4339 -72.875484
-55.7928 109.3656 6.2457 -72.871669
-56.2213 109.7146 7.7986 -72.868012
-55.5336 111.171 7.9788 -72.864436
-57.2605 111.7016 8.1166 -72.860947
-58.1121 113.2561 8.4551 -72.857537
-58.5985 114.919 9.0311 -72.854212
-59.6859 116.036 9.8099 -72.85099
-59.434 116.5435 10.5662 -72.847851
-59.3051 118.1105 11.4366 -72.844815
-59.9415 119.6907 12.0733 -72.841872
-60.8614 121.156 12.3489 -72.839041
-61.607 122.4945 11.39 -72.83631
-62.1797 124.0961 10.8491 -72.833696
-62.6253 125.8486 10.8404 -72.8312
-62.2188 127.4063 11.6395 -72.828824
-61.8461 129.0333 12.3882 -72.826572
-62.5327 130.6886 12.3999 -72.824449
-62.936 132.4579 12.2088 -72.822451
-63.3234 134.2117 11.8803 -72.820584
-63.6303 135.945 11.5157 -72.818855
-63.951 136.5199 9.8435 -72.817255
-64.1784 137.2406 8.1925 -72.815804
-64.0694 138.3872 6.7995 -72.814506
-64.3697 140.0086 6.0583 -72.813356
-64.8732 141.6033 5.322 -72.812363
-65.5178 142.5596 4.0703 -72.811524
-65.7682 143.1976 5.3492 -72.810845
-66.7186 144.3442 5.8832 -72.810332
-67.5125 145.9488 6.0337 -72.809987
-68.2142 147.6123 6.0332 -72.809813
-36.2134 93.2108 29.5751 -73.029869
-36.6635 94.7733 29.8902 -73.026662
-36.9263 96.2364 30.4302 -73.023516
-37.1622 97.773 30.8495 -73.020426
-37.5529 99.3568 31.1525 -73.017393
-37.9173 100.9487 31.3678 -73.014438
-38.3971 102.525 31.406 -73.011545
-38.3118 104.182 31.3802 -73.008731
-38.3833 105.841 31.3619 -73.005995
-38.5184 107.493 31.3513 -73.003336
-38.1793 109.1047 31.3065 -73.00076
-37.694 110.6348 31.1726 -72.998276
-37.4366 112.1749 31.1742 -72.995877
-36.4341 113.3684 31.2349 -72.993565
-35.2673 114.4885 31.1966 -72.991353
-35.1913 116.0244 31.322 -72.989242
-36.1323 117.264 31.8032 -72.987232
-36.1013 118.8174 31.8898 -72.985328
-35.2737 120.1279 31.585 -72.983536
-34.1912 121.3196 31.36 -72.981857
-33.7141 122.9011 31.2289 -72.980301
-33.0667 124.4147 31.1658 -72.978867
-32.8786 126.0601 31.1275 -72.97756
-32.0835 127.4884 31.1247 -72.976386
-31.8296 129.12 31.1246 -72.975344
-31.1422 130.5851 30.9859 -72.974441
-30.3228 131.8477 30.3079 -72.973679
-29.6856 132.4849 28.9766 -72.973059
-29.0719 133.0333 27.5676 -72.972587
-28.0844 133.7856 27.8775 -72.97227
-27.152 134.469 28.6173 -72.972109
68.8569 88.73 19.5506 -73.159138
69.4626 89.4871 18.5505 -73.156001
69.8694 90.2922 17.5312 -73.152922
70.1133 90.9732 19.0619 -73.149885
70.2522 92.4115 19.6157 -73.146917
70.8156 93.9888 19.8859 -73.144009
70.9233 95.5529 19.5992 -73.141155
71.3862 97.0655 19.4044 -73.138367
72.5006 98.2929 19.6588 -73.135651
72.7344 99.9408 19.94 -73.132998
72.932 101.5833 19.995 -73.130414
72.4313 103.198 19.9089 -73.127903
71.8799 104.7873 20.0008 -73.125475
71.5282 106.416 19.8144 -73.123122
71.2624 108.037 19.4849 -73.120854
70.3107 109.3594 19.2993 -73.118681
69.2896 110.7156 19.219 -73.116599
68.8552 112.3448 19.1576 -73.114612
68.8224 113.8606 18.9579 -73.112726
69.0085 114.8834 18.0264 -73.110933
68.8524 116.0924 16.8932 -73.109245
69.7271 117.2159 15.9694 -73.107665
70.0973 118.581 15.0882 -73.1062
70.8674 119.2691 13.939 -73.104842
70.3855 118.9765 13.515 -73.10361
69.9666 118.6726 13.3866 -73.102489
70.2125 118.847 11.7059 -73.10148
70.4357 118.9096 10.8982 -73.100619
70.1867 118.7318 12.5649 -73.099883
69.521 118.6003 13.8778 -73.099295
69.0153 119.2849 13.1332 -73.09885
69.8993 119.8704 11.9133 -73.098549
70.2963 119.9515 10.2866 -73.098397
95.5228 3.6634 18.9207 -73.231933
95.9521 3.5018 19.9853 -73.231792
96.3294 3.3373 21.069 -73.231721
-41.3421 222.5153 -25.6062 -72.2188
-42.702 224.1478 -25.2091 -72.208805
-44.2458 225.1088 -24.0553 -72.198902
-45.8189 226.0665 -23.0056 -72.189101
-47.3319 227.1224 -21.9872 -72.179393
-48.8138 228.7344 -21.8003 -72.169775
-50.1281 230.4969 -21.9165 -72.160236
-51.8278 231.7383 -22.0527 -72.150763
-52.8158 233.6774 -22.1145 -72.141343
-53.0724 235.6787 -22.1684 -72.133947
-53.6815 237.6012 -22.215 -72.128589
-54.8336 239.2327 -22.1693 -72.123301
-55.9455 240.9107 -22.1307 -72.118077
-56.8959 242.6769 -22.2538 -72.11291
-57.6448 244.0732 -23.1351 -72.107791
-57.9004 245.3567 -24.6431 -72.102724
-58.5973 247.0318 -25.4177 -72.097712
-59.3933 248.8468 -25.6686 -72.092746
-60.5485 250.492 -25.7129 -72.087823
-62.0102 251.8694 -25.795 -72.082937
-63.5819 251.7041 -25.7766 -72.078088
-65.1861 252.5294 -25.4878 -72.073268
-66.5361 253.7075 -24.6451 -72.068481
-67.4482 255.4346 -24.2826 -72.063723
-68.0616 257.3349 -24.0645 -72.058994
-69.279 258.781 -24.0213 -72.054298
-70.6709 260.1778 -24.061 -72.049626
-71.4436 262.0159 -24.0595 -72.044981
-72.8554 263.4363 -23.888 -72.040366
-74.3055 264.6952 -23.3614 -72.03578
-75.6104 266.0079 -22.6232 -72.031217
-76.4194 267.7709 -22.2236 -72.026669
-77.0046 269.6763 -21.989 -72.02215
-77.6943 271.5617 -21.8675 -72.017661
-78.0414 273.5421 -21.7862 -72.013194
-78.9873 275.301 -21.7403 -72.008753
-80.3424 276.7952 -21.6879 -72.004341
-81.6546 278.3163 -21.6068 -71.999958
-83.1583 279.5974 -21.7854 -71.995604
-84.8953 280.6045 -21.8472 -71.991274
-86.7025 281.4584 -21.6828 -71.986972
-87.8751 282.8646 -21.0904 -71.982695
-89.4892 283.7967 -20.5891 -71.978447
-91.1007 284.9601 -20.5677 -71.974235
-92.4107 286.2858 -21.1453 -71.970046
-94.0557 286.9976 -21.9919 -71.965894
-95.7101 288.0996 -22.2545 -71.961773
-97.3406 289.2852 -22.2657 -71.957688
-98.976 289.9877 -22.9029 -71.953635
-100.2796 290.7986 -23.6291 -71.949616
-101.4799 291.8038 -22.4899 -71.945628
-103.036 292.9887 -22.0284 -71.941683
-104.6892 294.1312 -21.8834 -71.937777
-106.3559 295.2232 -22.151 -71.933911
-107.8941 296.3493 -22.6692 -71.930088
-109.1385 297.4951 -23.597 -71.926302
-110.8652 298.494 -23.4597 -71.922566
-112.4721 299.5248 -23.016 -71.91887
-113.8772 300.6139 -22.2042 -71.91522
-115.339 301.8994 -21.8314 -71.911619
-116.6463 303.427 -21.784 -71.908068
-117.9037 305.0024 -21.8441 -71.904564
-119.0254 306.6607 -22.003 -71.901108
-119.7365 308.5266 -22.2827 -71.897706
-120.0458 309.7921 -21.1758 -71.894337
-120.3335 310.3959 -19.2752 -71.891034
-120.8092 311.2425 -17.5331 -71.887792
-121.3861 312.9361 -16.6595 -71.88461
-122.3666 314.5966 -16.303 -71.881497
-123.445 316.2788 -16.4754 -71.878437
-124.5125 317.8962 -16.7048 -71.875442
-124.8879 318.6378 -14.9021 -71.872491
-124.9811 319.1413 -12.9496 -71.869603
-125.2786 319.7061 -11.0358 -71.866783
-125.7833 320.5605 -9.2875 -71.864044
-126.7853 321.2272 -7.7186 -71.861378
-128.1198 321.7372 -6.5853 -71.858777
-129.5338 322.6762 -5.6435 -71.856251
-130.8033 322.8583 -4.1103 -71.853792
-132.3486 322.5617 -2.9424 -71.85141
-133.5223 321.7567 -2.2514 -71.849104
-134.4075 321.0203 -3.7194 -71.846873
-136.141 320.0633 -3.704 -71.844723
-137.9234 319.2453 -3.5128 -71.842651
-139.8153 319.4438 -3.03 -71.840635
-141.7336 319.7231 -2.5415 -71.83872
-143.2992 318.8382 -1.8198 -71.836891
-143.6324 318.198 -3.1912 -71.835137
-144.6494 318.183 -2.5451 -71.833463
-145.6029 318.7473 -1.0864 -71.831879
-147.1116 319.1677 -0.0827 -71.830379
-149.0143 318.6505 0.3041 -71.828964
-150.835 317.9416 0.6531 -71.827635
-152.6003 318.3043 1.3039 -71.826392
-154.255 319.2248 1.8195 -71.825234
-156.1347 319.0641 1.3765 -71.82416
-157.9479 318.8394 0.6505 -71.82317
-159.8193 318.2421 0.4855 -71.822259
-161.6982 318.4908 0.8126 -71.821432
-163.3502 318.4678 1.946 -71.820682
-164.7917 318.8721 3.1901 -71.820009
-166.0348 318.4651 4.5448 -71.819412
-167.2051 317.7036 5.9108 -71.818886
-168.6856 318.3603 6.972 -71.81843
-170.5746 318.3686 7.6324 -71.818039
-172.4422 318.8037 8.0573 -71.817709
-173.7745 319.4811 7.41 -71.817437
-175.2708 319.8181 6.8918 -71.817217
-176.3866 321.0401 7.8064 -71.817046
-178.1084 321.388 8.4289 -71.816918
-179.8667 322.3331 8.1901 -71.816827
-181.7338 322.9719 7.9865 -71.81677
-183.2047 324.2061 7.6173 -71.816739
-184.6529 324.5109 6.7583 -71.816731
-186.4765 324.882 7.4149 -71.816739
-188.3601 325.5005 7.7542 -71.816759
-190.207 326.2741 7.8586 -71.816786
-191.8555 326.4884 7.2737 -71.816816
-192.3011 326.2807 5.3327 -71.816845
-192.4569 326.3027 3.3202 -71.816871
-192.6127 326.3246 1.3078 -71.81689
-192.7684 326.3466 -0.7047 -71.8169
-53.5618 234.7518 -22.4056 -72.134277
-55.3696 234.7358 -22.9279 -72.129643
-57.1775 234.7198 -23.4502 -72.125164
-58.9758 234.7413 -23.9753 -72.120832
-60.5834 235.6616 -24.1049 -72.1166
-62.2107 236.6032 -24.0421 -72.112432
-63.9306 237.3539 -24.0447 -72.108337
-65.5569 238.2591 -24.1396 -72.104297
-67.3063 238.9314 -24.1596 -72.100327
-68.8366 239.9978 -24.0522 -72.096405
-70.5332 240.314 -23.7713 -72.092541
-72.1779 239.7124 -23.3677 -72.088728
-73.9055 239.067 -23.0743 -72.084967
-75.764 238.9129 -23.0612 -72.081254
-77.5069 238.4311 -23.4834 -72.077588
-79.2728 238.5078 -23.5052 -72.073968
-81.0101 239.1307 -23.2489 -72.070391
-82.8258 239.4159 -22.9537 -72.066862
-84.5254 239.9346 -22.4418 -72.063378
-86.2406 240.0396 -21.7161 -72.059934
-87.8568 239.8217 -20.9364 -72.056534
-89.3552 239.6723 -19.8507 -72.053176
-90.7771 239.8281 -18.7653 -72.049862
-92.3262 239.5258 -18.0598 -72.046593
-94.0855 240.1028 -17.7873 -72.043372
-95.877 240.5966 -17.5579 -72.040197
-97.6988 241.0591 -17.507 -72.037064
-99.53 241.4724 -17.4393 -72.03398
-101.2527 242.1681 -17.1773 -72.030943
-102.8299 242.815 -16.4434 -72.027956
-104.4569 243.5931 -15.9937 -72.025023
-106.2956 243.7075 -16.104 -72.022135
-107.1732 243.8399 -14.6775 -72.019279
-108.3872 244.3725 -13.7017 -72.01649
-109.3454 245.4642 -12.5807 -72.013757
-110.5466 246.5332 -11.6213 -72.011076
-112.0874 247.1 -10.9503 -72.008455
-112.6927 248.1713 -9.7197 -72.005882
-113.85 248.7857 -8.6033 -72.003369
-114.9422 250.1535 -8.2414 -72.000919
-115.3929 251.8689 -7.6387 -71.998528
-116.4822 252.9605 -6.8157 -71.996204
-117.371 253.2374 -5.1806 -71.99394
-118.358 253.8356 -3.7152 -71.991743
-119.4595 254.4678 -2.3971 -71.989616
-120.9563 255.2641 -1.6822 -71.987554
-122.5163 255.9458 -1.0086 -71.985562
-123.9831 256.9071 -0.452 -71.98364
-124.7954 257.8348 0.9161 -71.981787
-125.65 259.0549 2.0473 -71.980007
-126.8265 260.4562 2.1583 -71.978298
-128.2898 261.2032 2.616 -71.976658
-129.0334 261.3894 4.2611 -71.975087
-129.2473 261.2649 6.1105 -71.973539
-129.4022 261.1437 7.9821 -71.97209
-129.5576 261.0229 9.8536 -71.970739
-129.7512 260.9235 11.7229 -71.969428
-129.9463 260.825 13.592 -71.968205
-130.1515 260.7135 15.4586 -71.967074
-130.5488 260.346 17.2477 -71.966016
-131.604 259.0778 18.099 -71.965035
-132.4067 258.2916 19.5872 -71.964123
-133.3932 257.3081 20.8241 -71.963279
-133.8044 256.3522 22.376 -71.962501
-134.6418 255.2368 23.5911 -71.961788
-135.4197 253.8392 24.4892 -71.961137
-135.7 253.4829 26.3153 -71.960543
-136.3101 252.641 27.7577 -71.960008
-136.3201 251.3179 26.4825 -71.959527
-136.8701 249.6435 26.0944 -71.959097
-137.7175 248.1362 25.6627 -71.958716
-137.6045 246.4619 25.1316 -71.958382
-137.2893 245.0053 24.2243 -71.958091
-136.6215 243.4615 23.4192 -71.957839
-135.6446 241.9497 22.8735 -71.957622
-135.3758 240.4199 22.4018 -71.957443
-136.1869 239.3032 23.0344 -71.957297
-136.341 238.0644 24.2021 -71.957183
-136.433 236.6369 25.3143 -71.957098
-136.6008 234.8539 25.6617 -71.957041
-137.1474 233.4458 25.0869 -71.957013
-10.2537 234.1313 -65.7936 -72.211401
-11.9535 235.2244 -65.4206 -72.204556
-13.2513 236.4124 -64.5554 -72.197863
-13.9825 238.2182 -64.0036 -72.191305
-13.9675 239.4333 -65.1657 -72.184861
-14.1745 240.8047 -66.5759 -72.17856
-14.74 242.3781 -67.763 -72.172376
-15.0167 243.3075 -69.5586 -72.166289
-14.9973 244.3966 -71.2899 -72.160315
-15.4806 245.6013 -72.6631 -72.154439
-16.6681 247.206 -72.2066 -72.148652
-17.3029 249.0449 -71.7718 -72.142939
-18.6676 250.382 -71.3338 -72.1373
-19.6799 251.0982 -72.0439 -72.131722
-20.4939 252.2385 -73.4165 -72.126191
-21.5912 252.7618 -72.8895 -72.121267
-21.9596 252.8176 -71.2713 -72.116988
-22.6797 254.2973 -71.5196 -72.11275
-23.6039 255.7577 -72.0067 -72.108552
-24.5721 257.236 -72.2298 -72.104386
-26.0105 258.3101 -72.2446 -72.100251
-27.3761 259.4599 -72.2196 -72.096146
-28.9516 260.3257 -72.2375 -72.092023
-30.5102 261.2195 -72.2945 -72.087981
-31.595 262.5637 -72.7018 -72.083969
-32.6547 263.9941 -72.7006 -72.079985
-33.5598 265.5319 -72.4801 -72.076029
-34.5952 266.9872 -72.4053 -72.072101
-35.2782 268.5959 -72.3691 -72.068193
-36.5462 269.7783 -72.1737 -72.06432
-37.8737 270.872 -71.8225 -72.060475
-38.8876 272.2418 -71.3145 -72.056658
-39.6217 273.7558 -70.7585 -72.052867
-40.6535 274.9959 -70.0158 -72.049106
-42.0534 275.9829 -69.5331 -72.045369
-43.5846 276.8719 -69.3005 -72.041668
-45.0655 277.8565 -69.4958 -72.037992
-45.946 279.1186 -68.7677 -72.034347
-45.8345 280.5644 -67.9551 -72.03073
-46.196 282.2235 -68.3906 -72.027147
-46.2456 283.784 -69.1293 -72.023596
-45.9356 284.9029 -69.4775 -72.020074
-46.3572 283.3243 -69.8414 -72.016577
-47.6385 284.0096 -69.6263 -72.013098
-47.8598 285.27 -68.7781 -72.009669
-47.9763 286.6481 -67.6615 -72.006273
-48.0018 287.8134 -66.394 -72.002911
-49.296 287.3623 -65.4888 -71.999589
-50.1432 286.6731 -64.1653 -71.996313
-50.2434 286.1704 -62.4405 -71.993064
-51.2742 284.9264 -61.8207 -71.989871
-52.8421 284.4426 -61.0987 -71.986721
-53.9107 283.6653 -60.0279 -71.983617
-54.752 283.3629 -58.5184 -71.980552
-55.6511 282.4981 -57.2933 -71.977543
-56.6242 281.93 -56.0196 -71.974589
-57.9991 281.9695 -54.8908 -71.971681
-59.0837 282.3361 -53.8941 -71.968828
-60.0943 282.1643 -52.7677 -71.966023
-61.4419 281.5155 -51.8651 -71.96328
-62.8626 280.827 -51.0501 -71.960592
-64.2795 280.6349 -50.0042 -71.957963
-65.804 280.5238 -49.0693 -71.955395
-66.7885 280.054 -47.7484 -71.952882
-67.9789 279.2336 -46.7905 -71.95043
-68.6552 278.446 -45.3481 -71.94804
-69.0138 277.9753 -43.6489 -71.945714
-69.4167 276.9949 -42.4398 -71.943458
-69.8247 275.5947 -42.5008 -71.941266
-70.268 276.0815 -42.6582 -71.939143
-70.9242 276.409 -41.0457 -71.937073
-71.4032 276.5871 -39.3203 -71.935085
-72.2724 276.7647 -38.0281 -71.933174
-73.2041 276.1685 -36.6914 -71.931335
-74.2918 275.5936 -35.4399 -71.929572
-75.425 274.8456 -34.2803 -71.927881
-76.9255 274.2886 -33.5609 -71.926267
-77.3251 274.3933 -31.9623 -71.924727
-77.3839 274.0953 -31.6173 -71.92325
-77.9259 274.1693 -30.1943 -71.921853
-79.5493 274.0847 -29.6223 -71.920537
-80.9279 274.149 -28.5263 -71.919296
-82.1503 274.2888 -27.2947 -71.918136
-83.1333 274.5631 -25.8399 -71.91705
-83.3586 274.0993 -24.1212 -71.916037
-83.4086 273.3363 -22.4949 -71.915101
-83.5601 272.816 -20.7795 -71.914237
-83.7705 272.4678 -19.0265 -71.913444
-84.0593 272.0789 -17.2937 -71.912725
-84.2893 271.7437 -15.5414 -71.912073
-84.9661 271.1706 -14.2656 -71.911491
-86.4465 270.5588 -13.5443 -71.910973
-87.5224 269.4821 -12.7644 -71.910516
-88.5863 270.2836 -13.3628 -71.910117
-89.344 271.7765 -13.8414 -71.909771
-90.7295 272.8654 -14.017 -71.909471
-92.0012 274.1345 -14.1202 -71.90922
-93.0728 275.5655 -14.188 -71.909013
-94.4803 276.5793 -14.1262 -71.908844
-96.2029 276.3016 -13.7358 -71.908709
-97.8612 276.4416 -13.1634 -71.908603
-99.2225 277.2086 -12.3487 -71.908523
-100.7724 276.7787 -11.5881 -71.908463
-102.4856 276.8416 -11.2384 -71.908421
-104.2435 277.0799 -11.3594 -71.908392
-105.8758 277.7134 -11.5089 -71.908374
-106.978 278.2571 -10.6069 -71.908363
-108.7214 278.4008 -10.5748 -71.908357
-110.1714 278.7473 -11.3411 -71.908354
-111.6618 279.6815 -11.4564 -71.908352
-21.5015 253.5088 -73.309 -72.122888
-22.5942 254.3623 -72.684 -72.121885
-23.4363 255.5756 -72.2611 -72.120991
-23.7952 256.2196 -73.6016 -72.120197
-24.1958 256.9175 -74.8973 -72.11951
-24.5102 257.2028 -76.431 -72.11892
-25.2575 257.9568 -77.5755 -72.118433
-25.9832 258.9049 -78.6121 -72.118042
-26.7351 259.8964 -79.3372 -72.117749
-27.7754 261.0706 -79.3699 -72.117552
-28.1276 262.1418 -78.3341 -72.117452
-14.415 228.9869 -63.4499 -72.216701
-16.1331 229.4489 -63.5343 -72.212255
-17.7421 230.1331 -63.7219 -72.207983
-19.4067 230.7023 -63.8399 -72.203888
-20.8995 231.6241 -63.8754 -72.199962
-22.4197 232.5434 -63.927 -72.196193
-23.9779 232.9794 -64.5409 -72.192579
-25.5926 233.2447 -65.0739 -72.189105
-27.3372 233.3731 -65.393 -72.185774
-29.108 233.4677 -65.4659 -72.182576
-30.8642 233.5427 -65.402 -72.179504
-32.3482 234.4256 -65.4518 -72.176556
-33.9347 234.8444 -64.9779 -72.17372
-35.6107 235.0483 -64.5372 -72.170993
-37.2988 235.2219 -64.5195 -72.168372
-38.3854 235.5894 -65.5655 -72.165843
-39.1438 235.7555 -64.0699 -72.163406
-40.4342 236.3585 -64.9633 -72.161066
-41.6538 237.408 -65.4996 -72.158813
-43.3197 237.9738 -65.7908 -72.156648
-45.0712 238.2644 -65.9288 -72.154566
-46.7994 238.6788 -65.9135 -72.152563
-48.5481 238.9796 -65.7557 -72.150636
-50.2593 239.3638 -65.4708 -72.148786
-51.9541 239.818 -65.3779 -72.147008
-53.6581 240.3081 -65.5616 -72.145303
-55.3649 240.7618 -65.7517 -72.143669
-56.9242 241.5359 -65.9538 -72.142103
-58.6438 241.8319 -66.2728 -72.140607
-59.9936 242.7156 -66.7405 -72.139177
-60.984 243.7818 -67.5294 -72.137813
-62.0855 245.146 -67.6347 -72.136515
-62.592 246.8516 -67.5474 -72.135283
-63.6958 248.1812 -67.3534 -72.134114
-65.3602 248.1365 -67.1819 -72.133007
-66.6185 247.2528 -66.7907 -72.131963
-68.2827 246.701 -66.9975 -72.130973
-69.0056 246.5375 -67.1182 -72.130052
-69.4149 247.1923 -66.2178 -72.129187
-70.5685 248.2104 -65.6787 -72.128383
-72.1021 248.9573 -65.1628 -72.127638
-73.5226 249.8734 -64.6789 -72.126952
-74.9049 250.917 -64.2744 -72.126323
-76.1941 252.0464 -63.8017 -72.125753
-77.6751 252.694 -63.2164 -72.12524
-78.9054 253.7897 -63.1101 -72.124784
-80.0531 255.1107 -63.1909 -72.124384
-81.4092 256.2087 -63.4316 -72.124041
-83.1166 256.5971 -63.7243 -72.123754
-84.8053 256.9649 -63.8465 -72.123523
-86.3232 257.8036 -63.7447 -72.123348
-88.0463 257.7843 -63.4146 -72.123231
-89.5568 258.6367 -63.0658 -72.123172
-79.8558 209.6969 -1.6956 -72.607433
-80.9345 210.9313 -0.8747 -72.601379
-81.8718 212.3265 -0.0936 -72.59546
-83.0145 213.649 0.4105 -72.589671
-83.35 215.4299 0.5242 -72.584005
-84.7236 216.0877 0.5245 -72.578458
-85.8365 216.8501 1.5461 -72.573017
-86.4751 218.3432 2.3648 -72.567707
-87.6889 219.3419 3.0091 -72.562512
-89.3832 219.625 3.5112 -72.557433
-90.5679 220.9942 3.9392 -72.55246
-91.9993 222.1339 4.2769 -72.547596
-93.1066 223.0567 5.3451 -72.542821
-94.2451 224.3484 6.04 -72.538139
-95.1955 225.7846 6.6504 -72.533556
-96.1469 227.1811 6.1703 -72.529071
-97.5307 228.1499 5.5656 -72.524666
-97.6555 229.6726 4.5217 -72.520341
-98.2632 230.7709 4.9578 -72.516091
-99.4213 231.1534 5.7424 -72.511933
-100.7458 231.4122 4.7237 -72.50785
-101.8502 232.6408 4.2535 -72.503851
-103.1436 233.9354 4.0273 -72.499932
-104.4921 234.4164 4.8558 -72.496093
-105.6117 233.6885 5.7966 -72.492309
-106.7274 232.3194 6.4016 -72.488565
-107.441 230.7522 6.8747 -72.48495
-107.4488 229.0255 7.5014 -72.48142
-107.9411 227.3511 8.131 -72.477974
-107.0902 226.8712 8.9862 -72.474605
-106.1496 226.513 10.1833 -72.471275
-105.9516 226.2598 12.0223 -72.468026
-105.4787 225.2922 12.0054 -72.464876
-105.2249 224.5846 10.2988 -72.461807
-104.7784 223.6625 9.5999 -72.458834
-104.7066 222.6921 11.0296 -72.455936
-105.026 220.965 11.6033 -72.453132
-104.6066 219.9029 12.8153 -72.450408
-103.3942 219.8352 14.0764 -72.447771
-104.3073 219.9043 13.553 -72.445223
-105.885 218.9419 13.3792 -72.44276
-107.2676 218.4747 12.6842 -72.440384
-108.1193 218.5469 11.0406 -72.43809
-108.3962 219.4541 11.7193 -72.435891
-109.0143 219.6825 13.4653 -72.433773
-109.7221 219.9831 15.1561 -72.431757
-110.6667 219.9703 16.4989 -72.429838
-112.0003 218.9022 16.8845 -72.42801
-113.4433 217.9794 16.4775 -72.426276
-114.7081 217.1333 15.6968 -72.424633
-115.2947 216.7255 13.9743 -72.42308
-115.5962 216.7912 12.1637 -72.421607
-115.7677 217.1126 10.3327 -72.420229
-115.4309 217.0746 11.1227 -72.418951
-116.1181 217.6962 12.116 -72.417731
-117.3855 218.3763 13.3061 -72.416618
-118.8798 218.8959 14.099 -72.415613
-120.5533 219.5755 14.5055 -72.414699
-122.3465 220.0233 14.7431 -72.413877
-124.1585 220.1151 14.949 -72.413143
-125.565 221.2324 14.8597 -72.412499
-126.6064 222.7478 14.7267 -72.411946
-127.1945 224.5052 14.537 -72.411482
-127.9351 226.1832 14.2547 -72.41111
-129.0224 227.5634 14.5865 -72.410828
-130.1181 229.0198 14.5982 -72.410639
-131.2201 230.4645 14.2522 -72.410543
47.5528 -96.076 13.5667 -75.57721
47.0015 -95.2803 13.5986 -75.577362
46.7344 -94.3274 13.6342 -75.577436
27.7081 -94.2683 18.8592 -75.619565
26.226 -93.6204 19.8024 -75.620062
24.7439 -92.9726 20.7456 -75.620411
23.2618 -92.3248 21.6888 -75.620634
23.8038 -92.3745 21.7835 -75.620743
54.7481 -88.0637 17.871 -75.549647
97.3169 -66.6493 31.3652 -75.492221
99.3506 -67.4491 30.897 -75.49284
101.3843 -68.2489 30.4289 -75.493334
103.4181 -69.0488 29.9607 -75.493718
105.4518 -69.8486 29.4925 -75.494
104.935 -70.7499 28.9784 -75.494186
104.6139 -70.6388 26.7694 -75.494279
96.937 -66.473 30.8282 -75.4919
44.0154 -65.7095 15.6069 -75.462245
44.0102 -66.3692 14.8486 -75.462411
44.1586 -67.2141 14.3402 -75.462493
-4.665 -9.0685 -0.0051 -73.550386
-3.3078 -10.3003 -0.0154 -73.637297
-1.9532 -11.5348 -0.0257 -73.724
-0.7426 -12.7803 -0.0459 -73.8675
0.4334 -13.9291 -0.0935 -74.066477
1.4466 -15.2471 -0.185 -74.262962
3.5554 -27.7322 1.4257 -74.540801
8.6107 -41.3653 6.7974 -74.767724
22.8794 -62.2772 10.5055 -75.214259
26.4745 -64.8588 13.9793 -75.274505
29.0535 -67.1183 14.3116 -75.312593
42.1418 -73.5431 16.2509 -75.443604
47.2069 -85.1931 18.1557 -75.533299
44.6639 -89.9679 15.7857 -75.564322
47.7449 -96.3203 13.6398 -75.576217
78.4149 -177.3628 14.5582 -75.651666
95.2227 -265.7699 17.0719 -75.698985
48.1056 -320.1106 18.1187 -75.725863
-10.9476 -383.6056 22.9817 -75.736839
-40.36 -432.7473 17.7175 -75.734115
28.7834 -94.5812 17.274 -75.615339
14.3097 -106.6143 20.8227 -75.649007
2.7577 -126.0427 26.0848 -75.669473
-45.0792 -189.1405 27.4734 -75.687843
30.9775 -170.2053 31.4202 -75.675037
28.3969 -94.5693 18.0599 -75.618486
-40.2348 -104.2908 -5.8163 -75.672204
-111.9958 -139.102 2.509 -75.691535
54.6562 -87.9717 17.7384 -75.548581
111.8824 -135.9529 29.1893 -75.637236
164.8572 -185.7356 20.1853 -75.683036
213.7243 -226.7876 32.011 -75.698511
43.9697 -65.4565 15.7766 -75.46113
45.5333 -62.1584 17.8534 -75.466957
96.2419 -66.2233 31.6259 -75.491763
2.1326 -22.0656 -2.5814 -74.450713
6.2653 -35.3706 6.4938 -74.660687
8.3143 -40.7868 6.7183 -74.855007
15.4942 -50.7521 4.9673 -75.001554
19.5156 -57.7327 7.1557 -75.141197
24.2121 -63.3654 12.9105 -75.245029
27.7984 -65.9637 14.1964 -75.29389
35.2991 -71.3414 15.5234 -75.380619
45.9552 -78.4006 18.2802 -75.491041
45.9541 -87.9136 17.638 -75.549454
46.0845 -93.1486 14.7482 -75.571832
52.1518 -103.9606 11.3242 -75.586411
58.8833 -119.603 12.0998 -75.601813
62.6461 -133.0235 18.7767 -75.616533
68.7987 -150.479 18.27 -75.631125
75.478 -168.4071 16.0379 -75.645251
80.7201 -186.7623 13.7215 -75.658041
86.0397 -202.1519 18.4658 -75.667565
88.9594 -219.8372 14.0604 -75.676771
92.3483 -238.1707 14.3683 -75.686058
94.4112 -256.1543 16.5595 -75.695108
95.282 -267.4858 16.3224 -75.702829
95.3059 -280.3632 10.9397 -75.708049
82.392 -291.8157 13.1552 -75.713175
66.6134 -301.8126 13.5179 -75.718565
55.8832 -314.8401 17.1156 -75.723888
42.621 -325.3136 19.0805 -75.727802
32.9705 -340.7608 23.6528 -75.729734
23.9361 -354.8041 21.203 -75.73171
9.6225 -366.7531 22.7517 -75.734058
-4.6074 -378.3071 21.4152 -75.736427
-16.9731 -389.755 18.9726 -75.737216
-27.5688 -401.1213 14.9527 -75.736346
-39.573 -411.7299 14.9204 -75.735574
-40.6381 -420.4638 25.2112 -75.735248
-40.4069 -426.6412 14.8914 -75.735043
-41.6738 -434.0686 12.5022 -75.733156
-35.1298 -447.795 10.0223 -75.729953
-30.511 -455.7937 6.7671 -75.727033
-26.4654 -460.7911 2.4423 -75.724928
-24.2919 -464.5784 0.2402 -75.723837
37.1249 -94.0849 14.9718 -75.592092
20.7736 -99.7756 22.2184 -75.634324
11.0172 -108.5614 18.7473 -75.654108
5.909 -113.1292 24.1737 -75.660941
4.7649 -121.3499 27.2758 -75.666773
-3.9067 -133.7894 26.1237 -75.6729
-16.2236 -149.0836 26.7198 -75.677025
-17.7909 -159.6216 22.5822 -75.680706
-30.8645 -168.2845 21.4997 -75.684278
-40.3768 -181.2163 24.3391 -75.687376
-50.8898 -195.8899 27.7601 -75.688268
-59.8432 -207.2909 27.0024 -75.686918
-63.453 -209.2381 15.4152 -75.685332
-64.2909 -212.4765 11.1044 -75.684094
-69.7086 -217.4653 14.9612 -75.683429
-1.3141 -131.2728 34.9295 -75.671261
15.7442 -115.5027 24.1983 -75.654164
21.9499 -133.9863 25.1312 -75.659845
26.8898 -147.4387 25.6301 -75.664852
28.6429 -155.1273 32.7495 -75.669624
28.6017 -167.7997 33.6747 -75.67387
33.7647 -170.9041 21.6446 -75.676215
35.3986 -176.6564 11.4651 -75.676329
39.8278 -180.409 -7.3747 -75.676141
28.4843 -94.572 17.6083 -75.617564
24.075 -93.3058 9.4058 -75.62651
15.5128 -90.8025 -8.4542 -75.638107
-0.0475 -89.6597 -13.0268 -75.648776
-13.9393 -94.7328 -4.0497 -75.658988
-31.0534 -101.5497 -4.3571 -75.668445
-48.3446 -108.1087 -4.4853 -75.675927
-60.3769 -111.0796 -1.1234 -75.680294
-77.9711 -113.5102 3.296 -75.684101
-92.0999 -121.9743 4.6219 -75.687765
-105.6825 -132.44 0.8972 -75.690977
-119.8735 -141.3568 5.959 -75.692018
-132.8113 -151.1601 6.979 -75.690944
-147.2952 -155.5423 4.0924 -75.689601
-153.368 -158.2725 7.6335 -75.688538
-168.793 -159.6906 7.6228 -75.687968
50.8433 -86.5895 17.9535 -75.542906
61.2357 -92.3404 14.5899 -75.561546
72.1897 -102.125 21.0158 -75.580667
85.4059 -115.7278 22.6939 -75.598169
96.1046 -123.0147 27.5352 -75.614811
106.3877 -128.7142 28.8233 -75.630366
119.3522 -141.0891 32.8119 -75.644055
133.3865 -151.0456 27.4274 -75.653816
140.4642 -156.8554 25.7903 -75.662851
152.3124 -169.1266 29.8767 -75.671622
161.5491 -182.1636 26.4505 -75.679835
167.3763 -187.9265 20.8501 -75.68619
178.0174 -198.4202 27.7655 -75.689657
190.5879 -201.853 17.5881 -75.692661
198.4764 -209.0366 23.2285 -75.695596
206.4978 -222.3967 29.9785 -75.698164
216.4485 -231.2363 29.6641 -75.698814
219.3592 -241.6667 28.5636 -75.697589
217.6919 -257.4839 32.1794 -75.696139
212.7961 -271.781 39.8533 -75.694997
208.8344 -287.7139 39.3838 -75.694375
43.1478 -69.6198 16.0595 -75.455617
45.0982 -63.5211 16.1223 -75.464392
50.7937 -61.6079 11.0465 -75.472294
63.7547 -58.5312 9.7712 -75.478405
75.049 -60.4617 16.3877 -75.48304
83.0968 -60.7333 25.9161 -75.486909
91.3447 -63.64 26.8113 -75.490264
106.4082 -69.1292 24.6495 -75.49243
123.1559 -72.5629 28.9251 -75.493003
143.1961 -75.9244 28.8652 -75.493238
46.1286 -55.224 14.5026 -75.471018
37.6417 -45.2763 18.4222 -75.474112
22.8448 -43.0894 21.8828 -75.47536
