-0.8015 -1.2678 -0 -73.972194
-3.2062 -5.0715 -0 -73.971553
-5.0765 -8.0299 -0 -73.971114
-6.4123 -10.1429 0.0262 -73.971017
-8.0143 -12.677 0.1283 -73.970922
-8.8146 -13.9429 0.1666 -73.970851
-8.2187 -14.5214 0.2948 -73.970775
-8.7411 -16.3672 0.5247 -73.970576
-10.0309 -17.8905 1.1419 -73.970324
-11.386 -19.3222 1.89 -73.970081
-12.7254 -20.8552 2.392 -73.969855
-14.0432 -22.4116 2.6217 -73.969587
-14.6972 -24.3185 2.0715 -73.969263
-15.5306 -26.234 2.0482 -73.968911
-16.1094 -27.8038 2.3068 -73.968606
-14.7796 -28.9827 3.1257 -73.968352
-13.6062 -30.5844 3.6202 -73.968097
-12.2537 -32.1091 3.9089 -73.967842
-11.1222 -33.7683 4.2796 -73.967586
-10.1932 -35.2295 5.196 -73.96733
-9.3619 -36.7283 6.3117 -73.967074
-8.5851 -38.2492 7.4144 -73.966818
-7.5935 -39.8435 8.2499 -73.966561
-6.8916 -41.4349 9.2193 -73.966303
-6.2727 -43.3267 9.6108 -73.966045
-5.7427 -44.6215 10.9758 -73.965785
-5.2774 -45.3085 12.8612 -73.965525
-4.5701 -46.2857 12.7646 -73.965265
-3.9187 -47.0128 11.0346 -73.965004
-3.487 -47.3534 9.0584 -73.964741
-3.1601 -48.3203 10.2056 -73.964478
-2.5906 -49.7167 11.29 -73.964217
-2.064 -51.2649 10.2609 -73.963955
-1.9023 -53.0628 10.2828 -73.963693
-1.2374 -53.7481 8.8883 -73.963429
-0.2338 -55.4757 8.438 -73.963166
0.9268 -57.1391 8.1846 -73.962902
2.1659 -58.7648 8.26 -73.962639
2.7966 -60.3652 9.2072 -73.962374
3.5606 -62.0815 8.7826 -73.96211
4.1051 -63.9769 8.2533 -73.961844
4.7728 -65.8913 8.0534 -73.96158
5.555 -67.7898 8.1794 -73.961315
5.4215 -69.7319 8.5591 -73.961051
5.3722 -71.1779 9.39 -73.960785
6.6015 -72.8224 9.4344 -73.96052
7.9091 -74.3345 9.4579 -73.960255
9.1469 -75.9691 9.4502 -73.95999
10.0298 -77.8076 9.4917 -73.959726
10.7723 -79.6982 9.5101 -73.959461
12.3735 -80.8411 9.4583 -73.959198
13.4145 -82.6176 9.4397 -73.958934
14.1594 -84.5026 9.6273 -73.95867
14.908 -86.352 10.0263 -73.958407
15.6285 -88.1574 10.421 -73.958144
16.2688 -90.0988 10.1972 -73.957882
16.8061 -92.0324 10.2983 -73.95762
18.0591 -93.5211 10.9131 -73.957359
19.0692 -95.1762 11.592 -73.957099
20.0514 -96.8019 12.3554 -73.95684
20.7986 -98.4251 13.1509 -73.956581
22.3425 -99.643 13.6764 -73.956323
23.1324 -101.4525 13.8694 -73.956066
24.2278 -103.1764 13.8286 -73.95581
25.7948 -104.4654 13.8973 -73.955556
27.3532 -105.7951 13.951 -73.955302
28.4996 -107.4233 13.9547 -73.95505
30.0108 -108.56 13.6639 -73.954799
31.1081 -108.6091 12.0588 -73.954545
29.9694 -109.9097 10.9348 -73.954274
28.8308 -111.2104 9.8109 -73.954011
27.6922 -112.511 8.6869 -73.953756
26.8377 -113.4766 7.7017 -73.953507
28.1153 -111.9666 8.2837 -73.953244
29.3929 -110.4565 8.8658 -73.952991
30.6706 -108.9464 9.4479 -73.952745
31.1787 -108.9746 10.7509 -73.9525
31.0798 -109.3078 12.7833 -73.952257
31.1974 -110.3892 14.0207 -73.95202
31.8589 -112.2436 14.4776 -73.951787
32.2207 -114.0808 14.8897 -73.951556
32.3754 -116.0895 14.7382 -73.951327
33.2282 -117.7627 14.1097 -73.951101
34.0263 -119.6079 13.7086 -73.950877
34.4263 -121.5938 13.4703 -73.950656
34.6735 -123.5948 13.4834 -73.950438
34.4631 -125.6138 13.6554 -73.950223
35.477 -127.1975 13.9548 -73.950012
36.4488 -128.3733 14.9241 -73.949802
36.0423 -130.1872 15.3722 -73.949595
35.1621 -131.5518 15.4371 -73.949392
35.6418 -129.8523 14.8263 -73.949194
35.0348 -128.0619 14.2107 -73.948999
35.5446 -129.8444 14.1534 -73.948808
35.6291 -131.8577 14.0497 -73.948621
34.8485 -133.6181 13.7199 -73.948439
34.2995 -135.3089 12.7219 -73.94826
33.9891 -137.2127 12.2496 -73.948087
34.6951 -139.1364 12.158 -73.947918
34.4342 -141.0719 12.4762 -73.947754
34.9496 -142.8915 13.1328 -73.947595
35.1207 -144.6736 12.8365 -73.94744
36.0553 -146.4708 12.5635 -73.947292
36.5162 -147.9232 11.2272 -73.947148
37.0821 -149.6924 10.5935 -73.94701
38.1845 -151.3675 10.8233 -73.946878
38.9786 -152.5573 11.4668 -73.946751
38.5512 -154.4927 11.7745 -73.94663
38.9845 -156.4817 12.0272 -73.946515
38.8087 -158.4686 12.102 -73.946406
39.4316 -160.3993 12.1561 -73.946304
40.017 -162.1492 11.7738 -73.946207
39.9044 -164.0643 11.3068 -73.946117
40.4166 -165.9089 10.6066 -73.946034
41.3853 -167.5493 10.7632 -73.945957
42.1247 -169.1267 11.6727 -73.945886
42.1485 -170.8263 12.6221 -73.945821
41.2541 -172.1527 13.7028 -73.945763
41.3329 -173.6405 14.3131 -73.94571
41.6008 -174.8677 12.6805 -73.945664
41.8738 -176.7997 12.275 -73.945623
42.7438 -178.5456 11.9564 -73.945587
43.2439 -180.4578 12.0397 -73.945556
43.3656 -182.4295 12.4106 -73.94553
43.6747 -184.2146 13.2717 -73.945508
44.1736 -186.1236 13.8383 -73.94549
44.3535 -187.9066 14.7675 -73.945476
44.8726 -189.5685 15.6922 -73.945465
45.4404 -191.1005 14.5715 -73.945456
46.1386 -192.9259 14.1459 -73.945449
46.6287 -194.8895 13.783 -73.945444
47.9055 -196.4354 13.3908 -73.945441
49.0241 -197.9564 13.467 -73.945439
49.8322 -199.3762 13.2319 -73.945437
51.04 -200.3986 12.0409 -73.945437
-16.8109 -27.3553 2.8101 -73.968639
-17.497 -28.3029 4.2038 -73.968456
-18.1984 -29.271 5.5067 -73.968278
-18.2577 -29.3412 3.7473 -73.968072
-18.2679 -29.344 1.9276 -73.967871
-18.2781 -29.3467 0.108 -73.967676
-18.2883 -29.3494 -1.7116 -73.967488
-18.2985 -29.3522 -3.5313 -73.967305
-18.8534 -30.5664 -3.9808 -73.967126
-18.8107 -32.318 -3.8597 -73.966946
-19.3066 -34.0554 -3.7456 -73.966765
-18.9488 -34.5418 -2.2544 -73.966584
-18.3075 -35.7012 -1.0566 -73.966402
-18.003 -37.2922 -0.254 -73.966221
-17.2153 -38.7422 0.5062 -73.96604
-17.2992 -40.1694 1.5541 -73.965858
-17.1185 -41.7267 2.3954 -73.965676
-17.083 -42.8762 3.6698 -73.965492
-17.3639 -44.4413 4.545 -73.965309
-18.2212 -45.6938 5.2818 -73.965127
-18.9632 -46.7735 4.1464 -73.964945
-19.2427 -47.6114 2.5633 -73.964762
-19.7572 -49.1601 2.2576 -73.96458
-20.0441 -50.8741 2.5491 -73.964399
-20.3286 -52.4364 3.2684 -73.964219
-19.8077 -53.8024 3.6098 -73.964039
-19.2008 -54.6661 2.2731 -73.963859
-18.7221 -56.0354 2.9434 -73.963679
-18.7365 -56.729 4.1896 -73.9635
-18.8997 -58.1413 5.2798 -73.963323
-18.8149 -59.8936 5.7078 -73.963148
-18.9822 -61.072 7.0484 -73.962974
-19.3934 -62.5349 8.0119 -73.962803
-19.547 -63.8484 9.0694 -73.962632
-19.5772 -65.5723 8.63 -73.962465
-19.258 -67.3139 8.3405 -73.962301
-19.7508 -69.0603 8.364 -73.96214
-19.9946 -70.8175 8.7102 -73.961981
-19.8037 -72.5539 9.1873 -73.961825
-19.7201 -74.3251 9.5635 -73.961673
-20.2567 -75.9938 9.7611 -73.961524
-19.7758 -77.7066 9.8918 -73.961379
-19.8692 -79.394 10.0722 -73.961238
-20.6153 -80.6503 10.7965 -73.961102
-20.8101 -82.0334 11.1362 -73.96097
-21.8468 -83.2751 10.5156 -73.960843
-22.3598 -84.646 11.4203 -73.960721
-22.8139 -86.2646 12.0203 -73.960604
-22.9433 -87.4114 13.1988 -73.960492
-23.2601 -88.7922 14.1473 -73.960386
-23.5187 -90.5915 14.1567 -73.960287
-23.7693 -92.3875 14.2837 -73.960193
-23.9193 -94.161 14.5659 -73.960106
-24.765 -95.4177 14.2775 -73.960026
-25.6946 -96.5629 13.7452 -73.959952
-26.3361 -98.2508 13.7081 -73.959886
-26.22 -99.6251 14.4174 -73.959826
-26.029 -100.2322 16.1217 -73.959773
-25.98 -100.9366 17.7977 -73.959728
-26.1774 -101.1961 19.58 -73.959691
-26.4133 -101.3806 21.3748 -73.959663
-26.5757 -102.9017 22.0388 -73.959644
-26.565 -104.1061 22.8298 -73.959634
-10.4886 -18.1238 0.6694 -73.970115
-10.4015 -18.057 0.4643 -73.969963
-11.3637 -19.3353 1.4826 -73.969782
-12.4409 -20.4928 2.3203 -73.96957
-13.7335 -21.882 2.6066 -73.969339
-14.3525 -23.4451 1.6476 -73.969108
-14.7639 -24.7529 0.4153 -73.968877
-15.0123 -25.6795 -1.2982 -73.968644
-14.7483 -27.3027 -2.2341 -73.968411
-14.1682 -28.7546 -3.3613 -73.968177
-14.1335 -30.3237 -2.5621 -73.967942
-14.176 -32.0715 -1.7097 -73.967707
-14.076 -33.7889 -0.9359 -73.967472
-13.8862 -35.6563 -1.4771 -73.967235
-13.5408 -37.5381 -1.8551 -73.966998
-12.9254 -39.3671 -2.0095 -73.96676
-12.8947 -41.2639 -2.5483 -73.966522
-12.5093 -43.0891 -2.3969 -73.966282
-11.8636 -44.7358 -1.5183 -73.966041
-11.3409 -46.4019 -0.6056 -73.965799
-11.0233 -47.5467 0.9658 -73.965555
-10.5913 -48.4457 2.6789 -73.965312
-10.1405 -50.0833 3.3431 -73.965068
-10.2934 -51.7904 2.9275 -73.964824
-10.88 -52.8858 1.4404 -73.964578
-11.0363 -54.4811 1.7038 -73.964332
-11.1458 -56.3254 2.378 -73.964085
-10.357 -57.7555 3.4384 -73.963838
-10.1358 -58.8326 4.9901 -73.96359
-10.3077 -60.6124 5.6598 -73.963342
-11.2813 -62.2927 6.0116 -73.963093
-11.7958 -64.1934 6.181 -73.962844
-12.4342 -66.0517 6.3974 -73.962594
-11.9522 -67.7789 6.8906 -73.962343
-11.6762 -69.0382 8.2561 -73.962092
-11.713 -70.0381 9.9612 -73.961842
-11.8555 -70.9146 11.6774 -73.961589
-12.8132 -71.5235 13.2459 -73.961338
-13.5753 -72.2336 12.7301 -73.961086
-14.1638 -73.7043 11.8882 -73.960835
-14.4131 -75.2707 10.815 -73.960585
-13.5782 -77.0011 10.3425 -73.960334
-13.3259 -78.9499 10.1371 -73.960084
-13.3622 -80.9141 10.3308 -73.959834
-14.2376 -82.5066 10.9807 -73.959586
-14.7845 -84.1023 11.9265 -73.959338
-15.3519 -85.4422 12.6525 -73.95909
-15.7865 -86.6616 12.098 -73.958843
-16.5522 -87.7496 13.5364 -73.958598
-17.1687 -89.5648 13.8022 -73.958354
-18.2162 -91.1682 13.885 -73.958111
-19.5493 -92.634 13.9514 -73.95787
-20.3209 -94.4426 13.8656 -73.95763
-21.0095 -96.2837 13.6721 -73.957393
-21.3384 -97.8523 13.9673 -73.957155
-21.6939 -97.8965 15.9193 -73.956916
-22.3276 -98.0602 17.7316 -73.956683
-21.887 -98.9874 16.7979 -73.95645
-22.8153 -99.7306 15.3374 -73.956223
-24.3779 -100.6691 14.7056 -73.955999
-24.3457 -102.6276 14.3888 -73.955779
-24.5768 -104.5617 14.2213 -73.955562
-24.8282 -106.5067 14.2205 -73.955348
-25.0574 -108.4614 14.1941 -73.955139
-25.5558 -110.3378 14.0236 -73.954934
-26.9412 -111.6652 13.5497 -73.954732
-27.6548 -113.1993 12.651 -73.954536
-27.9593 -114.1646 11.0361 -73.954341
-28.3565 -115.3746 10.0919 -73.954155
-29.1471 -116.4978 9.0352 -73.953973
-29.5399 -117.0458 7.1689 -73.953795
-29.9596 -117.6548 5.3281 -73.953623
-30.9613 -118.935 4.5188 -73.953459
-32.1435 -120.2324 4.6581 -73.953301
-32.9363 -121.0473 6.2793 -73.953148
-33.621 -122.2206 7.5953 -73.953002
-33.9105 -123.585 8.7937 -73.952863
-34.4873 -124.3869 10.3397 -73.95273
-35.0405 -125.7656 11.4307 -73.952605
-34.701 -127.6323 11.772 -73.952487
-35.3063 -129.4991 11.9181 -73.952376
-35.9903 -131.3268 11.7835 -73.952272
-37.6819 -132.1342 11.31 -73.952175
-38.5009 -133.4806 10.3217 -73.952085
-38.4967 -134.7419 8.9782 -73.952003
-39.2613 -136.1191 9.0235 -73.951928
-39.6486 -137.8732 9.0943 -73.95186
-40.3927 -139.5578 8.4232 -73.951799
-41.3357 -141.2284 8.0319 -73.951746
-41.7461 -143.1332 7.6854 -73.9517
-42.0138 -145.0056 7.4829 -73.951662
-41.9887 -146.6225 8.5512 -73.951631
-43.1363 -148.1444 8.915 -73.951607
-43.8626 -149.8828 8.3731 -73.951591
-44.926 -151.4033 7.7386 -73.951583
-9.353 -14.8211 0.2731 -73.970743
-11.0559 -15.5864 0.7158 -73.970549
-12.8605 -15.9487 1.177 -73.970311
-14.323 -16.6873 2.6356 -73.969872
-15.6273 -17.7486 4.2904 -73.969504
-16.5612 -19.3299 4.837 -73.969337
-17.0333 -20.2944 6.2453 -73.96915
-17.8874 -21.5361 7.3823 -73.968959
-18.8508 -22.9769 8.1796 -73.968768
-19.5099 -24.5801 8.9543 -73.968577
-19.7318 -25.6734 10.3712 -73.968383
-19.6375 -26.5275 11.987 -73.968188
-20.9183 -27.5166 12.4491 -73.967995
-21.2964 -29.0814 13.3143 -73.9678
-21.83 -30.7644 14.0149 -73.967605
-22.4092 -32.288 14.7504 -73.967408
-23.1716 -32.8787 16.4102 -73.967209
-23.4458 -33.3976 17.1662 -73.967012
-23.9797 -35.1098 17.8018 -73.966814
-25.2888 -36.4276 18.1128 -73.966616
-26.4013 -37.9363 18.2431 -73.966417
-27.2908 -39.5473 18.3867 -73.966218
-28.9068 -40.2841 18.3568 -73.966018
-28.8386 -41.8551 18.071 -73.965818
-30.0593 -43.3052 18.0707 -73.965617
-30.6546 -44.9959 18.2212 -73.965416
-31.4097 -46.5757 18.3297 -73.965215
-32.6885 -47.8644 18.2798 -73.965013
-33.6705 -49.4532 18.3794 -73.964813
-34.3435 -51.1833 18.7706 -73.964612
-35.0428 -52.643 19.7515 -73.964412
-35.9334 -53.9164 20.8542 -73.964212
-36.4958 -55.5633 21.6175 -73.964014
-37.1515 -57.2664 22.1901 -73.963816
-37.503 -58.9135 22.7742 -73.963619
-37.2767 -60.629 23.5408 -73.963422
-38.3487 -62.1152 24.0868 -73.963227
-38.7835 -63.8894 24.6417 -73.963034
-39.0307 -65.5698 25.4324 -73.962843
-39.2448 -67.4312 25.7075 -73.962653
-39.4113 -69.2406 26.1323 -73.962466
-38.2265 -70.1613 27.1367 -73.962281
-37.9293 -71.6381 28.1838 -73.962097
-36.7386 -72.8721 28.5562 -73.961917
-35.4143 -74.1273 28.8617 -73.961741
-33.8413 -75.1427 29.2839 -73.961563
-32.9832 -76.7229 29.5771 -73.961393
-33.6399 -75.092 29.1649 -73.961224
-33.1635 -76.3575 28.5144 -73.961059
-32.6394 -77.9449 29.3953 -73.960899
-31.5586 -79.4236 29.8926 -73.960741
-30.8094 -81.0765 30.3763 -73.960589
-31.5811 -82.6547 30.6865 -73.960443
-31.7168 -84.5489 30.8274 -73.960303
-31.5105 -86.4537 30.8357 -73.960169
-31.5377 -88.3667 30.7633 -73.960041
-31.4829 -90.279 30.6456 -73.959919
-31.9235 -92.1277 30.4947 -73.959803
-32.2806 -93.9944 30.2829 -73.959694
-33.2826 -95.4749 30.073 -73.959592
-34.2923 -96.3147 29.212 -73.959497
-33.7984 -97.5646 29.0456 -73.959408
-33.365 -98.5644 30.3242 -73.959327
-34.9529 -99.5888 30.5864 -73.959254
-35.3561 -101.2379 30.5528 -73.959189
-35.425 -102.1901 29.7785 -73.959132
-35.4381 -103.6106 30.0236 -73.959083
-35.4329 -104.9525 28.8355 -73.959044
-35.4888 -106.6151 28.0477 -73.959013
-35.1318 -108.0258 29.2064 -73.958992
-34.5346 -109.5447 30.0645 -73.958982
-15.445 -16.6758 3.4162 -73.969502
-17.1123 -16.5493 2.7023 -73.969338
-18.8242 -16.1183 2.2844 -73.969153
-20.5247 -15.3962 2.2003 -73.968966
-22.3116 -15.3473 2.4856 -73.968779
-24.0423 -14.9367 2.9859 -73.96859
-25.7912 -14.8802 3.5418 -73.968401
-27.6376 -14.8877 3.7424 -73.968211
-29.4617 -14.8882 3.7168 -73.96802
-31.2202 -15.3922 3.5297 -73.967828
-32.7539 -15.8243 2.9445 -73.967634
-34.0829 -16.2305 1.7975 -73.96744
-35.3566 -17.1047 0.7776 -73.967245
-36.7811 -17.3591 0.0703 -73.96705
-38.4049 -17.2529 0.8951 -73.966855
-40.1857 -16.9717 1.2216 -73.966659
-41.9745 -17.3706 1.348 -73.966462
-43.6645 -17.7288 1.1737 -73.966264
-45.1638 -16.9527 0.472 -73.966066
-46.3865 -16.2335 -0.6264 -73.965867
-48.1583 -16.038 -0.1893 -73.965667
-49.5586 -16.5997 0.7893 -73.965466
-50.6275 -17.7832 1.5574 -73.965266
-52.4581 -17.9497 1.6886 -73.965065
-54.2203 -17.8442 1.1278 -73.964864
-55.6575 -18.4041 0.1681 -73.964662
-57.139 -19.2179 -0.5793 -73.964461
-58.8775 -19.6978 -0.9928 -73.96426
-60.4992 -20.5497 -0.8751 -73.964059
-62.2699 -20.9516 -0.784 -73.963859
-63.9605 -21.4851 -1.2025 -73.963657
-65.769 -21.6468 -1.2364 -73.963458
-67.4074 -21.948 -2.0416 -73.96326
-69.2303 -22.0478 -2.2783 -73.963062
-71.0405 -22.3933 -2.2 -73.962866
-72.76 -22.6876 -1.8978 -73.962671
-74.4248 -22.1245 -1.3042 -73.962477
-75.468 -21.5676 0.0962 -73.962285
-76.805 -21.0117 0.8974 -73.962094
-78.6304 -21.1688 0.7939 -73.961907
-80.2126 -21.6023 1.4208 -73.961722
-81.9055 -21.4802 1.8938 -73.96154
-83.3789 -20.5725 2.4839 -73.96136
-84.8475 -20.092 3.3977 -73.961184
-85.8797 -19.4106 4.4732 -73.961011
-86.9877 -17.9771 4.3817 -73.960842
-88.4094 -16.917 4.436 -73.960677
-89.1332 -16.2863 5.8123 -73.960514
-89.6827 -16.0961 7.5766 -73.960356
-90.6073 -14.9923 8.5732 -73.960204
-91.6573 -14.5236 9.9347 -73.960058
-92.216 -13.6924 11.4126 -73.959915
-93.3323 -12.5367 11.3011 -73.95978
-94.3529 -11.3333 10.4637 -73.959651
-95.9243 -11.359 10.3327 -73.959527
-97.085 -12.6874 10.4076 -73.95941
-98.637 -11.9209 10.4364 -73.9593
-99.8512 -10.5582 10.1484 -73.959197
-101.1467 -9.2581 9.9913 -73.959101
-102.9108 -8.8466 10.0308 -73.959012
-104.2043 -7.6318 10.4372 -73.958932
-105.7848 -7.7377 11.2376 -73.958859
-107.5295 -7.7352 11.7584 -73.958794
-108.7114 -6.5165 12.2914 -73.958738
-108.6826 -5.013 12.9437 -73.95869
-109.4316 -4.9691 14.0337 -73.95865
-110.9911 -5.321 13.2911 -73.95862
-112.3812 -4.7789 12.2565 -73.9586
-113.4541 -4.4164 10.8172 -73.95859
-15.5545 -17.632 4.3033 -73.969517
-16.8149 -18.3686 5.0193 -73.969387
-18.1535 -17.7371 5.9254 -73.969241
-19.3957 -17.6568 7.1162 -73.969092
-20.6245 -17.4395 8.329 -73.968943
-21.4073 -17.0773 9.8446 -73.968793
-22.3291 -16.4593 11.1562 -73.968644
-23.7986 -16.4039 12.1053 -73.968495
-24.636 -16.4397 13.5353 -73.968345
-26.0492 -16.413 14.4153 -73.968195
-26.5091 -16.6788 16.0866 -73.968043
-27.6416 -17.5424 16.452 -73.967894
-28.9683 -17.6171 17.1518 -73.967745
-30.2529 -16.8642 18.0015 -73.967597
-31.8112 -16.9615 18.7079 -73.967448
-32.7125 -16.0015 17.8716 -73.967299
-33.9732 -15.3124 17.8919 -73.967151
-35.5154 -14.9405 18.541 -73.967003
-36.8148 -15.2621 19.6037 -73.966856
-38.1095 -15.3947 20.6532 -73.966709
-39.3709 -15.3085 20.5665 -73.966562
-39.9084 -15.4165 22.2463 -73.966414
-41.4898 -16.1032 22.568 -73.966269
-43.1935 -16.3081 22.9719 -73.966126
-44.8671 -16.1005 23.426 -73.965984
-46.5874 -16.255 23.8037 -73.965843
-48.2806 -16.146 24.1613 -73.965705
-49.8848 -15.6408 24.6252 -73.965569
-51.569 -15.5809 25.1077 -73.965435
-53.1934 -15.8717 25.7123 -73.965303
-54.8397 -16.0518 26.2602 -73.965174
-56.4663 -15.7486 26.8593 -73.965049
-57.6381 -14.8744 27.7621 -73.964927
-58.8394 -13.7889 28.4214 -73.964808
-60.1932 -13.1386 29.3328 -73.964693
-61.8304 -12.6017 29.6751 -73.964583
-63.5039 -12.1508 29.7076 -73.964476
-64.8861 -11.121 29.4315 -73.964375
-65.5954 -10.0293 28.2627 -73.964278
-66.3587 -9.069 29.1123 -73.964186
-67.3994 -7.9254 29.8988 -73.9641
-68.8854 -7.8686 29.963 -73.96402
-70.5505 -7.352 29.9726 -73.963946
-72.0497 -6.4284 30.0037 -73.963879
-73.5599 -5.5098 29.9785 -73.963818
-74.8786 -4.3323 29.9264 -73.963763
-76.2236 -3.1844 29.9023 -73.963718
-77.2186 -1.7362 29.9278 -73.963681
-78.2778 -0.5048 29.7779 -73.963652
-79.9939 -0.3567 29.5292 -73.963632
-81.6519 -0.1123 29.479 -73.963622
-15.2282 -17.1379 4 -73.969572
-15.8134 -17.8487 4 -73.969564
-16.4306 -18.5318 4 -73.96956
-13.8552 -16.3527 0.6773 -73.970165
-6.8126 -12.9962 0.0714 -73.970875
-5.8684 -15.48 0.0572 -73.970697
-5.4058 -18.0693 0.0621 -73.970471
-4.8048 -20.6622 0.1442 -73.970189
-4.2378 -23.1032 0.3354 -73.969841
-4.2185 -23.3173 3.0099 -73.969279
-4.1991 -23.5292 5.6846 -73.968717
-3.9404 -24.0329 8.0609 -73.968167
-2.9465 -26.4423 7.8893 -73.967612
-2.9898 -29.1239 7.9366 -73.967047
-2.8312 -31.7921 8.079 -73.966471
-2.7737 -34.4658 8.0848 -73.965883
-3.1335 -36.1267 6.8772 -73.965273
-2.9668 -36.5649 4.2354 -73.964651
-3.5563 -38.3842 2.8887 -73.964026
-4.3063 -40.3834 1.497 -73.963385
-4.1208 -42.6459 0.2252 -73.962732
-4.2362 -43.7827 0.8959 -73.962215
-3.8312 -43.4159 2.8085 -73.961852
-3.4263 -43.0492 4.7211 -73.961498
-3.0214 -42.6825 6.6338 -73.961153
-2.6164 -42.3158 8.5464 -73.960817
-2.2115 -41.949 10.459 -73.96049
-1.8006 -41.5642 12.3611 -73.960171
-1.0504 -39.8462 12.7392 -73.959849
0.1758 -38.6585 13.5417 -73.959527
1.5902 -38.0395 13.8599 -73.959201
3.2347 -39.0768 14.2093 -73.958876
3.2862 -40.8715 14.6526 -73.958549
3.0921 -42.2179 15.9515 -73.95822
3.289 -43.8273 17.0278 -73.957891
3.7676 -45.0577 18.3989 -73.957559
5.3853 -45.2551 17.5078 -73.957226
6.4565 -45.5185 16.2146 -73.956885
6.4601 -45.5688 14.2263 -73.956543
7.3041 -46.1013 15.3965 -73.9562
7.7212 -46.6728 17.2551 -73.955854
8.2906 -47.8462 18.7417 -73.955509
8.7291 -49.4862 19.2615 -73.955255
9.1255 -50.9461 19.7272 -73.9551
10.0364 -52.2198 19.9693 -73.954947
10.7133 -53.6545 20.0389 -73.954795
11.8089 -54.3454 19.5071 -73.954643
12.1976 -54.6669 17.9921 -73.954493
13.1099 -54.8336 16.8714 -73.954345
13.5838 -54.6626 15.3738 -73.954191
13.6588 -54.6533 13.7788 -73.954016
13.7337 -54.644 12.1838 -73.95385
13.8087 -54.6347 10.5888 -73.95369
13.8837 -54.6254 8.9938 -73.953538
13.9586 -54.6161 7.3988 -73.953393
14.0336 -54.6068 5.8038 -73.953254
14.1085 -54.5975 4.2088 -73.953123
14.1663 -54.5744 2.6132 -73.95298
14.2206 -54.5486 1.0176 -73.952838
14.2749 -54.5228 -0.5781 -73.952703
14.3293 -54.497 -2.1737 -73.952576
14.3836 -54.4712 -3.7694 -73.952456
14.4379 -54.4454 -5.365 -73.952343
13.7113 -55.8095 -5.5929 -73.952235
13.1825 -57.2536 -6.0072 -73.95213
12.9567 -58.7053 -6.561 -73.952028
12.6682 -60.0281 -7.37 -73.95193
12.3514 -61.5353 -7.7387 -73.951836
11.9771 -63.0578 -7.8716 -73.951746
11.7617 -64.6275 -7.7751 -73.95166
11.4655 -65.9109 -8.3481 -73.951578
11.6675 -66.9063 -9.5712 -73.9515
11.728 -68.3207 -9.6289 -73.951425
11.6975 -68.4625 -8.07 -73.951355
11.4235 -69.5735 -7.0162 -73.951289
11.1196 -70.8404 -6.109 -73.951228
11.0275 -71.8722 -4.9846 -73.95117
11.2426 -73.2528 -4.3725 -73.951117
10.7531 -74.6674 -3.9199 -73.951068
10.425 -76.2016 -3.7062 -73.951023
10.77 -77.7411 -3.6532 -73.950983
11.0786 -79.2552 -3.6604 -73.950947
11.425 -80.7723 -3.755 -73.950915
11.2996 -82.2807 -4.0128 -73.950888
11.9706 -83.6675 -4.3963 -73.950865
12.7118 -84.5829 -3.8154 -73.950846
13.1706 -85.4159 -2.5821 -73.950832
13.3664 -86.853 -1.9391 -73.950822
13.3682 -87.667 -0.8755 -73.950817
8.6263 -48.9248 19.7774 -73.955266
8.971 -49.5407 20.9869 -73.955133
9.2099 -51.0475 20.8184 -73.955003
10.0927 -52.2943 20.5532 -73.954876
10.6868 -53.724 20.4404 -73.954751
11.4461 -54.1517 19.6321 -73.954626
11.5442 -54.2966 18.1881 -73.954504
12.9332 -54.8812 18.406 -73.954386
13.2774 -55.294 19.8309 -73.954268
13.7729 -56.2787 20.5319 -73.954154
14.3885 -57.7019 20.5127 -73.954043
15.16 -59.0485 20.6431 -73.953935
15.6443 -60.0525 21.5504 -73.95383
16.2084 -60.988 22.5631 -73.953727
17.2577 -61.2039 23.519 -73.953628
18.4454 -61.8839 23.9975 -73.953532
19.1422 -63.2514 24.2481 -73.953439
19.671 -63.8624 25.3071 -73.953349
20.2623 -64.3588 26.3522 -73.953262
21.638 -65.0559 26.1487 -73.95318
22.7173 -66.1327 25.8633 -73.953097
23.7256 -67.2733 25.5197 -73.953018
24.6112 -68.47 25.1932 -73.952946
24.9681 -69.954 24.971 -73.952879
24.9964 -70.9802 24.2159 -73.952811
24.9684 -71.117 22.6615 -73.952746
24.9404 -71.2538 21.1072 -73.952686
24.9124 -71.3907 19.5528 -73.952632
24.8648 -71.4567 17.9963 -73.952582
24.9221 -71.7069 16.7213 -73.952538
25.4185 -72.6144 17.5247 -73.952496
25.5779 -72.8182 19.0637 -73.952459
25.6724 -73.1458 20.5059 -73.952426
25.5385 -73.7136 21.7923 -73.952397
25.5469 -73.9336 23.3373 -73.952373
25.5553 -74.1535 24.8823 -73.952353
26.4257 -75.2629 24.9859 -73.952338
26.2037 -76.801 24.991 -73.952328
26.3234 -78.3421 25.0702 -73.952323
-4.7208 -44.7161 -0.023 -73.962301
-5.1299 -46.1818 0.6944 -73.962104
-5.3697 -46.9913 2.259 -73.961906
-5.7718 -48.0995 3.5791 -73.961709
-6.3113 -49.4357 4.5711 -73.961512
-6.1052 -51.0319 5.3148 -73.961316
-5.9754 -52.7323 5.8136 -73.961119
-5.3005 -54.3124 6.0843 -73.960923
-5.5666 -55.9139 6.2159 -73.960726
-6.3626 -57.4622 6.4728 -73.96053
-7.4327 -58.7683 6.9386 -73.960334
-8.3123 -60.0607 7.6969 -73.960137
-9.2075 -61.5771 7.5449 -73.959942
-10.0182 -63.1512 7.7642 -73.959746
-10.4982 -64.8336 7.9938 -73.959551
-11.098 -66.494 8.2496 -73.959355
-11.5795 -68.0917 8.8213 -73.95916
-11.4778 -69.48 9.814 -73.958966
-11.3768 -70.9824 10.6772 -73.958772
-11.1615 -72.6665 10.9417 -73.958578
-11.9531 -74.0675 10.3517 -73.958384
-12.2253 -75.2856 9.1163 -73.958192
-12.386 -76.5528 7.8889 -73.958
-12.4919 -77.8973 6.8778 -73.957809
-12.6418 -79.6702 6.7282 -73.95762
-12.8923 -81.2283 7.3625 -73.957431
-13.0636 -82.0267 8.8276 -73.957242
-12.8375 -83.2389 8.8894 -73.957055
-12.4716 -84.694 8.0205 -73.95687
-12.6797 -85.5671 7.0599 -73.956686
-12.5183 -84.1321 6.1622 -73.956503
-12.5292 -84.0813 7.3739 -73.956321
-11.895 -85.6688 7.8198 -73.956141
-11.5229 -87.2946 8.4116 -73.955964
-10.3324 -88.1124 9.2259 -73.955789
-10.675 -89.8262 9.467 -73.955616
-11.2148 -91.4903 9.7261 -73.955446
-11.4919 -93.2205 9.9224 -73.95528
-11.8689 -94.9605 9.9938 -73.955116
-12.2215 -96.7085 9.9892 -73.954956
-12.5548 -98.4528 9.9031 -73.954799
-13.101 -100.1246 9.6027 -73.954646
-13.6123 -101.6942 9.0552 -73.954497
-14.5178 -102.8115 8.0351 -73.954351
-14.732 -103.8321 6.6289 -73.954209
-14.736 -104.949 5.3416 -73.954071
-14.7897 -105.5564 3.6632 -73.953937
-14.9175 -106.1934 2.0059 -73.953809
-14.8119 -107.3154 0.66 -73.953686
-14.3904 -108.3157 -0.7477 -73.953568
-14.0768 -109.6227 -1.5126 -73.953455
-14.1581 -111.3783 -1.2027 -73.953348
-14.4574 -112.7137 -0.3129 -73.953246
-14.5581 -113.8268 1.0481 -73.953149
-14.5629 -114.7419 2.5821 -73.953058
-14.3372 -115.8187 3.9677 -73.952973
-14.0073 -116.8255 5.38 -73.952893
-13.5104 -118.0936 6.4955 -73.952819
-13.0668 -119.695 6.5246 -73.952751
-12.4966 -121.0534 5.5568 -73.952689
-12.0851 -122.6625 5.1356 -73.952632
-12.5004 -124.2153 4.474 -73.952581
-12.6759 -125.9354 4.076 -73.952537
-13.0189 -127.5669 3.9008 -73.952498
-13.6129 -129.2115 3.7998 -73.952466
-14.5095 -130.7248 3.617 -73.95244
-15.1909 -132.314 3.2206 -73.95242
-16.0458 -133.6469 2.4524 -73.952406
-17.0046 -135.0632 2.0492 -73.952399
-3.6471 -8.0538 -0.0157 -73.971097
-1.3228 -8.9468 -0.0471 -73.970959
0.9314 -9.9936 -0.0832 -73.970811
2.6625 -11.7633 -0.1495 -73.97063
3.884 -13.4015 -0.8686 -73.970343
4.2751 -14.1359 -3.2157 -73.969713
4.6663 -14.8703 -5.5627 -73.969093
5.0575 -15.6047 -7.9097 -73.968484
5.4487 -16.3392 -10.2567 -73.967886
5.5082 -15.6747 -11.481 -73.967439
5.7528 -14.1284 -10.9972 -73.967164
5.1317 -14.013 -9.0503 -73.966883
5.6382 -14.026 -8.2186 -73.966588
7.6439 -14.2766 -7.8039 -73.966289
9.6042 -14.0356 -7.3728 -73.965997
11.4824 -13.5321 -6.7322 -73.9657
12.4397 -13.1153 -5.3274 -73.965398
13.1732 -12.7275 -3.4442 -73.965089
14.0029 -12.5015 -1.5695 -73.964774
14.9232 -12.6143 0.2611 -73.964455
16.0509 -12.8503 1.9217 -73.964132
17.2291 -12.7352 3.6117 -73.9638
18.6969 -13.072 4.9744 -73.96347
20.4387 -12.843 5.9867 -73.963135
22.2399 -12.9948 6.2182 -73.962893
23.7688 -13.3762 5.9788 -73.96275
25.0057 -12.6222 5.3936 -73.962607
26.3571 -12.2571 4.8087 -73.962465
27.8738 -11.9691 4.5669 -73.962324
29.2461 -11.1445 4.4391 -73.962184
30.8012 -10.7714 4.3716 -73.962046
32.3851 -10.5715 4.2891 -73.961908
33.2233 -10.1298 4.9983 -73.961771
34.0663 -9.8024 5.9221 -73.961636
35.5597 -9.845 6.5062 -73.961502
36.9026 -9.7278 7.2501 -73.96137
38.2463 -9.5474 7.9246 -73.96124
39.7277 -9.1425 8.3952 -73.961112
41.1759 -8.7377 8.951 -73.960986
42.5633 -8.3419 9.5488 -73.960862
43.7337 -8.1277 8.583 -73.96074
45.1311 -8.0308 7.9631 -73.960621
46.5242 -8.3092 7.3517 -73.960506
47.4104 -8.3281 6.0274 -73.960392
48.547 -8.1523 4.9694 -73.960282
50.1277 -8.0481 4.8161 -73.960176
51.0302 -8.412 5.9293 -73.960072
52.4231 -8.5023 6.17 -73.959972
53.895 -8.5955 6.6905 -73.959876
54.9911 -8.7652 7.7616 -73.959785
56.4893 -8.9904 7.679 -73.959698
57.587 -10.1308 7.9043 -73.959615
59.0801 -10.6364 8.1455 -73.959537
60.6014 -11.0022 8.4608 -73.959463
61.9959 -11.5958 8.0265 -73.959395
62.9752 -11.9724 7.058 -73.959331
63.4644 -12.0743 5.5381 -73.959273
64.0395 -11.9612 4.047 -73.959219
64.4337 -11.9546 2.4888 -73.959171
64.823 -11.932 0.9297 -73.959129
65.2041 -11.8836 -0.6309 -73.959094
65.5558 -11.8356 -2.1985 -73.959065
65.8976 -11.7879 -3.7682 -73.959043
66.4194 -11.7876 -5.282 -73.959029
66.4944 -12.5596 -6.6605 -73.959021
21.8035 -12.9643 5.5087 -73.962868
22.2928 -12.8975 4.0421 -73.96268
22.782 -12.8307 2.5755 -73.962499
23.2713 -12.7639 1.1089 -73.962325
23.7606 -12.6971 -0.3578 -73.962159
24.2499 -12.6303 -1.8244 -73.962
24.7391 -12.5635 -3.291 -73.961848
25.2284 -12.4967 -4.7576 -73.961703
25.7177 -12.4299 -6.2242 -73.961565
26.2069 -12.363 -7.6908 -73.961434
26.8935 -12.3131 -8.9994 -73.961309
27.9931 -12.1349 -10.0456 -73.961186
29.4155 -12.0244 -10.5719 -73.961066
30.9321 -12.139 -10.7879 -73.960948
32.4337 -12.4908 -10.7732 -73.960832
33.7283 -13.0404 -10.3346 -73.960719
34.9591 -13.7394 -9.781 -73.960608
36.3049 -14.3754 -9.3611 -73.9605
37.7863 -14.4064 -8.971 -73.960394
38.9765 -14.4204 -8.3072 -73.96029
39.509 -14.5028 -6.8771 -73.96019
40.803 -14.1184 -7.3333 -73.960095
42.1172 -13.7343 -7.9502 -73.960004
43.481 -14.2451 -8.4653 -73.959916
44.8322 -14.6862 -9.0455 -73.959833
46.2199 -15.1571 -9.5418 -73.959753
47.4998 -15.7968 -10.1041 -73.959678
48.4919 -16.341 -10.9949 -73.959608
49.2648 -16.5571 -12.2212 -73.959542
50.6437 -17.0063 -12.5265 -73.959481
52.1626 -17.2199 -12.7123 -73.959425
53.5098 -17.9199 -12.5815 -73.959375
54.8261 -18.5114 -12.0649 -73.95933
56.0144 -19.3898 -11.6485 -73.959291
57.1511 -20.3793 -11.2981 -73.959258
58.5784 -20.83 -11.009 -73.959231
59.5198 -21.3446 -11.6244 -73.95921
59.9152 -21.5013 -13.1121 -73.959196
60.3293 -21.6363 -14.5919 -73.959189
5.542 -17.4481 -11.9734 -73.967481
5.2752 -19.0549 -12.8511 -73.967295
4.5319 -20.5356 -13.6308 -73.967109
4.2842 -21.2679 -12.1504 -73.966919
4.5234 -21.5541 -11.2061 -73.966732
5.0916 -22.5097 -9.9139 -73.966542
5.6355 -23.6108 -8.5295 -73.966353
6.4022 -24.9693 -7.5369 -73.966163
6.6335 -26.3097 -6.3211 -73.965973
7.1852 -27.3717 -7.4784 -73.965781
7.7638 -28.2275 -9.037 -73.965589
9.1599 -28.8455 -10.0123 -73.965398
10.2945 -29.4271 -11.2255 -73.965206
12.0307 -29.9265 -10.7637 -73.965013
13.7255 -30.5864 -10.4924 -73.96482
15.1918 -31.515 -11.0288 -73.964627
16.7178 -31.6949 -12.0524 -73.964434
18.2188 -31.9125 -13.1144 -73.96424
19.9511 -32.1969 -13.7295 -73.964046
21.5074 -33.0418 -14.1745 -73.963845
22.8543 -34.2615 -14.6414 -73.963643
24.0059 -35.5947 -15.1729 -73.963449
24.5296 -37.1036 -15.7174 -73.963254
24.7232 -37.5624 -17.5262 -73.963057
25.1008 -38.2263 -19.2142 -73.962861
26.3789 -39.4506 -19.5884 -73.962668
28.1291 -39.8596 -20.0602 -73.962476
29.3513 -39.6098 -21.3429 -73.962283
30.6809 -38.9744 -22.3478 -73.962092
31.8544 -39.4408 -23.699 -73.961901
32.7072 -40.1312 -24.5207 -73.961711
34.1875 -40.0661 -24.2388 -73.961522
35.3747 -39.954 -25.6606 -73.961335
36.0556 -40.1808 -27.3735 -73.961147
37.1117 -40.5409 -28.8636 -73.960962
37.9499 -40.8975 -30.5002 -73.96078
38.8019 -40.6861 -32.1277 -73.960599
39.8174 -40.5169 -33.6425 -73.960421
40.8901 -40.7217 -35.068 -73.960247
42.5305 -41.61 -35.2384 -73.960076
44.3755 -41.8861 -35.4176 -73.959907
45.9871 -42.2694 -36.0731 -73.959743
47.4878 -43.2765 -36.1873 -73.959578
49.3319 -43.6209 -36.2065 -73.959415
51.1887 -43.712 -36.2324 -73.95926
53.0372 -43.4731 -36.3042 -73.959111
54.8899 -43.6769 -36.497 -73.958966
56.6959 -43.5991 -36.9065 -73.958826
58.2639 -44.1277 -37.6876 -73.958691
59.5341 -44.5902 -38.7803 -73.95856
60.5988 -45.0677 -39.8571 -73.958436
61.8729 -46.2433 -40.1922 -73.958317
63.3313 -46.5896 -41.0735 -73.958204
64.0217 -46.6763 -42.7931 -73.958097
64.5704 -46.7494 -44.583 -73.957996
64.8703 -46.6711 -46.4334 -73.957897
65.1687 -46.5915 -48.2839 -73.957809
65.5964 -46.5388 -50.1097 -73.957727
65.7108 -46.4215 -51.9702 -73.957647
65.6981 -46.2783 -53.8407 -73.957574
65.6854 -46.1351 -55.7113 -73.957512
65.6727 -45.9919 -57.5819 -73.957459
65.7296 -45.7497 -59.4403 -73.957414
65.8135 -45.4694 -61.2934 -73.957377
66.0243 -45.0935 -63.1166 -73.95735
66.1717 -44.6856 -64.9394 -73.957331
66.3305 -44.1781 -66.4646 -73.957321
5.6517 -16.7814 -12.2027 -73.967376
5.689 -16.9607 -13.7308 -73.96699
5.7263 -17.14 -15.259 -73.966613
5.7636 -17.3194 -16.7872 -73.966247
5.8009 -17.4987 -18.3154 -73.96589
5.8383 -17.678 -19.8436 -73.965544
5.8756 -17.8574 -21.3717 -73.965207
5.9129 -18.0367 -22.8999 -73.96488
5.9502 -18.216 -24.4281 -73.964564
5.9875 -18.3954 -25.9563 -73.964257
6.0248 -18.5747 -27.4845 -73.96396
6.0621 -18.754 -29.0126 -73.963673
6.0994 -18.9334 -30.5408 -73.963396
6.1367 -19.1127 -32.069 -73.963128
6.1741 -19.292 -33.5972 -73.96287
6.2114 -19.4714 -35.1254 -73.962621
6.2487 -19.6507 -36.6536 -73.962381
6.286 -19.83 -38.1817 -73.962151
6.3233 -20.0094 -39.7099 -73.96193
6.3606 -20.1887 -41.2381 -73.961719
6.3979 -20.368 -42.7663 -73.961516
6.4352 -20.5474 -44.2945 -73.961321
6.4725 -20.7267 -45.8226 -73.961136
6.5099 -20.906 -47.3508 -73.960959
6.5472 -21.0854 -48.879 -73.96079
6.5845 -21.2647 -50.4072 -73.96063
6.6218 -21.444 -51.9354 -73.960478
6.6591 -21.6234 -53.4635 -73.960334
6.6964 -21.8027 -54.9917 -73.960197
6.7337 -21.982 -56.5199 -73.960068
6.771 -22.1614 -58.0481 -73.959947
6.8083 -22.3407 -59.5763 -73.959833
6.8457 -22.52 -61.1045 -73.959726
6.883 -22.6994 -62.6326 -73.959627
6.9394 -22.8766 -64.1572 -73.959534
8.1498 -22.8799 -64.1006 -73.959446
8.9886 -23.516 -62.989 -73.95936
9.9314 -24.3205 -62.1091 -73.959279
10.5435 -25.411 -61.3105 -73.959201
11.1641 -26.7642 -60.9602 -73.959127
11.7371 -28.177 -61.0516 -73.959057
12.2468 -29.4991 -61.4619 -73.958991
12.6299 -30.7915 -61.1111 -73.95893
13.0367 -32.212 -60.6823 -73.958872
13.4206 -33.6473 -60.2909 -73.95882
13.672 -35.0666 -59.8345 -73.958772
13.7802 -36.5811 -60.0484 -73.95873
13.7177 -38.0731 -60.4184 -73.958692
13.5658 -39.5761 -60.7091 -73.958661
13.3014 -41.0704 -60.6511 -73.958635
13.3571 -42.0105 -59.4467 -73.958615
13.5377 -43.0476 -58.3404 -73.958601
13.6333 -44.0606 -57.3331 -73.958595
-2.4565 -0.91 0.0523 -73.973188
-2.8293 2.667 0.2464 -73.975201
-3.0866 6.216 0.7208 -73.977264
-2.2413 9.6979 1.5153 -73.979386
-0.7404 12.7593 0.9662 -73.981552
0.227 15.8879 -1.0884 -73.983843
0.5524 20.1154 -1.9386 -73.986271
0.4575 24.418 -2.5408 -73.988778
0.4389 27.3767 -5.5178 -73.991375
-0.013 29.9656 -8.7108 -73.994062
-0.1419 14.3216 0.264 -73.98272
0.8616 14.8245 1.2959 -73.983453
2.5303 15.409 3.4469 -73.984839
5.0961 15.9466 3.8822 -73.986296
7.8356 16.5695 3.9069 -73.987839
10.5566 17.2922 4.0994 -73.989453
13.2701 17.9524 4.5537 -73.991157
15.8121 18.8134 4.7988 -73.992952
17.2134 19.7132 4.344 -73.994241
17.5574 19.3689 4.0634 -73.994141
-0.9274 14.3109 0.2417 -73.982698
-2.5488 14.1754 0.0246 -73.982553
-4.1702 14.04 -0.1925 -73.982427
-5.6969 13.9854 -0.1496 -73.982317
-6.0083 14.0245 0.9686 -73.98222
-4.7591 13.8534 0.1003 -73.982137
-4.5248 13.8442 -1.5168 -73.98205
-4.3735 13.8457 -3.1513 -73.981983
-4.2222 13.8471 -4.7858 -73.981938
-4.0708 13.8486 -6.4202 -73.981916
-3.7648 13.9278 -8.018 -73.981916
-3.1571 14.1597 -9.5252 -73.981942
-2.5409 14.9686 -10.6984 -73.981996
-0.6612 32.5013 -8.9792 -73.995763
-1.3441 34.6869 -8.6538 -73.997009
-2.5162 37.7967 -7.959 -73.998877
-4.0883 40.798 -9.2426 -74.000773
-6.1771 43.4321 -10.5669 -74.002696
-7.4526 45.9637 -12.4793 -74.00465
-8.199 48.9959 -14.3148 -74.006655
-8.488 52.2581 -16.0262 -74.008711
-8.9751 55.6713 -17.3793 -74.010796
-8.9724 59.3456 -17.9864 -74.01291
-8.8355 62.9598 -18.9326 -74.015053
-8.1651 65.7964 -21.101 -74.017228
-8.071 69.4931 -21.2598 -74.01943
-8.0725 72.7987 -19.5494 -74.021438
-8.8931 75.9303 -20.6534 -74.023003
-9.8467 77.8663 -22.8286 -74.024347
-10.916 79.9845 -24.8489 -74.025699
-11.8107 82.572 -26.461 -74.027123
-13.9622 85.1541 -28.0376 -74.028613
-15.428 87.4195 -30.0798 -74.030114
-16.2874 89.1284 -32.8169 -74.031357
-17.1302 91.8068 -33.4334 -74.032339
-16.6579 94.7355 -33.3269 -74.03332
-16.2793 97.4317 -32.2507 -74.034298
-16.0966 100.3779 -31.8618 -74.035273
-15.6048 103.2146 -31.8672 -74.036303
-15.0646 104.6984 -30.0846 -74.03738
-14.4099 106.6313 -31.3901 -74.038438
-13.9013 109.3975 -31.7321 -74.039478
-13.1382 112.1018 -31.8855 -74.040498
-12.0288 114.6912 -32.2205 -74.0415
-9.9615 116.491 -32.7147 -74.04248
-8.3964 118.5551 -33.6954 -74.043438
-7.0441 120.3709 -35.2413 -74.044372
-16.3107 103.1222 -31.2609 -74.036911
-17.0106 105.6108 -30.0258 -74.039178
-17.7104 108.0993 -28.7907 -74.041403
-18.4103 110.5878 -27.5556 -74.043585
-19.1321 113.0846 -26.3544 -74.045723
-20.0839 115.6275 -25.7828 -74.047845
-21.6544 117.8269 -26.4818 -74.049965
-22.4041 120.0541 -28.0006 -74.052086
-23.8204 121.9956 -29.2918 -74.054202
-16.2837 88.4956 -30.6847 -74.032247
-16.9057 88.45 -28.8674 -74.034982
-17.5277 88.4044 -27.0501 -74.037684
-18.1496 88.3588 -25.2328 -74.040351
-18.7716 88.3131 -23.4155 -74.042983
-19.3936 88.2675 -21.5982 -74.045581
-20.0155 88.2219 -19.7808 -74.048142
-20.6375 88.1763 -17.9635 -74.050668
-21.2595 88.1307 -16.1462 -74.053157
-21.8814 88.0851 -14.3289 -74.055609
-22.5034 88.0394 -12.5116 -74.058024
-23.1253 87.9938 -10.6943 -74.0604
-23.7473 87.9482 -8.8769 -74.062738
-24.3693 87.9026 -7.0596 -74.065037
-24.9912 87.857 -5.2423 -74.067296
-25.6132 87.8114 -3.425 -74.069514
-26.2352 87.7657 -1.6077 -74.071693
-26.8571 87.7201 0.2096 -74.073829
-27.4791 87.6745 2.0269 -74.075924
-28.1011 87.6289 3.8443 -74.077977
-28.723 87.5833 5.6616 -74.079986
-10.6474 82.0467 -25.97 -74.027014
-9.8973 83.5702 -26.7997 -74.028271
-8.9166 84.4636 -28.1497 -74.02954
-7.9416 85.635 -29.2349 -74.030821
-6.7633 86.7616 -30.2244 -74.03211
-5.9934 87.8877 -31.5 -74.03341
-4.805 89.0805 -31.9871 -74.034719
-4.0074 90.0975 -33.2964 -74.036046
-3.642 91.5318 -34.1524 -74.037374
-3.5504 92.2381 -35.0395 -74.038713
-2.6112 93.3175 -34.37 -74.040063
-1.4138 94.7914 -34.5426 -74.041414
-0.1697 96.0984 -35.117 -74.042771
0.8889 97.112 -35.3375 -74.044134
1.8787 97.6218 -33.8386 -74.045504
3.297 98.6527 -34.2066 -74.046869
4.478 100.1526 -34.2331 -74.048231
5.7259 101.6013 -34.2783 -74.049595
6.9236 103.076 -34.3329 -74.050952
8.2378 104.4594 -34.2789 -74.052305
9.708 105.6324 -34.1824 -74.053649
11.0242 106.9149 -34.1788 -74.054987
12.03 108.5293 -34.2938 -74.056314
12.8387 110.237 -34.4028 -74.057628
13.6986 111.9172 -34.2947 -74.058927
14.9808 113.3035 -34.0183 -74.060208
16.3534 114.5382 -33.5266 -74.061469
-8.0122 74.6652 -19.0128 -74.022936
-7.3733 74.7434 -17.1393 -74.024117
-6.2129 74.8717 -15.5661 -74.025297
-4.6588 75.1485 -14.4836 -74.026484
-2.9313 75.2005 -13.5318 -74.027683
-1.1908 75.5548 -14.025 -74.028893
0.2492 75.4182 -15.2751 -74.030116
1.6994 75.2949 -16.4498 -74.031345
3.456 75.8724 -16.5978 -74.032585
4.909 77.061 -16.0201 -74.033834
6.3489 78.0205 -15.2054 -74.03509
7.6777 78.1558 -16.557 -74.03636
9.1932 78.8939 -17.1669 -74.037633
10.3243 80.3116 -17.9293 -74.03891
11.8031 81.2429 -18.8099 -74.040191
13.3202 82.0201 -19.7154 -74.041475
14.672 82.8734 -20.8357 -74.042759
15.8195 84.0369 -21.4716 -74.044041
17.3968 85.0052 -21.5241 -74.045323
19.1523 85.9091 -21.6233 -74.046601
20.835 86.8367 -21.5731 -74.047875
22.3782 87.6805 -22.4819 -74.049145
23.6336 88.6822 -23.6145 -74.050405
25.3121 89.236 -24.4178 -74.051655
26.9271 90.1776 -25.069 -74.052919
28.5711 91.1435 -25.6063 -74.054182
30.1849 92.1759 -26.0934 -74.055395
31.906 93.0582 -26.3886 -74.056582
33.349 94.3802 -26.2354 -74.057747
34.682 95.7638 -25.7885 -74.058887
36.0698 96.9946 -25.1164 -74.059999
-9.1332 71.1226 -19.9391 -74.022002
-11.2049 71.3971 -19.3463 -74.024907
-12.2503 72.1505 -17.4371 -74.027874
-13.2771 72.9723 -16.3017 -74.030898
-15.0629 74.4381 -16.0237 -74.033975
-17.1889 75.3374 -15.9102 -74.037118
-18.7708 76.7954 -16.5998 -74.040325
-20.2396 77.7578 -18.0502 -74.043604
-21.4318 79.2493 -19.3169 -74.046944
-22.4493 80.8848 -20.0685 -74.049474
-23.644 82.5321 -19.9209 -74.051148
-25.2693 83.8199 -19.7197 -74.052838
-26.4282 85.5474 -19.5741 -74.054548
-27.4271 87.2915 -19.7394 -74.056278
-28.2555 88.0894 -18.5764 -74.058044
-28.4362 88.7812 -16.6121 -74.059836
-28.7184 89.4709 -14.6555 -74.061628
-28.5952 90.5234 -12.9306 -74.063431
-28.0087 92.2281 -11.8717 -74.065247
-28.1824 93.3344 -10.523 -74.067084
-28.881 94.9101 -9.3484 -74.068936
-29.1637 96.6406 -8.2343 -74.0708
-29.7507 98.589 -7.8416 -74.072677
-31.2546 100.014 -7.7767 -74.074567
-32.9856 101.1833 -7.8435 -74.076464
-34.438 102.6859 -7.93 -74.078377
-35.8645 104.1959 -8.077 -74.080298
-37.7492 105.0636 -8.2888 -74.082224
-39.7252 105.5106 -8.4883 -74.084163
-41.4274 106.5542 -8.4275 -74.086114
-22.5697 79.9845 -21.0657 -74.049599
-23.5049 79.5868 -23.0086 -74.051332
-24.7357 79.2357 -23.1851 -74.052903
-26.0186 79.7983 -22.2548 -74.054486
-27.6912 80.6895 -21.9109 -74.056083
-29.3246 81.7314 -21.4655 -74.057693
-31.1306 82.4861 -21.4143 -74.059315
-32.9071 83.2024 -21.5235 -74.060956
-34.8537 83.2248 -21.3716 -74.062609
-36.6622 83.819 -20.8419 -74.064278
-38.0322 83.5029 -19.5874 -74.065963
-39.4902 83.5562 -18.2934 -74.067658
-40.9141 84.0358 -17.0459 -74.069366
-42.4783 85.0996 -16.5078 -74.071079
-44.0118 86.2891 -16.2793 -74.072802
-45.0805 86.8165 -17.3328 -74.07457
-45.3985 87.0849 -19.2874 -74.076334
-46.0085 87.5938 -21.1008 -74.078109
-46.5256 87.8633 -23.0125 -74.079891
-47.0124 88.1443 -24.9307 -74.08168
-48.0466 88.8001 -25.8124 -74.08345
-49.3531 89.8139 -24.8517 -74.085224
-23.4169 79.5945 -22.041 -74.050547
-7.4755 47.1812 -14.128 -74.005786
-6.6397 46.9581 -15.442 -74.006069
-6.0885 47.0624 -16.854 -74.006342
-5.6785 47.4504 -18.3124 -74.006612
-5.0375 48.1975 -19.4234 -74.006875
-4.9376 48.8586 -20.8471 -74.007133
-4.8994 49.5688 -22.2208 -74.007384
-4.8067 50.8524 -23.1201 -74.007625
-4.348 52.1399 -23.896 -74.007867
-3.8636 53.4258 -24.6617 -74.008089
-3.2759 54.7308 -25.2965 -74.008292
-2.6137 56.0992 -25.6637 -74.008479
-1.9972 57.5231 -25.7699 -74.008649
-0.7472 58.4335 -25.8246 -74.008802
0.1834 59.5702 -25.9895 -74.008934
1.0556 60.8294 -26.3063 -74.009043
1.4265 62.1744 -26.9168 -74.009128
1.2466 63.3678 -27.9187 -74.009187
0.8615 64.5278 -28.8693 -74.009218
-1.2039 34.2315 -8.7378 -73.997228
-2.1645 36.692 -8.3921 -73.99953
-3.11 39.1845 -8.3928 -74.001885
-3.9026 40.3411 -6.7187 -74.004297
-4.4638 40.8393 -4.1593 -74.006776
-5.2514 41.2336 -1.6507 -74.00931
-6.4986 41.3875 0.6577 -74.011897
-6.9016 41.3668 3.1344 -74.014562
-8.3244 41.1475 5.0228 -74.017262
-9.0777 42.2825 6.6587 -74.019723
-10.4818 44.1286 6.7312 -74.021924
-12.0542 45.877 6.472 -74.024166
-13.7926 47.4551 6.7415 -74.026454
-14.3287 48.7274 8.6097 -74.028795
-14.2892 50.0448 10.5825 -74.031176
-14.3831 52.2013 11.5125 -74.033598
-15.4653 54.1641 11.5993 -74.036065
-15.9872 56.1264 10.7348 -74.038581
-15.9935 58.493 10.4465 -74.041141
-16.6674 59.2873 8.5547 -74.043766
-17.4698 59.7595 6.3608 -74.046436
-17.8092 61.9411 6.2291 -74.049143
-19.8136 62.8997 6.5069 -74.051908
-21.3274 63.1601 7.9551 -74.054737
-22.8218 64.0013 9.1439 -74.057142
-24.7396 64.6596 9.7419 -74.059101
-25.9313 65.6939 8.2209 -74.061088
-27.3521 67.091 7.1443 -74.063105
-27.8515 68.7801 5.7356 -74.06515
-28.9706 70.1238 4.2552 -74.06722
-29.8302 71.1977 2.3661 -74.069321
-30.5772 72.9481 2.3143 -74.071452
-31.2511 73.9836 4.3225 -74.073608
-31.8836 74.7971 6.3519 -74.075795
-33.4979 76.3178 6.0157 -74.077998
-35.3494 77.7054 5.6794 -74.080224
-36.2359 77.7987 3.4859 -74.08249
-36.823 78.2142 1.2302 -74.084782
-37.2962 78.8752 -1.0041 -74.087097
-38.0777 79.5243 -3.1351 -74.089422
-38.5828 79.8578 -5.4262 -74.091786
-40.1286 80.7679 -6.86 -74.094153
-41.8887 81.3717 -5.9333 -74.096546
-43.201 81.2826 -4.0378 -74.09897
-44.3102 81.7185 -2.0187 -74.101405
-23.2557 64.0561 8.131 -74.056818
-24.9649 64.9635 8.1844 -74.058127
-26.0616 65.9005 8.9001 -74.059477
-26.305 66.1448 10.8713 -74.06085
-26.4364 66.2766 12.8582 -74.062212
-26.7662 66.3845 14.8041 -74.063584
-28.2543 66.3369 15.7942 -74.064961
-29.7596 66.2207 16.7645 -74.066357
-29.8152 66.2528 18.7633 -74.067765
-30.2709 66.9957 19.6957 -74.069182
-31.7156 67.9135 20.4594 -74.070617
-32.1409 69.5247 21.5115 -74.072061
-33.0427 71.1208 22.2483 -74.073509
-33.7682 72.7602 23.0868 -74.074965
-34.714 74.4169 23.6586 -74.076423
-35.5114 76.0162 24.4887 -74.077886
-35.8784 77.7991 25.2812 -74.079355
-36.6919 79.4931 25.9091 -74.080825
-37.5921 81.2366 26.1638 -74.082293
-37.9648 82.9348 26.6532 -74.083769
-38.1232 84.1537 28.0096 -74.085235
-37.4894 85.6297 29.04 -74.086698
-37.0034 87.4849 29.1485 -74.088153
-36.7841 89.4485 29.2879 -74.089648
-36.3959 91.4052 29.448 -74.091128
-9.6387 41.5186 6.3846 -74.018975
-11.2133 41.8239 6.3128 -74.019651
-12.0979 42.4791 4.8865 -74.020343
-13.2557 43.35 3.9751 -74.02104
-14.2423 43.577 2.4577 -74.021748
-15.3556 43.71 1.0276 -74.022463
-15.9894 44.5732 -0.4476 -74.023187
-16.6871 45.12 -2.0478 -74.023917
-17.7188 45.8368 -3.2857 -74.024656
-18.5783 46.8498 -4.5254 -74.025401
-19.9074 47.2662 -5.6939 -74.026151
-21.5852 47.5437 -6.3542 -74.026904
-22.9761 48.6597 -6.3259 -74.027658
-24.3563 49.8697 -6.2079 -74.028416
-25.8552 50.8966 -6.0169 -74.029173
-27.0962 51.9486 -5.4199 -74.029934
-27.9482 52.3876 -3.9646 -74.030697
-29.654 52.5789 -3.9322 -74.031455
-30.6445 52.9077 -5.3714 -74.032211
-32.0441 53.5066 -6.2656 -74.032961
-33.4656 54.634 -6.5349 -74.033704
-34.9544 55.5474 -7.0531 -74.034437
-36.2819 56.6634 -7.6004 -74.035161
-37.6486 57.8611 -7.7756 -74.035874
-38.5034 59.4777 -7.6459 -74.036573
-39.3718 61.0534 -7.2838 -74.037252
-40.2991 62.551 -6.7638 -74.037912
-41.2384 64.045 -6.261 -74.038552
-41.8614 65.6914 -5.7694 -74.039166
-42.4591 67.2851 -5.1652 -74.039754
-43.3383 68.5969 -4.4191 -74.040311
-44.4522 70.0317 -4.1392 -74.040833
-45.5063 71.5345 -4.0501 -74.041321
-46.5569 73.035 -4.1531 -74.041768
-47.8716 74.2263 -4.5515 -74.042172
-48.8625 75.1738 -5.5759 -74.042529
-49.2408 75.7623 -7.2733 -74.042838
-49.4584 77.0985 -8.4631 -74.043091
-49.9501 78.752 -8.946 -74.043288
-51.026 79.8745 -9.2484 -74.043422
-51.28 79.9424 -10.8927 -74.043493
17.7044 20.951 4.9703 -73.994956
18.2015 22.2043 5.6044 -73.995674
18.6985 23.4577 6.2386 -73.996388
19.0912 25.152 6.8819 -73.997288
19.429 27.2733 6.757 -73.998392
20.0937 28.9393 5.4586 -73.999517
20.5192 30.5261 4.0181 -74.000663
21.7848 31.8769 2.8501 -74.001834
22.0977 33.1829 1.0434 -74.003028
23.2662 34.71 0.0406 -74.00424
23.7528 35.2305 -1.9989 -74.005481
24.4415 36.3316 -0.4475 -74.006747
25.2156 37.3871 1.3732 -74.008034
25.5431 38.1412 3.4507 -74.009347
26.3109 39.4951 5.0553 -74.010677
27.3125 40.7429 3.9319 -74.01203
27.6125 41.5008 5.9749 -74.013415
27.8649 42.4672 7.8245 -74.01482
28.5761 44.0126 9.106 -74.016244
29.3017 45.8785 9.8466 -74.017687
29.8444 47.4239 10.9837 -74.019161
29.8427 48.4745 12.9418 -74.020654
30.4043 50.5089 13.6559 -74.022164
32.2661 51.6774 14.0416 -74.023698
33.7432 53.3643 13.9508 -74.025252
35.3704 54.8773 13.6311 -74.026829
36.404 56.7929 13.1328 -74.028427
37.9566 57.9008 12.228 -74.030042
39.1636 59.6692 11.6914 -74.031678
40.7811 61.2139 11.412 -74.033336
42.5407 62.5144 11.7504 -74.035008
43.9242 63.8221 12.81 -74.036703
45.3908 65.165 13.6376 -74.038414
45.9271 67.2097 14.1714 -74.040137
46.6355 69.1359 14.3788 -74.041874
48.3635 70.1089 14.8857 -74.043628
49.6569 71.9103 15.1633 -74.04543
50.9513 73.7475 15.4455 -74.047244
52.8054 74.9337 15.6383 -74.049034
54.7263 75.5702 15.6827 -74.050833
56.0864 76.9982 15.657 -74.052642
57.1449 78.0802 14.4904 -74.054466
58.894 79.349 14.0314 -74.05629
60.9129 80.2627 14.3307 -74.058119
62.6887 81.5896 14.007 -74.059952
64.1912 82.1373 14.8133 -74.061798
65.3934 82.3955 16.5144 -74.06364
66.9021 83.2776 17.6975 -74.065473
67.4164 84.9808 18.6495 -74.067301
68.0681 86.9646 19.2519 -74.069114
18.9087 24.0362 7.1126 -73.996748
19.1476 18.9083 3.9431 -73.994731
20.9905 18.3979 3.8423 -73.995411
22.9152 18.2333 3.6481 -73.996105
24.7758 17.8958 3.3306 -73.99681
26.5871 18.0132 3.1308 -73.997529
28.3023 18.6484 3.6845 -73.998263
29.9424 18.8206 4.6508 -73.999009
31.2866 18.6601 5.9911 -73.999771
32.7096 18.1098 7.1234 -74.000547
34.1103 16.8391 7.543 -74.001335
35.4164 15.4177 7.7072 -74.002137
36.5618 14.0174 7.4707 -74.002953
38.0589 13.6462 6.35 -74.003781
39.8047 13.3092 5.8907 -74.004622
41.5119 12.7068 5.2455 -74.005477
42.8693 12.0614 4.0202 -74.006346
44.4573 11.3345 3.2295 -74.007227
45.9294 10.8303 2.4767 -74.008122
47.1014 10.1377 3.6205 -74.009027
48.3849 9.3089 4.6779 -74.009941
49.394 9.6773 6.2389 -74.010872
50.6478 10.0528 7.6185 -74.011813
51.9327 9.8336 9.0023 -74.01276
53.4883 10.1208 10.104 -74.013715
55.2334 9.8227 9.9071 -74.014678
57.0597 9.924 9.3135 -74.015705
58.8743 9.6526 8.6558 -74.016762
60.689 9.3812 7.9981 -74.01779
62.4959 9.1815 7.3186 -74.01879
64.0964 9.6659 6.3822 -74.019783
65.6128 10.0298 5.5676 -74.020778
66.3879 8.7348 6.61 -74.021778
67.0408 7.9267 8.2378 -74.022775
67.6184 7.3624 10.0083 -74.023776
68.2214 6.7991 11.7671 -74.024774
68.8557 6.3245 13.5452 -74.025763
69.5936 6.0215 15.3177 -74.026752
70.6128 5.6939 16.9232 -74.027726
71.846 5.1297 18.3139 -74.028683
73.446 5.6128 19.1551 -74.029631
75.1394 5.1362 19.9892 -74.030577
76.7792 5.1163 20.887 -74.03149
78.3203 5.541 21.9782 -74.032384
79.5543 6.0354 23.1887 -74.033254
80.477 6.477 24.7608 -74.034093
82.1371 6.4027 25.3832 -74.034904
83.992 6.8997 25.7174 -74.035681
85.8702 6.8251 26.0726 -74.036423
87.7509 6.7088 26.4848 -74.037125
89.6348 6.7028 26.6547 -74.037782
91.0074 6.4378 25.4152 -74.03839
92.1971 6.0461 24.0228 -74.038948
93.1627 5.5053 22.7795 -74.039463
93.4181 5.3578 20.8527 -74.039916
93.6827 5.205 18.9277 -74.040301
93.9559 5.0473 17.0042 -74.040614
94.7999 4.5071 17.8661 -74.04085
-1.9865 16.2264 -10.9822 -73.982069
-1.6114 17.3396 -11.0385 -73.982119
-1.1973 18.2526 -10.4886 -73.982158
-0.4899 18.8695 -10.968 -73.982184
0.4947 18.656 -11.4238 -73.982198
-5.9486 122.6202 -36.4545 -74.045282
-4.8563 124.4889 -38.1946 -74.046167
-3.4433 126.1431 -39.8024 -74.047022
-2.2407 128.597 -40.3971 -74.047847
-1.5188 131.295 -40.1613 -74.048642
-1.6696 134.0734 -40.2753 -74.049403
-2.517 136.7345 -40.7076 -74.05013
-3.2762 139.4376 -41.1589 -74.05082
-4.1563 142.1305 -41.3938 -74.051473
-4.9956 144.8475 -41.5126 -74.052085
-4.2109 147.46 -41.641 -74.052655
-3.9407 150.1251 -41.6099 -74.053182
-3.8535 152.9656 -41.6389 -74.053662
-3.8797 155.8081 -41.7765 -74.054096
-3.362 158.4701 -41.8809 -74.054479
-3.9026 161.1882 -41.8597 -74.05481
-4.6546 163.8938 -41.7416 -74.055087
-4.458 166.7321 -41.7051 -74.055308
-4.7248 169.4267 -41.9823 -74.055469
-5.9516 171.9513 -42.4086 -74.055569
-6.8697 174.6164 -42.5236 -74.055605
-7.1469 177.3942 -42.5991 -74.055575
-8.5483 179.5426 -43.6297 -74.055476
-9.0965 181.9163 -44.9846 -74.055304
-9.3572 184.5276 -45.8738 -74.055058
-10.3037 185.8819 -45.5629 -74.054699
-12.6165 185.7411 -44.527 -74.054245
-14.6492 185.7303 -43.1953 -74.05373
-16.2496 187.2653 -42.1906 -74.053146
-17.9145 189.1431 -41.8854 -74.052489
-19.4479 191.0685 -41.5909 -74.051756
-21.0169 192.9475 -41.0017 -74.050945
-22.4125 194.4386 -40.3024 -74.050052
-23.7068 195.9472 -39.0039 -74.049074
-25.0392 197.7028 -39.8911 -74.048009
-25.8175 200.0563 -40.2799 -74.046854
-26.6369 201.4551 -41.5533 -74.045602
-27.5289 202.2594 -40.2727 -74.044254
-29.472 203.3638 -40.3713 -74.042808
-31.4096 204.4733 -39.3932 -74.041258
-31.9894 205.4816 -37.1556 -74.039594
-32.896 206.6385 -35.2063 -74.037824
-33.7738 206.9925 -32.8727 -74.035935
-35.326 208.2821 -31.3862 -74.033934
-36.5537 210.18 -30.3332 -74.031811
-37.6503 212.1937 -29.5135 -74.029563
-38.7499 214.0475 -28.2022 -74.027181
-38.8366 216.2339 -27.1303 -74.024664
-39.8429 217.9451 -25.6872 -74.022005
-40.3547 220.3663 -25.6679 -74.019202
-9.0607 186.6005 -47.0068 -74.054956
-8.6412 188.5188 -48.1723 -74.055018
-7.9227 189.8909 -49.7878 -74.05502
-7.3389 191.2666 -51.5099 -74.054961
-6.8689 192.8579 -53.067 -74.054838
-6.5717 194.5306 -54.6272 -74.054649
-6.699 195.7688 -56.5782 -74.054391
-6.6007 197.3796 -57.9455 -74.054062
-5.361 198.4457 -59.4593 -74.053658
-4.0706 199.0919 -61.2062 -74.053176
-2.56 200.3359 -61.9713 -74.052617
-1.1767 202.1203 -62.473 -74.051975
0.1257 203.765 -63.1817 -74.051248
0.5779 205.9809 -62.9411 -74.050431
1.7705 207.8999 -62.7909 -74.049522
1.7806 210.0234 -63.3852 -74.048518
1.251 212.0868 -62.5412 -74.047413
0.3882 214.2228 -62.3899 -74.046207
-0.4598 216.2968 -62.9067 -74.044895
-1.2479 218.4121 -63.4146 -74.043473
-2.0973 220.5416 -63.7457 -74.041936
-3.4118 222.4275 -63.923 -74.040282
-5.2388 223.8332 -64.0726 -74.038507
-7.0057 225.2983 -64.337 -74.036605
-8.1122 227.0393 -64.9339 -74.034568
-8.3675 229.0243 -65.402 -74.032841
-8.7031 230.7886 -65.6689 -74.031475
-9.2813 232.5101 -65.8231 -74.030025
-9.2237 228.2929 -64.8468 -74.033105
-10.9382 228.5001 -64.259 -74.03226
-12.6565 228.7042 -63.682 -74.03133
-25.5183 124.0162 -29.3962 -74.056158
-26.4756 125.8583 -28.1987 -74.057958
-27.6755 127.8327 -27.6028 -74.059751
-27.9279 128.8492 -29.077 -74.061541
-28.5728 129.8586 -27.39 -74.063331
-29.4951 131.5172 -26.0388 -74.065101
-30.3172 133.5583 -25.0126 -74.066863
-30.9903 134.755 -23.0132 -74.068613
-31.8576 136.0757 -21.167 -74.070349
-32.9249 137.8539 -19.8699 -74.072071
-34.7749 138.8966 -19.3111 -74.073778
-36.3176 139.9122 -18.0849 -74.075466
-37.4604 141.3871 -16.8864 -74.077136
-38.6623 143.1941 -16.0632 -74.078787
-40.1691 144.5551 -14.9429 -74.08042
-41.2877 146.3296 -14.9203 -74.082031
-42.5778 148.1549 -14.027 -74.083617
-43.9866 149.9737 -13.1872 -74.085174
-45.0144 151.7833 -12.0503 -74.086705
-45.5532 153.8159 -10.8393 -74.088207
-46.3861 156.0367 -10.2537 -74.089677
-46.9837 158.3901 -9.9517 -74.091112
-47.8117 160.6751 -9.7756 -74.092513
-49.0447 162.6915 -9.706 -74.093875
-50.015 164.9082 -9.8518 -74.095198
-51.5234 166.8379 -9.9384 -74.096478
-52.9161 168.8061 -9.9279 -74.097715
-54.0733 170.9215 -9.7859 -74.098906
-55.7453 172.652 -9.5467 -74.100047
-57.6094 174.1497 -9.6472 -74.101138
-59.246 175.273 -8.9172 -74.102175
-60.6519 176.3429 -7.7572 -74.103155
-61.8971 178.3631 -7.4187 -74.104076
-62.7492 180.6081 -7.5045 -74.104936
-63.9736 182.7158 -7.7021 -74.10573
-65.2308 184.8141 -7.6187 -74.106455
-66.7492 186.7003 -7.6491 -74.107107
-68.417 188.4651 -7.7574 -74.107686
-69.4591 190.6092 -7.7695 -74.108185
-69.6776 192.1396 -9.5531 -74.108604
-70.6232 193.0213 -8.854 -74.108941
-70.9662 193.1386 -6.4297 -74.109188
-71.4596 193.5338 -4.0639 -74.10934
-72.1758 195.2071 -3.9513 -74.109393
-73.6159 196.7389 -5.1111 -74.109344
-74.8609 198.522 -6.148 -74.109188
-75.7426 199.5734 -7.6936 -74.108921
-75.3694 199.5725 -10.1146 -74.108531
-74.4019 199.6256 -11.6143 -74.108026
-73.8016 200.0979 -9.3728 -74.107392
-74.5843 201.3776 -7.8285 -74.106628
-75.66 202.8847 -6.3385 -74.105727
-76.7569 204.7933 -5.2692 -74.104683
-77.7876 206.5222 -4.0466 -74.103488
-78.7815 208.5213 -3.0989 -74.10214
-29.3228 87.5393 7.4141 -74.081882
-29.9005 87.4969 9.1019 -74.083669
-30.4781 87.4545 10.7898 -74.085418
-31.0558 87.4122 12.4776 -74.087128
-32.2782 87.1841 13.3671 -74.088807
-33.8866 86.6278 13.8875 -74.090491
-35.2533 87.1539 14.4242 -74.092175
-35.8481 87.8038 15.3321 -74.093856
-36.8463 86.9864 16.4788 -74.095538
-38.3951 86.3544 16.7879 -74.097215
-40.0436 86.842 16.4412 -74.098886
-41.676 86.6973 15.7688 -74.100553
-43.0795 86.67 14.6822 -74.102212
-44.7397 86.6061 14.8133 -74.103862
-46.2784 86.3685 14.6265 -74.105502
-47.931 85.969 14.7511 -74.107129
-49.3382 85.0184 15.2541 -74.108745
-51.0157 84.5548 15.4912 -74.110347
-52.76 84.3802 15.7377 -74.111929
-54.4766 84.1118 16.1326 -74.113492
-56.1575 83.722 16.5614 -74.115037
-57.6854 83.1665 17.2616 -74.116562
-59.449 83.0129 17.2864 -74.11806
-61.2047 83.1213 17.0316 -74.119529
-62.4985 83.4162 16.057 -74.120973
-64.2493 83.561 15.9695 -74.122386
-65.9938 83.4285 15.6473 -74.123767
-67.7202 83.5173 15.2308 -74.125113
-69.055 83.036 14.2322 -74.126422
-69.8653 82.2066 12.9383 -74.127691
-71.0115 81.258 11.9738 -74.128916
-72.4278 80.4398 11.5445 -74.130097
-73.698 79.222 11.6667 -74.131227
-74.8344 77.8746 11.8888 -74.132303
-76.1909 76.8138 12.1994 -74.133329
-77.7152 76.0674 12.6693 -74.134297
-79.2241 75.3783 13.2714 -74.135204
-80.5771 74.3384 13.7242 -74.136047
-81.948 73.2954 14.1285 -74.136822
-83.3128 72.1963 14.4348 -74.137525
-84.2563 70.7511 14.49 -74.138155
-85.9688 70.3467 14.3507 -74.138707
-87.6869 70.083 14.43 -74.139176
-89.1236 69.3762 14.9056 -74.13956
-90.0942 69.1674 16.3612 -74.139855
-91.4773 68.4273 17.0893 -74.140055
-93.1744 68.4543 17.5737 -74.140158
17.4714 115.5383 -32.7054 -74.062602
18.7181 116.515 -32.6736 -74.063617
19.4474 117.9165 -32.6863 -74.06461
20.2746 119.2604 -32.6312 -74.065585
21.0837 120.5882 -32.4636 -74.066537
21.7758 121.9988 -32.2416 -74.067466
22.3094 123.4582 -32.1155 -74.068371
23.1409 124.8071 -32.0128 -74.069247
23.9385 126.1782 -31.9172 -74.070096
25.0849 127.2066 -31.902 -74.070912
25.7601 127.3047 -33.2559 -74.071703
26.628 127.211 -34.5602 -74.072461
27.4583 127.1967 -35.7592 -74.073178
28.395 127.5305 -34.6253 -74.073854
29.5644 128.205 -33.8463 -74.074486
30.5696 128.6374 -32.8152 -74.075077
32.0051 129.043 -32.2921 -74.07562
33.4128 129.4399 -31.6761 -74.076113
34.7649 130.0848 -31.1622 -74.076553
36.07 130.7044 -30.5266 -74.076937
37.2954 130.2845 -29.7509 -74.077265
38.6668 129.8544 -29.4393 -74.077533
40.0959 129.824 -28.9371 -74.077739
41.6596 129.7812 -29.1527 -74.077879
43.163 129.7557 -29.5887 -74.07795
37.3605 97.6671 -24.1386 -74.060975
38.5247 98.3419 -23.3011 -74.061823
39.4075 98.7958 -22.0704 -74.06265
39.7833 99.3954 -20.6642 -74.063453
39.86 99.407 -19.0804 -74.064239
40.1939 99.8932 -18.7303 -74.064987
40.4963 100.318 -20.2174 -74.065711
41.4643 101.4944 -20.1061 -74.066396
42.3976 102.7119 -19.7798 -74.067046
43.1049 104.0833 -19.5568 -74.067661
44.0865 105.3182 -19.6544 -74.068235
44.7899 106.7249 -19.7113 -74.068769
45.9094 107.8469 -19.694 -74.069259
47.0015 108.9935 -19.6267 -74.069703
47.4874 110.1272 -19.5101 -74.070111
47.4694 110.2183 -21.0953 -74.070506
47.4514 110.3094 -22.6805 -74.070837
47.4334 110.4005 -24.2657 -74.071104
47.4153 110.4915 -25.8509 -74.071305
47.3973 110.5826 -27.4361 -74.071439
47.3793 110.6737 -29.0213 -74.071507
-43.1464 107.2097 -8.6051 -74.08792
-44.2349 108.3552 -9.2701 -74.089584
-45.5183 109.1815 -10.1573 -74.091251
-46.5455 110.332 -10.9218 -74.092921
-47.6198 111.4497 -11.7523 -74.094592
-48.7733 112.6103 -11.9929 -74.096265
-49.0763 114.3515 -11.8794 -74.097941
-49.3422 116.0762 -11.586 -74.099612
-49.7822 117.0822 -10.2937 -74.101287
-50.4256 118.2912 -9.1739 -74.102958
-50.9978 119.2379 -7.7863 -74.104627
-51.2625 120.0244 -6.2601 -74.106297
-51.6654 121.1492 -4.9912 -74.107954
-51.9476 122.7357 -4.2703 -74.109604
-52.5998 124.2212 -3.6393 -74.111245
-53.274 125.7541 -3.0637 -74.112872
-53.9887 127.1954 -2.3704 -74.114487
-53.963 128.1021 -0.9245 -74.116106
-54.6255 128.6873 -0.6995 -74.117714
-55.0557 128.8462 -2.4173 -74.119312
-55.7093 129.6088 -3.8029 -74.120875
-56.3904 130.5701 -3.4395 -74.12242
-57.2397 131.7558 -2.5815 -74.123946
-57.7383 132.4193 -1.0375 -74.125464
-58.1997 132.8604 0.5026 -74.126951
-59.135 134.2149 0.2827 -74.128407
-59.5411 135.9385 0.3726 -74.129831
-60.3211 137.5272 0.4547 -74.131224
-61.5615 138.7924 0.4272 -74.132582
-62.8427 140.0202 0.4049 -74.133908
-63.9756 141.337 0.4784 -74.135195
-65.5415 142.0698 0.6041 -74.136442
-66.8201 143.3029 0.6105 -74.137647
-67.9523 144.6731 0.6097 -74.138838
-69.0106 146.0943 0.6091 -74.139956
-69.7753 147.6531 0.6561 -74.141016
-69.9859 148.4831 2.1055 -74.142031
-70.4429 149.3779 3.3991 -74.142983
-71.6135 150.4383 2.691 -74.143874
-72.4835 151.5429 1.7355 -74.144701
-72.9227 152.8592 2.7049 -74.145463
-72.5877 154.4469 3.3601 -74.146155
-73.0119 156.1489 3.5593 -74.146773
-73.1545 157.8864 3.5882 -74.147313
-74.1953 159.319 3.6169 -74.147772
-74.932 160.9303 3.7174 -74.148148
-75.2192 162.6661 3.8423 -74.148434
-75.4158 163.3004 5.1393 -74.148633
-75.4017 163.5667 6.8972 -74.148734
-50.1374 90.531 -23.3634 -74.086899
-51.2673 90.8857 -22.5511 -74.088458
-52.7159 91.6607 -23.1098 -74.090014
-54.0702 92.6015 -23.357 -74.09157
-55.4386 93.0469 -22.4458 -74.093124
-56.998 93.6059 -21.9041 -74.094676
-58.5673 94.2413 -21.5078 -74.096222
-59.4515 94.8578 -20.2839 -74.097775
-60.3751 95.9904 -19.3491 -74.09931
-61.639 96.317 -18.2753 -74.100839
-62.5765 96.8459 -17.7339 -74.102359
-63.9654 97.6322 -17.7098 -74.103873
-65.6166 98.1559 -17.9424 -74.105374
-67.3141 98.5251 -18.0363 -74.106864
-68.9906 98.999 -17.9141 -74.108335
-70.4527 99.8368 -17.5623 -74.109793
-71.8636 100.5751 -16.8437 -74.111231
-73.2945 101.1084 -16.0241 -74.112649
-74.8032 101.5319 -15.3155 -74.114046
-76.2937 102.0431 -14.7677 -74.115419
-76.9439 103.3194 -13.9021 -74.116768
-77.7853 104.5384 -13.0235 -74.118089
-79.1174 105.4827 -13.5256 -74.119377
-80.5678 106.3785 -13.889 -74.120634
-81.9123 107.4474 -14.0602 -74.121852
-82.892 108.884 -14.1362 -74.123034
-83.7902 110.3676 -14.0768 -74.124179
-84.9748 111.6284 -13.8567 -74.125278
-86.2002 112.6963 -13.3076 -74.126336
-87.0479 113.9279 -12.479 -74.127346
-87.7411 115.4304 -11.9657 -74.128304
-88.823 116.6812 -11.5653 -74.129208
-89.4834 118.0465 -10.8065 -74.130056
-90.0558 119.4566 -9.9504 -74.130845
-90.8226 120.9302 -9.4429 -74.13157
-91.9586 122.2396 -9.3374 -74.132227
-92.8888 123.6775 -9.6286 -74.132814
-93.6083 125.2344 -9.9613 -74.133329
-94.4583 126.6908 -10.3334 -74.133767
-95.6371 127.179 -11.2403 -74.134126
-96.5223 128.3643 -11.7434 -74.134401
-97.3565 129.8343 -11.9607 -74.134588
-98.0187 131.4271 -12.0082 -74.134683
-44.8397 82.3848 -0.1022 -74.103574
-45.6858 82.6745 1.4762 -74.105479
-47.0854 83.466 2.0376 -74.107384
-47.9154 84.1261 0.6038 -74.109306
-48.4536 84.4912 -1.1078 -74.11123
-49.4629 84.7481 -2.3216 -74.11316
-50.8487 85.4683 -2.9272 -74.1151
-51.3634 86.2483 -4.138 -74.117063
-51.1604 85.8865 -5.9031 -74.119029
-51.4147 86.3329 -4.63 -74.121007
-51.3753 86.9211 -3.2026 -74.122976
-51.6511 88.546 -2.6095 -74.124946
-52.0008 89.4665 -3.9264 -74.126935
-52.6137 90.8015 -4.1725 -74.128919
-53.4473 92.4123 -3.9386 -74.130908
-53.8653 94.1635 -3.6555 -74.1329
-53.9519 95.9277 -3.215 -74.134895
-54.3051 97.4953 -2.5507 -74.136893
-54.5625 98.6898 -1.1952 -74.138885
-54.547 99.8234 0.1762 -74.140882
-54.2907 100.3598 1.9096 -74.142881
-54.7709 101.2087 3.4194 -74.144863
-54.4328 101.9413 3.8933 -74.146833
-53.0212 101.1678 3.092 -74.148795
-52.5222 101.109 4.5528 -74.150762
-54.1846 101.7537 4.4499 -74.152709
-55.6576 102.8136 4.5394 -74.154642
-56.499 104.3974 4.7059 -74.156563
-56.8786 106.1716 4.8788 -74.158471
-56.4546 107.8733 4.5587 -74.160362
-55.6814 109.1098 4.4339 -74.162251
-55.7928 109.3656 6.2457 -74.164153
-56.2213 109.7146 7.7986 -74.165991
-55.5336 111.171 7.9788 -74.167804
-57.2605 111.7016 8.1166 -74.169588
-58.1121 113.2561 8.4551 -74.171347
-58.5985 114.919 9.0311 -74.173078
-59.6859 116.036 9.8099 -74.17477
-59.434 116.5435 10.5662 -74.176433
-59.3051 118.1105 11.4366 -74.178057
-59.9415 119.6907 12.0733 -74.179645
-60.8614 121.156 12.3489 -74.181187
-61.607 122.4945 11.39 -74.182688
-62.1797 124.0961 10.8491 -74.184139
-62.6253 125.8486 10.8404 -74.185537
-62.2188 127.4063 11.6395 -74.18688
-61.8461 129.0333 12.3882 -74.188166
-62.5327 130.6886 12.3999 -74.189391
-62.936 132.4579 12.2088 -74.190554
-63.3234 134.2117 11.8803 -74.191652
-63.6303 135.945 11.5157 -74.19268
-63.951 136.5199 9.8435 -74.19364
-64.1784 137.2406 8.1925 -74.194519
-64.0694 138.3872 6.7995 -74.195314
-64.3697 140.0086 6.0583 -74.196025
-64.8732 141.6033 5.322 -74.196646
-65.5178 142.5596 4.0703 -74.197175
-65.7682 143.1976 5.3492 -74.197609
-66.7186 144.3442 5.8832 -74.197939
-67.5125 145.9488 6.0337 -74.198164
-68.2142 147.6123 6.0332 -74.198279
-36.2134 93.2108 29.5751 -74.09244
-36.6635 94.7733 29.8902 -74.093616
-36.9263 96.2364 30.4302 -74.09478
-37.1622 97.773 30.8495 -74.095934
-37.5529 99.3568 31.1525 -74.097076
-37.9173 100.9487 31.3678 -74.0982
-38.3971 102.525 31.406 -74.09931
-38.3118 104.182 31.3802 -74.100399
-38.3833 105.841 31.3619 -74.101468
-38.5184 107.493 31.3513 -74.102516
-38.1793 109.1047 31.3065 -74.103542
-37.694 110.6348 31.1726 -74.104539
-37.4366 112.1749 31.1742 -74.105512
-36.4341 113.3684 31.2349 -74.106458
-35.2673 114.4885 31.1966 -74.107372
-35.1913 116.0244 31.322 -74.108252
-36.1323 117.264 31.8032 -74.109098
-36.1013 118.8174 31.8898 -74.109908
-35.2737 120.1279 31.585 -74.110676
-34.1912 121.3196 31.36 -74.111404
-33.7141 122.9011 31.2289 -74.112085
-33.0667 124.4147 31.1658 -74.112718
-32.8786 126.0601 31.1275 -74.113301
-32.0835 127.4884 31.1247 -74.11383
-31.8296 129.12 31.1246 -74.114304
-31.1422 130.5851 30.9859 -74.114719
-30.3228 131.8477 30.3079 -74.115073
-29.6856 132.4849 28.9766 -74.115364
-29.0719 133.0333 27.5676 -74.115587
-28.0844 133.7856 27.8775 -74.115738
-27.152 134.469 28.6173 -74.115816
68.8569 88.73 19.5506 -74.07069
69.4626 89.4871 18.5505 -74.072051
69.8694 90.2922 17.5312 -74.073399
70.1133 90.9732 19.0619 -74.07474
70.2522 92.4115 19.6157 -74.076061
70.8156 93.9888 19.8859 -74.077367
70.9233 95.5529 19.5992 -74.07866
71.3862 97.0655 19.4044 -74.079934
72.5006 98.2929 19.6588 -74.081186
72.7344 99.9408 19.94 -74.08242
72.932 101.5833 19.995 -74.083632
72.4313 103.198 19.9089 -74.084821
71.8799 104.7873 20.0008 -74.085981
71.5282 106.416 19.8144 -74.087115
71.2624 108.037 19.4849 -74.088218
70.3107 109.3594 19.2993 -74.089284
69.2896 110.7156 19.219 -74.090316
68.8552 112.3448 19.1576 -74.091309
68.8224 113.8606 18.9579 -74.092261
69.0085 114.8834 18.0264 -74.093175
68.8524 116.0924 16.8932 -74.094043
69.7271 117.2159 15.9694 -74.094863
70.0973 118.581 15.0882 -74.095631
70.8674 119.2691 13.939 -74.096349
70.3855 118.9765 13.515 -74.097008
69.9666 118.6726 13.3866 -74.097612
70.2125 118.847 11.7059 -74.098162
70.4357 118.9096 10.8982 -74.098635
70.1867 118.7318 12.5649 -74.099045
69.521 118.6003 13.8778 -74.099375
69.0153 119.2849 13.1332 -74.099626
69.8993 119.8704 11.9133 -74.099799
70.2963 119.9515 10.2866 -74.099887
95.5228 3.6634 18.9207 -74.040974
95.9521 3.5018 19.9853 -74.041036
96.3294 3.3373 21.069 -74.041068
-41.3421 222.5153 -25.6062 -74.016444
-42.702 224.1478 -25.2091 -74.013872
-44.2458 225.1088 -24.0553 -74.01129
-45.8189 226.0665 -23.0056 -74.0087
-47.3319 227.1224 -21.9872 -74.006104
-48.8138 228.7344 -21.8003 -74.003499
-50.1281 230.4969 -21.9165 -74.000887
-51.8278 231.7383 -22.0527 -73.998264
-52.8158 233.6774 -22.1145 -73.995631
-53.0724 235.6787 -22.1684 -73.993537
-53.6815 237.6012 -22.215 -73.991993
-54.8336 239.2327 -22.1693 -73.990451
-55.9455 240.9107 -22.1307 -73.988912
-56.8959 242.6769 -22.2538 -73.987373
-57.6448 244.0732 -23.1351 -73.985834
-57.9004 245.3567 -24.6431 -73.984295
-58.5973 247.0318 -25.4177 -73.98276
-59.3933 248.8468 -25.6686 -73.981226
-60.5485 250.492 -25.7129 -73.979693
-62.0102 251.8694 -25.795 -73.97816
-63.5819 251.7041 -25.7766 -73.976628
-65.1861 252.5294 -25.4878 -73.975094
-66.5361 253.7075 -24.6451 -73.973561
-67.4482 255.4346 -24.2826 -73.972027
-68.0616 257.3349 -24.0645 -73.970494
-69.279 258.781 -24.0213 -73.968962
-70.6709 260.1778 -24.061 -73.96743
-71.4436 262.0159 -24.0595 -73.965899
-72.8554 263.4363 -23.888 -73.964369
-74.3055 264.6952 -23.3614 -73.962841
-75.6104 266.0079 -22.6232 -73.961314
-76.4194 267.7709 -22.2236 -73.959784
-77.0046 269.6763 -21.989 -73.958256
-77.6943 271.5617 -21.8675 -73.956731
-78.0414 273.5421 -21.7862 -73.955207
-78.9873 275.301 -21.7403 -73.953684
-80.3424 276.7952 -21.6879 -73.952164
-81.6546 278.3163 -21.6068 -73.950646
-83.1583 279.5974 -21.7854 -73.949132
-84.8953 280.6045 -21.8472 -73.947618
-86.7025 281.4584 -21.6828 -73.946107
-87.8751 282.8646 -21.0904 -73.944598
-89.4892 283.7967 -20.5891 -73.943091
-91.1007 284.9601 -20.5677 -73.94159
-92.4107 286.2858 -21.1453 -73.940088
-94.0557 286.9976 -21.9919 -73.938592
-95.7101 288.0996 -22.2545 -73.9371
-97.3406 289.2852 -22.2657 -73.935613
-98.976 289.9877 -22.9029 -73.934128
-100.2796 290.7986 -23.6291 -73.932648
-101.4799 291.8038 -22.4899 -73.93117
-103.036 292.9887 -22.0284 -73.929699
-104.6892 294.1312 -21.8834 -73.928234
-106.3559 295.2232 -22.151 -73.926774
-107.8941 296.3493 -22.6692 -73.925322
-109.1385 297.4951 -23.597 -73.923873
-110.8652 298.494 -23.4597 -73.922433
-112.4721 299.5248 -23.016 -73.920999
-113.8772 300.6139 -22.2042 -73.919572
-115.339 301.8994 -21.8314 -73.918153
-116.6463 303.427 -21.784 -73.916742
-117.9037 305.0024 -21.8441 -73.915339
-119.0254 306.6607 -22.003 -73.913943
-119.7365 308.5266 -22.2827 -73.912557
-120.0458 309.7921 -21.1758 -73.911171
-120.3335 310.3959 -19.2752 -73.9098
-120.8092 311.2425 -17.5331 -73.908441
-121.3861 312.9361 -16.6595 -73.907093
-122.3666 314.5966 -16.303 -73.905761
-123.445 316.2788 -16.4754 -73.904436
-124.5125 317.8962 -16.7048 -73.903125
-124.8879 318.6378 -14.9021 -73.901817
-124.9811 319.1413 -12.9496 -73.900521
-125.2786 319.7061 -11.0358 -73.899239
-125.7833 320.5605 -9.2875 -73.897977
-126.7853 321.2272 -7.7186 -73.896731
-128.1198 321.7372 -6.5853 -73.895497
-129.5338 322.6762 -5.6435 -73.89428
-130.8033 322.8583 -4.1103 -73.893076
-132.3486 322.5617 -2.9424 -73.891889
-133.5223 321.7567 -2.2514 -73.890718
-134.4075 321.0203 -3.7194 -73.889564
-136.141 320.0633 -3.704 -73.888429
-137.9234 319.2453 -3.5128 -73.887312
-139.8153 319.4438 -3.03 -73.8862
-141.7336 319.7231 -2.5415 -73.885119
-143.2992 318.8382 -1.8198 -73.884059
-143.6324 318.198 -3.1912 -73.883015
-144.6494 318.183 -2.5451 -73.88199
-145.6029 318.7473 -1.0864 -73.88099
-147.1116 319.1677 -0.0827 -73.880011
-149.0143 318.6505 0.3041 -73.879055
-150.835 317.9416 0.6531 -73.878123
-152.6003 318.3043 1.3039 -73.877215
-154.255 319.2248 1.8195 -73.876332
-156.1347 319.0641 1.3765 -73.875474
-157.9479 318.8394 0.6505 -73.874641
-159.8193 318.2421 0.4855 -73.873832
-161.6982 318.4908 0.8126 -73.873051
-163.3502 318.4678 1.946 -73.872297
-164.7917 318.8721 3.1901 -73.87157
-166.0348 318.4651 4.5448 -73.870871
-167.2051 317.7036 5.9108 -73.870201
-168.6856 318.3603 6.972 -73.86956
-170.5746 318.3686 7.6324 -73.868949
-172.4422 318.8037 8.0573 -73.868368
-173.7745 319.4811 7.41 -73.867817
-175.2708 319.8181 6.8918 -73.867297
-176.3866 321.0401 7.8064 -73.866808
-178.1084 321.388 8.4289 -73.866351
-179.8667 322.3331 8.1901 -73.865926
-181.7338 322.9719 7.9865 -73.865535
-183.2047 324.2061 7.6173 -73.865176
-184.6529 324.5109 6.7583 -73.864851
-186.4765 324.882 7.4149 -73.864559
-188.3601 325.5005 7.7542 -73.864303
-190.207 326.2741 7.8586 -73.864081
-191.8555 326.4884 7.2737 -73.863894
-192.3011 326.2807 5.3327 -73.863742
-192.4569 326.3027 3.3202 -73.863623
-192.6127 326.3246 1.3078 -73.863544
-192.7684 326.3466 -0.7047 -73.863505
-53.5618 234.7518 -22.4056 -73.993648
-55.3696 234.7358 -22.9279 -73.992342
-57.1775 234.7198 -23.4502 -73.991062
-58.9758 234.7413 -23.9753 -73.989807
-60.5834 235.6616 -24.1049 -73.988564
-62.2107 236.6032 -24.0421 -73.987325
-63.9306 237.3539 -24.0447 -73.986093
-65.5569 238.2591 -24.1396 -73.984864
-67.3063 238.9314 -24.1596 -73.983642
-68.8366 239.9978 -24.0522 -73.982424
-70.5332 240.314 -23.7713 -73.981211
-72.1779 239.7124 -23.3677 -73.980003
-73.9055 239.067 -23.0743 -73.9788
-75.764 238.9129 -23.0612 -73.977603
-77.5069 238.4311 -23.4834 -73.976411
-79.2728 238.5078 -23.5052 -73.975224
-81.0101 239.1307 -23.2489 -73.974042
-82.8258 239.4159 -22.9537 -73.972867
-84.5254 239.9346 -22.4418 -73.971699
-86.2406 240.0396 -21.7161 -73.970535
-87.8568 239.8217 -20.9364 -73.969378
-89.3552 239.6723 -19.8507 -73.968226
-90.7771 239.8281 -18.7653 -73.967082
-92.3262 239.5258 -18.0598 -73.965945
-94.0855 240.1028 -17.7873 -73.964817
-95.877 240.5966 -17.5579 -73.963696
-97.6988 241.0591 -17.507 -73.962583
-99.53 241.4724 -17.4393 -73.961478
-101.2527 242.1681 -17.1773 -73.960382
-102.8299 242.815 -16.4434 -73.959296
-104.4569 243.5931 -15.9937 -73.95822
-106.2956 243.7075 -16.104 -73.957152
-107.1732 243.8399 -14.6775 -73.956087
-108.3872 244.3725 -13.7017 -73.955038
-109.3454 245.4642 -12.5807 -73.954
-110.5466 246.5332 -11.6213 -73.952973
-112.0874 247.1 -10.9503 -73.951958
-112.6927 248.1713 -9.7197 -73.950952
-113.85 248.7857 -8.6033 -73.949959
-114.9422 250.1535 -8.2414 -73.948979
-115.3929 251.8689 -7.6387 -73.948012
-116.4822 252.9605 -6.8157 -73.947061
-117.371 253.2374 -5.1806 -73.946122
-118.358 253.8356 -3.7152 -73.945199
-119.4595 254.4678 -2.3971 -73.944293
-120.9563 255.2641 -1.6822 -73.943401
-122.5163 255.9458 -1.0086 -73.942526
-123.9831 256.9071 -0.452 -73.941667
-124.7954 257.8348 0.9161 -73.940825
-125.65 259.0549 2.0473 -73.940002
-126.8265 260.4562 2.1583 -73.939195
-128.2898 261.2032 2.616 -73.938406
-129.0334 261.3894 4.2611 -73.937633
-129.2473 261.2649 6.1105 -73.936855
-129.4022 261.1437 7.9821 -73.936109
-129.5576 261.0229 9.8536 -73.935395
-129.7512 260.9235 11.7229 -73.934684
-129.9463 260.825 13.592 -73.934003
-130.1515 260.7135 15.4586 -73.933354
-130.5488 260.346 17.2477 -73.932729
-131.604 259.0778 18.099 -73.93213
-132.4067 258.2916 19.5872 -73.931554
-133.3932 257.3081 20.8241 -73.931002
-133.8044 256.3522 22.376 -73.930475
-134.6418 255.2368 23.5911 -73.929973
-135.4197 253.8392 24.4892 -73.929496
-135.7 253.4829 26.3153 -73.929043
-136.3101 252.641 27.7577 -73.928618
-136.3201 251.3179 26.4825 -73.928221
-136.8701 249.6435 26.0944 -73.92785
-137.7175 248.1362 25.6627 -73.927507
-137.6045 246.4619 25.1316 -73.927193
-137.2893 245.0053 24.2243 -73.926908
-136.6215 243.4615 23.4192 -73.926652
-135.6446 241.9497 22.8735 -73.926423
-135.3758 240.4199 22.4018 -73.926228
-136.1869 239.3032 23.0344 -73.926063
-136.341 238.0644 24.2021 -73.92593
-136.433 236.6369 25.3143 -73.925829
-136.6008 234.8539 25.6617 -73.925762
-137.1474 233.4458 25.0869 -73.925727
-10.2537 234.1313 -65.7936 -74.028392
-11.9535 235.2244 -65.4206 -74.026666
-13.2513 236.4124 -64.5554 -74.024945
-13.9825 238.2182 -64.0036 -74.023228
-13.9675 239.4333 -65.1657 -74.021509
-14.1745 240.8047 -66.5759 -74.019799
-14.74 242.3781 -67.763 -74.018091
-15.0167 243.3075 -69.5586 -74.016382
-14.9973 244.3966 -71.2899 -74.014678
-15.4806 245.6013 -72.6631 -74.012976
-16.6681 247.206 -72.2066 -74.011277
-17.3029 249.0449 -71.7718 -74.009578
-18.6676 250.382 -71.3338 -74.007881
-19.6799 251.0982 -72.0439 -74.006183
-20.4939 252.2385 -73.4165 -74.004483
-21.5912 252.7618 -72.8895 -74.002939
-21.9596 252.8176 -71.2713 -74.001569
-22.6797 254.2973 -71.5196 -74.000202
-23.6039 255.7577 -72.0067 -73.998836
-24.5721 257.236 -72.2298 -73.997472
-26.0105 258.3101 -72.2446 -73.996108
-27.3761 259.4599 -72.2196 -73.994745
-28.9516 260.3257 -72.2375 -73.993367
-30.5102 261.2195 -72.2945 -73.992008
-31.595 262.5637 -72.7018 -73.990651
-32.6547 263.9941 -72.7006 -73.989295
-33.5598 265.5319 -72.4801 -73.987941
-34.5952 266.9872 -72.4053 -73.986589
-35.2782 268.5959 -72.3691 -73.985236
-36.5462 269.7783 -72.1737 -73.983888
-37.8737 270.872 -71.8225 -73.982543
-38.8876 272.2418 -71.3145 -73.9812
-39.6217 273.7558 -70.7585 -73.97986
-40.6535 274.9959 -70.0158 -73.978522
-42.0534 275.9829 -69.5331 -73.977186
-43.5846 276.8719 -69.3005 -73.975856
-45.0655 277.8565 -69.4958 -73.974528
-45.946 279.1186 -68.7677 -73.973203
-45.8345 280.5644 -67.9551 -73.971881
-46.196 282.2235 -68.3906 -73.970564
-46.2456 283.784 -69.1293 -73.969252
-45.9356 284.9029 -69.4775 -73.967942
-46.3572 283.3243 -69.8414 -73.966634
-47.6385 284.0096 -69.6263 -73.965324
-47.8598 285.27 -68.7781 -73.964025
-47.9763 286.6481 -67.6615 -73.962729
-48.0018 287.8134 -66.394 -73.961439
-49.296 287.3623 -65.4888 -73.960154
-50.1432 286.6731 -64.1653 -73.958878
-50.2434 286.1704 -62.4405 -73.957603
-51.2742 284.9264 -61.8207 -73.956341
-52.8421 284.4426 -61.0987 -73.955086
-53.9107 283.6653 -60.0279 -73.953838
-54.752 283.3629 -58.5184 -73.952596
-55.6511 282.4981 -57.2933 -73.951366
-56.6242 281.93 -56.0196 -73.950147
-57.9991 281.9695 -54.8908 -73.948935
-59.0837 282.3361 -53.8941 -73.947735
-60.0943 282.1643 -52.7677 -73.946542
-61.4419 281.5155 -51.8651 -73.945363
-62.8626 280.827 -51.0501 -73.944195
-64.2795 280.6349 -50.0042 -73.943039
-65.804 280.5238 -49.0693 -73.941896
-66.7885 280.054 -47.7484 -73.940762
-67.9789 279.2336 -46.7905 -73.939642
-68.6552 278.446 -45.3481 -73.938534
-69.0138 277.9753 -43.6489 -73.93744
-69.4167 276.9949 -42.4398 -73.936362
-69.8247 275.5947 -42.5008 -73.935297
-70.268 276.0815 -42.6582 -73.934248
-70.9242 276.409 -41.0457 -73.933207
-71.4032 276.5871 -39.3203 -73.932188
-72.2724 276.7647 -38.0281 -73.931188
-73.2041 276.1685 -36.6914 -73.930205
-74.2918 275.5936 -35.4399 -73.929241
-75.425 274.8456 -34.2803 -73.928295
-76.9255 274.2886 -33.5609 -73.927368
-77.3251 274.3933 -31.9623 -73.92646
-77.3839 274.0953 -31.6173 -73.925563
-77.9259 274.1693 -30.1943 -73.924689
-79.5493 274.0847 -29.6223 -73.923838
-80.9279 274.149 -28.5263 -73.923008
-82.1503 274.2888 -27.2947 -73.922202
-83.1333 274.5631 -25.8399 -73.921417
-83.3586 274.0993 -24.1212 -73.920653
-83.4086 273.3363 -22.4949 -73.919915
-83.5601 272.816 -20.7795 -73.919198
-83.7705 272.4678 -19.0265 -73.918505
-84.0593 272.0789 -17.2937 -73.91784
-84.2893 271.7437 -15.5414 -73.917199
-84.9661 271.1706 -14.2656 -73.916587
-86.4465 270.5588 -13.5443 -73.916002
-87.5224 269.4821 -12.7644 -73.915445
-88.5863 270.2836 -13.3628 -73.914915
-89.344 271.7765 -13.8414 -73.914412
-90.7295 272.8654 -14.017 -73.91393
-92.0012 274.1345 -14.1202 -73.91348
-93.0728 275.5655 -14.188 -73.913063
-94.4803 276.5793 -14.1262 -73.912676
-96.2029 276.3016 -13.7358 -73.912318
-97.8612 276.4416 -13.1634 -73.911991
-99.2225 277.2086 -12.3487 -73.911694
-100.7724 276.7787 -11.5881 -73.911428
-102.4856 276.8416 -11.2384 -73.911194
-104.2435 277.0799 -11.3594 -73.910991
-105.8758 277.7134 -11.5089 -73.910821
-106.978 278.2571 -10.6069 -73.910684
-108.7214 278.4008 -10.5748 -73.91058
-110.1714 278.7473 -11.3411 -73.91051
-111.6618 279.6815 -11.4564 -73.910475
-21.5015 253.5088 -73.309 -74.003495
-22.5942 254.3623 -72.684 -74.003246
-23.4363 255.5756 -72.2611 -74.00302
-23.7952 256.2196 -73.6016 -74.002817
-24.1958 256.9175 -74.8973 -74.002638
-24.5102 257.2028 -76.431 -74.002482
-25.2575 257.9568 -77.5755 -74.002353
-25.9832 258.9049 -78.6121 -74.002248
-26.7351 259.8964 -79.3372 -74.002169
-27.7754 261.0706 -79.3699 -74.002115
-28.1276 262.1418 -78.3341 -74.002088
-14.415 228.9869 -63.4499 -74.030314
-16.1331 229.4489 -63.5343 -74.029325
-17.7421 230.1331 -63.7219 -74.028351
-19.4067 230.7023 -63.8399 -74.027394
-20.8995 231.6241 -63.8754 -74.026452
-22.4197 232.5434 -63.927 -74.025525
-23.9779 232.9794 -64.5409 -74.024614
-25.5926 233.2447 -65.0739 -74.023715
-27.3372 233.3731 -65.393 -74.022832
-29.108 233.4677 -65.4659 -74.021963
-30.8642 233.5427 -65.402 -74.021109
-32.3482 234.4256 -65.4518 -74.020269
-33.9347 234.8444 -64.9779 -74.019444
-35.6107 235.0483 -64.5372 -74.018632
-37.2988 235.2219 -64.5195 -74.017835
-38.3854 235.5894 -65.5655 -74.017049
-39.1438 235.7555 -64.0699 -74.016277
-40.4342 236.3585 -64.9633 -74.015521
-41.6538 237.408 -65.4996 -74.014779
-43.3197 237.9738 -65.7908 -74.014053
-45.0712 238.2644 -65.9288 -74.013342
-46.7994 238.6788 -65.9135 -74.012647
-48.5481 238.9796 -65.7557 -74.011966
-50.2593 239.3638 -65.4708 -74.011301
-51.9541 239.818 -65.3779 -74.010652
-53.6581 240.3081 -65.5616 -74.01002
-55.3649 240.7618 -65.7517 -74.009404
-56.9242 241.5359 -65.9538 -74.008804
-58.6438 241.8319 -66.2728 -74.008223
-59.9936 242.7156 -66.7405 -74.007658
-60.984 243.7818 -67.5294 -74.007111
-62.0855 245.146 -67.6347 -74.006583
-62.592 246.8516 -67.5474 -74.006074
-63.6958 248.1812 -67.3534 -74.005584
-65.3602 248.1365 -67.1819 -74.005113
-66.6185 247.2528 -66.7907 -74.004662
-68.2827 246.701 -66.9975 -74.004229
-69.0056 246.5375 -67.1182 -74.003819
-69.4149 247.1923 -66.2178 -74.003429
-70.5685 248.2104 -65.6787 -74.003062
-72.1021 248.9573 -65.1628 -74.002717
-73.5226 249.8734 -64.6789 -74.002395
-74.9049 250.917 -64.2744 -74.002096
-76.1941 252.0464 -63.8017 -74.001822
-77.6751 252.694 -63.2164 -74.001573
-78.9054 253.7897 -63.1101 -74.001349
-80.0531 255.1107 -63.1909 -74.001151
-81.4092 256.2087 -63.4316 -74.000979
-83.1166 256.5971 -63.7243 -74.000835
-84.8053 256.9649 -63.8465 -74.000718
-86.3232 257.8036 -63.7447 -74.000629
-88.0463 257.7843 -63.4146 -74.000569
-89.5568 258.6367 -63.0658 -74.000539
-79.8558 209.6969 -1.6956 -74.100808
-80.9345 210.9313 -0.8747 -74.099667
-81.8718 212.3265 -0.0936 -74.098538
-83.0145 213.649 0.4105 -74.097418
-83.35 215.4299 0.5242 -74.096307
-84.7236 216.0877 0.5245 -74.095205
-85.8365 216.8501 1.5461 -74.094111
-86.4751 218.3432 2.3648 -74.093029
-87.6889 219.3419 3.0091 -74.091956
-89.3832 219.625 3.5112 -74.090895
-90.5679 220.9942 3.9392 -74.089844
-91.9993 222.1339 4.2769 -74.088803
-93.1066 223.0567 5.3451 -74.08777
-94.2451 224.3484 6.04 -74.086746
-95.1955 225.7846 6.6504 -74.085733
-96.1469 227.1811 6.1703 -74.084731
-97.5307 228.1499 5.5656 -74.083737
-97.6555 229.6726 4.5217 -74.082751
-98.2632 230.7709 4.9578 -74.081774
-99.4213 231.1534 5.7424 -74.080809
-100.7458 231.4122 4.7237 -74.079853
-101.8502 232.6408 4.2535 -74.078909
-103.1436 233.9354 4.0273 -74.077975
-104.4921 234.4164 4.8558 -74.077053
-105.6117 233.6885 5.7966 -74.076136
-106.7274 232.3194 6.4016 -74.075222
-107.441 230.7522 6.8747 -74.074333
-107.4488 229.0255 7.5014 -74.073457
-107.9411 227.3511 8.131 -74.072595
-107.0902 226.8712 8.9862 -74.071746
-106.1496 226.513 10.1833 -74.0709
-105.9516 226.2598 12.0223 -74.070068
-105.4787 225.2922 12.0054 -74.069254
-105.2249 224.5846 10.2988 -74.068455
-104.7784 223.6625 9.5999 -74.067674
-104.7066 222.6921 11.0296 -74.066907
-105.026 220.965 11.6033 -74.066158
-104.6066 219.9029 12.8153 -74.065423
-103.3942 219.8352 14.0764 -74.064706
-104.3073 219.9043 13.553 -74.064006
-105.885 218.9419 13.3792 -74.063323
-107.2676 218.4747 12.6842 -74.062658
-108.1193 218.5469 11.0406 -74.06201
-108.3962 219.4541 11.7193 -74.061382
-109.0143 219.6825 13.4653 -74.060771
-109.7221 219.9831 15.1561 -74.060183
-110.6667 219.9703 16.4989 -74.059617
-112.0003 218.9022 16.8845 -74.059073
-113.4433 217.9794 16.4775 -74.05855
-114.7081 217.1333 15.6968 -74.05805
-115.2947 216.7255 13.9743 -74.057572
-115.5962 216.7912 12.1637 -74.057113
-115.7677 217.1126 10.3327 -74.056679
-115.4309 217.0746 11.1227 -74.056272
-116.1181 217.6962 12.116 -74.055879
-117.3855 218.3763 13.3061 -74.055517
-118.8798 218.8959 14.099 -74.055187
-120.5533 219.5755 14.5055 -74.054883
-122.3465 220.0233 14.7431 -74.054608
-124.1585 220.1151 14.949 -74.05436
-125.565 221.2324 14.8597 -74.054141
-126.6064 222.7478 14.7267 -74.053952
-127.1945 224.5052 14.537 -74.053792
-127.9351 226.1832 14.2547 -74.053663
-129.0224 227.5634 14.5865 -74.053565
-130.1181 229.0198 14.5982 -74.053499
-131.2201 230.4645 14.2522 -74.053465
47.5528 -96.076 13.5667 -73.383654
47.0015 -95.2803 13.5986 -73.383773
46.7344 -94.3274 13.6342 -73.383832
27.7081 -94.2683 18.8592 -73.366342
26.226 -93.6204 19.8024 -73.36697
24.7439 -92.9726 20.7456 -73.367436
23.2618 -92.3248 21.6888 -73.367745
23.8038 -92.3745 21.7835 -73.3679
54.7481 -88.0637 17.871 -73.401998
97.3169 -66.6493 31.3652 -73.435605
99.3506 -67.4491 30.897 -73.436982
101.3843 -68.2489 30.4289 -73.438128
103.4181 -69.0488 29.9607 -73.439045
105.4518 -69.8486 29.4925 -73.439734
104.935 -70.7499 28.9784 -73.440193
104.6139 -70.6388 26.7694 -73.440424
96.937 -66.473 30.8282 -73.434889
44.0154 -65.7095 15.6069 -73.449663
44.0102 -66.3692 14.8486 -73.449765
44.1586 -67.2141 14.3402 -73.449816
-4.665 -9.0685 -0.0051 -73.96199
-3.3078 -10.3003 -0.0154 -73.943853
-1.9532 -11.5348 -0.0257 -73.925707
-0.7426 -12.7803 -0.0459 -73.895474
0.4334 -13.9291 -0.0935 -73.853299
1.4466 -15.2471 -0.185 -73.811145
3.5554 -27.7322 1.4257 -73.747751
8.6107 -41.3653 6.7974 -73.686427
22.8794 -62.2772 10.5055 -73.544326
26.4745 -64.8588 13.9793 -73.522577
29.0535 -67.1183 14.3116 -73.508183
42.1418 -73.5431 16.2509 -73.455247
47.2069 -85.1931 18.1557 -73.410889
44.6639 -89.9679 15.7857 -73.393887
47.7449 -96.3203 13.6398 -73.384411
78.4149 -177.3628 14.5582 -73.292082
95.2227 -265.7699 17.0719 -73.219422
48.1056 -320.1106 18.1187 -73.163965
-10.9476 -383.6056 22.9817 -73.12396
-40.36 -432.7473 17.7175 -73.09799
28.7834 -94.5812 17.274 -73.368058
14.3097 -106.6143 20.8227 -73.34784
2.7577 -126.0427 26.0848 -73.332051
-45.0792 -189.1405 27.4734 -73.298243
30.9775 -170.2053 31.4202 -73.323413
28.3969 -94.5693 18.0599 -73.366342
-40.2348 -104.2908 -5.8163 -73.316881
-111.9958 -139.102 2.509 -73.285804
54.6562 -87.9717 17.7384 -73.40263
111.8824 -135.9529 29.1893 -73.335732
164.8572 -185.7356 20.1853 -73.287293
213.7243 -226.7876 32.011 -73.25695
43.9697 -65.4565 15.7766 -73.449856
45.5333 -62.1584 17.8534 -73.447837
96.2419 -66.2233 31.6259 -73.434805
2.1326 -22.0656 -2.5814 -73.770539
6.2653 -35.3706 6.4938 -73.717429
8.3143 -40.7868 6.7183 -73.661171
15.4942 -50.7521 4.9673 -73.615565
19.5156 -57.7327 7.1557 -73.56998
24.2121 -63.3654 12.9105 -73.533528
27.7984 -65.9637 14.1964 -73.515375
35.2991 -71.3414 15.5234 -73.482024
45.9552 -78.4006 18.2802 -73.432938
45.9541 -87.9136 17.638 -73.402316
46.0845 -93.1486 14.7482 -73.388661
52.1518 -103.9606 11.3242 -73.373518
58.8833 -119.603 12.0998 -73.353839
62.6461 -133.0235 18.7767 -73.335151
68.7987 -150.479 18.27 -73.317549
75.478 -168.4071 16.0379 -73.300904
80.7201 -186.7623 13.7215 -73.283357
86.0397 -202.1519 18.4658 -73.267742
88.9594 -219.8372 14.0604 -73.253007
92.3483 -238.1707 14.3683 -73.239225
94.4112 -256.1543 16.5595 -73.22628
95.282 -267.4858 16.3224 -73.212654
95.3059 -280.3632 10.9397 -73.200546
82.392 -291.8157 13.1552 -73.189231
66.6134 -301.8126 13.5179 -73.178785
55.8832 -314.8401 17.1156 -73.169093
42.621 -325.3136 19.0805 -73.158939
32.9705 -340.7608 23.6528 -73.149963
23.9361 -354.8041 21.203 -73.141714
9.6225 -366.7531 22.7517 -73.134273
-4.6074 -378.3071 21.4152 -73.127524
-16.9731 -389.755 18.9726 -73.120491
-27.5688 -401.1213 14.9527 -73.114317
-39.573 -411.7299 14.9204 -73.108827
-40.6381 -420.4638 25.2112 -73.104116
-40.4069 -426.6412 14.8914 -73.100081
-41.6738 -434.0686 12.5022 -73.096009
-35.1298 -447.795 10.0223 -73.092571
-30.511 -455.7937 6.7671 -73.089841
-26.4654 -460.7911 2.4423 -73.087974
-24.2919 -464.5784 0.2402 -73.08703
37.1249 -94.0849 14.9718 -73.380712
20.7736 -99.7756 22.2184 -73.357786
11.0172 -108.5614 18.7473 -73.344688
5.909 -113.1292 24.1737 -73.339754
4.7649 -121.3499 27.2758 -73.334867
-3.9067 -133.7894 26.1237 -73.327398
-16.2236 -149.0836 26.7198 -73.319356
-17.7909 -159.6216 22.5822 -73.312236
-30.8645 -168.2845 21.4997 -73.306111
-40.3768 -181.2163 24.3391 -73.300873
-50.8898 -195.8899 27.7601 -73.295732
-59.8432 -207.2909 27.0024 -73.291519
-63.453 -209.2381 15.4152 -73.288208
-64.2909 -212.4765 11.1044 -73.285954
-69.7086 -217.4653 14.9612 -73.284816
-1.3141 -131.2728 34.9295 -73.331426
15.7442 -115.5027 24.1983 -73.34385
21.9499 -133.9863 25.1312 -73.337702
26.8898 -147.4387 25.6301 -73.332461
28.6429 -155.1273 32.7495 -73.32823
28.6017 -167.7997 33.6747 -73.324918
33.7647 -170.9041 21.6446 -73.321941
35.3986 -176.6564 11.4651 -73.319752
39.8278 -180.409 -7.3747 -73.318594
28.4843 -94.572 17.6083 -73.366851
24.075 -93.3058 9.4058 -73.360186
15.5128 -90.8025 -8.4542 -73.349075
-0.0475 -89.6597 -13.0268 -73.33885
-13.9393 -94.7328 -4.0497 -73.329602
-31.0534 -101.5497 -4.3571 -73.321229
-48.3446 -108.1087 -4.4853 -73.312622
-60.3769 -111.0796 -1.1234 -73.305166
-77.9711 -113.5102 3.296 -73.298575
-92.0999 -121.9743 4.6219 -73.292946
-105.6825 -132.44 0.8972 -73.288183
-119.8735 -141.3568 5.959 -73.283677
-132.8113 -151.1601 6.979 -73.280093
-147.2952 -155.5423 4.0924 -73.277263
-153.368 -158.2725 7.6335 -73.275332
-168.793 -159.6906 7.6228 -73.274357
50.8433 -86.5895 17.9535 -73.406074
61.2357 -92.3404 14.5899 -73.394659
72.1897 -102.125 21.0158 -73.380144
85.4059 -115.7278 22.6939 -73.366465
96.1046 -123.0147 27.5352 -73.353766
106.3877 -128.7142 28.8233 -73.341952
119.3522 -141.0891 32.8119 -73.329612
133.3865 -151.0456 27.4274 -73.318739
140.4642 -156.8554 25.7903 -73.308738
152.3124 -169.1266 29.8767 -73.299703
161.5491 -182.1636 26.4505 -73.291535
167.3763 -187.9265 20.8501 -73.283156
178.0174 -198.4202 27.7655 -73.275894
190.5879 -201.853 17.5881 -73.26946
198.4764 -209.0366 23.2285 -73.263946
206.4978 -222.3967 29.9785 -73.25926
216.4485 -231.2363 29.6641 -73.254826
219.3592 -241.6667 28.5636 -73.251227
217.6919 -257.4839 32.1794 -73.248384
212.7961 -271.781 39.8533 -73.246443
208.8344 -287.7139 39.3838 -73.245459
43.1478 -69.6198 16.0595 -73.451397
45.0982 -63.5211 16.1223 -73.44883
50.7937 -61.6079 11.0465 -73.445546
63.7547 -58.5312 9.7712 -73.441686
75.049 -60.4617 16.3877 -73.438559
83.0968 -60.7333 25.9161 -73.436313
91.3447 -63.64 26.8113 -73.435003
106.4082 -69.1292 24.6495 -73.431666
123.1559 -72.5629 28.9251 -73.427448
143.1961 -75.9244 28.8652 -73.42533
46.1286 -55.224 14.5026 -73.446552
37.6417 -45.2763 18.4222 -73.444772
22.8448 -43.0894 21.8828 -73.443817
