-0.8015 -1.2678 -0 -73.91594
-3.2062 -5.0715 -0 -73.915163
-5.0765 -8.0299 -0 -73.91463
-6.4123 -10.1429 0.0262 -73.914513
-8.0143 -12.677 0.1283 -73.914398
-8.8146 -13.9429 0.1666 -73.914314
-8.2187 -14.5214 0.2948 -73.914223
-8.7411 -16.3672 0.5247 -73.913984
-10.0309 -17.8905 1.1419 -73.913681
-11.386 -19.3222 1.89 -73.91339
-12.7254 -20.8552 2.392 -73.913117
-14.0432 -22.4116 2.6217 -73.912793
-14.6972 -24.3185 2.0715 -73.912401
-15.5306 -26.234 2.0482 -73.911974
-16.1094 -27.8038 2.3068 -73.911606
-14.7796 -28.9827 3.1257 -73.911298
-13.6062 -30.5844 3.6202 -73.91099
-12.2537 -32.1091 3.9089 -73.910681
-11.1222 -33.7683 4.2796 -73.910371
-10.1932 -35.2295 5.196 -73.910061
-9.3619 -36.7283 6.3117 -73.90975
-8.5851 -38.2492 7.4144 -73.909439
-7.5935 -39.8435 8.2499 -73.909127
-6.8916 -41.4349 9.2193 -73.908813
-6.2727 -43.3267 9.6108 -73.908499
-5.7427 -44.6215 10.9758 -73.908183
-5.2774 -45.3085 12.8612 -73.907866
-4.5701 -46.2857 12.7646 -73.907549
-3.9187 -47.0128 11.0346 -73.907231
-3.487 -47.3534 9.0584 -73.90691
-3.1601 -48.3203 10.2056 -73.906589
-2.5906 -49.7167 11.29 -73.90627
-2.064 -51.2649 10.2609 -73.90595
-1.9023 -53.0628 10.2828 -73.905629
-1.2374 -53.7481 8.8883 -73.905306
-0.2338 -55.4757 8.438 -73.904984
0.9268 -57.1391 8.1846 -73.904661
2.1659 -58.7648 8.26 -73.904337
2.7966 -60.3652 9.2072 -73.904012
3.5606 -62.0815 8.7826 -73.903687
4.1051 -63.9769 8.2533 -73.903361
4.7728 -65.8913 8.0534 -73.903035
5.555 -67.7898 8.1794 -73.902709
5.4215 -69.7319 8.5591 -73.902382
5.3722 -71.1779 9.39 -73.902055
6.6015 -72.8224 9.4344 -73.901727
7.9091 -74.3345 9.4579 -73.901399
9.1469 -75.9691 9.4502 -73.90107
10.0298 -77.8076 9.4917 -73.900742
10.7723 -79.6982 9.5101 -73.900414
12.3735 -80.8411 9.4583 -73.900085
13.4145 -82.6176 9.4397 -73.899757
14.1594 -84.5026 9.6273 -73.899428
14.908 -86.352 10.0263 -73.899099
15.6285 -88.1574 10.421 -73.89877
16.2688 -90.0988 10.1972 -73.898441
16.8061 -92.0324 10.2983 -73.898113
18.0591 -93.5211 10.9131 -73.897785
19.0692 -95.1762 11.592 -73.897457
20.0514 -96.8019 12.3554 -73.89713
20.7986 -98.4251 13.1509 -73.896803
22.3425 -99.643 13.6764 -73.896476
23.1324 -101.4525 13.8694 -73.89615
24.2278 -103.1764 13.8286 -73.895824
25.7948 -104.4654 13.8973 -73.8955
27.3532 -105.7951 13.951 -73.895176
28.4996 -107.4233 13.9547 -73.894853
30.0108 -108.56 13.6639 -73.894531
31.1081 -108.6091 12.0588 -73.894204
29.9694 -109.9097 10.9348 -73.893854
28.8308 -111.2104 9.8109 -73.893513
27.6922 -112.511 8.6869 -73.893183
26.8377 -113.4766 7.7017 -73.892858
28.1153 -111.9666 8.2837 -73.892516
29.3929 -110.4565 8.8658 -73.892183
30.6706 -108.9464 9.4479 -73.891861
31.1787 -108.9746 10.7509 -73.891538
31.0798 -109.3078 12.7833 -73.891216
31.1974 -110.3892 14.0207 -73.890902
31.8589 -112.2436 14.4776 -73.890591
32.2207 -114.0808 14.8897 -73.890282
32.3754 -116.0895 14.7382 -73.889974
33.2282 -117.7627 14.1097 -73.889669
34.0263 -119.6079 13.7086 -73.889366
34.4263 -121.5938 13.4703 -73.889065
34.6735 -123.5948 13.4834 -73.888767
34.4631 -125.6138 13.6554 -73.888471
35.477 -127.1975 13.9548 -73.888179
36.4488 -128.3733 14.9241 -73.887888
36.0423 -130.1872 15.3722 -73.887598
35.1621 -131.5518 15.4371 -73.887312
35.6418 -129.8523 14.8263 -73.887032
35.0348 -128.0619 14.2107 -73.886754
35.5446 -129.8444 14.1534 -73.88648
35.6291 -131.8577 14.0497 -73.88621
34.8485 -133.6181 13.7199 -73.885944
34.2995 -135.3089 12.7219 -73.885683
33.9891 -137.2127 12.2496 -73.885425
34.6951 -139.1364 12.158 -73.885173
34.4342 -141.0719 12.4762 -73.884925
34.9496 -142.8915 13.1328 -73.884682
35.1207 -144.6736 12.8365 -73.884444
36.0553 -146.4708 12.5635 -73.884211
36.5162 -147.9232 11.2272 -73.883983
37.0821 -149.6924 10.5935 -73.883762
38.1845 -151.3675 10.8233 -73.883547
38.9786 -152.5573 11.4668 -73.883338
38.5512 -154.4927 11.7745 -73.883134
38.9845 -156.4817 12.0272 -73.882936
38.8087 -158.4686 12.102 -73.882745
39.4316 -160.3993 12.1561 -73.882561
40.017 -162.1492 11.7738 -73.882384
39.9044 -164.0643 11.3068 -73.882215
40.4166 -165.9089 10.6066 -73.882052
41.3853 -167.5493 10.7632 -73.881898
42.1247 -169.1267 11.6727 -73.881751
42.1485 -170.8263 12.6221 -73.881611
41.2541 -172.1527 13.7028 -73.88148
41.3329 -173.6405 14.3131 -73.881356
41.6008 -174.8677 12.6805 -73.881239
41.8738 -176.7997 12.275 -73.881131
42.7438 -178.5456 11.9564 -73.881031
43.2439 -180.4578 12.0397 -73.880939
43.3656 -182.4295 12.4106 -73.880854
43.6747 -184.2146 13.2717 -73.880776
44.1736 -186.1236 13.8383 -73.880706
44.3535 -187.9066 14.7675 -73.880644
44.8726 -189.5685 15.6922 -73.880588
45.4404 -191.1005 14.5715 -73.88054
46.1386 -192.9259 14.1459 -73.880498
46.6287 -194.8895 13.783 -73.880464
47.9055 -196.4354 13.3908 -73.880436
49.0241 -197.9564 13.467 -73.880415
49.8322 -199.3762 13.2319 -73.8804
51.04 -200.3986 12.0409 -73.880393
-16.8109 -27.3553 2.8101 -73.911646
-17.497 -28.3029 4.2038 -73.911422
-18.1984 -29.271 5.5067 -73.911205
-18.2577 -29.3412 3.7473 -73.910953
-18.2679 -29.344 1.9276 -73.910708
-18.2781 -29.3467 0.108 -73.91047
-18.2883 -29.3494 -1.7116 -73.910239
-18.2985 -29.3522 -3.5313 -73.910015
-18.8534 -30.5664 -3.9808 -73.909795
-18.8107 -32.318 -3.8597 -73.909573
-19.3066 -34.0554 -3.7456 -73.909352
-18.9488 -34.5418 -2.2544 -73.909129
-18.3075 -35.7012 -1.0566 -73.908906
-18.003 -37.2922 -0.254 -73.908682
-17.2153 -38.7422 0.5062 -73.908458
-17.2992 -40.1694 1.5541 -73.908234
-17.1185 -41.7267 2.3954 -73.908009
-17.083 -42.8762 3.6698 -73.907782
-17.3639 -44.4413 4.545 -73.907556
-18.2212 -45.6938 5.2818 -73.907331
-18.9632 -46.7735 4.1464 -73.907105
-19.2427 -47.6114 2.5633 -73.906877
-19.7572 -49.1601 2.2576 -73.906651
-20.0441 -50.8741 2.5491 -73.906426
-20.3286 -52.4364 3.2684 -73.906202
-19.8077 -53.8024 3.6098 -73.905977
-19.2008 -54.6661 2.2731 -73.905752
-18.7221 -56.0354 2.9434 -73.905526
-18.7365 -56.729 4.1896 -73.905302
-18.8997 -58.1413 5.2798 -73.90508
-18.8149 -59.8936 5.7078 -73.90486
-18.9822 -61.072 7.0484 -73.90464
-19.3934 -62.5349 8.0119 -73.904423
-19.547 -63.8484 9.0694 -73.904207
-19.5772 -65.5723 8.63 -73.903995
-19.258 -67.3139 8.3405 -73.903785
-19.7508 -69.0603 8.364 -73.903579
-19.9946 -70.8175 8.7102 -73.903375
-19.8037 -72.5539 9.1873 -73.903175
-19.7201 -74.3251 9.5635 -73.902978
-20.2567 -75.9938 9.7611 -73.902786
-19.7758 -77.7066 9.8918 -73.902597
-19.8692 -79.394 10.0722 -73.902413
-20.6153 -80.6503 10.7965 -73.902233
-20.8101 -82.0334 11.1362 -73.90206
-21.8468 -83.2751 10.5156 -73.901892
-22.3598 -84.646 11.4203 -73.90173
-22.8139 -86.2646 12.0203 -73.901574
-22.9433 -87.4114 13.1988 -73.901423
-23.2601 -88.7922 14.1473 -73.90128
-23.5187 -90.5915 14.1567 -73.901145
-23.7693 -92.3875 14.2837 -73.901018
-23.9193 -94.161 14.5659 -73.900899
-24.765 -95.4177 14.2775 -73.900788
-25.6946 -96.5629 13.7452 -73.900686
-26.3361 -98.2508 13.7081 -73.900594
-26.22 -99.6251 14.4174 -73.90051
-26.029 -100.2322 16.1217 -73.900437
-25.98 -100.9366 17.7977 -73.900374
-26.1774 -101.1961 19.58 -73.900321
-26.4133 -101.3806 21.3748 -73.900281
-26.5757 -102.9017 22.0388 -73.900255
-26.565 -104.1061 22.8298 -73.900241
-10.4886 -18.1238 0.6694 -73.913431
-10.4015 -18.057 0.4643 -73.913251
-11.3637 -19.3353 1.4826 -73.913035
-12.4409 -20.4928 2.3203 -73.912781
-13.7335 -21.882 2.6066 -73.912507
-14.3525 -23.4451 1.6476 -73.91223
-14.7639 -24.7529 0.4153 -73.911954
-15.0123 -25.6795 -1.2982 -73.911675
-14.7483 -27.3027 -2.2341 -73.911397
-14.1682 -28.7546 -3.3613 -73.911117
-14.1335 -30.3237 -2.5621 -73.910835
-14.176 -32.0715 -1.7097 -73.910554
-14.076 -33.7889 -0.9359 -73.910271
-13.8862 -35.6563 -1.4771 -73.909988
-13.5408 -37.5381 -1.8551 -73.909704
-12.9254 -39.3671 -2.0095 -73.909418
-12.8947 -41.2639 -2.5483 -73.909131
-12.5093 -43.0891 -2.3969 -73.908844
-11.8636 -44.7358 -1.5183 -73.908554
-11.3409 -46.4019 -0.6056 -73.908264
-11.0233 -47.5467 0.9658 -73.90797
-10.5913 -48.4457 2.6789 -73.907678
-10.1405 -50.0833 3.3431 -73.907385
-10.2934 -51.7904 2.9275 -73.907091
-10.88 -52.8858 1.4404 -73.906795
-11.0363 -54.4811 1.7038 -73.906499
-11.1458 -56.3254 2.378 -73.906202
-10.357 -57.7555 3.4384 -73.905904
-10.1358 -58.8326 4.9901 -73.905605
-10.3077 -60.6124 5.6598 -73.905306
-11.2813 -62.2927 6.0116 -73.905005
-11.7958 -64.1934 6.181 -73.904705
-12.4342 -66.0517 6.3974 -73.904403
-11.9522 -67.7789 6.8906 -73.9041
-11.6762 -69.0382 8.2561 -73.903797
-11.713 -70.0381 9.9612 -73.903493
-11.8555 -70.9146 11.6774 -73.903188
-12.8132 -71.5235 13.2459 -73.902883
-13.5753 -72.2336 12.7301 -73.902578
-14.1638 -73.7043 11.8882 -73.902273
-14.4131 -75.2707 10.815 -73.901968
-13.5782 -77.0011 10.3425 -73.901663
-13.3259 -78.9499 10.1371 -73.901358
-13.3622 -80.9141 10.3308 -73.901054
-14.2376 -82.5066 10.9807 -73.90075
-14.7845 -84.1023 11.9265 -73.900447
-15.3519 -85.4422 12.6525 -73.900144
-15.7865 -86.6616 12.098 -73.899841
-16.5522 -87.7496 13.5364 -73.899538
-17.1687 -89.5648 13.8022 -73.899238
-18.2162 -91.1682 13.885 -73.898939
-19.5493 -92.634 13.9514 -73.898641
-20.3209 -94.4426 13.8656 -73.898344
-21.0095 -96.2837 13.6721 -73.898049
-21.3384 -97.8523 13.9673 -73.897753
-21.6939 -97.8965 15.9193 -73.897455
-22.3276 -98.0602 17.7316 -73.897164
-21.887 -98.9874 16.7979 -73.896872
-22.8153 -99.7306 15.3374 -73.896586
-24.3779 -100.6691 14.7056 -73.896303
-24.3457 -102.6276 14.3888 -73.896024
-24.5768 -104.5617 14.2213 -73.895749
-24.8282 -106.5067 14.2205 -73.895476
-25.0574 -108.4614 14.1941 -73.895208
-25.5558 -110.3378 14.0236 -73.894944
-26.9412 -111.6652 13.5497 -73.894684
-27.6548 -113.1993 12.651 -73.894429
-27.9593 -114.1646 11.0361 -73.894175
-28.3565 -115.3746 10.0919 -73.893931
-29.1471 -116.4978 9.0352 -73.89369
-29.5399 -117.0458 7.1689 -73.893454
-29.9596 -117.6548 5.3281 -73.893225
-30.9613 -118.935 4.5188 -73.893004
-32.1435 -120.2324 4.6581 -73.892789
-32.9363 -121.0473 6.2793 -73.89258
-33.621 -122.2206 7.5953 -73.89238
-33.9105 -123.585 8.7937 -73.892186
-34.4873 -124.3869 10.3397 -73.892001
-35.0405 -125.7656 11.4307 -73.891824
-34.701 -127.6323 11.772 -73.891655
-35.3063 -129.4991 11.9181 -73.891495
-35.9903 -131.3268 11.7835 -73.891344
-37.6819 -132.1342 11.31 -73.891202
-38.5009 -133.4806 10.3217 -73.891069
-38.4967 -134.7419 8.9782 -73.890945
-39.2613 -136.1191 9.0235 -73.890831
-39.6486 -137.8732 9.0943 -73.890728
-40.3927 -139.5578 8.4232 -73.890635
-41.3357 -141.2284 8.0319 -73.890552
-41.7461 -143.1332 7.6854 -73.89048
-42.0138 -145.0056 7.4829 -73.890419
-41.9887 -146.6225 8.5512 -73.890369
-43.1363 -148.1444 8.915 -73.890331
-43.8626 -149.8828 8.3731 -73.890305
-44.926 -151.4033 7.7386 -73.890292
-9.353 -14.8211 0.2731 -73.914183
-11.0559 -15.5864 0.7158 -73.913949
-12.8605 -15.9487 1.177 -73.913661
-14.323 -16.6873 2.6356 -73.913129
-15.6273 -17.7486 4.2904 -73.912683
-16.5612 -19.3299 4.837 -73.912482
-17.0333 -20.2944 6.2453 -73.912255
-17.8874 -21.5361 7.3823 -73.912024
-18.8508 -22.9769 8.1796 -73.911793
-19.5099 -24.5801 8.9543 -73.91156
-19.7318 -25.6734 10.3712 -73.911326
-19.6375 -26.5275 11.987 -73.911089
-20.9183 -27.5166 12.4491 -73.910853
-21.2964 -29.0814 13.3143 -73.910616
-21.83 -30.7644 14.0149 -73.910378
-22.4092 -32.288 14.7504 -73.910139
-23.1716 -32.8787 16.4102 -73.909897
-23.4458 -33.3976 17.1662 -73.909656
-23.9797 -35.1098 17.8018 -73.909414
-25.2888 -36.4276 18.1128 -73.909172
-26.4013 -37.9363 18.2431 -73.908929
-27.2908 -39.5473 18.3867 -73.908686
-28.9068 -40.2841 18.3568 -73.908441
-28.8386 -41.8551 18.071 -73.908196
-30.0593 -43.3052 18.0707 -73.90795
-30.6546 -44.9959 18.2212 -73.907703
-31.4097 -46.5757 18.3297 -73.907456
-32.6885 -47.8644 18.2798 -73.907209
-33.6705 -49.4532 18.3794 -73.906962
-34.3435 -51.1833 18.7706 -73.906715
-35.0428 -52.643 19.7515 -73.906468
-35.9334 -53.9164 20.8542 -73.906222
-36.4958 -55.5633 21.6175 -73.905976
-37.1515 -57.2664 22.1901 -73.905732
-37.503 -58.9135 22.7742 -73.905487
-37.2767 -60.629 23.5408 -73.905242
-38.3487 -62.1152 24.0868 -73.905
-38.7835 -63.8894 24.6417 -73.904759
-39.0307 -65.5698 25.4324 -73.904521
-39.2448 -67.4312 25.7075 -73.904283
-39.4113 -69.2406 26.1323 -73.904048
-38.2265 -70.1613 27.1367 -73.903815
-37.9293 -71.6381 28.1838 -73.903584
-36.7386 -72.8721 28.5562 -73.903356
-35.4143 -74.1273 28.8617 -73.903132
-33.8413 -75.1427 29.2839 -73.902906
-32.9832 -76.7229 29.5771 -73.902688
-33.6399 -75.092 29.1649 -73.902471
-33.1635 -76.3575 28.5144 -73.902259
-32.6394 -77.9449 29.3953 -73.902053
-31.5586 -79.4236 29.8926 -73.901848
-30.8094 -81.0765 30.3763 -73.901649
-31.5811 -82.6547 30.6865 -73.901458
-31.7168 -84.5489 30.8274 -73.901274
-31.5105 -86.4537 30.8357 -73.901096
-31.5377 -88.3667 30.7633 -73.900925
-31.4829 -90.279 30.6456 -73.900762
-31.9235 -92.1277 30.4947 -73.900606
-32.2806 -93.9944 30.2829 -73.900459
-33.2826 -95.4749 30.073 -73.90032
-34.2923 -96.3147 29.212 -73.90019
-33.7984 -97.5646 29.0456 -73.900069
-33.365 -98.5644 30.3242 -73.899957
-34.9529 -99.5888 30.5864 -73.899855
-35.3561 -101.2379 30.5528 -73.899764
-35.425 -102.1901 29.7785 -73.899684
-35.4381 -103.6106 30.0236 -73.899616
-35.4329 -104.9525 28.8355 -73.89956
-35.4888 -106.6151 28.0477 -73.899517
-35.1318 -108.0258 29.2064 -73.899487
-34.5346 -109.5447 30.0645 -73.899472
-15.445 -16.6758 3.4162 -73.912681
-17.1123 -16.5493 2.7023 -73.912483
-18.8242 -16.1183 2.2844 -73.912259
-20.5247 -15.3962 2.2003 -73.912033
-22.3116 -15.3473 2.4856 -73.911806
-24.0423 -14.9367 2.9859 -73.911577
-25.7912 -14.8802 3.5418 -73.911347
-27.6376 -14.8877 3.7424 -73.911116
-29.4617 -14.8882 3.7168 -73.910885
-31.2202 -15.3922 3.5297 -73.910651
-32.7539 -15.8243 2.9445 -73.910415
-34.0829 -16.2305 1.7975 -73.910178
-35.3566 -17.1047 0.7776 -73.909941
-36.7811 -17.3591 0.0703 -73.909704
-38.4049 -17.2529 0.8951 -73.909466
-40.1857 -16.9717 1.2216 -73.909226
-41.9745 -17.3706 1.348 -73.908986
-43.6645 -17.7288 1.1737 -73.908744
-45.1638 -16.9527 0.472 -73.908502
-46.3865 -16.2335 -0.6264 -73.908259
-48.1583 -16.038 -0.1893 -73.908014
-49.5586 -16.5997 0.7893 -73.907768
-50.6275 -17.7832 1.5574 -73.907523
-52.4581 -17.9497 1.6886 -73.907276
-54.2203 -17.8442 1.1278 -73.90703
-55.6575 -18.4041 0.1681 -73.906782
-57.139 -19.2179 -0.5793 -73.906534
-58.8775 -19.6978 -0.9928 -73.906287
-60.4992 -20.5497 -0.8751 -73.90604
-62.2699 -20.9516 -0.784 -73.905793
-63.9605 -21.4851 -1.2025 -73.905544
-65.769 -21.6468 -1.2364 -73.905297
-67.4074 -21.948 -2.0416 -73.905051
-69.2303 -22.0478 -2.2783 -73.904806
-71.0405 -22.3933 -2.2 -73.904562
-72.76 -22.6876 -1.8978 -73.904319
-74.4248 -22.1245 -1.3042 -73.904077
-75.468 -21.5676 0.0962 -73.903836
-76.805 -21.0117 0.8974 -73.903597
-78.6304 -21.1688 0.7939 -73.903362
-80.2126 -21.6023 1.4208 -73.903129
-81.9055 -21.4802 1.8938 -73.902898
-83.3789 -20.5725 2.4839 -73.90267
-84.8475 -20.092 3.3977 -73.902446
-85.8797 -19.4106 4.4732 -73.902224
-86.9877 -17.9771 4.3817 -73.902008
-88.4094 -16.917 4.436 -73.901795
-89.1332 -16.2863 5.8123 -73.901585
-89.6827 -16.0961 7.5766 -73.90138
-90.6073 -14.9923 8.5732 -73.901182
-91.6573 -14.5236 9.9347 -73.90099
-92.216 -13.6924 11.4126 -73.900802
-93.3323 -12.5367 11.3011 -73.900623
-94.3529 -11.3333 10.4637 -73.900451
-95.9243 -11.359 10.3327 -73.900286
-97.085 -12.6874 10.4076 -73.900129
-98.637 -11.9209 10.4364 -73.899979
-99.8512 -10.5582 10.1484 -73.899839
-101.1467 -9.2581 9.9913 -73.899708
-102.9108 -8.8466 10.0308 -73.899586
-104.2043 -7.6318 10.4372 -73.899474
-105.7848 -7.7377 11.2376 -73.899373
-107.5295 -7.7352 11.7584 -73.899283
-108.7114 -6.5165 12.2914 -73.899203
-108.6826 -5.013 12.9437 -73.899136
-109.4316 -4.9691 14.0337 -73.89908
-110.9911 -5.321 13.2911 -73.899038
-112.3812 -4.7789 12.2565 -73.899009
-113.4541 -4.4164 10.8172 -73.898994
-15.5545 -17.632 4.3033 -73.912698
-16.8149 -18.3686 5.0193 -73.912538
-18.1535 -17.7371 5.9254 -73.912357
-19.3957 -17.6568 7.1162 -73.912173
-20.6245 -17.4395 8.329 -73.911988
-21.4073 -17.0773 9.8446 -73.911802
-22.3291 -16.4593 11.1562 -73.911617
-23.7986 -16.4039 12.1053 -73.911431
-24.636 -16.4397 13.5353 -73.911243
-26.0492 -16.413 14.4153 -73.911056
-26.5091 -16.6788 16.0866 -73.910866
-27.6416 -17.5424 16.452 -73.910679
-28.9683 -17.6171 17.1518 -73.910492
-30.2529 -16.8642 18.0015 -73.910305
-31.8112 -16.9615 18.7079 -73.910117
-32.7125 -16.0015 17.8716 -73.90993
-33.9732 -15.3124 17.8919 -73.909742
-35.5154 -14.9405 18.541 -73.909555
-36.8148 -15.2621 19.6037 -73.909368
-38.1095 -15.3947 20.6532 -73.909182
-39.3709 -15.3085 20.5665 -73.908994
-39.9084 -15.4165 22.2463 -73.908805
-41.4898 -16.1032 22.568 -73.908621
-43.1935 -16.3081 22.9719 -73.908437
-44.8671 -16.1005 23.426 -73.908255
-46.5874 -16.255 23.8037 -73.908074
-48.2806 -16.146 24.1613 -73.907896
-49.8848 -15.6408 24.6252 -73.90772
-51.569 -15.5809 25.1077 -73.907547
-53.1934 -15.8717 25.7123 -73.907376
-54.8397 -16.0518 26.2602 -73.907208
-56.4663 -15.7486 26.8593 -73.907044
-57.6381 -14.8744 27.7621 -73.906884
-58.8394 -13.7889 28.4214 -73.906729
-60.1932 -13.1386 29.3328 -73.906577
-61.8304 -12.6017 29.6751 -73.906431
-63.5039 -12.1508 29.7076 -73.90629
-64.8861 -11.121 29.4315 -73.906155
-65.5954 -10.0293 28.2627 -73.906025
-66.3587 -9.069 29.1123 -73.905902
-67.3994 -7.9254 29.8988 -73.905787
-68.8854 -7.8686 29.963 -73.905678
-70.5505 -7.352 29.9726 -73.905578
-72.0497 -6.4284 30.0037 -73.905487
-73.5599 -5.5098 29.9785 -73.905405
-74.8786 -4.3323 29.9264 -73.90533
-76.2236 -3.1844 29.9023 -73.905267
-77.2186 -1.7362 29.9278 -73.905216
-78.2778 -0.5048 29.7779 -73.905177
-79.9939 -0.3567 29.5292 -73.90515
-81.6519 -0.1123 29.479 -73.905136
-15.2282 -17.1379 4 -73.912766
-15.8134 -17.8487 4 -73.912756
-16.4306 -18.5318 4 -73.912751
-13.8552 -16.3527 0.6773 -73.913484
-6.8126 -12.9962 0.0714 -73.914344
-5.8684 -15.48 0.0572 -73.914133
-5.4058 -18.0693 0.0621 -73.913865
-4.8048 -20.6622 0.1442 -73.913529
-4.2378 -23.1032 0.3354 -73.913115
-4.2185 -23.3173 3.0099 -73.912445
-4.1991 -23.5292 5.6846 -73.911775
-3.9404 -24.0329 8.0609 -73.911116
-2.9465 -26.4423 7.8893 -73.910452
-2.9898 -29.1239 7.9366 -73.909775
-2.8312 -31.7921 8.079 -73.909083
-2.7737 -34.4658 8.0848 -73.908377
-3.1335 -36.1267 6.8772 -73.907643
-2.9668 -36.5649 4.2354 -73.906892
-3.5563 -38.3842 2.8887 -73.906137
-4.3063 -40.3834 1.497 -73.905361
-4.1208 -42.6459 0.2252 -73.90457
-4.2362 -43.7827 0.8959 -73.903943
-3.8312 -43.4159 2.8085 -73.903502
-3.4263 -43.0492 4.7211 -73.903071
-3.0214 -42.6825 6.6338 -73.90265
-2.6164 -42.3158 8.5464 -73.902239
-2.2115 -41.949 10.459 -73.901838
-1.8006 -41.5642 12.3611 -73.901448
-1.0504 -39.8462 12.7392 -73.901051
0.1758 -38.6585 13.5417 -73.900655
1.5902 -38.0395 13.8599 -73.900251
3.2347 -39.0768 14.2093 -73.899848
3.2862 -40.8715 14.6526 -73.899441
3.0921 -42.2179 15.9515 -73.899032
3.289 -43.8273 17.0278 -73.89862
3.7676 -45.0577 18.3989 -73.898203
5.3853 -45.2551 17.5078 -73.897783
6.4565 -45.5185 16.2146 -73.897353
6.4601 -45.5688 14.2263 -73.896918
7.3041 -46.1013 15.3965 -73.896482
7.7212 -46.6728 17.2551 -73.896039
8.2906 -47.8462 18.7417 -73.895597
8.7291 -49.4862 19.2615 -73.895272
9.1255 -50.9461 19.7272 -73.895073
10.0364 -52.2198 19.9693 -73.894876
10.7133 -53.6545 20.0389 -73.89468
11.8089 -54.3454 19.5071 -73.894483
12.1976 -54.6669 17.9921 -73.894289
13.1099 -54.8336 16.8714 -73.894096
13.5838 -54.6626 15.3738 -73.893893
13.6588 -54.6533 13.7788 -73.893664
13.7337 -54.644 12.1838 -73.893444
13.8087 -54.6347 10.5888 -73.893232
13.8837 -54.6254 8.9938 -73.893029
13.9586 -54.6161 7.3988 -73.892835
14.0336 -54.6068 5.8038 -73.892649
14.1085 -54.5975 4.2088 -73.892471
14.1663 -54.5744 2.6132 -73.892276
14.2206 -54.5486 1.0176 -73.892082
14.2749 -54.5228 -0.5781 -73.891898
14.3293 -54.497 -2.1737 -73.891722
14.3836 -54.4712 -3.7694 -73.891554
14.4379 -54.4454 -5.365 -73.891396
13.7113 -55.8095 -5.5929 -73.891243
13.1825 -57.2536 -6.0072 -73.891094
12.9567 -58.7053 -6.561 -73.890949
12.6682 -60.0281 -7.37 -73.890809
12.3514 -61.5353 -7.7387 -73.890672
11.9771 -63.0578 -7.8716 -73.89054
11.7617 -64.6275 -7.7751 -73.890413
11.4655 -65.9109 -8.3481 -73.890291
11.6675 -66.9063 -9.5712 -73.890173
11.728 -68.3207 -9.6289 -73.89006
11.6975 -68.4625 -8.07 -73.889953
11.4235 -69.5735 -7.0162 -73.889851
11.1196 -70.8404 -6.109 -73.889755
11.0275 -71.8722 -4.9846 -73.889665
11.2426 -73.2528 -4.3725 -73.889581
10.7531 -74.6674 -3.9199 -73.889503
10.425 -76.2016 -3.7062 -73.889431
10.77 -77.7411 -3.6532 -73.889365
11.0786 -79.2552 -3.6604 -73.889306
11.425 -80.7723 -3.755 -73.889253
11.2996 -82.2807 -4.0128 -73.889207
11.9706 -83.6675 -4.3963 -73.889169
12.7118 -84.5829 -3.8154 -73.889137
13.1706 -85.4159 -2.5821 -73.889113
13.3664 -86.853 -1.9391 -73.889097
13.3682 -87.667 -0.8755 -73.889088
8.6263 -48.9248 19.7774 -73.895284
8.971 -49.5407 20.9869 -73.895111
9.2099 -51.0475 20.8184 -73.89494
10.0927 -52.2943 20.5532 -73.894773
10.6868 -53.724 20.4404 -73.894607
11.4461 -54.1517 19.6321 -73.894442
11.5442 -54.2966 18.1881 -73.894279
12.9332 -54.8812 18.406 -73.89412
13.2774 -55.294 19.8309 -73.89396
13.7729 -56.2787 20.5319 -73.893806
14.3885 -57.7019 20.5127 -73.893655
15.16 -59.0485 20.6431 -73.893507
15.6443 -60.0525 21.5504 -73.893361
16.2084 -60.988 22.5631 -73.893219
17.2577 -61.2039 23.519 -73.89308
18.4454 -61.8839 23.9975 -73.892946
19.1422 -63.2514 24.2481 -73.892815
19.671 -63.8624 25.3071 -73.892686
20.2623 -64.3588 26.3522 -73.892563
21.638 -65.0559 26.1487 -73.892444
22.7173 -66.1327 25.8633 -73.892323
23.7256 -67.2733 25.5197 -73.892209
24.6112 -68.47 25.1932 -73.892103
24.9681 -69.954 24.971 -73.892002
24.9964 -70.9802 24.2159 -73.891902
24.9684 -71.117 22.6615 -73.891803
24.9404 -71.2538 21.1072 -73.891712
24.9124 -71.3907 19.5528 -73.89163
24.8648 -71.4567 17.9963 -73.891554
24.9221 -71.7069 16.7213 -73.891485
25.4185 -72.6144 17.5247 -73.891421
25.5779 -72.8182 19.0637 -73.891362
25.6724 -73.1458 20.5059 -73.891311
25.5385 -73.7136 21.7923 -73.891265
25.5469 -73.9336 23.3373 -73.891225
25.5553 -74.1535 24.8823 -73.891194
26.4257 -75.2629 24.9859 -73.891171
26.2037 -76.801 24.991 -73.891155
26.3234 -78.3421 25.0702 -73.891147
-4.7208 -44.7161 -0.023 -73.904048
-5.1299 -46.1818 0.6944 -73.903807
-5.3697 -46.9913 2.259 -73.903566
-5.7718 -48.0995 3.5791 -73.903326
-6.3113 -49.4357 4.5711 -73.903085
-6.1052 -51.0319 5.3148 -73.902844
-5.9754 -52.7323 5.8136 -73.902604
-5.3005 -54.3124 6.0843 -73.902363
-5.5666 -55.9139 6.2159 -73.902121
-6.3626 -57.4622 6.4728 -73.90188
-7.4327 -58.7683 6.9386 -73.901637
-8.3123 -60.0607 7.6969 -73.901395
-9.2075 -61.5771 7.5449 -73.901153
-10.0182 -63.1512 7.7642 -73.900911
-10.4982 -64.8336 7.9938 -73.900669
-11.098 -66.494 8.2496 -73.900426
-11.5795 -68.0917 8.8213 -73.900184
-11.4778 -69.48 9.814 -73.899943
-11.3768 -70.9824 10.6772 -73.8997
-11.1615 -72.6665 10.9417 -73.899458
-11.9531 -74.0675 10.3517 -73.899217
-12.2253 -75.2856 9.1163 -73.898975
-12.386 -76.5528 7.8889 -73.898735
-12.4919 -77.8973 6.8778 -73.898495
-12.6418 -79.6702 6.7282 -73.898256
-12.8923 -81.2283 7.3625 -73.898018
-13.0636 -82.0267 8.8276 -73.897779
-12.8375 -83.2389 8.8894 -73.897543
-12.4716 -84.694 8.0205 -73.897308
-12.6797 -85.5671 7.0599 -73.897074
-12.5183 -84.1321 6.1622 -73.896839
-12.5292 -84.0813 7.3739 -73.896606
-11.895 -85.6688 7.8198 -73.896376
-11.5229 -87.2946 8.4116 -73.896147
-10.3324 -88.1124 9.2259 -73.895921
-10.675 -89.8262 9.467 -73.895697
-11.2148 -91.4903 9.7261 -73.895476
-11.4919 -93.2205 9.9224 -73.895258
-11.8689 -94.9605 9.9938 -73.895043
-12.2215 -96.7085 9.9892 -73.894832
-12.5548 -98.4528 9.9031 -73.894624
-13.101 -100.1246 9.6027 -73.89442
-13.6123 -101.6942 9.0552 -73.89422
-14.5178 -102.8115 8.0351 -73.894024
-14.732 -103.8321 6.6289 -73.893832
-14.736 -104.949 5.3416 -73.893644
-14.7897 -105.5564 3.6632 -73.89346
-14.9175 -106.1934 2.0059 -73.893283
-14.8119 -107.3154 0.66 -73.893112
-14.3904 -108.3157 -0.7477 -73.892946
-14.0768 -109.6227 -1.5126 -73.892788
-14.1581 -111.3783 -1.2027 -73.892635
-14.4574 -112.7137 -0.3129 -73.892488
-14.5581 -113.8268 1.0481 -73.892349
-14.5629 -114.7419 2.5821 -73.892215
-14.3372 -115.8187 3.9677 -73.89209
-14.0073 -116.8255 5.38 -73.891971
-13.5104 -118.0936 6.4955 -73.891861
-13.0668 -119.695 6.5246 -73.891758
-12.4966 -121.0534 5.5568 -73.891663
-12.0851 -122.6625 5.1356 -73.891576
-12.5004 -124.2153 4.474 -73.891498
-12.6759 -125.9354 4.076 -73.891428
-13.0189 -127.5669 3.9008 -73.891368
-13.6129 -129.2115 3.7998 -73.891316
-14.5095 -130.7248 3.617 -73.891275
-15.1909 -132.314 3.2206 -73.891243
-16.0458 -133.6469 2.4524 -73.891221
-17.0046 -135.0632 2.0492 -73.89121
-3.6471 -8.0538 -0.0157 -73.91461
-1.3228 -8.9468 -0.0471 -73.914445
0.9314 -9.9936 -0.0832 -73.914267
2.6625 -11.7633 -0.1495 -73.914049
3.884 -13.4015 -0.8686 -73.913703
4.2751 -14.1359 -3.2157 -73.912942
4.6663 -14.8703 -5.5627 -73.912193
5.0575 -15.6047 -7.9097 -73.911456
5.4487 -16.3392 -10.2567 -73.910731
5.5082 -15.6747 -11.481 -73.910188
5.7528 -14.1284 -10.9972 -73.909854
5.1317 -14.013 -9.0503 -73.909511
5.6382 -14.026 -8.2186 -73.90915
7.6439 -14.2766 -7.8039 -73.908784
9.6042 -14.0356 -7.3728 -73.908425
11.4824 -13.5321 -6.7322 -73.90806
12.4397 -13.1153 -5.3274 -73.907688
13.1732 -12.7275 -3.4442 -73.907306
14.0029 -12.5015 -1.5695 -73.906916
14.9232 -12.6143 0.2611 -73.90652
16.0509 -12.8503 1.9217 -73.906118
17.2291 -12.7352 3.6117 -73.905704
18.6969 -13.072 4.9744 -73.905291
20.4387 -12.843 5.9867 -73.904871
22.2399 -12.9948 6.2182 -73.904567
23.7688 -13.3762 5.9788 -73.904387
25.0057 -12.6222 5.3936 -73.904207
26.3571 -12.2571 4.8087 -73.904028
27.8738 -11.9691 4.5669 -73.903849
29.2461 -11.1445 4.4391 -73.903671
30.8012 -10.7714 4.3716 -73.903495
32.3851 -10.5715 4.2891 -73.90332
33.2233 -10.1298 4.9983 -73.903144
34.0663 -9.8024 5.9221 -73.90297
35.5597 -9.845 6.5062 -73.902798
36.9026 -9.7278 7.2501 -73.902626
38.2463 -9.5474 7.9246 -73.902458
39.7277 -9.1425 8.3952 -73.902292
41.1759 -8.7377 8.951 -73.902127
42.5633 -8.3419 9.5488 -73.901965
43.7337 -8.1277 8.583 -73.901805
45.1311 -8.0308 7.9631 -73.901649
46.5242 -8.3092 7.3517 -73.901496
47.4104 -8.3281 6.0274 -73.901345
48.547 -8.1523 4.9694 -73.901199
50.1277 -8.0481 4.8161 -73.901057
51.0302 -8.412 5.9293 -73.900916
52.4231 -8.5023 6.17 -73.900782
53.895 -8.5955 6.6905 -73.900652
54.9911 -8.7652 7.7616 -73.900527
56.4893 -8.9904 7.679 -73.900408
57.587 -10.1308 7.9043 -73.900294
59.0801 -10.6364 8.1455 -73.900186
60.6014 -11.0022 8.4608 -73.900084
61.9959 -11.5958 8.0265 -73.899989
62.9752 -11.9724 7.058 -73.8999
63.4644 -12.0743 5.5381 -73.899818
64.0395 -11.9612 4.047 -73.899742
64.4337 -11.9546 2.4888 -73.899674
64.823 -11.932 0.9297 -73.899615
65.2041 -11.8836 -0.6309 -73.899565
65.5558 -11.8356 -2.1985 -73.899523
65.8976 -11.7879 -3.7682 -73.899492
66.4194 -11.7876 -5.282 -73.899471
66.4944 -12.5596 -6.6605 -73.89946
21.8035 -12.9643 5.5087 -73.904536
22.2928 -12.8975 4.0421 -73.904297
22.782 -12.8307 2.5755 -73.904068
23.2713 -12.7639 1.1089 -73.903848
23.7606 -12.6971 -0.3578 -73.903636
24.2499 -12.6303 -1.8244 -73.903433
24.7391 -12.5635 -3.291 -73.903238
25.2284 -12.4967 -4.7576 -73.903052
25.7177 -12.4299 -6.2242 -73.902874
26.2069 -12.363 -7.6908 -73.902705
26.8935 -12.3131 -8.9994 -73.902542
27.9931 -12.1349 -10.0456 -73.902383
29.4155 -12.0244 -10.5719 -73.902226
30.9321 -12.139 -10.7879 -73.902072
32.4337 -12.4908 -10.7732 -73.901919
33.7283 -13.0404 -10.3346 -73.90177
34.9591 -13.7394 -9.781 -73.901624
36.3049 -14.3754 -9.3611 -73.90148
37.7863 -14.4064 -8.971 -73.901338
38.9765 -14.4204 -8.3072 -73.901199
39.509 -14.5028 -6.8771 -73.901065
40.803 -14.1184 -7.3333 -73.900936
42.1172 -13.7343 -7.9502 -73.900812
43.481 -14.2451 -8.4653 -73.900693
44.8322 -14.6862 -9.0455 -73.900578
46.2199 -15.1571 -9.5418 -73.900469
47.4998 -15.7968 -10.1041 -73.900366
48.4919 -16.341 -10.9949 -73.900268
49.2648 -16.5571 -12.2212 -73.900176
50.6437 -17.0063 -12.5265 -73.900092
52.1626 -17.2199 -12.7123 -73.900014
53.5098 -17.9199 -12.5815 -73.899943
54.8261 -18.5114 -12.0649 -73.899879
56.0144 -19.3898 -11.6485 -73.899824
57.1511 -20.3793 -11.2981 -73.899777
58.5784 -20.83 -11.009 -73.899739
59.5198 -21.3446 -11.6244 -73.899709
59.9152 -21.5013 -13.1121 -73.899688
60.3293 -21.6363 -14.5919 -73.899678
5.542 -17.4481 -11.9734 -73.910241
5.2752 -19.0549 -12.8511 -73.910016
4.5319 -20.5356 -13.6308 -73.90979
4.2842 -21.2679 -12.1504 -73.909559
4.5234 -21.5541 -11.2061 -73.909332
5.0916 -22.5097 -9.9139 -73.909102
5.6355 -23.6108 -8.5295 -73.908871
6.4022 -24.9693 -7.5369 -73.90864
6.6335 -26.3097 -6.3211 -73.908408
7.1852 -27.3717 -7.4784 -73.908174
7.7638 -28.2275 -9.037 -73.907939
9.1599 -28.8455 -10.0123 -73.907705
10.2945 -29.4271 -11.2255 -73.90747
12.0307 -29.9265 -10.7637 -73.907234
13.7255 -30.5864 -10.4924 -73.906998
15.1918 -31.515 -11.0288 -73.906761
16.7178 -31.6949 -12.0524 -73.906523
18.2188 -31.9125 -13.1144 -73.906285
19.9511 -32.1969 -13.7295 -73.906047
21.5074 -33.0418 -14.1745 -73.905799
22.8543 -34.2615 -14.6414 -73.905551
24.0059 -35.5947 -15.1729 -73.90531
24.5296 -37.1036 -15.7174 -73.90507
24.7232 -37.5624 -17.5262 -73.904826
25.1008 -38.2263 -19.2142 -73.904584
26.3789 -39.4506 -19.5884 -73.904344
28.1291 -39.8596 -20.0602 -73.904106
29.3513 -39.6098 -21.3429 -73.903866
30.6809 -38.9744 -22.3478 -73.903628
31.8544 -39.4408 -23.699 -73.90339
32.7072 -40.1312 -24.5207 -73.903153
34.1875 -40.0661 -24.2388 -73.902916
35.3747 -39.954 -25.6606 -73.902681
36.0556 -40.1808 -27.3735 -73.902444
37.1117 -40.5409 -28.8636 -73.902211
37.9499 -40.8975 -30.5002 -73.901981
38.8019 -40.6861 -32.1277 -73.901751
39.8174 -40.5169 -33.6425 -73.901526
40.8901 -40.7217 -35.068 -73.901303
42.5305 -41.61 -35.2384 -73.901084
44.3755 -41.8861 -35.4176 -73.900868
45.9871 -42.2694 -36.0731 -73.900656
47.4878 -43.2765 -36.1873 -73.900443
49.3319 -43.6209 -36.2065 -73.900231
51.1887 -43.712 -36.2324 -73.900029
53.0372 -43.4731 -36.3042 -73.899833
54.8899 -43.6769 -36.497 -73.899643
56.6959 -43.5991 -36.9065 -73.899457
58.2639 -44.1277 -37.6876 -73.899278
59.5341 -44.5902 -38.7803 -73.899103
60.5988 -45.0677 -39.8571 -73.898936
61.8729 -46.2433 -40.1922 -73.898775
63.3313 -46.5896 -41.0735 -73.898622
64.0217 -46.6763 -42.7931 -73.898474
64.5704 -46.7494 -44.583 -73.898335
64.8703 -46.6711 -46.4334 -73.898199
65.1687 -46.5915 -48.2839 -73.898076
65.5964 -46.5388 -50.1097 -73.897961
65.7108 -46.4215 -51.9702 -73.897847
65.6981 -46.2783 -53.8407 -73.897744
65.6854 -46.1351 -55.7113 -73.897655
65.6727 -45.9919 -57.5819 -73.89758
65.7296 -45.7497 -59.4403 -73.897514
65.8135 -45.4694 -61.2934 -73.897462
66.0243 -45.0935 -63.1166 -73.897422
66.1717 -44.6856 -64.9394 -73.897395
66.3305 -44.1781 -66.4646 -73.897381
5.6517 -16.7814 -12.2027 -73.910113
5.689 -16.9607 -13.7308 -73.909643
5.7263 -17.14 -15.259 -73.909185
5.7636 -17.3194 -16.7872 -73.908738
5.8009 -17.4987 -18.3154 -73.908303
5.8383 -17.678 -19.8436 -73.907879
5.8756 -17.8574 -21.3717 -73.907467
5.9129 -18.0367 -22.8999 -73.907065
5.9502 -18.216 -24.4281 -73.906676
5.9875 -18.3954 -25.9563 -73.906297
6.0248 -18.5747 -27.4845 -73.90593
6.0621 -18.754 -29.0126 -73.905574
6.0994 -18.9334 -30.5408 -73.905229
6.1367 -19.1127 -32.069 -73.904895
6.1741 -19.292 -33.5972 -73.904573
6.2114 -19.4714 -35.1254 -73.904261
6.2487 -19.6507 -36.6536 -73.90396
6.286 -19.83 -38.1817 -73.903669
6.3233 -20.0094 -39.7099 -73.90339
6.3606 -20.1887 -41.2381 -73.90312
6.3979 -20.368 -42.7663 -73.902862
6.4352 -20.5474 -44.2945 -73.902613
6.4725 -20.7267 -45.8226 -73.902375
6.5099 -20.906 -47.3508 -73.902147
6.5472 -21.0854 -48.879 -73.901929
6.5845 -21.2647 -50.4072 -73.901721
6.6218 -21.444 -51.9354 -73.901522
6.6591 -21.6234 -53.4635 -73.901334
6.6964 -21.8027 -54.9917 -73.901154
6.7337 -21.982 -56.5199 -73.900984
6.771 -22.1614 -58.0481 -73.900823
6.8083 -22.3407 -59.5763 -73.900672
6.8457 -22.52 -61.1045 -73.900529
6.883 -22.6994 -62.6326 -73.900395
6.9394 -22.8766 -64.1572 -73.90027
8.1498 -22.8799 -64.1006 -73.90015
8.9886 -23.516 -62.989 -73.900034
9.9314 -24.3205 -62.1091 -73.899923
10.5435 -25.411 -61.3105 -73.899816
11.1641 -26.7642 -60.9602 -73.899714
11.7371 -28.177 -61.0516 -73.899617
12.2468 -29.4991 -61.4619 -73.899526
12.6299 -30.7915 -61.1111 -73.89944
13.0367 -32.212 -60.6823 -73.89936
13.4206 -33.6473 -60.2909 -73.899286
13.672 -35.0666 -59.8345 -73.899218
13.7802 -36.5811 -60.0484 -73.899158
13.7177 -38.0731 -60.4184 -73.899106
13.5658 -39.5761 -60.7091 -73.899061
13.3014 -41.0704 -60.6511 -73.899024
13.3571 -42.0105 -59.4467 -73.898995
13.5377 -43.0476 -58.3404 -73.898976
13.6333 -44.0606 -57.3331 -73.898966
-2.4565 -0.91 0.0523 -73.917146
-2.8293 2.667 0.2464 -73.919588
-3.0866 6.216 0.7208 -73.922088
-2.2413 9.6979 1.5153 -73.924658
-0.7404 12.7593 0.9662 -73.927278
0.227 15.8879 -1.0884 -73.930051
0.5524 20.1154 -1.9386 -73.932987
0.4575 24.418 -2.5408 -73.936015
0.4389 27.3767 -5.5178 -73.939146
-0.013 29.9656 -8.7108 -73.942378
-0.1419 14.3216 0.264 -73.928688
0.8616 14.8245 1.2959 -73.929551
2.5303 15.409 3.4469 -73.931178
5.0961 15.9466 3.8822 -73.932885
7.8356 16.5695 3.9069 -73.934688
10.5566 17.2922 4.0994 -73.936568
13.2701 17.9524 4.5537 -73.938546
15.8121 18.8134 4.7988 -73.940624
17.2134 19.7132 4.344 -73.942111
17.5574 19.3689 4.0634 -73.941999
-0.9274 14.3109 0.2417 -73.928677
-2.5488 14.1754 0.0246 -73.928532
-4.1702 14.04 -0.1925 -73.928406
-5.6969 13.9854 -0.1496 -73.928297
-6.0083 14.0245 0.9686 -73.928201
-4.7591 13.8534 0.1003 -73.92812
-4.5248 13.8442 -1.5168 -73.928037
-4.3735 13.8457 -3.1513 -73.927974
-4.2222 13.8471 -4.7858 -73.927933
-4.0708 13.8486 -6.4202 -73.927916
-3.7648 13.9278 -8.018 -73.927923
-3.1571 14.1597 -9.5252 -73.927956
-2.5409 14.9686 -10.6984 -73.928016
-0.6612 32.5013 -8.9792 -73.94442
-1.3441 34.6869 -8.6538 -73.945928
-2.5162 37.7967 -7.959 -73.948195
-4.0883 40.798 -9.2426 -73.950497
-6.1771 43.4321 -10.5669 -73.952832
-7.4526 45.9637 -12.4793 -73.955204
-8.199 48.9959 -14.3148 -73.957638
-8.488 52.2581 -16.0262 -73.960133
-8.9751 55.6713 -17.3793 -73.962665
-8.9724 59.3456 -17.9864 -73.965231
-8.8355 62.9598 -18.9326 -73.967833
-8.1651 65.7964 -21.101 -73.970474
-8.071 69.4931 -21.2598 -73.973148
-8.0725 72.7987 -19.5494 -73.975608
-8.8931 75.9303 -20.6534 -73.977554
-9.8467 77.8663 -22.8286 -73.979233
-10.916 79.9845 -24.8489 -73.980924
-11.8107 82.572 -26.461 -73.982714
-13.9622 85.1541 -28.0376 -73.984599
-15.428 87.4195 -30.0798 -73.986501
-16.2874 89.1284 -32.8169 -73.988094
-17.1302 91.8068 -33.4334 -73.989371
-16.6579 94.7355 -33.3269 -73.99065
-16.2793 97.4317 -32.2507 -73.991929
-16.0966 100.3779 -31.8618 -73.993208
-15.6048 103.2146 -31.8672 -73.994672
-15.0646 104.6984 -30.0846 -73.996316
-14.4099 106.6313 -31.3901 -73.997945
-13.9013 109.3975 -31.7321 -73.999559
-13.1382 112.1018 -31.8855 -74.001159
-12.0288 114.6912 -32.2205 -74.002745
-9.9615 116.491 -32.7147 -74.004313
-8.3964 118.5551 -33.6954 -74.005863
-7.0441 120.3709 -35.2413 -74.007395
-16.3107 103.1222 -31.2609 -73.995186
-17.0106 105.6108 -30.0258 -73.997823
-17.7104 108.0993 -28.7907 -74.000411
-18.4103 110.5878 -27.5556 -74.002951
-19.1321 113.0846 -26.3544 -74.005442
-20.0839 115.6275 -25.7828 -74.007914
-21.6544 117.8269 -26.4818 -74.010386
-22.4041 120.0541 -28.0006 -74.012861
-23.8204 121.9956 -29.2918 -74.015332
-16.2837 88.4956 -30.6847 -73.989007
-16.9057 88.45 -28.8674 -73.992081
-17.5277 88.4044 -27.0501 -73.995115
-18.1496 88.3588 -25.2328 -73.998109
-18.7716 88.3131 -23.4155 -74.001064
-19.3936 88.2675 -21.5982 -74.003978
-20.0155 88.2219 -19.7808 -74.006851
-20.6375 88.1763 -17.9635 -74.009682
-21.2595 88.1307 -16.1462 -74.01247
-21.8814 88.0851 -14.3289 -74.015217
-22.5034 88.0394 -12.5116 -74.01792
-23.1253 87.9938 -10.6943 -74.020579
-23.7473 87.9482 -8.8769 -74.023194
-24.3693 87.9026 -7.0596 -74.025764
-24.9912 87.857 -5.2423 -74.028288
-25.6132 87.8114 -3.425 -74.030766
-26.2352 87.7657 -1.6077 -74.033198
-26.8571 87.7201 0.2096 -74.035583
-27.4791 87.6745 2.0269 -74.03792
-28.1011 87.6289 3.8443 -74.040208
-28.723 87.5833 5.6616 -74.042447
-10.6474 82.0467 -25.97 -73.982493
-9.8973 83.5702 -26.7997 -73.983914
-8.9166 84.4636 -28.1497 -73.985347
-7.9416 85.635 -29.2349 -73.986793
-6.7633 86.7616 -30.2244 -73.988248
-5.9934 87.8877 -31.5 -73.989713
-4.805 89.0805 -31.9871 -73.991188
-4.0074 90.0975 -33.2964 -73.992682
-3.642 91.5318 -34.1524 -73.994177
-3.5504 92.2381 -35.0395 -73.995682
-2.6112 93.3175 -34.37 -73.997199
-1.4138 94.7914 -34.5426 -73.998716
-0.1697 96.0984 -35.117 -74.000239
0.8889 97.112 -35.3375 -74.001769
1.8787 97.6218 -33.8386 -74.003304
3.297 98.6527 -34.2066 -74.004833
4.478 100.1526 -34.2331 -74.006358
5.7259 101.6013 -34.2783 -74.007884
6.9236 103.076 -34.3329 -74.009402
8.2378 104.4594 -34.2789 -74.010914
9.708 105.6324 -34.1824 -74.012415
11.0242 106.9149 -34.1788 -74.013908
12.03 108.5293 -34.2938 -74.015389
12.8387 110.237 -34.4028 -74.016854
13.6986 111.9172 -34.2947 -74.018302
14.9808 113.3035 -34.0183 -74.019728
16.3534 114.5382 -33.5266 -74.021132
-8.0122 74.6652 -19.0128 -73.977403
-7.3733 74.7434 -17.1393 -73.978743
-6.2129 74.8717 -15.5661 -73.980082
-4.6588 75.1485 -14.4836 -73.981428
-2.9313 75.2005 -13.5318 -73.982785
-1.1908 75.5548 -14.025 -73.984154
0.2492 75.4182 -15.2751 -73.985537
1.6994 75.2949 -16.4498 -73.986926
3.456 75.8724 -16.5978 -73.988326
4.909 77.061 -16.0201 -73.989735
6.3489 78.0205 -15.2054 -73.991151
7.6777 78.1558 -16.557 -73.992582
9.1932 78.8939 -17.1669 -73.994015
10.3243 80.3116 -17.9293 -73.995452
11.8031 81.2429 -18.8099 -73.996891
13.3202 82.0201 -19.7154 -73.998334
14.672 82.8734 -20.8357 -73.999776
15.8195 84.0369 -21.4716 -74.001214
17.3968 85.0052 -21.5241 -74.002651
19.1523 85.9091 -21.6233 -74.004084
20.835 86.8367 -21.5731 -74.005509
22.3782 87.6805 -22.4819 -74.006931
23.6336 88.6822 -23.6145 -74.008341
25.3121 89.236 -24.4178 -74.009737
26.9271 90.1776 -25.069 -74.011149
28.5711 91.1435 -25.6063 -74.012559
30.1849 92.1759 -26.0934 -74.013911
31.906 93.0582 -26.3886 -74.015234
33.349 94.3802 -26.2354 -74.016532
34.682 95.7638 -25.7885 -74.017801
36.0698 96.9946 -25.1164 -74.019039
-9.1332 71.1226 -19.9391 -73.976153
-11.2049 71.3971 -19.3463 -73.979443
-12.2503 72.1505 -17.4371 -73.982802
-13.2771 72.9723 -16.3017 -73.986223
-15.0629 74.4381 -16.0237 -73.989704
-17.1889 75.3374 -15.9102 -73.993257
-18.7708 76.7954 -16.5998 -73.996882
-20.2396 77.7578 -18.0502 -74.000587
-21.4318 79.2493 -19.3169 -74.004358
-22.4493 80.8848 -20.0685 -74.007213
-23.644 82.5321 -19.9209 -74.0091
-25.2693 83.8199 -19.7197 -74.011003
-26.4282 85.5474 -19.5741 -74.012928
-27.4271 87.2915 -19.7394 -74.014874
-28.2555 88.0894 -18.5764 -74.016859
-28.4362 88.7812 -16.6121 -74.018872
-28.7184 89.4709 -14.6555 -74.020884
-28.5952 90.5234 -12.9306 -74.022906
-28.0087 92.2281 -11.8717 -74.024943
-28.1824 93.3344 -10.523 -74.027002
-28.881 94.9101 -9.3484 -74.029076
-29.1637 96.6406 -8.2343 -74.031162
-29.7507 98.589 -7.8416 -74.033262
-31.2546 100.014 -7.7767 -74.035375
-32.9856 101.1833 -7.8435 -74.037495
-34.438 102.6859 -7.93 -74.039631
-35.8645 104.1959 -8.077 -74.041776
-37.7492 105.0636 -8.2888 -74.043925
-39.7252 105.5106 -8.4883 -74.046087
-41.4274 106.5542 -8.4275 -74.048261
-22.5697 79.9845 -21.0657 -74.007356
-23.5049 79.5868 -23.0086 -74.009313
-24.7357 79.2357 -23.1851 -74.011085
-26.0186 79.7983 -22.2548 -74.012869
-27.6912 80.6895 -21.9109 -74.014668
-29.3246 81.7314 -21.4655 -74.016481
-31.1306 82.4861 -21.4143 -74.018306
-32.9071 83.2024 -21.5235 -74.020151
-34.8537 83.2248 -21.3716 -74.022009
-36.6622 83.819 -20.8419 -74.023883
-38.0322 83.5029 -19.5874 -74.025775
-39.4902 83.5562 -18.2934 -74.027676
-40.9141 84.0358 -17.0459 -74.02959
-42.4783 85.0996 -16.5078 -74.03151
-44.0118 86.2891 -16.2793 -74.03344
-45.0805 86.8165 -17.3328 -74.035418
-45.3985 87.0849 -19.2874 -74.037391
-46.0085 87.5938 -21.1008 -74.039376
-46.5256 87.8633 -23.0125 -74.041367
-47.0124 88.1443 -24.9307 -74.043365
-48.0466 88.8001 -25.8124 -74.045341
-49.3531 89.8139 -24.8517 -74.04732
-23.4169 79.5945 -22.041 -74.008427
-7.4755 47.1812 -14.128 -73.956578
-6.6397 46.9581 -15.442 -73.956913
-6.0885 47.0624 -16.854 -73.957236
-5.6785 47.4504 -18.3124 -73.957554
-5.0375 48.1975 -19.4234 -73.957864
-4.9376 48.8586 -20.8471 -73.958167
-4.8994 49.5688 -22.2208 -73.958462
-4.8067 50.8524 -23.1201 -73.958745
-4.348 52.1399 -23.896 -73.959029
-3.8636 53.4258 -24.6617 -73.959289
-3.2759 54.7308 -25.2965 -73.959526
-2.6137 56.0992 -25.6637 -73.959743
-1.9972 57.5231 -25.7699 -73.959942
-0.7472 58.4335 -25.8246 -73.960119
0.1834 59.5702 -25.9895 -73.960272
1.0556 60.8294 -26.3063 -73.960399
1.4265 62.1744 -26.9168 -73.960498
1.2466 63.3678 -27.9187 -73.960566
0.8615 64.5278 -28.8693 -73.960601
-1.2039 34.2315 -8.7378 -73.946122
-2.1645 36.692 -8.3921 -73.94877
-3.11 39.1845 -8.3928 -73.951478
-3.9026 40.3411 -6.7187 -73.954252
-4.4638 40.8393 -4.1593 -73.9571
-5.2514 41.2336 -1.6507 -73.960011
-6.4986 41.3875 0.6577 -73.962981
-6.9016 41.3668 3.1344 -73.966039
-8.3244 41.1475 5.0228 -73.969136
-9.0777 42.2825 6.6587 -73.971953
-10.4818 44.1286 6.7312 -73.974467
-12.0542 45.877 6.472 -73.977028
-13.7926 47.4551 6.7415 -73.979638
-14.3287 48.7274 8.6097 -73.982308
-14.2892 50.0448 10.5825 -73.985022
-14.3831 52.2013 11.5125 -73.987781
-15.4653 54.1641 11.5993 -73.99059
-15.9872 56.1264 10.7348 -73.993453
-15.9935 58.493 10.4465 -73.996365
-16.6674 59.2873 8.5547 -73.999348
-17.4698 59.7595 6.3608 -74.00238
-17.8092 61.9411 6.2291 -74.005454
-19.8136 62.8997 6.5069 -74.008592
-21.3274 63.1601 7.9551 -74.011801
-22.8218 64.0013 9.1439 -74.014524
-24.7396 64.6596 9.7419 -74.016737
-25.9313 65.6939 8.2209 -74.01898
-27.3521 67.091 7.1443 -74.021255
-27.8515 68.7801 5.7356 -74.023561
-28.9706 70.1238 4.2552 -74.025893
-29.8302 71.1977 2.3661 -74.028258
-30.5772 72.9481 2.3143 -74.030655
-31.2511 73.9836 4.3225 -74.033079
-31.8836 74.7971 6.3519 -74.035536
-33.4979 76.3178 6.0157 -74.038009
-35.3494 77.7054 5.6794 -74.040507
-36.2359 77.7987 3.4859 -74.043048
-36.823 78.2142 1.2302 -74.045617
-37.2962 78.8752 -1.0041 -74.048209
-38.0777 79.5243 -3.1351 -74.050811
-38.5828 79.8578 -5.4262 -74.053456
-40.1286 80.7679 -6.86 -74.056103
-41.8887 81.3717 -5.9333 -74.058777
-43.201 81.2826 -4.0378 -74.061483
-44.3102 81.7185 -2.0187 -74.064201
-23.2557 64.0561 8.131 -74.014165
-24.9649 64.9635 8.1844 -74.015656
-26.0616 65.9005 8.9001 -74.017192
-26.305 66.1448 10.8713 -74.018753
-26.4364 66.2766 12.8582 -74.020301
-26.7662 66.3845 14.8041 -74.021857
-28.2543 66.3369 15.7942 -74.02342
-29.7596 66.2207 16.7645 -74.025003
-29.8152 66.2528 18.7633 -74.026597
-30.2709 66.9957 19.6957 -74.0282
-31.7156 67.9135 20.4594 -74.029824
-32.1409 69.5247 21.5115 -74.031455
-33.0427 71.1208 22.2483 -74.033091
-33.7682 72.7602 23.0868 -74.034733
-34.714 74.4169 23.6586 -74.036377
-35.5114 76.0162 24.4887 -74.038025
-35.8784 77.7991 25.2812 -74.03968
-36.6919 79.4931 25.9091 -74.041334
-37.5921 81.2366 26.1638 -74.042985
-37.9648 82.9348 26.6532 -74.044643
-38.1232 84.1537 28.0096 -74.04629
-37.4894 85.6297 29.04 -74.047931
-37.0034 87.4849 29.1485 -74.049563
-36.7841 89.4485 29.2879 -74.051239
-36.3959 91.4052 29.448 -74.052897
-9.6387 41.5186 6.3846 -73.971106
-11.2133 41.8239 6.3128 -73.971894
-12.0979 42.4791 4.8865 -73.972699
-13.2557 43.35 3.9751 -73.97351
-14.2423 43.577 2.4577 -73.974332
-15.3556 43.71 1.0276 -73.975161
-15.9894 44.5732 -0.4476 -73.975999
-16.6871 45.12 -2.0478 -73.976843
-17.7188 45.8368 -3.2857 -73.977697
-18.5783 46.8498 -4.5254 -73.978557
-19.9074 47.2662 -5.6939 -73.979421
-21.5852 47.5437 -6.3542 -73.980288
-22.9761 48.6597 -6.3259 -73.981155
-24.3563 49.8697 -6.2079 -73.982026
-25.8552 50.8966 -6.0169 -73.982894
-27.0962 51.9486 -5.4199 -73.983766
-27.9482 52.3876 -3.9646 -73.98464
-29.654 52.5789 -3.9322 -73.985506
-30.6445 52.9077 -5.3714 -73.98637
-32.0441 53.5066 -6.2656 -73.987226
-33.4656 54.634 -6.5349 -73.988073
-34.9544 55.5474 -7.0531 -73.988909
-36.2819 56.6634 -7.6004 -73.989732
-37.6486 57.8611 -7.7756 -73.990542
-38.5034 59.4777 -7.6459 -73.991336
-39.3718 61.0534 -7.2838 -73.992106
-40.2991 62.551 -6.7638 -73.992855
-41.2384 64.045 -6.261 -73.993579
-41.8614 65.6914 -5.7694 -73.994274
-42.4591 67.2851 -5.1652 -73.994938
-43.3383 68.5969 -4.4191 -73.995568
-44.4522 70.0317 -4.1392 -73.996158
-45.5063 71.5345 -4.0501 -73.996707
-46.5569 73.035 -4.1531 -73.997211
-47.8716 74.2263 -4.5515 -73.997665
-48.8625 75.1738 -5.5759 -73.998067
-49.2408 75.7623 -7.2733 -73.998415
-49.4584 77.0985 -8.4631 -73.998699
-49.9501 78.752 -8.946 -73.998919
-51.026 79.8745 -9.2484 -73.99907
-51.28 79.9424 -10.8927 -73.999149
17.7044 20.951 4.9703 -73.942929
18.2015 22.2043 5.6044 -73.943753
18.6985 23.4577 6.2386 -73.944571
19.0912 25.152 6.8819 -73.945602
19.429 27.2733 6.757 -73.946864
20.0937 28.9393 5.4586 -73.94815
20.5192 30.5261 4.0181 -73.949461
21.7848 31.8769 2.8501 -73.950797
22.0977 33.1829 1.0434 -73.95216
23.2662 34.71 0.0406 -73.953542
23.7528 35.2305 -1.9989 -73.954956
24.4415 36.3316 -0.4475 -73.956397
25.2156 37.3871 1.3732 -73.957861
25.5431 38.1412 3.4507 -73.959353
26.3109 39.4951 5.0553 -73.960863
27.3125 40.7429 3.9319 -73.962399
27.6125 41.5008 5.9749 -73.963969
27.8649 42.4672 7.8245 -73.965561
28.5761 44.0126 9.106 -73.967172
29.3017 45.8785 9.8466 -73.968804
29.8444 47.4239 10.9837 -73.970471
29.8427 48.4745 12.9418 -73.972157
30.4043 50.5089 13.6559 -73.973861
32.2661 51.6774 14.0416 -73.975591
33.7432 53.3643 13.9508 -73.977342
35.3704 54.8773 13.6311 -73.979118
36.404 56.7929 13.1328 -73.980916
37.9566 57.9008 12.228 -73.982731
39.1636 59.6692 11.6914 -73.98457
40.7811 61.2139 11.412 -73.986432
42.5407 62.5144 11.7504 -73.988309
43.9242 63.8221 12.81 -73.990209
45.3908 65.165 13.6376 -73.992127
45.9271 67.2097 14.1714 -73.994055
46.6355 69.1359 14.3788 -73.996
48.3635 70.1089 14.8857 -73.997962
49.6569 71.9103 15.1633 -73.999975
50.9513 73.7475 15.4455 -74.002001
52.8054 74.9337 15.6383 -74.004
54.7263 75.5702 15.6827 -74.006007
56.0864 76.9982 15.657 -74.008024
57.1449 78.0802 14.4904 -74.010056
58.894 79.349 14.0314 -74.012088
60.9129 80.2627 14.3307 -74.014122
62.6887 81.5896 14.007 -74.016162
64.1912 82.1373 14.8133 -74.018213
65.3934 82.3955 16.5144 -74.02026
66.9021 83.2776 17.6975 -74.022296
67.4164 84.9808 18.6495 -74.024324
68.0681 86.9646 19.2519 -74.026335
18.9087 24.0362 7.1126 -73.944983
19.1476 18.9083 3.9431 -73.942683
20.9905 18.3979 3.8423 -73.943471
22.9152 18.2333 3.6481 -73.944274
24.7758 17.8958 3.3306 -73.945091
26.5871 18.0132 3.1308 -73.945923
28.3023 18.6484 3.6845 -73.94677
29.9424 18.8206 4.6508 -73.947632
31.2866 18.6601 5.9911 -73.948511
32.7096 18.1098 7.1234 -73.949405
34.1103 16.8391 7.543 -73.950312
35.4164 15.4177 7.7072 -73.951235
36.5618 14.0174 7.4707 -73.952173
38.0589 13.6462 6.35 -73.953124
39.8047 13.3092 5.8907 -73.954089
41.5119 12.7068 5.2455 -73.955068
42.8693 12.0614 4.0202 -73.956064
44.4573 11.3345 3.2295 -73.957071
45.9294 10.8303 2.4767 -73.958094
47.1014 10.1377 3.6205 -73.959127
48.3849 9.3089 4.6779 -73.960171
49.394 9.6773 6.2389 -73.961232
50.6478 10.0528 7.6185 -73.962302
51.9327 9.8336 9.0023 -73.96338
53.4883 10.1208 10.104 -73.964466
55.2334 9.8227 9.9071 -73.965559
57.0597 9.924 9.3135 -73.966724
58.8743 9.6526 8.6558 -73.967924
60.689 9.3812 7.9981 -73.969088
62.4959 9.1815 7.3186 -73.97022
64.0964 9.6659 6.3822 -73.971342
65.6128 10.0298 5.5676 -73.972467
66.3879 8.7348 6.61 -73.973595
67.0408 7.9267 8.2378 -73.97472
67.6184 7.3624 10.0083 -73.975848
68.2214 6.7991 11.7671 -73.976973
68.8557 6.3245 13.5452 -73.978086
69.5936 6.0215 15.3177 -73.979198
70.6128 5.6939 16.9232 -73.980293
71.846 5.1297 18.3139 -73.981367
73.446 5.6128 19.1551 -73.98243
75.1394 5.1362 19.9892 -73.983492
76.7792 5.1163 20.887 -73.984514
78.3203 5.541 21.9782 -73.985515
79.5543 6.0354 23.1887 -73.986488
80.477 6.477 24.7608 -73.987426
82.1371 6.4027 25.3832 -73.988332
83.992 6.8997 25.7174 -73.9892
85.8702 6.8251 26.0726 -73.990027
87.7509 6.7088 26.4848 -73.990809
89.6348 6.7028 26.6547 -73.991541
91.0074 6.4378 25.4152 -73.992218
92.1971 6.0461 24.0228 -73.992839
93.1627 5.5053 22.7795 -73.993411
93.4181 5.3578 20.8527 -73.993914
93.6827 5.205 18.9277 -73.994341
93.9559 5.0473 17.0042 -73.994689
94.7999 4.5071 17.8661 -73.99495
-1.9865 16.2264 -10.9822 -73.928096
-1.6114 17.3396 -11.0385 -73.92815
-1.1973 18.2526 -10.4886 -73.928192
-0.4899 18.8695 -10.968 -73.928221
0.4947 18.656 -11.4238 -73.928236
-5.9486 122.6202 -36.4545 -74.008908
-4.8563 124.4889 -38.1946 -74.0104
-3.4433 126.1431 -39.8024 -74.011867
-2.2407 128.597 -40.3971 -74.013308
-1.5188 131.295 -40.1613 -74.014723
-1.6696 134.0734 -40.2753 -74.01611
-2.517 136.7345 -40.7076 -74.017467
-3.2762 139.4376 -41.1589 -74.018793
-4.1563 142.1305 -41.3938 -74.020085
-4.9956 144.8475 -41.5126 -74.021342
-4.2109 147.46 -41.641 -74.02256
-3.9407 150.1251 -41.6099 -74.023741
-3.8535 152.9656 -41.6389 -74.024879
-3.8797 155.8081 -41.7765 -74.025976
-3.362 158.4701 -41.8809 -74.027027
-3.9026 161.1882 -41.8597 -74.028032
-4.6546 163.8938 -41.7416 -74.028986
-4.458 166.7321 -41.7051 -74.029889
-4.7248 169.4267 -41.9823 -74.030738
-5.9516 171.9513 -42.4086 -74.03153
-6.8697 174.6164 -42.5236 -74.032263
-7.1469 177.3942 -42.5991 -74.032935
-8.5483 179.5426 -43.6297 -74.033542
-9.0965 181.9163 -44.9846 -74.034084
-9.3572 184.5276 -45.8738 -74.034556
-10.3037 185.8819 -45.5629 -74.034748
-12.6165 185.7411 -44.527 -74.034669
-14.6492 185.7303 -43.1953 -74.034523
-16.2496 187.2653 -42.1906 -74.034308
-17.9145 189.1431 -41.8854 -74.034018
-19.4479 191.0685 -41.5909 -74.033653
-21.0169 192.9475 -41.0017 -74.033209
-22.4125 194.4386 -40.3024 -74.032682
-23.7068 195.9472 -39.0039 -74.032071
-25.0392 197.7028 -39.8911 -74.031371
-25.8175 200.0563 -40.2799 -74.030581
-26.6369 201.4551 -41.5533 -74.029694
-27.5289 202.2594 -40.2727 -74.02871
-29.472 203.3638 -40.3713 -74.027627
-31.4096 204.4733 -39.3932 -74.026439
-31.9894 205.4816 -37.1556 -74.025137
-32.896 206.6385 -35.2063 -74.023728
-33.7738 206.9925 -32.8727 -74.022198
-35.326 208.2821 -31.3862 -74.020556
-36.5537 210.18 -30.3332 -74.018789
-37.6503 212.1937 -29.5135 -74.016896
-38.7499 214.0475 -28.2022 -74.014868
-38.8366 216.2339 -27.1303 -74.012703
-39.8429 217.9451 -25.6872 -74.010396
-40.3547 220.3663 -25.6679 -74.007943
-9.0607 186.6005 -47.0068 -74.034991
-8.6412 188.5188 -48.1723 -74.035405
-7.9227 189.8909 -49.7878 -74.03576
-7.3389 191.2666 -51.5099 -74.036054
-6.8689 192.8579 -53.067 -74.036284
-6.5717 194.5306 -54.6272 -74.036447
-6.699 195.7688 -56.5782 -74.036542
-6.6007 197.3796 -57.9455 -74.036564
-5.361 198.4457 -59.4593 -74.036512
-4.0706 199.0919 -61.2062 -74.036383
-2.56 200.3359 -61.9713 -74.036174
-1.1767 202.1203 -62.473 -74.035882
0.1257 203.765 -63.1817 -74.035504
0.5779 205.9809 -62.9411 -74.035036
1.7705 207.8999 -62.7909 -74.034475
1.7806 210.0234 -63.3852 -74.033818
1.251 212.0868 -62.5412 -74.033061
0.3882 214.2228 -62.3899 -74.0322
-0.4598 216.2968 -62.9067 -74.031233
-1.2479 218.4121 -63.4146 -74.030154
-2.0973 220.5416 -63.7457 -74.028961
-3.4118 222.4275 -63.923 -74.027648
-5.2388 223.8332 -64.0726 -74.026213
-7.0057 225.2983 -64.337 -74.02465
-8.1122 227.0393 -64.9339 -74.022951
-8.3675 229.0243 -65.402 -74.021485
-8.7031 230.7886 -65.6689 -74.020305
-9.2813 232.5101 -65.8231 -74.019038
-9.2237 228.2929 -64.8468 -74.021726
-10.9382 228.5001 -64.259 -74.021015
-12.6565 228.7042 -63.682 -74.020214
-25.5183 124.0162 -29.3962 -74.017617
-26.4756 125.8583 -28.1987 -74.019722
-27.6755 127.8327 -27.6028 -74.02182
-27.9279 128.8492 -29.077 -74.023917
-28.5728 129.8586 -27.39 -74.026016
-29.4951 131.5172 -26.0388 -74.028094
-30.3172 133.5583 -25.0126 -74.030164
-30.9903 134.755 -23.0132 -74.032223
-31.8576 136.0757 -21.167 -74.034269
-32.9249 137.8539 -19.8699 -74.036299
-34.7749 138.8966 -19.3111 -74.038317
-36.3176 139.9122 -18.0849 -74.040315
-37.4604 141.3871 -16.8864 -74.042294
-38.6623 143.1941 -16.0632 -74.044255
-40.1691 144.5551 -14.9429 -74.046199
-41.2877 146.3296 -14.9203 -74.048121
-42.5778 148.1549 -14.027 -74.050017
-43.9866 149.9737 -13.1872 -74.051883
-45.0144 151.7833 -12.0503 -74.053723
-45.5532 153.8159 -10.8393 -74.055534
-46.3861 156.0367 -10.2537 -74.057313
-46.9837 158.3901 -9.9517 -74.059056
-47.8117 160.6751 -9.7756 -74.060765
-49.0447 162.6915 -9.706 -74.062433
-50.015 164.9082 -9.8518 -74.064062
-51.5234 166.8379 -9.9384 -74.065647
-52.9161 168.8061 -9.9279 -74.067188
-54.0733 170.9215 -9.7859 -74.068681
-55.7453 172.652 -9.5467 -74.070124
-57.6094 174.1497 -9.6472 -74.071515
-59.246 175.273 -8.9172 -74.072851
-60.6519 176.3429 -7.7572 -74.074129
-61.8971 178.3631 -7.4187 -74.075346
-62.7492 180.6081 -7.5045 -74.0765
-63.9736 182.7158 -7.7021 -74.077586
-65.2308 184.8141 -7.6187 -74.078601
-66.7492 186.7003 -7.6491 -74.079541
-68.417 188.4651 -7.7574 -74.080406
-69.4591 190.6092 -7.7695 -74.081188
-69.6776 192.1396 -9.5531 -74.081889
-70.6232 193.0213 -8.854 -74.082508
-70.9662 193.1386 -6.4297 -74.083033
-71.4596 193.5338 -4.0639 -74.083461
-72.1758 195.2071 -3.9513 -74.083784
-73.6159 196.7389 -5.1111 -74.084001
-74.8609 198.522 -6.148 -74.084108
-75.7426 199.5734 -7.6936 -74.084099
-75.3694 199.5725 -10.1146 -74.08397
-74.4019 199.6256 -11.6143 -74.083716
-73.8016 200.0979 -9.3728 -74.083331
-74.5843 201.3776 -7.8285 -74.082811
-75.66 202.8847 -6.3385 -74.082148
-76.7569 204.7933 -5.2692 -74.081338
-77.7876 206.5222 -4.0466 -74.080372
-78.7815 208.5213 -3.0989 -74.079246
-29.3228 87.5393 7.4141 -74.044559
-29.9005 87.4969 9.1019 -74.046549
-30.4781 87.4545 10.7898 -74.048496
-31.0558 87.4122 12.4776 -74.050398
-32.2782 87.1841 13.3671 -74.052265
-33.8866 86.6278 13.8875 -74.054136
-35.2533 87.1539 14.4242 -74.056007
-35.8481 87.8038 15.3321 -74.057875
-36.8463 86.9864 16.4788 -74.059742
-38.3951 86.3544 16.7879 -74.061602
-40.0436 86.842 16.4412 -74.063455
-41.676 86.6973 15.7688 -74.065304
-43.0795 86.67 14.6822 -74.067142
-44.7397 86.6061 14.8133 -74.06897
-46.2784 86.3685 14.6265 -74.070786
-47.931 85.969 14.7511 -74.072587
-49.3382 85.0184 15.2541 -74.074375
-51.0157 84.5548 15.4912 -74.076147
-52.76 84.3802 15.7377 -74.077895
-54.4766 84.1118 16.1326 -74.079622
-56.1575 83.722 16.5614 -74.081329
-57.6854 83.1665 17.2616 -74.083013
-59.449 83.0129 17.2864 -74.084666
-61.2047 83.1213 17.0316 -74.086287
-62.4985 83.4162 16.057 -74.087879
-64.2493 83.561 15.9695 -74.089436
-65.9938 83.4285 15.6473 -74.090959
-67.7202 83.5173 15.2308 -74.092441
-69.055 83.036 14.2322 -74.093882
-69.8653 82.2066 12.9383 -74.095279
-71.0115 81.258 11.9738 -74.096626
-72.4278 80.4398 11.5445 -74.097925
-73.698 79.222 11.6667 -74.099168
-74.8344 77.8746 11.8888 -74.100349
-76.1909 76.8138 12.1994 -74.101476
-77.7152 76.0674 12.6693 -74.10254
-79.2241 75.3783 13.2714 -74.103535
-80.5771 74.3384 13.7242 -74.104459
-81.948 73.2954 14.1285 -74.105309
-83.3128 72.1963 14.4348 -74.10608
-84.2563 70.7511 14.49 -74.106771
-85.9688 70.3467 14.3507 -74.107375
-87.6869 70.083 14.43 -74.107889
-89.1236 69.3762 14.9056 -74.108309
-90.0942 69.1674 16.3612 -74.108632
-91.4773 68.4273 17.0893 -74.108851
-93.1744 68.4543 17.5737 -74.108963
17.4714 115.5383 -32.7054 -74.022392
18.7181 116.515 -32.6736 -74.02352
19.4474 117.9165 -32.6863 -74.024624
20.2746 119.2604 -32.6312 -74.025707
21.0837 120.5882 -32.4636 -74.026765
21.7758 121.9988 -32.2416 -74.027796
22.3094 123.4582 -32.1155 -74.028799
23.1409 124.8071 -32.0128 -74.02977
23.9385 126.1782 -31.9172 -74.030711
25.0849 127.2066 -31.902 -74.031616
25.7601 127.3047 -33.2559 -74.032492
26.628 127.211 -34.5602 -74.03333
27.4583 127.1967 -35.7592 -74.034123
28.395 127.5305 -34.6253 -74.034871
29.5644 128.205 -33.8463 -74.03557
30.5696 128.6374 -32.8152 -74.036223
32.0051 129.043 -32.2921 -74.036822
33.4128 129.4399 -31.6761 -74.037366
34.7649 130.0848 -31.1622 -74.037851
36.07 130.7044 -30.5266 -74.038275
37.2954 130.2845 -29.7509 -74.038637
38.6668 129.8544 -29.4393 -74.038932
40.0959 129.824 -28.9371 -74.039158
41.6596 129.7812 -29.1527 -74.039313
43.163 129.7557 -29.5887 -74.039391
37.3605 97.6671 -24.1386 -74.020124
38.5247 98.3419 -23.3011 -74.021066
39.4075 98.7958 -22.0704 -74.021985
39.7833 99.3954 -20.6642 -74.022876
39.86 99.407 -19.0804 -74.023749
40.1939 99.8932 -18.7303 -74.024579
40.4963 100.318 -20.2174 -74.02538
41.4643 101.4944 -20.1061 -74.02614
42.3976 102.7119 -19.7798 -74.02686
43.1049 104.0833 -19.5568 -74.02754
44.0865 105.3182 -19.6544 -74.028176
44.7899 106.7249 -19.7113 -74.028766
45.9094 107.8469 -19.694 -74.029308
47.0015 108.9935 -19.6267 -74.029799
47.4874 110.1272 -19.5101 -74.030249
47.4694 110.2183 -21.0953 -74.030686
47.4514 110.3094 -22.6805 -74.031051
47.4334 110.4005 -24.2657 -74.031345
47.4153 110.4915 -25.8509 -74.031566
47.3973 110.5826 -27.4361 -74.031715
47.3793 110.6737 -29.0213 -74.03179
-43.1464 107.2097 -8.6051 -74.050273
-44.2349 108.3552 -9.2701 -74.052125
-45.5183 109.1815 -10.1573 -74.053981
-46.5455 110.332 -10.9218 -74.055839
-47.6198 111.4497 -11.7523 -74.057697
-48.7733 112.6103 -11.9929 -74.059557
-49.0763 114.3515 -11.8794 -74.061418
-49.3422 116.0762 -11.586 -74.063275
-49.7822 117.0822 -10.2937 -74.065133
-50.4256 118.2912 -9.1739 -74.066988
-50.9978 119.2379 -7.7863 -74.06884
-51.2625 120.0244 -6.2601 -74.07069
-51.6654 121.1492 -4.9912 -74.072527
-51.9476 122.7357 -4.2703 -74.074356
-52.5998 124.2212 -3.6393 -74.076173
-53.274 125.7541 -3.0637 -74.077974
-53.9887 127.1954 -2.3704 -74.079761
-53.963 128.1021 -0.9245 -74.081551
-54.6255 128.6873 -0.6995 -74.083329
-55.0557 128.8462 -2.4173 -74.085095
-55.7093 129.6088 -3.8029 -74.086822
-56.3904 130.5701 -3.4395 -74.088529
-57.2397 131.7558 -2.5815 -74.090213
-57.7383 132.4193 -1.0375 -74.091888
-58.1997 132.8604 0.5026 -74.093528
-59.135 134.2149 0.2827 -74.095133
-59.5411 135.9385 0.3726 -74.096702
-60.3211 137.5272 0.4547 -74.098237
-61.5615 138.7924 0.4272 -74.099733
-62.8427 140.0202 0.4049 -74.101192
-63.9756 141.337 0.4784 -74.102608
-65.5415 142.0698 0.6041 -74.10398
-66.8201 143.3029 0.6105 -74.105305
-67.9523 144.6731 0.6097 -74.106614
-69.0106 146.0943 0.6091 -74.107843
-69.7753 147.6531 0.6561 -74.109007
-69.9859 148.4831 2.1055 -74.110121
-70.4429 149.3779 3.3991 -74.111166
-71.6135 150.4383 2.691 -74.112143
-72.4835 151.5429 1.7355 -74.11305
-72.9227 152.8592 2.7049 -74.113886
-72.5877 154.4469 3.3601 -74.114643
-73.0119 156.1489 3.5593 -74.11532
-73.1545 157.8864 3.5882 -74.115912
-74.1953 159.319 3.6169 -74.116414
-74.932 160.9303 3.7174 -74.116825
-75.2192 162.6661 3.8423 -74.117138
-75.4158 163.3004 5.1393 -74.117355
-75.4017 163.5667 6.8972 -74.117466
-50.1374 90.531 -23.3634 -74.049187
-51.2673 90.8857 -22.5511 -74.050924
-52.7159 91.6607 -23.1098 -74.052658
-54.0702 92.6015 -23.357 -74.05439
-55.4386 93.0469 -22.4458 -74.056119
-56.998 93.6059 -21.9041 -74.057846
-58.5673 94.2413 -21.5078 -74.059566
-59.4515 94.8578 -20.2839 -74.061292
-60.3751 95.9904 -19.3491 -74.062997
-61.639 96.317 -18.2753 -74.064695
-62.5765 96.8459 -17.7339 -74.066383
-63.9654 97.6322 -17.7098 -74.068062
-65.6166 98.1559 -17.9424 -74.069727
-67.3141 98.5251 -18.0363 -74.071378
-68.9906 98.999 -17.9141 -74.073009
-70.4527 99.8368 -17.5623 -74.074623
-71.8636 100.5751 -16.8437 -74.076216
-73.2945 101.1084 -16.0241 -74.077785
-74.8032 101.5319 -15.3155 -74.07933
-76.2937 102.0431 -14.7677 -74.080848
-76.9439 103.3194 -13.9021 -74.08234
-77.7853 104.5384 -13.0235 -74.083799
-79.1174 105.4827 -13.5256 -74.085222
-80.5678 106.3785 -13.889 -74.086609
-81.9123 107.4474 -14.0602 -74.087953
-82.892 108.884 -14.1362 -74.089257
-83.7902 110.3676 -14.0768 -74.090519
-84.9748 111.6284 -13.8567 -74.09173
-86.2002 112.6963 -13.3076 -74.092896
-87.0479 113.9279 -12.479 -74.094009
-87.7411 115.4304 -11.9657 -74.095062
-88.823 116.6812 -11.5653 -74.096057
-89.4834 118.0465 -10.8065 -74.09699
-90.0558 119.4566 -9.9504 -74.097857
-90.8226 120.9302 -9.4429 -74.098654
-91.9586 122.2396 -9.3374 -74.099375
-92.8888 123.6775 -9.6286 -74.100021
-93.6083 125.2344 -9.9613 -74.100586
-94.4583 126.6908 -10.3334 -74.101066
-95.6371 127.179 -11.2403 -74.10146
-96.5223 128.3643 -11.7434 -74.101761
-97.3565 129.8343 -11.9607 -74.101966
-98.0187 131.4271 -12.0082 -74.102071
-44.8397 82.3848 -0.1022 -74.066621
-45.6858 82.6745 1.4762 -74.068744
-47.0854 83.466 2.0376 -74.070868
-47.9154 84.1261 0.6038 -74.073009
-48.4536 84.4912 -1.1078 -74.075152
-49.4629 84.7481 -2.3216 -74.077301
-50.8487 85.4683 -2.9272 -74.079459
-51.3634 86.2483 -4.138 -74.081643
-51.1604 85.8865 -5.9031 -74.083829
-51.4147 86.3329 -4.63 -74.086028
-51.3753 86.9211 -3.2026 -74.088215
-51.6511 88.546 -2.6095 -74.090403
-52.0008 89.4665 -3.9264 -74.092611
-52.6137 90.8015 -4.1725 -74.094813
-53.4473 92.4123 -3.9386 -74.097019
-53.8653 94.1635 -3.6555 -74.099228
-53.9519 95.9277 -3.215 -74.101439
-54.3051 97.4953 -2.5507 -74.103653
-54.5625 98.6898 -1.1952 -74.10586
-54.547 99.8234 0.1762 -74.108071
-54.2907 100.3598 1.9096 -74.110284
-54.7709 101.2087 3.4194 -74.112477
-54.4328 101.9413 3.8933 -74.114656
-53.0212 101.1678 3.092 -74.116825
-52.5222 101.109 4.5528 -74.118999
-54.1846 101.7537 4.4499 -74.12115
-55.6576 102.8136 4.5394 -74.123285
-56.499 104.3974 4.7059 -74.125406
-56.8786 106.1716 4.8788 -74.127512
-56.4546 107.8733 4.5587 -74.129597
-55.6814 109.1098 4.4339 -74.131681
-55.7928 109.3656 6.2457 -74.133777
-56.2213 109.7146 7.7986 -74.135803
-55.5336 111.171 7.9788 -74.137801
-57.2605 111.7016 8.1166 -74.139765
-58.1121 113.2561 8.4551 -74.141702
-58.5985 114.919 9.0311 -74.143607
-59.6859 116.036 9.8099 -74.145468
-59.434 116.5435 10.5662 -74.147296
-59.3051 118.1105 11.4366 -74.149081
-59.9415 119.6907 12.0733 -74.150826
-60.8614 121.156 12.3489 -74.15252
-61.607 122.4945 11.39 -74.154168
-62.1797 124.0961 10.8491 -74.155761
-62.6253 125.8486 10.8404 -74.157295
-62.2188 127.4063 11.6395 -74.158769
-61.8461 129.0333 12.3882 -74.160178
-62.5327 130.6886 12.3999 -74.161521
-62.936 132.4579 12.2088 -74.162795
-63.3234 134.2117 11.8803 -74.163998
-63.6303 135.945 11.5157 -74.165123
-63.951 136.5199 9.8435 -74.166174
-64.1784 137.2406 8.1925 -74.167136
-64.0694 138.3872 6.7995 -74.168005
-64.3697 140.0086 6.0583 -74.168782
-64.8732 141.6033 5.322 -74.169461
-65.5178 142.5596 4.0703 -74.170039
-65.7682 143.1976 5.3492 -74.170512
-66.7186 144.3442 5.8832 -74.170873
-67.5125 145.9488 6.0337 -74.171119
-68.2142 147.6123 6.0332 -74.171244
-36.2134 93.2108 29.5751 -74.054365
-36.6635 94.7733 29.8902 -74.055681
-36.9263 96.2364 30.4302 -74.056983
-37.1622 97.773 30.8495 -74.058272
-37.5529 99.3568 31.1525 -74.059548
-37.9173 100.9487 31.3678 -74.060803
-38.3971 102.525 31.406 -74.062041
-38.3118 104.182 31.3802 -74.063256
-38.3833 105.841 31.3619 -74.064448
-38.5184 107.493 31.3513 -74.065616
-38.1793 109.1047 31.3065 -74.066758
-37.694 110.6348 31.1726 -74.067868
-37.4366 112.1749 31.1742 -74.06895
-36.4341 113.3684 31.2349 -74.070002
-35.2673 114.4885 31.1966 -74.071018
-35.1913 116.0244 31.322 -74.071996
-36.1323 117.264 31.8032 -74.072935
-36.1013 118.8174 31.8898 -74.073834
-35.2737 120.1279 31.585 -74.074687
-34.1912 121.3196 31.36 -74.075493
-33.7141 122.9011 31.2289 -74.076248
-33.0667 124.4147 31.1658 -74.07695
-32.8786 126.0601 31.1275 -74.077595
-32.0835 127.4884 31.1247 -74.07818
-31.8296 129.12 31.1246 -74.078705
-31.1422 130.5851 30.9859 -74.079163
-30.3228 131.8477 30.3079 -74.079555
-29.6856 132.4849 28.9766 -74.079875
-29.0719 133.0333 27.5676 -74.080122
-28.0844 133.7856 27.8775 -74.080289
-27.152 134.469 28.6173 -74.080375
68.8569 88.73 19.5506 -74.028082
69.4626 89.4871 18.5505 -74.02959
69.8694 90.2922 17.5312 -74.031083
70.1133 90.9732 19.0619 -74.032567
70.2522 92.4115 19.6157 -74.03403
70.8156 93.9888 19.8859 -74.035474
70.9233 95.5529 19.5992 -74.036904
71.3862 97.0655 19.4044 -74.038312
72.5006 98.2929 19.6588 -74.039695
72.7344 99.9408 19.94 -74.041058
72.932 101.5833 19.995 -74.042396
72.4313 103.198 19.9089 -74.043708
71.8799 104.7873 20.0008 -74.044987
71.5282 106.416 19.8144 -74.046237
71.2624 108.037 19.4849 -74.047453
70.3107 109.3594 19.2993 -74.048628
69.2896 110.7156 19.219 -74.049764
68.8552 112.3448 19.1576 -74.050857
68.8224 113.8606 18.9579 -74.051905
69.0085 114.8834 18.0264 -74.052909
68.8524 116.0924 16.8932 -74.053863
69.7271 117.2159 15.9694 -74.054765
70.0973 118.581 15.0882 -74.055609
70.8674 119.2691 13.939 -74.056397
70.3855 118.9765 13.515 -74.05712
69.9666 118.6726 13.3866 -74.057784
70.2125 118.847 11.7059 -74.058387
70.4357 118.9096 10.8982 -74.058906
70.1867 118.7318 12.5649 -74.059354
69.521 118.6003 13.8778 -74.059716
69.0153 119.2849 13.1332 -74.059991
69.8993 119.8704 11.9133 -74.06018
70.2963 119.9515 10.2866 -74.060276
95.5228 3.6634 18.9207 -73.995087
95.9521 3.5018 19.9853 -73.995157
96.3294 3.3373 21.069 -73.995192
-41.3421 222.5153 -25.6062 -74.00551
-42.702 224.1478 -25.2091 -74.00324
-44.2458 225.1088 -24.0553 -74.00096
-45.8189 226.0665 -23.0056 -73.998674
-47.3319 227.1224 -21.9872 -73.99638
-48.8138 228.7344 -21.8003 -73.994078
-50.1281 230.4969 -21.9165 -73.991768
-51.8278 231.7383 -22.0527 -73.989449
-52.8158 233.6774 -22.1145 -73.987119
-53.0724 235.6787 -22.1684 -73.985266
-53.6815 237.6012 -22.215 -73.983898
-54.8336 239.2327 -22.1693 -73.982532
-55.9455 240.9107 -22.1307 -73.981167
-56.8959 242.6769 -22.2538 -73.979803
-57.6448 244.0732 -23.1351 -73.978438
-57.9004 245.3567 -24.6431 -73.977073
-58.5973 247.0318 -25.4177 -73.975711
-59.3933 248.8468 -25.6686 -73.974349
-60.5485 250.492 -25.7129 -73.972988
-62.0102 251.8694 -25.795 -73.971627
-63.5819 251.7041 -25.7766 -73.970267
-65.1861 252.5294 -25.4878 -73.968904
-66.5361 253.7075 -24.6451 -73.967542
-67.4482 255.4346 -24.2826 -73.96618
-68.0616 257.3349 -24.0645 -73.964817
-69.279 258.781 -24.0213 -73.963456
-70.6709 260.1778 -24.061 -73.962094
-71.4436 262.0159 -24.0595 -73.960733
-72.8554 263.4363 -23.888 -73.959374
-74.3055 264.6952 -23.3614 -73.958015
-75.6104 266.0079 -22.6232 -73.956657
-76.4194 267.7709 -22.2236 -73.955296
-77.0046 269.6763 -21.989 -73.953937
-77.6943 271.5617 -21.8675 -73.952581
-78.0414 273.5421 -21.7862 -73.951225
-78.9873 275.301 -21.7403 -73.94987
-80.3424 276.7952 -21.6879 -73.948517
-81.6546 278.3163 -21.6068 -73.947167
-83.1583 279.5974 -21.7854 -73.945819
-84.8953 280.6045 -21.8472 -73.944472
-86.7025 281.4584 -21.6828 -73.943127
-87.8751 282.8646 -21.0904 -73.941783
-89.4892 283.7967 -20.5891 -73.940441
-91.1007 284.9601 -20.5677 -73.939104
-92.4107 286.2858 -21.1453 -73.937767
-94.0557 286.9976 -21.9919 -73.936435
-95.7101 288.0996 -22.2545 -73.935106
-97.3406 289.2852 -22.2657 -73.93378
-98.976 289.9877 -22.9029 -73.932458
-100.2796 290.7986 -23.6291 -73.931139
-101.4799 291.8038 -22.4899 -73.929822
-103.036 292.9887 -22.0284 -73.928511
-104.6892 294.1312 -21.8834 -73.927205
-106.3559 295.2232 -22.151 -73.925903
-107.8941 296.3493 -22.6692 -73.924607
-109.1385 297.4951 -23.597 -73.923315
-110.8652 298.494 -23.4597 -73.922031
-112.4721 299.5248 -23.016 -73.920752
-113.8772 300.6139 -22.2042 -73.919478
-115.339 301.8994 -21.8314 -73.918212
-116.6463 303.427 -21.784 -73.916953
-117.9037 305.0024 -21.8441 -73.9157
-119.0254 306.6607 -22.003 -73.914454
-119.7365 308.5266 -22.2827 -73.913215
-120.0458 309.7921 -21.1758 -73.911978
-120.3335 310.3959 -19.2752 -73.910753
-120.8092 311.2425 -17.5331 -73.909538
-121.3861 312.9361 -16.6595 -73.908334
-122.3666 314.5966 -16.303 -73.907143
-123.445 316.2788 -16.4754 -73.905958
-124.5125 317.8962 -16.7048 -73.904786
-124.8879 318.6378 -14.9021 -73.903616
-124.9811 319.1413 -12.9496 -73.902456
-125.2786 319.7061 -11.0358 -73.901309
-125.7833 320.5605 -9.2875 -73.900179
-126.7853 321.2272 -7.7186 -73.899063
-128.1198 321.7372 -6.5853 -73.897958
-129.5338 322.6762 -5.6435 -73.896867
-130.8033 322.8583 -4.1103 -73.895788
-132.3486 322.5617 -2.9424 -73.894724
-133.5223 321.7567 -2.2514 -73.893674
-134.4075 321.0203 -3.7194 -73.892639
-136.141 320.0633 -3.704 -73.891621
-137.9234 319.2453 -3.5128 -73.890618
-139.8153 319.4438 -3.03 -73.88962
-141.7336 319.7231 -2.5415 -73.888648
-143.2992 318.8382 -1.8198 -73.887696
-143.6324 318.198 -3.1912 -73.886757
-144.6494 318.183 -2.5451 -73.885835
-145.6029 318.7473 -1.0864 -73.884935
-147.1116 319.1677 -0.0827 -73.884054
-149.0143 318.6505 0.3041 -73.883193
-150.835 317.9416 0.6531 -73.882353
-152.6003 318.3043 1.3039 -73.881535
-154.255 319.2248 1.8195 -73.880738
-156.1347 319.0641 1.3765 -73.879964
-157.9479 318.8394 0.6505 -73.879212
-159.8193 318.2421 0.4855 -73.878481
-161.6982 318.4908 0.8126 -73.877776
-163.3502 318.4678 1.946 -73.877093
-164.7917 318.8721 3.1901 -73.876435
-166.0348 318.4651 4.5448 -73.875802
-167.2051 317.7036 5.9108 -73.875195
-168.6856 318.3603 6.972 -73.874614
-170.5746 318.3686 7.6324 -73.87406
-172.4422 318.8037 8.0573 -73.873533
-173.7745 319.4811 7.41 -73.873032
-175.2708 319.8181 6.8918 -73.872559
-176.3866 321.0401 7.8064 -73.872115
-178.1084 321.388 8.4289 -73.871699
-179.8667 322.3331 8.1901 -73.871313
-181.7338 322.9719 7.9865 -73.870956
-183.2047 324.2061 7.6173 -73.870629
-184.6529 324.5109 6.7583 -73.870332
-186.4765 324.882 7.4149 -73.870066
-188.3601 325.5005 7.7542 -73.869832
-190.207 326.2741 7.8586 -73.869629
-191.8555 326.4884 7.2737 -73.869459
-192.3011 326.2807 5.3327 -73.86932
-192.4569 326.3027 3.3202 -73.869211
-192.6127 326.3246 1.3078 -73.869139
-192.7684 326.3466 -0.7047 -73.869103
-53.5618 234.7518 -22.4056 -73.985365
-55.3696 234.7358 -22.9279 -73.984211
-57.1775 234.7198 -23.4502 -73.983079
-58.9758 234.7413 -23.9753 -73.981969
-60.5834 235.6616 -24.1049 -73.980869
-62.2107 236.6032 -24.0421 -73.979772
-63.9306 237.3539 -24.0447 -73.978681
-65.5569 238.2591 -24.1396 -73.977593
-67.3063 238.9314 -24.1596 -73.976511
-68.8366 239.9978 -24.0522 -73.97543
-70.5332 240.314 -23.7713 -73.974356
-72.1779 239.7124 -23.3677 -73.973285
-73.9055 239.067 -23.0743 -73.972218
-75.764 238.9129 -23.0612 -73.971157
-77.5069 238.4311 -23.4834 -73.970099
-79.2728 238.5078 -23.5052 -73.969046
-81.0101 239.1307 -23.2489 -73.967998
-82.8258 239.4159 -22.9537 -73.966955
-84.5254 239.9346 -22.4418 -73.965918
-86.2406 240.0396 -21.7161 -73.964885
-87.8568 239.8217 -20.9364 -73.963858
-89.3552 239.6723 -19.8507 -73.962835
-90.7771 239.8281 -18.7653 -73.96182
-92.3262 239.5258 -18.0598 -73.96081
-94.0855 240.1028 -17.7873 -73.959808
-95.877 240.5966 -17.5579 -73.958812
-97.6988 241.0591 -17.507 -73.957823
-99.53 241.4724 -17.4393 -73.956841
-101.2527 242.1681 -17.1773 -73.955867
-102.8299 242.815 -16.4434 -73.954901
-104.4569 243.5931 -15.9937 -73.953945
-106.2956 243.7075 -16.104 -73.952996
-107.1732 243.8399 -14.6775 -73.952049
-108.3872 244.3725 -13.7017 -73.951116
-109.3454 245.4642 -12.5807 -73.950193
-110.5466 246.5332 -11.6213 -73.949278
-112.0874 247.1 -10.9503 -73.948375
-112.6927 248.1713 -9.7197 -73.94748
-113.85 248.7857 -8.6033 -73.946596
-114.9422 250.1535 -8.2414 -73.945723
-115.3929 251.8689 -7.6387 -73.944863
-116.4822 252.9605 -6.8157 -73.944015
-117.371 253.2374 -5.1806 -73.943179
-118.358 253.8356 -3.7152 -73.942356
-119.4595 254.4678 -2.3971 -73.941548
-120.9563 255.2641 -1.6822 -73.940753
-122.5163 255.9458 -1.0086 -73.939973
-123.9831 256.9071 -0.452 -73.939207
-124.7954 257.8348 0.9161 -73.938455
-125.65 259.0549 2.0473 -73.93772
-126.8265 260.4562 2.1583 -73.937
-128.2898 261.2032 2.616 -73.936295
-129.0334 261.3894 4.2611 -73.935605
-129.2473 261.2649 6.1105 -73.934909
-129.4022 261.1437 7.9821 -73.934242
-129.5576 261.0229 9.8536 -73.933603
-129.7512 260.9235 11.7229 -73.932967
-129.9463 260.825 13.592 -73.932357
-130.1515 260.7135 15.4586 -73.931776
-130.5488 260.346 17.2477 -73.931216
-131.604 259.0778 18.099 -73.930679
-132.4067 258.2916 19.5872 -73.930162
-133.3932 257.3081 20.8241 -73.929667
-133.8044 256.3522 22.376 -73.929194
-134.6418 255.2368 23.5911 -73.928743
-135.4197 253.8392 24.4892 -73.928315
-135.7 253.4829 26.3153 -73.927908
-136.3101 252.641 27.7577 -73.927526
-136.3201 251.3179 26.4825 -73.927169
-136.8701 249.6435 26.0944 -73.926835
-137.7175 248.1362 25.6627 -73.926526
-137.6045 246.4619 25.1316 -73.926243
-137.2893 245.0053 24.2243 -73.925987
-136.6215 243.4615 23.4192 -73.925756
-135.6446 241.9497 22.8735 -73.92555
-135.3758 240.4199 22.4018 -73.925374
-136.1869 239.3032 23.0344 -73.925225
-136.341 238.0644 24.2021 -73.925105
-136.433 236.6369 25.3143 -73.925014
-136.6008 234.8539 25.6617 -73.924953
-137.1474 233.4458 25.0869 -73.924922
-10.2537 234.1313 -65.7936 -74.017596
-11.9535 235.2244 -65.4206 -74.016073
-13.2513 236.4124 -64.5554 -74.014553
-13.9825 238.2182 -64.0036 -74.013035
-13.9675 239.4333 -65.1657 -74.011516
-14.1745 240.8047 -66.5759 -74.010002
-14.74 242.3781 -67.763 -74.00849
-15.0167 243.3075 -69.5586 -74.006977
-14.9973 244.3966 -71.2899 -74.005467
-15.4806 245.6013 -72.6631 -74.003959
-16.6681 247.206 -72.2066 -74.002453
-17.3029 249.0449 -71.7718 -74.000945
-18.6676 250.382 -71.3338 -73.999439
-19.6799 251.0982 -72.0439 -73.997933
-20.4939 252.2385 -73.4165 -73.996423
-21.5912 252.7618 -72.8895 -73.995053
-21.9596 252.8176 -71.2713 -73.993836
-22.6797 254.2973 -71.5196 -73.99262
-23.6039 255.7577 -72.0067 -73.991407
-24.5721 257.236 -72.2298 -73.990194
-26.0105 258.3101 -72.2446 -73.988982
-27.3761 259.4599 -72.2196 -73.98777
-28.9516 260.3257 -72.2375 -73.986545
-30.5102 261.2195 -72.2945 -73.985336
-31.595 262.5637 -72.7018 -73.984129
-32.6547 263.9941 -72.7006 -73.982923
-33.5598 265.5319 -72.4801 -73.981719
-34.5952 266.9872 -72.4053 -73.980516
-35.2782 268.5959 -72.3691 -73.979312
-36.5462 269.7783 -72.1737 -73.978113
-37.8737 270.872 -71.8225 -73.976916
-38.8876 272.2418 -71.3145 -73.97572
-39.6217 273.7558 -70.7585 -73.974527
-40.6535 274.9959 -70.0158 -73.973337
-42.0534 275.9829 -69.5331 -73.972147
-43.5846 276.8719 -69.3005 -73.970963
-45.0655 277.8565 -69.4958 -73.96978
-45.946 279.1186 -68.7677 -73.9686
-45.8345 280.5644 -67.9551 -73.967423
-46.196 282.2235 -68.3906 -73.96625
-46.2456 283.784 -69.1293 -73.965081
-45.9356 284.9029 -69.4775 -73.963914
-46.3572 283.3243 -69.8414 -73.962748
-47.6385 284.0096 -69.6263 -73.961581
-47.8598 285.27 -68.7781 -73.960423
-47.9763 286.6481 -67.6615 -73.959268
-48.0018 287.8134 -66.394 -73.958118
-49.296 287.3623 -65.4888 -73.956972
-50.1432 286.6731 -64.1653 -73.955835
-50.2434 286.1704 -62.4405 -73.954698
-51.2742 284.9264 -61.8207 -73.953572
-52.8421 284.4426 -61.0987 -73.952452
-53.9107 283.6653 -60.0279 -73.951339
-54.752 283.3629 -58.5184 -73.950231
-55.6511 282.4981 -57.2933 -73.949133
-56.6242 281.93 -56.0196 -73.948045
-57.9991 281.9695 -54.8908 -73.946963
-59.0837 282.3361 -53.8941 -73.945891
-60.0943 282.1643 -52.7677 -73.944826
-61.4419 281.5155 -51.8651 -73.943773
-62.8626 280.827 -51.0501 -73.942729
-64.2795 280.6349 -50.0042 -73.941696
-65.804 280.5238 -49.0693 -73.940674
-66.7885 280.054 -47.7484 -73.939661
-67.9789 279.2336 -46.7905 -73.938659
-68.6552 278.446 -45.3481 -73.937668
-69.0138 277.9753 -43.6489 -73.936689
-69.4167 276.9949 -42.4398 -73.935724
-69.8247 275.5947 -42.5008 -73.934771
-70.268 276.0815 -42.6582 -73.933832
-70.9242 276.409 -41.0457 -73.9329
-71.4032 276.5871 -39.3203 -73.931986
-72.2724 276.7647 -38.0281 -73.93109
-73.2041 276.1685 -36.6914 -73.930209
-74.2918 275.5936 -35.4399 -73.929345
-75.425 274.8456 -34.2803 -73.928496
-76.9255 274.2886 -33.5609 -73.927664
-77.3251 274.3933 -31.9623 -73.926848
-77.3839 274.0953 -31.6173 -73.926043
-77.9259 274.1693 -30.1943 -73.925258
-79.5493 274.0847 -29.6223 -73.924493
-80.9279 274.149 -28.5263 -73.923746
-82.1503 274.2888 -27.2947 -73.923021
-83.1333 274.5631 -25.8399 -73.922315
-83.3586 274.0993 -24.1212 -73.921627
-83.4086 273.3363 -22.4949 -73.920961
-83.5601 272.816 -20.7795 -73.920315
-83.7705 272.4678 -19.0265 -73.91969
-84.0593 272.0789 -17.2937 -73.91909
-84.2893 271.7437 -15.5414 -73.918511
-84.9661 271.1706 -14.2656 -73.917958
-86.4465 270.5588 -13.5443 -73.91743
-87.5224 269.4821 -12.7644 -73.916926
-88.5863 270.2836 -13.3628 -73.916447
-89.344 271.7765 -13.8414 -73.915991
-90.7295 272.8654 -14.017 -73.915555
-92.0012 274.1345 -14.1202 -73.915147
-93.0728 275.5655 -14.188 -73.914769
-94.4803 276.5793 -14.1262 -73.914417
-96.2029 276.3016 -13.7358 -73.914093
-97.8612 276.4416 -13.1634 -73.913795
-99.2225 277.2086 -12.3487 -73.913526
-100.7724 276.7787 -11.5881 -73.913284
-102.4856 276.8416 -11.2384 -73.913071
-104.2435 277.0799 -11.3594 -73.912887
-105.8758 277.7134 -11.5089 -73.912732
-106.978 278.2571 -10.6069 -73.912607
-108.7214 278.4008 -10.5748 -73.912513
-110.1714 278.7473 -11.3411 -73.912449
-111.6618 279.6815 -11.4564 -73.912417
-21.5015 253.5088 -73.309 -73.995547
-22.5942 254.3623 -72.684 -73.995327
-23.4363 255.5756 -72.2611 -73.995127
-23.7952 256.2196 -73.6016 -73.994947
-24.1958 256.9175 -74.8973 -73.994789
-24.5102 257.2028 -76.431 -73.994651
-25.2575 257.9568 -77.5755 -73.994536
-25.9832 258.9049 -78.6121 -73.994443
-26.7351 259.8964 -79.3372 -73.994373
-27.7754 261.0706 -79.3699 -73.994326
-28.1276 262.1418 -78.3341 -73.994302
-14.415 228.9869 -63.4499 -74.01932
-16.1331 229.4489 -63.5343 -74.01845
-17.7421 230.1331 -63.7219 -74.017592
-19.4067 230.7023 -63.8399 -74.016748
-20.8995 231.6241 -63.8754 -74.015917
-22.4197 232.5434 -63.927 -74.015098
-23.9779 232.9794 -64.5409 -74.014292
-25.5926 233.2447 -65.0739 -74.013497
-27.3372 233.3731 -65.393 -74.012715
-29.108 233.4677 -65.4659 -74.011946
-30.8642 233.5427 -65.402 -74.011188
-32.3482 234.4256 -65.4518 -74.010443
-33.9347 234.8444 -64.9779 -74.00971
-35.6107 235.0483 -64.5372 -74.008989
-37.2988 235.2219 -64.5195 -74.00828
-38.3854 235.5894 -65.5655 -74.007581
-39.1438 235.7555 -64.0699 -74.006895
-40.4342 236.3585 -64.9633 -74.006221
-41.6538 237.408 -65.4996 -74.005561
-43.3197 237.9738 -65.7908 -74.004914
-45.0712 238.2644 -65.9288 -74.00428
-46.7994 238.6788 -65.9135 -74.00366
-48.5481 238.9796 -65.7557 -74.003052
-50.2593 239.3638 -65.4708 -74.002459
-51.9541 239.818 -65.3779 -74.00188
-53.6581 240.3081 -65.5616 -74.001315
-55.3649 240.7618 -65.7517 -74.000764
-56.9242 241.5359 -65.9538 -74.000228
-58.6438 241.8319 -66.2728 -73.999709
-59.9936 242.7156 -66.7405 -73.999204
-60.984 243.7818 -67.5294 -73.998715
-62.0855 245.146 -67.6347 -73.998242
-62.592 246.8516 -67.5474 -73.997786
-63.6958 248.1812 -67.3534 -73.997348
-65.3602 248.1365 -67.1819 -73.996926
-66.6185 247.2528 -66.7907 -73.996522
-68.2827 246.701 -66.9975 -73.996134
-69.0056 246.5375 -67.1182 -73.995767
-69.4149 247.1923 -66.2178 -73.995417
-70.5685 248.2104 -65.6787 -73.995088
-72.1021 248.9573 -65.1628 -73.994778
-73.5226 249.8734 -64.6789 -73.994489
-74.9049 250.917 -64.2744 -73.994222
-76.1941 252.0464 -63.8017 -73.993976
-77.6751 252.694 -63.2164 -73.993752
-78.9054 253.7897 -63.1101 -73.993551
-80.0531 255.1107 -63.1909 -73.993373
-81.4092 256.2087 -63.4316 -73.993219
-83.1166 256.5971 -63.7243 -73.993089
-84.8053 256.9649 -63.8465 -73.992984
-86.3232 257.8036 -63.7447 -73.992904
-88.0463 257.7843 -63.4146 -73.99285
-89.5568 258.6367 -63.0658 -73.992823
-79.8558 209.6969 -1.6956 -74.078106
-80.9345 210.9313 -0.8747 -74.07713
-81.8718 212.3265 -0.0936 -74.076162
-83.0145 213.649 0.4105 -74.075202
-83.35 215.4299 0.5242 -74.07425
-84.7236 216.0877 0.5245 -74.073305
-85.8365 216.8501 1.5461 -74.072366
-86.4751 218.3432 2.3648 -74.071438
-87.6889 219.3419 3.0091 -74.070517
-89.3832 219.625 3.5112 -74.069606
-90.5679 220.9942 3.9392 -74.068703
-91.9993 222.1339 4.2769 -74.067809
-93.1066 223.0567 5.3451 -74.066921
-94.2451 224.3484 6.04 -74.06604
-95.1955 225.7846 6.6504 -74.065169
-96.1469 227.1811 6.1703 -74.064307
-97.5307 228.1499 5.5656 -74.063452
-97.6555 229.6726 4.5217 -74.062604
-98.2632 230.7709 4.9578 -74.061763
-99.4213 231.1534 5.7424 -74.060933
-100.7458 231.4122 4.7237 -74.06011
-101.8502 232.6408 4.2535 -74.059297
-103.1436 233.9354 4.0273 -74.058493
-104.4921 234.4164 4.8558 -74.057699
-105.6117 233.6885 5.7966 -74.056909
-106.7274 232.3194 6.4016 -74.056122
-107.441 230.7522 6.8747 -74.055355
-107.4488 229.0255 7.5014 -74.0546
-107.9411 227.3511 8.131 -74.053858
-107.0902 226.8712 8.9862 -74.053126
-106.1496 226.513 10.1833 -74.052396
-105.9516 226.2598 12.0223 -74.051679
-105.4787 225.2922 12.0054 -74.050977
-105.2249 224.5846 10.2988 -74.050288
-104.7784 223.6625 9.5999 -74.049615
-104.7066 222.6921 11.0296 -74.048952
-105.026 220.965 11.6033 -74.048306
-104.6066 219.9029 12.8153 -74.047672
-103.3942 219.8352 14.0764 -74.047053
-104.3073 219.9043 13.553 -74.046449
-105.885 218.9419 13.3792 -74.04586
-107.2676 218.4747 12.6842 -74.045285
-108.1193 218.5469 11.0406 -74.044725
-108.3962 219.4541 11.7193 -74.044183
-109.0143 219.6825 13.4653 -74.043655
-109.7221 219.9831 15.1561 -74.043147
-110.6667 219.9703 16.4989 -74.042658
-112.0003 218.9022 16.8845 -74.042187
-113.4433 217.9794 16.4775 -74.041735
-114.7081 217.1333 15.6968 -74.041302
-115.2947 216.7255 13.9743 -74.040889
-115.5962 216.7912 12.1637 -74.040492
-115.7677 217.1126 10.3327 -74.040116
-115.4309 217.0746 11.1227 -74.039764
-116.1181 217.6962 12.116 -74.039424
-117.3855 218.3763 13.3061 -74.03911
-118.8798 218.8959 14.099 -74.038824
-120.5533 219.5755 14.5055 -74.038562
-122.3465 220.0233 14.7431 -74.038323
-124.1585 220.1151 14.949 -74.038108
-125.565 221.2324 14.8597 -74.037919
-126.6064 222.7478 14.7267 -74.037754
-127.1945 224.5052 14.537 -74.037616
-127.9351 226.1832 14.2547 -74.037504
-129.0224 227.5634 14.5865 -74.037419
-130.1181 229.0198 14.5982 -74.037361
-131.2201 230.4645 14.2522 -74.037332
47.5528 -96.076 13.5667 -73.219503
47.0015 -95.2803 13.5986 -73.219616
46.7344 -94.3274 13.6342 -73.219673
27.7081 -94.2683 18.8592 -73.199586
26.226 -93.6204 19.8024 -73.200203
24.7439 -92.9726 20.7456 -73.200661
23.2618 -92.3248 21.6888 -73.200966
23.8038 -92.3745 21.7835 -73.201118
54.7481 -88.0637 17.871 -73.240037
97.3169 -66.6493 31.3652 -73.279029
99.3506 -67.4491 30.897 -73.28042
101.3843 -68.2489 30.4289 -73.281579
103.4181 -69.0488 29.9607 -73.282506
105.4518 -69.8486 29.4925 -73.283202
104.935 -70.7499 28.9784 -73.283668
104.6139 -70.6388 26.7694 -73.283901
96.937 -66.473 30.8282 -73.278306
44.0154 -65.7095 15.6069 -73.293953
44.0102 -66.3692 14.8486 -73.29405
44.1586 -67.2141 14.3402 -73.294098
-4.665 -9.0685 -0.0051 -73.903494
-3.3078 -10.3003 -0.0154 -73.881359
-1.9532 -11.5348 -0.0257 -73.859219
-0.7426 -12.7803 -0.0459 -73.822357
0.4334 -13.9291 -0.0935 -73.770959
1.4466 -15.2471 -0.185 -73.719651
3.5554 -27.7322 1.4257 -73.642986
8.6107 -41.3653 6.7974 -73.570002
22.8794 -62.2772 10.5055 -73.403151
26.4745 -64.8588 13.9793 -73.377886
29.0535 -67.1183 14.3116 -73.361238
42.1418 -73.5431 16.2509 -73.300399
47.2069 -85.1931 18.1557 -73.250017
44.6639 -89.9679 15.7857 -73.230823
47.7449 -96.3203 13.6398 -73.220344
78.4149 -177.3628 14.5582 -73.119938
95.2227 -265.7699 17.0719 -73.041124
48.1056 -320.1106 18.1187 -72.981276
-10.9476 -383.6056 22.9817 -72.938539
-40.36 -432.7473 17.7175 -72.911428
28.7834 -94.5812 17.274 -73.201576
14.3097 -106.6143 20.8227 -73.17903
2.7577 -126.0427 26.0848 -73.161692
-45.0792 -189.1405 27.4734 -73.125865
30.9775 -170.2053 31.4202 -73.152577
28.3969 -94.5693 18.0599 -73.199645
-40.2348 -104.2908 -5.8163 -73.145833
-111.9958 -139.102 2.509 -73.112713
54.6562 -87.9717 17.7384 -73.240741
111.8824 -135.9529 29.1893 -73.167204
164.8572 -185.7356 20.1853 -73.114656
213.7243 -226.7876 32.011 -73.082405
43.9697 -65.4565 15.7766 -73.294188
45.5333 -62.1584 17.8534 -73.291948
96.2419 -66.2233 31.6259 -73.278224
2.1326 -22.0656 -2.5814 -73.670269
6.2653 -35.3706 6.4938 -73.606682
8.3143 -40.7868 6.7183 -73.540119
15.4942 -50.7521 4.9673 -73.486473
19.5156 -57.7327 7.1557 -73.433037
24.2121 -63.3654 12.9105 -73.390574
27.7984 -65.9637 14.1964 -73.369543
35.2991 -71.3414 15.5234 -73.331039
45.9552 -78.4006 18.2802 -73.274967
45.9541 -87.9136 17.638 -73.240317
46.0845 -93.1486 14.7482 -73.225004
52.1518 -103.9606 11.3242 -73.208475
58.8833 -119.603 12.0998 -73.187156
62.6461 -133.0235 18.7767 -73.166874
68.7987 -150.479 18.27 -73.147701
75.478 -168.4071 16.0379 -73.129525
80.7201 -186.7623 13.7215 -73.110463
86.0397 -202.1519 18.4658 -73.093592
88.9594 -219.8372 14.0604 -73.077638
92.3483 -238.1707 14.3683 -73.062659
94.4112 -256.1543 16.5595 -73.048552
95.282 -267.4858 16.3224 -73.033803
95.3059 -280.3632 10.9397 -73.020793
82.392 -291.8157 13.1552 -73.008607
66.6134 -301.8126 13.5179 -72.997306
55.8832 -314.8401 17.1156 -72.986791
42.621 -325.3136 19.0805 -72.97588
32.9705 -340.7608 23.6528 -72.966333
23.9361 -354.8041 21.203 -72.957541
9.6225 -366.7531 22.7517 -72.949568
-4.6074 -378.3071 21.4152 -72.942316
-16.9731 -389.755 18.9726 -72.934873
-27.5688 -401.1213 14.9527 -72.928447
-39.573 -411.7299 14.9204 -72.92273
-40.6381 -420.4638 25.2112 -72.917799
-40.4069 -426.6412 14.8914 -72.913568
-41.6738 -434.0686 12.5022 -72.909416
-35.1298 -447.795 10.0223 -72.906021
-30.511 -455.7937 6.7671 -72.90335
-26.4654 -460.7911 2.4423 -72.901531
-24.2919 -464.5784 0.2402 -72.900612
37.1249 -94.0849 14.9718 -73.215818
20.7736 -99.7756 22.2184 -73.19003
11.0172 -108.5614 18.7473 -73.17552
5.909 -113.1292 24.1737 -73.17008
4.7649 -121.3499 27.2758 -73.164738
-3.9067 -133.7894 26.1237 -73.156722
-16.2236 -149.0836 26.7198 -73.148218
-17.7909 -159.6216 22.5822 -73.140684
-30.8645 -168.2845 21.4997 -73.134178
-40.3768 -181.2163 24.3391 -73.128606
-50.8898 -195.8899 27.7601 -73.123261
-59.8432 -207.2909 27.0024 -73.119
-63.453 -209.2381 15.4152 -73.11568
-64.2909 -212.4765 11.1044 -73.113429
-69.7086 -217.4653 14.9612 -73.112293
-1.3141 -131.2728 34.9295 -73.160959
15.7442 -115.5027 24.1983 -73.17467
21.9499 -133.9863 25.1312 -73.168064
26.8898 -147.4387 25.6301 -73.162421
28.6429 -155.1273 32.7495 -73.157821
28.6017 -167.7997 33.6747 -73.15419
33.7647 -170.9041 21.6446 -73.151007
35.3986 -176.6564 11.4651 -73.148757
39.8278 -180.409 -7.3747 -73.147579
28.4843 -94.572 17.6083 -73.200218
24.075 -93.3058 9.4058 -73.192897
15.5128 -90.8025 -8.4542 -73.180851
-0.0475 -89.6597 -13.0268 -73.169751
-13.9393 -94.7328 -4.0497 -73.159672
-31.0534 -101.5497 -4.3571 -73.150526
-48.3446 -108.1087 -4.4853 -73.141243
-60.3769 -111.0796 -1.1234 -73.133319
-77.9711 -113.5102 3.296 -73.126312
-92.0999 -121.9743 4.6219 -73.120301
-105.6825 -132.44 0.8972 -73.115204
-119.8735 -141.3568 5.959 -73.110497
-132.8113 -151.1601 6.979 -73.106866
-147.2952 -155.5423 4.0924 -73.104025
-153.368 -158.2725 7.6335 -73.102095
-168.793 -159.6906 7.6228 -73.101122
50.8433 -86.5895 17.9535 -73.244571
61.2357 -92.3404 14.5899 -73.231895
72.1897 -102.125 21.0158 -73.215977
85.4059 -115.7278 22.6939 -73.200978
96.1046 -123.0147 27.5352 -73.187013
106.3877 -128.7142 28.8233 -73.173997
119.3522 -141.0891 32.8119 -73.160528
133.3865 -151.0456 27.4274 -73.148776
140.4642 -156.8554 25.7903 -73.137951
152.3124 -169.1266 29.8767 -73.12813
161.5491 -182.1636 26.4505 -73.119226
167.3763 -187.9265 20.8501 -73.110208
178.0174 -198.4202 27.7655 -73.102509
190.5879 -201.853 17.5881 -73.095686
198.4764 -209.0366 23.2285 -73.089816
206.4978 -222.3967 29.9785 -73.084819
216.4485 -231.2363 29.6641 -73.080196
219.3592 -241.6667 28.5636 -73.076549
217.6919 -257.4839 32.1794 -73.073696
212.7961 -271.781 39.8533 -73.071755
208.8344 -287.7139 39.3838 -73.070773
43.1478 -69.6198 16.0595 -73.295941
45.0982 -63.5211 16.1223 -73.293038
50.7937 -61.6079 11.0465 -73.289473
63.7547 -58.5312 9.7712 -73.285421
75.049 -60.4617 16.3877 -73.282163
83.0968 -60.7333 25.9161 -73.279824
91.3447 -63.64 26.8113 -73.278444
106.4082 -69.1292 24.6495 -73.275039
123.1559 -72.5629 28.9251 -73.270771
143.1961 -75.9244 28.8652 -73.268629
46.1286 -55.224 14.5026 -73.290501
37.6417 -45.2763 18.4222 -73.288592
22.8448 -43.0894 21.8828 -73.287583
