-0.8015 -1.2678 -0 -73.746718
-3.2062 -5.0715 -0 -73.749464
-5.0765 -8.0299 -0 -73.751348
-6.4123 -10.1429 0.0262 -73.751853
-8.0143 -12.677 0.1283 -73.752487
-8.8146 -13.9429 0.1666 -73.752955
-8.2187 -14.5214 0.2948 -73.753474
-8.7411 -16.3672 0.5247 -73.754837
-10.0309 -17.8905 1.1419 -73.756581
-11.386 -19.3222 1.89 -73.758296
-12.7254 -20.8552 2.392 -73.759946
-14.0432 -22.4116 2.6217 -73.76192
-14.6972 -24.3185 2.0715 -73.764329
-15.5306 -26.234 2.0482 -73.766961
-16.1094 -27.8038 2.3068 -73.769267
-14.7796 -28.9827 3.1257 -73.771231
-13.6062 -30.5844 3.6202 -73.773214
-12.2537 -32.1091 3.9089 -73.775211
-11.1222 -33.7683 4.2796 -73.777227
-10.1932 -35.2295 5.196 -73.779259
-9.3619 -36.7283 6.3117 -73.781311
-8.5851 -38.2492 7.4144 -73.783376
-7.5935 -39.8435 8.2499 -73.785458
-6.8916 -41.4349 9.2193 -73.787567
-6.2727 -43.3267 9.6108 -73.789688
-5.7427 -44.6215 10.9758 -73.791839
-5.2774 -45.3085 12.8612 -73.794008
-4.5701 -46.2857 12.7646 -73.796192
-3.9187 -47.0128 11.0346 -73.7984
-3.487 -47.3534 9.0584 -73.800635
-3.1601 -48.3203 10.2056 -73.80289
-2.5906 -49.7167 11.29 -73.805142
-2.064 -51.2649 10.2609 -73.807418
-1.9023 -53.0628 10.2828 -73.809711
-1.2374 -53.7481 8.8883 -73.81204
-0.2338 -55.4757 8.438 -73.814378
0.9268 -57.1391 8.1846 -73.816734
2.1659 -58.7648 8.26 -73.819111
2.7966 -60.3652 9.2072 -73.821514
3.5606 -62.0815 8.7826 -73.823936
4.1051 -63.9769 8.2533 -73.826385
4.7728 -65.8913 8.0534 -73.82885
5.555 -67.7898 8.1794 -73.831333
5.4215 -69.7319 8.5591 -73.833837
5.3722 -71.1779 9.39 -73.836372
6.6015 -72.8224 9.4344 -73.838924
7.9091 -74.3345 9.4579 -73.841501
9.1469 -75.9691 9.4502 -73.8441
10.0298 -77.8076 9.4917 -73.846718
10.7723 -79.6982 9.5101 -73.849363
12.3735 -80.8411 9.4583 -73.852027
13.4145 -82.6176 9.4397 -73.854717
14.1594 -84.5026 9.6273 -73.857433
14.908 -86.352 10.0263 -73.860171
15.6285 -88.1574 10.421 -73.862932
16.2688 -90.0988 10.1972 -73.865721
16.8061 -92.0324 10.2983 -73.868529
18.0591 -93.5211 10.9131 -73.871363
19.0692 -95.1762 11.592 -73.87422
20.0514 -96.8019 12.3554 -73.877099
20.7986 -98.4251 13.1509 -73.880007
22.3425 -99.643 13.6764 -73.882939
23.1324 -101.4525 13.8694 -73.885896
24.2278 -103.1764 13.8286 -73.888879
25.7948 -104.4654 13.8973 -73.891885
27.3532 -105.7951 13.951 -73.894914
28.4996 -107.4233 13.9547 -73.89797
30.0108 -108.56 13.6639 -73.901055
31.1081 -108.6091 12.0588 -73.904217
29.9694 -109.9097 10.9348 -73.907643
28.8308 -111.2104 9.8109 -73.911011
27.6922 -112.511 8.6869 -73.91432
26.8377 -113.4766 7.7017 -73.917613
28.1153 -111.9666 8.2837 -73.921127
29.3929 -110.4565 8.8658 -73.924579
30.6706 -108.9464 9.4479 -73.927968
31.1787 -108.9746 10.7509 -73.931407
31.0798 -109.3078 12.7833 -73.93488
31.1974 -110.3892 14.0207 -73.938314
31.8589 -112.2436 14.4776 -73.941754
32.2207 -114.0808 14.8897 -73.945222
32.3754 -116.0895 14.7382 -73.948714
33.2282 -117.7627 14.1097 -73.952234
34.0263 -119.6079 13.7086 -73.955775
34.4263 -121.5938 13.4703 -73.959342
34.6735 -123.5948 13.4834 -73.96293
34.4631 -125.6138 13.6554 -73.96654
35.477 -127.1975 13.9548 -73.970165
36.4488 -128.3733 14.9241 -73.973834
36.0423 -130.1872 15.3722 -73.977542
35.1621 -131.5518 15.4371 -73.981254
35.6418 -129.8523 14.8263 -73.984961
35.0348 -128.0619 14.2107 -73.98869
35.5446 -129.8444 14.1534 -73.992441
35.6291 -131.8577 14.0497 -73.996199
34.8485 -133.6181 13.7199 -73.999968
34.2995 -135.3089 12.7219 -74.00375
33.9891 -137.2127 12.2496 -74.007535
34.6951 -139.1364 12.158 -74.011327
34.4342 -141.0719 12.4762 -74.015122
34.9496 -142.8915 13.1328 -74.01893
35.1207 -144.6736 12.8365 -74.022731
36.0553 -146.4708 12.5635 -74.026529
36.5162 -147.9232 11.2272 -74.030341
37.0821 -149.6924 10.5935 -74.034123
38.1845 -151.3675 10.8233 -74.037894
38.9786 -152.5573 11.4668 -74.041658
38.5512 -154.4927 11.7745 -74.045421
38.9845 -156.4817 12.0272 -74.049171
38.8087 -158.4686 12.102 -74.052887
39.4316 -160.3993 12.1561 -74.056571
40.017 -162.1492 11.7738 -74.060227
39.9044 -164.0643 11.3068 -74.063834
40.4166 -165.9089 10.6066 -74.067401
41.3853 -167.5493 10.7632 -74.070907
42.1247 -169.1267 11.6727 -74.074357
42.1485 -170.8263 12.6221 -74.077746
41.2541 -172.1527 13.7028 -74.081049
41.3329 -173.6405 14.3131 -74.084271
41.6008 -174.8677 12.6805 -74.087411
41.8738 -176.7997 12.275 -74.090435
42.7438 -178.5456 11.9564 -74.093343
43.2439 -180.4578 12.0397 -74.096125
43.3656 -182.4295 12.4106 -74.098775
43.6747 -184.2146 13.2717 -74.10128
44.1736 -186.1236 13.8383 -74.103617
44.3535 -187.9066 14.7675 -74.105785
44.8726 -189.5685 15.6922 -74.107766
45.4404 -191.1005 14.5715 -74.109546
46.1386 -192.9259 14.1459 -74.111111
46.6287 -194.8895 13.783 -74.112446
47.9055 -196.4354 13.3908 -74.113542
49.0241 -197.9564 13.467 -74.114383
49.8322 -199.3762 13.2319 -74.114958
51.04 -200.3986 12.0409 -74.115251
-16.8109 -27.3553 2.8101 -73.768962
-17.497 -28.3029 4.2038 -73.770285
-18.1984 -29.271 5.5067 -73.771583
-18.2577 -29.3412 3.7473 -73.773102
-18.2679 -29.344 1.9276 -73.774593
-18.2781 -29.3467 0.108 -73.776051
-18.2883 -29.3494 -1.7116 -73.777475
-18.2985 -29.3522 -3.5313 -73.778866
-18.8534 -30.5664 -3.9808 -73.780242
-18.8107 -32.318 -3.8597 -73.781636
-19.3066 -34.0554 -3.7456 -73.78304
-18.9488 -34.5418 -2.2544 -73.784462
-18.3075 -35.7012 -1.0566 -73.785897
-18.003 -37.2922 -0.254 -73.78734
-17.2153 -38.7422 0.5062 -73.788795
-17.2992 -40.1694 1.5541 -73.790262
-17.1185 -41.7267 2.3954 -73.791745
-17.083 -42.8762 3.6698 -73.793247
-17.3639 -44.4413 4.545 -73.794759
-18.2212 -45.6938 5.2818 -73.796274
-18.9632 -46.7735 4.1464 -73.797805
-19.2427 -47.6114 2.5633 -73.799359
-19.7572 -49.1601 2.2576 -73.800911
-20.0441 -50.8741 2.5491 -73.802472
-20.3286 -52.4364 3.2684 -73.804041
-19.8077 -53.8024 3.6098 -73.805625
-19.2008 -54.6661 2.2731 -73.807231
-18.7221 -56.0354 2.9434 -73.808851
-18.7365 -56.729 4.1896 -73.810478
-18.8997 -58.1413 5.2798 -73.812108
-18.8149 -59.8936 5.7078 -73.813742
-18.9822 -61.072 7.0484 -73.81539
-19.3934 -62.5349 8.0119 -73.817033
-19.547 -63.8484 9.0694 -73.818691
-19.5772 -65.5723 8.63 -73.820339
-19.258 -67.3139 8.3405 -73.821989
-19.7508 -69.0603 8.364 -73.823634
-19.9946 -70.8175 8.7102 -73.825282
-19.8037 -72.5539 9.1873 -73.826925
-19.7201 -74.3251 9.5635 -73.828564
-20.2567 -75.9938 9.7611 -73.830194
-19.7758 -77.7066 9.8918 -73.831815
-19.8692 -79.394 10.0722 -73.833421
-20.6153 -80.6503 10.7965 -73.835009
-20.8101 -82.0334 11.1362 -73.836573
-21.8468 -83.2751 10.5156 -73.838111
-22.3598 -84.646 11.4203 -73.83962
-22.8139 -86.2646 12.0203 -73.841096
-22.9433 -87.4114 13.1988 -73.842544
-23.2601 -88.7922 14.1473 -73.843942
-23.5187 -90.5915 14.1567 -73.845281
-23.7693 -92.3875 14.2837 -73.846562
-23.9193 -94.161 14.5659 -73.847781
-24.765 -95.4177 14.2775 -73.848929
-25.6946 -96.5629 13.7452 -73.849997
-26.3361 -98.2508 13.7081 -73.850979
-26.22 -99.6251 14.4174 -73.851882
-26.029 -100.2322 16.1217 -73.852679
-25.98 -100.9366 17.7977 -73.853367
-26.1774 -101.1961 19.58 -73.853953
-26.4133 -101.3806 21.3748 -73.854394
-26.5757 -102.9017 22.0388 -73.85469
-26.565 -104.1061 22.8298 -73.854844
-10.4886 -18.1238 0.6694 -73.757995
-10.4015 -18.057 0.4643 -73.758978
-11.3637 -19.3353 1.4826 -73.760165
-12.4409 -20.4928 2.3203 -73.761576
-13.7335 -21.882 2.6066 -73.763117
-14.3525 -23.4451 1.6476 -73.764677
-14.7639 -24.7529 0.4153 -73.766251
-15.0123 -25.6795 -1.2982 -73.767845
-14.7483 -27.3027 -2.2341 -73.769452
-14.1682 -28.7546 -3.3613 -73.771079
-14.1335 -30.3237 -2.5621 -73.772722
-14.176 -32.0715 -1.7097 -73.774377
-14.076 -33.7889 -0.9359 -73.776047
-13.8862 -35.6563 -1.4771 -73.777732
-13.5408 -37.5381 -1.8551 -73.77943
-12.9254 -39.3671 -2.0095 -73.781147
-12.8947 -41.2639 -2.5483 -73.782876
-12.5093 -43.0891 -2.3969 -73.784619
-11.8636 -44.7358 -1.5183 -73.786388
-11.3409 -46.4019 -0.6056 -73.78817
-11.0233 -47.5467 0.9658 -73.789978
-10.5913 -48.4457 2.6789 -73.79179
-10.1405 -50.0833 3.3431 -73.793614
-10.2934 -51.7904 2.9275 -73.795454
-10.88 -52.8858 1.4404 -73.797318
-11.0363 -54.4811 1.7038 -73.799189
-11.1458 -56.3254 2.378 -73.801078
-10.357 -57.7555 3.4384 -73.802983
-10.1358 -58.8326 4.9901 -73.804907
-10.3077 -60.6124 5.6598 -73.806848
-11.2813 -62.2927 6.0116 -73.808804
-11.7958 -64.1934 6.181 -73.810774
-12.4342 -66.0517 6.3974 -73.812766
-11.9522 -67.7789 6.8906 -73.814776
-11.6762 -69.0382 8.2561 -73.816804
-11.713 -70.0381 9.9612 -73.818846
-11.8555 -70.9146 11.6774 -73.820921
-12.8132 -71.5235 13.2459 -73.823003
-13.5753 -72.2336 12.7301 -73.825105
-14.1638 -73.7043 11.8882 -73.827222
-14.4131 -75.2707 10.815 -73.829354
-13.5782 -77.0011 10.3425 -73.831507
-13.3259 -78.9499 10.1371 -73.833678
-13.3622 -80.9141 10.3308 -73.835862
-14.2376 -82.5066 10.9807 -73.838061
-14.7845 -84.1023 11.9265 -73.840283
-15.3519 -85.4422 12.6525 -73.842524
-15.7865 -86.6616 12.098 -73.844787
-16.5522 -87.7496 13.5364 -73.847065
-17.1687 -89.5648 13.8022 -73.849355
-18.2162 -91.1682 13.885 -73.851663
-19.5493 -92.634 13.9514 -73.853987
-20.3209 -94.4426 13.8656 -73.856329
-21.0095 -96.2837 13.6721 -73.858686
-21.3384 -97.8523 13.9673 -73.861084
-21.6939 -97.8965 15.9193 -73.863524
-22.3276 -98.0602 17.7316 -73.865947
-21.887 -98.9874 16.7979 -73.868407
-22.8153 -99.7306 15.3374 -73.87085
-24.3779 -100.6691 14.7056 -73.873302
-24.3457 -102.6276 14.3888 -73.875758
-24.5768 -104.5617 14.2213 -73.878222
-24.8282 -106.5067 14.2205 -73.880695
-25.0574 -108.4614 14.1941 -73.883173
-25.5558 -110.3378 14.0236 -73.885657
-26.9412 -111.6652 13.5497 -73.888146
-27.6548 -113.1993 12.651 -73.890632
-27.9593 -114.1646 11.0361 -73.893149
-28.3565 -115.3746 10.0919 -73.895624
-29.1471 -116.4978 9.0352 -73.898107
-29.5399 -117.0458 7.1689 -73.900601
-29.9596 -117.6548 5.3281 -73.903064
-30.9613 -118.935 4.5188 -73.905494
-32.1435 -120.2324 4.6581 -73.907908
-32.9363 -121.0473 6.2793 -73.910304
-33.621 -122.2206 7.5953 -73.912662
-33.9105 -123.585 8.7937 -73.914987
-34.4873 -124.3869 10.3397 -73.91727
-35.0405 -125.7656 11.4307 -73.919497
-34.701 -127.6323 11.772 -73.921669
-35.3063 -129.4991 11.9181 -73.923781
-35.9903 -131.3268 11.7835 -73.925821
-37.6819 -132.1342 11.31 -73.927782
-38.5009 -133.4806 10.3217 -73.929656
-38.4967 -134.7419 8.9782 -73.931443
-39.2613 -136.1191 9.0235 -73.933114
-39.6486 -137.8732 9.0943 -73.934668
-40.3927 -139.5578 8.4232 -73.936091
-41.3357 -141.2284 8.0319 -73.937374
-41.7461 -143.1332 7.6854 -73.938509
-42.0138 -145.0056 7.4829 -73.93948
-41.9887 -146.6225 8.5512 -73.940282
-43.1363 -148.1444 8.915 -73.940897
-43.8626 -149.8828 8.3731 -73.941318
-44.926 -151.4033 7.7386 -73.941535
-9.353 -14.8211 0.2731 -73.753673
-11.0559 -15.5864 0.7158 -73.754969
-12.8605 -15.9487 1.177 -73.756576
-14.323 -16.6873 2.6356 -73.759566
-15.6273 -17.7486 4.2904 -73.762083
-16.5612 -19.3299 4.837 -73.763223
-17.0333 -20.2944 6.2453 -73.764511
-17.8874 -21.5361 7.3823 -73.765841
-18.8508 -22.9769 8.1796 -73.767181
-19.5099 -24.5801 8.9543 -73.768538
-19.7318 -25.6734 10.3712 -73.769917
-19.6375 -26.5275 11.987 -73.771318
-20.9183 -27.5166 12.4491 -73.772722
-21.2964 -29.0814 13.3143 -73.774142
-21.83 -30.7644 14.0149 -73.775579
-22.4092 -32.288 14.7504 -73.777031
-23.1716 -32.8787 16.4102 -73.778513
-23.4458 -33.3976 17.1662 -73.77999
-23.9797 -35.1098 17.8018 -73.781486
-25.2888 -36.4276 18.1128 -73.782992
-26.4013 -37.9363 18.2431 -73.78451
-27.2908 -39.5473 18.3867 -73.786044
-28.9068 -40.2841 18.3568 -73.787593
-28.8386 -41.8551 18.071 -73.789155
-30.0593 -43.3052 18.0707 -73.79073
-30.6546 -44.9959 18.2212 -73.792324
-31.4097 -46.5757 18.3297 -73.793931
-32.6885 -47.8644 18.2798 -73.795551
-33.6705 -49.4532 18.3794 -73.797178
-34.3435 -51.1833 18.7706 -73.798819
-35.0428 -52.643 19.7515 -73.800475
-35.9334 -53.9164 20.8542 -73.80214
-36.4958 -55.5633 21.6175 -73.803815
-37.1515 -57.2664 22.1901 -73.805498
-37.503 -58.9135 22.7742 -73.807201
-37.2767 -60.629 23.5408 -73.808917
-38.3487 -62.1152 24.0868 -73.810635
-38.7835 -63.8894 24.6417 -73.812361
-39.0307 -65.5698 25.4324 -73.814094
-39.2448 -67.4312 25.7075 -73.815838
-39.4113 -69.2406 26.1323 -73.817585
-38.2265 -70.1613 27.1367 -73.819339
-37.9293 -71.6381 28.1838 -73.821106
-36.7386 -72.8721 28.5562 -73.822869
-35.4143 -74.1273 28.8617 -73.82463
-33.8413 -75.1427 29.2839 -73.826431
-32.9832 -76.7229 29.5771 -73.828194
-33.6399 -75.092 29.1649 -73.829981
-33.1635 -76.3575 28.5144 -73.831751
-32.6394 -77.9449 29.3953 -73.833509
-31.5586 -79.4236 29.8926 -73.835285
-30.8094 -81.0765 30.3763 -73.837035
-31.5811 -82.6547 30.6865 -73.838743
-31.7168 -84.5489 30.8274 -73.840425
-31.5105 -86.4537 30.8357 -73.842074
-31.5377 -88.3667 30.7633 -73.843689
-31.4829 -90.279 30.6456 -73.845263
-31.9235 -92.1277 30.4947 -73.846788
-32.2806 -93.9944 30.2829 -73.848255
-33.2826 -95.4749 30.073 -73.849665
-34.2923 -96.3147 29.212 -73.851009
-33.7984 -97.5646 29.0456 -73.852283
-33.365 -98.5644 30.3242 -73.853477
-34.9529 -99.5888 30.5864 -73.854573
-35.3561 -101.2379 30.5528 -73.85557
-35.425 -102.1901 29.7785 -73.856457
-35.4381 -103.6106 30.0236 -73.857224
-35.4329 -104.9525 28.8355 -73.857856
-35.4888 -106.6151 28.0477 -73.858344
-35.1318 -108.0258 29.2064 -73.858682
-34.5346 -109.5447 30.0645 -73.858854
-15.445 -16.6758 3.4162 -73.762096
-17.1123 -16.5493 2.7023 -73.76322
-18.8242 -16.1183 2.2844 -73.764494
-20.5247 -15.3962 2.2003 -73.765798
-22.3116 -15.3473 2.4856 -73.767113
-24.0423 -14.9367 2.9859 -73.768451
-25.7912 -14.8802 3.5418 -73.769804
-27.6376 -14.8877 3.7424 -73.771171
-29.4617 -14.8882 3.7168 -73.772552
-31.2202 -15.3922 3.5297 -73.773953
-32.7539 -15.8243 2.9445 -73.775376
-34.0829 -16.2305 1.7975 -73.776809
-35.3566 -17.1047 0.7776 -73.778257
-36.7811 -17.3591 0.0703 -73.779712
-38.4049 -17.2529 0.8951 -73.78118
-40.1857 -16.9717 1.2216 -73.782664
-41.9745 -17.3706 1.348 -73.784163
-43.6645 -17.7288 1.1737 -73.785677
-45.1638 -16.9527 0.472 -73.787202
-46.3865 -16.2335 -0.6264 -73.788747
-48.1583 -16.038 -0.1893 -73.790307
-49.5586 -16.5997 0.7893 -73.791884
-50.6275 -17.7832 1.5574 -73.79347
-52.4581 -17.9497 1.6886 -73.79507
-54.2203 -17.8442 1.1278 -73.796684
-55.6575 -18.4041 0.1681 -73.798315
-57.139 -19.2179 -0.5793 -73.79996
-58.8775 -19.6978 -0.9928 -73.801616
-60.4992 -20.5497 -0.8751 -73.803282
-62.2699 -20.9516 -0.784 -73.804962
-63.9605 -21.4851 -1.2025 -73.806668
-65.769 -21.6468 -1.2364 -73.808376
-67.4074 -21.948 -2.0416 -73.810096
-69.2303 -22.0478 -2.2783 -73.811825
-71.0405 -22.3933 -2.2 -73.813571
-72.76 -22.6876 -1.8978 -73.815325
-74.4248 -22.1245 -1.3042 -73.817089
-75.468 -21.5676 0.0962 -73.818867
-76.805 -21.0117 0.8974 -73.820654
-78.6304 -21.1688 0.7939 -73.822438
-80.2126 -21.6023 1.4208 -73.824232
-81.9055 -21.4802 1.8938 -73.826029
-83.3789 -20.5725 2.4839 -73.82783
-84.8475 -20.092 3.3977 -73.82963
-85.8797 -19.4106 4.4732 -73.831437
-86.9877 -17.9771 4.3817 -73.833234
-88.4094 -16.917 4.436 -73.835024
-89.1332 -16.2863 5.8123 -73.836826
-89.6827 -16.0961 7.5766 -73.838612
-90.6073 -14.9923 8.5732 -73.840367
-91.6573 -14.5236 9.9347 -73.842102
-92.216 -13.6924 11.4126 -73.84383
-93.3323 -12.5367 11.3011 -73.845505
-94.3529 -11.3333 10.4637 -73.847148
-95.9243 -11.359 10.3327 -73.84875
-97.085 -12.6874 10.4076 -73.850304
-98.637 -11.9209 10.4364 -73.851805
-99.8512 -10.5582 10.1484 -73.853241
-101.1467 -9.2581 9.9913 -73.854611
-102.9108 -8.8466 10.0308 -73.855901
-104.2043 -7.6318 10.4372 -73.8571
-105.7848 -7.7377 11.2376 -73.858205
-107.5295 -7.7352 11.7584 -73.859204
-108.7114 -6.5165 12.2914 -73.860088
-108.6826 -5.013 12.9437 -73.860854
-109.4316 -4.9691 14.0337 -73.861485
-110.9911 -5.321 13.2911 -73.861972
-112.3812 -4.7789 12.2565 -73.862305
-113.4541 -4.4164 10.8172 -73.862477
-15.5545 -17.632 4.3033 -73.762029
-16.8149 -18.3686 5.0193 -73.762991
-18.1535 -17.7371 5.9254 -73.764095
-19.3957 -17.6568 7.1162 -73.765233
-20.6245 -17.4395 8.329 -73.766384
-21.4073 -17.0773 9.8446 -73.76756
-22.3291 -16.4593 11.1562 -73.768742
-23.7986 -16.4039 12.1053 -73.76994
-24.636 -16.4397 13.5353 -73.771166
-26.0492 -16.413 14.4153 -73.772393
-26.5091 -16.6788 16.0866 -73.773657
-27.6416 -17.5424 16.452 -73.774909
-28.9683 -17.6171 17.1518 -73.776173
-30.2529 -16.8642 18.0015 -73.777447
-31.8112 -16.9615 18.7079 -73.77874
-32.7125 -16.0015 17.8716 -73.780039
-33.9732 -15.3124 17.8919 -73.78135
-35.5154 -14.9405 18.541 -73.782672
-36.8148 -15.2621 19.6037 -73.784006
-38.1095 -15.3947 20.6532 -73.785344
-39.3709 -15.3085 20.5665 -73.786704
-39.9084 -15.4165 22.2463 -73.788085
-41.4898 -16.1032 22.568 -73.789448
-43.1935 -16.3081 22.9719 -73.790816
-44.8671 -16.1005 23.426 -73.792186
-46.5874 -16.255 23.8037 -73.793564
-48.2806 -16.146 24.1613 -73.794933
-49.8848 -15.6408 24.6252 -73.796303
-51.569 -15.5809 25.1077 -73.797666
-53.1934 -15.8717 25.7123 -73.799024
-54.8397 -16.0518 26.2602 -73.800378
-56.4663 -15.7486 26.8593 -73.801711
-57.6381 -14.8744 27.7621 -73.803028
-58.8394 -13.7889 28.4214 -73.804326
-60.1932 -13.1386 29.3328 -73.805609
-61.8304 -12.6017 29.6751 -73.806861
-63.5039 -12.1508 29.7076 -73.80808
-64.8861 -11.121 29.4315 -73.809265
-65.5954 -10.0293 28.2627 -73.810414
-66.3587 -9.069 29.1123 -73.811517
-67.3994 -7.9254 29.8988 -73.812569
-68.8854 -7.8686 29.963 -73.813562
-70.5505 -7.352 29.9726 -73.814489
-72.0497 -6.4284 30.0037 -73.815346
-73.5599 -5.5098 29.9785 -73.816126
-74.8786 -4.3323 29.9264 -73.816842
-76.2236 -3.1844 29.9023 -73.81744
-77.2186 -1.7362 29.9278 -73.817935
-78.2778 -0.5048 29.7779 -73.818317
-79.9939 -0.3567 29.5292 -73.81858
-81.6519 -0.1123 29.479 -73.818716
-15.2282 -17.1379 4 -73.761608
-15.8134 -17.8487 4 -73.761645
-16.4306 -18.5318 4 -73.761665
-13.8552 -16.3527 0.6773 -73.757559
-6.8126 -12.9962 0.0714 -73.752789
-5.8684 -15.48 0.0572 -73.75398
-5.4058 -18.0693 0.0621 -73.75552
-4.8048 -20.6622 0.1442 -73.757477
-4.2378 -23.1032 0.3354 -73.759928
-4.2185 -23.3173 3.0099 -73.763939
-4.1991 -23.5292 5.6846 -73.768001
-3.9404 -24.0329 8.0609 -73.772033
-2.9465 -26.4423 7.8893 -73.776147
-2.9898 -29.1239 7.9366 -73.780393
-2.8312 -31.7921 8.079 -73.784783
-2.7737 -34.4658 8.0848 -73.789321
-3.1335 -36.1267 6.8772 -73.794091
-2.9668 -36.5649 4.2354 -73.799026
-3.5563 -38.3842 2.8887 -73.804048
-4.3063 -40.3834 1.497 -73.80926
-4.1208 -42.6459 0.2252 -73.814634
-4.2362 -43.7827 0.8959 -73.818967
-3.8312 -43.4159 2.8085 -73.822086
-3.4263 -43.0492 4.7211 -73.825168
-3.0214 -42.6825 6.6338 -73.828213
-2.6164 -42.3158 8.5464 -73.831219
-2.2115 -41.949 10.459 -73.834188
-1.8006 -41.5642 12.3611 -73.837119
-1.0504 -39.8462 12.7392 -73.840135
0.1758 -38.6585 13.5417 -73.843187
1.5902 -38.0395 13.8599 -73.846339
3.2347 -39.0768 14.2093 -73.849534
3.2862 -40.8715 14.6526 -73.852805
3.0921 -42.2179 15.9515 -73.856147
3.289 -43.8273 17.0278 -73.859562
3.7676 -45.0577 18.3989 -73.863075
5.3853 -45.2551 17.5078 -73.866667
6.4565 -45.5185 16.2146 -73.870407
6.4601 -45.5688 14.2263 -73.874244
7.3041 -46.1013 15.3965 -73.878147
7.7212 -46.6728 17.2551 -73.882162
8.2906 -47.8462 18.7417 -73.886228
8.7291 -49.4862 19.2615 -73.889236
9.1255 -50.9461 19.7272 -73.891079
10.0364 -52.2198 19.9693 -73.892932
10.7133 -53.6545 20.0389 -73.894802
11.8089 -54.3454 19.5071 -73.896701
12.1976 -54.6669 17.9921 -73.898615
13.1099 -54.8336 16.8714 -73.900538
13.5838 -54.6626 15.3738 -73.902588
13.6588 -54.6533 13.7788 -73.904938
13.7337 -54.644 12.1838 -73.90723
13.8087 -54.6347 10.5888 -73.909464
13.8837 -54.6254 8.9938 -73.911638
13.9586 -54.6161 7.3988 -73.913752
14.0336 -54.6068 5.8038 -73.915805
14.1085 -54.5975 4.2088 -73.917797
14.1663 -54.5744 2.6132 -73.920023
14.2206 -54.5486 1.0176 -73.92227
14.2749 -54.5228 -0.5781 -73.924448
14.3293 -54.497 -2.1737 -73.926555
14.3836 -54.4712 -3.7694 -73.92859
14.4379 -54.4454 -5.365 -73.930553
13.7113 -55.8095 -5.5929 -73.932476
13.1825 -57.2536 -6.0072 -73.934388
12.9567 -58.7053 -6.561 -73.936281
12.6682 -60.0281 -7.37 -73.938151
12.3514 -61.5353 -7.7387 -73.939998
11.9771 -63.0578 -7.8716 -73.941814
11.7617 -64.6275 -7.7751 -73.943599
11.4655 -65.9109 -8.3481 -73.94535
11.6675 -66.9063 -9.5712 -73.947063
11.728 -68.3207 -9.6289 -73.948736
11.6975 -68.4625 -8.07 -73.950357
11.4235 -69.5735 -7.0162 -73.951913
11.1196 -70.8404 -6.109 -73.953408
11.0275 -71.8722 -4.9846 -73.954843
11.2426 -73.2528 -4.3725 -73.956204
10.7531 -74.6674 -3.9199 -73.957483
10.425 -76.2016 -3.7062 -73.958682
10.77 -77.7411 -3.6532 -73.959791
11.0786 -79.2552 -3.6604 -73.9608
11.425 -80.7723 -3.755 -73.961706
11.2996 -82.2807 -4.0128 -73.962501
11.9706 -83.6675 -4.3963 -73.963179
12.7118 -84.5829 -3.8154 -73.963741
13.1706 -85.4159 -2.5821 -73.96417
13.3664 -86.853 -1.9391 -73.964461
13.3682 -87.667 -0.8755 -73.96461
8.6263 -48.9248 19.7774 -73.889157
8.971 -49.5407 20.9869 -73.890831
9.2099 -51.0475 20.8184 -73.892511
10.0927 -52.2943 20.5532 -73.894191
10.6868 -53.724 20.4404 -73.895874
11.4461 -54.1517 19.6321 -73.897593
11.5442 -54.2966 18.1881 -73.899306
12.9332 -54.8812 18.406 -73.901003
13.2774 -55.294 19.8309 -73.902743
13.7729 -56.2787 20.5319 -73.90444
14.3885 -57.7019 20.5127 -73.906137
15.16 -59.0485 20.6431 -73.907822
15.6443 -60.0525 21.5504 -73.909507
16.2084 -60.988 22.5631 -73.911181
17.2577 -61.2039 23.519 -73.912833
18.4454 -61.8839 23.9975 -73.914464
19.1422 -63.2514 24.2481 -73.916078
19.671 -63.8624 25.3071 -73.917695
20.2623 -64.3588 26.3522 -73.919268
21.638 -65.0559 26.1487 -73.920804
22.7173 -66.1327 25.8633 -73.922397
23.7256 -67.2733 25.5197 -73.923923
24.6112 -68.47 25.1932 -73.925363
24.9681 -69.954 24.971 -73.926751
24.9964 -70.9802 24.2159 -73.928157
24.9684 -71.117 22.6615 -73.929568
24.9404 -71.2538 21.1072 -73.930878
24.9124 -71.3907 19.5528 -73.932086
24.8648 -71.4567 17.9963 -73.933204
24.9221 -71.7069 16.7213 -73.934244
25.4185 -72.6144 17.5247 -73.935225
25.5779 -72.8182 19.0637 -73.936132
25.6724 -73.1458 20.5059 -73.936926
25.5385 -73.7136 21.7923 -73.937646
25.5469 -73.9336 23.3373 -73.938264
25.5553 -74.1535 24.8823 -73.938758
26.4257 -75.2629 24.9859 -73.939132
26.2037 -76.801 24.991 -73.939388
26.3234 -78.3421 25.0702 -73.939519
-4.7208 -44.7161 -0.023 -73.818193
-5.1299 -46.1818 0.6944 -73.819818
-5.3697 -46.9913 2.259 -73.821466
-5.7718 -48.0995 3.5791 -73.823124
-6.3113 -49.4357 4.5711 -73.824805
-6.1052 -51.0319 5.3148 -73.826503
-5.9754 -52.7323 5.8136 -73.828216
-5.3005 -54.3124 6.0843 -73.829949
-5.5666 -55.9139 6.2159 -73.8317
-6.3626 -57.4622 6.4728 -73.833467
-7.4327 -58.7683 6.9386 -73.835252
-8.3123 -60.0607 7.6969 -73.837056
-9.2075 -61.5771 7.5449 -73.838869
-10.0182 -63.1512 7.7642 -73.840701
-10.4982 -64.8336 7.9938 -73.842545
-11.098 -66.494 8.2496 -73.844409
-11.5795 -68.0917 8.8213 -73.846288
-11.4778 -69.48 9.814 -73.848177
-11.3768 -70.9824 10.6772 -73.850085
-11.1615 -72.6665 10.9417 -73.852011
-11.9531 -74.0675 10.3517 -73.853951
-12.2253 -75.2856 9.1163 -73.855904
-12.386 -76.5528 7.8889 -73.857867
-12.4919 -77.8973 6.8778 -73.859848
-12.6418 -79.6702 6.7282 -73.86184
-12.8923 -81.2283 7.3625 -73.863846
-13.0636 -82.0267 8.8276 -73.865882
-12.8375 -83.2389 8.8894 -73.867912
-12.4716 -84.694 8.0205 -73.869957
-12.6797 -85.5671 7.0599 -73.87202
-12.5183 -84.1321 6.1622 -73.874107
-12.5292 -84.0813 7.3739 -73.876209
-11.895 -85.6688 7.8198 -73.878317
-11.5229 -87.2946 8.4116 -73.880431
-10.3324 -88.1124 9.2259 -73.882552
-10.675 -89.8262 9.467 -73.884687
-11.2148 -91.4903 9.7261 -73.886818
-11.4919 -93.2205 9.9224 -73.888951
-11.8689 -94.9605 9.9938 -73.89109
-12.2215 -96.7085 9.9892 -73.893222
-12.5548 -98.4528 9.9031 -73.895357
-13.101 -100.1246 9.6027 -73.897484
-13.6123 -101.6942 9.0552 -73.899608
-14.5178 -102.8115 8.0351 -73.901728
-14.732 -103.8321 6.6289 -73.903845
-14.736 -104.949 5.3416 -73.905953
-14.7897 -105.5564 3.6632 -73.908048
-14.9175 -106.1934 2.0059 -73.91012
-14.8119 -107.3154 0.66 -73.912146
-14.3904 -108.3157 -0.7477 -73.914155
-14.0768 -109.6227 -1.5126 -73.916116
-14.1581 -111.3783 -1.2027 -73.918039
-14.4574 -112.7137 -0.3129 -73.919928
-14.5581 -113.8268 1.0481 -73.921759
-14.5629 -114.7419 2.5821 -73.923546
-14.3372 -115.8187 3.9677 -73.92526
-14.0073 -116.8255 5.38 -73.926908
-13.5104 -118.0936 6.4955 -73.928478
-13.0668 -119.695 6.5246 -73.929965
-12.4966 -121.0534 5.5568 -73.931355
-12.0851 -122.6625 5.1356 -73.932647
-12.5004 -124.2153 4.474 -73.933832
-12.6759 -125.9354 4.076 -73.934896
-13.0189 -127.5669 3.9008 -73.935837
-13.6129 -129.2115 3.7998 -73.936642
-14.5095 -130.7248 3.617 -73.937302
-15.1909 -132.314 3.2206 -73.937809
-16.0458 -133.6469 2.4524 -73.938156
-17.0046 -135.0632 2.0492 -73.938333
-3.6471 -8.0538 -0.0157 -73.751585
-1.3228 -8.9468 -0.0471 -73.752504
0.9314 -9.9936 -0.0832 -73.753505
2.6625 -11.7633 -0.1495 -73.754759
3.884 -13.4015 -0.8686 -73.756768
4.2751 -14.1359 -3.2157 -73.761252
4.6663 -14.8703 -5.5627 -73.765699
5.0575 -15.6047 -7.9097 -73.770108
5.4487 -16.3392 -10.2567 -73.774476
5.5082 -15.6747 -11.481 -73.777792
5.7528 -14.1284 -10.9972 -73.779889
5.1317 -14.013 -9.0503 -73.782065
5.6382 -14.026 -8.2186 -73.784382
7.6439 -14.2766 -7.8039 -73.786757
9.6042 -14.0356 -7.3728 -73.789116
11.4824 -13.5321 -6.7322 -73.791547
12.4397 -13.1153 -5.3274 -73.794059
13.1732 -12.7275 -3.4442 -73.796673
14.0029 -12.5015 -1.5695 -73.799374
14.9232 -12.6143 0.2611 -73.802151
16.0509 -12.8503 1.9217 -73.805012
17.2291 -12.7352 3.6117 -73.807994
18.6969 -13.072 4.9744 -73.811002
20.4387 -12.843 5.9867 -73.8141
22.2399 -12.9948 6.2182 -73.816359
23.7688 -13.3762 5.9788 -73.817708
25.0057 -12.6222 5.3936 -73.819071
26.3571 -12.2571 4.8087 -73.820444
27.8738 -11.9691 4.5669 -73.821835
29.2461 -11.1445 4.4391 -73.823235
30.8012 -10.7714 4.3716 -73.82464
32.3851 -10.5715 4.2891 -73.826056
33.2233 -10.1298 4.9983 -73.827492
34.0663 -9.8024 5.9221 -73.828931
35.5597 -9.845 6.5062 -73.830372
36.9026 -9.7278 7.2501 -73.831822
38.2463 -9.5474 7.9246 -73.833268
39.7277 -9.1425 8.3952 -73.834714
41.1759 -8.7377 8.951 -73.836159
42.5633 -8.3419 9.5488 -73.837609
43.7337 -8.1277 8.583 -73.839053
45.1311 -8.0308 7.9631 -73.840486
46.5242 -8.3092 7.3517 -73.841905
47.4104 -8.3281 6.0274 -73.843325
48.547 -8.1523 4.9694 -73.84472
50.1277 -8.0481 4.8161 -73.846096
51.0302 -8.412 5.9293 -73.847476
52.4231 -8.5023 6.17 -73.84881
53.895 -8.5955 6.6905 -73.850123
54.9911 -8.7652 7.7616 -73.851401
56.4893 -8.9904 7.679 -73.852637
57.587 -10.1308 7.9043 -73.853831
59.0801 -10.6364 8.1455 -73.854982
60.6014 -11.0022 8.4608 -73.856076
61.9959 -11.5958 8.0265 -73.857113
62.9752 -11.9724 7.058 -73.858103
63.4644 -12.0743 5.5381 -73.859022
64.0395 -11.9612 4.047 -73.859876
64.4337 -11.9546 2.4888 -73.860651
64.823 -11.932 0.9297 -73.861332
65.2041 -11.8836 -0.6309 -73.861913
65.5558 -11.8356 -2.1985 -73.862394
65.8976 -11.7879 -3.7682 -73.862761
66.4194 -11.7876 -5.282 -73.863009
66.4944 -12.5596 -6.6605 -73.863138
21.8035 -12.9643 5.5087 -73.816615
22.2928 -12.8975 4.0421 -73.818436
22.782 -12.8307 2.5755 -73.820212
23.2713 -12.7639 1.1089 -73.821942
23.7606 -12.6971 -0.3578 -73.823624
24.2499 -12.6303 -1.8244 -73.825258
24.7391 -12.5635 -3.291 -73.826843
25.2284 -12.4967 -4.7576 -73.828379
25.7177 -12.4299 -6.2242 -73.829864
26.2069 -12.363 -7.6908 -73.831298
26.8935 -12.3131 -8.9994 -73.83269
27.9931 -12.1349 -10.0456 -73.834074
29.4155 -12.0244 -10.5719 -73.835457
30.9321 -12.139 -10.7879 -73.836831
32.4337 -12.4908 -10.7732 -73.83821
33.7283 -13.0404 -10.3346 -73.839576
34.9591 -13.7394 -9.781 -73.840934
36.3049 -14.3754 -9.3611 -73.842286
37.7863 -14.4064 -8.971 -73.843645
38.9765 -14.4204 -8.3072 -73.844989
39.509 -14.5028 -6.8771 -73.846305
40.803 -14.1184 -7.3333 -73.847583
42.1172 -13.7343 -7.9502 -73.848835
43.481 -14.2451 -8.4653 -73.850052
44.8322 -14.6862 -9.0455 -73.851234
46.2199 -15.1571 -9.5418 -73.852379
47.4998 -15.7968 -10.1041 -73.853473
48.4919 -16.341 -10.9949 -73.854524
49.2648 -16.5571 -12.2212 -73.855522
50.6437 -17.0063 -12.5265 -73.856453
52.1626 -17.2199 -12.7123 -73.857319
53.5098 -17.9199 -12.5815 -73.858111
54.8261 -18.5114 -12.0649 -73.858827
56.0144 -19.3898 -11.6485 -73.859457
57.1511 -20.3793 -11.2981 -73.859997
58.5784 -20.83 -11.009 -73.86044
59.5198 -21.3446 -11.6244 -73.860787
59.9152 -21.5013 -13.1121 -73.861023
60.3293 -21.6363 -14.5919 -73.861144
5.542 -17.4481 -11.9734 -73.777434
5.2752 -19.0549 -12.8511 -73.778773
4.5319 -20.5356 -13.6308 -73.780133
4.2842 -21.2679 -12.1504 -73.781532
4.5234 -21.5541 -11.2061 -73.782927
5.0916 -22.5097 -9.9139 -73.78435
5.6355 -23.6108 -8.5295 -73.785787
6.4022 -24.9693 -7.5369 -73.787242
6.6335 -26.3097 -6.3211 -73.78871
7.1852 -27.3717 -7.4784 -73.790206
7.7638 -28.2275 -9.037 -73.791714
9.1599 -28.8455 -10.0123 -73.793226
10.2945 -29.4271 -11.2255 -73.794755
12.0307 -29.9265 -10.7637 -73.796304
13.7255 -30.5864 -10.4924 -73.797864
15.1918 -31.515 -11.0288 -73.799436
16.7178 -31.6949 -12.0524 -73.801026
18.2188 -31.9125 -13.1144 -73.802629
19.9511 -32.1969 -13.7295 -73.804248
21.5074 -33.0418 -14.1745 -73.805939
22.8543 -34.2615 -14.6414 -73.807647
24.0059 -35.5947 -15.1729 -73.809311
24.5296 -37.1036 -15.7174 -73.810991
24.7232 -37.5624 -17.5262 -73.812705
25.1008 -38.2263 -19.2142 -73.814426
26.3789 -39.4506 -19.5884 -73.81614
28.1291 -39.8596 -20.0602 -73.817865
29.3513 -39.6098 -21.3429 -73.819609
30.6809 -38.9744 -22.3478 -73.821365
31.8544 -39.4408 -23.699 -73.823137
32.7072 -40.1312 -24.5207 -73.824917
34.1875 -40.0661 -24.2388 -73.826712
35.3747 -39.954 -25.6606 -73.828518
36.0556 -40.1808 -27.3735 -73.830357
37.1117 -40.5409 -28.8636 -73.832186
37.9499 -40.8975 -30.5002 -73.834023
38.8019 -40.6861 -32.1277 -73.83587
39.8174 -40.5169 -33.6425 -73.837714
40.8901 -40.7217 -35.068 -73.839558
42.5305 -41.61 -35.2384 -73.8414
44.3755 -41.8861 -35.4176 -73.843241
45.9871 -42.2694 -36.0731 -73.845082
47.4878 -43.2765 -36.1873 -73.846953
49.3319 -43.6209 -36.2065 -73.84885
51.1887 -43.712 -36.2324 -73.850682
53.0372 -43.4731 -36.3042 -73.852498
54.8899 -43.6769 -36.497 -73.85429
56.6959 -43.5991 -36.9065 -73.856065
58.2639 -44.1277 -37.6876 -73.857815
59.5341 -44.5902 -38.7803 -73.859551
60.5988 -45.0677 -39.8571 -73.86124
61.8729 -46.2433 -40.1922 -73.862888
63.3313 -46.5896 -41.0735 -73.8645
64.0217 -46.6763 -42.7931 -73.866073
64.5704 -46.7494 -44.583 -73.867587
64.8703 -46.6711 -46.4334 -73.869092
65.1687 -46.5915 -48.2839 -73.870481
65.5964 -46.5388 -50.1097 -73.871795
65.7108 -46.4215 -51.9702 -73.873116
65.6981 -46.2783 -53.8407 -73.874332
65.6854 -46.1351 -55.7113 -73.875396
65.6727 -45.9919 -57.5819 -73.876306
65.7296 -45.7497 -59.4403 -73.877106
65.8135 -45.4694 -61.2934 -73.877755
66.0243 -45.0935 -63.1166 -73.87825
66.1717 -44.6856 -64.9394 -73.878593
66.3305 -44.1781 -66.4646 -73.878767
5.6517 -16.7814 -12.2027 -73.778261
5.689 -16.9607 -13.7308 -73.781207
5.7263 -17.14 -15.259 -73.784112
5.7636 -17.3194 -16.7872 -73.786974
5.8009 -17.4987 -18.3154 -73.789795
5.8383 -17.678 -19.8436 -73.792574
5.8756 -17.8574 -21.3717 -73.795312
5.9129 -18.0367 -22.8999 -73.798007
5.9502 -18.216 -24.4281 -73.800659
5.9875 -18.3954 -25.9563 -73.803269
6.0248 -18.5747 -27.4845 -73.805836
6.0621 -18.754 -29.0126 -73.808358
6.0994 -18.9334 -30.5408 -73.810836
6.1367 -19.1127 -32.069 -73.813269
6.1741 -19.292 -33.5972 -73.815656
6.2114 -19.4714 -35.1254 -73.817997
6.2487 -19.6507 -36.6536 -73.82029
6.286 -19.83 -38.1817 -73.822534
6.3233 -20.0094 -39.7099 -73.824729
6.3606 -20.1887 -41.2381 -73.826874
6.3979 -20.368 -42.7663 -73.828968
6.4352 -20.5474 -44.2945 -73.831009
6.4725 -20.7267 -45.8226 -73.832997
6.5099 -20.906 -47.3508 -73.83493
6.5472 -21.0854 -48.879 -73.836807
6.5845 -21.2647 -50.4072 -73.838627
6.6218 -21.444 -51.9354 -73.840388
6.6591 -21.6234 -53.4635 -73.84209
6.6964 -21.8027 -54.9917 -73.843731
6.7337 -21.982 -56.5199 -73.845309
6.771 -22.1614 -58.0481 -73.846824
6.8083 -22.3407 -59.5763 -73.848274
6.8457 -22.52 -61.1045 -73.849659
6.883 -22.6994 -62.6326 -73.850975
6.9394 -22.8766 -64.1572 -73.852224
8.1498 -22.8799 -64.1006 -73.853433
8.9886 -23.516 -62.989 -73.854624
9.9314 -24.3205 -62.1091 -73.855779
10.5435 -25.411 -61.3105 -73.856908
11.1641 -26.7642 -60.9602 -73.857996
11.7371 -28.177 -61.0516 -73.85904
12.2468 -29.4991 -61.4619 -73.860039
12.6299 -30.7915 -61.1111 -73.86099
13.0367 -32.212 -60.6823 -73.861884
13.4206 -33.6473 -60.2909 -73.862717
13.672 -35.0666 -59.8345 -73.863481
13.7802 -36.5811 -60.0484 -73.864169
13.7177 -38.0731 -60.4184 -73.864775
13.5658 -39.5761 -60.7091 -73.865297
13.3014 -41.0704 -60.6511 -73.865726
13.3571 -42.0105 -59.4467 -73.866059
13.5377 -43.0476 -58.3404 -73.866286
13.6333 -44.0606 -57.3331 -73.866403
-2.4565 -0.91 0.0523 -73.742466
-2.8293 2.667 0.2464 -73.73388
-3.0866 6.216 0.7208 -73.725125
-2.2413 9.6979 1.5153 -73.716169
-0.7404 12.7593 0.9662 -73.707091
0.227 15.8879 -1.0884 -73.69751
0.5524 20.1154 -1.9386 -73.687426
0.4575 24.418 -2.5408 -73.677151
0.4389 27.3767 -5.5178 -73.666672
-0.013 29.9656 -8.7108 -73.656015
-0.1419 14.3216 0.264 -73.70226
0.8616 14.8245 1.2959 -73.6996
2.5303 15.409 3.4469 -73.694709
5.0961 15.9466 3.8822 -73.689693
7.8356 16.5695 3.9069 -73.684519
10.5566 17.2922 4.0994 -73.679263
13.2701 17.9524 4.5537 -73.673888
15.8121 18.8134 4.7988 -73.668415
17.2134 19.7132 4.344 -73.66468
17.5574 19.3689 4.0634 -73.664846
-0.9274 14.3109 0.2417 -73.701943
-2.5488 14.1754 0.0246 -73.70179
-4.1702 14.04 -0.1925 -73.701653
-5.6969 13.9854 -0.1496 -73.701525
-6.0083 14.0245 0.9686 -73.701397
-4.7591 13.8534 0.1003 -73.701267
-4.5248 13.8442 -1.5168 -73.7011
-4.3735 13.8457 -3.1513 -73.700934
-4.2222 13.8471 -4.7858 -73.700775
-4.0708 13.8486 -6.4202 -73.700625
-3.7648 13.9278 -8.018 -73.700488
-3.1571 14.1597 -9.5252 -73.700367
-2.5409 14.9686 -10.6984 -73.700279
-0.6612 32.5013 -8.9792 -73.649397
-1.3441 34.6869 -8.6538 -73.64429
-2.5162 37.7967 -7.959 -73.636494
-4.0883 40.798 -9.2426 -73.628585
-6.1771 43.4321 -10.5669 -73.620569
-7.4526 45.9637 -12.4793 -73.612432
-8.199 48.9959 -14.3148 -73.60409
-8.488 52.2581 -16.0262 -73.595546
-8.9751 55.6713 -17.3793 -73.586888
-8.9724 59.3456 -17.9864 -73.57812
-8.8355 62.9598 -18.9326 -73.569237
-8.1651 65.7964 -21.101 -73.560231
-8.071 69.4931 -21.2598 -73.551114
-8.0725 72.7987 -19.5494 -73.542338
-8.8931 75.9303 -20.6534 -73.534895
-9.8467 77.8663 -22.8286 -73.528334
-10.916 79.9845 -24.8489 -73.521714
-11.8107 82.572 -26.461 -73.514526
-13.9622 85.1541 -28.0376 -73.506769
-15.428 87.4195 -30.0798 -73.498906
-16.2874 89.1284 -32.8169 -73.492021
-17.1302 91.8068 -33.4334 -73.486145
-16.6579 94.7355 -33.3269 -73.48022
-16.2793 97.4317 -32.2507 -73.474248
-16.0966 100.3779 -31.8618 -73.468225
-15.6048 103.2146 -31.8672 -73.459334
-15.0646 104.6984 -30.0846 -73.447506
-14.4099 106.6313 -31.3901 -73.435603
-13.9013 109.3975 -31.7321 -73.423602
-13.1382 112.1018 -31.8855 -73.411504
-12.0288 114.6912 -32.2205 -73.399292
-9.9615 116.491 -32.7147 -73.386982
-8.3964 118.5551 -33.6954 -73.374562
-7.0441 120.3709 -35.2413 -73.36202
-16.3107 103.1222 -31.2609 -73.461889
-17.0106 105.6108 -30.0258 -73.455379
-17.7104 108.0993 -28.7907 -73.448979
-18.4103 110.5878 -27.5556 -73.442688
-19.1321 113.0846 -26.3544 -73.436505
-20.0839 115.6275 -25.7828 -73.43035
-21.6544 117.8269 -26.4818 -73.424175
-22.4041 120.0541 -28.0006 -73.417971
-23.8204 121.9956 -29.2918 -73.411748
-16.2837 88.4956 -30.6847 -73.492037
-16.9057 88.45 -28.8674 -73.486305
-17.5277 88.4044 -27.0501 -73.48068
-18.1496 88.3588 -25.2328 -73.475163
-18.7716 88.3131 -23.4155 -73.469754
-19.3936 88.2675 -21.5982 -73.464454
-20.0155 88.2219 -19.7808 -73.459263
-20.6375 88.1763 -17.9635 -73.454183
-21.2595 88.1307 -16.1462 -73.449213
-21.8814 88.0851 -14.3289 -73.444354
-22.5034 88.0394 -12.5116 -73.439607
-23.1253 87.9938 -10.6943 -73.434971
-23.7473 87.9482 -8.8769 -73.430446
-24.3693 87.9026 -7.0596 -73.426033
-24.9912 87.857 -5.2423 -73.421732
-25.6132 87.8114 -3.425 -73.417543
-26.2352 87.7657 -1.6077 -73.413465
-26.8571 87.7201 0.2096 -73.409499
-27.4791 87.6745 2.0269 -73.405645
-28.1011 87.6289 3.8443 -73.401902
-28.723 87.5833 5.6616 -73.39827
-10.6474 82.0467 -25.97 -73.516917
-9.8973 83.5702 -26.7997 -73.514042
-8.9166 84.4636 -28.1497 -73.511172
-7.9416 85.635 -29.2349 -73.508305
-6.7633 86.7616 -30.2244 -73.505451
-5.9934 87.8877 -31.5 -73.502604
-4.805 89.0805 -31.9871 -73.499768
-4.0074 90.0975 -33.2964 -73.496923
-3.642 91.5318 -34.1524 -73.494105
-3.5504 92.2381 -35.0395 -73.491296
-2.6112 93.3175 -34.37 -73.488495
-1.4138 94.7914 -34.5426 -73.485721
-0.1697 96.0984 -35.117 -73.482965
0.8889 97.112 -35.3375 -73.480226
1.8787 97.6218 -33.8386 -73.477503
3.297 98.6527 -34.2066 -73.47482
4.478 100.1526 -34.2331 -73.472173
5.7259 101.6013 -34.2783 -73.469551
6.9236 103.076 -34.3329 -73.46697
8.2378 104.4594 -34.2789 -73.464425
9.708 105.6324 -34.1824 -73.461927
11.0242 106.9149 -34.1788 -73.459467
12.03 108.5293 -34.2938 -73.457054
12.8387 110.237 -34.4028 -73.454692
13.6986 111.9172 -34.2947 -73.452384
14.9808 113.3035 -34.0183 -73.450134
16.3534 114.5382 -33.5266 -73.447945
-8.0122 74.6652 -19.0128 -73.536676
-7.3733 74.7434 -17.1393 -73.533808
-6.2129 74.8717 -15.5661 -73.530975
-4.6588 75.1485 -14.4836 -73.528158
-2.9313 75.2005 -13.5318 -73.525349
-1.1908 75.5548 -14.025 -73.522546
0.2492 75.4182 -15.2751 -73.519747
1.6994 75.2949 -16.4498 -73.516965
3.456 75.8724 -16.5978 -73.514192
4.909 77.061 -16.0201 -73.511433
6.3489 78.0205 -15.2054 -73.508692
7.6777 78.1558 -16.557 -73.50595
9.1932 78.8939 -17.1669 -73.503235
10.3243 80.3116 -17.9293 -73.500542
11.8031 81.2429 -18.8099 -73.497875
13.3202 82.0201 -19.7154 -73.49523
14.672 82.8734 -20.8357 -73.492617
15.8195 84.0369 -21.4716 -73.490038
17.3968 85.0052 -21.5241 -73.48749
19.1523 85.9091 -21.6233 -73.484979
20.835 86.8367 -21.5731 -73.482508
22.3782 87.6805 -22.4819 -73.48007
23.6336 88.6822 -23.6145 -73.477683
25.3121 89.236 -24.4178 -73.475343
26.9271 90.1776 -25.069 -73.473007
28.5711 91.1435 -25.6063 -73.470699
30.1849 92.1759 -26.0934 -73.46851
31.906 93.0582 -26.3886 -73.466394
33.349 94.3802 -26.2354 -73.464344
34.682 95.7638 -25.7885 -73.462365
36.0698 96.9946 -25.1164 -73.460457
-9.1332 71.1226 -19.9391 -73.543047
-11.2049 71.3971 -19.3463 -73.536191
-12.2503 72.1505 -17.4371 -73.529232
-13.2771 72.9723 -16.3017 -73.522185
-15.0629 74.4381 -16.0237 -73.51506
-17.1889 75.3374 -15.9102 -73.50783
-18.7708 76.7954 -16.5998 -73.500499
-20.2396 77.7578 -18.0502 -73.493054
-21.4318 79.2493 -19.3169 -73.485522
-22.4493 80.8848 -20.0685 -73.479877
-23.644 82.5321 -19.9209 -73.476214
-25.2693 83.8199 -19.7197 -73.472557
-26.4282 85.5474 -19.5741 -73.468899
-27.4271 87.2915 -19.7394 -73.465234
-28.2555 88.0894 -18.5764 -73.461535
-28.4362 88.7812 -16.6121 -73.457821
-28.7184 89.4709 -14.6555 -73.454145
-28.5952 90.5234 -12.9306 -73.450488
-28.0087 92.2281 -11.8717 -73.446839
-28.1824 93.3344 -10.523 -73.443187
-28.881 94.9101 -9.3484 -73.439544
-29.1637 96.6406 -8.2343 -73.435915
-29.7507 98.589 -7.8416 -73.432297
-31.2546 100.014 -7.7767 -73.42869
-32.9856 101.1833 -7.8435 -73.425107
-34.438 102.6859 -7.93 -73.421533
-35.8645 104.1959 -8.077 -73.417978
-37.7492 105.0636 -8.2888 -73.41445
-39.7252 105.5106 -8.4883 -73.410934
-41.4274 106.5542 -8.4275 -73.407433
-22.5697 79.9845 -21.0657 -73.479539
-23.5049 79.5868 -23.0086 -73.47565
-24.7357 79.2357 -23.1851 -73.472165
-26.0186 79.7983 -22.2548 -73.46869
-27.6912 80.6895 -21.9109 -73.465222
-29.3246 81.7314 -21.4655 -73.461762
-31.1306 82.4861 -21.4143 -73.458311
-32.9071 83.2024 -21.5235 -73.454857
-34.8537 83.2248 -21.3716 -73.451412
-36.6622 83.819 -20.8419 -73.447973
-38.0322 83.5029 -19.5874 -73.444533
-39.4902 83.5562 -18.2934 -73.441108
-40.9141 84.0358 -17.0459 -73.437694
-42.4783 85.0996 -16.5078 -73.434302
-44.0118 86.2891 -16.2793 -73.430925
-45.0805 86.8165 -17.3328 -73.427497
-45.3985 87.0849 -19.2874 -73.424109
-46.0085 87.5938 -21.1008 -73.420735
-46.5256 87.8633 -23.0125 -73.417381
-47.0124 88.1443 -24.9307 -73.414049
-48.0466 88.8001 -25.8124 -73.410785
-49.3531 89.8139 -24.8517 -73.407547
-23.4169 79.5945 -22.041 -73.477407
-7.4755 47.1812 -14.128 -73.607744
-6.6397 46.9581 -15.442 -73.606645
-6.0885 47.0624 -16.854 -73.605598
-5.6785 47.4504 -18.3124 -73.604579
-5.0375 48.1975 -19.4234 -73.603598
-4.9376 48.8586 -20.8471 -73.60265
-4.8994 49.5688 -22.2208 -73.601742
-4.8067 50.8524 -23.1201 -73.600883
-4.348 52.1399 -23.896 -73.600031
-3.8636 53.4258 -24.6617 -73.59926
-3.2759 54.7308 -25.2965 -73.598568
-2.6137 56.0992 -25.6637 -73.597941
-1.9972 57.5231 -25.7699 -73.597376
-0.7472 58.4335 -25.8246 -73.596881
0.1834 59.5702 -25.9895 -73.596458
1.0556 60.8294 -26.3063 -73.596112
1.4265 62.1744 -26.9168 -73.595848
1.2466 63.3678 -27.9187 -73.595668
0.8615 64.5278 -28.8693 -73.595576
-1.2039 34.2315 -8.7378 -73.644882
-2.1645 36.692 -8.3921 -73.638328
-3.11 39.1845 -8.3928 -73.631649
-3.9026 40.3411 -6.7187 -73.624837
-4.4638 40.8393 -4.1593 -73.617875
-5.2514 41.2336 -1.6507 -73.6108
-6.4986 41.3875 0.6577 -73.603621
-6.9016 41.3668 3.1344 -73.596278
-8.3244 41.1475 5.0228 -73.588886
-9.0777 42.2825 6.6587 -73.582303
-10.4818 44.1286 6.7312 -73.576578
-12.0542 45.877 6.472 -73.57079
-13.7926 47.4551 6.7415 -73.564934
-14.3287 48.7274 8.6097 -73.558989
-14.2892 50.0448 10.5825 -73.552992
-14.3831 52.2013 11.5125 -73.54694
-15.4653 54.1641 11.5993 -73.540827
-15.9872 56.1264 10.7348 -73.534642
-15.9935 58.493 10.4465 -73.528399
-16.6674 59.2873 8.5547 -73.522051
-17.4698 59.7595 6.3608 -73.515646
-17.8092 61.9411 6.2291 -73.509203
-19.8136 62.8997 6.5069 -73.502673
-21.3274 63.1601 7.9551 -73.496044
-22.8218 64.0013 9.1439 -73.490546
-24.7396 64.6596 9.7419 -73.486233
-25.9313 65.6939 8.2209 -73.481911
-27.3521 67.091 7.1443 -73.477576
-27.8515 68.7801 5.7356 -73.473232
-28.9706 70.1238 4.2552 -73.468887
-29.8302 71.1977 2.3661 -73.464527
-30.5772 72.9481 2.3143 -73.460157
-31.2511 73.9836 4.3225 -73.455784
-31.8836 74.7971 6.3519 -73.451399
-33.4979 76.3178 6.0157 -73.447034
-35.3494 77.7054 5.6794 -73.442671
-36.2359 77.7987 3.4859 -73.438279
-36.823 78.2142 1.2302 -73.433885
-37.2962 78.8752 -1.0041 -73.429497
-38.0777 79.5243 -3.1351 -73.425138
-38.5828 79.8578 -5.4262 -73.420754
-40.1286 80.7679 -6.86 -73.416412
-41.8887 81.3717 -5.9333 -73.412071
-43.201 81.2826 -4.0378 -73.407723
-44.3102 81.7185 -2.0187 -73.403401
-23.2557 64.0561 8.131 -73.491071
-24.9649 64.9635 8.1844 -73.487803
-26.0616 65.9005 8.9001 -73.484475
-26.305 66.1448 10.8713 -73.48113
-26.4364 66.2766 12.8582 -73.477852
-26.7662 66.3845 14.8041 -73.474591
-28.2543 66.3369 15.7942 -73.471354
-29.7596 66.2207 16.7645 -73.468113
-29.8152 66.2528 18.7633 -73.464884
-30.2709 66.9957 19.6957 -73.461672
-31.7156 67.9135 20.4594 -73.458456
-32.1409 69.5247 21.5115 -73.455259
-33.0427 71.1208 22.2483 -73.452089
-33.7682 72.7602 23.0868 -73.448941
-34.714 74.4169 23.6586 -73.445823
-35.5114 76.0162 24.4887 -73.442731
-35.8784 77.7991 25.2812 -73.439663
-36.6919 79.4931 25.9091 -73.436626
-37.5921 81.2366 26.1638 -73.43363
-37.9648 82.9348 26.6532 -73.430653
-38.1232 84.1537 28.0096 -73.427729
-37.4894 85.6297 29.04 -73.424848
-37.0034 87.4849 29.1485 -73.422014
-36.7841 89.4485 29.2879 -73.419137
-36.3959 91.4052 29.448 -73.416321
-9.6387 41.5186 6.3846 -73.584007
-11.2133 41.8239 6.3128 -73.58176
-12.0979 42.4791 4.8865 -73.579495
-13.2557 43.35 3.9751 -73.577244
-14.2423 43.577 2.4577 -73.574993
-15.3556 43.71 1.0276 -73.572753
-15.9894 44.5732 -0.4476 -73.570518
-16.6871 45.12 -2.0478 -73.568296
-17.7188 45.8368 -3.2857 -73.566077
-18.5783 46.8498 -4.5254 -73.563873
-19.9074 47.2662 -5.6939 -73.561687
-21.5852 47.5437 -6.3542 -73.559522
-22.9761 48.6597 -6.3259 -73.557384
-24.3563 49.8697 -6.2079 -73.555267
-25.8552 50.8966 -6.0169 -73.553181
-27.0962 51.9486 -5.4199 -73.551115
-27.9482 52.3876 -3.9646 -73.549072
-29.654 52.5789 -3.9322 -73.547073
-30.6445 52.9077 -5.3714 -73.545105
-32.0441 53.5066 -6.2656 -73.543179
-33.4656 54.634 -6.5349 -73.541298
-34.9544 55.5474 -7.0531 -73.539468
-36.2819 56.6634 -7.6004 -73.537689
-37.6486 57.8611 -7.7756 -73.535959
-38.5034 59.4777 -7.6459 -73.534288
-39.3718 61.0534 -7.2838 -73.532687
-40.2991 62.551 -6.7638 -73.531152
-41.2384 64.045 -6.261 -73.529686
-41.8614 65.6914 -5.7694 -73.528299
-42.4591 67.2851 -5.1652 -73.526989
-43.3383 68.5969 -4.4191 -73.525764
-44.4522 70.0317 -4.1392 -73.524633
-45.5063 71.5345 -4.0501 -73.523592
-46.5569 73.035 -4.1531 -73.522651
-47.8716 74.2263 -4.5515 -73.521812
-48.8625 75.1738 -5.5759 -73.521081
-49.2408 75.7623 -7.2733 -73.520457
-49.4584 77.0985 -8.4631 -73.519953
-49.9501 78.752 -8.946 -73.519568
-51.026 79.8745 -9.2484 -73.519309
-51.28 79.9424 -10.8927 -73.519174
17.7044 20.951 4.9703 -73.662751
18.2015 22.2043 5.6044 -73.660816
18.6985 23.4577 6.2386 -73.658901
19.0912 25.152 6.8819 -73.656499
19.429 27.2733 6.757 -73.653577
20.0937 28.9393 5.4586 -73.650624
20.5192 30.5261 4.0181 -73.64764
21.7848 31.8769 2.8501 -73.644623
22.0977 33.1829 1.0434 -73.641575
23.2662 34.71 0.0406 -73.638515
23.7528 35.2305 -1.9989 -73.635417
24.4415 36.3316 -0.4475 -73.632289
25.2156 37.3871 1.3732 -73.629146
25.5431 38.1412 3.4507 -73.625975
26.3109 39.4951 5.0553 -73.622802
27.3125 40.7429 3.9319 -73.619611
27.6125 41.5008 5.9749 -73.616381
27.8649 42.4672 7.8245 -73.613145
28.5761 44.0126 9.106 -73.609907
29.3017 45.8785 9.8466 -73.606663
29.8444 47.4239 10.9837 -73.603387
29.8427 48.4745 12.9418 -73.600113
30.4043 50.5089 13.6559 -73.596838
32.2661 51.6774 14.0416 -73.593553
33.7432 53.3643 13.9508 -73.590265
35.3704 54.8773 13.6311 -73.58697
36.404 56.7929 13.1328 -73.583669
37.9566 57.9008 12.228 -73.580375
39.1636 59.6692 11.6914 -73.577077
40.7811 61.2139 11.412 -73.573776
42.5407 62.5144 11.7504 -73.570485
43.9242 63.8221 12.81 -73.567191
45.3908 65.165 13.6376 -73.563905
45.9271 67.2097 14.1714 -73.560638
46.6355 69.1359 14.3788 -73.557381
48.3635 70.1089 14.8857 -73.554131
49.6569 71.9103 15.1633 -73.550836
50.9513 73.7475 15.4455 -73.547555
52.8054 74.9337 15.6383 -73.544356
54.7263 75.5702 15.6827 -73.54118
56.0864 76.9982 15.657 -73.538026
57.1449 78.0802 14.4904 -73.534885
58.894 79.349 14.0314 -73.53178
60.9129 80.2627 14.3307 -73.528706
62.6887 81.5896 14.007 -73.525661
64.1912 82.1373 14.8133 -73.522634
65.3934 82.3955 16.5144 -73.519649
66.9021 83.2776 17.6975 -73.516715
67.4164 84.9808 18.6495 -73.513825
68.0681 86.9646 19.2519 -73.510995
18.9087 24.0362 7.1126 -73.657935
19.1476 18.9083 3.9431 -73.663024
20.9905 18.3979 3.8423 -73.660932
22.9152 18.2333 3.6481 -73.658811
24.7758 17.8958 3.3306 -73.65667
26.5871 18.0132 3.1308 -73.654504
28.3023 18.6484 3.6845 -73.652314
29.9424 18.8206 4.6508 -73.650108
31.2866 18.6601 5.9911 -73.647876
32.7096 18.1098 7.1234 -73.64563
34.1103 16.8391 7.543 -73.643372
35.4164 15.4177 7.7072 -73.641098
36.5618 14.0174 7.4707 -73.638813
38.0589 13.6462 6.35 -73.636519
39.8047 13.3092 5.8907 -73.634218
41.5119 12.7068 5.2455 -73.631909
42.8693 12.0614 4.0202 -73.629588
44.4573 11.3345 3.2295 -73.627265
45.9294 10.8303 2.4767 -73.624934
47.1014 10.1377 3.6205 -73.622608
48.3849 9.3089 4.6779 -73.620285
49.394 9.6773 6.2389 -73.617952
50.6478 10.0528 7.6185 -73.615626
51.9327 9.8336 9.0023 -73.613312
53.4883 10.1208 10.104 -73.61101
55.2334 9.8227 9.9071 -73.60872
57.0597 9.924 9.3135 -73.606309
58.8743 9.6526 8.6558 -73.603857
60.689 9.3812 7.9981 -73.601504
62.4959 9.1815 7.3186 -73.599245
64.0964 9.6659 6.3822 -73.597032
65.6128 10.0298 5.5676 -73.594841
66.3879 8.7348 6.61 -73.59267
67.0408 7.9267 8.2378 -73.590533
67.6184 7.3624 10.0083 -73.588417
68.2214 6.7991 11.7671 -73.586333
68.8557 6.3245 13.5452 -73.584297
69.5936 6.0215 15.3177 -73.58229
70.6128 5.6939 16.9232 -73.580339
71.846 5.1297 18.3139 -73.578448
73.446 5.6128 19.1551 -73.576601
75.1394 5.1362 19.9892 -73.574781
76.7792 5.1163 20.887 -73.57305
78.3203 5.541 21.9782 -73.571378
79.5543 6.0354 23.1887 -73.569773
80.477 6.477 24.7608 -73.568245
82.1371 6.4027 25.3832 -73.566789
83.992 6.8997 25.7174 -73.565413
85.8702 6.8251 26.0726 -73.564118
87.7509 6.7088 26.4848 -73.562911
89.6348 6.7028 26.6547 -73.561796
91.0074 6.4378 25.4152 -73.56078
92.1971 6.0461 24.0228 -73.55986
93.1627 5.5053 22.7795 -73.559024
93.4181 5.3578 20.8527 -73.5583
93.6827 5.205 18.9277 -73.557692
93.9559 5.0473 17.0042 -73.557205
94.7999 4.5071 17.8661 -73.556845
-1.9865 16.2264 -10.9822 -73.700243
-1.6114 17.3396 -11.0385 -73.700213
-1.1973 18.2526 -10.4886 -73.700187
-0.4899 18.8695 -10.968 -73.700167
0.4947 18.656 -11.4238 -73.700157
-5.9486 122.6202 -36.4545 -73.349355
-4.8563 124.4889 -38.1946 -73.336565
-3.4433 126.1431 -39.8024 -73.32367
-2.2407 128.597 -40.3971 -73.310669
-1.5188 131.295 -40.1613 -73.297545
-1.6696 134.0734 -40.2753 -73.284304
-2.517 136.7345 -40.7076 -73.270937
-3.2762 139.4376 -41.1589 -73.257444
-4.1563 142.1305 -41.3938 -73.243832
-4.9956 144.8475 -41.5126 -73.230089
-4.2109 147.46 -41.641 -73.216235
-3.9407 150.1251 -41.6099 -73.20224
-3.8535 152.9656 -41.6389 -73.18813
-3.8797 155.8081 -41.7765 -73.173873
-3.362 158.4701 -41.8809 -73.159478
-3.9026 161.1882 -41.8597 -73.144946
-4.6546 163.8938 -41.7416 -73.130279
-4.458 166.7321 -41.7051 -73.115472
-4.7248 169.4267 -41.9823 -73.100525
-5.9516 171.9513 -42.4086 -73.085426
-6.8697 174.6164 -42.5236 -73.070187
-7.1469 177.3942 -42.5991 -73.054794
-8.5483 179.5426 -43.6297 -73.039245
-9.0965 181.9163 -44.9846 -73.023508
-9.3572 184.5276 -45.8738 -73.00764
-10.3037 185.8819 -45.5629 -72.995385
-12.6165 185.7411 -44.527 -72.98694
-14.6492 185.7303 -43.1953 -72.978581
-16.2496 187.2653 -42.1906 -72.970211
-17.9145 189.1431 -41.8854 -72.961802
-19.4479 191.0685 -41.5909 -72.953353
-21.0169 192.9475 -41.0017 -72.944853
-22.4125 194.4386 -40.3024 -72.936303
-23.7068 195.9472 -39.0039 -72.927694
-25.0392 197.7028 -39.8911 -72.919035
-25.8175 200.0563 -40.2799 -72.910326
-26.6369 201.4551 -41.5533 -72.90154
-27.5289 202.2594 -40.2727 -72.892695
-29.472 203.3638 -40.3713 -72.883811
-31.4096 204.4733 -39.3932 -72.874862
-31.9894 205.4816 -37.1556 -72.865809
-32.896 206.6385 -35.2063 -72.856715
-33.7738 206.9925 -32.8727 -72.847528
-35.326 208.2821 -31.3862 -72.838305
-36.5537 210.18 -30.3332 -72.829006
-37.6503 212.1937 -29.5135 -72.819632
-38.7499 214.0475 -28.2022 -72.810165
-38.8366 216.2339 -27.1303 -72.800607
-39.8429 217.9451 -25.6872 -72.79095
-40.3547 220.3663 -25.6679 -72.781191
-9.0607 186.6005 -47.0068 -72.995761
-8.6412 188.5188 -48.1723 -72.987978
-7.9227 189.8909 -49.7878 -72.980144
-7.3389 191.2666 -51.5099 -72.972266
-6.8689 192.8579 -53.067 -72.964353
-6.5717 194.5306 -54.6272 -72.956391
-6.699 195.7688 -56.5782 -72.948367
-6.6007 197.3796 -57.9455 -72.940309
-5.361 198.4457 -59.4593 -72.932192
-4.0706 199.0919 -61.2062 -72.924017
-2.56 200.3359 -61.9713 -72.915814
-1.1767 202.1203 -62.473 -72.907555
0.1257 203.765 -63.1817 -72.899247
0.5779 205.9809 -62.9411 -72.890874
1.7705 207.8999 -62.7909 -72.882439
1.7806 210.0234 -63.3852 -72.873937
1.251 212.0868 -62.5412 -72.865362
0.3882 214.2228 -62.3899 -72.856731
-0.4598 216.2968 -62.9067 -72.848032
-1.2479 218.4121 -63.4146 -72.839255
-2.0973 220.5416 -63.7457 -72.830402
-3.4118 222.4275 -63.923 -72.821472
-5.2388 223.8332 -64.0726 -72.812459
-7.0057 225.2983 -64.337 -72.803356
-8.1122 227.0393 -64.9339 -72.794139
-8.3675 229.0243 -65.402 -72.786933
-8.7031 230.7886 -65.6689 -72.781785
-9.2813 232.5101 -65.8231 -72.776591
-9.2237 228.2929 -64.8468 -72.787512
-10.9382 228.5001 -64.259 -72.78358
-12.6565 228.7042 -63.682 -72.779685
-25.5183 124.0162 -29.3962 -73.405963
-26.4756 125.8583 -28.1987 -73.40061
-27.6755 127.8327 -27.6028 -73.395244
-27.9279 128.8492 -29.077 -73.389851
-28.5728 129.8586 -27.39 -73.384418
-29.4951 131.5172 -26.0388 -73.379002
-30.3172 133.5583 -25.0126 -73.373567
-30.9903 134.755 -23.0132 -73.368115
-31.8576 136.0757 -21.167 -73.362651
-32.9249 137.8539 -19.8699 -73.357175
-34.7749 138.8966 -19.3111 -73.351679
-36.3176 139.9122 -18.0849 -73.346177
-37.4604 141.3871 -16.8864 -73.340662
-38.6623 143.1941 -16.0632 -73.335126
-40.1691 144.5551 -14.9429 -73.329566
-41.2877 146.3296 -14.9203 -73.323986
-42.5778 148.1549 -14.027 -73.318395
-43.9866 149.9737 -13.1872 -73.312798
-45.0144 151.7833 -12.0503 -73.30718
-45.5532 153.8159 -10.8393 -73.301544
-46.3861 156.0367 -10.2537 -73.295891
-46.9837 158.3901 -9.9517 -73.290229
-47.8117 160.6751 -9.7756 -73.284544
-49.0447 162.6915 -9.706 -73.278846
-50.015 164.9082 -9.8518 -73.273131
-51.5234 166.8379 -9.9384 -73.267397
-52.9161 168.8061 -9.9279 -73.261645
-54.0733 170.9215 -9.7859 -73.255871
-55.7453 172.652 -9.5467 -73.250079
-57.6094 174.1497 -9.6472 -73.244264
-59.246 175.273 -8.9172 -73.238424
-60.6519 176.3429 -7.7572 -73.232562
-61.8971 178.3631 -7.4187 -73.226678
-62.7492 180.6081 -7.5045 -73.220762
-63.9736 182.7158 -7.7021 -73.214827
-65.2308 184.8141 -7.6187 -73.20887
-66.7492 186.7003 -7.6491 -73.202888
-68.417 188.4651 -7.7574 -73.196876
-69.4591 190.6092 -7.7695 -73.190841
-69.6776 192.1396 -9.5531 -73.184753
-70.6232 193.0213 -8.854 -73.178561
-70.9662 193.1386 -6.4297 -73.172344
-71.4596 193.5338 -4.0639 -73.1661
-72.1758 195.2071 -3.9513 -73.159876
-73.6159 196.7389 -5.1111 -73.153619
-74.8609 198.522 -6.148 -73.147323
-75.7426 199.5734 -7.6936 -73.140976
-75.3694 199.5725 -10.1146 -73.13448
-74.4019 199.6256 -11.6143 -73.128027
-73.8016 200.0979 -9.3728 -73.121502
-74.5843 201.3776 -7.8285 -73.114946
-75.66 202.8847 -6.3385 -73.108335
-76.7569 204.7933 -5.2692 -73.101669
-77.7876 206.5222 -4.0466 -73.094928
-78.7815 208.5213 -3.0989 -73.088125
-29.3228 87.5393 7.4141 -73.394874
-29.9005 87.4969 9.1019 -73.391699
-30.4781 87.4545 10.7898 -73.38862
-31.0558 87.4122 12.4776 -73.385635
-32.2782 87.1841 13.3671 -73.382729
-33.8866 86.6278 13.8875 -73.379842
-35.2533 87.1539 14.4242 -73.376979
-35.8481 87.8038 15.3321 -73.374146
-36.8463 86.9864 16.4788 -73.371337
-38.3951 86.3544 16.7879 -73.368562
-40.0436 86.842 16.4412 -73.365821
-41.676 86.6973 15.7688 -73.363111
-43.0795 86.67 14.6822 -73.360439
-44.7397 86.6061 14.8133 -73.357805
-46.2784 86.3685 14.6265 -73.35521
-47.931 85.969 14.7511 -73.352659
-49.3382 85.0184 15.2541 -73.35015
-51.0157 84.5548 15.4912 -73.347685
-52.76 84.3802 15.7377 -73.345274
-54.4766 84.1118 16.1326 -73.342914
-56.1575 83.722 16.5614 -73.340603
-57.6854 83.1665 17.2616 -73.338345
-59.449 83.0129 17.2864 -73.336147
-61.2047 83.1213 17.0316 -73.334012
-62.4985 83.4162 16.057 -73.331936
-64.2493 83.561 15.9695 -73.329923
-65.9938 83.4285 15.6473 -73.327975
-67.7202 83.5173 15.2308 -73.326096
-69.055 83.036 14.2322 -73.324287
-69.8653 82.2066 12.9383 -73.322551
-71.0115 81.258 11.9738 -73.320893
-72.4278 80.4398 11.5445 -73.31931
-73.698 79.222 11.6667 -73.317811
-74.8344 77.8746 11.8888 -73.3164
-76.1909 76.8138 12.1994 -73.315069
-77.7152 76.0674 12.6693 -73.313826
-79.2241 75.3783 13.2714 -73.312674
-80.5771 74.3384 13.7242 -73.311616
-81.948 73.2954 14.1285 -73.310652
-83.3128 72.1963 14.4348 -73.309788
-84.2563 70.7511 14.49 -73.309022
-85.9688 70.3467 14.3507 -73.308358
-87.6869 70.083 14.43 -73.307801
-89.1236 69.3762 14.9056 -73.30735
-90.0942 69.1674 16.3612 -73.307007
-91.4773 68.4273 17.0893 -73.306778
-93.1744 68.4543 17.5737 -73.306662
17.4714 115.5383 -32.7054 -73.445999
18.7181 116.515 -32.6736 -73.444274
19.4474 117.9165 -32.6863 -73.442602
20.2746 119.2604 -32.6312 -73.440976
21.0837 120.5882 -32.4636 -73.439404
21.7758 121.9988 -32.2416 -73.437886
22.3094 123.4582 -32.1155 -73.436423
23.1409 124.8071 -32.0128 -73.435021
23.9385 126.1782 -31.9172 -73.433674
25.0849 127.2066 -31.902 -73.432393
25.7601 127.3047 -33.2559 -73.431163
26.628 127.211 -34.5602 -73.429998
27.4583 127.1967 -35.7592 -73.428908
28.395 127.5305 -34.6253 -73.427888
29.5644 128.205 -33.8463 -73.426946
30.5696 128.6374 -32.8152 -73.426074
32.0051 129.043 -32.2921 -73.425282
33.4128 129.4399 -31.6761 -73.42457
34.7649 130.0848 -31.1622 -73.423942
36.07 130.7044 -30.5266 -73.423398
37.2954 130.2845 -29.7509 -73.422939
38.6668 129.8544 -29.4393 -73.422567
40.0959 129.824 -28.9371 -73.422286
41.6596 129.7812 -29.1527 -73.422097
43.163 129.7557 -29.5887 -73.422001
37.3605 97.6671 -24.1386 -73.458803
38.5247 98.3419 -23.3011 -73.457382
39.4075 98.7958 -22.0704 -73.45601
39.7833 99.3954 -20.6642 -73.454691
39.86 99.407 -19.0804 -73.453413
40.1939 99.8932 -18.7303 -73.45221
40.4963 100.318 -20.2174 -73.451059
41.4643 101.4944 -20.1061 -73.44998
42.3976 102.7119 -19.7798 -73.448967
43.1049 104.0833 -19.5568 -73.44802
44.0865 105.3182 -19.6544 -73.447144
44.7899 106.7249 -19.7113 -73.446339
45.9094 107.8469 -19.694 -73.445608
47.0015 108.9935 -19.6267 -73.444952
47.4874 110.1272 -19.5101 -73.444356
47.4694 110.2183 -21.0953 -73.443785
47.4514 110.3094 -22.6805 -73.443312
47.4334 110.4005 -24.2657 -73.442935
47.4153 110.4915 -25.8509 -73.442654
47.3973 110.5826 -27.4361 -73.442467
47.3793 110.6737 -29.0213 -73.442375
-43.1464 107.2097 -8.6051 -73.404223
-44.2349 108.3552 -9.2701 -73.401293
-45.5183 109.1815 -10.1573 -73.398382
-46.5455 110.332 -10.9218 -73.395491
-47.6198 111.4497 -11.7523 -73.392622
-48.7733 112.6103 -11.9929 -73.389775
-49.0763 114.3515 -11.8794 -73.38695
-49.3422 116.0762 -11.586 -73.384155
-49.7822 117.0822 -10.2937 -73.38138
-50.4256 118.2912 -9.1739 -73.378633
-50.9978 119.2379 -7.7863 -73.375915
-51.2625 120.0244 -6.2601 -73.37322
-51.6654 121.1492 -4.9912 -73.370569
-51.9476 122.7357 -4.2703 -73.367952
-52.5998 124.2212 -3.6393 -73.365373
-53.274 125.7541 -3.0637 -73.362839
-53.9887 127.1954 -2.3704 -73.360347
-53.963 128.1021 -0.9245 -73.357873
-54.6255 128.6873 -0.6995 -73.355435
-55.0557 128.8462 -2.4173 -73.353037
-55.7093 129.6088 -3.8029 -73.350712
-56.3904 130.5701 -3.4395 -73.348435
-57.2397 131.7558 -2.5815 -73.346209
-57.7383 132.4193 -1.0375 -73.344015
-58.1997 132.8604 0.5026 -73.341886
-59.135 134.2149 0.2827 -73.339822
-59.5411 135.9385 0.3726 -73.337823
-60.3211 137.5272 0.4547 -73.335886
-61.5615 138.7924 0.4272 -73.334017
-62.8427 140.0202 0.4049 -73.332211
-63.9756 141.337 0.4784 -73.330476
-65.5415 142.0698 0.6041 -73.32881
-66.8201 143.3029 0.6105 -73.327218
-67.9523 144.6731 0.6097 -73.325661
-69.0106 146.0943 0.6091 -73.324214
-69.7753 147.6531 0.6561 -73.322858
-69.9859 148.4831 2.1055 -73.321573
-70.4429 149.3779 3.3991 -73.320379
-71.6135 150.4383 2.691 -73.319275
-72.4835 151.5429 1.7355 -73.318261
-72.9227 152.8592 2.7049 -73.317337
-72.5877 154.4469 3.3601 -73.316508
-73.0119 156.1489 3.5593 -73.315775
-73.1545 157.8864 3.5882 -73.315141
-74.1953 159.319 3.6169 -73.314608
-74.932 160.9303 3.7174 -73.314178
-75.2192 162.6661 3.8423 -73.313853
-75.4158 163.3004 5.1393 -73.313631
-75.4017 163.5667 6.8972 -73.313518
-50.1374 90.531 -23.3634 -73.404522
-51.2673 90.8857 -22.5511 -73.401729
-52.7159 91.6607 -23.1098 -73.398968
-54.0702 92.6015 -23.357 -73.39623
-55.4386 93.0469 -22.4458 -73.393521
-56.998 93.6059 -21.9041 -73.390839
-58.5673 94.2413 -21.5078 -73.388191
-59.4515 94.8578 -20.2839 -73.385555
-60.3751 95.9904 -19.3491 -73.382975
-61.639 96.317 -18.2753 -73.380427
-62.5765 96.8459 -17.7339 -73.377917
-63.9654 97.6322 -17.7098 -73.375441
-65.6166 98.1559 -17.9424 -73.373008
-67.3141 98.5251 -18.0363 -73.370616
-68.9906 98.999 -17.9141 -73.368276
-70.4527 99.8368 -17.5623 -73.365979
-71.8636 100.5751 -16.8437 -73.363734
-73.2945 101.1084 -16.0241 -73.361543
-74.8032 101.5319 -15.3155 -73.359405
-76.2937 102.0431 -14.7677 -73.357323
-76.9439 103.3194 -13.9021 -73.355298
-77.7853 104.5384 -13.0235 -73.353334
-79.1174 105.4827 -13.5256 -73.351438
-80.5678 106.3785 -13.889 -73.349607
-81.9123 107.4474 -14.0602 -73.347851
-82.892 108.884 -14.1362 -73.346163
-83.7902 110.3676 -14.0768 -73.344546
-84.9748 111.6284 -13.8567 -73.34301
-86.2002 112.6963 -13.3076 -73.341545
-87.0479 113.9279 -12.479 -73.340162
-87.7411 115.4304 -11.9657 -73.338865
-88.823 116.6812 -11.5653 -73.337654
-89.4834 118.0465 -10.8065 -73.336529
-90.0558 119.4566 -9.9504 -73.335494
-90.8226 120.9302 -9.4429 -73.334554
-91.9586 122.2396 -9.3374 -73.333711
-92.8888 123.6775 -9.6286 -73.332965
-93.6083 125.2344 -9.9613 -73.332318
-94.4583 126.6908 -10.3334 -73.331774
-95.6371 127.179 -11.2403 -73.331333
-96.5223 128.3643 -11.7434 -73.330999
-97.3565 129.8343 -11.9607 -73.330775
-98.0187 131.4271 -12.0082 -73.330662
-44.8397 82.3848 -0.1022 -73.399591
-45.6858 82.6745 1.4762 -73.396275
-47.0854 83.466 2.0376 -73.392986
-47.9154 84.1261 0.6038 -73.389694
-48.4536 84.4912 -1.1078 -73.386426
-49.4629 84.7481 -2.3216 -73.383177
-50.8487 85.4683 -2.9272 -73.379937
-51.3634 86.2483 -4.138 -73.376686
-51.1604 85.8865 -5.9031 -73.373458
-51.4147 86.3329 -4.63 -73.370237
-51.3753 86.9211 -3.2026 -73.367058
-51.6511 88.546 -2.6095 -73.363905
-52.0008 89.4665 -3.9264 -73.360747
-52.6137 90.8015 -4.1725 -73.357623
-53.4473 92.4123 -3.9386 -73.354519
-53.8653 94.1635 -3.6555 -73.351437
-53.9519 95.9277 -3.215 -73.348376
-54.3051 97.4953 -2.5507 -73.345336
-54.5625 98.6898 -1.1952 -73.342331
-54.547 99.8234 0.1762 -73.339346
-54.2907 100.3598 1.9096 -73.336382
-54.7709 101.2087 3.4194 -73.333471
-54.4328 101.9413 3.8933 -73.330601
-53.0212 101.1678 3.092 -73.327769
-52.5222 101.109 4.5528 -73.324954
-54.1846 101.7537 4.4499 -73.322193
-55.6576 102.8136 4.5394 -73.319476
-56.499 104.3974 4.7059 -73.3168
-56.8786 106.1716 4.8788 -73.314166
-56.4546 107.8733 4.5587 -73.311581
-55.6814 109.1098 4.4339 -73.309021
-55.7928 109.3656 6.2457 -73.306469
-56.2213 109.7146 7.7986 -73.304024
-55.5336 111.171 7.9788 -73.301636
-57.2605 111.7016 8.1166 -73.299309
-58.1121 113.2561 8.4551 -73.297036
-58.5985 114.919 9.0311 -73.294822
-59.6859 116.036 9.8099 -73.292679
-59.434 116.5435 10.5662 -73.290593
-59.3051 118.1105 11.4366 -73.288578
-59.9415 119.6907 12.0733 -73.286627
-60.8614 121.156 12.3489 -73.284752
-61.607 122.4945 11.39 -73.282946
-62.1797 124.0961 10.8491 -73.281218
-62.6253 125.8486 10.8404 -73.279572
-62.2188 127.4063 11.6395 -73.278006
-61.8461 129.0333 12.3882 -73.276524
-62.5327 130.6886 12.3999 -73.275128
-62.936 132.4579 12.2088 -73.273817
-63.3234 134.2117 11.8803 -73.272592
-63.6303 135.945 11.5157 -73.271461
-63.951 136.5199 9.8435 -73.270415
-64.1784 137.2406 8.1925 -73.269467
-64.0694 138.3872 6.7995 -73.268622
-64.3697 140.0086 6.0583 -73.267873
-64.8732 141.6033 5.322 -73.267228
-65.5178 142.5596 4.0703 -73.266684
-65.7682 143.1976 5.3492 -73.266244
-66.7186 144.3442 5.8832 -73.265913
-67.5125 145.9488 6.0337 -73.26569
-68.2142 147.6123 6.0332 -73.265578
-36.2134 93.2108 29.5751 -73.413855
-36.6635 94.7733 29.8902 -73.411665
-36.9263 96.2364 30.4302 -73.409519
-37.1622 97.773 30.8495 -73.407413
-37.5529 99.3568 31.1525 -73.405348
-37.9173 100.9487 31.3678 -73.403337
-38.3971 102.525 31.406 -73.401371
-38.3118 104.182 31.3802 -73.39946
-38.3833 105.841 31.3619 -73.397604
-38.5184 107.493 31.3513 -73.395803
-38.1793 109.1047 31.3065 -73.394059
-37.694 110.6348 31.1726 -73.392379
-37.4366 112.1749 31.1742 -73.390758
-36.4341 113.3684 31.2349 -73.389198
-35.2673 114.4885 31.1966 -73.387706
-35.1913 116.0244 31.322 -73.386284
-36.1323 117.264 31.8032 -73.384933
-36.1013 118.8174 31.8898 -73.383653
-35.2737 120.1279 31.585 -73.38245
-34.1912 121.3196 31.36 -73.381324
-33.7141 122.9011 31.2289 -73.380282
-33.0667 124.4147 31.1658 -73.379322
-32.8786 126.0601 31.1275 -73.378449
-32.0835 127.4884 31.1247 -73.377666
-31.8296 129.12 31.1246 -73.376971
-31.1422 130.5851 30.9859 -73.37637
-30.3228 131.8477 30.3079 -73.375863
-29.6856 132.4849 28.9766 -73.375452
-29.0719 133.0333 27.5676 -73.375139
-28.0844 133.7856 27.8775 -73.374929
-27.152 134.469 28.6173 -73.374823
68.8569 88.73 19.5506 -73.508567
69.4626 89.4871 18.5505 -73.506489
69.8694 90.2922 17.5312 -73.504451
70.1133 90.9732 19.0619 -73.502443
70.2522 92.4115 19.6157 -73.500484
70.8156 93.9888 19.8859 -73.498566
70.9233 95.5529 19.5992 -73.496686
71.3862 97.0655 19.4044 -73.494852
72.5006 98.2929 19.6588 -73.493068
72.7344 99.9408 19.94 -73.491327
72.932 101.5833 19.995 -73.489634
72.4313 103.198 19.9089 -73.48799
71.8799 104.7873 20.0008 -73.486403
71.5282 106.416 19.8144 -73.484867
71.2624 108.037 19.4849 -73.483389
70.3107 109.3594 19.2993 -73.481974
69.2896 110.7156 19.219 -73.480621
68.8552 112.3448 19.1576 -73.479331
68.8224 113.8606 18.9579 -73.478108
69.0085 114.8834 18.0264 -73.476947
68.8524 116.0924 16.8932 -73.475857
69.7271 117.2159 15.9694 -73.474837
70.0973 118.581 15.0882 -73.473892
70.8674 119.2691 13.939 -73.473019
70.3855 118.9765 13.515 -73.472227
69.9666 118.6726 13.3866 -73.471508
70.2125 118.847 11.7059 -73.470862
70.4357 118.9096 10.8982 -73.470312
70.1867 118.7318 12.5649 -73.469842
69.521 118.6003 13.8778 -73.469467
69.0153 119.2849 13.1332 -73.469184
69.8993 119.8704 11.9133 -73.468993
70.2963 119.9515 10.2866 -73.468896
95.5228 3.6634 18.9207 -73.556657
95.9521 3.5018 19.9853 -73.556563
96.3294 3.3373 21.069 -73.556515
-41.3421 222.5153 -25.6062 -72.771973
-42.702 224.1478 -25.2091 -72.763468
-44.2458 225.1088 -24.0553 -72.755017
-45.8189 226.0665 -23.0056 -72.746631
-47.3319 227.1224 -21.9872 -72.738301
-48.8138 228.7344 -21.8003 -72.730027
-50.1281 230.4969 -21.9165 -72.7218
-51.8278 231.7383 -22.0527 -72.71361
-52.8158 233.6774 -22.1145 -72.705449
-53.0724 235.6787 -22.1684 -72.699034
-53.6815 237.6012 -22.215 -72.694382
-54.8336 239.2327 -22.1693 -72.68978
-55.9455 240.9107 -22.1307 -72.685223
-56.8959 242.6769 -22.2538 -72.680706
-57.6448 244.0732 -23.1351 -72.67622
-57.9004 245.3567 -24.6431 -72.671771
-58.5973 247.0318 -25.4177 -72.667361
-59.3933 248.8468 -25.6686 -72.662984
-60.5485 250.492 -25.7129 -72.658637
-62.0102 251.8694 -25.795 -72.654316
-63.5819 251.7041 -25.7766 -72.65002
-65.1861 252.5294 -25.4878 -72.645744
-66.5361 253.7075 -24.6451 -72.641491
-67.4482 255.4346 -24.2826 -72.637257
-68.0616 257.3349 -24.0645 -72.633044
-69.279 258.781 -24.0213 -72.628856
-70.6709 260.1778 -24.061 -72.624683
-71.4436 262.0159 -24.0595 -72.62053
-72.8554 263.4363 -23.888 -72.616399
-74.3055 264.6952 -23.3614 -72.612289
-75.6104 266.0079 -22.6232 -72.608195
-76.4194 267.7709 -22.2236 -72.60411
-77.0046 269.6763 -21.989 -72.600048
-77.6943 271.5617 -21.8675 -72.596008
-78.0414 273.5421 -21.7862 -72.591983
-78.9873 275.301 -21.7403 -72.587979
-80.3424 276.7952 -21.6879 -72.583995
-81.6546 278.3163 -21.6068 -72.580034
-83.1583 279.5974 -21.7854 -72.576095
-84.8953 280.6045 -21.8472 -72.572174
-86.7025 281.4584 -21.6828 -72.568273
-87.8751 282.8646 -21.0904 -72.564391
-89.4892 283.7967 -20.5891 -72.560531
-91.1007 284.9601 -20.5677 -72.556699
-92.4107 286.2858 -21.1453 -72.552884
-94.0557 286.9976 -21.9919 -72.549097
-95.7101 288.0996 -22.2545 -72.545334
-97.3406 289.2852 -22.2657 -72.5416
-98.976 289.9877 -22.9029 -72.53789
-100.2796 290.7986 -23.6291 -72.534205
-101.4799 291.8038 -22.4899 -72.530544
-103.036 292.9887 -22.0284 -72.526917
-104.6892 294.1312 -21.8834 -72.523321
-106.3559 295.2232 -22.151 -72.519755
-107.8941 296.3493 -22.6692 -72.516224
-109.1385 297.4951 -23.597 -72.512721
-110.8652 298.494 -23.4597 -72.509258
-112.4721 299.5248 -23.016 -72.505826
-113.8772 300.6139 -22.2042 -72.50243
-115.339 301.8994 -21.8314 -72.499072
-116.6463 303.427 -21.784 -72.495755
-117.9037 305.0024 -21.8441 -72.492476
-119.0254 306.6607 -22.003 -72.489233
-119.7365 308.5266 -22.2827 -72.486033
-120.0458 309.7921 -21.1758 -72.482857
-120.3335 310.3959 -19.2752 -72.479735
-120.8092 311.2425 -17.5331 -72.476662
-121.3861 312.9361 -16.6595 -72.473639
-122.3666 314.5966 -16.303 -72.470671
-123.445 316.2788 -16.4754 -72.467745
-124.5125 317.8962 -16.7048 -72.464872
-124.8879 318.6378 -14.9021 -72.462032
-124.9811 319.1413 -12.9496 -72.459241
-125.2786 319.7061 -11.0358 -72.456506
-125.7833 320.5605 -9.2875 -72.453839
-126.7853 321.2272 -7.7186 -72.451232
-128.1198 321.7372 -6.5853 -72.448678
-129.5338 322.6762 -5.6435 -72.446184
-130.8033 322.8583 -4.1103 -72.443745
-132.3486 322.5617 -2.9424 -72.441369
-133.5223 321.7567 -2.2514 -72.439056
-134.4075 321.0203 -3.7194 -72.436804
-136.141 320.0633 -3.704 -72.434619
-137.9234 319.2453 -3.5128 -72.432499
-139.8153 319.4438 -3.03 -72.430421
-141.7336 319.7231 -2.5415 -72.42843
-143.2992 318.8382 -1.8198 -72.426512
-143.6324 318.198 -3.1912 -72.424655
-144.6494 318.183 -2.5451 -72.422864
-145.6029 318.7473 -1.0864 -72.421149
-147.1116 319.1677 -0.0827 -72.419507
-149.0143 318.6505 0.3041 -72.417936
-150.835 317.9416 0.6531 -72.416439
-152.6003 318.3043 1.3039 -72.415015
-154.255 319.2248 1.8195 -72.413666
-156.1347 319.0641 1.3765 -72.412388
-157.9479 318.8394 0.6505 -72.411184
-159.8193 318.2421 0.4855 -72.41005
-161.6982 318.4908 0.8126 -72.40899
-163.3502 318.4678 1.946 -72.407999
-164.7917 318.8721 3.1901 -72.407078
-166.0348 318.4651 4.5448 -72.406226
-167.2051 317.7036 5.9108 -72.405441
-168.6856 318.3603 6.972 -72.404722
-170.5746 318.3686 7.6324 -72.404066
-172.4422 318.8037 8.0573 -72.403472
-173.7745 319.4811 7.41 -72.402934
-175.2708 319.8181 6.8918 -72.402453
-176.3866 321.0401 7.8064 -72.402024
-178.1084 321.388 8.4289 -72.401645
-179.8667 322.3331 8.1901 -72.401312
-181.7338 322.9719 7.9865 -72.401022
-183.2047 324.2061 7.6173 -72.400772
-184.6529 324.5109 6.7583 -72.400558
-186.4765 324.882 7.4149 -72.400378
-188.3601 325.5005 7.7542 -72.400227
-190.207 326.2741 7.8586 -72.400103
-191.8555 326.4884 7.2737 -72.400004
-192.3011 326.2807 5.3327 -72.399927
-192.4569 326.3027 3.3202 -72.399868
-192.6127 326.3246 1.3078 -72.399831
-192.7684 326.3466 -0.7047 -72.399812
-53.5618 234.7518 -22.4056 -72.699304
-55.3696 234.7358 -22.9279 -72.695248
-57.1775 234.7198 -23.4502 -72.691314
-58.9758 234.7413 -23.9753 -72.687496
-60.5834 235.6616 -24.1049 -72.683755
-62.2107 236.6032 -24.0421 -72.680058
-63.9306 237.3539 -24.0447 -72.676415
-65.5569 238.2591 -24.1396 -72.672811
-67.3063 238.9314 -24.1596 -72.669259
-68.8366 239.9978 -24.0522 -72.665742
-70.5332 240.314 -23.7713 -72.662267
-72.1779 239.7124 -23.3677 -72.658829
-73.9055 239.067 -23.0743 -72.65543
-75.764 238.9129 -23.0612 -72.652068
-77.5069 238.4311 -23.4834 -72.64874
-79.2728 238.5078 -23.5052 -72.645447
-81.0101 239.1307 -23.2489 -72.642186
-82.8258 239.4159 -22.9537 -72.638962
-84.5254 239.9346 -22.4418 -72.635773
-86.2406 240.0396 -21.7161 -72.632614
-87.8568 239.8217 -20.9364 -72.62949
-89.3552 239.6723 -19.8507 -72.626397
-90.7771 239.8281 -18.7653 -72.62334
-92.3262 239.5258 -18.0598 -72.620317
-94.0855 240.1028 -17.7873 -72.617333
-95.877 240.5966 -17.5579 -72.614385
-97.6988 241.0591 -17.507 -72.61147
-99.53 241.4724 -17.4393 -72.608596
-101.2527 242.1681 -17.1773 -72.605758
-102.8299 242.815 -16.4434 -72.60296
-104.4569 243.5931 -15.9937 -72.600207
-106.2956 243.7075 -16.104 -72.597489
-107.1732 243.8399 -14.6775 -72.594795
-108.3872 244.3725 -13.7017 -72.592157
-109.3454 245.4642 -12.5807 -72.589565
-110.5466 246.5332 -11.6213 -72.587016
-112.0874 247.1 -10.9503 -72.584515
-112.6927 248.1713 -9.7197 -72.582053
-113.85 248.7857 -8.6033 -72.579641
-114.9422 250.1535 -8.2414 -72.57728
-115.3929 251.8689 -7.6387 -72.574969
-116.4822 252.9605 -6.8157 -72.572714
-117.371 253.2374 -5.1806 -72.570507
-118.358 253.8356 -3.7152 -72.568357
-119.4595 254.4678 -2.3971 -72.566266
-120.9563 255.2641 -1.6822 -72.564229
-122.5163 255.9458 -1.0086 -72.562252
-123.9831 256.9071 -0.452 -72.560333
-124.7954 257.8348 0.9161 -72.558473
-125.65 259.0549 2.0473 -72.556675
-126.8265 260.4562 2.1583 -72.554937
-128.2898 261.2032 2.616 -72.553257
-129.0334 261.3894 4.2611 -72.551636
-129.2473 261.2649 6.1105 -72.550027
-129.4022 261.1437 7.9821 -72.548507
-129.5576 261.0229 9.8536 -72.547076
-129.7512 260.9235 11.7229 -72.545674
-129.9463 260.825 13.592 -72.544353
-130.1515 260.7135 15.4586 -72.543117
-130.5488 260.346 17.2477 -72.541948
-131.604 259.0778 18.099 -72.540849
-132.4067 258.2916 19.5872 -72.539813
-133.3932 257.3081 20.8241 -72.538841
-133.8044 256.3522 22.376 -72.537931
-134.6418 255.2368 23.5911 -72.537083
-135.4197 253.8392 24.4892 -72.536295
-135.7 253.4829 26.3153 -72.535563
-136.3101 252.641 27.7577 -72.534891
-136.3201 251.3179 26.4825 -72.534276
-136.8701 249.6435 26.0944 -72.533714
-137.7175 248.1362 25.6627 -72.533205
-137.6045 246.4619 25.1316 -72.532749
-137.2893 245.0053 24.2243 -72.532344
-136.6215 243.4615 23.4192 -72.531987
-135.6446 241.9497 22.8735 -72.531672
-135.3758 240.4199 22.4018 -72.531408
-136.1869 239.3032 23.0344 -72.531188
-136.341 238.0644 24.2021 -72.531013
-136.433 236.6369 25.3143 -72.530882
-136.6008 234.8539 25.6617 -72.530794
-137.1474 233.4458 25.0869 -72.53075
-10.2537 234.1313 -65.7936 -72.771018
-11.9535 235.2244 -65.4206 -72.765219
-13.2513 236.4124 -64.5554 -72.759526
-13.9825 238.2182 -64.0036 -72.753926
-13.9675 239.4333 -65.1657 -72.7484
-14.1745 240.8047 -66.5759 -72.742976
-14.74 242.3781 -67.763 -72.737633
-15.0167 243.3075 -69.5586 -72.732353
-14.9973 244.3966 -71.2899 -72.727153
-15.4806 245.6013 -72.6631 -72.722021
-16.6681 247.206 -72.2066 -72.71695
-17.3029 249.0449 -71.7718 -72.711928
-18.6676 250.382 -71.3338 -72.706958
-19.6799 251.0982 -72.0439 -72.702029
-20.4939 252.2385 -73.4165 -72.697129
-21.5912 252.7618 -72.8895 -72.692748
-21.9596 252.8176 -71.2713 -72.688922
-22.6797 254.2973 -71.5196 -72.685125
-23.6039 255.7577 -72.0067 -72.681357
-24.5721 257.236 -72.2298 -72.67761
-26.0105 258.3101 -72.2446 -72.673886
-27.3761 259.4599 -72.2196 -72.670182
-28.9516 260.3257 -72.2375 -72.666457
-30.5102 261.2195 -72.2945 -72.662799
-31.595 262.5637 -72.7018 -72.659163
-32.6547 263.9941 -72.7006 -72.655546
-33.5598 265.5319 -72.4801 -72.651951
-34.5952 266.9872 -72.4053 -72.648376
-35.2782 268.5959 -72.3691 -72.644813
-36.5462 269.7783 -72.1737 -72.641279
-37.8737 270.872 -71.8225 -72.637765
-38.8876 272.2418 -71.3145 -72.634271
-39.6217 273.7558 -70.7585 -72.630797
-40.6535 274.9959 -70.0158 -72.627346
-42.0534 275.9829 -69.5331 -72.623912
-43.5846 276.8719 -69.3005 -72.620506
-45.0655 277.8565 -69.4958 -72.617118
-45.946 279.1186 -68.7677 -72.613755
-45.8345 280.5644 -67.9551 -72.610413
-46.196 282.2235 -68.3906 -72.607096
-46.2456 283.784 -69.1293 -72.603805
-45.9356 284.9029 -69.4775 -72.600536
-46.3572 283.3243 -69.8414 -72.597284
-47.6385 284.0096 -69.6263 -72.594043
-47.8598 285.27 -68.7781 -72.590844
-47.9763 286.6481 -67.6615 -72.58767
-48.0018 287.8134 -66.394 -72.584522
-49.296 287.3623 -65.4888 -72.581405
-50.1432 286.6731 -64.1653 -72.578326
-50.2434 286.1704 -62.4405 -72.575265
-51.2742 284.9264 -61.8207 -72.572252
-52.8421 284.4426 -61.0987 -72.569272
-53.9107 283.6653 -60.0279 -72.566329
-54.752 283.3629 -58.5184 -72.563415
-55.6511 282.4981 -57.2933 -72.560548
-56.6242 281.93 -56.0196 -72.557725
-57.9991 281.9695 -54.8908 -72.554938
-59.0837 282.3361 -53.8941 -72.552196
-60.0943 282.1643 -52.7677 -72.549493
-61.4419 281.5155 -51.8651 -72.546841
-62.8626 280.827 -51.0501 -72.544233
-64.2795 280.6349 -50.0042 -72.541672
-65.804 280.5238 -49.0693 -72.539163
-66.7885 280.054 -47.7484 -72.536696
-67.9789 279.2336 -46.7905 -72.53428
-68.6552 278.446 -45.3481 -72.531915
-69.0138 277.9753 -43.6489 -72.529601
-69.4167 276.9949 -42.4398 -72.527346
-69.8247 275.5947 -42.5008 -72.525143
-70.268 276.0815 -42.6582 -72.522998
-70.9242 276.409 -41.0457 -72.520894
-71.4032 276.5871 -39.3203 -72.51886
-72.2724 276.7647 -38.0281 -72.516891
-73.2041 276.1685 -36.6914 -72.514982
-74.2918 275.5936 -35.4399 -72.513137
-75.425 274.8456 -34.2803 -72.511353
-76.9255 274.2886 -33.5609 -72.509634
-77.3251 274.3933 -31.9623 -72.507977
-77.3839 274.0953 -31.6173 -72.506371
-77.9259 274.1693 -30.1943 -72.504834
-79.5493 274.0847 -29.6223 -72.503368
-80.9279 274.149 -28.5263 -72.501966
-82.1503 274.2888 -27.2947 -72.500635
-83.1333 274.5631 -25.8399 -72.499368
-83.3586 274.0993 -24.1212 -72.498165
-83.4086 273.3363 -22.4949 -72.497032
-83.5601 272.816 -20.7795 -72.495961
-83.7705 272.4678 -19.0265 -72.494955
-84.0593 272.0789 -17.2937 -72.494017
-84.2893 271.7437 -15.5414 -72.49314
-84.9661 271.1706 -14.2656 -72.492331
-86.4465 270.5588 -13.5443 -72.491584
-87.5224 269.4821 -12.7644 -72.490896
-88.5863 270.2836 -13.3628 -72.490265
-89.344 271.7765 -13.8414 -72.48969
-90.7295 272.8654 -14.017 -72.489159
-92.0012 274.1345 -14.1202 -72.488683
-93.0728 275.5655 -14.188 -72.488259
-94.4803 276.5793 -14.1262 -72.487881
-96.2029 276.3016 -13.7358 -72.487546
-97.8612 276.4416 -13.1634 -72.487251
-99.2225 277.2086 -12.3487 -72.486995
-100.7724 276.7787 -11.5881 -72.486773
-102.4856 276.8416 -11.2384 -72.486585
-104.2435 277.0799 -11.3594 -72.486428
-105.8758 277.7134 -11.5089 -72.486299
-106.978 278.2571 -10.6069 -72.486198
-108.7214 278.4008 -10.5748 -72.486123
-110.1714 278.7473 -11.3411 -72.486073
-111.6618 279.6815 -11.4564 -72.486049
-21.5015 253.5088 -73.309 -72.694222
-22.5942 254.3623 -72.684 -72.693371
-23.4363 255.5756 -72.2611 -72.69261
-23.7952 256.2196 -73.6016 -72.691931
-24.1958 256.9175 -74.8973 -72.691342
-24.5102 257.2028 -76.431 -72.690836
-25.2575 257.9568 -77.5755 -72.690416
-25.9832 258.9049 -78.6121 -72.690079
-26.7351 259.8964 -79.3372 -72.689825
-27.7754 261.0706 -79.3699 -72.689655
-28.1276 262.1418 -78.3341 -72.689569
-14.415 228.9869 -63.4499 -72.77582
-16.1331 229.4489 -63.5343 -72.772132
-17.7421 230.1331 -63.7219 -72.768571
-19.4067 230.7023 -63.8399 -72.765139
-20.8995 231.6241 -63.8754 -72.761832
-22.4197 232.5434 -63.927 -72.75864
-23.9779 232.9794 -64.5409 -72.755562
-25.5926 233.2447 -65.0739 -72.752587
-27.3372 233.3731 -65.393 -72.749719
-29.108 233.4677 -65.4659 -72.74695
-30.8642 233.5427 -65.402 -72.744275
-32.3482 234.4256 -65.4518 -72.741694
-33.9347 234.8444 -64.9779 -72.739197
-35.6107 235.0483 -64.5372 -72.736784
-37.2988 235.2219 -64.5195 -72.734452
-38.3854 235.5894 -65.5655 -72.732189
-39.1438 235.7555 -64.0699 -72.729998
-40.4342 236.3585 -64.9633 -72.727883
-41.6538 237.408 -65.4996 -72.725837
-43.3197 237.9738 -65.7908 -72.72386
-45.0712 238.2644 -65.9288 -72.72195
-46.7994 238.6788 -65.9135 -72.720105
-48.5481 238.9796 -65.7557 -72.71832
-50.2593 239.3638 -65.4708 -72.7166
-51.9541 239.818 -65.3779 -72.714938
-53.6581 240.3081 -65.5616 -72.713337
-55.3649 240.7618 -65.7517 -72.711796
-56.9242 241.5359 -65.9538 -72.710312
-58.6438 241.8319 -66.2728 -72.708888
-59.9936 242.7156 -66.7405 -72.70752
-60.984 243.7818 -67.5294 -72.706209
-62.0855 245.146 -67.6347 -72.704957
-62.592 246.8516 -67.5474 -72.703762
-63.6958 248.1812 -67.3534 -72.702623
-65.3602 248.1365 -67.1819 -72.70154
-66.6185 247.2528 -66.7907 -72.700513
-68.2827 246.701 -66.9975 -72.699536
-69.0056 246.5375 -67.1182 -72.698622
-69.4149 247.1923 -66.2178 -72.697759
-70.5685 248.2104 -65.6787 -72.696953
-72.1021 248.9573 -65.1628 -72.696204
-73.5226 249.8734 -64.6789 -72.69551
-74.9049 250.917 -64.2744 -72.694872
-76.1941 252.0464 -63.8017 -72.694292
-77.6751 252.694 -63.2164 -72.693766
-78.9054 253.7897 -63.1101 -72.693298
-80.0531 255.1107 -63.1909 -72.692886
-81.4092 256.2087 -63.4316 -72.692532
-83.1166 256.5971 -63.7243 -72.692234
-84.8053 256.9649 -63.8465 -72.691995
-86.3232 257.8036 -63.7447 -72.691813
-88.0463 257.7843 -63.4146 -72.691691
-89.5568 258.6367 -63.0658 -72.69163
-79.8558 209.6969 -1.6956 -73.082059
-80.9345 210.9313 -0.8747 -73.076915
-81.8718 212.3265 -0.0936 -73.071869
-83.0145 213.649 0.4105 -73.066917
-83.35 215.4299 0.5242 -73.062054
-84.7236 216.0877 0.5245 -73.057278
-85.8365 216.8501 1.5461 -73.052576
-86.4751 218.3432 2.3648 -73.047972
-87.6889 219.3419 3.0091 -73.043452
-89.3832 219.625 3.5112 -73.03902
-90.5679 220.9942 3.9392 -73.034665
-91.9993 222.1339 4.2769 -73.030393
-93.1066 223.0567 5.3451 -73.026185
-94.2451 224.3484 6.04 -73.022047
-95.1955 225.7846 6.6504 -73.017984
-96.1469 227.1811 6.1703 -73.013996
-97.5307 228.1499 5.5656 -73.010069
-97.6555 229.6726 4.5217 -73.006202
-98.2632 230.7709 4.9578 -73.002392
-99.4213 231.1534 5.7424 -72.998653
-100.7458 231.4122 4.7237 -72.994974
-101.8502 232.6408 4.2535 -72.991361
-103.1436 233.9354 4.0273 -72.987811
-104.4921 234.4164 4.8558 -72.984325
-105.6117 233.6885 5.7966 -72.980879
-106.7274 232.3194 6.4016 -72.977463
-107.441 230.7522 6.8747 -72.974157
-107.4488 229.0255 7.5014 -72.970919
-107.9411 227.3511 8.131 -72.967751
-107.0902 226.8712 8.9862 -72.964647
-106.1496 226.513 10.1833 -72.96157
-105.9516 226.2598 12.0223 -72.958561
-105.4787 225.2922 12.0054 -72.955636
-105.2249 224.5846 10.2988 -72.952779
-104.7784 223.6625 9.5999 -72.950004
-104.7066 222.6921 11.0296 -72.947291
-105.026 220.965 11.6033 -72.94466
-104.6066 219.9029 12.8153 -72.942095
-103.3942 219.8352 14.0764 -72.939606
-104.3073 219.9043 13.553 -72.937194
-105.885 218.9419 13.3792 -72.934854
-107.2676 218.4747 12.6842 -72.93259
-108.1193 218.5469 11.0406 -72.930397
-108.3962 219.4541 11.7193 -72.928288
-109.0143 219.6825 13.4653 -72.92625
-109.7221 219.9831 15.1561 -72.924302
-110.6667 219.9703 16.4989 -72.922443
-112.0003 218.9022 16.8845 -72.920664
-113.4433 217.9794 16.4775 -72.91897
-114.7081 217.1333 15.6968 -72.91736
-115.2947 216.7255 13.9743 -72.915832
-115.5962 216.7912 12.1637 -72.914376
-115.7677 217.1126 10.3327 -72.913009
-115.4309 217.0746 11.1227 -72.911737
-116.1181 217.6962 12.116 -72.910517
-117.3855 218.3763 13.3061 -72.909401
-118.8798 218.8959 14.099 -72.908389
-120.5533 219.5755 14.5055 -72.907466
-122.3465 220.0233 14.7431 -72.906632
-124.1585 220.1151 14.949 -72.905886
-125.565 221.2324 14.8597 -72.905229
-126.6064 222.7478 14.7267 -72.904664
-127.1945 224.5052 14.537 -72.904188
-127.9351 226.1832 14.2547 -72.903806
-129.0224 227.5634 14.5865 -72.903516
-130.1181 229.0198 14.5982 -72.903321
-131.2201 230.4645 14.2522 -72.903222
47.5528 -96.076 13.5667 -75.379381
47.0015 -95.2803 13.5986 -75.379531
46.7344 -94.3274 13.6342 -75.379605
27.7081 -94.2683 18.8592 -75.413156
26.226 -93.6204 19.8024 -75.413691
24.7439 -92.9726 20.7456 -75.41407
23.2618 -92.3248 21.6888 -75.414314
23.8038 -92.3745 21.7835 -75.414434
54.7481 -88.0637 17.871 -75.357761
97.3169 -66.6493 31.3652 -75.30802
99.3506 -67.4491 30.897 -75.308762
101.3843 -68.2489 30.4289 -75.30936
103.4181 -69.0488 29.9607 -75.30983
105.4518 -69.8486 29.4925 -75.310177
104.935 -70.7499 28.9784 -75.310408
104.6139 -70.6388 26.7694 -75.310522
96.937 -66.473 30.8282 -75.307635
44.0154 -65.7095 15.6069 -75.288419
44.0102 -66.3692 14.8486 -75.288576
44.1586 -67.2141 14.3402 -75.288654
-4.665 -9.0685 -0.0051 -73.785576
-3.3078 -10.3003 -0.0154 -73.853516
-1.9532 -11.5348 -0.0257 -73.921306
-0.7426 -12.7803 -0.0459 -74.033534
0.4334 -13.9291 -0.0935 -74.189263
1.4466 -15.2471 -0.185 -74.343152
3.5554 -27.7322 1.4257 -74.561125
8.6107 -41.3653 6.7974 -74.739911
22.8794 -62.2772 10.5055 -75.093234
26.4745 -64.8588 13.9793 -75.140917
29.0535 -67.1183 14.3116 -75.171012
42.1418 -73.5431 16.2509 -75.274221
47.2069 -85.1931 18.1557 -75.345057
44.6639 -89.9679 15.7857 -75.369497
47.7449 -96.3203 13.6398 -75.378609
78.4149 -177.3628 14.5582 -75.433883
95.2227 -265.7699 17.0719 -75.468442
48.1056 -320.1106 18.1187 -75.487406
-10.9476 -383.6056 22.9817 -75.493797
-40.36 -432.7473 17.7175 -75.489021
28.7834 -94.5812 17.274 -75.409749
14.3097 -106.6143 20.8227 -75.435825
2.7577 -126.0427 26.0848 -75.451278
-45.0792 -189.1405 27.4734 -75.462368
30.9775 -170.2053 31.4202 -75.454521
28.3969 -94.5693 18.0599 -75.412216
-40.2348 -104.2908 -5.8163 -75.451688
-111.9958 -139.102 2.509 -75.464232
54.6562 -87.9717 17.7384 -75.356943
111.8824 -135.9529 29.1893 -75.42386
164.8572 -185.7356 20.1853 -75.457427
213.7243 -226.7876 32.011 -75.467099
43.9697 -65.4565 15.7766 -75.287571
45.5333 -62.1584 17.8534 -75.291756
96.2419 -66.2233 31.6259 -75.307515
2.1326 -22.0656 -2.5814 -74.490275
6.2653 -35.3706 6.4938 -74.655426
8.3143 -40.7868 6.7183 -74.808814
15.4942 -50.7521 4.9673 -74.924728
19.5156 -57.7327 7.1557 -75.035359
24.2121 -63.3654 12.9105 -75.117609
27.7984 -65.9637 14.1964 -75.156245
35.2991 -71.3414 15.5234 -75.224724
45.9552 -78.4006 18.2802 -75.311763
45.9541 -87.9136 17.638 -75.35781
46.0845 -93.1486 14.7482 -75.375323
52.1518 -103.9606 11.3242 -75.3861
58.8833 -119.603 12.0998 -75.397137
62.6461 -133.0235 18.7767 -75.407809
68.7987 -150.479 18.27 -75.418598
75.478 -168.4071 16.0379 -75.429177
80.7201 -186.7623 13.7215 -75.438557
86.0397 -202.1519 18.4658 -75.445323
88.9594 -219.8372 14.0604 -75.451966
92.3483 -238.1707 14.3683 -75.458839
94.4112 -256.1543 16.5595 -75.465638
95.282 -267.4858 16.3224 -75.471217
95.3059 -280.3632 10.9397 -75.474731
82.392 -291.8157 13.1552 -75.47827
66.6134 -301.8126 13.5179 -75.482158
55.8832 -314.8401 17.1156 -75.486081
42.621 -325.3136 19.0805 -75.488698
32.9705 -340.7608 23.6528 -75.489636
23.9361 -354.8041 21.203 -75.490691
9.6225 -366.7531 22.7517 -75.492167
-4.6074 -378.3071 21.4152 -75.493732
-16.9731 -389.755 18.9726 -75.493831
-27.5688 -401.1213 14.9527 -75.492491
-39.573 -411.7299 14.9204 -75.491303
-40.6381 -420.4638 25.2112 -75.490591
-40.4069 -426.6412 14.8914 -75.49005
-41.6738 -434.0686 12.5022 -75.487965
-35.1298 -447.795 10.0223 -75.484731
-30.511 -455.7937 6.7671 -75.481819
-26.4654 -460.7911 2.4423 -75.479729
-24.2919 -464.5784 0.2402 -75.478648
37.1249 -94.0849 14.9718 -75.391526
20.7736 -99.7756 22.2184 -75.42461
11.0172 -108.5614 18.7473 -75.439783
5.909 -113.1292 24.1737 -75.444992
4.7649 -121.3499 27.2758 -75.449344
-3.9067 -133.7894 26.1237 -75.453569
-16.2236 -149.0836 26.7198 -75.455975
-17.7909 -159.6216 22.5822 -75.458146
-30.8645 -168.2845 21.4997 -75.460381
-40.3768 -181.2163 24.3391 -75.46234
-50.8898 -195.8899 27.7601 -75.462364
-59.8432 -207.2909 27.0024 -75.460542
-63.453 -209.2381 15.4152 -75.458649
-64.2909 -212.4765 11.1044 -75.45722
-69.7086 -217.4653 14.9612 -75.456463
-1.3141 -131.2728 34.9295 -75.452734
15.7442 -115.5027 24.1983 -75.439644
21.9499 -133.9863 25.1312 -75.443572
26.8898 -147.4387 25.6301 -75.447079
28.6429 -155.1273 32.7495 -75.450559
28.6017 -167.7997 33.6747 -75.453738
33.7647 -170.9041 21.6446 -75.455307
35.3986 -176.6564 11.4651 -75.455047
39.8278 -180.409 -7.3747 -75.454693
28.4843 -94.572 17.6083 -75.411493
24.075 -93.3058 9.4058 -75.418224
15.5128 -90.8025 -8.4542 -75.42662
-0.0475 -89.6597 -13.0268 -75.434393
-13.9393 -94.7328 -4.0497 -75.441953
-31.0534 -101.5497 -4.3571 -75.449016
-48.3446 -108.1087 -4.4853 -75.45433
-60.3769 -111.0796 -1.1234 -75.457085
-77.9711 -113.5102 3.296 -75.459487
-92.0999 -121.9743 4.6219 -75.461914
-105.6825 -132.44 0.8972 -75.464075
-119.8735 -141.3568 5.959 -75.464349
-132.8113 -151.1601 6.979 -75.462879
-147.2952 -155.5423 4.0924 -75.461282
-153.368 -158.2725 7.6335 -75.460062
-168.793 -159.6906 7.6228 -75.459417
50.8433 -86.5895 17.9535 -75.352595
61.2357 -92.3404 14.5899 -75.36685
72.1897 -102.125 21.0158 -75.381149
85.4059 -115.7278 22.6939 -75.394271
96.1046 -123.0147 27.5352 -75.406875
106.3877 -128.7142 28.8233 -75.418734
119.3522 -141.0891 32.8119 -75.428946
133.3865 -151.0456 27.4274 -75.435972
140.4642 -156.8554 25.7903 -75.442526
152.3124 -169.1266 29.8767 -75.449017
161.5491 -182.1636 26.4505 -75.455163
167.3763 -187.9265 20.8501 -75.459652
178.0174 -198.4202 27.7655 -75.461744
190.5879 -201.853 17.5881 -75.463549
198.4764 -209.0366 23.2285 -75.465425
206.4978 -222.3967 29.9785 -75.467092
216.4485 -231.2363 29.6641 -75.467083
219.3592 -241.6667 28.5636 -75.46551
217.6919 -257.4839 32.1794 -75.463839
212.7961 -271.781 39.8533 -75.462564
208.8344 -287.7139 39.3838 -75.461879
43.1478 -69.6198 16.0595 -75.283507
45.0982 -63.5211 16.1223 -75.289941
50.7937 -61.6079 11.0465 -75.295419
63.7547 -58.5312 9.7712 -75.299204
75.049 -60.4617 16.3877 -75.301964
83.0968 -60.7333 25.9161 -75.304315
91.3447 -63.64 26.8113 -75.306476
106.4082 -69.1292 24.6495 -75.307293
123.1559 -72.5629 28.9251 -75.30674
143.1961 -75.9244 28.8652 -75.30642
46.1286 -55.224 14.5026 -75.294746
37.6417 -45.2763 18.4222 -75.296825
22.8448 -43.0894 21.8828 -75.297603
