-0.8015 -1.2678 -0 -73.025207
-3.2062 -5.0715 -0 -73.023782
-5.0765 -8.0299 -0 -73.022814
-6.4123 -10.1429 0.0262 -73.022516
-8.0143 -12.677 0.1283 -73.022104
-8.8146 -13.9429 0.1666 -73.021798
-8.2187 -14.5214 0.2948 -73.021469
-8.7411 -16.3672 0.5247 -73.020602
-10.0309 -17.8905 1.1419 -73.019498
-11.386 -19.3222 1.89 -73.018428
-12.7254 -20.8552 2.392 -73.017418
-14.0432 -22.4116 2.6217 -73.016217
-14.6972 -24.3185 2.0715 -73.014757
-15.5306 -26.234 2.0482 -73.013169
-16.1094 -27.8038 2.3068 -73.011792
-14.7796 -28.9827 3.1257 -73.010637
-13.6062 -30.5844 3.6202 -73.009476
-12.2537 -32.1091 3.9089 -73.008313
-11.1222 -33.7683 4.2796 -73.007143
-10.1932 -35.2295 5.196 -73.00597
-9.3619 -36.7283 6.3117 -73.00479
-8.5851 -38.2492 7.4144 -73.003608
-7.5935 -39.8435 8.2499 -73.002421
-6.8916 -41.4349 9.2193 -73.001224
-6.2727 -43.3267 9.6108 -73.000025
-5.7427 -44.6215 10.9758 -72.998815
-5.2774 -45.3085 12.8612 -72.997599
-4.5701 -46.2857 12.7646 -72.99638
-3.9187 -47.0128 11.0346 -72.995153
-3.487 -47.3534 9.0584 -72.993916
-3.1601 -48.3203 10.2056 -72.992673
-2.5906 -49.7167 11.29 -72.991438
-2.064 -51.2649 10.2609 -72.990194
-1.9023 -53.0628 10.2828 -72.988946
-1.2374 -53.7481 8.8883 -72.987684
-0.2338 -55.4757 8.438 -72.986424
0.9268 -57.1391 8.1846 -72.985158
2.1659 -58.7648 8.26 -72.983887
2.7966 -60.3652 9.2072 -72.982609
3.5606 -62.0815 8.7826 -72.981326
4.1051 -63.9769 8.2533 -72.980034
4.7728 -65.8913 8.0534 -72.978741
5.555 -67.7898 8.1794 -72.977444
5.4215 -69.7319 8.5591 -72.976143
5.3722 -71.1779 9.39 -72.974832
6.6015 -72.8224 9.4344 -72.973518
7.9091 -74.3345 9.4579 -72.972198
9.1469 -75.9691 9.4502 -72.970874
10.0298 -77.8076 9.4917 -72.969547
10.7723 -79.6982 9.5101 -72.968212
12.3735 -80.8411 9.4583 -72.966876
13.4145 -82.6176 9.4397 -72.965533
14.1594 -84.5026 9.6273 -72.964185
14.908 -86.352 10.0263 -72.962832
15.6285 -88.1574 10.421 -72.961476
16.2688 -90.0988 10.1972 -72.960114
16.8061 -92.0324 10.2983 -72.95875
18.0591 -93.5211 10.9131 -72.957381
19.0692 -95.1762 11.592 -72.956008
20.0514 -96.8019 12.3554 -72.954633
20.7986 -98.4251 13.1509 -72.953252
22.3425 -99.643 13.6764 -72.951867
23.1324 -101.4525 13.8694 -72.95048
24.2278 -103.1764 13.8286 -72.949088
25.7948 -104.4654 13.8973 -72.947694
27.3532 -105.7951 13.951 -72.946298
28.4996 -107.4233 13.9547 -72.944897
30.0108 -108.56 13.6639 -72.943493
31.1081 -108.6091 12.0588 -72.942063
29.9694 -109.9097 10.9348 -72.940523
28.8308 -111.2104 9.8109 -72.939018
27.6922 -112.511 8.6869 -72.93755
26.8377 -113.4766 7.7017 -72.936098
28.1153 -111.9666 8.2837 -72.934558
29.3929 -110.4565 8.8658 -72.933056
30.6706 -108.9464 9.4479 -72.931591
31.1787 -108.9746 10.7509 -72.930114
31.0798 -109.3078 12.7833 -72.928632
31.1974 -110.3892 14.0207 -72.927176
31.8589 -112.2436 14.4776 -72.925728
32.2207 -114.0808 14.8897 -72.924278
32.3754 -116.0895 14.7382 -72.922828
33.2282 -117.7627 14.1097 -72.921376
34.0263 -119.6079 13.7086 -72.919925
34.4263 -121.5938 13.4703 -72.918475
34.6735 -123.5948 13.4834 -72.917026
34.4631 -125.6138 13.6554 -72.915578
35.477 -127.1975 13.9548 -72.914135
36.4488 -128.3733 14.9241 -72.912686
36.0423 -130.1872 15.3722 -72.911232
35.1621 -131.5518 15.4371 -72.909786
35.6418 -129.8523 14.8263 -72.908354
35.0348 -128.0619 14.2107 -72.906925
35.5446 -129.8444 14.1534 -72.905498
35.6291 -131.8577 14.0497 -72.904079
34.8485 -133.6181 13.7199 -72.902667
34.2995 -135.3089 12.7219 -72.901262
33.9891 -137.2127 12.2496 -72.899866
34.6951 -139.1364 12.158 -72.89848
34.4342 -141.0719 12.4762 -72.897104
34.9496 -142.8915 13.1328 -72.895735
35.1207 -144.6736 12.8365 -72.89438
36.0553 -146.4708 12.5635 -72.893038
36.5162 -147.9232 11.2272 -72.891703
37.0821 -149.6924 10.5935 -72.89039
38.1845 -151.3675 10.8233 -72.889093
38.9786 -152.5573 11.4668 -72.887811
38.5512 -154.4927 11.7745 -72.88654
38.9845 -156.4817 12.0272 -72.885286
38.8087 -158.4686 12.102 -72.884055
39.4316 -160.3993 12.1561 -72.882846
40.017 -162.1492 11.7738 -72.881659
39.9044 -164.0643 11.3068 -72.880498
40.4166 -165.9089 10.6066 -72.879363
41.3853 -167.5493 10.7632 -72.878257
42.1247 -169.1267 11.6727 -72.87718
42.1485 -170.8263 12.6221 -72.876133
41.2541 -172.1527 13.7028 -72.875122
41.3329 -173.6405 14.3131 -72.874146
41.6008 -174.8677 12.6805 -72.873204
41.8738 -176.7997 12.275 -72.872305
42.7438 -178.5456 11.9564 -72.871449
43.2439 -180.4578 12.0397 -72.870638
43.3656 -182.4295 12.4106 -72.869871
43.6747 -184.2146 13.2717 -72.869153
44.1736 -186.1236 13.8383 -72.868488
44.3535 -187.9066 14.7675 -72.867875
44.8726 -189.5685 15.6922 -72.86732
45.4404 -191.1005 14.5715 -72.866823
46.1386 -192.9259 14.1459 -72.866389
46.6287 -194.8895 13.783 -72.866021
47.9055 -196.4354 13.3908 -72.86572
49.0241 -197.9564 13.467 -72.865489
49.8322 -199.3762 13.2319 -72.865332
51.04 -200.3986 12.0409 -72.865252
-16.8109 -27.3553 2.8101 -73.011945
-17.497 -28.3029 4.2038 -73.011115
-18.1984 -29.271 5.5067 -73.010305
-18.2577 -29.3412 3.7473 -73.009363
-18.2679 -29.344 1.9276 -73.008444
-18.2781 -29.3467 0.108 -73.007549
-18.2883 -29.3494 -1.7116 -73.006679
-18.2985 -29.3522 -3.5313 -73.005833
-18.8534 -30.5664 -3.9808 -73.005
-18.8107 -32.318 -3.8597 -73.00416
-19.3066 -34.0554 -3.7456 -73.003318
-18.9488 -34.5418 -2.2544 -73.002468
-18.3075 -35.7012 -1.0566 -73.001615
-18.003 -37.2922 -0.254 -73.00076
-17.2153 -38.7422 0.5062 -72.999902
-17.2992 -40.1694 1.5541 -72.999039
-17.1185 -41.7267 2.3954 -72.998172
-17.083 -42.8762 3.6698 -72.997297
-17.3639 -44.4413 4.545 -72.99642
-18.2212 -45.6938 5.2818 -72.995545
-18.9632 -46.7735 4.1464 -72.994666
-19.2427 -47.6114 2.5633 -72.993777
-19.7572 -49.1601 2.2576 -72.992894
-20.0441 -50.8741 2.5491 -72.99201
-20.3286 -52.4364 3.2684 -72.991126
-19.8077 -53.8024 3.6098 -72.990239
-19.2008 -54.6661 2.2731 -72.989344
-18.7221 -56.0354 2.9434 -72.988447
-18.7365 -56.729 4.1896 -72.987552
-18.8997 -58.1413 5.2798 -72.986661
-18.8149 -59.8936 5.7078 -72.985773
-18.9822 -61.072 7.0484 -72.984883
-19.3934 -62.5349 8.0119 -72.984003
-19.547 -63.8484 9.0694 -72.983121
-19.5772 -65.5723 8.63 -72.98225
-19.258 -67.3139 8.3405 -72.981385
-19.7508 -69.0603 8.364 -72.98053
-19.9946 -70.8175 8.7102 -72.979679
-19.8037 -72.5539 9.1873 -72.978838
-19.7201 -74.3251 9.5635 -72.978007
-20.2567 -75.9938 9.7611 -72.977186
-19.7758 -77.7066 9.8918 -72.976378
-19.8692 -79.394 10.0722 -72.975584
-20.6153 -80.6503 10.7965 -72.974805
-20.8101 -82.0334 11.1362 -72.974046
-21.8468 -83.2751 10.5156 -72.973305
-22.3598 -84.646 11.4203 -72.972585
-22.8139 -86.2646 12.0203 -72.971887
-22.9433 -87.4114 13.1988 -72.971208
-23.2601 -88.7922 14.1473 -72.970558
-23.5187 -90.5915 14.1567 -72.96994
-23.7693 -92.3875 14.2837 -72.969353
-23.9193 -94.161 14.5659 -72.9688
-24.765 -95.4177 14.2775 -72.968282
-25.6946 -96.5629 13.7452 -72.967804
-26.3361 -98.2508 13.7081 -72.967366
-26.22 -99.6251 14.4174 -72.966967
-26.029 -100.2322 16.1217 -72.966615
-25.98 -100.9366 17.7977 -72.966314
-26.1774 -101.1961 19.58 -72.966058
-26.4133 -101.3806 21.3748 -72.965866
-26.5757 -102.9017 22.0388 -72.965737
-26.565 -104.1061 22.8298 -72.96567
-10.4886 -18.1238 0.6694 -73.018592
-10.4015 -18.057 0.4643 -73.017947
-11.3637 -19.3353 1.4826 -73.017173
-12.4409 -20.4928 2.3203 -73.016258
-13.7335 -21.882 2.6066 -73.015266
-14.3525 -23.4451 1.6476 -73.014267
-14.7639 -24.7529 0.4153 -73.013263
-15.0123 -25.6795 -1.2982 -73.012252
-14.7483 -27.3027 -2.2341 -73.011238
-14.1682 -28.7546 -3.3613 -73.010216
-14.1335 -30.3237 -2.5621 -73.009188
-14.176 -32.0715 -1.7097 -73.008157
-14.076 -33.7889 -0.9359 -73.007121
-13.8862 -35.6563 -1.4771 -73.00608
-13.5408 -37.5381 -1.8551 -73.005035
-12.9254 -39.3671 -2.0095 -73.003982
-12.8947 -41.2639 -2.5483 -73.002926
-12.5093 -43.0891 -2.3969 -73.001865
-11.8636 -44.7358 -1.5183 -73.000792
-11.3409 -46.4019 -0.6056 -72.999716
-11.0233 -47.5467 0.9658 -72.998627
-10.5913 -48.4457 2.6789 -72.99754
-10.1405 -50.0833 3.3431 -72.99645
-10.2934 -51.7904 2.9275 -72.995355
-10.88 -52.8858 1.4404 -72.994249
-11.0363 -54.4811 1.7038 -72.993144
-11.1458 -56.3254 2.378 -72.992032
-10.357 -57.7555 3.4384 -72.990915
-10.1358 -58.8326 4.9901 -72.989792
-10.3077 -60.6124 5.6598 -72.988663
-11.2813 -62.2927 6.0116 -72.98753
-11.7958 -64.1934 6.181 -72.986394
-12.4342 -66.0517 6.3974 -72.985251
-11.9522 -67.7789 6.8906 -72.984102
-11.6762 -69.0382 8.2561 -72.982949
-11.713 -70.0381 9.9612 -72.981793
-11.8555 -70.9146 11.6774 -72.980624
-12.8132 -71.5235 13.2459 -72.979457
-13.5753 -72.2336 12.7301 -72.978285
-14.1638 -73.7043 11.8882 -72.97711
-14.4131 -75.2707 10.815 -72.975934
-13.5782 -77.0011 10.3425 -72.974753
-13.3259 -78.9499 10.1371 -72.973568
-13.3622 -80.9141 10.3308 -72.972382
-14.2376 -82.5066 10.9807 -72.971196
-14.7845 -84.1023 11.9265 -72.970005
-15.3519 -85.4422 12.6525 -72.968811
-15.7865 -86.6616 12.098 -72.967613
-16.5522 -87.7496 13.5364 -72.966414
-17.1687 -89.5648 13.8022 -72.965217
-18.2162 -91.1682 13.885 -72.96402
-19.5493 -92.634 13.9514 -72.962822
-20.3209 -94.4426 13.8656 -72.961624
-21.0095 -96.2837 13.6721 -72.960427
-21.3384 -97.8523 13.9673 -72.959218
-21.6939 -97.8965 15.9193 -72.957998
-22.3276 -98.0602 17.7316 -72.956796
-21.887 -98.9874 16.7979 -72.955585
-22.8153 -99.7306 15.3374 -72.954392
-24.3779 -100.6691 14.7056 -72.953205
-24.3457 -102.6276 14.3888 -72.952026
-24.5768 -104.5617 14.2213 -72.950853
-24.8282 -106.5067 14.2205 -72.949687
-25.0574 -108.4614 14.1941 -72.948529
-25.5558 -110.3378 14.0236 -72.947379
-26.9412 -111.6652 13.5497 -72.946239
-27.6548 -113.1993 12.651 -72.94511
-27.9593 -114.1646 11.0361 -72.943978
-28.3565 -115.3746 10.0919 -72.942877
-29.1471 -116.4978 9.0352 -72.941784
-29.5399 -117.0458 7.1689 -72.940697
-29.9596 -117.6548 5.3281 -72.939635
-30.9613 -118.935 4.5188 -72.938598
-32.1435 -120.2324 4.6581 -72.937579
-32.9363 -121.0473 6.2793 -72.936579
-33.621 -122.2206 7.5953 -72.935605
-33.9105 -123.585 8.7937 -72.934655
-34.4873 -124.3869 10.3397 -72.933732
-35.0405 -125.7656 11.4307 -72.932841
-34.701 -127.6323 11.772 -72.931982
-35.3063 -129.4991 11.9181 -72.931155
-35.9903 -131.3268 11.7835 -72.930364
-37.6819 -132.1342 11.31 -72.929611
-38.5009 -133.4806 10.3217 -72.928898
-38.4967 -134.7419 8.9782 -72.928225
-39.2613 -136.1191 9.0235 -72.9276
-39.6486 -137.8732 9.0943 -72.927024
-40.3927 -139.5578 8.4232 -72.9265
-41.3357 -141.2284 8.0319 -72.926031
-41.7461 -143.1332 7.6854 -72.925619
-42.0138 -145.0056 7.4829 -72.925267
-41.9887 -146.6225 8.5512 -72.924978
-43.1363 -148.1444 8.915 -72.924758
-43.8626 -149.8828 8.3731 -72.924607
-44.926 -151.4033 7.7386 -72.924529
-9.353 -14.8211 0.2731 -73.021323
-11.0559 -15.5864 0.7158 -73.020472
-12.8605 -15.9487 1.177 -73.019422
-14.323 -16.6873 2.6356 -73.017478
-15.6273 -17.7486 4.2904 -73.015847
-16.5612 -19.3299 4.837 -73.015109
-17.0333 -20.2944 6.2453 -73.01428
-17.8874 -21.5361 7.3823 -73.013429
-18.8508 -22.9769 8.1796 -73.012577
-19.5099 -24.5801 8.9543 -73.011718
-19.7318 -25.6734 10.3712 -73.010849
-19.6375 -26.5275 11.987 -73.00997
-20.9183 -27.5166 12.4491 -73.009094
-21.2964 -29.0814 13.3143 -73.008211
-21.83 -30.7644 14.0149 -73.007322
-22.4092 -32.288 14.7504 -73.006428
-23.1716 -32.8787 16.4102 -73.005517
-23.4458 -33.3976 17.1662 -73.004614
-23.9797 -35.1098 17.8018 -73.003704
-25.2888 -36.4276 18.1128 -73.00279
-26.4013 -37.9363 18.2431 -73.001873
-27.2908 -39.5473 18.3867 -73.00095
-28.9068 -40.2841 18.3568 -73.000022
-28.8386 -41.8551 18.071 -72.99909
-30.0593 -43.3052 18.0707 -72.998154
-30.6546 -44.9959 18.2212 -72.997211
-31.4097 -46.5757 18.3297 -72.996265
-32.6885 -47.8644 18.2798 -72.995315
-33.6705 -49.4532 18.3794 -72.994367
-34.3435 -51.1833 18.7706 -72.993414
-35.0428 -52.643 19.7515 -72.992458
-35.9334 -53.9164 20.8542 -72.991502
-36.4958 -55.5633 21.6175 -72.990546
-37.1515 -57.2664 22.1901 -72.98959
-37.503 -58.9135 22.7742 -72.988629
-37.2767 -60.629 23.5408 -72.987667
-38.3487 -62.1152 24.0868 -72.98671
-38.7835 -63.8894 24.6417 -72.985755
-39.0307 -65.5698 25.4324 -72.984803
-39.2448 -67.4312 25.7075 -72.983851
-39.4113 -69.2406 26.1323 -72.982906
-38.2265 -70.1613 27.1367 -72.981964
-37.9293 -71.6381 28.1838 -72.981023
-36.7386 -72.8721 28.5562 -72.980091
-35.4143 -74.1273 28.8617 -72.979169
-33.8413 -75.1427 29.2839 -72.978233
-32.9832 -76.7229 29.5771 -72.977326
-33.6399 -75.092 29.1649 -72.976415
-33.1635 -76.3575 28.5144 -72.975521
-32.6394 -77.9449 29.3953 -72.974641
-31.5586 -79.4236 29.8926 -72.973761
-30.8094 -81.0765 30.3763 -72.972902
-31.5811 -82.6547 30.6865 -72.972072
-31.7168 -84.5489 30.8274 -72.971262
-31.5105 -86.4537 30.8357 -72.970476
-31.5377 -88.3667 30.7633 -72.969713
-31.4829 -90.279 30.6456 -72.968977
-31.9235 -92.1277 30.4947 -72.96827
-32.2806 -93.9944 30.2829 -72.967597
-33.2826 -95.4749 30.073 -72.966955
-34.2923 -96.3147 29.212 -72.966349
-33.7984 -97.5646 29.0456 -72.96578
-33.365 -98.5644 30.3242 -72.965249
-34.9529 -99.5888 30.5864 -72.964766
-35.3561 -101.2379 30.5528 -72.96433
-35.425 -102.1901 29.7785 -72.963943
-35.4381 -103.6106 30.0236 -72.963612
-35.4329 -104.9525 28.8355 -72.963339
-35.4888 -106.6151 28.0477 -72.963129
-35.1318 -108.0258 29.2064 -72.962984
-34.5346 -109.5447 30.0645 -72.96291
-15.445 -16.6758 3.4162 -73.015839
-17.1123 -16.5493 2.7023 -73.015113
-18.8242 -16.1183 2.2844 -73.014294
-20.5247 -15.3962 2.2003 -73.013461
-22.3116 -15.3473 2.4856 -73.012625
-24.0423 -14.9367 2.9859 -73.011779
-25.7912 -14.8802 3.5418 -73.010927
-27.6376 -14.8877 3.7424 -73.010071
-29.4617 -14.8882 3.7168 -73.009209
-31.2202 -15.3922 3.5297 -73.008339
-32.7539 -15.8243 2.9445 -73.007458
-34.0829 -16.2305 1.7975 -73.006574
-35.3566 -17.1047 0.7776 -73.005685
-36.7811 -17.3591 0.0703 -73.004794
-38.4049 -17.2529 0.8951 -73.003899
-40.1857 -16.9717 1.2216 -73.002998
-41.9745 -17.3706 1.348 -73.002091
-43.6645 -17.7288 1.1737 -73.001178
-45.1638 -16.9527 0.472 -73.000262
-46.3865 -16.2335 -0.6264 -72.999338
-48.1583 -16.038 -0.1893 -72.998408
-49.5586 -16.5997 0.7893 -72.997473
-50.6275 -17.7832 1.5574 -72.996535
-52.4581 -17.9497 1.6886 -72.995593
-54.2203 -17.8442 1.1278 -72.994647
-55.6575 -18.4041 0.1681 -72.993696
-57.139 -19.2179 -0.5793 -72.992741
-58.8775 -19.6978 -0.9928 -72.991784
-60.4992 -20.5497 -0.8751 -72.990827
-62.2699 -20.9516 -0.784 -72.989867
-63.9605 -21.4851 -1.2025 -72.988897
-65.769 -21.6468 -1.2364 -72.987932
-67.4074 -21.948 -2.0416 -72.986966
-69.2303 -22.0478 -2.2783 -72.986001
-71.0405 -22.3933 -2.2 -72.985033
-72.76 -22.6876 -1.8978 -72.984067
-74.4248 -22.1245 -1.3042 -72.983103
-75.468 -21.5676 0.0962 -72.982138
-76.805 -21.0117 0.8974 -72.981175
-78.6304 -21.1688 0.7939 -72.980221
-80.2126 -21.6023 1.4208 -72.97927
-81.9055 -21.4802 1.8938 -72.978325
-83.3789 -20.5725 2.4839 -72.977387
-84.8475 -20.092 3.3977 -72.976457
-85.8797 -19.4106 4.4732 -72.975532
-86.9877 -17.9771 4.3817 -72.97462
-88.4094 -16.917 4.436 -72.97372
-89.1332 -16.2863 5.8123 -72.972823
-89.6827 -16.0961 7.5766 -72.971942
-90.6073 -14.9923 8.5732 -72.971085
-91.6573 -14.5236 9.9347 -72.970247
-92.216 -13.6924 11.4126 -72.969419
-93.3323 -12.5367 11.3011 -72.968625
-94.3529 -11.3333 10.4637 -72.967854
-95.9243 -11.359 10.3327 -72.967109
-97.085 -12.6874 10.4076 -72.966393
-98.637 -11.9209 10.4364 -72.965707
-99.8512 -10.5582 10.1484 -72.965058
-101.1467 -9.2581 9.9913 -72.964443
-102.9108 -8.8466 10.0308 -72.963869
-104.2043 -7.6318 10.4372 -72.96334
-105.7848 -7.7377 11.2376 -72.962856
-107.5295 -7.7352 11.7584 -72.962421
-108.7114 -6.5165 12.2914 -72.962038
-108.6826 -5.013 12.9437 -72.961708
-109.4316 -4.9691 14.0337 -72.961437
-110.9911 -5.321 13.2911 -72.961229
-112.3812 -4.7789 12.2565 -72.961087
-113.4541 -4.4164 10.8172 -72.961014
-15.5545 -17.632 4.3033 -73.015892
-16.8149 -18.3686 5.0193 -73.015292
-18.1535 -17.7371 5.9254 -73.014609
-19.3957 -17.6568 7.1162 -73.01391
-20.6245 -17.4395 8.329 -73.013209
-21.4073 -17.0773 9.8446 -73.012498
-22.3291 -16.4593 11.1562 -73.011787
-23.7986 -16.4039 12.1053 -73.011072
-24.636 -16.4397 13.5353 -73.010344
-26.0492 -16.413 14.4153 -73.009621
-26.5091 -16.6788 16.0866 -73.00888
-27.6416 -17.5424 16.452 -73.00815
-28.9683 -17.6171 17.1518 -73.007417
-30.2529 -16.8642 18.0015 -73.006682
-31.8112 -16.9615 18.7079 -73.005941
-32.7125 -16.0015 17.8716 -73.005201
-33.9732 -15.3124 17.8919 -73.004457
-35.5154 -14.9405 18.541 -73.003711
-36.8148 -15.2621 19.6037 -73.002962
-38.1095 -15.3947 20.6532 -73.002216
-39.3709 -15.3085 20.5665 -73.00146
-39.9084 -15.4165 22.2463 -73.000698
-41.4898 -16.1032 22.568 -72.99995
-43.1935 -16.3081 22.9719 -72.999204
-44.8671 -16.1005 23.426 -72.998461
-46.5874 -16.255 23.8037 -72.997718
-48.2806 -16.146 24.1613 -72.996985
-49.8848 -15.6408 24.6252 -72.996255
-51.569 -15.5809 25.1077 -72.995534
-53.1934 -15.8717 25.7123 -72.994821
-54.8397 -16.0518 26.2602 -72.994114
-56.4663 -15.7486 26.8593 -72.993423
-57.6381 -14.8744 27.7621 -72.992746
-58.8394 -13.7889 28.4214 -72.992082
-60.1932 -13.1386 29.3328 -72.991431
-61.8304 -12.6017 29.6751 -72.9908
-63.5039 -12.1508 29.7076 -72.99019
-64.8861 -11.121 29.4315 -72.989601
-65.5954 -10.0293 28.2627 -72.989033
-66.3587 -9.069 29.1123 -72.988492
-67.3994 -7.9254 29.8988 -72.987979
-68.8854 -7.8686 29.963 -72.987498
-70.5505 -7.352 29.9726 -72.987051
-72.0497 -6.4284 30.0037 -72.98664
-73.5599 -5.5098 29.9785 -72.986268
-74.8786 -4.3323 29.9264 -72.985928
-76.2236 -3.1844 29.9023 -72.985645
-77.2186 -1.7362 29.9278 -72.985412
-78.2778 -0.5048 29.7779 -72.985232
-79.9939 -0.3567 29.5292 -72.985109
-81.6519 -0.1123 29.479 -72.985045
-15.2282 -17.1379 4 -73.016151
-15.8134 -17.8487 4 -73.016119
-16.4306 -18.5318 4 -73.016103
-13.8552 -16.3527 0.6773 -73.018778
-6.8126 -12.9962 0.0714 -73.021911
-5.8684 -15.48 0.0572 -73.021153
-5.4058 -18.0693 0.0621 -73.020185
-4.8048 -20.6622 0.1442 -73.018968
-4.2378 -23.1032 0.3354 -73.017459
-4.2185 -23.3173 3.0099 -73.015009
-4.1991 -23.5292 5.6846 -73.012546
-3.9404 -24.0329 8.0609 -73.010121
-2.9465 -26.4423 7.8893 -73.007665
-2.9898 -29.1239 7.9366 -73.00515
-2.8312 -31.7921 8.079 -73.002571
-2.7737 -34.4658 8.0848 -72.999926
-3.1335 -36.1267 6.8772 -72.997168
-2.9668 -36.5649 4.2354 -72.994335
-3.5563 -38.3842 2.8887 -72.991473
-4.3063 -40.3834 1.497 -72.988524
-4.1208 -42.6459 0.2252 -72.985504
-4.2362 -43.7827 0.8959 -72.983097
-3.8312 -43.4159 2.8085 -72.981393
-3.4263 -43.0492 4.7211 -72.979722
-3.0214 -42.6825 6.6338 -72.978083
-2.6164 -42.3158 8.5464 -72.976475
-2.2115 -41.949 10.459 -72.9749
-1.8006 -41.5642 12.3611 -72.973357
-1.0504 -39.8462 12.7392 -72.971782
0.1758 -38.6585 13.5417 -72.970201
1.5902 -38.0395 13.8599 -72.968582
3.2347 -39.0768 14.2093 -72.966955
3.2862 -40.8715 14.6526 -72.965303
3.0921 -42.2179 15.9515 -72.96363
3.289 -43.8273 17.0278 -72.961936
3.7676 -45.0577 18.3989 -72.960209
5.3853 -45.2551 17.5078 -72.958459
6.4565 -45.5185 16.2146 -72.956653
6.4601 -45.5688 14.2263 -72.954815
7.3041 -46.1013 15.3965 -72.952961
7.7212 -46.6728 17.2551 -72.951069
8.2906 -47.8462 18.7417 -72.949165
8.7291 -49.4862 19.2615 -72.947762
9.1255 -50.9461 19.7272 -72.946905
10.0364 -52.2198 19.9693 -72.94605
10.7133 -53.6545 20.0389 -72.945194
11.8089 -54.3454 19.5071 -72.944331
12.1976 -54.6669 17.9921 -72.943468
13.1099 -54.8336 16.8714 -72.942609
13.5838 -54.6626 15.3738 -72.941699
13.6588 -54.6533 13.7788 -72.940664
13.7337 -54.644 12.1838 -72.939661
13.8087 -54.6347 10.5888 -72.938692
13.8837 -54.6254 8.9938 -72.937755
13.9586 -54.6161 7.3988 -72.936851
14.0336 -54.6068 5.8038 -72.93598
14.1085 -54.5975 4.2088 -72.935142
14.1663 -54.5744 2.6132 -72.934213
14.2206 -54.5486 1.0176 -72.933282
14.2749 -54.5228 -0.5781 -72.932387
14.3293 -54.497 -2.1737 -72.931527
14.3836 -54.4712 -3.7694 -72.930703
14.4379 -54.4454 -5.365 -72.929915
13.7113 -55.8095 -5.5929 -72.929149
13.1825 -57.2536 -6.0072 -72.928394
12.9567 -58.7053 -6.561 -72.927652
12.6682 -60.0281 -7.37 -72.926924
12.3514 -61.5353 -7.7387 -72.926212
11.9771 -63.0578 -7.8716 -72.925516
11.7617 -64.6275 -7.7751 -72.924839
11.4655 -65.9109 -8.3481 -72.924179
11.6675 -66.9063 -9.5712 -72.923538
11.728 -68.3207 -9.6289 -72.922917
11.6975 -68.4625 -8.07 -72.92232
11.4235 -69.5735 -7.0162 -72.92175
11.1196 -70.8404 -6.109 -72.921207
11.0275 -71.8722 -4.9846 -72.920689
11.2426 -73.2528 -4.3725 -72.920201
10.7531 -74.6674 -3.9199 -72.919745
10.425 -76.2016 -3.7062 -72.91932
10.77 -77.7411 -3.6532 -72.918929
11.0786 -79.2552 -3.6604 -72.918574
11.425 -80.7723 -3.755 -72.918257
11.2996 -82.2807 -4.0128 -72.917981
11.9706 -83.6675 -4.3963 -72.917745
12.7118 -84.5829 -3.8154 -72.917551
13.1706 -85.4159 -2.5821 -72.917403
13.3664 -86.853 -1.9391 -72.917302
13.3682 -87.667 -0.8755 -72.917251
8.6263 -48.9248 19.7774 -72.947806
8.971 -49.5407 20.9869 -72.947042
9.2099 -51.0475 20.8184 -72.946282
10.0927 -52.2943 20.5532 -72.945529
10.6868 -53.724 20.4404 -72.944781
11.4461 -54.1517 19.6321 -72.944024
11.5442 -54.2966 18.1881 -72.943275
12.9332 -54.8812 18.406 -72.942539
13.2774 -55.294 19.8309 -72.94179
13.7729 -56.2787 20.5319 -72.941066
14.3885 -57.7019 20.5127 -72.940347
15.16 -59.0485 20.6431 -72.939639
15.6443 -60.0525 21.5504 -72.938936
16.2084 -60.988 22.5631 -72.938244
17.2577 -61.2039 23.519 -72.937565
18.4454 -61.8839 23.9975 -72.9369
19.1422 -63.2514 24.2481 -72.936246
19.671 -63.8624 25.3071 -72.935597
20.2623 -64.3588 26.3522 -72.93497
21.638 -65.0559 26.1487 -72.934362
22.7173 -66.1327 25.8633 -72.933736
23.7256 -67.2733 25.5197 -72.933141
24.6112 -68.47 25.1932 -72.932583
24.9681 -69.954 24.971 -72.932049
24.9964 -70.9802 24.2159 -72.931511
24.9684 -71.117 22.6615 -72.930976
24.9404 -71.2538 21.1072 -72.930481
24.9124 -71.3907 19.5528 -72.930028
24.8648 -71.4567 17.9963 -72.929611
24.9221 -71.7069 16.7213 -72.929225
25.4185 -72.6144 17.5247 -72.928862
25.5779 -72.8182 19.0637 -72.928529
25.6724 -73.1458 20.5059 -72.928238
25.5385 -73.7136 21.7923 -72.927975
25.5469 -73.9336 23.3373 -72.92775
25.5553 -74.1535 24.8823 -72.927571
26.4257 -75.2629 24.9859 -72.927435
26.2037 -76.801 24.991 -72.927343
26.3234 -78.3421 25.0702 -72.927295
-4.7208 -44.7161 -0.023 -72.983506
-5.1299 -46.1818 0.6944 -72.982586
-5.3697 -46.9913 2.259 -72.98166
-5.7718 -48.0995 3.5791 -72.980735
-6.3113 -49.4357 4.5711 -72.979803
-6.1052 -51.0319 5.3148 -72.978869
-5.9754 -52.7323 5.8136 -72.977931
-5.3005 -54.3124 6.0843 -72.976988
-5.5666 -55.9139 6.2159 -72.97604
-6.3626 -57.4622 6.4728 -72.975089
-7.4327 -58.7683 6.9386 -72.974133
-8.3123 -60.0607 7.6969 -72.973173
-9.2075 -61.5771 7.5449 -72.972212
-10.0182 -63.1512 7.7642 -72.971246
-10.4982 -64.8336 7.9938 -72.97028
-11.098 -66.494 8.2496 -72.969307
-11.5795 -68.0917 8.8213 -72.968332
-11.4778 -69.48 9.814 -72.967357
-11.3768 -70.9824 10.6772 -72.966376
-11.1615 -72.6665 10.9417 -72.965392
-11.9531 -74.0675 10.3517 -72.964407
-12.2253 -75.2856 9.1163 -72.963419
-12.386 -76.5528 7.8889 -72.962433
-12.4919 -77.8973 6.8778 -72.961443
-12.6418 -79.6702 6.7282 -72.960454
-12.8923 -81.2283 7.3625 -72.959463
-13.0636 -82.0267 8.8276 -72.958464
-12.8375 -83.2389 8.8894 -72.957474
-12.4716 -84.694 8.0205 -72.956483
-12.6797 -85.5671 7.0599 -72.95549
-12.5183 -84.1321 6.1622 -72.954492
-12.5292 -84.0813 7.3739 -72.953494
-11.895 -85.6688 7.8198 -72.9525
-11.5229 -87.2946 8.4116 -72.95151
-10.3324 -88.1124 9.2259 -72.950524
-10.675 -89.8262 9.467 -72.94954
-11.2148 -91.4903 9.7261 -72.948564
-11.4919 -93.2205 9.9224 -72.947596
-11.8689 -94.9605 9.9938 -72.946633
-12.2215 -96.7085 9.9892 -72.94568
-12.5548 -98.4528 9.9031 -72.944735
-13.101 -100.1246 9.6027 -72.943801
-13.6123 -101.6942 9.0552 -72.942876
-14.5178 -102.8115 8.0351 -72.941962
-14.732 -103.8321 6.6289 -72.941057
-14.736 -104.949 5.3416 -72.940164
-14.7897 -105.5564 3.6632 -72.939285
-14.9175 -106.1934 2.0059 -72.938424
-14.8119 -107.3154 0.66 -72.937589
-14.3904 -108.3157 -0.7477 -72.936769
-14.0768 -109.6227 -1.5126 -72.935976
-14.1581 -111.3783 -1.2027 -72.935205
-14.4574 -112.7137 -0.3129 -72.934455
-14.5581 -113.8268 1.0481 -72.933734
-14.5629 -114.7419 2.5821 -72.933037
-14.3372 -115.8187 3.9677 -72.932374
-14.0073 -116.8255 5.38 -72.931742
-13.5104 -118.0936 6.4955 -72.931144
-13.0668 -119.695 6.5246 -72.930582
-12.4966 -121.0534 5.5568 -72.930061
-12.0851 -122.6625 5.1356 -72.929579
-12.5004 -124.2153 4.474 -72.92914
-12.6759 -125.9354 4.076 -72.928748
-13.0189 -127.5669 3.9008 -72.928403
-13.6129 -129.2115 3.7998 -72.928109
-14.5095 -130.7248 3.617 -72.927869
-15.1909 -132.314 3.2206 -72.927685
-16.0458 -133.6469 2.4524 -72.927559
-17.0046 -135.0632 2.0492 -72.927495
-3.6471 -8.0538 -0.0157 -73.022622
-1.3228 -8.9468 -0.0471 -73.022023
0.9314 -9.9936 -0.0832 -73.021377
2.6625 -11.7633 -0.1495 -73.020578
3.884 -13.4015 -0.8686 -73.01931
4.2751 -14.1359 -3.2157 -73.0165
4.6663 -14.8703 -5.5627 -73.013729
5.0575 -15.6047 -7.9097 -73.010997
5.4487 -16.3392 -10.2567 -73.008303
5.5082 -15.6747 -11.481 -73.006275
5.7528 -14.1284 -10.9972 -73.005014
5.1317 -14.013 -9.0503 -73.003715
5.6382 -14.026 -8.2186 -73.002343
7.6439 -14.2766 -7.8039 -73.000947
9.6042 -14.0356 -7.3728 -72.999571
11.4824 -13.5321 -6.7322 -72.998165
12.4397 -13.1153 -5.3274 -72.996724
13.1732 -12.7275 -3.4442 -72.995236
14.0029 -12.5015 -1.5695 -72.993712
14.9232 -12.6143 0.2611 -72.992158
16.0509 -12.8503 1.9217 -72.990569
17.2291 -12.7352 3.6117 -72.988926
18.6969 -13.072 4.9744 -72.987281
20.4387 -12.843 5.9867 -72.985598
22.2399 -12.9948 6.2182 -72.984377
23.7688 -13.3762 5.9788 -72.98365
25.0057 -12.6222 5.3936 -72.982922
26.3571 -12.2571 4.8087 -72.982194
27.8738 -11.9691 4.5669 -72.981462
29.2461 -11.1445 4.4391 -72.98073
30.8012 -10.7714 4.3716 -72.980001
32.3851 -10.5715 4.2891 -72.979272
33.2233 -10.1298 4.9983 -72.978538
34.0663 -9.8024 5.9221 -72.977807
35.5597 -9.845 6.5062 -72.977081
36.9026 -9.7278 7.2501 -72.976354
38.2463 -9.5474 7.9246 -72.975636
39.7277 -9.1425 8.3952 -72.974922
41.1759 -8.7377 8.951 -72.974214
42.5633 -8.3419 9.5488 -72.973508
43.7337 -8.1277 8.583 -72.97281
45.1311 -8.0308 7.9631 -72.972123
46.5242 -8.3092 7.3517 -72.971448
47.4104 -8.3281 6.0274 -72.970777
48.547 -8.1523 4.9694 -72.970122
50.1277 -8.0481 4.8161 -72.969482
51.0302 -8.412 5.9293 -72.968844
52.4231 -8.5023 6.17 -72.968231
53.895 -8.5955 6.6905 -72.967633
54.9911 -8.7652 7.7616 -72.967055
56.4893 -8.9904 7.679 -72.9665
57.587 -10.1308 7.9043 -72.965967
59.0801 -10.6364 8.1455 -72.965457
60.6014 -11.0022 8.4608 -72.964975
61.9959 -11.5958 8.0265 -72.964521
62.9752 -11.9724 7.058 -72.964091
63.4644 -12.0743 5.5381 -72.963693
64.0395 -11.9612 4.047 -72.963326
64.4337 -11.9546 2.4888 -72.962993
64.823 -11.932 0.9297 -72.962702
65.2041 -11.8836 -0.6309 -72.962455
65.5558 -11.8356 -2.1985 -72.962252
65.8976 -11.7879 -3.7682 -72.962097
66.4194 -11.7876 -5.282 -72.961991
66.4944 -12.5596 -6.6605 -72.961937
21.8035 -12.9643 5.5087 -72.984245
22.2928 -12.8975 4.0421 -72.983277
22.782 -12.8307 2.5755 -72.98234
23.2713 -12.7639 1.1089 -72.981434
23.7606 -12.6971 -0.3578 -72.98056
24.2499 -12.6303 -1.8244 -72.979716
24.7391 -12.5635 -3.291 -72.978904
25.2284 -12.4967 -4.7576 -72.978123
25.7177 -12.4299 -6.2242 -72.977374
26.2069 -12.363 -7.6908 -72.976655
26.8935 -12.3131 -8.9994 -72.975962
27.9931 -12.1349 -10.0456 -72.975278
29.4155 -12.0244 -10.5719 -72.9746
30.9321 -12.139 -10.7879 -72.973931
32.4337 -12.4908 -10.7732 -72.973265
33.7283 -13.0404 -10.3346 -72.97261
34.9591 -13.7394 -9.781 -72.971963
36.3049 -14.3754 -9.3611 -72.971324
37.7863 -14.4064 -8.971 -72.970686
38.9765 -14.4204 -8.3072 -72.97006
39.509 -14.5028 -6.8771 -72.969451
40.803 -14.1184 -7.3333 -72.968864
42.1172 -13.7343 -7.9502 -72.968294
43.481 -14.2451 -8.4653 -72.967742
44.8322 -14.6862 -9.0455 -72.96721
46.2199 -15.1571 -9.5418 -72.966699
47.4998 -15.7968 -10.1041 -72.966213
48.4919 -16.341 -10.9949 -72.965749
49.2648 -16.5571 -12.2212 -72.96531
50.6437 -17.0063 -12.5265 -72.964904
52.1626 -17.2199 -12.7123 -72.964528
53.5098 -17.9199 -12.5815 -72.964185
54.8261 -18.5114 -12.0649 -72.963877
56.0144 -19.3898 -11.6485 -72.963607
57.1511 -20.3793 -11.2981 -72.963375
58.5784 -20.83 -11.009 -72.963187
59.5198 -21.3446 -11.6244 -72.963039
59.9152 -21.5013 -13.1121 -72.962939
60.3293 -21.6363 -14.5919 -72.962888
5.542 -17.4481 -11.9734 -73.006478
5.2752 -19.0549 -12.8511 -73.005645
4.5319 -20.5356 -13.6308 -73.004806
4.2842 -21.2679 -12.1504 -73.003947
4.5234 -21.5541 -11.2061 -73.003097
5.0916 -22.5097 -9.9139 -73.002234
5.6355 -23.6108 -8.5295 -73.001367
6.4022 -24.9693 -7.5369 -73.000494
6.6335 -26.3097 -6.3211 -72.999618
7.1852 -27.3717 -7.4784 -72.998729
7.7638 -28.2275 -9.037 -72.997837
9.1599 -28.8455 -10.0123 -72.996947
10.2945 -29.4271 -11.2255 -72.996051
12.0307 -29.9265 -10.7637 -72.995147
13.7255 -30.5864 -10.4924 -72.994241
15.1918 -31.515 -11.0288 -72.993332
16.7178 -31.6949 -12.0524 -72.992417
18.2188 -31.9125 -13.1144 -72.991498
19.9511 -32.1969 -13.7295 -72.990574
21.5074 -33.0418 -14.1745 -72.989613
22.8543 -34.2615 -14.6414 -72.988648
24.0059 -35.5947 -15.1729 -72.987711
24.5296 -37.1036 -15.7174 -72.986771
24.7232 -37.5624 -17.5262 -72.985816
25.1008 -38.2263 -19.2142 -72.984861
26.3789 -39.4506 -19.5884 -72.983917
28.1291 -39.8596 -20.0602 -72.982971
29.3513 -39.6098 -21.3429 -72.982021
30.6809 -38.9744 -22.3478 -72.981069
31.8544 -39.4408 -23.699 -72.980115
32.7072 -40.1312 -24.5207 -72.979162
34.1875 -40.0661 -24.2388 -72.978208
35.3747 -39.954 -25.6606 -72.977254
36.0556 -40.1808 -27.3735 -72.976289
37.1117 -40.5409 -28.8636 -72.975337
37.9499 -40.8975 -30.5002 -72.974388
38.8019 -40.6861 -32.1277 -72.97344
39.8174 -40.5169 -33.6425 -72.972501
40.8901 -40.7217 -35.068 -72.97157
42.5305 -41.61 -35.2384 -72.970647
44.3755 -41.8861 -35.4176 -72.969733
45.9871 -42.2694 -36.0731 -72.968826
47.4878 -43.2765 -36.1873 -72.967914
49.3319 -43.6209 -36.2065 -72.966996
51.1887 -43.712 -36.2324 -72.966117
53.0372 -43.4731 -36.3042 -72.965255
54.8899 -43.6769 -36.497 -72.964412
56.6959 -43.5991 -36.9065 -72.963584
58.2639 -44.1277 -37.6876 -72.962776
59.5341 -44.5902 -38.7803 -72.961982
60.5988 -45.0677 -39.8571 -72.961217
61.8729 -46.2433 -40.1922 -72.960477
63.3313 -46.5896 -41.0735 -72.95976
64.0217 -46.6763 -42.7931 -72.959067
64.5704 -46.7494 -44.583 -72.958405
64.8703 -46.6711 -46.4334 -72.957754
65.1687 -46.5915 -48.2839 -72.957158
65.5964 -46.5388 -50.1097 -72.956598
65.7108 -46.4215 -51.9702 -72.95604
65.6981 -46.2783 -53.8407 -72.955529
65.6854 -46.1351 -55.7113 -72.955086
65.6727 -45.9919 -57.5819 -72.954708
65.7296 -45.7497 -59.4403 -72.954378
65.8135 -45.4694 -61.2934 -72.954111
66.0243 -45.0935 -63.1166 -72.953908
66.1717 -44.6856 -64.9394 -72.953768
66.3305 -44.1781 -66.4646 -72.953697
5.6517 -16.7814 -12.2027 -73.005993
5.689 -16.9607 -13.7308 -73.004226
5.7263 -17.14 -15.259 -73.002495
5.7636 -17.3194 -16.7872 -73.0008
5.8009 -17.4987 -18.3154 -72.999143
5.8383 -17.678 -19.8436 -72.997523
5.8756 -17.8574 -21.3717 -72.995939
5.9129 -18.0367 -22.8999 -72.994391
5.9502 -18.216 -24.4281 -72.992881
5.9875 -18.3954 -25.9563 -72.991407
6.0248 -18.5747 -27.4845 -72.989969
6.0621 -18.754 -29.0126 -72.988568
6.0994 -18.9334 -30.5408 -72.987204
6.1367 -19.1127 -32.069 -72.985876
6.1741 -19.292 -33.5972 -72.984584
6.2114 -19.4714 -35.1254 -72.983328
6.2487 -19.6507 -36.6536 -72.982109
6.286 -19.83 -38.1817 -72.980926
6.3233 -20.0094 -39.7099 -72.979779
6.3606 -20.1887 -41.2381 -72.978669
6.3979 -20.368 -42.7663 -72.977594
6.4352 -20.5474 -44.2945 -72.976556
6.4725 -20.7267 -45.8226 -72.975554
6.5099 -20.906 -47.3508 -72.974588
6.5472 -21.0854 -48.879 -72.973658
6.5845 -21.2647 -50.4072 -72.972764
6.6218 -21.444 -51.9354 -72.971906
6.6591 -21.6234 -53.4635 -72.971083
6.6964 -21.8027 -54.9917 -72.970297
6.7337 -21.982 -56.5199 -72.969547
6.771 -22.1614 -58.0481 -72.968832
6.8083 -22.3407 -59.5763 -72.968154
6.8457 -22.52 -61.1045 -72.967511
6.883 -22.6994 -62.6326 -72.966904
6.9394 -22.8766 -64.1572 -72.966333
8.1498 -22.8799 -64.1006 -72.965783
8.9886 -23.516 -62.989 -72.965246
9.9314 -24.3205 -62.1091 -72.964729
10.5435 -25.411 -61.3105 -72.964226
11.1641 -26.7642 -60.9602 -72.963745
11.7371 -28.177 -61.0516 -72.963286
12.2468 -29.4991 -61.4619 -72.962849
12.6299 -30.7915 -61.1111 -72.962436
13.0367 -32.212 -60.6823 -72.962049
13.4206 -33.6473 -60.2909 -72.96169
13.672 -35.0666 -59.8345 -72.961363
13.7802 -36.5811 -60.0484 -72.961069
13.7177 -38.0731 -60.4184 -72.960811
13.5658 -39.5761 -60.7091 -72.96059
13.3014 -41.0704 -60.6511 -72.960408
13.3571 -42.0105 -59.4467 -72.960267
13.5377 -43.0476 -58.3404 -72.960171
13.6333 -44.0606 -57.3331 -72.960122
-2.4565 -0.91 0.0523 -73.027427
-2.8293 2.667 0.2464 -73.031924
-3.0866 6.216 0.7208 -73.036533
-2.2413 9.6979 1.5153 -73.041275
-0.7404 12.7593 0.9662 -73.046114
0.227 15.8879 -1.0884 -73.051281
0.5524 20.1154 -1.9386 -73.056799
0.4575 24.418 -2.5408 -73.062486
0.4389 27.3767 -5.5178 -73.06836
-0.013 29.9656 -8.7108 -73.074417
-0.1419 14.3216 0.264 -73.048697
0.8616 14.8245 1.2959 -73.05007
2.5303 15.409 3.4469 -73.052665
5.0961 15.9466 3.8822 -73.055394
7.8356 16.5695 3.9069 -73.058281
10.5566 17.2922 4.0994 -73.061295
13.2701 17.9524 4.5537 -73.064467
15.8121 18.8134 4.7988 -73.067798
17.2134 19.7132 4.344 -73.070182
17.5574 19.3689 4.0634 -73.069996
-0.9274 14.3109 0.2417 -73.048621
-2.5488 14.1754 0.0246 -73.048281
-4.1702 14.04 -0.1925 -73.047979
-5.6969 13.9854 -0.1496 -73.04771
-6.0083 14.0245 0.9686 -73.047468
-4.7591 13.8534 0.1003 -73.047252
-4.5248 13.8442 -1.5168 -73.047018
-4.3735 13.8457 -3.1513 -73.046825
-4.2222 13.8471 -4.7858 -73.046679
-4.0708 13.8486 -6.4202 -73.046581
-3.7648 13.9278 -8.018 -73.046529
-3.1571 14.1597 -9.5252 -73.046523
-2.5409 14.9686 -10.6984 -73.046569
-0.6612 32.5013 -8.9792 -73.078236
-1.3441 34.6869 -8.6538 -73.081114
-2.5162 37.7967 -7.959 -73.085478
-4.0883 40.798 -9.2426 -73.089914
-6.1771 43.4321 -10.5669 -73.094419
-7.4526 45.9637 -12.4793 -73.099001
-8.199 48.9959 -14.3148 -73.103712
-8.488 52.2581 -16.0262 -73.108551
-8.9751 55.6713 -17.3793 -73.113465
-8.9724 59.3456 -17.9864 -73.118452
-8.8355 62.9598 -18.9326 -73.123515
-8.1651 65.7964 -21.101 -73.128657
-8.071 69.4931 -21.2598 -73.133871
-8.0725 72.7987 -19.5494 -73.138758
-8.8931 75.9303 -20.6534 -73.142743
-9.8467 77.8663 -22.8286 -73.146219
-10.916 79.9845 -24.8489 -73.149726
-11.8107 82.572 -26.461 -73.153485
-13.9622 85.1541 -28.0376 -73.157493
-15.428 87.4195 -30.0798 -73.16155
-16.2874 89.1284 -32.8169 -73.165016
-17.1302 91.8068 -33.4334 -73.167874
-16.6579 94.7355 -33.3269 -73.170748
-16.2793 97.4317 -32.2507 -73.173635
-16.0966 100.3779 -31.8618 -73.176535
-15.6048 103.2146 -31.8672 -73.180292
-15.0646 104.6984 -30.0846 -73.184915
-14.4099 106.6313 -31.3901 -73.189539
-13.9013 109.3975 -31.7321 -73.19417
-13.1382 112.1018 -31.8855 -73.198806
-12.0288 114.6912 -32.2205 -73.203452
-9.9615 116.491 -32.7147 -73.208099
-8.3964 118.5551 -33.6954 -73.212751
-7.0441 120.3709 -35.2413 -73.217408
-16.3107 103.1222 -31.2609 -73.180377
-17.0106 105.6108 -30.0258 -73.185081
-17.7104 108.0993 -28.7907 -73.189706
-18.4103 110.5878 -27.5556 -73.194249
-19.1321 113.0846 -26.3544 -73.198711
-20.0839 115.6275 -25.7828 -73.203148
-21.6544 117.8269 -26.4818 -73.207591
-22.4041 120.0541 -28.0006 -73.212047
-23.8204 121.9956 -29.2918 -73.216504
-16.2837 88.4956 -30.6847 -73.166163
-16.9057 88.45 -28.8674 -73.171254
-17.5277 88.4044 -27.0501 -73.17628
-18.1496 88.3588 -25.2328 -73.181239
-18.7716 88.3131 -23.4155 -73.186131
-19.3936 88.2675 -21.5982 -73.190955
-20.0155 88.2219 -19.7808 -73.195709
-20.6375 88.1763 -17.9635 -73.200392
-21.2595 88.1307 -16.1462 -73.205005
-21.8814 88.0851 -14.3289 -73.209545
-22.5034 88.0394 -12.5116 -73.214012
-23.1253 87.9938 -10.6943 -73.218405
-23.7473 87.9482 -8.8769 -73.222723
-24.3693 87.9026 -7.0596 -73.226965
-24.9912 87.857 -5.2423 -73.23113
-25.6132 87.8114 -3.425 -73.235217
-26.2352 87.7657 -1.6077 -73.239225
-26.8571 87.7201 0.2096 -73.243154
-27.4791 87.6745 2.0269 -73.247002
-28.1011 87.6289 3.8443 -73.250768
-28.723 87.5833 5.6616 -73.254452
-10.6474 82.0467 -25.97 -73.15267
-9.8973 83.5702 -26.7997 -73.154999
-8.9166 84.4636 -28.1497 -73.157348
-7.9416 85.635 -29.2349 -73.159717
-6.7633 86.7616 -30.2244 -73.162097
-5.9934 87.8877 -31.5 -73.164495
-4.805 89.0805 -31.9871 -73.166907
-4.0074 90.0975 -33.2964 -73.169348
-3.642 91.5318 -34.1524 -73.171791
-3.5504 92.2381 -35.0395 -73.174249
-2.6112 93.3175 -34.37 -73.176724
-1.4138 94.7914 -34.5426 -73.179198
-0.1697 96.0984 -35.117 -73.181681
0.8889 97.112 -35.3375 -73.184172
1.8787 97.6218 -33.8386 -73.186672
3.297 98.6527 -34.2066 -73.18916
4.478 100.1526 -34.2331 -73.191639
5.7259 101.6013 -34.2783 -73.194119
6.9236 103.076 -34.3329 -73.196584
8.2378 104.4594 -34.2789 -73.19904
9.708 105.6324 -34.1824 -73.201473
11.0242 106.9149 -34.1788 -73.203894
12.03 108.5293 -34.2938 -73.206292
12.8387 110.237 -34.4028 -73.208664
13.6986 111.9172 -34.2947 -73.211006
14.9808 113.3035 -34.0183 -73.213312
16.3534 114.5382 -33.5266 -73.215579
-8.0122 74.6652 -19.0128 -73.142138
-7.3733 74.7434 -17.1393 -73.144336
-6.2129 74.8717 -15.5661 -73.14653
-4.6588 75.1485 -14.4836 -73.148734
-2.9313 75.2005 -13.5318 -73.150956
-1.1908 75.5548 -14.025 -73.153197
0.2492 75.4182 -15.2751 -73.155457
1.6994 75.2949 -16.4498 -73.157728
3.456 75.8724 -16.5978 -73.160015
4.909 77.061 -16.0201 -73.162315
6.3489 78.0205 -15.2054 -73.164624
7.6777 78.1558 -16.557 -73.166958
9.1932 78.8939 -17.1669 -73.169293
10.3243 80.3116 -17.9293 -73.171633
11.8031 81.2429 -18.8099 -73.173975
13.3202 82.0201 -19.7154 -73.176321
14.672 82.8734 -20.8357 -73.178665
15.8195 84.0369 -21.4716 -73.181001
17.3968 85.0052 -21.5241 -73.183334
19.1523 85.9091 -21.6233 -73.185658
20.835 86.8367 -21.5731 -73.187969
22.3782 87.6805 -22.4819 -73.190273
23.6336 88.6822 -23.6145 -73.192554
25.3121 89.236 -24.4178 -73.194813
26.9271 90.1776 -25.069 -73.197095
28.5711 91.1435 -25.6063 -73.199372
30.1849 92.1759 -26.0934 -73.201556
31.906 93.0582 -26.3886 -73.20369
33.349 94.3802 -26.2354 -73.205781
34.682 95.7638 -25.7885 -73.207824
36.0698 96.9946 -25.1164 -73.209816
-9.1332 71.1226 -19.9391 -73.139266
-11.2049 71.3971 -19.3463 -73.144751
-12.2503 72.1505 -17.4371 -73.15035
-13.2771 72.9723 -16.3017 -73.156053
-15.0629 74.4381 -16.0237 -73.161852
-17.1889 75.3374 -15.9102 -73.167772
-18.7708 76.7954 -16.5998 -73.173809
-20.2396 77.7578 -18.0502 -73.179977
-21.4318 79.2493 -19.3169 -73.186253
-22.4493 80.8848 -20.0685 -73.191002
-23.644 82.5321 -19.9209 -73.194138
-25.2693 83.8199 -19.7197 -73.1973
-26.4282 85.5474 -19.5741 -73.200494
-27.4271 87.2915 -19.7394 -73.203724
-28.2555 88.0894 -18.5764 -73.207015
-28.4362 88.7812 -16.6121 -73.210351
-28.7184 89.4709 -14.6555 -73.213684
-28.5952 90.5234 -12.9306 -73.217031
-28.0087 92.2281 -11.8717 -73.2204
-28.1824 93.3344 -10.523 -73.223804
-28.881 94.9101 -9.3484 -73.227232
-29.1637 96.6406 -8.2343 -73.230677
-29.7507 98.589 -7.8416 -73.234143
-31.2546 100.014 -7.7767 -73.237631
-32.9856 101.1833 -7.8435 -73.241126
-34.438 102.6859 -7.93 -73.244646
-35.8645 104.1959 -8.077 -73.248178
-37.7492 105.0636 -8.2888 -73.251715
-39.7252 105.5106 -8.4883 -73.255273
-41.4274 106.5542 -8.4275 -73.258847
-22.5697 79.9845 -21.0657 -73.191242
-23.5049 79.5868 -23.0086 -73.194496
-24.7357 79.2357 -23.1851 -73.197441
-26.0186 79.7983 -22.2548 -73.200405
-27.6912 80.6895 -21.9109 -73.203392
-29.3246 81.7314 -21.4655 -73.206399
-31.1306 82.4861 -21.4143 -73.209426
-32.9071 83.2024 -21.5235 -73.212484
-34.8537 83.2248 -21.3716 -73.215561
-36.6622 83.819 -20.8419 -73.218662
-38.0322 83.5029 -19.5874 -73.221792
-39.4902 83.5562 -18.2934 -73.224936
-40.9141 84.0358 -17.0459 -73.228099
-42.4783 85.0996 -16.5078 -73.231269
-44.0118 86.2891 -16.2793 -73.234454
-45.0805 86.8165 -17.3328 -73.237718
-45.3985 87.0849 -19.2874 -73.240971
-46.0085 87.5938 -21.1008 -73.24424
-46.5256 87.8633 -23.0125 -73.247519
-47.0124 88.1443 -24.9307 -73.250807
-48.0466 88.8001 -25.8124 -73.254056
-49.3531 89.8139 -24.8517 -73.257309
-23.4169 79.5945 -22.041 -73.193023
-7.4755 47.1812 -14.128 -73.101599
-6.6397 46.9581 -15.442 -73.102134
-6.0885 47.0624 -16.854 -73.10265
-5.6785 47.4504 -18.3124 -73.103158
-5.0375 48.1975 -19.4234 -73.103653
-4.9376 48.8586 -20.8471 -73.104138
-4.8994 49.5688 -22.2208 -73.104608
-4.8067 50.8524 -23.1201 -73.105059
-4.348 52.1399 -23.896 -73.105511
-3.8636 53.4258 -24.6617 -73.105926
-3.2759 54.7308 -25.2965 -73.106303
-2.6137 56.0992 -25.6637 -73.106649
-1.9972 57.5231 -25.7699 -73.106965
-0.7472 58.4335 -25.8246 -73.107246
0.1834 59.5702 -25.9895 -73.107489
1.0556 60.8294 -26.3063 -73.10769
1.4265 62.1744 -26.9168 -73.107846
1.2466 63.3678 -27.9187 -73.107954
0.8615 64.5278 -28.8693 -73.10801
-1.2039 34.2315 -8.7378 -73.081162
-2.1645 36.692 -8.3921 -73.085602
-3.11 39.1845 -8.3928 -73.090146
-3.9026 40.3411 -6.7187 -73.094803
-4.4638 40.8393 -4.1593 -73.099587
-5.2514 41.2336 -1.6507 -73.104478
-6.4986 41.3875 0.6577 -73.10947
-6.9016 41.3668 3.1344 -73.114609
-8.3244 41.1475 5.0228 -73.119814
-9.0777 42.2825 6.6587 -73.124554
-10.4818 44.1286 6.7312 -73.12879
-12.0542 45.877 6.472 -73.133103
-13.7926 47.4551 6.7415 -73.1375
-14.3287 48.7274 8.6097 -73.141996
-14.2892 50.0448 10.5825 -73.146565
-14.3831 52.2013 11.5125 -73.151208
-15.4653 54.1641 11.5993 -73.155933
-15.9872 56.1264 10.7348 -73.160749
-15.9935 58.493 10.4465 -73.165645
-16.6674 59.2873 8.5547 -73.170659
-17.4698 59.7595 6.3608 -73.175754
-17.8092 61.9411 6.2291 -73.180916
-19.8136 62.8997 6.5069 -73.186185
-21.3274 63.1601 7.9551 -73.191569
-22.8218 64.0013 9.1439 -73.196138
-24.7396 64.6596 9.7419 -73.199848
-25.9313 65.6939 8.2209 -73.203605
-27.3521 67.091 7.1443 -73.207415
-27.8515 68.7801 5.7356 -73.211273
-28.9706 70.1238 4.2552 -73.215172
-29.8302 71.1977 2.3661 -73.219126
-30.5772 72.9481 2.3143 -73.22313
-31.2511 73.9836 4.3225 -73.227177
-31.8836 74.7971 6.3519 -73.231277
-33.4979 76.3178 6.0157 -73.2354
-35.3494 77.7054 5.6794 -73.239564
-36.2359 77.7987 3.4859 -73.243797
-36.823 78.2142 1.2302 -73.248074
-37.2962 78.8752 -1.0041 -73.252387
-38.0777 79.5243 -3.1351 -73.256715
-38.5828 79.8578 -5.4262 -73.261111
-40.1286 80.7679 -6.86 -73.265508
-41.8887 81.3717 -5.9333 -73.269948
-43.201 81.2826 -4.0378 -73.274438
-44.3102 81.7185 -2.0187 -73.278946
-23.2557 64.0561 8.131 -73.195534
-24.9649 64.9635 8.1844 -73.198034
-26.0616 65.9005 8.9001 -73.200606
-26.305 66.1448 10.8713 -73.203219
-26.4364 66.2766 12.8582 -73.205807
-26.7662 66.3845 14.8041 -73.208408
-28.2543 66.3369 15.7942 -73.211017
-29.7596 66.2207 16.7645 -73.213657
-29.8152 66.2528 18.7633 -73.216314
-30.2709 66.9957 19.6957 -73.218985
-31.7156 67.9135 20.4594 -73.221687
-32.1409 69.5247 21.5115 -73.2244
-33.0427 71.1208 22.2483 -73.227118
-33.7682 72.7602 23.0868 -73.229845
-34.714 74.4169 23.6586 -73.232573
-35.5114 76.0162 24.4887 -73.235307
-35.8784 77.7991 25.2812 -73.238047
-36.6919 79.4931 25.9091 -73.240787
-37.5921 81.2366 26.1638 -73.243517
-37.9648 82.9348 26.6532 -73.246258
-38.1232 84.1537 28.0096 -73.248978
-37.4894 85.6297 29.04 -73.251686
-37.0034 87.4849 29.1485 -73.254378
-36.7841 89.4485 29.2879 -73.257138
-36.3959 91.4052 29.448 -73.259868
-9.6387 41.5186 6.3846 -73.123115
-11.2133 41.8239 6.3128 -73.124415
-12.0979 42.4791 4.8865 -73.125744
-13.2557 43.35 3.9751 -73.12708
-14.2423 43.577 2.4577 -73.128434
-15.3556 43.71 1.0276 -73.129798
-15.9894 44.5732 -0.4476 -73.131177
-16.6871 45.12 -2.0478 -73.132565
-17.7188 45.8368 -3.2857 -73.133967
-18.5783 46.8498 -4.5254 -73.135378
-19.9074 47.2662 -5.6939 -73.136795
-21.5852 47.5437 -6.3542 -73.138215
-22.9761 48.6597 -6.3259 -73.139635
-24.3563 49.8697 -6.2079 -73.141059
-25.8552 50.8966 -6.0169 -73.142479
-27.0962 51.9486 -5.4199 -73.143903
-27.9482 52.3876 -3.9646 -73.145329
-29.654 52.5789 -3.9322 -73.14674
-30.6445 52.9077 -5.3714 -73.148147
-32.0441 53.5066 -6.2656 -73.149541
-33.4656 54.634 -6.5349 -73.150918
-34.9544 55.5474 -7.0531 -73.152275
-36.2819 56.6634 -7.6004 -73.153611
-37.6486 57.8611 -7.7756 -73.154925
-38.5034 59.4777 -7.6459 -73.15621
-39.3718 61.0534 -7.2838 -73.157457
-40.2991 62.551 -6.7638 -73.158667
-41.2384 64.045 -6.261 -73.159837
-41.8614 65.6914 -5.7694 -73.160958
-42.4591 67.2851 -5.1652 -73.16203
-43.3383 68.5969 -4.4191 -73.163043
-44.4522 70.0317 -4.1392 -73.163992
-45.5063 71.5345 -4.0501 -73.164875
-46.5569 73.035 -4.1531 -73.165684
-47.8716 74.2263 -4.5515 -73.166413
-48.8625 75.1738 -5.5759 -73.167056
-49.2408 75.7623 -7.2733 -73.167613
-49.4584 77.0985 -8.4631 -73.168067
-49.9501 78.752 -8.946 -73.168419
-51.026 79.8745 -9.2484 -73.16866
-51.28 79.9424 -10.8927 -73.168786
17.7044 20.951 4.9703 -73.071498
18.2015 22.2043 5.6044 -73.072823
18.6985 23.4577 6.2386 -73.074141
19.0912 25.152 6.8819 -73.075802
19.429 27.2733 6.757 -73.077841
20.0937 28.9393 5.4586 -73.07992
20.5192 30.5261 4.0181 -73.082039
21.7848 31.8769 2.8501 -73.084202
22.0977 33.1829 1.0434 -73.086409
23.2662 34.71 0.0406 -73.088649
23.7528 35.2305 -1.9989 -73.090939
24.4415 36.3316 -0.4475 -73.093276
25.2156 37.3871 1.3732 -73.09565
25.5431 38.1412 3.4507 -73.09807
26.3109 39.4951 5.0553 -73.100519
27.3125 40.7429 3.9319 -73.103009
27.6125 41.5008 5.9749 -73.105557
27.8649 42.4672 7.8245 -73.108139
28.5761 44.0126 9.106 -73.110751
29.3017 45.8785 9.8466 -73.113398
29.8444 47.4239 10.9837 -73.1161
29.8427 48.4745 12.9418 -73.118832
30.4043 50.5089 13.6559 -73.121595
32.2661 51.6774 14.0416 -73.124397
33.7432 53.3643 13.9508 -73.127233
35.3704 54.8773 13.6311 -73.130108
36.404 56.7929 13.1328 -73.13302
37.9566 57.9008 12.228 -73.135958
39.1636 59.6692 11.6914 -73.138933
40.7811 61.2139 11.412 -73.141944
42.5407 62.5144 11.7504 -73.144978
43.9242 63.8221 12.81 -73.14805
45.3908 65.165 13.6376 -73.151148
45.9271 67.2097 14.1714 -73.154263
46.6355 69.1359 14.3788 -73.157402
48.3635 70.1089 14.8857 -73.160569
49.6569 71.9103 15.1633 -73.163816
50.9513 73.7475 15.4455 -73.167084
52.8054 74.9337 15.6383 -73.170305
54.7263 75.5702 15.6827 -73.173539
56.0864 76.9982 15.657 -73.176787
57.1449 78.0802 14.4904 -73.180058
58.894 79.349 14.0314 -73.183326
60.9129 80.2627 14.3307 -73.186598
62.6887 81.5896 14.007 -73.189876
64.1912 82.1373 14.8133 -73.193172
65.3934 82.3955 16.5144 -73.196458
66.9021 83.2776 17.6975 -73.199725
67.4164 84.9808 18.6495 -73.202978
68.0681 86.9646 19.2519 -73.206202
18.9087 24.0362 7.1126 -73.074804
19.1476 18.9083 3.9431 -73.071079
20.9905 18.3979 3.8423 -73.072331
22.9152 18.2333 3.6481 -73.073609
24.7758 17.8958 3.3306 -73.07491
26.5871 18.0132 3.1308 -73.076237
28.3023 18.6484 3.6845 -73.077591
29.9424 18.8206 4.6508 -73.078969
31.2866 18.6601 5.9911 -73.080376
32.7096 18.1098 7.1234 -73.081807
34.1103 16.8391 7.543 -73.083261
35.4164 15.4177 7.7072 -73.084741
36.5618 14.0174 7.4707 -73.086245
38.0589 13.6462 6.35 -73.087771
39.8047 13.3092 5.8907 -73.089319
41.5119 12.7068 5.2455 -73.09089
42.8693 12.0614 4.0202 -73.092487
44.4573 11.3345 3.2295 -73.094104
45.9294 10.8303 2.4767 -73.095745
47.1014 10.1377 3.6205 -73.097402
48.3849 9.3089 4.6779 -73.099076
49.394 9.6773 6.2389 -73.100778
50.6478 10.0528 7.6185 -73.102494
51.9327 9.8336 9.0023 -73.104222
53.4883 10.1208 10.104 -73.105962
55.2334 9.8227 9.9071 -73.107713
57.0597 9.924 9.3135 -73.109578
58.8743 9.6526 8.6558 -73.111497
60.689 9.3812 7.9981 -73.11336
62.4959 9.1815 7.3186 -73.11517
64.0964 9.6659 6.3822 -73.116963
65.6128 10.0298 5.5676 -73.118761
66.3879 8.7348 6.61 -73.120563
67.0408 7.9267 8.2378 -73.122358
67.6184 7.3624 10.0083 -73.124157
68.2214 6.7991 11.7671 -73.125951
68.8557 6.3245 13.5452 -73.127724
69.5936 6.0215 15.3177 -73.129494
70.6128 5.6939 16.9232 -73.131236
71.846 5.1297 18.3139 -73.132945
73.446 5.6128 19.1551 -73.134634
75.1394 5.1362 19.9892 -73.13632
76.7792 5.1163 20.887 -73.137942
78.3203 5.541 21.9782 -73.139529
79.5543 6.0354 23.1887 -73.141071
80.477 6.477 24.7608 -73.142557
82.1371 6.4027 25.3832 -73.14399
83.992 6.8997 25.7174 -73.145363
85.8702 6.8251 26.0726 -73.146671
87.7509 6.7088 26.4848 -73.147906
89.6348 6.7028 26.6547 -73.149061
91.0074 6.4378 25.4152 -73.150127
92.1971 6.0461 24.0228 -73.151106
93.1627 5.5053 22.7795 -73.152006
93.4181 5.3578 20.8527 -73.152797
93.6827 5.205 18.9277 -73.153469
93.9559 5.0473 17.0042 -73.154015
94.7999 4.5071 17.8661 -73.154424
-1.9865 16.2264 -10.9822 -73.046654
-1.6114 17.3396 -11.0385 -73.046714
-1.1973 18.2526 -10.4886 -73.04676
-0.4899 18.8695 -10.968 -73.046792
0.4947 18.656 -11.4238 -73.046809
-5.9486 122.6202 -36.4545 -73.22207
-4.8563 124.4889 -38.1946 -73.226735
-3.4433 126.1431 -39.8024 -73.231393
-2.2407 128.597 -40.3971 -73.236042
-1.5188 131.295 -40.1613 -73.240686
-1.6696 134.0734 -40.2753 -73.24532
-2.517 136.7345 -40.7076 -73.249944
-3.2762 139.4376 -41.1589 -73.254557
-4.1563 142.1305 -41.3938 -73.259152
-4.9956 144.8475 -41.5126 -73.263731
-4.2109 147.46 -41.641 -73.268284
-3.9407 150.1251 -41.6099 -73.272819
-3.8535 152.9656 -41.6389 -73.277324
-3.8797 155.8081 -41.7765 -73.281805
-3.362 158.4701 -41.8809 -73.286258
-3.9026 161.1882 -41.8597 -73.290678
-4.6546 163.8938 -41.7416 -73.295061
-4.458 166.7321 -41.7051 -73.299405
-4.7248 169.4267 -41.9823 -73.303708
-5.9516 171.9513 -42.4086 -73.307967
-6.8697 174.6164 -42.5236 -73.312177
-7.1469 177.3942 -42.5991 -73.316337
-8.5483 179.5426 -43.6297 -73.320444
-9.0965 181.9163 -44.9846 -73.324501
-9.3572 184.5276 -45.8738 -73.328491
-10.3037 185.8819 -45.5629 -73.331361
-12.6165 185.7411 -44.527 -73.333082
-14.6492 185.7303 -43.1953 -73.334692
-16.2496 187.2653 -42.1906 -73.336209
-17.9145 189.1431 -41.8854 -73.337633
-19.4479 191.0685 -41.5909 -73.338962
-21.0169 192.9475 -41.0017 -73.340192
-22.4125 194.4386 -40.3024 -73.341321
-23.7068 195.9472 -39.0039 -73.342343
-25.0392 197.7028 -39.8911 -73.343255
-25.8175 200.0563 -40.2799 -73.34405
-26.6369 201.4551 -41.5533 -73.344728
-27.5289 202.2594 -40.2727 -73.345282
-29.472 203.3638 -40.3713 -73.345706
-31.4096 204.4733 -39.3932 -73.345996
-31.9894 205.4816 -37.1556 -73.346148
-32.896 206.6385 -35.2063 -73.346156
-33.7738 206.9925 -32.8727 -73.346015
-35.326 208.2821 -31.3862 -73.34572
-36.5537 210.18 -30.3332 -73.345266
-37.6503 212.1937 -29.5135 -73.344646
-38.7499 214.0475 -28.2022 -73.343854
-38.8366 216.2339 -27.1303 -73.342885
-39.8429 217.9451 -25.6872 -73.341732
-40.3547 220.3663 -25.6679 -73.340389
-9.0607 186.6005 -47.0068 -73.331561
-8.6412 188.5188 -48.1723 -73.333709
-7.9227 189.8909 -49.7878 -73.335786
-7.3389 191.2666 -51.5099 -73.337787
-6.8689 192.8579 -53.067 -73.339705
-6.5717 194.5306 -54.6272 -73.341542
-6.699 195.7688 -56.5782 -73.343294
-6.6007 197.3796 -57.9455 -73.344953
-5.361 198.4457 -59.4593 -73.34652
-4.0706 199.0919 -61.2062 -73.347989
-2.56 200.3359 -61.9713 -73.349352
-1.1767 202.1203 -62.473 -73.350609
0.1257 203.765 -63.1817 -73.351755
0.5779 205.9809 -62.9411 -73.352786
1.7705 207.8999 -62.7909 -73.353698
1.7806 210.0234 -63.3852 -73.354487
1.251 212.0868 -62.5412 -73.355146
0.3882 214.2228 -62.3899 -73.355671
-0.4598 216.2968 -62.9067 -73.356057
-1.2479 218.4121 -63.4146 -73.356298
-2.0973 220.5416 -63.7457 -73.356388
-3.4118 222.4275 -63.923 -73.356324
-5.2388 223.8332 -64.0726 -73.356098
-7.0057 225.2983 -64.337 -73.355704
-8.1122 227.0393 -64.9339 -73.355137
-8.3675 229.0243 -65.402 -73.354519
-8.7031 230.7886 -65.6689 -73.353917
-9.2813 232.5101 -65.8231 -73.353198
-9.2237 228.2929 -64.8468 -73.354675
-10.9382 228.5001 -64.259 -73.354356
-12.6565 228.7042 -63.682 -73.353894
-25.5183 124.0162 -29.3962 -73.220635
-26.4756 125.8583 -28.1987 -73.224446
-27.6755 127.8327 -27.6028 -73.228253
-27.9279 128.8492 -29.077 -73.232064
-28.5728 129.8586 -27.39 -73.235887
-29.4951 131.5172 -26.0388 -73.23968
-30.3172 133.5583 -25.0126 -73.243467
-30.9903 134.755 -23.0132 -73.247244
-31.8576 136.0757 -21.167 -73.251006
-32.9249 137.8539 -19.8699 -73.25475
-34.7749 138.8966 -19.3111 -73.25848
-36.3176 139.9122 -18.0849 -73.262186
-37.4604 141.3871 -16.8864 -73.265869
-38.6623 143.1941 -16.0632 -73.269532
-40.1691 144.5551 -14.9429 -73.273175
-41.2877 146.3296 -14.9203 -73.276792
-42.5778 148.1549 -14.027 -73.280375
-43.9866 149.9737 -13.1872 -73.283918
-45.0144 151.7833 -12.0503 -73.287428
-45.5532 153.8159 -10.8393 -73.2909
-46.3861 156.0367 -10.2537 -73.294331
-46.9837 158.3901 -9.9517 -73.297711
-47.8117 160.6751 -9.7756 -73.301047
-49.0447 162.6915 -9.706 -73.304329
-50.015 164.9082 -9.8518 -73.307556
-51.5234 166.8379 -9.9384 -73.310725
-52.9161 168.8061 -9.9279 -73.313832
-54.0733 170.9215 -9.7859 -73.316875
-55.7453 172.652 -9.5467 -73.319849
-57.6094 174.1497 -9.6472 -73.322751
-59.246 175.273 -8.9172 -73.325578
-60.6519 176.3429 -7.7572 -73.328324
-61.8971 178.3631 -7.4187 -73.330985
-62.7492 180.6081 -7.5045 -73.33356
-63.9736 182.7158 -7.7021 -73.336039
-65.2308 184.8141 -7.6187 -73.338417
-66.7492 186.7003 -7.6491 -73.340691
-68.417 188.4651 -7.7574 -73.342857
-69.4591 190.6092 -7.7695 -73.344907
-69.6776 192.1396 -9.5531 -73.346845
-70.6232 193.0213 -8.854 -73.348679
-70.9662 193.1386 -6.4297 -73.35038
-71.4596 193.5338 -4.0639 -73.35194
-72.1758 195.2071 -3.9513 -73.353343
-73.6159 196.7389 -5.1111 -73.354594
-74.8609 198.522 -6.148 -73.355688
-75.7426 199.5734 -7.6936 -73.35662
-75.3694 199.5725 -10.1146 -73.357393
-74.4019 199.6256 -11.6143 -73.357978
-73.8016 200.0979 -9.3728 -73.358376
-74.5843 201.3776 -7.8285 -73.358579
-75.66 202.8847 -6.3385 -73.358578
-76.7569 204.7933 -5.2692 -73.358365
-77.7876 206.5222 -4.0466 -73.357931
-78.7815 208.5213 -3.0989 -73.357267
-29.3228 87.5393 7.4141 -73.257924
-29.9005 87.4969 9.1019 -73.261194
-30.4781 87.4545 10.7898 -73.264391
-31.0558 87.4122 12.4776 -73.267514
-32.2782 87.1841 13.3671 -73.270578
-33.8866 86.6278 13.8875 -73.273646
-35.2533 87.1539 14.4242 -73.276713
-35.8481 87.8038 15.3321 -73.279772
-36.8463 86.9864 16.4788 -73.282829
-38.3951 86.3544 16.7879 -73.285874
-40.0436 86.842 16.4412 -73.288904
-41.676 86.6973 15.7688 -73.291925
-43.0795 86.67 14.6822 -73.294929
-44.7397 86.6061 14.8133 -73.297913
-46.2784 86.3685 14.6265 -73.300877
-47.931 85.969 14.7511 -73.303814
-49.3382 85.0184 15.2541 -73.306728
-51.0157 84.5548 15.4912 -73.309614
-52.76 84.3802 15.7377 -73.312461
-54.4766 84.1118 16.1326 -73.315271
-56.1575 83.722 16.5614 -73.318046
-57.6854 83.1665 17.2616 -73.320782
-59.449 83.0129 17.2864 -73.323467
-61.2047 83.1213 17.0316 -73.326098
-62.4985 83.4162 16.057 -73.32868
-64.2493 83.561 15.9695 -73.331205
-65.9938 83.4285 15.6473 -73.33367
-67.7202 83.5173 15.2308 -73.33607
-69.055 83.036 14.2322 -73.338401
-69.8653 82.2066 12.9383 -73.34066
-71.0115 81.258 11.9738 -73.342836
-72.4278 80.4398 11.5445 -73.344934
-73.698 79.222 11.6667 -73.346939
-74.8344 77.8746 11.8888 -73.348844
-76.1909 76.8138 12.1994 -73.35066
-77.7152 76.0674 12.6693 -73.352371
-79.2241 75.3783 13.2714 -73.353972
-80.5771 74.3384 13.7242 -73.355459
-81.948 73.2954 14.1285 -73.356825
-83.3128 72.1963 14.4348 -73.358063
-84.2563 70.7511 14.49 -73.35917
-85.9688 70.3467 14.3507 -73.360139
-87.6869 70.083 14.43 -73.360962
-89.1236 69.3762 14.9056 -73.361635
-90.0942 69.1674 16.3612 -73.362151
-91.4773 68.4273 17.0893 -73.362501
-93.1744 68.4543 17.5737 -73.36268
17.4714 115.5383 -32.7054 -73.217614
18.7181 116.515 -32.6736 -73.219434
19.4474 117.9165 -32.6863 -73.221214
20.2746 119.2604 -32.6312 -73.222959
21.0837 120.5882 -32.4636 -73.224662
21.7758 121.9988 -32.2416 -73.226321
22.3094 123.4582 -32.1155 -73.227934
23.1409 124.8071 -32.0128 -73.229495
23.9385 126.1782 -31.9172 -73.231007
25.0849 127.2066 -31.902 -73.232459
25.7601 127.3047 -33.2559 -73.233864
26.628 127.211 -34.5602 -73.235209
27.4583 127.1967 -35.7592 -73.236479
28.395 127.5305 -34.6253 -73.237676
29.5644 128.205 -33.8463 -73.238794
30.5696 128.6374 -32.8152 -73.239838
32.0051 129.043 -32.2921 -73.240796
33.4128 129.4399 -31.6761 -73.241664
34.7649 130.0848 -31.1622 -73.242438
36.07 130.7044 -30.5266 -73.243115
37.2954 130.2845 -29.7509 -73.24369
38.6668 129.8544 -29.4393 -73.244161
40.0959 129.824 -28.9371 -73.244521
41.6596 129.7812 -29.1527 -73.244766
43.163 129.7557 -29.5887 -73.244891
37.3605 97.6671 -24.1386 -73.211561
38.5247 98.3419 -23.3011 -73.213075
39.4075 98.7958 -22.0704 -73.21455
39.7833 99.3954 -20.6642 -73.215981
39.86 99.407 -19.0804 -73.21738
40.1939 99.8932 -18.7303 -73.21871
40.4963 100.318 -20.2174 -73.219994
41.4643 101.4944 -20.1061 -73.221209
42.3976 102.7119 -19.7798 -73.222361
43.1049 104.0833 -19.5568 -73.223448
44.0865 105.3182 -19.6544 -73.224463
44.7899 106.7249 -19.7113 -73.225405
45.9094 107.8469 -19.694 -73.226269
47.0015 108.9935 -19.6267 -73.227052
47.4874 110.1272 -19.5101 -73.22777
47.4694 110.2183 -21.0953 -73.228464
47.4514 110.3094 -22.6805 -73.229045
47.4334 110.4005 -24.2657 -73.229512
47.4153 110.4915 -25.8509 -73.229864
47.3973 110.5826 -27.4361 -73.2301
47.3793 110.6737 -29.0213 -73.230218
-43.1464 107.2097 -8.6051 -73.262154
-44.2349 108.3552 -9.2701 -73.265196
-45.5183 109.1815 -10.1573 -73.268242
-46.5455 110.332 -10.9218 -73.27129
-47.6198 111.4497 -11.7523 -73.274338
-48.7733 112.6103 -11.9929 -73.277386
-49.0763 114.3515 -11.8794 -73.280436
-49.3422 116.0762 -11.586 -73.283476
-49.7822 117.0822 -10.2937 -73.286518
-50.4256 118.2912 -9.1739 -73.289552
-50.9978 119.2379 -7.7863 -73.292579
-51.2625 120.0244 -6.2601 -73.295604
-51.6654 121.1492 -4.9912 -73.298604
-51.9476 122.7357 -4.2703 -73.301589
-52.5998 124.2212 -3.6393 -73.304553
-53.274 125.7541 -3.0637 -73.307491
-53.9887 127.1954 -2.3704 -73.310403
-53.963 128.1021 -0.9245 -73.313319
-54.6255 128.6873 -0.6995 -73.316214
-55.0557 128.8462 -2.4173 -73.319087
-55.7093 129.6088 -3.8029 -73.321895
-56.3904 130.5701 -3.4395 -73.324668
-57.2397 131.7558 -2.5815 -73.327404
-57.7383 132.4193 -1.0375 -73.330122
-58.1997 132.8604 0.5026 -73.332783
-59.135 134.2149 0.2827 -73.335384
-59.5411 135.9385 0.3726 -73.337928
-60.3211 137.5272 0.4547 -73.340413
-61.5615 138.7924 0.4272 -73.342833
-62.8427 140.0202 0.4049 -73.345193
-63.9756 141.337 0.4784 -73.347482
-65.5415 142.0698 0.6041 -73.349697
-66.8201 143.3029 0.6105 -73.351836
-67.9523 144.6731 0.6097 -73.353947
-69.0106 146.0943 0.6091 -73.355928
-69.7753 147.6531 0.6561 -73.357803
-69.9859 148.4831 2.1055 -73.359595
-70.4429 149.3779 3.3991 -73.361278
-71.6135 150.4383 2.691 -73.362848
-72.4835 151.5429 1.7355 -73.364305
-72.9227 152.8592 2.7049 -73.365646
-72.5877 154.4469 3.3601 -73.366861
-73.0119 156.1489 3.5593 -73.367946
-73.1545 157.8864 3.5882 -73.368894
-74.1953 159.319 3.6169 -73.369698
-74.932 160.9303 3.7174 -73.370355
-75.2192 162.6661 3.8423 -73.370856
-75.4158 163.3004 5.1393 -73.371202
-75.4017 163.5667 6.8972 -73.37138
-50.1374 90.531 -23.3634 -73.260376
-51.2673 90.8857 -22.5511 -73.263229
-52.7159 91.6607 -23.1098 -73.266073
-54.0702 92.6015 -23.357 -73.268914
-55.4386 93.0469 -22.4458 -73.271749
-56.998 93.6059 -21.9041 -73.274577
-58.5673 94.2413 -21.5078 -73.277393
-59.4515 94.8578 -20.2839 -73.280219
-60.3751 95.9904 -19.3491 -73.283007
-61.639 96.317 -18.2753 -73.285783
-62.5765 96.8459 -17.7339 -73.28854
-63.9654 97.6322 -17.7098 -73.291282
-65.6166 98.1559 -17.9424 -73.293998
-67.3141 98.5251 -18.0363 -73.296692
-68.9906 98.999 -17.9141 -73.299349
-70.4527 99.8368 -17.5623 -73.301979
-71.8636 100.5751 -16.8437 -73.304572
-73.2945 101.1084 -16.0241 -73.307124
-74.8032 101.5319 -15.3155 -73.309636
-76.2937 102.0431 -14.7677 -73.312104
-76.9439 103.3194 -13.9021 -73.314525
-77.7853 104.5384 -13.0235 -73.316894
-79.1174 105.4827 -13.5256 -73.319201
-80.5678 106.3785 -13.889 -73.321449
-81.9123 107.4474 -14.0602 -73.323625
-82.892 108.884 -14.1362 -73.325736
-83.7902 110.3676 -14.0768 -73.327777
-84.9748 111.6284 -13.8567 -73.329734
-86.2002 112.6963 -13.3076 -73.331617
-87.0479 113.9279 -12.479 -73.333413
-87.7411 115.4304 -11.9657 -73.335113
-88.823 116.6812 -11.5653 -73.336716
-89.4834 118.0465 -10.8065 -73.338218
-90.0558 119.4566 -9.9504 -73.339615
-90.8226 120.9302 -9.4429 -73.340895
-91.9586 122.2396 -9.3374 -73.342055
-92.8888 123.6775 -9.6286 -73.343091
-93.6083 125.2344 -9.9613 -73.343999
-94.4583 126.6908 -10.3334 -73.344769
-95.6371 127.179 -11.2403 -73.3454
-96.5223 128.3643 -11.7434 -73.345883
-97.3565 129.8343 -11.9607 -73.34621
-98.0187 131.4271 -12.0082 -73.346377
-44.8397 82.3848 -0.1022 -73.282958
-45.6858 82.6745 1.4762 -73.286477
-47.0854 83.466 2.0376 -73.289993
-47.9154 84.1261 0.6038 -73.293538
-48.4536 84.4912 -1.1078 -73.297085
-49.4629 84.7481 -2.3216 -73.300638
-50.8487 85.4683 -2.9272 -73.304207
-51.3634 86.2483 -4.138 -73.307816
-51.1604 85.8865 -5.9031 -73.311428
-51.4147 86.3329 -4.63 -73.315058
-51.3753 86.9211 -3.2026 -73.318668
-51.6511 88.546 -2.6095 -73.322277
-52.0008 89.4665 -3.9264 -73.325918
-52.6137 90.8015 -4.1725 -73.329547
-53.4473 92.4123 -3.9386 -73.333182
-53.8653 94.1635 -3.6555 -73.336819
-53.9519 95.9277 -3.215 -73.340459
-54.3051 97.4953 -2.5507 -73.344101
-54.5625 98.6898 -1.1952 -73.34773
-54.547 99.8234 0.1762 -73.351363
-54.2907 100.3598 1.9096 -73.354999
-54.7709 101.2087 3.4194 -73.358599
-54.4328 101.9413 3.8933 -73.362175
-53.0212 101.1678 3.092 -73.365733
-52.5222 101.109 4.5528 -73.369298
-54.1846 101.7537 4.4499 -73.372822
-55.6576 102.8136 4.5394 -73.376319
-56.499 104.3974 4.7059 -73.379791
-56.8786 106.1716 4.8788 -73.383236
-56.4546 107.8733 4.5587 -73.386647
-55.6814 109.1098 4.4339 -73.390052
-55.7928 109.3656 6.2457 -73.393476
-56.2213 109.7146 7.7986 -73.396783
-55.5336 111.171 7.9788 -73.400042
-57.2605 111.7016 8.1166 -73.403246
-58.1121 113.2561 8.4551 -73.406402
-58.5985 114.919 9.0311 -73.409504
-59.6859 116.036 9.8099 -73.412534
-59.434 116.5435 10.5662 -73.415509
-59.3051 118.1105 11.4366 -73.418411
-59.9415 119.6907 12.0733 -73.421246
-60.8614 121.156 12.3489 -73.423996
-61.607 122.4945 11.39 -73.426671
-62.1797 124.0961 10.8491 -73.429253
-62.6253 125.8486 10.8404 -73.431739
-62.2188 127.4063 11.6395 -73.434126
-61.8461 129.0333 12.3882 -73.436408
-62.5327 130.6886 12.3999 -73.438579
-62.936 132.4579 12.2088 -73.440639
-63.3234 134.2117 11.8803 -73.442581
-63.6303 135.945 11.5157 -73.444396
-63.951 136.5199 9.8435 -73.446092
-64.1784 137.2406 8.1925 -73.447642
-64.0694 138.3872 6.7995 -73.449042
-64.3697 140.0086 6.0583 -73.450293
-64.8732 141.6033 5.322 -73.451384
-65.5178 142.5596 4.0703 -73.452314
-65.7682 143.1976 5.3492 -73.453074
-66.7186 144.3442 5.8832 -73.453653
-67.5125 145.9488 6.0337 -73.454047
-68.2142 147.6123 6.0332 -73.454247
-36.2134 93.2108 29.5751 -73.262283
-36.6635 94.7733 29.8902 -73.264447
-36.9263 96.2364 30.4302 -73.266585
-37.1622 97.773 30.8495 -73.268702
-37.5529 99.3568 31.1525 -73.270796
-37.9173 100.9487 31.3678 -73.272853
-38.3971 102.525 31.406 -73.274882
-38.3118 104.182 31.3802 -73.276871
-38.3833 105.841 31.3619 -73.278821
-38.5184 107.493 31.3513 -73.28073
-38.1793 109.1047 31.3065 -73.282596
-37.694 110.6348 31.1726 -73.284409
-37.4366 112.1749 31.1742 -73.286173
-36.4341 113.3684 31.2349 -73.287888
-35.2673 114.4885 31.1966 -73.289543
-35.1913 116.0244 31.322 -73.291135
-36.1323 117.264 31.8032 -73.292663
-36.1013 118.8174 31.8898 -73.294123
-35.2737 120.1279 31.585 -73.295508
-34.1912 121.3196 31.36 -73.296817
-33.7141 122.9011 31.2289 -73.29804
-33.0667 124.4147 31.1658 -73.299177
-32.8786 126.0601 31.1275 -73.300222
-32.0835 127.4884 31.1247 -73.301169
-31.8296 129.12 31.1246 -73.302017
-31.1422 130.5851 30.9859 -73.302758
-30.3228 131.8477 30.3079 -73.303389
-29.6856 132.4849 28.9766 -73.303906
-29.0719 133.0333 27.5676 -73.304303
-28.0844 133.7856 27.8775 -73.304573
-27.152 134.469 28.6173 -73.30471
68.8569 88.73 19.5506 -73.209
69.4626 89.4871 18.5505 -73.211416
69.8694 90.2922 17.5312 -73.213805
70.1133 90.9732 19.0619 -73.216179
70.2522 92.4115 19.6157 -73.218518
70.8156 93.9888 19.8859 -73.220827
70.9233 95.5529 19.5992 -73.223112
71.3862 97.0655 19.4044 -73.22536
72.5006 98.2929 19.6588 -73.227568
72.7344 99.9408 19.94 -73.229742
72.932 101.5833 19.995 -73.231875
72.4313 103.198 19.9089 -73.233966
71.8799 104.7873 20.0008 -73.236003
71.5282 106.416 19.8144 -73.237993
71.2624 108.037 19.4849 -73.239927
70.3107 109.3594 19.2993 -73.241796
69.2896 110.7156 19.219 -73.243602
68.8552 112.3448 19.1576 -73.245338
68.8224 113.8606 18.9579 -73.247002
69.0085 114.8834 18.0264 -73.248596
68.8524 116.0924 16.8932 -73.250108
69.7271 117.2159 15.9694 -73.251537
70.0973 118.581 15.0882 -73.252874
70.8674 119.2691 13.939 -73.254122
70.3855 118.9765 13.515 -73.255266
69.9666 118.6726 13.3866 -73.256314
70.2125 118.847 11.7059 -73.257267
70.4357 118.9096 10.8982 -73.258087
70.1867 118.7318 12.5649 -73.258795
69.521 118.6003 13.8778 -73.259364
69.0153 119.2849 13.1332 -73.259799
69.8993 119.8704 11.9133 -73.260096
70.2963 119.9515 10.2866 -73.260248
95.5228 3.6634 18.9207 -73.154639
95.9521 3.5018 19.9853 -73.154748
96.3294 3.3373 21.069 -73.154804
-41.3421 222.5153 -25.6062 -73.338951
-42.702 224.1478 -25.2091 -73.337607
-44.2458 225.1088 -24.0553 -73.336255
-45.8189 226.0665 -23.0056 -73.334896
-47.3319 227.1224 -21.9872 -73.333531
-48.8138 228.7344 -21.8003 -73.332159
-50.1281 230.4969 -21.9165 -73.33078
-51.8278 231.7383 -22.0527 -73.329395
-52.8158 233.6774 -22.1145 -73.328001
-53.0724 235.6787 -22.1684 -73.326903
-53.6815 237.6012 -22.215 -73.326105
-54.8336 239.2327 -22.1693 -73.325308
-55.9455 240.9107 -22.1307 -73.324511
-56.8959 242.6769 -22.2538 -73.323716
-57.6448 244.0732 -23.1351 -73.322919
-57.9004 245.3567 -24.6431 -73.322124
-58.5973 247.0318 -25.4177 -73.32133
-59.3933 248.8468 -25.6686 -73.320537
-60.5485 250.492 -25.7129 -73.319746
-62.0102 251.8694 -25.795 -73.318955
-63.5819 251.7041 -25.7766 -73.318164
-65.1861 252.5294 -25.4878 -73.317374
-66.5361 253.7075 -24.6451 -73.316585
-67.4482 255.4346 -24.2826 -73.315797
-68.0616 257.3349 -24.0645 -73.31501
-69.279 258.781 -24.0213 -73.314224
-70.6709 260.1778 -24.061 -73.313439
-71.4436 262.0159 -24.0595 -73.312656
-72.8554 263.4363 -23.888 -73.311874
-74.3055 264.6952 -23.3614 -73.311095
-75.6104 266.0079 -22.6232 -73.310316
-76.4194 267.7709 -22.2236 -73.309538
-77.0046 269.6763 -21.989 -73.308761
-77.6943 271.5617 -21.8675 -73.307987
-78.0414 273.5421 -21.7862 -73.307215
-78.9873 275.301 -21.7403 -73.306444
-80.3424 276.7952 -21.6879 -73.305676
-81.6546 278.3163 -21.6068 -73.30491
-83.1583 279.5974 -21.7854 -73.304147
-84.8953 280.6045 -21.8472 -73.303385
-86.7025 281.4584 -21.6828 -73.302625
-87.8751 282.8646 -21.0904 -73.301868
-89.4892 283.7967 -20.5891 -73.301112
-91.1007 284.9601 -20.5677 -73.30036
-92.4107 286.2858 -21.1453 -73.299609
-94.0557 286.9976 -21.9919 -73.298862
-95.7101 288.0996 -22.2545 -73.298117
-97.3406 289.2852 -22.2657 -73.297376
-98.976 289.9877 -22.9029 -73.296637
-100.2796 290.7986 -23.6291 -73.2959
-101.4799 291.8038 -22.4899 -73.295166
-103.036 292.9887 -22.0284 -73.294436
-104.6892 294.1312 -21.8834 -73.29371
-106.3559 295.2232 -22.151 -73.292986
-107.8941 296.3493 -22.6692 -73.292267
-109.1385 297.4951 -23.597 -73.29155
-110.8652 298.494 -23.4597 -73.290839
-112.4721 299.5248 -23.016 -73.29013
-113.8772 300.6139 -22.2042 -73.289426
-115.339 301.8994 -21.8314 -73.288726
-116.6463 303.427 -21.784 -73.28803
-117.9037 305.0024 -21.8441 -73.287339
-119.0254 306.6607 -22.003 -73.286651
-119.7365 308.5266 -22.2827 -73.285968
-120.0458 309.7921 -21.1758 -73.285286
-120.3335 310.3959 -19.2752 -73.284611
-120.8092 311.2425 -17.5331 -73.283942
-121.3861 312.9361 -16.6595 -73.283279
-122.3666 314.5966 -16.303 -73.282624
-123.445 316.2788 -16.4754 -73.281972
-124.5125 317.8962 -16.7048 -73.281327
-124.8879 318.6378 -14.9021 -73.280683
-124.9811 319.1413 -12.9496 -73.280045
-125.2786 319.7061 -11.0358 -73.279414
-125.7833 320.5605 -9.2875 -73.278792
-126.7853 321.2272 -7.7186 -73.278178
-128.1198 321.7372 -6.5853 -73.277569
-129.5338 322.6762 -5.6435 -73.276968
-130.8033 322.8583 -4.1103 -73.276373
-132.3486 322.5617 -2.9424 -73.275786
-133.5223 321.7567 -2.2514 -73.275207
-134.4075 321.0203 -3.7194 -73.274635
-136.141 320.0633 -3.704 -73.274072
-137.9234 319.2453 -3.5128 -73.273517
-139.8153 319.4438 -3.03 -73.272964
-141.7336 319.7231 -2.5415 -73.272425
-143.2992 318.8382 -1.8198 -73.271897
-143.6324 318.198 -3.1912 -73.271375
-144.6494 318.183 -2.5451 -73.270861
-145.6029 318.7473 -1.0864 -73.270359
-147.1116 319.1677 -0.0827 -73.269867
-149.0143 318.6505 0.3041 -73.269384
-150.835 317.9416 0.6531 -73.268913
-152.6003 318.3043 1.3039 -73.268453
-154.255 319.2248 1.8195 -73.268004
-156.1347 319.0641 1.3765 -73.267566
-157.9479 318.8394 0.6505 -73.26714
-159.8193 318.2421 0.4855 -73.266725
-161.6982 318.4908 0.8126 -73.266323
-163.3502 318.4678 1.946 -73.265933
-164.7917 318.8721 3.1901 -73.265556
-166.0348 318.4651 4.5448 -73.265192
-167.2051 317.7036 5.9108 -73.264842
-168.6856 318.3603 6.972 -73.264506
-170.5746 318.3686 7.6324 -73.264184
-172.4422 318.8037 8.0573 -73.263877
-173.7745 319.4811 7.41 -73.263585
-175.2708 319.8181 6.8918 -73.263307
-176.3866 321.0401 7.8064 -73.263046
-178.1084 321.388 8.4289 -73.2628
-179.8667 322.3331 8.1901 -73.262572
-181.7338 322.9719 7.9865 -73.26236
-183.2047 324.2061 7.6173 -73.262165
-184.6529 324.5109 6.7583 -73.261988
-186.4765 324.882 7.4149 -73.261829
-188.3601 325.5005 7.7542 -73.261688
-190.207 326.2741 7.8586 -73.261566
-191.8555 326.4884 7.2737 -73.261464
-192.3011 326.2807 5.3327 -73.261379
-192.4569 326.3027 3.3202 -73.261314
-192.6127 326.3246 1.3078 -73.26127
-192.7684 326.3466 -0.7047 -73.261248
-53.5618 234.7518 -22.4056 -73.326936
-55.3696 234.7358 -22.9279 -73.326212
-57.1775 234.7198 -23.4502 -73.325502
-58.9758 234.7413 -23.9753 -73.324804
-60.5834 235.6616 -24.1049 -73.324113
-62.2107 236.6032 -24.0421 -73.323422
-63.9306 237.3539 -24.0447 -73.322734
-65.5569 238.2591 -24.1396 -73.322048
-67.3063 238.9314 -24.1596 -73.321365
-68.8366 239.9978 -24.0522 -73.320684
-70.5332 240.314 -23.7713 -73.320005
-72.1779 239.7124 -23.3677 -73.319329
-73.9055 239.067 -23.0743 -73.318656
-75.764 238.9129 -23.0612 -73.317987
-77.5069 238.4311 -23.4834 -73.317319
-79.2728 238.5078 -23.5052 -73.316655
-81.0101 239.1307 -23.2489 -73.315994
-82.8258 239.4159 -22.9537 -73.315337
-84.5254 239.9346 -22.4418 -73.314683
-86.2406 240.0396 -21.7161 -73.314032
-87.8568 239.8217 -20.9364 -73.313386
-89.3552 239.6723 -19.8507 -73.312742
-90.7771 239.8281 -18.7653 -73.312103
-92.3262 239.5258 -18.0598 -73.311468
-94.0855 240.1028 -17.7873 -73.310838
-95.877 240.5966 -17.5579 -73.310213
-97.6988 241.0591 -17.507 -73.309591
-99.53 241.4724 -17.4393 -73.308975
-101.2527 242.1681 -17.1773 -73.308363
-102.8299 242.815 -16.4434 -73.307757
-104.4569 243.5931 -15.9937 -73.307157
-106.2956 243.7075 -16.104 -73.306561
-107.1732 243.8399 -14.6775 -73.305967
-108.3872 244.3725 -13.7017 -73.305382
-109.3454 245.4642 -12.5807 -73.304803
-110.5466 246.5332 -11.6213 -73.304229
-112.0874 247.1 -10.9503 -73.303663
-112.6927 248.1713 -9.7197 -73.303101
-113.85 248.7857 -8.6033 -73.302546
-114.9422 250.1535 -8.2414 -73.301998
-115.3929 251.8689 -7.6387 -73.301457
-116.4822 252.9605 -6.8157 -73.300924
-117.371 253.2374 -5.1806 -73.300398
-118.358 253.8356 -3.7152 -73.29988
-119.4595 254.4678 -2.3971 -73.299371
-120.9563 255.2641 -1.6822 -73.29887
-122.5163 255.9458 -1.0086 -73.298377
-123.9831 256.9071 -0.452 -73.297893
-124.7954 257.8348 0.9161 -73.297418
-125.65 259.0549 2.0473 -73.296952
-126.8265 260.4562 2.1583 -73.296495
-128.2898 261.2032 2.616 -73.296047
-129.0334 261.3894 4.2611 -73.295608
-129.2473 261.2649 6.1105 -73.295164
-129.4022 261.1437 7.9821 -73.294738
-129.5576 261.0229 9.8536 -73.294329
-129.7512 260.9235 11.7229 -73.293922
-129.9463 260.825 13.592 -73.293529
-130.1515 260.7135 15.4586 -73.293155
-130.5488 260.346 17.2477 -73.292793
-131.604 259.0778 18.099 -73.292446
-132.4067 258.2916 19.5872 -73.292111
-133.3932 257.3081 20.8241 -73.291788
-133.8044 256.3522 22.376 -73.29148
-134.6418 255.2368 23.5911 -73.291185
-135.4197 253.8392 24.4892 -73.290905
-135.7 253.4829 26.3153 -73.290637
-136.3101 252.641 27.7577 -73.290386
-136.3201 251.3179 26.4825 -73.290149
-136.8701 249.6435 26.0944 -73.289928
-137.7175 248.1362 25.6627 -73.289723
-137.6045 246.4619 25.1316 -73.289535
-137.2893 245.0053 24.2243 -73.289364
-136.6215 243.4615 23.4192 -73.28921
-135.6446 241.9497 22.8735 -73.289072
-135.3758 240.4199 22.4018 -73.288954
-136.1869 239.3032 23.0344 -73.288854
-136.341 238.0644 24.2021 -73.288774
-136.433 236.6369 25.3143 -73.288713
-136.6008 234.8539 25.6617 -73.288672
-137.1474 233.4458 25.0869 -73.288651
-10.2537 234.1313 -65.7936 -73.352305
-11.9535 235.2244 -65.4206 -73.351357
-13.2513 236.4124 -64.5554 -73.35041
-13.9825 238.2182 -64.0036 -73.349461
-13.9675 239.4333 -65.1657 -73.348509
-14.1745 240.8047 -66.5759 -73.347558
-14.74 242.3781 -67.763 -73.346606
-15.0167 243.3075 -69.5586 -73.345652
-14.9973 244.3966 -71.2899 -73.344699
-15.4806 245.6013 -72.6631 -73.343745
-16.6681 247.206 -72.2066 -73.342792
-17.3029 249.0449 -71.7718 -73.341837
-18.6676 250.382 -71.3338 -73.340883
-19.6799 251.0982 -72.0439 -73.339928
-20.4939 252.2385 -73.4165 -73.338972
-21.5912 252.7618 -72.8895 -73.338106
-21.9596 252.8176 -71.2713 -73.337341
-22.6797 254.2973 -71.5196 -73.336578
-23.6039 255.7577 -72.0067 -73.335816
-24.5721 257.236 -72.2298 -73.335055
-26.0105 258.3101 -72.2446 -73.334296
-27.3761 259.4599 -72.2196 -73.333537
-28.9516 260.3257 -72.2375 -73.332771
-30.5102 261.2195 -72.2945 -73.332015
-31.595 262.5637 -72.7018 -73.331262
-32.6547 263.9941 -72.7006 -73.33051
-33.5598 265.5319 -72.4801 -73.32976
-34.5952 266.9872 -72.4053 -73.329011
-35.2782 268.5959 -72.3691 -73.328263
-36.5462 269.7783 -72.1737 -73.327519
-37.8737 270.872 -71.8225 -73.326777
-38.8876 272.2418 -71.3145 -73.326036
-39.6217 273.7558 -70.7585 -73.325298
-40.6535 274.9959 -70.0158 -73.324563
-42.0534 275.9829 -69.5331 -73.323829
-43.5846 276.8719 -69.3005 -73.323099
-45.0655 277.8565 -69.4958 -73.32237
-45.946 279.1186 -68.7677 -73.321645
-45.8345 280.5644 -67.9551 -73.320921
-46.196 282.2235 -68.3906 -73.320201
-46.2456 283.784 -69.1293 -73.319484
-45.9356 284.9029 -69.4775 -73.318769
-46.3572 283.3243 -69.8414 -73.318056
-47.6385 284.0096 -69.6263 -73.317342
-47.8598 285.27 -68.7781 -73.316635
-47.9763 286.6481 -67.6615 -73.31593
-48.0018 287.8134 -66.394 -73.315228
-49.296 287.3623 -65.4888 -73.31453
-50.1432 286.6731 -64.1653 -73.313837
-50.2434 286.1704 -62.4405 -73.313145
-51.2742 284.9264 -61.8207 -73.31246
-52.8421 284.4426 -61.0987 -73.31178
-53.9107 283.6653 -60.0279 -73.311103
-54.752 283.3629 -58.5184 -73.31043
-55.6511 282.4981 -57.2933 -73.309763
-56.6242 281.93 -56.0196 -73.309103
-57.9991 281.9695 -54.8908 -73.308446
-59.0837 282.3361 -53.8941 -73.307796
-60.0943 282.1643 -52.7677 -73.30715
-61.4419 281.5155 -51.8651 -73.306511
-62.8626 280.827 -51.0501 -73.305878
-64.2795 280.6349 -50.0042 -73.305252
-65.804 280.5238 -49.0693 -73.304632
-66.7885 280.054 -47.7484 -73.304017
-67.9789 279.2336 -46.7905 -73.303408
-68.6552 278.446 -45.3481 -73.302807
-69.0138 277.9753 -43.6489 -73.302212
-69.4167 276.9949 -42.4398 -73.301626
-69.8247 275.5947 -42.5008 -73.301046
-70.268 276.0815 -42.6582 -73.300474
-70.9242 276.409 -41.0457 -73.299906
-71.4032 276.5871 -39.3203 -73.299349
-72.2724 276.7647 -38.0281 -73.298802
-73.2041 276.1685 -36.6914 -73.298264
-74.2918 275.5936 -35.4399 -73.297735
-75.425 274.8456 -34.2803 -73.297215
-76.9255 274.2886 -33.5609 -73.296704
-77.3251 274.3933 -31.9623 -73.296203
-77.3839 274.0953 -31.6173 -73.295707
-77.9259 274.1693 -30.1943 -73.295223
-79.5493 274.0847 -29.6223 -73.29475
-80.9279 274.149 -28.5263 -73.294288
-82.1503 274.2888 -27.2947 -73.293838
-83.1333 274.5631 -25.8399 -73.293399
-83.3586 274.0993 -24.1212 -73.29297
-83.4086 273.3363 -22.4949 -73.292554
-83.5601 272.816 -20.7795 -73.292149
-83.7705 272.4678 -19.0265 -73.291756
-84.0593 272.0789 -17.2937 -73.291378
-84.2893 271.7437 -15.5414 -73.291012
-84.9661 271.1706 -14.2656 -73.290662
-86.4465 270.5588 -13.5443 -73.290326
-87.5224 269.4821 -12.7644 -73.290004
-88.5863 270.2836 -13.3628 -73.289697
-89.344 271.7765 -13.8414 -73.289405
-90.7295 272.8654 -14.017 -73.289124
-92.0012 274.1345 -14.1202 -73.288861
-93.0728 275.5655 -14.188 -73.288616
-94.4803 276.5793 -14.1262 -73.288388
-96.2029 276.3016 -13.7358 -73.288177
-97.8612 276.4416 -13.1634 -73.287982
-99.2225 277.2086 -12.3487 -73.287806
-100.7724 276.7787 -11.5881 -73.287648
-102.4856 276.8416 -11.2384 -73.287508
-104.2435 277.0799 -11.3594 -73.287386
-105.8758 277.7134 -11.5089 -73.287284
-106.978 278.2571 -10.6069 -73.287202
-108.7214 278.4008 -10.5748 -73.287139
-110.1714 278.7473 -11.3411 -73.287097
-111.6618 279.6815 -11.4564 -73.287076
-21.5015 253.5088 -73.309 -73.33841
-22.5942 254.3623 -72.684 -73.338258
-23.4363 255.5756 -72.2611 -73.338119
-23.7952 256.2196 -73.6016 -73.337994
-24.1958 256.9175 -74.8973 -73.337883
-24.5102 257.2028 -76.431 -73.337786
-25.2575 257.9568 -77.5755 -73.337706
-25.9832 258.9049 -78.6121 -73.33764
-26.7351 259.8964 -79.3372 -73.33759
-27.7754 261.0706 -79.3699 -73.337557
-28.1276 262.1418 -78.3341 -73.33754
-14.415 228.9869 -63.4499 -73.35329
-16.1331 229.4489 -63.5343 -73.352697
-17.7421 230.1331 -63.7219 -73.352107
-19.4067 230.7023 -63.8399 -73.351524
-20.8995 231.6241 -63.8754 -73.350945
-22.4197 232.5434 -63.927 -73.350371
-23.9779 232.9794 -64.5409 -73.349803
-25.5926 233.2447 -65.0739 -73.349238
-27.3372 233.3731 -65.393 -73.34868
-29.108 233.4677 -65.4659 -73.348128
-30.8642 233.5427 -65.402 -73.347582
-32.3482 234.4256 -65.4518 -73.347042
-33.9347 234.8444 -64.9779 -73.346508
-35.6107 235.0483 -64.5372 -73.345981
-37.2988 235.2219 -64.5195 -73.345461
-38.3854 235.5894 -65.5655 -73.344947
-39.1438 235.7555 -64.0699 -73.344439
-40.4342 236.3585 -64.9633 -73.343941
-41.6538 237.408 -65.4996 -73.34345
-43.3197 237.9738 -65.7908 -73.342967
-45.0712 238.2644 -65.9288 -73.342494
-46.7994 238.6788 -65.9135 -73.342029
-48.5481 238.9796 -65.7557 -73.341573
-50.2593 239.3638 -65.4708 -73.341127
-51.9541 239.818 -65.3779 -73.34069
-53.6581 240.3081 -65.5616 -73.340263
-55.3649 240.7618 -65.7517 -73.339847
-56.9242 241.5359 -65.9538 -73.33944
-58.6438 241.8319 -66.2728 -73.339045
-59.9936 242.7156 -66.7405 -73.338661
-60.984 243.7818 -67.5294 -73.338288
-62.0855 245.146 -67.6347 -73.337927
-62.592 246.8516 -67.5474 -73.337579
-63.6958 248.1812 -67.3534 -73.337242
-65.3602 248.1365 -67.1819 -73.336919
-66.6185 247.2528 -66.7907 -73.336608
-68.2827 246.701 -66.9975 -73.336309
-69.0056 246.5375 -67.1182 -73.336026
-69.4149 247.1923 -66.2178 -73.335757
-70.5685 248.2104 -65.6787 -73.335502
-72.1021 248.9573 -65.1628 -73.335262
-73.5226 249.8734 -64.6789 -73.335038
-74.9049 250.917 -64.2744 -73.33483
-76.1941 252.0464 -63.8017 -73.334639
-77.6751 252.694 -63.2164 -73.334465
-78.9054 253.7897 -63.1101 -73.334308
-80.0531 255.1107 -63.1909 -73.33417
-81.4092 256.2087 -63.4316 -73.334049
-83.1166 256.5971 -63.7243 -73.333948
-84.8053 256.9649 -63.8465 -73.333866
-86.3232 257.8036 -63.7447 -73.333803
-88.0463 257.7843 -63.4146 -73.333761
-89.5568 258.6367 -63.0658 -73.33374
-79.8558 209.6969 -1.6956 -73.356471
-80.9345 210.9313 -0.8747 -73.355786
-81.8718 212.3265 -0.0936 -73.355105
-83.0145 213.649 0.4105 -73.354427
-83.35 215.4299 0.5242 -73.353751
-84.7236 216.0877 0.5245 -73.353078
-85.8365 216.8501 1.5461 -73.352407
-86.4751 218.3432 2.3648 -73.351741
-87.6889 219.3419 3.0091 -73.351079
-89.3832 219.625 3.5112 -73.350421
-90.5679 220.9942 3.9392 -73.349767
-91.9993 222.1339 4.2769 -73.349119
-93.1066 223.0567 5.3451 -73.348473
-94.2451 224.3484 6.04 -73.347832
-95.1955 225.7846 6.6504 -73.347195
-96.1469 227.1811 6.1703 -73.346565
-97.5307 228.1499 5.5656 -73.345939
-97.6555 229.6726 4.5217 -73.345317
-98.2632 230.7709 4.9578 -73.344699
-99.4213 231.1534 5.7424 -73.344087
-100.7458 231.4122 4.7237 -73.343481
-101.8502 232.6408 4.2535 -73.342882
-103.1436 233.9354 4.0273 -73.342288
-104.4921 234.4164 4.8558 -73.341702
-105.6117 233.6885 5.7966 -73.341118
-106.7274 232.3194 6.4016 -73.340535
-107.441 230.7522 6.8747 -73.339967
-107.4488 229.0255 7.5014 -73.339408
-107.9411 227.3511 8.131 -73.338857
-107.0902 226.8712 8.9862 -73.338313
-106.1496 226.513 10.1833 -73.337771
-105.9516 226.2598 12.0223 -73.337237
-105.4787 225.2922 12.0054 -73.336715
-105.2249 224.5846 10.2988 -73.336202
-104.7784 223.6625 9.5999 -73.335699
-104.7066 222.6921 11.0296 -73.335205
-105.026 220.965 11.6033 -73.334722
-104.6066 219.9029 12.8153 -73.334248
-103.3942 219.8352 14.0764 -73.333784
-104.3073 219.9043 13.553 -73.333331
-105.885 218.9419 13.3792 -73.332888
-107.2676 218.4747 12.6842 -73.332456
-108.1193 218.5469 11.0406 -73.332034
-108.3962 219.4541 11.7193 -73.331625
-109.0143 219.6825 13.4653 -73.331226
-109.7221 219.9831 15.1561 -73.330841
-110.6667 219.9703 16.4989 -73.330471
-112.0003 218.9022 16.8845 -73.330113
-113.4433 217.9794 16.4775 -73.32977
-114.7081 217.1333 15.6968 -73.32944
-115.2947 216.7255 13.9743 -73.329124
-115.5962 216.7912 12.1637 -73.32882
-115.7677 217.1126 10.3327 -73.328532
-115.4309 217.0746 11.1227 -73.328262
-116.1181 217.6962 12.116 -73.328001
-117.3855 218.3763 13.3061 -73.327759
-118.8798 218.8959 14.099 -73.327539
-120.5533 219.5755 14.5055 -73.327336
-122.3465 220.0233 14.7431 -73.327151
-124.1585 220.1151 14.949 -73.326985
-125.565 221.2324 14.8597 -73.326837
-126.6064 222.7478 14.7267 -73.32671
-127.1945 224.5052 14.537 -73.326602
-127.9351 226.1832 14.2547 -73.326515
-129.0224 227.5634 14.5865 -73.326449
-130.1181 229.0198 14.5982 -73.326404
-131.2201 230.4645 14.2522 -73.326381
47.5528 -96.076 13.5667 -72.131419
47.0015 -95.2803 13.5986 -72.131506
46.7344 -94.3274 13.6342 -72.13155
27.7081 -94.2683 18.8592 -72.107737
26.226 -93.6204 19.8024 -72.108288
24.7439 -92.9726 20.7456 -72.108703
23.2618 -92.3248 21.6888 -72.108981
23.8038 -92.3745 21.7835 -72.109121
54.7481 -88.0637 17.871 -72.154429
97.3169 -66.6493 31.3652 -72.210122
99.3506 -67.4491 30.897 -72.211599
101.3843 -68.2489 30.4289 -72.212835
103.4181 -69.0488 29.9607 -72.213828
105.4518 -69.8486 29.4925 -72.214576
104.935 -70.7499 28.9784 -72.215076
104.6139 -70.6388 26.7694 -72.215328
96.937 -66.473 30.8282 -72.209354
44.0154 -65.7095 15.6069 -72.217545
44.0102 -66.3692 14.8486 -72.217612
44.1586 -67.2141 14.3402 -72.217646
-4.665 -9.0685 -0.0051 -73.007406
-3.3078 -10.3003 -0.0154 -72.976848
-1.9532 -11.5348 -0.0257 -72.946316
-0.7426 -12.7803 -0.0459 -72.89558
0.4334 -13.9291 -0.0935 -72.825106
1.4466 -15.2471 -0.185 -72.755136
3.5554 -27.7322 1.4257 -72.65225
8.6107 -41.3653 6.7974 -72.557637
22.8794 -62.2772 10.5055 -72.34792
26.4745 -64.8588 13.9793 -72.316995
29.0535 -67.1183 14.3116 -72.296875
42.1418 -73.5431 16.2509 -72.224615
47.2069 -85.1931 18.1557 -72.165731
44.6639 -89.9679 15.7857 -72.14369
47.7449 -96.3203 13.6398 -72.132325
78.4149 -177.3628 14.5582 -72.028344
95.2227 -265.7699 17.0719 -71.947361
48.1056 -320.1106 18.1187 -71.886925
-10.9476 -383.6056 22.9817 -71.845341
-40.36 -432.7473 17.7175 -71.821291
28.7834 -94.5812 17.274 -72.110037
14.3097 -106.6143 20.8227 -72.084977
2.7577 -126.0427 26.0848 -72.066599
-45.0792 -189.1405 27.4734 -72.033021
30.9775 -170.2053 31.4202 -72.058221
28.3969 -94.5693 18.0599 -72.107881
-40.2348 -104.2908 -5.8163 -72.05245
-111.9958 -139.102 2.509 -72.020741
54.6562 -87.9717 17.7384 -72.1552
111.8824 -135.9529 29.1893 -72.076991
164.8572 -185.7356 20.1853 -72.023467
213.7243 -226.7876 32.011 -71.993013
43.9697 -65.4565 15.7766 -72.217784
45.5333 -62.1584 17.8534 -72.215769
96.2419 -66.2233 31.6259 -72.209242
2.1326 -22.0656 -2.5814 -72.688123
6.2653 -35.3706 6.4938 -72.604593
8.3143 -40.7868 6.7183 -72.519444
15.4942 -50.7521 4.9673 -72.451741
19.5156 -57.7327 7.1557 -72.384814
24.2121 -63.3654 12.9105 -72.332425
27.7984 -65.9637 14.1964 -72.306873
35.2991 -71.3414 15.5234 -72.260603
45.9552 -78.4006 18.2802 -72.194633
45.9541 -87.9136 17.638 -72.154524
46.0845 -93.1486 14.7482 -72.137254
52.1518 -103.9606 11.3242 -72.120014
58.8833 -119.603 12.0998 -72.098258
62.6461 -133.0235 18.7767 -72.077403
68.7987 -150.479 18.27 -72.057426
75.478 -168.4071 16.0379 -72.0383
80.7201 -186.7623 13.7215 -72.01862
86.0397 -202.1519 18.4658 -72.001556
88.9594 -219.8372 14.0604 -71.985277
92.3483 -238.1707 14.3683 -71.969764
94.4112 -256.1543 16.5595 -71.954999
95.282 -267.4858 16.3224 -71.939953
95.3059 -280.3632 10.9397 -71.927051
82.392 -291.8157 13.1552 -71.914847
66.6134 -301.8126 13.5179 -71.903326
55.8832 -314.8401 17.1156 -71.892473
42.621 -325.3136 19.0805 -71.881622
32.9705 -340.7608 23.6528 -71.872518
23.9361 -354.8041 21.203 -71.864045
9.6225 -366.7531 22.7517 -71.856194
-4.6074 -378.3071 21.4152 -71.848953
-16.9731 -389.755 18.9726 -71.841969
-27.5688 -401.1213 14.9527 -71.836366
-39.573 -411.7299 14.9204 -71.831354
-40.6381 -420.4638 25.2112 -71.826925
-40.4069 -426.6412 14.8914 -71.823074
-41.6738 -434.0686 12.5022 -71.819763
-35.1298 -447.795 10.0223 -71.817521
-30.511 -455.7937 6.7671 -71.81584
-26.4654 -460.7911 2.4423 -71.814721
-24.2919 -464.5784 0.2402 -71.814162
37.1249 -94.0849 14.9718 -72.126157
20.7736 -99.7756 22.2184 -72.09693
11.0172 -108.5614 18.7473 -72.081106
5.909 -113.1292 24.1737 -72.07527
4.7649 -121.3499 27.2758 -72.06968
-3.9067 -133.7894 26.1237 -72.061838
-16.2236 -149.0836 26.7198 -72.053969
-17.7909 -159.6216 22.5822 -72.046955
-30.8645 -168.2845 21.4997 -72.04079
-40.3768 -181.2163 24.3391 -72.035464
-50.8898 -195.8899 27.7601 -72.03083
-59.8432 -207.2909 27.0024 -72.027613
-63.453 -209.2381 15.4152 -72.025204
-64.2909 -212.4765 11.1044 -72.023599
-69.7086 -217.4653 14.9612 -72.022797
-1.3141 -131.2728 34.9295 -72.06569
15.7442 -115.5027 24.1983 -72.080472
21.9499 -133.9863 25.1312 -72.074002
26.8898 -147.4387 25.6301 -72.068408
28.6429 -155.1273 32.7495 -72.063686
28.6017 -167.7997 33.6747 -72.059828
33.7647 -170.9041 21.6446 -72.056754
35.3986 -176.6564 11.4651 -72.054927
39.8278 -180.409 -7.3747 -72.054013
28.4843 -94.572 17.6083 -72.108512
24.075 -93.3058 9.4058 -72.100824
15.5128 -90.8025 -8.4542 -72.088591
-0.0475 -89.6597 -13.0268 -72.077251
-13.9393 -94.7328 -4.0497 -72.066793
-31.0534 -101.5497 -4.3571 -72.057202
-48.3446 -108.1087 -4.4853 -72.047921
-60.3769 -111.0796 -1.1234 -72.040442
-77.9711 -113.5102 3.296 -72.033802
-92.0999 -121.9743 4.6219 -72.027993
-105.6825 -132.44 0.8972 -72.023008
-119.8735 -141.3568 5.959 -72.018847
-132.8113 -151.1601 6.979 -72.016081
-147.2952 -155.5423 4.0924 -72.01401
-153.368 -158.2725 7.6335 -72.012629
-168.793 -159.6906 7.6228 -72.01194
50.8433 -86.5895 17.9535 -72.159432
61.2357 -92.3404 14.5899 -72.145563
72.1897 -102.125 21.0158 -72.128803
85.4059 -115.7278 22.6939 -72.112986
96.1046 -123.0147 27.5352 -72.098096
106.3877 -128.7142 28.8233 -72.084113
119.3522 -141.0891 32.8119 -72.070105
133.3865 -151.0456 27.4274 -72.058317
140.4642 -156.8554 25.7903 -72.047388
152.3124 -169.1266 29.8767 -72.037304
161.5491 -182.1636 26.4505 -72.028054
167.3763 -187.9265 20.8501 -72.019124
178.0174 -198.4202 27.7655 -72.011948
190.5879 -201.853 17.5881 -72.00557
198.4764 -209.0366 23.2285 -71.999983
206.4978 -222.3967 29.9785 -71.99518
216.4485 -231.2363 29.6641 -71.991138
219.3592 -241.6667 28.5636 -71.988365
217.6919 -257.4839 32.1794 -71.986287
212.7961 -271.781 39.8533 -71.984903
208.8344 -287.7139 39.3838 -71.984211
43.1478 -69.6198 16.0595 -72.219492
45.0982 -63.5211 16.1223 -72.216722
50.7937 -61.6079 11.0465 -72.213956
63.7547 -58.5312 9.7712 -72.21151
75.049 -60.4617 16.3877 -72.209849
83.0968 -60.7333 25.9161 -72.208973
91.3447 -63.64 26.8113 -72.20888
106.4082 -69.1292 24.6495 -72.206808
123.1559 -72.5629 28.9251 -72.203539
143.1961 -75.9244 28.8652 -72.201906
46.1286 -55.224 14.5026 -72.214208
37.6417 -45.2763 18.4222 -72.212389
22.8448 -43.0894 21.8828 -72.21148
