-0.8015 -1.2678 -0 -44.253668
-3.2062 -5.0715 -0 -43.991174
-5.0765 -8.0299 -0 -43.801985
-6.4123 -10.1429 0.0262 -43.878203
-8.0143 -12.677 0.1283 -44.102772
-8.8146 -13.9429 0.1666 -44.270966
-8.2187 -14.5214 0.2948 -44.4195
-8.7411 -16.3672 0.5247 -44.833564
-10.0309 -17.8905 1.1419 -45.349799
-11.386 -19.3222 1.89 -45.844057
-12.7254 -20.8552 2.392 -46.304948
-14.0432 -22.4116 2.6217 -46.847895
-14.6972 -24.3185 2.0715 -47.505109
-15.5306 -26.234 2.0482 -48.215286
-16.1094 -27.8038 2.3068 -48.806014
-14.7796 -28.9827 3.1257 -49.272144
-13.6062 -30.5844 3.6202 -49.741213
-12.2537 -32.1091 3.9089 -50.206333
-11.1222 -33.7683 4.2796 -50.670964
-10.1932 -35.2295 5.196 -51.130139
-9.3619 -36.7283 6.3117 -51.587389
-8.5851 -38.2492 7.4144 -52.041153
-7.5935 -39.8435 8.2499 -52.492403
-6.8916 -41.4349 9.2193 -52.942314
-6.2727 -43.3267 9.6108 -53.391103
-5.7427 -44.6215 10.9758 -53.831752
-5.2774 -45.3085 12.8612 -54.261713
-4.5701 -46.2857 12.7646 -54.690495
-3.9187 -47.0128 11.0346 -55.113327
-3.487 -47.3534 9.0584 -55.529175
-3.1601 -48.3203 10.2056 -55.948374
-2.5906 -49.7167 11.29 -56.364067
-2.064 -51.2649 10.2609 -56.778104
-1.9023 -53.0628 10.2828 -57.189826
-1.2374 -53.7481 8.8883 -57.586771
-0.2338 -55.4757 8.438 -57.988935
0.9268 -57.1391 8.1846 -58.385261
2.1659 -58.7648 8.26 -58.776072
2.7966 -60.3652 9.2072 -59.16213
3.5606 -62.0815 8.7826 -59.544069
4.1051 -63.9769 8.2533 -59.923546
4.7728 -65.8913 8.0534 -60.2968
5.555 -67.7898 8.1794 -60.663899
5.4215 -69.7319 8.5591 -61.025578
5.3722 -71.1779 9.39 -61.376852
6.6015 -72.8224 9.4344 -61.723946
7.9091 -74.3345 9.4579 -62.063829
9.1469 -75.9691 9.4502 -62.398922
10.0298 -77.8076 9.4917 -62.729773
10.7723 -79.6982 9.5101 -63.055581
12.3735 -80.8411 9.4583 -63.365907
13.4145 -82.6176 9.4397 -63.677509
14.1594 -84.5026 9.6273 -63.984282
14.908 -86.352 10.0263 -64.284121
15.6285 -88.1574 10.421 -64.576788
16.2688 -90.0988 10.1972 -64.864922
16.8061 -92.0324 10.2983 -65.145961
18.0591 -93.5211 10.9131 -65.415386
19.0692 -95.1762 11.592 -65.68007
20.0514 -96.8019 12.3554 -65.937581
20.7986 -98.4251 13.1509 -66.188861
22.3425 -99.643 13.6764 -66.428735
23.1324 -101.4525 13.8694 -66.668809
24.2278 -103.1764 13.8286 -66.901452
25.7948 -104.4654 13.8973 -67.122262
27.3532 -105.7951 13.951 -67.336781
28.4996 -107.4233 13.9547 -67.548419
30.0108 -108.56 13.6639 -67.747968
31.1081 -108.6091 12.0588 -67.931517
29.9694 -109.9097 10.9348 -68.136403
28.8308 -111.2104 9.8109 -68.3301
27.6922 -112.511 8.6869 -68.512979
26.8377 -113.4766 7.7017 -68.683565
28.1153 -111.9666 8.2837 -68.828511
29.3929 -110.4565 8.8658 -68.963263
30.6706 -108.9464 9.4479 -69.088217
31.1787 -108.9746 10.7509 -69.22613
31.0798 -109.3078 12.7833 -69.362272
31.1974 -110.3892 14.0207 -69.499114
31.8589 -112.2436 14.4776 -69.638812
32.2207 -114.0808 14.8897 -69.773127
32.3754 -116.0895 14.7382 -69.904242
33.2282 -117.7627 14.1097 -70.026472
34.0263 -119.6079 13.7086 -70.145672
34.4263 -121.5938 13.4703 -70.261661
34.6735 -123.5948 13.4834 -70.373064
34.4631 -125.6138 13.6554 -70.480011
35.477 -127.1975 13.9548 -70.57724
36.4488 -128.3733 14.9241 -70.665822
36.0423 -130.1872 15.3722 -70.757862
35.1621 -131.5518 15.4371 -70.840276
35.6418 -129.8523 14.8263 -70.882768
35.0348 -128.0619 14.2107 -70.920417
35.5446 -129.8444 14.1534 -70.99581
35.6291 -131.8577 14.0497 -71.070201
34.8485 -133.6181 13.7199 -71.138185
34.2995 -135.3089 12.7219 -71.202064
33.9891 -137.2127 12.2496 -71.265148
34.6951 -139.1364 12.158 -71.325387
34.4342 -141.0719 12.4762 -71.382797
34.9496 -142.8915 13.1328 -71.436139
35.1207 -144.6736 12.8365 -71.486287
36.0553 -146.4708 12.5635 -71.534044
36.5162 -147.9232 11.2272 -71.5755
37.0821 -149.6924 10.5935 -71.618175
38.1845 -151.3675 10.8233 -71.657575
38.9786 -152.5573 11.4668 -71.689338
38.5512 -154.4927 11.7745 -71.727876
38.9845 -156.4817 12.0272 -71.76525
38.8087 -158.4686 12.102 -71.800874
39.4316 -160.3993 12.1561 -71.834257
40.017 -162.1492 11.7738 -71.864098
39.9044 -164.0643 11.3068 -71.894474
40.4166 -165.9089 10.6066 -71.922796
41.3853 -167.5493 10.7632 -71.947598
42.1247 -169.1267 11.6727 -71.97064
42.1485 -170.8263 12.6221 -71.994169
41.2541 -172.1527 13.7028 -72.012534
41.3329 -173.6405 14.3131 -72.032039
41.6008 -174.8677 12.6805 -72.047897
41.8738 -176.7997 12.275 -72.071368
42.7438 -178.5456 11.9564 -72.092227
43.2439 -180.4578 12.0397 -72.114636
43.3656 -182.4295 12.4106 -72.137429
43.6747 -184.2146 13.2717 -72.157826
44.1736 -186.1236 13.8383 -72.179488
44.3535 -187.9066 14.7675 -72.199576
44.8726 -189.5685 15.6922 -72.218203
45.4404 -191.1005 14.5715 -72.235314
46.1386 -192.9259 14.1459 -72.255855
46.6287 -194.8895 13.783 -72.27806
47.9055 -196.4354 13.3908 -72.295513
49.0241 -197.9564 13.467 -72.31278
49.8322 -199.3762 13.2319 -72.328989
51.04 -200.3986 12.0409 -72.340712
-16.8109 -27.3553 2.8101 -48.798506
-17.497 -28.3029 4.2038 -49.24897
-18.1984 -29.271 5.5067 -49.686981
-18.2577 -29.3412 3.7473 -50.182379
-18.2679 -29.344 1.9276 -50.663125
-18.2781 -29.3467 0.108 -51.128817
-18.2883 -29.3494 -1.7116 -51.579418
-18.2985 -29.3522 -3.5313 -52.014902
-18.8534 -30.5664 -3.9808 -52.455556
-18.8107 -32.318 -3.8597 -52.9032
-19.3066 -34.0554 -3.7456 -53.349111
-18.9488 -34.5418 -2.2544 -53.781368
-18.3075 -35.7012 -1.0566 -54.220401
-18.003 -37.2922 -0.254 -54.661972
-17.2153 -38.7422 0.5062 -55.100007
-17.2992 -40.1694 1.5541 -55.536558
-17.1185 -41.7267 2.3954 -55.973405
-17.083 -42.8762 3.6698 -56.405612
-17.3639 -44.4413 4.545 -56.839524
-18.2212 -45.6938 5.2818 -57.265134
-18.9632 -46.7735 4.1464 -57.686882
-19.2427 -47.6114 2.5633 -58.106011
-19.7572 -49.1601 2.2576 -58.526635
-20.0441 -50.8741 2.5491 -58.945244
-20.3286 -52.4364 3.2684 -59.357807
-19.8077 -53.8024 3.6098 -59.765041
-19.2008 -54.6661 2.2731 -60.165135
-18.7221 -56.0354 2.9434 -60.56772
-18.7365 -56.729 4.1896 -60.957147
-18.8997 -58.1413 5.2798 -61.348647
-18.8149 -59.8936 5.7078 -61.737973
-18.9822 -61.072 7.0484 -62.116775
-19.3934 -62.5349 8.0119 -62.490597
-19.547 -63.8484 9.0694 -62.8586
-19.5772 -65.5723 8.63 -63.222273
-19.258 -67.3139 8.3405 -63.579503
-19.7508 -69.0603 8.364 -63.928582
-19.9946 -70.8175 8.7102 -64.271529
-19.8037 -72.5539 9.1873 -64.606318
-19.7201 -74.3251 9.5635 -64.933818
-20.2567 -75.9938 9.7611 -65.251917
-19.7758 -77.7066 9.8918 -65.562195
-19.8692 -79.394 10.0722 -65.863218
-20.6153 -80.6503 10.7965 -66.150159
-20.8101 -82.0334 11.1362 -66.428356
-21.8468 -83.2751 10.5156 -66.695203
-22.3598 -84.646 11.4203 -66.95347
-22.8139 -86.2646 12.0203 -67.204308
-22.9433 -87.4114 13.1988 -67.440667
-23.2601 -88.7922 14.1473 -67.667665
-23.5187 -90.5915 14.1567 -67.8868
-23.7693 -92.3875 14.2837 -68.093861
-23.9193 -94.161 14.5659 -68.288481
-24.765 -95.4177 14.2775 -68.464281
-25.6946 -96.5629 13.7452 -68.62523
-26.3361 -98.2508 13.7081 -68.77861
-26.22 -99.6251 14.4174 -68.915958
-26.029 -100.2322 16.1217 -69.029057
-25.98 -100.9366 17.7977 -69.127699
-26.1774 -101.1961 19.58 -69.207116
-26.4133 -101.3806 21.3748 -69.266377
-26.5757 -102.9017 22.0388 -69.322272
-26.565 -104.1061 22.8298 -69.355967
-10.4886 -18.1238 0.6694 -45.766388
-10.4015 -18.057 0.4643 -46.067845
-11.3637 -19.3353 1.4826 -46.443245
-12.4409 -20.4928 2.3203 -46.880663
-13.7335 -21.882 2.6066 -47.35432
-14.3525 -23.4451 1.6476 -47.83075
-14.7639 -24.7529 0.4153 -48.30321
-15.0123 -25.6795 -1.2982 -48.771702
-14.7483 -27.3027 -2.2341 -49.246339
-14.1682 -28.7546 -3.3613 -49.719343
-14.1335 -30.3237 -2.5621 -50.192697
-14.176 -32.0715 -1.7097 -50.665753
-14.076 -33.7889 -0.9359 -51.136702
-13.8862 -35.6563 -1.4771 -51.607268
-13.5408 -37.5381 -1.8551 -52.075622
-12.9254 -39.3671 -2.0095 -52.542173
-12.8947 -41.2639 -2.5483 -53.006266
-12.5093 -43.0891 -2.3969 -53.466866
-11.8636 -44.7358 -1.5183 -53.924945
-11.3409 -46.4019 -0.6056 -54.379919
-11.0233 -47.5467 0.9658 -54.828311
-10.5913 -48.4457 2.6789 -55.26783
-10.1405 -50.0833 3.3431 -55.71141
-10.2934 -51.7904 2.9275 -56.15223
-10.88 -52.8858 1.4404 -56.584062
-11.0363 -54.4811 1.7038 -57.015538
-11.1458 -56.3254 2.378 -57.446073
-10.357 -57.7555 3.4384 -57.867502
-10.1358 -58.8326 4.9901 -58.280579
-10.3077 -60.6124 5.6598 -58.697397
-11.2813 -62.2927 6.0116 -59.107631
-11.7958 -64.1934 6.181 -59.514945
-12.4342 -66.0517 6.3974 -59.917248
-11.9522 -67.7789 6.8906 -60.312935
-11.6762 -69.0382 8.2561 -60.697502
-11.713 -70.0381 9.9612 -61.072967
-11.8555 -70.9146 11.6774 -61.443706
-12.8132 -71.5235 13.2459 -61.803474
-13.5753 -72.2336 12.7301 -62.158599
-14.1638 -73.7043 11.8882 -62.515873
-14.4131 -75.2707 10.815 -62.867361
-13.5782 -77.0011 10.3425 -63.214631
-13.3259 -78.9499 10.1371 -63.557893
-13.3622 -80.9141 10.3308 -63.893981
-14.2376 -82.5066 10.9807 -64.21842
-14.7845 -84.1023 11.9265 -64.536579
-15.3519 -85.4422 12.6525 -64.845003
-15.7865 -86.6616 12.098 -65.145422
-16.5522 -87.7496 13.5364 -65.436961
-17.1687 -89.5648 13.8022 -65.728989
-18.2162 -91.1682 13.885 -66.011428
-19.5493 -92.634 13.9514 -66.284838
-20.3209 -94.4426 13.8656 -66.555023
-21.0095 -96.2837 13.6721 -66.818108
-21.3384 -97.8523 13.9673 -67.073126
-21.6939 -97.8965 15.9193 -67.30577
-22.3276 -98.0602 17.7316 -67.529293
-21.887 -98.9874 16.7979 -67.756397
-22.8153 -99.7306 15.3374 -67.971488
-24.3779 -100.6691 14.7056 -68.181299
-24.3457 -102.6276 14.3888 -68.39519
-24.5768 -104.5617 14.2213 -68.601491
-24.8282 -106.5067 14.2205 -68.800944
-25.0574 -108.4614 14.1941 -68.993235
-25.5558 -110.3378 14.0236 -69.177784
-26.9412 -111.6652 13.5497 -69.34911
-27.6548 -113.1993 12.651 -69.515832
-27.9593 -114.1646 11.0361 -69.671065
-28.3565 -115.3746 10.0919 -69.82039
-29.1471 -116.4978 9.0352 -69.962945
-29.5399 -117.0458 7.1689 -70.093541
-29.9596 -117.6548 5.3281 -70.217727
-30.9613 -118.935 4.5188 -70.342845
-32.1435 -120.2324 4.6581 -70.462422
-32.9363 -121.0473 6.2793 -70.570909
-33.621 -122.2206 7.5953 -70.677549
-33.9105 -123.585 8.7937 -70.781034
-34.4873 -124.3869 10.3397 -70.872609
-35.0405 -125.7656 11.4307 -70.965339
-34.701 -127.6323 11.772 -71.058643
-35.3063 -129.4991 11.9181 -71.147058
-35.9903 -131.3268 11.7835 -71.230118
-37.6819 -132.1342 11.31 -71.296643
-38.5009 -133.4806 10.3217 -71.364851
-38.4967 -134.7419 8.9782 -71.427819
-39.2613 -136.1191 9.0235 -71.487525
-39.6486 -137.8732 9.0943 -71.547272
-40.3927 -139.5578 8.4232 -71.601878
-41.3357 -141.2284 8.0319 -71.652075
-41.7461 -143.1332 7.6854 -71.700813
-42.0138 -145.0056 7.4829 -71.744921
-41.9887 -146.6225 8.5512 -71.781863
-43.1363 -148.1444 8.915 -71.813294
-43.8626 -149.8828 8.3731 -71.842816
-44.926 -151.4033 7.7386 -71.865221
-9.353 -14.8211 0.2731 -44.54188
-11.0559 -15.5864 0.7158 -45.018697
-12.8605 -15.9487 1.177 -45.600269
-14.323 -16.6873 2.6356 -46.677934
-15.6273 -17.7486 4.2904 -47.579585
-16.5612 -19.3299 4.837 -47.988363
-17.0333 -20.2944 6.2453 -48.436538
-17.8874 -21.5361 7.3823 -48.897732
-18.8508 -22.9769 8.1796 -49.360146
-19.5099 -24.5801 8.9543 -49.825409
-19.7318 -25.6734 10.3712 -50.287731
-19.6375 -26.5275 11.987 -50.749796
-20.9183 -27.5166 12.4491 -51.20949
-21.2964 -29.0814 13.3143 -51.676516
-21.83 -30.7644 14.0149 -52.144885
-22.4092 -32.288 14.7504 -52.611213
-23.1716 -32.8787 16.4102 -53.071042
-23.4458 -33.3976 17.1662 -53.522994
-23.9797 -35.1098 17.8018 -53.988821
-25.2888 -36.4276 18.1128 -54.44787
-26.4013 -37.9363 18.2431 -54.906626
-27.2908 -39.5473 18.3867 -55.365384
-28.9068 -40.2841 18.3568 -55.811973
-28.8386 -41.8551 18.071 -56.265923
-30.0593 -43.3052 18.0707 -56.715669
-30.6546 -44.9959 18.2212 -57.166662
-31.4097 -46.5757 18.3297 -57.613132
-32.6885 -47.8644 18.2798 -58.052782
-33.6705 -49.4532 18.3794 -58.490585
-34.3435 -51.1833 18.7706 -58.926375
-35.0428 -52.643 19.7515 -59.355553
-35.9334 -53.9164 20.8542 -59.777124
-36.4958 -55.5633 21.6175 -60.197552
-37.1515 -57.2664 22.1901 -60.612986
-37.503 -58.9135 22.7742 -61.024391
-37.2767 -60.629 23.5408 -61.431493
-38.3487 -62.1152 24.0868 -61.828223
-38.7835 -63.8894 24.6417 -62.221958
-39.0307 -65.5698 25.4324 -62.607625
-39.2448 -67.4312 25.7075 -62.98961
-39.4113 -69.2406 26.1323 -63.363041
-38.2265 -70.1613 27.1367 -63.719234
-37.9293 -71.6381 28.1838 -64.075962
-36.7386 -72.8721 28.5562 -64.420861
-35.4143 -74.1273 28.8617 -64.757373
-33.8413 -75.1427 29.2839 -65.090176
-32.9832 -76.7229 29.5771 -65.414615
-33.6399 -75.092 29.1649 -65.698153
-33.1635 -76.3575 28.5144 -66.004553
-32.6394 -77.9449 29.3953 -66.305185
-31.5586 -79.4236 29.8926 -66.59996
-30.8094 -81.0765 30.3763 -66.885823
-31.5811 -82.6547 30.6865 -67.157643
-31.7168 -84.5489 30.8274 -67.423022
-31.5105 -86.4537 30.8357 -67.677669
-31.5377 -88.3667 30.7633 -67.921947
-31.4829 -90.279 30.6456 -68.155365
-31.9235 -92.1277 30.4947 -68.376543
-32.2806 -93.9944 30.2829 -68.586023
-33.2826 -95.4749 30.073 -68.779614
-34.2923 -96.3147 29.212 -68.953931
-33.7984 -97.5646 29.0456 -69.121298
-33.365 -98.5644 30.3242 -69.273538
-34.9529 -99.5888 30.5864 -69.412325
-35.3561 -101.2379 30.5528 -69.544973
-35.425 -102.1901 29.7785 -69.655741
-35.4381 -103.6106 30.0236 -69.757277
-35.4329 -104.9525 28.8355 -69.842358
-35.4888 -106.6151 28.0477 -69.914852
-35.1318 -108.0258 29.2064 -69.967869
-34.5346 -109.5447 30.0645 -70.004124
-15.445 -16.6758 3.4162 -47.572055
-17.1123 -16.5493 2.7023 -47.956383
-18.8242 -16.1183 2.2844 -48.384494
-20.5247 -15.3962 2.2003 -48.815199
-22.3116 -15.3473 2.4856 -49.253671
-24.0423 -14.9367 2.9859 -49.690862
-25.7912 -14.8802 3.5418 -50.133353
-27.6376 -14.8877 3.7424 -50.576354
-29.4617 -14.8882 3.7168 -51.019615
-31.2202 -15.3922 3.5297 -51.47056
-32.7539 -15.8243 2.9445 -51.923034
-34.0829 -16.2305 1.7975 -52.373699
-35.3566 -17.1047 0.7776 -52.829268
-36.7811 -17.3591 0.0703 -53.275069
-38.4049 -17.2529 0.8951 -53.715394
-40.1857 -16.9717 1.2216 -54.153215
-41.9745 -17.3706 1.348 -54.597708
-43.6645 -17.7288 1.1737 -55.040731
-45.1638 -16.9527 0.472 -55.468135
-46.3865 -16.2335 -0.6264 -55.895712
-48.1583 -16.038 -0.1893 -56.327625
-49.5586 -16.5997 0.7893 -56.766699
-50.6275 -17.7832 1.5574 -57.209135
-52.4581 -17.9497 1.6886 -57.636916
-54.2203 -17.8442 1.1278 -58.058316
-55.6575 -18.4041 0.1681 -58.485006
-57.139 -19.2179 -0.5793 -58.911066
-58.8775 -19.6978 -0.9928 -59.328893
-60.4992 -20.5497 -0.8751 -59.745935
-62.2699 -20.9516 -0.784 -60.153398
-63.9605 -21.4851 -1.2025 -60.561192
-65.769 -21.6468 -1.2364 -60.956908
-67.4074 -21.948 -2.0416 -61.349069
-69.2303 -22.0478 -2.2783 -61.73296
-71.0405 -22.3933 -2.2 -62.115086
-72.76 -22.6876 -1.8978 -62.489994
-74.4248 -22.1245 -1.3042 -62.848879
-75.468 -21.5676 0.0962 -63.202185
-76.805 -21.0117 0.8974 -63.548984
-78.6304 -21.1688 0.7939 -63.895205
-80.2126 -21.6023 1.4208 -64.237929
-81.9055 -21.4802 1.8938 -64.56662
-83.3789 -20.5725 2.4839 -64.878619
-84.8475 -20.092 3.3977 -65.18709
-85.8797 -19.4106 4.4732 -65.48646
-86.9877 -17.9771 4.3817 -65.76752
-88.4094 -16.917 4.436 -66.044093
-89.1332 -16.2863 5.8123 -66.319979
-89.6827 -16.0961 7.5766 -66.591183
-90.6073 -14.9923 8.5732 -66.840087
-91.6573 -14.5236 9.9347 -67.086608
-92.216 -13.6924 11.4126 -67.321509
-93.3323 -12.5367 11.3011 -67.539185
-94.3529 -11.3333 10.4637 -67.746216
-95.9243 -11.359 10.3327 -67.956654
-97.085 -12.6874 10.4076 -68.17123
-98.637 -11.9209 10.4364 -68.350251
-99.8512 -10.5582 10.1484 -68.510148
-101.1467 -9.2581 9.9913 -68.65928
-102.9108 -8.8466 10.0308 -68.80598
-104.2043 -7.6318 10.4372 -68.930018
-105.7848 -7.7377 11.2376 -69.056423
-107.5295 -7.7352 11.7584 -69.167748
-108.7114 -6.5165 12.2914 -69.250761
-108.6826 -5.013 12.9437 -69.316472
-109.4316 -4.9691 14.0337 -69.38381
-110.9911 -5.321 13.2911 -69.439764
-112.3812 -4.7789 12.2565 -69.468798
-113.4541 -4.4164 10.8172 -69.482728
-15.5545 -17.632 4.3033 -47.574853
-16.8149 -18.3686 5.0193 -47.945421
-18.1535 -17.7371 5.9254 -48.350208
-19.3957 -17.6568 7.1162 -48.770824
-20.6245 -17.4395 8.329 -49.191525
-21.4073 -17.0773 9.8446 -49.615947
-22.3291 -16.4593 11.1562 -50.036747
-23.7986 -16.4039 12.1053 -50.466136
-24.636 -16.4397 13.5353 -50.903401
-26.0492 -16.413 14.4153 -51.336474
-26.5091 -16.6788 16.0866 -51.782901
-27.6416 -17.5424 16.452 -52.228445
-28.9683 -17.6171 17.1518 -52.665646
-30.2529 -16.8642 18.0015 -53.092876
-31.8112 -16.9615 18.7079 -53.532632
-32.7125 -16.0015 17.8716 -53.958205
-33.9732 -15.3124 17.8919 -54.387336
-35.5154 -14.9405 18.541 -54.819827
-36.8148 -15.2621 19.6037 -55.26028
-38.1095 -15.3947 20.6532 -55.695408
-39.3709 -15.3085 20.5665 -56.131231
-39.9084 -15.4165 22.2463 -56.571253
-41.4898 -16.1032 22.568 -57.008084
-43.1935 -16.3081 22.9719 -57.435953
-44.8671 -16.1005 23.426 -57.855204
-46.5874 -16.255 23.8037 -58.276451
-48.2806 -16.146 24.1613 -58.687002
-49.8848 -15.6408 24.6252 -59.088661
-51.569 -15.5809 25.1077 -59.488575
-53.1934 -15.8717 25.7123 -59.885993
-54.8397 -16.0518 26.2602 -60.276373
-56.4663 -15.7486 26.8593 -60.650163
-57.6381 -14.8744 27.7621 -61.008224
-58.8394 -13.7889 28.4214 -61.354152
-60.1932 -13.1386 29.3328 -61.69619
-61.8304 -12.6017 29.6751 -62.027275
-63.5039 -12.1508 29.7076 -62.346079
-64.8861 -11.121 29.4315 -62.64553
-65.5954 -10.0293 28.2627 -62.931303
-66.3587 -9.069 29.1123 -63.203289
-67.3994 -7.9254 29.8988 -63.457024
-68.8854 -7.8686 29.963 -63.705831
-70.5505 -7.352 29.9726 -63.930451
-72.0497 -6.4284 30.0037 -64.130946
-73.5599 -5.5098 29.9785 -64.310702
-74.8786 -4.3323 29.9264 -64.470664
-76.2236 -3.1844 29.9023 -64.601334
-77.2186 -1.7362 29.9278 -64.702947
-78.2778 -0.5048 29.7779 -64.779699
-79.9939 -0.3567 29.5292 -64.840504
-81.6519 -0.1123 29.479 -64.869908
-15.2282 -17.1379 4 -47.412695
-15.8134 -17.8487 4 -47.439829
-16.4306 -18.5318 4 -47.457522
-13.8552 -16.3527 0.6773 -45.959324
-6.8126 -12.9962 0.0714 -44.164078
-5.8684 -15.48 0.0572 -44.482823
-5.4058 -18.0693 0.0621 -44.879444
-4.8048 -20.6622 0.1442 -45.365625
-4.2378 -23.1032 0.3354 -45.953977
-4.2185 -23.3173 3.0099 -46.857057
-4.1991 -23.5292 5.6846 -47.756704
-3.9404 -24.0329 8.0609 -48.637703
-2.9465 -26.4423 7.8893 -49.542936
-2.9898 -29.1239 7.9366 -50.46297
-2.8312 -31.7921 8.079 -51.396065
-2.7737 -34.4658 8.0848 -52.342423
-3.1335 -36.1267 6.8772 -53.306086
-2.9668 -36.5649 4.2354 -54.270771
-3.5563 -38.3842 2.8887 -55.25075
-4.3063 -40.3834 1.497 -56.25159
-4.1208 -42.6459 0.2252 -57.268834
-4.2362 -43.7827 0.8959 -58.037359
-3.8312 -43.4159 2.8085 -58.527472
-3.4263 -43.0492 4.7211 -59.000955
-3.0214 -42.6825 6.6338 -59.45805
-2.6164 -42.3158 8.5464 -59.899006
-2.2115 -41.949 10.459 -60.324076
-1.8006 -41.5642 12.3611 -60.733329
-1.0504 -39.8462 12.7392 -61.128613
0.1758 -38.6585 13.5417 -61.524713
1.5902 -38.0395 13.8599 -61.93029
3.2347 -39.0768 14.2093 -62.350221
3.2862 -40.8715 14.6526 -62.778287
3.0921 -42.2179 15.9515 -63.199608
3.289 -43.8273 17.0278 -63.622401
3.7676 -45.0577 18.3989 -64.042326
5.3853 -45.2551 17.5078 -64.44926
6.4565 -45.5185 16.2146 -64.863663
6.4601 -45.5688 14.2263 -65.276665
7.3041 -46.1013 15.3965 -65.69327
7.7212 -46.6728 17.2551 -66.11336
8.2906 -47.8462 18.7417 -66.537748
8.7291 -49.4862 19.2615 -66.850393
9.1255 -50.9461 19.7272 -67.035953
10.0364 -52.2198 19.9693 -67.21564
10.7133 -53.6545 20.0389 -67.394168
11.8089 -54.3454 19.5071 -67.562001
12.1976 -54.6669 17.9921 -67.72238
13.1099 -54.8336 16.8714 -67.877148
13.5838 -54.6626 15.3738 -68.033523
13.6588 -54.6533 13.7788 -68.210074
13.7337 -54.644 12.1838 -68.377715
13.8087 -54.6347 10.5888 -68.536701
13.8837 -54.6254 8.9938 -68.68728
13.9586 -54.6161 7.3988 -68.829692
14.0336 -54.6068 5.8038 -68.96417
14.1085 -54.5975 4.2088 -69.090938
14.1663 -54.5744 2.6132 -69.228457
14.2206 -54.5486 1.0176 -69.363567
14.2749 -54.5228 -0.5781 -69.491
14.3293 -54.497 -2.1737 -69.61101
14.3836 -54.4712 -3.7694 -69.723842
14.4379 -54.4454 -5.365 -69.829729
13.7113 -55.8095 -5.5929 -69.946832
13.1825 -57.2536 -6.0072 -70.061541
12.9567 -58.7053 -6.561 -70.172838
12.6682 -60.0281 -7.37 -70.279108
12.3514 -61.5353 -7.7387 -70.384047
11.9771 -63.0578 -7.8716 -70.485535
11.7617 -64.6275 -7.7751 -70.584077
11.4655 -65.9109 -8.3481 -70.675839
11.6675 -66.9063 -9.5712 -70.760833
11.728 -68.3207 -9.6289 -70.847304
11.6975 -68.4625 -8.07 -70.915355
11.4235 -69.5735 -7.0162 -70.990572
11.1196 -70.8404 -6.109 -71.063935
11.0275 -71.8722 -4.9846 -71.13111
11.2426 -73.2528 -4.3725 -71.198528
10.7531 -74.6674 -3.9199 -71.262414
10.425 -76.2016 -3.7062 -71.323987
10.77 -77.7411 -3.6532 -71.381744
11.0786 -79.2552 -3.6604 -71.435134
11.425 -80.7723 -3.755 -71.484519
11.2996 -82.2807 -4.0128 -71.529596
11.9706 -83.6675 -4.3963 -71.569008
12.7118 -84.5829 -3.8154 -71.598824
13.1706 -85.4159 -2.5821 -71.623033
13.3664 -86.853 -1.9391 -71.649531
13.3682 -87.667 -0.8755 -71.664005
8.6263 -48.9248 19.7774 -66.846357
8.971 -49.5407 20.9869 -67.026056
9.2099 -51.0475 20.8184 -67.212494
10.0927 -52.2943 20.5532 -67.392109
10.6868 -53.724 20.4404 -67.570207
11.4461 -54.1517 19.6321 -67.736258
11.5442 -54.2966 18.1881 -67.894896
12.9332 -54.8812 18.406 -68.053583
13.2774 -55.294 19.8309 -68.210633
13.7729 -56.2787 20.5319 -68.367192
14.3885 -57.7019 20.5127 -68.525488
15.16 -59.0485 20.6431 -68.678821
15.6443 -60.0525 21.5504 -68.825099
16.2084 -60.988 22.5631 -68.966643
17.2577 -61.2039 23.519 -69.095354
18.4454 -61.8839 23.9975 -69.225109
19.1422 -63.2514 24.2481 -69.358939
19.671 -63.8624 25.3071 -69.481583
20.2623 -64.3588 26.3522 -69.597458
21.638 -65.0559 26.1487 -69.710748
22.7173 -66.1327 25.8633 -69.83011
23.7256 -67.2733 25.5197 -69.943702
24.6112 -68.47 25.1932 -70.050432
24.9681 -69.954 24.971 -70.155392
24.9964 -70.9802 24.2159 -70.254527
24.9684 -71.117 22.6615 -70.342084
24.9404 -71.2538 21.1072 -70.422197
24.9124 -71.3907 19.5528 -70.495056
24.8648 -71.4567 17.9963 -70.560775
24.9221 -71.7069 16.7213 -70.623217
25.4185 -72.6144 17.5247 -70.6892
25.5779 -72.8182 19.0637 -70.742244
25.6724 -73.1458 20.5059 -70.789907
25.5385 -73.7136 21.7923 -70.835896
25.5469 -73.9336 23.3373 -70.872037
25.5553 -74.1535 24.8823 -70.901234
26.4257 -75.2629 24.9859 -70.934205
26.2037 -76.801 24.991 -70.965747
26.3234 -78.3421 25.0702 -70.990583
-4.7208 -44.7161 -0.023 -57.959417
-5.1299 -46.1818 0.6944 -58.306565
-5.3697 -46.9913 2.259 -58.6445
-5.7718 -48.0995 3.5791 -58.981899
-6.3113 -49.4357 4.5711 -59.320176
-6.1052 -51.0319 5.3148 -59.658395
-5.9754 -52.7323 5.8136 -59.994865
-5.3005 -54.3124 6.0843 -60.327233
-5.5666 -55.9139 6.2159 -60.657158
-6.3626 -57.4622 6.4728 -60.983172
-7.4327 -58.7683 6.9386 -61.303479
-8.3123 -60.0607 7.6969 -61.620496
-9.2075 -61.5771 7.5449 -61.935598
-10.0182 -63.1512 7.7642 -62.24826
-10.4982 -64.8336 7.9938 -62.557789
-11.098 -66.494 8.2496 -62.863924
-11.5795 -68.0917 8.8213 -63.165259
-11.4778 -69.48 9.814 -63.459334
-11.3768 -70.9824 10.6772 -63.751223
-11.1615 -72.6665 10.9417 -64.041326
-11.9531 -74.0675 10.3517 -64.323472
-12.2253 -75.2856 9.1163 -64.599011
-12.386 -76.5528 7.8889 -64.869794
-12.4919 -77.8973 6.8778 -65.137334
-12.6418 -79.6702 6.7282 -65.404643
-12.8923 -81.2283 7.3625 -65.664729
-13.0636 -82.0267 8.8276 -65.912977
-12.8375 -83.2389 8.8894 -66.158811
-12.4716 -84.694 8.0205 -66.402757
-12.6797 -85.5671 7.0599 -66.635284
-12.5183 -84.1321 6.1622 -66.837278
-12.5292 -84.0813 7.3739 -67.050397
-11.895 -85.6688 7.8198 -67.276851
-11.5229 -87.2946 8.4116 -67.497963
-10.3324 -88.1124 9.2259 -67.704269
-10.675 -89.8262 9.467 -67.916099
-11.2148 -91.4903 9.7261 -68.12106
-11.4919 -93.2205 9.9224 -68.320988
-11.8689 -94.9605 9.9938 -68.515814
-12.2215 -96.7085 9.9892 -68.704447
-12.5548 -98.4528 9.9031 -68.887767
-13.101 -100.1246 9.6027 -69.064274
-13.6123 -101.6942 9.0552 -69.234179
-14.5178 -102.8115 8.0351 -69.393439
-14.732 -103.8321 6.6289 -69.546472
-14.736 -104.949 5.3416 -69.69533
-14.7897 -105.5564 3.6632 -69.832968
-14.9175 -106.1934 2.0059 -69.96518
-14.8119 -107.3154 0.66 -70.096236
-14.3904 -108.3157 -0.7477 -70.221078
-14.0768 -109.6227 -1.5126 -70.343199
-14.1581 -111.3783 -1.2027 -70.465133
-14.4574 -112.7137 -0.3129 -70.577258
-14.5581 -113.8268 1.0481 -70.681052
-14.5629 -114.7419 2.5821 -70.77769
-14.3372 -115.8187 3.9677 -70.870367
-14.0073 -116.8255 5.38 -70.957072
-13.5104 -118.0936 6.4955 -71.041365
-13.0668 -119.695 6.5246 -71.124211
-12.4966 -121.0534 5.5568 -71.198715
-12.0851 -122.6625 5.1356 -71.270815
-12.5004 -124.2153 4.474 -71.336917
-12.6759 -125.9354 4.076 -71.399263
-13.0189 -127.5669 3.9008 -71.455143
-13.6129 -129.2115 3.7998 -71.505377
-14.5095 -130.7248 3.617 -71.548229
-15.1909 -132.314 3.2206 -71.585952
-16.0458 -133.6469 2.4524 -71.614513
-17.0046 -135.0632 2.0492 -71.637612
-3.6471 -8.0538 -0.0157 -43.980349
-1.3228 -8.9468 -0.0471 -44.272776
0.9314 -9.9936 -0.0832 -44.587966
2.6625 -11.7633 -0.1495 -44.982497
3.884 -13.4015 -0.8686 -45.59307
4.2751 -14.1359 -3.2157 -46.908408
4.6663 -14.8703 -5.5627 -48.202091
5.0575 -15.6047 -7.9097 -49.473754
5.4487 -16.3392 -10.2567 -50.723194
5.5082 -15.6747 -11.481 -51.641383
5.7528 -14.1284 -10.9972 -52.188678
5.1317 -14.013 -9.0503 -52.764863
5.6382 -14.026 -8.2186 -53.370611
7.6439 -14.2766 -7.8039 -53.985214
9.6042 -14.0356 -7.3728 -54.580459
11.4824 -13.5321 -6.7322 -55.181315
12.4397 -13.1153 -5.3274 -55.793374
13.1732 -12.7275 -3.4442 -56.420969
14.0029 -12.5015 -1.5695 -57.061078
14.9232 -12.6143 0.2611 -57.712794
16.0509 -12.8503 1.9217 -58.375635
17.2291 -12.7352 3.6117 -59.052037
18.6969 -13.072 4.9744 -59.729798
20.4387 -12.843 5.9867 -60.411803
22.2399 -12.9948 6.2182 -60.908087
23.7688 -13.3762 5.9788 -61.205278
25.0057 -12.6222 5.3936 -61.487367
26.3571 -12.2571 4.8087 -61.771417
27.8738 -11.9691 4.5669 -62.055082
29.2461 -11.1445 4.4391 -62.329795
30.8012 -10.7714 4.3716 -62.606104
32.3851 -10.5715 4.2891 -62.881847
33.2233 -10.1298 4.9983 -63.153955
34.0663 -9.8024 5.9221 -63.423488
35.5597 -9.845 6.5062 -63.692976
36.9026 -9.7278 7.2501 -63.957868
38.2463 -9.5474 7.9246 -64.216715
39.7277 -9.1425 8.3952 -64.468633
41.1759 -8.7377 8.951 -64.715928
42.5633 -8.3419 9.5488 -64.959967
43.7337 -8.1277 8.583 -65.200846
45.1311 -8.0308 7.9631 -65.437038
46.5242 -8.3092 7.3517 -65.671296
47.4104 -8.3281 6.0274 -65.898825
48.547 -8.1523 4.9694 -66.116228
50.1277 -8.0481 4.8161 -66.327826
51.0302 -8.412 5.9293 -66.54189
52.4231 -8.5023 6.17 -66.742659
53.895 -8.5955 6.6905 -66.937008
54.9911 -8.7652 7.7616 -67.124224
56.4893 -8.9904 7.679 -67.303233
57.587 -10.1308 7.9043 -67.484308
59.0801 -10.6364 8.1455 -67.649756
60.6014 -11.0022 8.4608 -67.803503
61.9959 -11.5958 8.0265 -67.950247
62.9752 -11.9724 7.058 -68.086415
63.4644 -12.0743 5.5381 -68.20852
64.0395 -11.9612 4.047 -68.318408
64.4337 -11.9546 2.4888 -68.418317
64.823 -11.932 0.9297 -68.505178
65.2041 -11.8836 -0.6309 -68.578304
65.5558 -11.8356 -2.1985 -68.638389
65.8976 -11.7879 -3.7682 -68.683847
66.4194 -11.7876 -5.282 -68.714986
66.4944 -12.5596 -6.6605 -68.739932
21.8035 -12.9643 5.5087 -60.959201
22.2928 -12.8975 4.0421 -61.344635
22.782 -12.8307 2.5755 -61.714603
23.2713 -12.7639 1.1089 -62.069301
23.7606 -12.6971 -0.3578 -62.408926
24.2499 -12.6303 -1.8244 -62.733675
24.7391 -12.5635 -3.291 -63.043745
25.2284 -12.4967 -4.7576 -63.339331
25.7177 -12.4299 -6.2242 -63.620626
26.2069 -12.363 -7.6908 -63.88782
26.8935 -12.3131 -8.9994 -64.143185
27.9931 -12.1349 -10.0456 -64.391517
29.4155 -12.0244 -10.5719 -64.636216
30.9321 -12.139 -10.7879 -64.878056
32.4337 -12.4908 -10.7732 -65.11947
33.7283 -13.0404 -10.3346 -65.357112
34.9591 -13.7394 -9.781 -65.591329
36.3049 -14.3754 -9.3611 -65.820199
37.7863 -14.4064 -8.971 -66.039716
38.9765 -14.4204 -8.3072 -66.25297
39.509 -14.5028 -6.8771 -66.459523
40.803 -14.1184 -7.3333 -66.651674
42.1172 -13.7343 -7.9502 -66.836751
43.481 -14.2451 -8.4653 -67.024402
44.8322 -14.6862 -9.0455 -67.203461
46.2199 -15.1571 -9.5418 -67.37501
47.4998 -15.7968 -10.1041 -67.5391
48.4919 -16.341 -10.9949 -67.693954
49.2648 -16.5571 -12.2212 -67.835924
50.6437 -17.0063 -12.5265 -67.96972
52.1626 -17.2199 -12.7123 -68.090637
53.5098 -17.9199 -12.5815 -68.206008
54.8261 -18.5114 -12.0649 -68.308954
56.0144 -19.3898 -11.6485 -68.403039
57.1511 -20.3793 -11.2981 -68.486105
58.5784 -20.83 -11.009 -68.549578
59.5198 -21.3446 -11.6244 -68.601036
59.9152 -21.5013 -13.1121 -68.633671
60.3293 -21.6363 -14.5919 -68.650962
5.542 -17.4481 -11.9734 -51.582246
5.2752 -19.0549 -12.8511 -51.998158
4.5319 -20.5356 -13.6308 -52.413535
4.2842 -21.2679 -12.1504 -52.826476
4.5234 -21.5541 -11.2061 -53.227793
5.0916 -22.5097 -9.9139 -53.639881
5.6355 -23.6108 -8.5295 -54.052326
6.4022 -24.9693 -7.5369 -54.467681
6.6335 -26.3097 -6.3211 -54.880946
7.1852 -27.3717 -7.4784 -55.293304
7.7638 -28.2275 -9.037 -55.701238
9.1599 -28.8455 -10.0123 -56.101819
10.2945 -29.4271 -11.2255 -56.50097
12.0307 -29.9265 -10.7637 -56.898409
13.7255 -30.5864 -10.4924 -57.294855
15.1918 -31.515 -11.0288 -57.691623
16.7178 -31.6949 -12.0524 -58.078128
18.2188 -31.9125 -13.1144 -58.462236
19.9511 -32.1969 -13.7295 -58.84446
21.5074 -33.0418 -14.1745 -59.243743
22.8543 -34.2615 -14.6414 -59.644649
24.0059 -35.5947 -15.1729 -60.030517
24.5296 -37.1036 -15.7174 -60.415076
24.7232 -37.5624 -17.5262 -60.788133
25.1008 -38.2263 -19.2142 -61.158165
26.3789 -39.4506 -19.5884 -61.526103
28.1291 -39.8596 -20.0602 -61.879781
29.3513 -39.6098 -21.3429 -62.22239
30.6809 -38.9744 -22.3478 -62.555654
31.8544 -39.4408 -23.699 -62.897508
32.7072 -40.1312 -24.5207 -63.235977
34.1875 -40.0661 -24.2388 -63.560966
35.3747 -39.954 -25.6606 -63.879925
36.0556 -40.1808 -27.3735 -64.201165
37.1117 -40.5409 -28.8636 -64.514492
37.9499 -40.8975 -30.5002 -64.821669
38.8019 -40.6861 -32.1277 -65.11654
39.8174 -40.5169 -33.6425 -65.403877
40.8901 -40.7217 -35.068 -65.688056
42.5305 -41.61 -35.2384 -65.972751
44.3755 -41.8861 -35.4176 -66.243046
45.9871 -42.2694 -36.0731 -66.507411
47.4878 -43.2765 -36.1873 -66.776107
49.3319 -43.6209 -36.2065 -67.034014
51.1887 -43.712 -36.2324 -67.27358
53.0372 -43.4731 -36.3042 -67.50085
54.8899 -43.6769 -36.497 -67.724157
56.6959 -43.5991 -36.9065 -67.93624
58.2639 -44.1277 -37.6876 -68.146705
59.5341 -44.5902 -38.7803 -68.349303
60.5988 -45.0677 -39.8571 -68.541726
61.8729 -46.2433 -40.1922 -68.733087
63.3313 -46.5896 -41.0735 -68.906393
64.0217 -46.6763 -42.7931 -69.068465
64.5704 -46.7494 -44.583 -69.220689
64.8703 -46.6711 -46.4334 -69.36657
65.1687 -46.5915 -48.2839 -69.498185
65.5964 -46.5388 -50.1097 -69.62023
65.7108 -46.4215 -51.9702 -69.73978
65.6981 -46.2783 -53.8407 -69.847309
65.6854 -46.1351 -55.7113 -69.939695
65.6727 -45.9919 -57.5819 -70.017322
65.7296 -45.7497 -59.4403 -70.083286
65.8135 -45.4694 -61.2934 -70.135236
66.0243 -45.0935 -63.1166 -70.172665
66.1717 -44.6856 -64.9394 -70.196641
66.3305 -44.1781 -66.4646 -70.205355
5.6517 -16.7814 -12.2027 -51.760367
5.689 -16.9607 -13.7308 -52.513551
5.7263 -17.14 -15.259 -53.245444
5.7636 -17.3194 -16.7872 -53.9562
5.8009 -17.4987 -18.3154 -54.645998
5.8383 -17.678 -19.8436 -55.315033
5.8756 -17.8574 -21.3717 -55.963517
5.9129 -18.0367 -22.8999 -56.591675
5.9502 -18.216 -24.4281 -57.199744
5.9875 -18.3954 -25.9563 -57.787971
6.0248 -18.5747 -27.4845 -58.356616
6.0621 -18.754 -29.0126 -58.905943
6.0994 -18.9334 -30.5408 -59.436227
6.1367 -19.1127 -32.069 -59.947747
6.1741 -19.292 -33.5972 -60.440787
6.2114 -19.4714 -35.1254 -60.915639
6.2487 -19.6507 -36.6536 -61.372594
6.286 -19.83 -38.1817 -61.811949
6.3233 -20.0094 -39.7099 -62.234001
6.3606 -20.1887 -41.2381 -62.639049
6.3979 -20.368 -42.7663 -63.027392
6.4352 -20.5474 -44.2945 -63.399327
6.4725 -20.7267 -45.8226 -63.755151
6.5099 -20.906 -47.3508 -64.095156
6.5472 -21.0854 -48.879 -64.419635
6.5845 -21.2647 -50.4072 -64.728873
6.6218 -21.444 -51.9354 -65.023153
6.6591 -21.6234 -53.4635 -65.302751
6.6964 -21.8027 -54.9917 -65.567939
6.7337 -21.982 -56.5199 -65.818979
6.771 -22.1614 -58.0481 -66.056128
6.8083 -22.3407 -59.5763 -66.279635
6.8457 -22.52 -61.1045 -66.489741
6.883 -22.6994 -62.6326 -66.686675
6.9394 -22.8766 -64.1572 -66.870642
8.1498 -22.8799 -64.1006 -67.044261
8.9886 -23.516 -62.989 -67.220122
9.9314 -24.3205 -62.1091 -67.390484
10.5435 -25.411 -61.3105 -67.558377
11.1641 -26.7642 -60.9602 -67.721914
11.7371 -28.177 -61.0516 -67.878217
12.2468 -29.4991 -61.4619 -68.025858
12.6299 -30.7915 -61.1111 -68.165475
13.0367 -32.212 -60.6823 -68.297827
13.4206 -33.6473 -60.2909 -68.421497
13.672 -35.0666 -59.8345 -68.535249
13.7802 -36.5811 -60.0484 -68.639647
13.7177 -38.0731 -60.4184 -68.732999
13.5658 -39.5761 -60.7091 -68.815471
13.3014 -41.0704 -60.6511 -68.886
13.3571 -42.0105 -59.4467 -68.938178
13.5377 -43.0476 -58.3404 -68.97821
13.6333 -44.0606 -57.3331 -69.004304
-2.4565 -0.91 0.0523 -44.708079
-2.8293 2.667 0.2464 -45.587754
-3.0866 6.216 0.7208 -46.473322
-2.2413 9.6979 1.5153 -47.368663
-0.7404 12.7593 0.9662 -48.269787
0.227 15.8879 -1.0884 -49.159802
0.5524 20.1154 -1.9386 -50.021375
0.4575 24.418 -2.5408 -50.884775
0.4389 27.3767 -5.5178 -51.768472
-0.013 29.9656 -8.7108 -52.659802
-0.1419 14.3216 0.264 -48.765993
0.8616 14.8245 1.2959 -49.251794
2.5303 15.409 3.4469 -50.12861
5.0961 15.9466 3.8822 -51.014347
7.8356 16.5695 3.9069 -51.914014
10.5566 17.2922 4.0994 -52.815283
13.2701 17.9524 4.5537 -53.728036
15.8121 18.8134 4.7988 -54.647808
17.2134 19.7132 4.344 -55.257183
17.5574 19.3689 4.0634 -55.260074
-0.9274 14.3109 0.2417 -48.946514
-2.5488 14.1754 0.0246 -49.200823
-4.1702 14.04 -0.1925 -49.437197
-5.6969 13.9854 -0.1496 -49.658324
-6.0083 14.0245 0.9686 -49.870556
-4.7591 13.8534 0.1003 -50.078303
-4.5248 13.8442 -1.5168 -50.32491
-4.3735 13.8457 -3.1513 -50.554424
-4.2222 13.8471 -4.7858 -50.760014
-4.0708 13.8486 -6.4202 -50.94145
-3.7648 13.9278 -8.018 -51.10332
-3.1571 14.1597 -9.5252 -51.247901
-2.5409 14.9686 -10.6984 -51.36198
-0.6612 32.5013 -8.9792 -53.195834
-1.3441 34.6869 -8.6538 -53.587655
-2.5162 37.7967 -7.959 -54.168397
-4.0883 40.798 -9.2426 -54.748507
-6.1771 43.4321 -10.5669 -55.330596
-7.4526 45.9637 -12.4793 -55.912771
-8.199 48.9959 -14.3148 -56.488464
-8.488 52.2581 -16.0262 -57.059882
-8.9751 55.6713 -17.3793 -57.627343
-8.9724 59.3456 -17.9864 -58.189273
-8.8355 62.9598 -18.9326 -58.749934
-8.1651 65.7964 -21.101 -59.318114
-8.071 69.4931 -21.2598 -59.87411
-8.0725 72.7987 -19.5494 -60.390147
-8.8931 75.9303 -20.6534 -60.791963
-9.8467 77.8663 -22.8286 -61.13664
-10.916 79.9845 -24.8489 -61.475703
-11.8107 82.572 -26.461 -61.821039
-13.9622 85.1541 -28.0376 -62.174791
-15.428 87.4195 -30.0798 -62.527292
-16.2874 89.1284 -32.8169 -62.823454
-17.1302 91.8068 -33.4334 -63.047718
-16.6579 94.7355 -33.3269 -63.264812
-16.2793 97.4317 -32.2507 -63.480075
-16.0966 100.3779 -31.8618 -63.688058
-15.6048 103.2146 -31.8672 -63.956769
-15.0646 104.6984 -30.0846 -64.298554
-14.4099 106.6313 -31.3901 -64.627138
-13.9013 109.3975 -31.7321 -64.938794
-13.1382 112.1018 -31.8855 -65.243958
-12.0288 114.6912 -32.2205 -65.543708
-9.9615 116.491 -32.7147 -65.845557
-8.3964 118.5551 -33.6954 -66.137613
-7.0441 120.3709 -35.2413 -66.426186
-16.3107 103.1222 -31.2609 -63.977833
-17.0106 105.6108 -30.0258 -64.338779
-17.7104 108.0993 -28.7907 -64.683539
-18.4103 110.5878 -27.5556 -65.012463
-19.1321 113.0846 -26.3544 -65.325917
-20.0839 115.6275 -25.7828 -65.628072
-21.6544 117.8269 -26.4818 -65.92618
-22.4041 120.0541 -28.0006 -66.216489
-23.8204 121.9956 -29.2918 -66.502092
-16.2837 88.4956 -30.6847 -62.929482
-16.9057 88.45 -28.8674 -63.37221
-17.5277 88.4044 -27.0501 -63.798686
-18.1496 88.3588 -25.2328 -64.209304
-18.7716 88.3131 -23.4155 -64.604453
-19.3936 88.2675 -21.5982 -64.984519
-20.0155 88.2219 -19.7808 -65.349886
-20.6375 88.1763 -17.9635 -65.700931
-21.2595 88.1307 -16.1462 -66.03803
-21.8814 88.0851 -14.3289 -66.361553
-22.5034 88.0394 -12.5116 -66.671867
-23.1253 87.9938 -10.6943 -66.969331
-23.7473 87.9482 -8.8769 -67.2543
-24.3693 87.9026 -7.0596 -67.527122
-24.9912 87.857 -5.2423 -67.78814
-25.6132 87.8114 -3.425 -68.037689
-26.2352 87.7657 -1.6077 -68.276098
-26.8571 87.7201 0.2096 -68.503689
-27.4791 87.6745 2.0269 -68.720775
-28.1011 87.6289 3.8443 -68.927664
-28.723 87.5833 5.6616 -69.124653
-10.6474 82.0467 -25.97 -61.811379
-9.8973 83.5702 -26.7997 -62.141414
-8.9166 84.4636 -28.1497 -62.474248
-7.9416 85.635 -29.2349 -62.799339
-6.7633 86.7616 -30.2244 -63.119468
-5.9934 87.8877 -31.5 -63.434794
-4.805 89.0805 -31.9871 -63.744187
-4.0074 90.0975 -33.2964 -64.052651
-3.642 91.5318 -34.1524 -64.349454
-3.5504 92.2381 -35.0395 -64.649834
-2.6112 93.3175 -34.37 -64.941366
-1.4138 94.7914 -34.5426 -65.221566
-0.1697 96.0984 -35.117 -65.498275
0.8889 97.112 -35.3375 -65.773031
1.8787 97.6218 -33.8386 -66.048396
3.297 98.6527 -34.2066 -66.310269
4.478 100.1526 -34.2331 -66.559827
5.7259 101.6013 -34.2783 -66.804248
6.9236 103.076 -34.3329 -67.041236
8.2378 104.4594 -34.2789 -67.272823
9.708 105.6324 -34.1824 -67.499433
11.0242 106.9149 -34.1788 -67.718474
12.03 108.5293 -34.2938 -67.926545
12.8387 110.237 -34.4028 -68.126374
13.6986 111.9172 -34.2947 -68.319271
14.9808 113.3035 -34.0183 -68.508027
16.3534 114.5382 -33.5266 -68.691085
-8.0122 74.6652 -19.0128 -60.813795
-7.3733 74.7434 -17.1393 -61.183318
-6.2129 74.8717 -15.5661 -61.543662
-4.6588 75.1485 -14.4836 -61.896401
-2.9313 75.2005 -13.5318 -62.246868
-1.1908 75.5548 -14.025 -62.589121
0.2492 75.4182 -15.2751 -62.93271
1.6994 75.2949 -16.4498 -63.270097
3.456 75.8724 -16.5978 -63.594556
4.909 77.061 -16.0201 -63.906495
6.3489 78.0205 -15.2054 -64.215226
7.6777 78.1558 -16.557 -64.529868
9.1932 78.8939 -17.1669 -64.830818
10.3243 80.3116 -17.9293 -65.117788
11.8031 81.2429 -18.8099 -65.404009
13.3202 82.0201 -19.7154 -65.686025
14.672 82.8734 -20.8357 -65.960453
15.8195 84.0369 -21.4716 -66.224302
17.3968 85.0052 -21.5241 -66.483881
19.1523 85.9091 -21.6233 -66.737325
20.835 86.8367 -21.5731 -66.98338
22.3782 87.6805 -22.4819 -67.224066
23.6336 88.6822 -23.6145 -67.455175
25.3121 89.236 -24.4178 -67.684038
26.9271 90.1776 -25.069 -67.905634
28.5711 91.1435 -25.6063 -68.121857
30.1849 92.1759 -26.0934 -68.323452
31.906 93.0582 -26.3886 -68.517717
33.349 94.3802 -26.2354 -68.698789
34.682 95.7638 -25.7885 -68.870792
36.0698 96.9946 -25.1164 -69.036286
-9.1332 71.1226 -19.9391 -60.449446
-11.2049 71.3971 -19.3463 -61.024308
-12.2503 72.1505 -17.4371 -61.593884
-13.2771 72.9723 -16.3017 -62.161868
-15.0629 74.4381 -16.0237 -62.721006
-17.1889 75.3374 -15.9102 -63.287816
-18.7708 76.7954 -16.5998 -63.849
-20.2396 77.7578 -18.0502 -64.418231
-21.4318 79.2493 -19.3169 -64.981744
-22.4493 80.8848 -20.0685 -65.39201
-23.644 82.5321 -19.9209 -65.644627
-25.2693 83.8199 -19.7197 -65.896294
-26.4282 85.5474 -19.5741 -66.138297
-27.4271 87.2915 -19.7394 -66.375824
-28.2555 88.0894 -18.5764 -66.622067
-28.4362 88.7812 -16.6121 -66.86592
-28.7184 89.4709 -14.6555 -67.102594
-28.5952 90.5234 -12.9306 -67.329318
-28.0087 92.2281 -11.8717 -67.543388
-28.1824 93.3344 -10.523 -67.76013
-28.881 94.9101 -9.3484 -67.966485
-29.1637 96.6406 -8.2343 -68.165837
-29.7507 98.589 -7.8416 -68.357688
-31.2546 100.014 -7.7767 -68.550729
-32.9856 101.1833 -7.8435 -68.741199
-34.438 102.6859 -7.93 -68.92329
-35.8645 104.1959 -8.077 -69.100176
-37.7492 105.0636 -8.2888 -69.279198
-39.7252 105.5106 -8.4883 -69.458594
-41.4274 106.5542 -8.4275 -69.626534
-22.5697 79.9845 -21.0657 -65.43197
-23.5049 79.5868 -23.0086 -65.730856
-24.7357 79.2357 -23.1851 -65.993966
-26.0186 79.7983 -22.2548 -66.241256
-27.6912 80.6895 -21.9109 -66.479901
-29.3246 81.7314 -21.4655 -66.711785
-31.1306 82.4861 -21.4143 -66.941993
-32.9071 83.2024 -21.5235 -67.168535
-34.8537 83.2248 -21.3716 -67.398162
-36.6622 83.819 -20.8419 -67.616594
-38.0322 83.5029 -19.5874 -67.841339
-39.4902 83.5562 -18.2934 -68.056662
-40.9141 84.0358 -17.0459 -68.262264
-42.4783 85.0996 -16.5078 -68.455659
-44.0118 86.2891 -16.2793 -68.64271
-45.0805 86.8165 -17.3328 -68.836512
-45.3985 87.0849 -19.2874 -69.027059
-46.0085 87.5938 -21.1008 -69.210287
-46.5256 87.8633 -23.0125 -69.391417
-47.0124 88.1443 -24.9307 -69.56759
-48.0466 88.8001 -25.8124 -69.732312
-49.3531 89.8139 -24.8517 -69.888054
-23.4169 79.5945 -22.041 -65.598293
-7.4755 47.1812 -14.128 -56.341983
-6.6397 46.9581 -15.442 -56.607785
-6.0885 47.0624 -16.854 -56.85746
-5.6785 47.4504 -18.3124 -57.097431
-5.0375 48.1975 -19.4234 -57.324128
-4.9376 48.8586 -20.8471 -57.544203
-4.8994 49.5688 -22.2208 -57.754543
-4.8067 50.8524 -23.1201 -57.94692
-4.348 52.1399 -23.896 -58.137984
-3.8636 53.4258 -24.6617 -58.309803
-3.2759 54.7308 -25.2965 -58.462986
-2.6137 56.0992 -25.6637 -58.599817
-1.9972 57.5231 -25.7699 -58.721197
-0.7472 58.4335 -25.8246 -58.832136
0.1834 59.5702 -25.9895 -58.923021
1.0556 60.8294 -26.3063 -58.993737
1.4265 62.1744 -26.9168 -59.043608
1.2466 63.3678 -27.9187 -59.074609
0.8615 64.5278 -28.8693 -59.084178
-1.2039 34.2315 -8.7378 -53.639444
-2.1645 36.692 -8.3921 -54.31454
-3.11 39.1845 -8.3928 -54.990009
-3.9026 40.3411 -6.7187 -55.682926
-4.4638 40.8393 -4.1593 -56.387476
-5.2514 41.2336 -1.6507 -57.093895
-6.4986 41.3875 0.6577 -57.802931
-6.9016 41.3668 3.1344 -58.52025
-8.3244 41.1475 5.0228 -59.234883
-9.0777 42.2825 6.6587 -59.815868
-10.4818 44.1286 6.7312 -60.26678
-12.0542 45.877 6.472 -60.716009
-13.7926 47.4551 6.7415 -61.164939
-14.3287 48.7274 8.6097 -61.616806
-14.2892 50.0448 10.5825 -62.06469
-14.3831 52.2013 11.5125 -62.499722
-15.4653 54.1641 11.5993 -62.934421
-15.9872 56.1264 10.7348 -63.367447
-15.9935 58.493 10.4465 -63.793319
-16.6674 59.2873 8.5547 -64.238354
-17.4698 59.7595 6.3608 -64.684674
-17.8092 61.9411 6.2291 -65.107733
-19.8136 62.8997 6.5069 -65.545046
-21.3274 63.1601 7.9551 -65.991421
-22.8218 64.0013 9.1439 -66.339628
-24.7396 64.6596 9.7419 -66.594939
-25.9313 65.6939 8.2209 -66.840643
-27.3521 67.091 7.1443 -67.077162
-27.8515 68.7801 5.7356 -67.305165
-28.9706 70.1238 4.2552 -67.531447
-29.8302 71.1977 2.3661 -67.756083
-30.5772 72.9481 2.3143 -67.967814
-31.2511 73.9836 4.3225 -68.182398
-31.8836 74.7971 6.3519 -68.394691
-33.4979 76.3178 6.0157 -68.592382
-35.3494 77.7054 5.6794 -68.786197
-36.2359 77.7987 3.4859 -68.991082
-36.823 78.2142 1.2302 -69.187111
-37.2962 78.8752 -1.0041 -69.374884
-38.0777 79.5243 -3.1351 -69.556511
-38.5828 79.8578 -5.4262 -69.737918
-40.1286 80.7679 -6.86 -69.906041
-41.8887 81.3717 -5.9333 -70.072929
-43.201 81.2826 -4.0378 -70.243467
-44.3102 81.7185 -2.0187 -70.402386
-23.2557 64.0561 8.131 -66.328439
-24.9649 64.9635 8.1844 -66.561102
-26.0616 65.9005 8.9001 -66.793829
-26.305 66.1448 10.8713 -67.031844
-26.4364 66.2766 12.8582 -67.262437
-26.7662 66.3845 14.8041 -67.488169
-28.2543 66.3369 15.7942 -67.710201
-29.7596 66.2207 16.7645 -67.929458
-29.8152 66.2528 18.7633 -68.142411
-30.2709 66.9957 19.6957 -68.342252
-31.7156 67.9135 20.4594 -68.536636
-32.1409 69.5247 21.5115 -68.718105
-33.0427 71.1208 22.2483 -68.8945
-33.7682 72.7602 23.0868 -69.06556
-34.714 74.4169 23.6586 -69.2312
-35.5114 76.0162 24.4887 -69.392644
-35.8784 77.7991 25.2812 -69.54737
-36.6919 79.4931 25.9091 -69.698154
-37.5921 81.2366 26.1638 -69.84304
-37.9648 82.9348 26.6532 -69.984447
-38.1232 84.1537 28.0096 -70.125745
-37.4894 85.6297 29.04 -70.259084
-37.0034 87.4849 29.1485 -70.382945
-36.7841 89.4485 29.2879 -70.50519
-36.3959 91.4052 29.448 -70.622081
-9.6387 41.5186 6.3846 -59.763411
-11.2133 41.8239 6.3128 -60.105634
-12.0979 42.4791 4.8865 -60.444266
-13.2557 43.35 3.9751 -60.77568
-14.2423 43.577 2.4577 -61.112285
-15.3556 43.71 1.0276 -61.445878
-15.9894 44.5732 -0.4476 -61.76801
-16.6871 45.12 -2.0478 -62.089564
-17.7188 45.8368 -3.2857 -62.406338
-18.5783 46.8498 -4.5254 -62.715162
-19.9074 47.2662 -5.6939 -63.026238
-21.5852 47.5437 -6.3542 -63.333585
-22.9761 48.6597 -6.3259 -63.625281
-24.3563 49.8697 -6.2079 -63.910983
-25.8552 50.8966 -6.0169 -64.192308
-27.0962 51.9486 -5.4199 -64.468701
-27.9482 52.3876 -3.9646 -64.747208
-29.654 52.5789 -3.9322 -65.020686
-30.6445 52.9077 -5.3714 -65.286663
-32.0441 53.5066 -6.2656 -65.542178
-33.4656 54.634 -6.5349 -65.783926
-34.9544 55.5474 -7.0531 -66.019967
-36.2819 56.6634 -7.6004 -66.24564
-37.6486 57.8611 -7.7756 -66.462513
-38.5034 59.4777 -7.6459 -66.665676
-39.3718 61.0534 -7.2838 -66.859158
-40.2991 62.551 -6.7638 -67.043991
-41.2384 64.045 -6.261 -67.219134
-41.8614 65.6914 -5.7694 -67.381697
-42.4591 67.2851 -5.1652 -67.534168
-43.3383 68.5969 -4.4191 -67.67849
-44.4522 70.0317 -4.1392 -67.809017
-45.5063 71.5345 -4.0501 -67.926822
-46.5569 73.035 -4.1531 -68.031672
-47.8716 74.2263 -4.5515 -68.126739
-48.8625 75.1738 -5.5759 -68.210721
-49.2408 75.7623 -7.2733 -68.28515
-49.4584 77.0985 -8.4631 -68.335354
-49.9501 78.752 -8.946 -68.366516
-51.026 79.8745 -9.2484 -68.387554
-51.28 79.9424 -10.8927 -68.404541
17.7044 20.951 4.9703 -55.545176
18.2015 22.2043 5.6044 -55.829879
18.6985 23.4577 6.2386 -56.10771
19.0912 25.152 6.8819 -56.449453
19.429 27.2733 6.757 -56.855598
20.0937 28.9393 5.4586 -57.26344
20.5192 30.5261 4.0181 -57.668748
21.7848 31.8769 2.8501 -58.073847
22.0977 33.1829 1.0434 -58.476261
23.2662 34.71 0.0406 -58.870566
23.7528 35.2305 -1.9989 -59.27424
24.4415 36.3316 -0.4475 -59.667841
25.2156 37.3871 1.3732 -60.057005
25.5431 38.1412 3.4507 -60.446025
26.3109 39.4951 5.0553 -60.821463
27.3125 40.7429 3.9319 -61.193494
27.6125 41.5008 5.9749 -61.568806
27.8649 42.4672 7.8245 -61.935638
28.5761 44.0126 9.106 -62.28925
29.3017 45.8785 9.8466 -62.633029
29.8444 47.4239 10.9837 -62.977277
29.8427 48.4745 12.9418 -63.320426
30.4043 50.5089 13.6559 -63.645619
32.2661 51.6774 14.0416 -63.975251
33.7432 53.3643 13.9508 -64.292573
35.3704 54.8773 13.6311 -64.606194
36.404 56.7929 13.1328 -64.909148
37.9566 57.9008 12.228 -65.214438
39.1636 59.6692 11.6914 -65.506137
40.7811 61.2139 11.412 -65.794415
42.5407 62.5144 11.7504 -66.07831
43.9242 63.8221 12.81 -66.356334
45.3908 65.165 13.6376 -66.627206
45.9271 67.2097 14.1714 -66.882383
46.6355 69.1359 14.3788 -67.132255
48.3635 70.1089 14.8857 -67.386754
49.6569 71.9103 15.1633 -67.629773
50.9513 73.7475 15.4455 -67.865676
52.8054 74.9337 15.6383 -68.097383
54.7263 75.5702 15.6827 -68.328513
56.0864 76.9982 15.657 -68.543801
57.1449 78.0802 14.4904 -68.757265
58.894 79.349 14.0314 -68.961179
60.9129 80.2627 14.3307 -69.1624
62.6887 81.5896 14.007 -69.352452
64.1912 82.1373 14.8133 -69.546026
65.3934 82.3955 16.5144 -69.736043
66.9021 83.2776 17.6975 -69.911663
67.4164 84.9808 18.6495 -70.071191
68.0681 86.9646 19.2519 -70.220253
18.9087 24.0362 7.1126 -56.249458
19.1476 18.9083 3.9431 -55.608767
20.9905 18.3979 3.8423 -56.001804
22.9152 18.2333 3.6481 -56.389461
24.7758 17.8958 3.3306 -56.776573
26.5871 18.0132 3.1308 -57.156707
28.3023 18.6484 3.6845 -57.529132
29.9424 18.8206 4.6508 -57.904191
31.2866 18.6601 5.9911 -58.282063
32.7096 18.1098 7.1234 -58.661575
34.1103 16.8391 7.543 -59.046245
35.4164 15.4177 7.7072 -59.430274
36.5618 14.0174 7.4707 -59.810761
38.0589 13.6462 6.35 -60.175937
39.8047 13.3092 5.8907 -60.537067
41.5119 12.7068 5.2455 -60.897865
42.8693 12.0614 4.0202 -61.256289
44.4573 11.3345 3.2295 -61.61127
45.9294 10.8303 2.4767 -61.96039
47.1014 10.1377 3.6205 -62.30659
48.3849 9.3089 4.6779 -62.64939
49.394 9.6773 6.2389 -62.975552
50.6478 10.0528 7.6185 -63.296247
51.9327 9.8336 9.0023 -63.617922
53.4883 10.1208 10.104 -63.928097
55.2334 9.8227 9.9071 -64.239217
57.0597 9.924 9.3135 -64.557769
58.8743 9.6526 8.6558 -64.882151
60.689 9.3812 7.9981 -65.189744
62.4959 9.1815 7.3186 -65.480729
64.0964 9.6659 6.3822 -65.754395
65.6128 10.0298 5.5676 -66.023269
66.3879 8.7348 6.61 -66.305568
67.0408 7.9267 8.2378 -66.574938
67.6184 7.3624 10.0083 -66.835831
68.2214 6.7991 11.7671 -67.08996
68.8557 6.3245 13.5452 -67.334609
69.5936 6.0215 15.3177 -67.571287
70.6128 5.6939 16.9232 -67.799379
71.846 5.1297 18.3139 -68.020954
73.446 5.6128 19.1551 -68.223276
75.1394 5.1362 19.9892 -68.431728
76.7792 5.1163 20.887 -68.623159
78.3203 5.541 21.9782 -68.801304
79.5543 6.0354 23.1887 -68.969874
80.477 6.477 24.7608 -69.129402
82.1371 6.4027 25.3832 -69.285982
83.992 6.8997 25.7174 -69.426597
85.8702 6.8251 26.0726 -69.564377
87.7509 6.7088 26.4848 -69.692743
89.6348 6.7028 26.6547 -69.809634
91.0074 6.4378 25.4152 -69.918882
92.1971 6.0461 24.0228 -70.019292
93.1627 5.5053 22.7795 -70.112577
93.4181 5.3578 20.8527 -70.189675
93.6827 5.205 18.9277 -70.254679
93.9559 5.0473 17.0042 -70.30736
94.7999 4.5071 17.8661 -70.351311
-1.9865 16.2264 -10.9822 -51.435203
-1.6114 17.3396 -11.0385 -51.482572
-1.1973 18.2526 -10.4886 -51.51834
-0.4899 18.8695 -10.968 -51.543107
0.4947 18.656 -11.4238 -51.561844
-5.9486 122.6202 -36.4545 -66.703506
-4.8563 124.4889 -38.1946 -66.979069
-3.4433 126.1431 -39.8024 -67.25056
-2.2407 128.597 -40.3971 -67.506353
-1.5188 131.295 -40.1613 -67.753382
-1.6696 134.0734 -40.2753 -67.993508
-2.517 136.7345 -40.7076 -68.229307
-3.2762 139.4376 -41.1589 -68.459062
-4.1563 142.1305 -41.3938 -68.68334
-4.9956 144.8475 -41.5126 -68.902119
-4.2109 147.46 -41.641 -69.116646
-3.9407 150.1251 -41.6099 -69.325807
-3.8535 152.9656 -41.6389 -69.527864
-3.8797 155.8081 -41.7765 -69.725495
-3.362 158.4701 -41.8809 -69.920862
-3.9026 161.1882 -41.8597 -70.111327
-4.6546 163.8938 -41.7416 -70.297867
-4.458 166.7321 -41.7051 -70.47902
-4.7248 169.4267 -41.9823 -70.6582
-5.9516 171.9513 -42.4086 -70.836055
-6.8697 174.6164 -42.5236 -71.009009
-7.1469 177.3942 -42.5991 -71.17779
-8.5483 179.5426 -43.6297 -71.351206
-9.0965 181.9163 -44.9846 -71.519986
-9.3572 184.5276 -45.8738 -71.683484
-10.3037 185.8819 -45.5629 -71.812582
-12.6165 185.7411 -44.527 -71.908569
-14.6492 185.7303 -43.1953 -71.999152
-16.2496 187.2653 -42.1906 -72.069073
-17.9145 189.1431 -41.8854 -72.132613
-19.4479 191.0685 -41.5909 -72.193264
-21.0169 192.9475 -41.0017 -72.252255
-22.4125 194.4386 -40.3024 -72.313593
-23.7068 195.9472 -39.0039 -72.372687
-25.0392 197.7028 -39.8911 -72.426869
-25.8175 200.0563 -40.2799 -72.472111
-26.6369 201.4551 -41.5533 -72.526654
-27.5289 202.2594 -40.2727 -72.586227
-29.472 203.3638 -40.3713 -72.640357
-31.4096 204.4733 -39.3932 -72.692693
-31.9894 205.4816 -37.1556 -72.744784
-32.896 206.6385 -35.2063 -72.79333
-33.7738 206.9925 -32.8727 -72.849722
-35.326 208.2821 -31.3862 -72.893504
-36.5537 210.18 -30.3332 -72.928739
-37.6503 212.1937 -29.5135 -72.961162
-38.7499 214.0475 -28.2022 -72.994106
-38.8366 216.2339 -27.1303 -73.021883
-39.8429 217.9451 -25.6872 -73.053905
-40.3547 220.3663 -25.6679 -73.076486
-9.0607 186.6005 -47.0068 -71.803946
-8.6412 188.5188 -48.1723 -71.876624
-7.9227 189.8909 -49.7878 -71.953444
-7.3389 191.2666 -51.5099 -72.028009
-6.8689 192.8579 -53.067 -72.097792
-6.5717 194.5306 -54.6272 -72.16457
-6.699 195.7688 -56.5782 -72.234499
-6.6007 197.3796 -57.9455 -72.297991
-5.361 198.4457 -59.4593 -72.365961
-4.0706 199.0919 -61.2062 -72.437007
-2.56 200.3359 -61.9713 -72.499095
-1.1767 202.1203 -62.473 -72.553211
0.1257 203.765 -63.1817 -72.607205
0.5779 205.9809 -62.9411 -72.653048
1.7705 207.8999 -62.7909 -72.700796
1.7806 210.0234 -63.3852 -72.744737
1.251 212.0868 -62.5412 -72.788031
0.3882 214.2228 -62.3899 -72.829054
-0.4598 216.2968 -62.9067 -72.869502
-1.2479 218.4121 -63.4146 -72.908297
-2.0973 220.5416 -63.7457 -72.945779
-3.4118 222.4275 -63.923 -72.984983
-5.2388 223.8332 -64.0726 -73.028726
-7.0057 225.2983 -64.337 -73.07084
-8.1122 227.0393 -64.9339 -73.10899
-8.3675 229.0243 -65.402 -73.128825
-8.7031 230.7886 -65.6689 -73.135954
-9.2813 232.5101 -65.8231 -73.142898
-9.2237 228.2929 -64.8468 -73.138259
-10.9382 228.5001 -64.259 -73.164736
-12.6565 228.7042 -63.682 -73.189852
-25.5183 124.0162 -29.3962 -66.756932
-26.4756 125.8583 -28.1987 -66.986619
-27.6755 127.8327 -27.6028 -67.209048
-27.9279 128.8492 -29.077 -67.437479
-28.5728 129.8586 -27.39 -67.66153
-29.4951 131.5172 -26.0388 -67.871205
-30.3172 133.5583 -25.0126 -68.071172
-30.9903 134.755 -23.0132 -68.27555
-31.8576 136.0757 -21.167 -68.473076
-32.9249 137.8539 -19.8699 -68.659889
-34.7749 138.8966 -19.3111 -68.850182
-36.3176 139.9122 -18.0849 -69.035333
-37.4604 141.3871 -16.8864 -69.21001
-38.6623 143.1941 -16.0632 -69.376041
-40.1691 144.5551 -14.9429 -69.542548
-41.2877 146.3296 -14.9203 -69.699532
-42.5778 148.1549 -14.027 -69.851005
-43.9866 149.9737 -13.1872 -69.997539
-45.0144 151.7833 -12.0503 -70.139674
-45.5532 153.8159 -10.8393 -70.274748
-46.3861 156.0367 -10.2537 -70.403169
-46.9837 158.3901 -9.9517 -70.525449
-47.8117 160.6751 -9.7756 -70.644384
-49.0447 162.6915 -9.706 -70.762077
-50.015 164.9082 -9.8518 -70.87333
-51.5234 166.8379 -9.9384 -70.983875
-52.9161 168.8061 -9.9279 -71.089986
-54.0733 170.9215 -9.7859 -71.190587
-55.7453 172.652 -9.5467 -71.291842
-57.6094 174.1497 -9.6472 -71.392126
-59.246 175.273 -8.9172 -71.493217
-60.6519 176.3429 -7.7572 -71.591388
-61.8971 178.3631 -7.4187 -71.675108
-62.7492 180.6081 -7.5045 -71.752992
-63.9736 182.7158 -7.7021 -71.829094
-65.2308 184.8141 -7.6187 -71.902055
-66.7492 186.7003 -7.6491 -71.974311
-68.417 188.4651 -7.7574 -72.044997
-69.4591 190.6092 -7.7695 -72.108234
-69.6776 192.1396 -9.5531 -72.176027
-70.6232 193.0213 -8.854 -72.24951
-70.9662 193.1386 -6.4297 -72.328977
-71.4596 193.5338 -4.0639 -72.402435
-72.1758 195.2071 -3.9513 -72.457793
-73.6159 196.7389 -5.1111 -72.512171
-74.8609 198.522 -6.148 -72.561141
-75.7426 199.5734 -7.6936 -72.616257
-75.3694 199.5725 -10.1146 -72.682258
-74.4019 199.6256 -11.6143 -72.744414
-73.8016 200.0979 -9.3728 -72.799639
-74.5843 201.3776 -7.8285 -72.843091
-75.66 202.8847 -6.3385 -72.881709
-76.7569 204.7933 -5.2692 -72.913493
-77.7876 206.5222 -4.0466 -72.94534
-78.7815 208.5213 -3.0989 -72.971939
-29.3228 87.5393 7.4141 -69.305355
-29.9005 87.4969 9.1019 -69.471328
-30.4781 87.4545 10.7898 -69.629465
-31.0558 87.4122 12.4776 -69.779983
-32.2782 87.1841 13.3671 -69.926056
-33.8866 86.6278 13.8875 -70.072339
-35.2533 87.1539 14.4242 -70.202393
-35.8481 87.8038 15.3321 -70.327148
-36.8463 86.9864 16.4788 -70.465381
-38.3951 86.3544 16.7879 -70.59761
-40.0436 86.842 16.4412 -70.713084
-41.676 86.6973 15.7688 -70.83239
-43.0795 86.67 14.6822 -70.946653
-44.7397 86.6061 14.8133 -71.057725
-46.2784 86.3685 14.6265 -71.167289
-47.931 85.969 14.7511 -71.275101
-49.3382 85.0184 15.2541 -71.385906
-51.0157 84.5548 15.4912 -71.487677
-52.76 84.3802 15.7377 -71.582458
-54.4766 84.1118 16.1326 -71.674898
-56.1575 83.722 16.5614 -71.765519
-57.6854 83.1665 17.2616 -71.854843
-59.449 83.0129 17.2864 -71.936067
-61.2047 83.1213 17.0316 -72.010885
-62.4985 83.4162 16.057 -72.08045
-64.2493 83.561 15.9695 -72.148574
-65.9938 83.4285 15.6473 -72.216823
-67.7202 83.5173 15.2308 -72.279367
-69.055 83.036 14.2322 -72.345463
-69.8653 82.2066 12.9383 -72.412566
-71.0115 81.258 11.9738 -72.477921
-72.4278 80.4398 11.5445 -72.538832
-73.698 79.222 11.6667 -72.601251
-74.8344 77.8746 11.8888 -72.661998
-76.1909 76.8138 12.1994 -72.716609
-77.7152 76.0674 12.6693 -72.764546
-79.2241 75.3783 13.2714 -72.808742
-80.5771 74.3384 13.7242 -72.853954
-81.948 73.2954 14.1285 -72.896132
-83.3128 72.1963 14.4348 -72.935799
-84.2563 70.7511 14.49 -72.976378
-85.9688 70.3467 14.3507 -73.001711
-87.6869 70.083 14.43 -73.022127
-89.1236 69.3762 14.9056 -73.044387
-90.0942 69.1674 16.3612 -73.057525
-91.4773 68.4273 17.0893 -73.073316
-93.1744 68.4543 17.5737 -73.076663
17.4714 115.5383 -32.7054 -68.85316
18.7181 116.515 -32.6736 -68.994613
19.4474 117.9165 -32.6863 -69.125381
20.2746 119.2604 -32.6312 -69.251679
21.0837 120.5882 -32.4636 -69.372593
21.7758 121.9988 -32.2416 -69.487041
22.3094 123.4582 -32.1155 -69.595442
23.1409 124.8071 -32.0128 -69.699302
23.9385 126.1782 -31.9172 -69.797547
25.0849 127.2066 -31.902 -69.893682
25.7601 127.3047 -33.2559 -69.995803
26.628 127.211 -34.5602 -70.094421
27.4583 127.1967 -35.7592 -70.18554
28.395 127.5305 -34.6253 -70.266475
29.5644 128.205 -33.8463 -70.336908
30.5696 128.6374 -32.8152 -70.404168
32.0051 129.043 -32.2921 -70.465088
33.4128 129.4399 -31.6761 -70.519422
34.7649 130.0848 -31.1622 -70.564016
36.07 130.7044 -30.5266 -70.60194
37.2954 130.2845 -29.7509 -70.644882
38.6668 129.8544 -29.4393 -70.680778
40.0959 129.824 -28.9371 -70.704578
41.6596 129.7812 -29.1527 -70.72097
43.163 129.7557 -29.5887 -70.729326
37.3605 97.6671 -24.1386 -69.183018
38.5247 98.3419 -23.3011 -69.307293
39.4075 98.7958 -22.0704 -69.428818
39.7833 99.3954 -20.6642 -69.543152
39.86 99.407 -19.0804 -69.65993
40.1939 99.8932 -18.7303 -69.763878
40.4963 100.318 -20.2174 -69.86341
41.4643 101.4944 -20.1061 -69.947359
42.3976 102.7119 -19.7798 -70.024545
43.1049 104.0833 -19.5568 -70.093822
44.0865 105.3182 -19.6544 -70.158058
44.7899 106.7249 -19.7113 -70.213888
45.9094 107.8469 -19.694 -70.266307
47.0015 108.9935 -19.6267 -70.311688
47.4874 110.1272 -19.5101 -70.351822
47.4694 110.2183 -21.0953 -70.40182
47.4514 110.3094 -22.6805 -70.443166
47.4334 110.4005 -24.2657 -70.475938
47.4153 110.4915 -25.8509 -70.500199
47.3973 110.5826 -27.4361 -70.515997
47.3793 110.6737 -29.0213 -70.523361
-43.1464 107.2097 -8.6051 -69.780669
-44.2349 108.3552 -9.2701 -69.912454
-45.5183 109.1815 -10.1573 -70.044525
-46.5455 110.332 -10.9218 -70.169409
-47.6198 111.4497 -11.7523 -70.291215
-48.7733 112.6103 -11.9929 -70.409187
-49.0763 114.3515 -11.8794 -70.517213
-49.3422 116.0762 -11.586 -70.621856
-49.7822 117.0822 -10.2937 -70.731828
-50.4256 118.2912 -9.1739 -70.836138
-50.9978 119.2379 -7.7863 -70.940318
-51.2625 120.0244 -6.2601 -71.043442
-51.6654 121.1492 -4.9912 -71.139027
-51.9476 122.7357 -4.2703 -71.226092
-52.5998 124.2212 -3.6393 -71.311092
-53.274 125.7541 -3.0637 -71.392177
-53.9887 127.1954 -2.3704 -71.471163
-53.963 128.1021 -0.9245 -71.554185
-54.6255 128.6873 -0.6995 -71.638123
-55.0557 128.8462 -2.4173 -71.724234
-55.7093 129.6088 -3.8029 -71.799417
-56.3904 130.5701 -3.4395 -71.869363
-57.2397 131.7558 -2.5815 -71.933835
-57.7383 132.4193 -1.0375 -72.002142
-58.1997 132.8604 0.5026 -72.069817
-59.135 134.2149 0.2827 -72.123771
-59.5411 135.9385 0.3726 -72.170455
-60.3211 137.5272 0.4547 -72.215819
-61.5615 138.7924 0.4272 -72.262023
-62.8427 140.0202 0.4049 -72.305955
-63.9756 141.337 0.4784 -72.346019
-65.5415 142.0698 0.6041 -72.390078
-66.8201 143.3029 0.6105 -72.425577
-67.9523 144.6731 0.6097 -72.457974
-69.0106 146.0943 0.6091 -72.486018
-69.7753 147.6531 0.6561 -72.509396
-69.9859 148.4831 2.1055 -72.538762
-70.4429 149.3779 3.3991 -72.564408
-71.6135 150.4383 2.691 -72.58525
-72.4835 151.5429 1.7355 -72.602736
-72.9227 152.8592 2.7049 -72.614994
-72.5877 154.4469 3.3601 -72.621191
-73.0119 156.1489 3.5593 -72.623181
-73.1545 157.8864 3.5882 -72.621789
-74.1953 159.319 3.6169 -72.620932
-74.932 160.9303 3.7174 -72.614992
-75.2192 162.6661 3.8423 -72.604515
-75.4158 163.3004 5.1393 -72.603781
-75.4017 163.5667 6.8972 -72.604057
-50.1374 90.531 -23.3634 -70.033115
-51.2673 90.8857 -22.5511 -70.168092
-52.7159 91.6607 -23.1098 -70.294252
-54.0702 92.6015 -23.357 -70.414949
-55.4386 93.0469 -22.4458 -70.53776
-56.998 93.6059 -21.9041 -70.65576
-58.5673 94.2413 -21.5078 -70.769197
-59.4515 94.8578 -20.2839 -70.880215
-60.3751 95.9904 -19.3491 -70.980784
-61.639 96.317 -18.2753 -71.087379
-62.5765 96.8459 -17.7339 -71.188152
-63.9654 97.6322 -17.7098 -71.282741
-65.6166 98.1559 -17.9424 -71.376908
-67.3141 98.5251 -18.0363 -71.469582
-68.9906 98.999 -17.9141 -71.557427
-70.4527 99.8368 -17.5623 -71.637883
-71.8636 100.5751 -16.8437 -71.716111
-73.2945 101.1084 -16.0241 -71.793361
-74.8032 101.5319 -15.3155 -71.868649
-76.2937 102.0431 -14.7677 -71.939693
-76.9439 103.3194 -13.9021 -71.998725
-77.7853 104.5384 -13.0235 -72.055225
-79.1174 105.4827 -13.5256 -72.111555
-80.5678 106.3785 -13.889 -72.165329
-81.9123 107.4474 -14.0602 -72.213719
-82.892 108.884 -14.1362 -72.254838
-83.7902 110.3676 -14.0768 -72.29236
-84.9748 111.6284 -13.8567 -72.3292
-86.2002 112.6963 -13.3076 -72.365382
-87.0479 113.9279 -12.479 -72.396579
-87.7411 115.4304 -11.9657 -72.421444
-88.823 116.6812 -11.5653 -72.446133
-89.4834 118.0465 -10.8065 -72.466452
-90.0558 119.4566 -9.9504 -72.48318
-90.8226 120.9302 -9.4429 -72.495983
-91.9586 122.2396 -9.3374 -72.507501
-92.8888 123.6775 -9.6286 -72.514382
-93.6083 125.2344 -9.9613 -72.516702
-94.4583 126.6908 -10.3334 -72.516927
-95.6371 127.179 -11.2403 -72.52515
-96.5223 128.3643 -11.7434 -72.521917
-97.3565 129.8343 -11.9607 -72.511966
-98.0187 131.4271 -12.0082 -72.497109
-44.8397 82.3848 -0.1022 -70.535271
-45.6858 82.6745 1.4762 -70.651727
-47.0854 83.466 2.0376 -70.758885
-47.9154 84.1261 0.6038 -70.865158
-48.4536 84.4912 -1.1078 -70.971624
-49.4629 84.7481 -2.3216 -71.076354
-50.8487 85.4683 -2.9272 -71.173066
-51.3634 86.2483 -4.138 -71.267204
-51.1604 85.8865 -5.9031 -71.371651
-51.4147 86.3329 -4.63 -71.46434
-51.3753 86.9211 -3.2026 -71.552034
-51.6511 88.546 -2.6095 -71.624924
-52.0008 89.4665 -3.9264 -71.704127
-52.6137 90.8015 -4.1725 -71.775627
-53.4473 92.4123 -3.9386 -71.841552
-53.8653 94.1635 -3.6555 -71.903463
-53.9519 95.9277 -3.215 -71.962927
-54.3051 97.4953 -2.5507 -72.022431
-54.5625 98.6898 -1.1952 -72.083784
-54.547 99.8234 0.1762 -72.143795
-54.2907 100.3598 1.9096 -72.208725
-54.7709 101.2087 3.4194 -72.267371
-54.4328 101.9413 3.8933 -72.325004
-53.0212 101.1678 3.092 -72.39793
-52.5222 101.109 4.5528 -72.460914
-54.1846 101.7537 4.4499 -72.513346
-55.6576 102.8136 4.5394 -72.558885
-56.499 104.3974 4.7059 -72.596381
-56.8786 106.1716 4.8788 -72.629743
-56.4546 107.8733 4.5587 -72.661976
-55.6814 109.1098 4.4339 -72.698144
-55.7928 109.3656 6.2457 -72.744644
-56.2213 109.7146 7.7986 -72.787153
-55.5336 111.171 7.9788 -72.814995
-57.2605 111.7016 8.1166 -72.851687
-58.1121 113.2561 8.4551 -72.874836
-58.5985 114.919 9.0311 -72.895039
-59.6859 116.036 9.8099 -72.919706
-59.434 116.5435 10.5662 -72.949879
-59.3051 118.1105 11.4366 -72.966075
-59.9415 119.6907 12.0733 -72.98056
-60.8614 121.156 12.3489 -72.994673
-61.607 122.4945 11.39 -73.008749
-62.1797 124.0961 10.8491 -73.018142
-62.6253 125.8486 10.8404 -73.024188
-62.2188 127.4063 11.6395 -73.030924
-61.8461 129.0333 12.3882 -73.035302
-62.5327 130.6886 12.3999 -73.037811
-62.936 132.4579 12.2088 -73.037516
-63.3234 134.2117 11.8803 -73.035923
-63.6303 135.945 11.5157 -73.033053
-63.951 136.5199 9.8435 -73.042209
-64.1784 137.2406 8.1925 -73.048116
-64.0694 138.3872 6.7995 -73.047517
-64.3697 140.0086 6.0583 -73.039927
-64.8732 141.6033 5.322 -73.031089
-65.5178 142.5596 4.0703 -73.028126
-65.7682 143.1976 5.3492 -73.027294
-66.7186 144.3442 5.8832 -73.018965
-67.5125 145.9488 6.0337 -73.003715
-68.2142 147.6123 6.0332 -72.986135
-36.2134 93.2108 29.5751 -70.721311
-36.6635 94.7733 29.8902 -70.808465
-36.9263 96.2364 30.4302 -70.893273
-37.1622 97.773 30.8495 -70.974003
-37.5529 99.3568 31.1525 -71.05102
-37.9173 100.9487 31.3678 -71.124255
-38.3971 102.525 31.406 -71.194533
-38.3118 104.182 31.3802 -71.26036
-38.3833 105.841 31.3619 -71.322773
-38.5184 107.493 31.3513 -71.381971
-38.1793 109.1047 31.3065 -71.438337
-37.694 110.6348 31.1726 -71.492145
-37.4366 112.1749 31.1742 -71.542624
-36.4341 113.3684 31.2349 -71.593964
-35.2673 114.4885 31.1966 -71.642722
-35.1913 116.0244 31.322 -71.683316
-36.1323 117.264 31.8032 -71.724035
-36.1013 118.8174 31.8898 -71.757815
-35.2737 120.1279 31.585 -71.790983
-34.1912 121.3196 31.36 -71.822164
-33.7141 122.9011 31.2289 -71.845269
-33.0667 124.4147 31.1658 -71.865731
-32.8786 126.0601 31.1275 -71.881103
-32.0835 127.4884 31.1247 -71.895379
-31.8296 129.12 31.1246 -71.903745
-31.1422 130.5851 30.9859 -71.910345
-30.3228 131.8477 30.3079 -71.915613
-29.6856 132.4849 28.9766 -71.924385
-29.0719 133.0333 27.5676 -71.930328
-28.0844 133.7856 27.8775 -71.929909
-27.152 134.469 28.6173 -71.92619
68.8569 88.73 19.5506 -70.344499
69.4626 89.4871 18.5505 -70.457728
69.8694 90.2922 17.5312 -70.566305
70.1133 90.9732 19.0619 -70.672905
70.2522 92.4115 19.6157 -70.766466
70.8156 93.9888 19.8859 -70.854568
70.9233 95.5529 19.5992 -70.93936
71.3862 97.0655 19.4044 -71.020928
72.5006 98.2929 19.6588 -71.101903
72.7344 99.9408 19.94 -71.174547
72.932 101.5833 19.995 -71.243712
72.4313 103.198 19.9089 -71.309646
71.8799 104.7873 20.0008 -71.372067
71.5282 106.416 19.8144 -71.430645
71.2624 108.037 19.4849 -71.485698
70.3107 109.3594 19.2993 -71.540399
69.2896 110.7156 19.219 -71.591116
68.8552 112.3448 19.1576 -71.635038
68.8224 113.8606 18.9579 -71.676625
69.0085 114.8834 18.0264 -71.720538
68.8524 116.0924 16.8932 -71.758645
69.7271 117.2159 15.9694 -71.794138
70.0973 118.581 15.0882 -71.823053
70.8674 119.2691 13.939 -71.856333
70.3855 118.9765 13.515 -71.897029
69.9666 118.6726 13.3866 -71.934369
70.2125 118.847 11.7059 -71.962741
70.4357 118.9096 10.8982 -71.987911
70.1867 118.7318 12.5649 -72.012116
69.521 118.6003 13.8778 -72.031321
69.0153 119.2849 13.1332 -72.036783
69.8993 119.8704 11.9133 -72.039077
70.2963 119.9515 10.2866 -72.042755
95.5228 3.6634 18.9207 -70.380783
95.9521 3.5018 19.9853 -70.392561
96.3294 3.3373 21.069 -70.3995
-41.3421 222.5153 -25.6062 -73.097789
-42.702 224.1478 -25.2091 -73.121176
-44.2458 225.1088 -24.0553 -73.151753
-45.8189 226.0665 -23.0056 -73.181762
-47.3319 227.1224 -21.9872 -73.210069
-48.8138 228.7344 -21.8003 -73.2314
-50.1281 230.4969 -21.9165 -73.250488
-51.8278 231.7383 -22.0527 -73.275169
-52.8158 233.6774 -22.1145 -73.291381
-53.0724 235.6787 -22.1684 -73.299018
-53.6815 237.6012 -22.215 -73.299694
-54.8336 239.2327 -22.1693 -73.303307
-55.9455 240.9107 -22.1307 -73.305965
-56.8959 242.6769 -22.2538 -73.307217
-57.6448 244.0732 -23.1351 -73.312399
-57.9004 245.3567 -24.6431 -73.318518
-58.5973 247.0318 -25.4177 -73.319714
-59.3933 248.8468 -25.6686 -73.318937
-60.5485 250.492 -25.7129 -73.31979
-62.0102 251.8694 -25.795 -73.323431
-63.5819 251.7041 -25.7766 -73.344614
-65.1861 252.5294 -25.4878 -73.354044
-66.5361 253.7075 -24.6451 -73.359084
-67.4482 255.4346 -24.2826 -73.357485
-68.0616 257.3349 -24.0645 -73.353595
-69.279 258.781 -24.0213 -73.35467
-70.6709 260.1778 -24.061 -73.356067
-71.4436 262.0159 -24.0595 -73.35209
-72.8554 263.4363 -23.888 -73.352689
-74.3055 264.6952 -23.3614 -73.354903
-75.6104 266.0079 -22.6232 -73.356272
-76.4194 267.7709 -22.2236 -73.352233
-77.0046 269.6763 -21.989 -73.346312
-77.6943 271.5617 -21.8675 -73.340399
-78.0414 273.5421 -21.7862 -73.333195
-78.9873 275.301 -21.7403 -73.328362
-80.3424 276.7952 -21.6879 -73.326405
-81.6546 278.3163 -21.6068 -73.32395
-83.1583 279.5974 -21.7854 -73.324097
-84.8953 280.6045 -21.8472 -73.32726
-86.7025 281.4584 -21.6828 -73.332041
-87.8751 282.8646 -21.0904 -73.330279
-89.4892 283.7967 -20.5891 -73.333852
-91.1007 284.9601 -20.5677 -73.334575
-92.4107 286.2858 -21.1453 -73.333298
-94.0557 286.9976 -21.9919 -73.338967
-95.7101 288.0996 -22.2545 -73.339978
-97.3406 289.2852 -22.2657 -73.339868
-98.976 289.9877 -22.9029 -73.345221
-100.2796 290.7986 -23.6291 -73.349185
-101.4799 291.8038 -22.4899 -73.350775
-103.036 292.9887 -22.0284 -73.35013
-104.6892 294.1312 -21.8834 -73.349836
-106.3559 295.2232 -22.151 -73.349993
-107.8941 296.3493 -22.6692 -73.349613
-109.1385 297.4951 -23.597 -73.34889
-110.8652 298.494 -23.4597 -73.349712
-112.4721 299.5248 -23.016 -73.350053
-113.8772 300.6139 -22.2042 -73.349586
-115.339 301.8994 -21.8314 -73.346715
-116.6463 303.427 -21.784 -73.340909
-117.9037 305.0024 -21.8441 -73.334436
-119.0254 306.6607 -22.003 -73.326901
-119.7365 308.5266 -22.2827 -73.316848
-120.0458 309.7921 -21.1758 -73.313713
-120.3335 310.3959 -19.2752 -73.318101
-120.8092 311.2425 -17.5331 -73.319566
-121.3861 312.9361 -16.6595 -73.311115
-122.3666 314.5966 -16.303 -73.302923
-123.445 316.2788 -16.4754 -73.29442
-124.5125 317.8962 -16.7048 -73.286576
-124.8879 318.6378 -14.9021 -73.288871
-124.9811 319.1413 -12.9496 -73.293859
-125.2786 319.7061 -11.0358 -73.29806
-125.7833 320.5605 -9.2875 -73.298781
-126.7853 321.2272 -7.7186 -73.301586
-128.1198 321.7372 -6.5853 -73.306152
-129.5338 322.6762 -5.6435 -73.305665
-130.8033 322.8583 -4.1103 -73.31389
-132.3486 322.5617 -2.9424 -73.327568
-133.5223 321.7567 -2.2514 -73.347046
-134.4075 321.0203 -3.7194 -73.365634
-136.141 320.0633 -3.704 -73.386655
-137.9234 319.2453 -3.5128 -73.405943
-139.8153 319.4438 -3.03 -73.413435
-141.7336 319.7231 -2.5415 -73.419756
-143.2992 318.8382 -1.8198 -73.439377
-143.6324 318.198 -3.1912 -73.456044
-144.6494 318.183 -2.5451 -73.465313
-145.6029 318.7473 -1.0864 -73.46766
-147.1116 319.1677 -0.0827 -73.471481
-149.0143 318.6505 0.3041 -73.485969
-150.835 317.9416 0.6531 -73.502467
-152.6003 318.3043 1.3039 -73.506339
-154.255 319.2248 1.8195 -73.503525
-156.1347 319.0641 1.3765 -73.513011
-157.9479 318.8394 0.6505 -73.523008
-159.8193 318.2421 0.4855 -73.537093
-161.6982 318.4908 0.8126 -73.541127
-163.3502 318.4678 1.946 -73.548055
-164.7917 318.8721 3.1901 -73.549782
-166.0348 318.4651 4.5448 -73.56063
-167.2051 317.7036 5.9108 -73.575303
-168.6856 318.3603 6.972 -73.573268
-170.5746 318.3686 7.6324 -73.578448
-172.4422 318.8037 8.0573 -73.578382
-173.7745 319.4811 7.41 -73.575228
-175.2708 319.8181 6.8918 -73.575706
-176.3866 321.0401 7.8064 -73.565638
-178.1084 321.388 8.4289 -73.565398
-179.8667 322.3331 8.1901 -73.557943
-181.7338 322.9719 7.9865 -73.553739
-183.2047 324.2061 7.6173 -73.542354
-184.6529 324.5109 6.7583 -73.541445
-186.4765 324.882 7.4149 -73.539485
-188.3601 325.5005 7.7542 -73.534372
-190.207 326.2741 7.8586 -73.52718
-191.8555 326.4884 7.2737 -73.526183
-192.3011 326.2807 5.3327 -73.529806
-192.4569 326.3027 3.3202 -73.530498
-192.6127 326.3246 1.3078 -73.530875
-192.7684 326.3466 -0.7047 -73.530936
-53.5618 234.7518 -22.4056 -73.306903
-55.3696 234.7358 -22.9279 -73.324028
-57.1775 234.7198 -23.4502 -73.340341
-58.9758 234.7413 -23.9753 -73.355432
-60.5834 235.6616 -24.1049 -73.359496
-62.2107 236.6032 -24.0421 -73.362823
-63.9306 237.3539 -24.0447 -73.367833
-65.5569 238.2591 -24.1396 -73.370596
-67.3063 238.9314 -24.1596 -73.375551
-68.8366 239.9978 -24.0522 -73.375511
-70.5332 240.314 -23.7713 -73.383701
-72.1779 239.7124 -23.3677 -73.402087
-73.9055 239.067 -23.0743 -73.420548
-75.764 238.9129 -23.0612 -73.432897
-77.5069 238.4311 -23.4834 -73.448627
-79.2728 238.5078 -23.5052 -73.457481
-81.0101 239.1307 -23.2489 -73.45961
-82.8258 239.4159 -22.9537 -73.465251
-84.5254 239.9346 -22.4418 -73.4678
-86.2406 240.0396 -21.7161 -73.474775
-87.8568 239.8217 -20.9364 -73.485119
-89.3552 239.6723 -19.8507 -73.494316
-90.7771 239.8281 -18.7653 -73.499622
-92.3262 239.5258 -18.0598 -73.509883
-94.0855 240.1028 -17.7873 -73.509614
-95.877 240.5966 -17.5579 -73.509973
-97.6988 241.0591 -17.507 -73.510376
-99.53 241.4724 -17.4393 -73.511028
-101.2527 242.1681 -17.1773 -73.508104
-102.8299 242.815 -16.4434 -73.505447
-104.4569 243.5931 -15.9937 -73.500979
-106.2956 243.7075 -16.104 -73.503924
-107.1732 243.8399 -14.6775 -73.50642
-108.3872 244.3725 -13.7017 -73.504002
-109.3454 245.4642 -12.5807 -73.494855
-110.5466 246.5332 -11.6213 -73.485736
-112.0874 247.1 -10.9503 -73.482199
-112.6927 248.1713 -9.7197 -73.472618
-113.85 248.7857 -8.6033 -73.468121
-114.9422 250.1535 -8.2414 -73.454709
-115.3929 251.8689 -7.6387 -73.4371
-116.4822 252.9605 -6.8157 -73.426551
-117.371 253.2374 -5.1806 -73.425296
-118.358 253.8356 -3.7152 -73.420188
-119.4595 254.4678 -2.3971 -73.414562
-120.9563 255.2641 -1.6822 -73.406927
-122.5163 255.9458 -1.0086 -73.400521
-123.9831 256.9071 -0.452 -73.390794
-124.7954 257.8348 0.9161 -73.381385
-125.65 259.0549 2.0473 -73.368534
-126.8265 260.4562 2.1583 -73.353546
-128.2898 261.2032 2.616 -73.346115
-129.0334 261.3894 4.2611 -73.345173
-129.2473 261.2649 6.1105 -73.347867
-129.4022 261.1437 7.9821 -73.350511
-129.5576 261.0229 9.8536 -73.353145
-129.7512 260.9235 11.7229 -73.355581
-129.9463 260.825 13.592 -73.358017
-130.1515 260.7135 15.4586 -73.360612
-130.5488 260.346 17.2477 -73.366203
-131.604 259.0778 18.099 -73.38225
-132.4067 258.2916 19.5872 -73.392749
-133.3932 257.3081 20.8241 -73.40556
-133.8044 256.3522 22.376 -73.418072
-134.6418 255.2368 23.5911 -73.43245
-135.4197 253.8392 24.4892 -73.450106
-135.7 253.4829 26.3153 -73.455715
-136.3101 252.641 27.7577 -73.46694
-136.3201 251.3179 26.4825 -73.483731
-136.8701 249.6435 26.0944 -73.504575
-137.7175 248.1362 25.6627 -73.523452
-137.6045 246.4619 25.1316 -73.544214
-137.2893 245.0053 24.2243 -73.56239
-136.6215 243.4615 23.4192 -73.581502
-135.6446 241.9497 22.8735 -73.600164
-135.3758 240.4199 22.4018 -73.618909
-136.1869 239.3032 23.0344 -73.632741
-136.341 238.0644 24.2021 -73.647843
-136.433 236.6369 25.3143 -73.66497
-136.6008 234.8539 25.6617 -73.686033
-137.1474 233.4458 25.0869 -73.702554
-10.2537 234.1313 -65.7936 -73.15198
-11.9535 235.2244 -65.4206 -73.168152
-13.2513 236.4124 -64.5554 -73.182552
-13.9825 238.2182 -64.0036 -73.189181
-13.9675 239.4333 -65.1657 -73.202117
-14.1745 240.8047 -66.5759 -73.212581
-14.74 242.3781 -67.763 -73.220135
-15.0167 243.3075 -69.5586 -73.234649
-14.9973 244.3966 -71.2899 -73.246729
-15.4806 245.6013 -72.6631 -73.256938
-16.6681 247.206 -72.2066 -73.261999
-17.3029 249.0449 -71.7718 -73.263884
-18.6676 250.382 -71.3338 -73.271101
-19.6799 251.0982 -72.0439 -73.285067
-20.4939 252.2385 -73.4165 -73.293724
-21.5912 252.7618 -72.8895 -73.3063
-21.9596 252.8176 -71.2713 -73.320958
-22.6797 254.2973 -71.5196 -73.318764
-23.6039 255.7577 -72.0067 -73.316439
-24.5721 257.236 -72.2298 -73.313576
-26.0105 258.3101 -72.2446 -73.315075
-27.3761 259.4599 -72.2196 -73.315381
-28.9516 260.3257 -72.2375 -73.31882
-30.5102 261.2195 -72.2945 -73.321464
-31.595 262.5637 -72.7018 -73.318588
-32.6547 263.9941 -72.7006 -73.314428
-33.5598 265.5319 -72.4801 -73.308735
-34.5952 266.9872 -72.4053 -73.303724
-35.2782 268.5959 -72.3691 -73.296696
-36.5462 269.7783 -72.1737 -73.294322
-37.8737 270.872 -71.8225 -73.292726
-38.8876 272.2418 -71.3145 -73.287694
-39.6217 273.7558 -70.7585 -73.280764
-40.6535 274.9959 -70.0158 -73.276778
-42.0534 275.9829 -69.5331 -73.275518
-43.5846 276.8719 -69.3005 -73.275168
-45.0655 277.8565 -69.4958 -73.273522
-45.946 279.1186 -68.7677 -73.268466
-45.8345 280.5644 -67.9551 -73.261104
-46.196 282.2235 -68.3906 -73.251092
-46.2456 283.784 -69.1293 -73.242058
-45.9356 284.9029 -69.4775 -73.237991
-46.3572 283.3243 -69.8414 -73.26503
-47.6385 284.0096 -69.6263 -73.26575
-47.8598 285.27 -68.7781 -73.259631
-47.9763 286.6481 -67.6615 -73.252018
-48.0018 287.8134 -66.394 -73.246751
-49.296 287.3623 -65.4888 -73.260075
-50.1432 286.6731 -64.1653 -73.27602
-50.2434 286.1704 -62.4405 -73.289717
-51.2742 284.9264 -61.8207 -73.311835
-52.8421 284.4426 -61.0987 -73.325021
-53.9107 283.6653 -60.0279 -73.341467
-54.752 283.3629 -58.5184 -73.352292
-55.6511 282.4981 -57.2933 -73.369462
-56.6242 281.93 -56.0196 -73.383037
-57.9991 281.9695 -54.8908 -73.389438
-59.0837 282.3361 -53.8941 -73.391892
-60.0943 282.1643 -52.7677 -73.400442
-61.4419 281.5155 -51.8651 -73.41435
-62.8626 280.827 -51.0501 -73.428568
-64.2795 280.6349 -50.0042 -73.436882
-65.804 280.5238 -49.0693 -73.444095
-66.7885 280.054 -47.7484 -73.455319
-67.9789 279.2336 -46.7905 -73.470442
-68.6552 278.446 -45.3481 -73.485026
-69.0138 277.9753 -43.6489 -73.495775
-69.4167 276.9949 -42.4398 -73.512245
-69.8247 275.5947 -42.5008 -73.533404
-70.268 276.0815 -42.6582 -73.532534
-70.9242 276.409 -41.0457 -73.533361
-71.4032 276.5871 -39.3203 -73.535719
-72.2724 276.7647 -38.0281 -73.537898
-73.2041 276.1685 -36.6914 -73.54887
-74.2918 275.5936 -35.4399 -73.559421
-75.425 274.8456 -34.2803 -73.571809
-76.9255 274.2886 -33.5609 -73.581807
-77.3251 274.3933 -31.9623 -73.583971
-77.3839 274.0953 -31.6173 -73.590656
-77.9259 274.1693 -30.1943 -73.592853
-79.5493 274.0847 -29.6223 -73.596712
-80.9279 274.149 -28.5263 -73.598683
-82.1503 274.2888 -27.2947 -73.599616
-83.1333 274.5631 -25.8399 -73.59884
-83.3586 274.0993 -24.1212 -73.606467
-83.4086 273.3363 -22.4949 -73.617403
-83.5601 272.816 -20.7795 -73.625387
-83.7705 272.4678 -19.0265 -73.631228
-84.0593 272.0789 -17.2937 -73.637384
-84.2893 271.7437 -15.5414 -73.642773
-84.9661 271.1706 -14.2656 -73.650759
-86.4465 270.5588 -13.5443 -73.659042
-87.5224 269.4821 -12.7644 -73.672556
-88.5863 270.2836 -13.3628 -73.66417
-89.344 271.7765 -13.8414 -73.647637
-90.7295 272.8654 -14.017 -73.635663
-92.0012 274.1345 -14.1202 -73.621488
-93.0728 275.5655 -14.188 -73.605341
-94.4803 276.5793 -14.1262 -73.593951
-96.2029 276.3016 -13.7358 -73.59745
-97.8612 276.4416 -13.1634 -73.59606
-99.2225 277.2086 -12.3487 -73.58736
-100.7724 276.7787 -11.5881 -73.592477
-102.4856 276.8416 -11.2384 -73.59185
-104.2435 277.0799 -11.3594 -73.589156
-105.8758 277.7134 -11.5089 -73.58186
-106.978 278.2571 -10.6069 -73.575582
-108.7214 278.4008 -10.5748 -73.573924
-110.1714 278.7473 -11.3411 -73.569909
-111.6618 279.6815 -11.4564 -73.559086
-21.5015 253.5088 -73.309 -73.293367
-22.5942 254.3623 -72.684 -73.290066
-23.4363 255.5756 -72.2611 -73.281965
-23.7952 256.2196 -73.6016 -73.279857
-24.1958 256.9175 -74.8973 -73.276455
-24.5102 257.2028 -76.431 -73.2772
-25.2575 257.9568 -77.5755 -73.271836
-25.9832 258.9049 -78.6121 -73.263569
-26.7351 259.8964 -79.3372 -73.254126
-27.7754 261.0706 -79.3699 -73.241898
-28.1276 262.1418 -78.3341 -73.230184
-14.415 228.9869 -63.4499 -73.212694
-16.1331 229.4489 -63.5343 -73.232455
-17.7421 230.1331 -63.7219 -73.248957
-19.4067 230.7023 -63.8399 -73.266081
-20.8995 231.6241 -63.8754 -73.278434
-22.4197 232.5434 -63.927 -73.290181
-23.9779 232.9794 -64.5409 -73.306869
-25.5926 233.2447 -65.0739 -73.324953
-27.3372 233.3731 -65.393 -73.343984
-29.108 233.4677 -65.4659 -73.362804
-30.8642 233.5427 -65.402 -73.38126
-32.3482 234.4256 -65.4518 -73.389759
-33.9347 234.8444 -64.9779 -73.403072
-35.6107 235.0483 -64.5372 -73.418307
-37.2988 235.2219 -64.5195 -73.433328
-38.3854 235.5894 -65.5655 -73.445609
-39.1438 235.7555 -64.0699 -73.459694
-40.4342 236.3585 -64.9633 -73.468152
-41.6538 237.408 -65.4996 -73.47092
-43.3197 237.9738 -65.7908 -73.478753
-45.0712 238.2644 -65.9288 -73.489259
-46.7994 238.6788 -65.9135 -73.497828
-48.5481 238.9796 -65.7557 -73.507231
-50.2593 239.3638 -65.4708 -73.51516
-51.9541 239.818 -65.3779 -73.521811
-53.6581 240.3081 -65.5616 -73.527561
-55.3649 240.7618 -65.7517 -73.533259
-56.9242 241.5359 -65.9538 -73.534791
-58.6438 241.8319 -66.2728 -73.541386
-59.9936 242.7156 -66.7405 -73.540737
-60.984 243.7818 -67.5294 -73.537528
-62.0855 245.146 -67.6347 -73.530425
-62.592 246.8516 -67.5474 -73.518945
-63.6958 248.1812 -67.3534 -73.511408
-65.3602 248.1365 -67.1819 -73.519387
-66.6185 247.2528 -66.7907 -73.536675
-68.2827 246.701 -66.9975 -73.549764
-69.0056 246.5375 -67.1182 -73.557894
-69.4149 247.1923 -66.2178 -73.556163
-70.5685 248.2104 -65.6787 -73.549805
-72.1021 248.9573 -65.1628 -73.546175
-73.5226 249.8734 -64.6789 -73.540183
-74.9049 250.917 -64.2744 -73.532311
-76.1941 252.0464 -63.8017 -73.523043
-77.6751 252.694 -63.2164 -73.518964
-78.9054 253.7897 -63.1101 -73.509306
-80.0531 255.1107 -63.1909 -73.496656
-81.4092 256.2087 -63.4316 -73.48621
-83.1166 256.5971 -63.7243 -73.483606
-84.8053 256.9649 -63.8465 -73.480868
-86.3232 257.8036 -63.7447 -73.472303
-88.0463 257.7843 -63.4146 -73.473291
-89.5568 258.6367 -63.0658 -73.463808
-79.8558 209.6969 -1.6956 -73.000413
-80.9345 210.9313 -0.8747 -73.021512
-81.8718 212.3265 -0.0936 -73.039802
-83.0145 213.649 0.4105 -73.058022
-83.35 215.4299 0.5242 -73.070073
-84.7236 216.0877 0.5245 -73.094292
-85.8365 216.8501 1.5461 -73.116549
-86.4751 218.3432 2.3648 -73.129448
-87.6889 219.3419 3.0091 -73.14727
-89.3832 219.625 3.5112 -73.172562
-90.5679 220.9942 3.9392 -73.184527
-91.9993 222.1339 4.2769 -73.19838
-93.1066 223.0567 5.3451 -73.214086
-94.2451 224.3484 6.04 -73.22484
-95.1955 225.7846 6.6504 -73.233215
-96.1469 227.1811 6.1703 -73.241362
-97.5307 228.1499 5.5656 -73.253867
-97.6555 229.6726 4.5217 -73.259382
-98.2632 230.7709 4.9578 -73.269271
-99.4213 231.1534 5.7424 -73.286829
-100.7458 231.4122 4.7237 -73.305289
-101.8502 232.6408 4.2535 -73.311967
-103.1436 233.9354 4.0273 -73.317358
-104.4921 234.4164 4.8558 -73.331658
-105.6117 233.6885 5.7966 -73.35959
-106.7274 232.3194 6.4016 -73.394657
-107.441 230.7522 6.8747 -73.431278
-107.4488 229.0255 7.5014 -73.469236
-107.9411 227.3511 8.131 -73.506076
-107.0902 226.8712 8.9862 -73.528614
-106.1496 226.513 10.1833 -73.549466
-105.9516 226.2598 12.0223 -73.568627
-105.4787 225.2922 12.0054 -73.595495
-105.2249 224.5846 10.2988 -73.618893
-104.7784 223.6625 9.5999 -73.644239
-104.7066 222.6921 11.0296 -73.669725
-105.026 220.965 11.6033 -73.703449
-104.6066 219.9029 12.8153 -73.729034
-103.3942 219.8352 14.0764 -73.742622
-104.3073 219.9043 13.553 -73.754146
-105.885 218.9419 13.3792 -73.777159
-107.2676 218.4747 12.6842 -73.793978
-108.1193 218.5469 11.0406 -73.804117
-108.3962 219.4541 11.7193 -73.804105
-109.0143 219.6825 13.4653 -73.81154
-109.7221 219.9831 15.1561 -73.817646
-110.6667 219.9703 16.4989 -73.826908
-112.0003 218.9022 16.8845 -73.847957
-113.4433 217.9794 16.4775 -73.866866
-114.7081 217.1333 15.6968 -73.884444
-115.2947 216.7255 13.9743 -73.896496
-115.5962 216.7912 12.1637 -73.902669
-115.7677 217.1126 10.3327 -73.905406
-115.4309 217.0746 11.1227 -73.911807
-116.1181 217.6962 12.116 -73.910272
-117.3855 218.3763 13.3061 -73.907528
-118.8798 218.8959 14.099 -73.906117
-120.5533 219.5755 14.5055 -73.902405
-122.3465 220.0233 14.7431 -73.900928
-124.1585 220.1151 14.949 -73.903136
-125.565 221.2324 14.8597 -73.893031
-126.6064 222.7478 14.7267 -73.877878
-127.1945 224.5052 14.537 -73.859502
-127.9351 226.1832 14.2547 -73.84163
-129.0224 227.5634 14.5865 -73.826809
-130.1181 229.0198 14.5982 -73.810711
-131.2201 230.4645 14.2522 -73.794365
47.5528 -96.076 13.5667 32.070707
47.0015 -95.2803 13.5986 30.393444
46.7344 -94.3274 13.6342 29.568425
27.7081 -94.2683 18.8592 28.090983
26.226 -93.6204 19.8024 21.556001
24.7439 -92.9726 20.7456 16.940357
23.2618 -92.3248 21.6888 13.987947
23.8038 -92.3745 21.7835 12.540115
54.7481 -88.0637 17.871 36.54869
97.3169 -66.6493 31.3652 13.712604
99.3506 -67.4491 30.897 6.645518
101.3843 -68.2489 30.4289 1.376527
103.4181 -69.0488 29.9607 -2.482262
105.4518 -69.8486 29.4925 -5.191023
104.935 -70.7499 28.9784 -6.920561
104.6139 -70.6388 26.7694 -7.758302
96.937 -66.473 30.8282 17.404461
44.0154 -65.7095 15.6069 35.045016
44.0102 -66.3692 14.8486 33.585663
44.1586 -67.2141 14.3402 32.855271
-4.665 -9.0685 -0.0051 -33.461016
-3.3078 -10.3003 -0.0154 -12.861335
-1.9532 -11.5348 -0.0257 7.356852
-0.7426 -12.7803 -0.0459 40.511953
0.4334 -13.9291 -0.0935 47.92694
1.4466 -15.2471 -0.185 47.743281
3.5554 -27.7322 1.4257 42.039438
8.6107 -41.3653 6.7974 39.230472
22.8794 -62.2772 10.5055 41.306587
26.4745 -64.8588 13.9793 43.381138
29.0535 -67.1183 14.3116 42.936814
42.1418 -73.5431 16.2509 39.281166
47.2069 -85.1931 18.1557 38.66734
44.6639 -89.9679 15.7857 38.07642
47.7449 -96.3203 13.6398 34.825814
78.4149 -177.3628 14.5582 29.105403
95.2227 -265.7699 17.0719 27.37201
48.1056 -320.1106 18.1187 26.20813
-10.9476 -383.6056 22.9817 25.313196
-40.36 -432.7473 17.7175 24.323418
28.7834 -94.5812 17.274 36.115337
14.3097 -106.6143 20.8227 33.305458
2.7577 -126.0427 26.0848 31.570389
-45.0792 -189.1405 27.4734 34.462652
30.9775 -170.2053 31.4202 32.442982
28.3969 -94.5693 18.0599 34.464757
-40.2348 -104.2908 -5.8163 34.271476
-111.9958 -139.102 2.509 34.507872
54.6562 -87.9717 17.7384 37.658449
111.8824 -135.9529 29.1893 34.34816
164.8572 -185.7356 20.1853 34.988706
213.7243 -226.7876 32.011 34.144608
43.9697 -65.4565 15.7766 37.309426
45.5333 -62.1584 17.8534 33.361228
96.2419 -66.2233 31.6259 19.128039
2.1326 -22.0656 -2.5814 39.720995
6.2653 -35.3706 6.4938 35.450611
8.3143 -40.7868 6.7183 31.661982
15.4942 -50.7521 4.9673 28.019139
19.5156 -57.7327 7.1557 32.448312
24.2121 -63.3654 12.9105 41.558129
27.7984 -65.9637 14.1964 42.855787
35.2991 -71.3414 15.5234 36.780595
45.9552 -78.4006 18.2802 35.437373
45.9541 -87.9136 17.638 37.445798
46.0845 -93.1486 14.7482 35.227749
52.1518 -103.9606 11.3242 23.204225
58.8833 -119.603 12.0998 15.059262
62.6461 -133.0235 18.7767 12.155874
68.7987 -150.479 18.27 12.886413
75.478 -168.4071 16.0379 18.965706
80.7201 -186.7623 13.7215 18.271558
86.0397 -202.1519 18.4658 10.764083
88.9594 -219.8372 14.0604 8.528862
92.3483 -238.1707 14.3683 9.943919
94.4112 -256.1543 16.5595 16.78693
95.282 -267.4858 16.3224 16.487189
95.3059 -280.3632 10.9397 8.973337
82.392 -291.8157 13.1552 6.848738
66.6134 -301.8126 13.5179 8.447941
55.8832 -314.8401 17.1156 15.467014
42.621 -325.3136 19.0805 15.25922
32.9705 -340.7608 23.6528 7.735432
23.9361 -354.8041 21.203 5.654342
9.6225 -366.7531 22.7517 7.3452
-4.6074 -378.3071 21.4152 14.508078
-16.9731 -389.755 18.9726 14.314815
-27.5688 -401.1213 14.9527 6.748335
-39.573 -411.7299 14.9204 4.637145
-40.6381 -420.4638 25.2112 6.32678
-40.4069 -426.6412 14.8914 13.539204
-41.6738 -434.0686 12.5022 13.267044
-35.1298 -447.795 10.0223 5.199892
-30.511 -455.7937 6.7671 1.883613
-26.4654 -460.7911 2.4423 0.516186
-24.2919 -464.5784 0.2402 0.01062
37.1249 -94.0849 14.9718 32.017764
20.7736 -99.7756 22.2184 28.554238
11.0172 -108.5614 18.7473 28.607832
5.909 -113.1292 24.1737 26.410201
4.7649 -121.3499 27.2758 28.071783
-3.9067 -133.7894 26.1237 22.978389
-16.2236 -149.0836 26.7198 17.721791
-17.7909 -159.6216 22.5822 16.650129
-30.8645 -168.2845 21.4997 18.514887
-40.3768 -181.2163 24.3391 24.937446
-50.8898 -195.8899 27.7601 24.991634
-59.8432 -207.2909 27.0024 18.390367
-63.453 -209.2381 15.4152 15.886752
-64.2909 -212.4765 11.1044 14.935129
-69.7086 -217.4653 14.9612 14.598754
-1.3141 -131.2728 34.9295 23.95822
15.7442 -115.5027 24.1983 23.672374
21.9499 -133.9863 25.1312 17.73398
26.8898 -147.4387 25.6301 16.307955
28.6429 -155.1273 32.7495 17.871385
28.6017 -167.7997 33.6747 23.738726
33.7647 -170.9041 21.6446 23.518781
35.3986 -176.6564 11.4651 17.485488
39.8278 -180.409 -7.3747 15.504026
28.4843 -94.572 17.6083 35.026575
24.075 -93.3058 9.4058 23.887361
15.5128 -90.8025 -8.4542 17.765247
-0.0475 -89.6597 -13.0268 16.366313
-13.9393 -94.7328 -4.0497 18.113676
-31.0534 -101.5497 -4.3571 24.591936
-48.3446 -108.1087 -4.4853 24.709179
-60.3769 -111.0796 -1.1234 18.501141
-77.9711 -113.5102 3.296 17.041207
-92.0999 -121.9743 4.6219 18.703938
-105.6825 -132.44 0.8972 25.030614
-119.8735 -141.3568 5.959 25.510318
-132.8113 -151.1601 6.979 18.889706
-147.2952 -155.5423 4.0924 16.217394
-153.368 -158.2725 7.6335 15.155982
-168.793 -159.6906 7.6228 14.786803
50.8433 -86.5895 17.9535 36.871171
61.2357 -92.3404 14.5899 25.995049
72.1897 -102.125 21.0158 18.495193
85.4059 -115.7278 22.6939 16.588995
96.1046 -123.0147 27.5352 18.218445
106.3877 -128.7142 28.8233 24.694447
119.3522 -141.0891 32.8119 24.867927
133.3865 -151.0456 27.4274 18.739138
140.4642 -156.8554 25.7903 17.373789
152.3124 -169.1266 29.8767 19.115838
161.5491 -182.1636 26.4505 25.504631
167.3763 -187.9265 20.8501 25.740864
178.0174 -198.4202 27.7655 19.672683
190.5879 -201.853 17.5881 18.232764
198.4764 -209.0366 23.2285 19.75285
206.4978 -222.3967 29.9785 25.546839
216.4485 -231.2363 29.6641 25.854854
219.3592 -241.6667 28.5636 19.835156
217.6919 -257.4839 32.1794 17.432527
212.7961 -271.781 39.8533 16.510072
208.8344 -287.7139 39.3838 16.149284
43.1478 -69.6198 16.0595 36.812295
45.0982 -63.5211 16.1223 34.623574
50.7937 -61.6079 11.0465 24.988501
63.7547 -58.5312 9.7712 19.082689
75.049 -60.4617 16.3877 16.933166
83.0968 -60.7333 25.9161 16.688807
91.3447 -63.64 26.8113 17.743912
106.4082 -69.1292 24.6495 16.997082
123.1559 -72.5629 28.9251 16.046018
143.1961 -75.9244 28.8652 15.753311
46.1286 -55.224 14.5026 24.336363
37.6417 -45.2763 18.4222 18.05176
22.8448 -43.0894 21.8828 15.82439
