-0.8015 -1.2678 -0 -73.77043
-3.2062 -5.0715 -0 -73.769406
-5.0765 -8.0299 -0 -73.768704
-6.4123 -10.1429 0.0262 -73.768546
-8.0143 -12.677 0.1283 -73.768387
-8.8146 -13.9429 0.1666 -73.768268
-8.2187 -14.5214 0.2948 -73.768142
-8.7411 -16.3672 0.5247 -73.767809
-10.0309 -17.8905 1.1419 -73.767386
-11.386 -19.3222 1.89 -73.766977
-12.7254 -20.8552 2.392 -73.766594
-14.0432 -22.4116 2.6217 -73.766138
-14.6972 -24.3185 2.0715 -73.765585
-15.5306 -26.234 2.0482 -73.764984
-16.1094 -27.8038 2.3068 -73.764465
-14.7796 -28.9827 3.1257 -73.764032
-13.6062 -30.5844 3.6202 -73.763598
-12.2537 -32.1091 3.9089 -73.763163
-11.1222 -33.7683 4.2796 -73.762726
-10.1932 -35.2295 5.196 -73.762289
-9.3619 -36.7283 6.3117 -73.76185
-8.5851 -38.2492 7.4144 -73.76141
-7.5935 -39.8435 8.2499 -73.76097
-6.8916 -41.4349 9.2193 -73.760526
-6.2727 -43.3267 9.6108 -73.760083
-5.7427 -44.6215 10.9758 -73.759635
-5.2774 -45.3085 12.8612 -73.759186
-4.5701 -46.2857 12.7646 -73.758737
-3.9187 -47.0128 11.0346 -73.758286
-3.487 -47.3534 9.0584 -73.757831
-3.1601 -48.3203 10.2056 -73.757375
-2.5906 -49.7167 11.29 -73.756922
-2.064 -51.2649 10.2609 -73.756467
-1.9023 -53.0628 10.2828 -73.756011
-1.2374 -53.7481 8.8883 -73.755551
-0.2338 -55.4757 8.438 -73.755091
0.9268 -57.1391 8.1846 -73.754631
2.1659 -58.7648 8.26 -73.75417
2.7966 -60.3652 9.2072 -73.753706
3.5606 -62.0815 8.7826 -73.753242
4.1051 -63.9769 8.2533 -73.752775
4.7728 -65.8913 8.0534 -73.752308
5.555 -67.7898 8.1794 -73.751841
5.4215 -69.7319 8.5591 -73.751373
5.3722 -71.1779 9.39 -73.750902
6.6015 -72.8224 9.4344 -73.750432
7.9091 -74.3345 9.4579 -73.74996
9.1469 -75.9691 9.4502 -73.749487
10.0298 -77.8076 9.4917 -73.749014
10.7723 -79.6982 9.5101 -73.748539
12.3735 -80.8411 9.4583 -73.748064
13.4145 -82.6176 9.4397 -73.747589
14.1594 -84.5026 9.6273 -73.747112
14.908 -86.352 10.0263 -73.746634
15.6285 -88.1574 10.421 -73.746157
16.2688 -90.0988 10.1972 -73.745678
16.8061 -92.0324 10.2983 -73.745199
18.0591 -93.5211 10.9131 -73.74472
19.0692 -95.1762 11.592 -73.74424
20.0514 -96.8019 12.3554 -73.743761
20.7986 -98.4251 13.1509 -73.743281
22.3425 -99.643 13.6764 -73.7428
23.1324 -101.4525 13.8694 -73.74232
24.2278 -103.1764 13.8286 -73.741839
25.7948 -104.4654 13.8973 -73.741358
27.3532 -105.7951 13.951 -73.740879
28.4996 -107.4233 13.9547 -73.740398
30.0108 -108.56 13.6639 -73.739918
31.1081 -108.6091 12.0588 -73.73943
29.9694 -109.9097 10.9348 -73.738906
28.8308 -111.2104 9.8109 -73.738396
27.6922 -112.511 8.6869 -73.737898
26.8377 -113.4766 7.7017 -73.737408
28.1153 -111.9666 8.2837 -73.73689
29.3929 -110.4565 8.8658 -73.736386
30.6706 -108.9464 9.4479 -73.735895
31.1787 -108.9746 10.7509 -73.735402
31.0798 -109.3078 12.7833 -73.734909
31.1974 -110.3892 14.0207 -73.734426
31.8589 -112.2436 14.4776 -73.733947
32.2207 -114.0808 14.8897 -73.733469
32.3754 -116.0895 14.7382 -73.732992
33.2282 -117.7627 14.1097 -73.732516
34.0263 -119.6079 13.7086 -73.732042
34.4263 -121.5938 13.4703 -73.73157
34.6735 -123.5948 13.4834 -73.731099
34.4631 -125.6138 13.6554 -73.730631
35.477 -127.1975 13.9548 -73.730166
36.4488 -128.3733 14.9241 -73.7297
36.0423 -130.1872 15.3722 -73.729235
35.1621 -131.5518 15.4371 -73.728774
35.6418 -129.8523 14.8263 -73.72832
35.0348 -128.0619 14.2107 -73.727867
35.5446 -129.8444 14.1534 -73.727418
35.6291 -131.8577 14.0497 -73.726972
34.8485 -133.6181 13.7199 -73.726531
34.2995 -135.3089 12.7219 -73.726094
33.9891 -137.2127 12.2496 -73.725662
34.6951 -139.1364 12.158 -73.725234
34.4342 -141.0719 12.4762 -73.724812
34.9496 -142.8915 13.1328 -73.724393
35.1207 -144.6736 12.8365 -73.723981
36.0553 -146.4708 12.5635 -73.723575
36.5162 -147.9232 11.2272 -73.723174
37.0821 -149.6924 10.5935 -73.72278
38.1845 -151.3675 10.8233 -73.722394
38.9786 -152.5573 11.4668 -73.722014
38.5512 -154.4927 11.7745 -73.72164
38.9845 -156.4817 12.0272 -73.721273
38.8087 -158.4686 12.102 -73.720915
39.4316 -160.3993 12.1561 -73.720566
40.017 -162.1492 11.7738 -73.720225
39.9044 -164.0643 11.3068 -73.719894
40.4166 -165.9089 10.6066 -73.719573
41.3853 -167.5493 10.7632 -73.719262
42.1247 -169.1267 11.6727 -73.718961
42.1485 -170.8263 12.6221 -73.71867
41.2541 -172.1527 13.7028 -73.718392
41.3329 -173.6405 14.3131 -73.718125
41.6008 -174.8677 12.6805 -73.71787
41.8738 -176.7997 12.275 -73.717628
42.7438 -178.5456 11.9564 -73.717399
43.2439 -180.4578 12.0397 -73.717184
43.3656 -182.4295 12.4106 -73.716982
43.6747 -184.2146 13.2717 -73.716794
44.1736 -186.1236 13.8383 -73.716621
44.3535 -187.9066 14.7675 -73.716463
44.8726 -189.5685 15.6922 -73.71632
45.4404 -191.1005 14.5715 -73.716193
46.1386 -192.9259 14.1459 -73.716083
46.6287 -194.8895 13.783 -73.71599
47.9055 -196.4354 13.3908 -73.715914
49.0241 -197.9564 13.467 -73.715856
49.8322 -199.3762 13.2319 -73.715816
51.04 -200.3986 12.0409 -73.715796
-16.8109 -27.3553 2.8101 -73.764519
-17.497 -28.3029 4.2038 -73.7642
-18.1984 -29.271 5.5067 -73.76389
-18.2577 -29.3412 3.7473 -73.763529
-18.2679 -29.344 1.9276 -73.763178
-18.2781 -29.3467 0.108 -73.762836
-18.2883 -29.3494 -1.7116 -73.762505
-18.2985 -29.3522 -3.5313 -73.762183
-18.8534 -30.5664 -3.9808 -73.761867
-18.8107 -32.318 -3.8597 -73.761548
-19.3066 -34.0554 -3.7456 -73.761229
-18.9488 -34.5418 -2.2544 -73.760907
-18.3075 -35.7012 -1.0566 -73.760584
-18.003 -37.2922 -0.254 -73.760261
-17.2153 -38.7422 0.5062 -73.759938
-17.2992 -40.1694 1.5541 -73.759613
-17.1185 -41.7267 2.3954 -73.759287
-17.083 -42.8762 3.6698 -73.758958
-17.3639 -44.4413 4.545 -73.758629
-18.2212 -45.6938 5.2818 -73.758301
-18.9632 -46.7735 4.1464 -73.757972
-19.2427 -47.6114 2.5633 -73.75764
-19.7572 -49.1601 2.2576 -73.757311
-20.0441 -50.8741 2.5491 -73.756982
-20.3286 -52.4364 3.2684 -73.756653
-19.8077 -53.8024 3.6098 -73.756324
-19.2008 -54.6661 2.2731 -73.755992
-18.7221 -56.0354 2.9434 -73.755661
-18.7365 -56.729 4.1896 -73.75533
-18.8997 -58.1413 5.2798 -73.755002
-18.8149 -59.8936 5.7078 -73.754675
-18.9822 -61.072 7.0484 -73.754349
-19.3934 -62.5349 8.0119 -73.754026
-19.547 -63.8484 9.0694 -73.753704
-19.5772 -65.5723 8.63 -73.753387
-19.258 -67.3139 8.3405 -73.753072
-19.7508 -69.0603 8.364 -73.752762
-19.9946 -70.8175 8.7102 -73.752454
-19.8037 -72.5539 9.1873 -73.752151
-19.7201 -74.3251 9.5635 -73.751852
-20.2567 -75.9938 9.7611 -73.751557
-19.7758 -77.7066 9.8918 -73.751268
-19.8692 -79.394 10.0722 -73.750985
-20.6153 -80.6503 10.7965 -73.750708
-20.8101 -82.0334 11.1362 -73.750439
-21.8468 -83.2751 10.5156 -73.750177
-22.3598 -84.646 11.4203 -73.749923
-22.8139 -86.2646 12.0203 -73.749678
-22.9433 -87.4114 13.1988 -73.74944
-23.2601 -88.7922 14.1473 -73.749213
-23.5187 -90.5915 14.1567 -73.748998
-23.7693 -92.3875 14.2837 -73.748794
-23.9193 -94.161 14.5659 -73.748602
-24.765 -95.4177 14.2775 -73.748423
-25.6946 -96.5629 13.7452 -73.748259
-26.3361 -98.2508 13.7081 -73.748108
-26.22 -99.6251 14.4174 -73.747971
-26.029 -100.2322 16.1217 -73.747851
-25.98 -100.9366 17.7977 -73.747748
-26.1774 -101.1961 19.58 -73.747661
-26.4133 -101.3806 21.3748 -73.747595
-26.5757 -102.9017 22.0388 -73.747552
-26.565 -104.1061 22.8298 -73.747529
-10.4886 -18.1238 0.6694 -73.767037
-10.4015 -18.057 0.4643 -73.766787
-11.3637 -19.3353 1.4826 -73.766488
-12.4409 -20.4928 2.3203 -73.766134
-13.7335 -21.882 2.6066 -73.765752
-14.3525 -23.4451 1.6476 -73.765367
-14.7639 -24.7529 0.4153 -73.764981
-15.0123 -25.6795 -1.2982 -73.764593
-14.7483 -27.3027 -2.2341 -73.764204
-14.1682 -28.7546 -3.3613 -73.763813
-14.1335 -30.3237 -2.5621 -73.763419
-14.176 -32.0715 -1.7097 -73.763026
-14.076 -33.7889 -0.9359 -73.76263
-13.8862 -35.6563 -1.4771 -73.762234
-13.5408 -37.5381 -1.8551 -73.761836
-12.9254 -39.3671 -2.0095 -73.761435
-12.8947 -41.2639 -2.5483 -73.761034
-12.5093 -43.0891 -2.3969 -73.760631
-11.8636 -44.7358 -1.5183 -73.760225
-11.3409 -46.4019 -0.6056 -73.759817
-11.0233 -47.5467 0.9658 -73.759406
-10.5913 -48.4457 2.6789 -73.758995
-10.1405 -50.0833 3.3431 -73.758584
-10.2934 -51.7904 2.9275 -73.758171
-10.88 -52.8858 1.4404 -73.757755
-11.0363 -54.4811 1.7038 -73.75734
-11.1458 -56.3254 2.378 -73.756922
-10.357 -57.7555 3.4384 -73.756503
-10.1358 -58.8326 4.9901 -73.756082
-10.3077 -60.6124 5.6598 -73.75566
-11.2813 -62.2927 6.0116 -73.755237
-11.7958 -64.1934 6.181 -73.754813
-12.4342 -66.0517 6.3974 -73.754387
-11.9522 -67.7789 6.8906 -73.75396
-11.6762 -69.0382 8.2561 -73.753531
-11.713 -70.0381 9.9612 -73.753102
-11.8555 -70.9146 11.6774 -73.752669
-12.8132 -71.5235 13.2459 -73.752238
-13.5753 -72.2336 12.7301 -73.751805
-14.1638 -73.7043 11.8882 -73.751372
-14.4131 -75.2707 10.815 -73.750939
-13.5782 -77.0011 10.3425 -73.750505
-13.3259 -78.9499 10.1371 -73.75007
-13.3622 -80.9141 10.3308 -73.749636
-14.2376 -82.5066 10.9807 -73.749203
-14.7845 -84.1023 11.9265 -73.748768
-15.3519 -85.4422 12.6525 -73.748333
-15.7865 -86.6616 12.098 -73.747898
-16.5522 -87.7496 13.5364 -73.747464
-17.1687 -89.5648 13.8022 -73.747031
-18.2162 -91.1682 13.885 -73.746599
-19.5493 -92.634 13.9514 -73.746167
-20.3209 -94.4426 13.8656 -73.745737
-21.0095 -96.2837 13.6721 -73.745308
-21.3384 -97.8523 13.9673 -73.744876
-21.6939 -97.8965 15.9193 -73.744441
-22.3276 -98.0602 17.7316 -73.744013
-21.887 -98.9874 16.7979 -73.743584
-22.8153 -99.7306 15.3374 -73.743162
-24.3779 -100.6691 14.7056 -73.742744
-24.3457 -102.6276 14.3888 -73.742329
-24.5768 -104.5617 14.2213 -73.741919
-24.8282 -106.5067 14.2205 -73.741511
-25.0574 -108.4614 14.1941 -73.741108
-25.5558 -110.3378 14.0236 -73.740709
-26.9412 -111.6652 13.5497 -73.740315
-27.6548 -113.1993 12.651 -73.739926
-27.9593 -114.1646 11.0361 -73.739538
-28.3565 -115.3746 10.0919 -73.739162
-29.1471 -116.4978 9.0352 -73.73879
-29.5399 -117.0458 7.1689 -73.738422
-29.9596 -117.6548 5.3281 -73.738063
-30.9613 -118.935 4.5188 -73.737715
-32.1435 -120.2324 4.6581 -73.737374
-32.9363 -121.0473 6.2793 -73.737041
-33.621 -122.2206 7.5953 -73.736718
-33.9105 -123.585 8.7937 -73.736405
-34.4873 -124.3869 10.3397 -73.736102
-35.0405 -125.7656 11.4307 -73.735811
-34.701 -127.6323 11.772 -73.735531
-35.3063 -129.4991 11.9181 -73.735263
-35.9903 -131.3268 11.7835 -73.735009
-37.6819 -132.1342 11.31 -73.734767
-38.5009 -133.4806 10.3217 -73.73454
-38.4967 -134.7419 8.9782 -73.734326
-39.2613 -136.1191 9.0235 -73.734128
-39.6486 -137.8732 9.0943 -73.733947
-40.3927 -139.5578 8.4232 -73.733782
-41.3357 -141.2284 8.0319 -73.733635
-41.7461 -143.1332 7.6854 -73.733507
-42.0138 -145.0056 7.4829 -73.733397
-41.9887 -146.6225 8.5512 -73.733308
-43.1363 -148.1444 8.915 -73.733239
-43.8626 -149.8828 8.3731 -73.733192
-44.926 -151.4033 7.7386 -73.733169
-9.353 -14.8211 0.2731 -73.768084
-11.0559 -15.5864 0.7158 -73.767753
-12.8605 -15.9487 1.177 -73.767345
-14.323 -16.6873 2.6356 -73.766591
-15.6273 -17.7486 4.2904 -73.76596
-16.5612 -19.3299 4.837 -73.765674
-17.0333 -20.2944 6.2453 -73.765354
-17.8874 -21.5361 7.3823 -73.765026
-18.8508 -22.9769 8.1796 -73.764697
-19.5099 -24.5801 8.9543 -73.764367
-19.7318 -25.6734 10.3712 -73.764034
-19.6375 -26.5275 11.987 -73.763697
-20.9183 -27.5166 12.4491 -73.763361
-21.2964 -29.0814 13.3143 -73.763023
-21.83 -30.7644 14.0149 -73.762684
-22.4092 -32.288 14.7504 -73.762342
-23.1716 -32.8787 16.4102 -73.761995
-23.4458 -33.3976 17.1662 -73.761652
-23.9797 -35.1098 17.8018 -73.761305
-25.2888 -36.4276 18.1128 -73.760958
-26.4013 -37.9363 18.2431 -73.760611
-27.2908 -39.5473 18.3867 -73.760261
-28.9068 -40.2841 18.3568 -73.75991
-28.8386 -41.8551 18.071 -73.759558
-30.0593 -43.3052 18.0707 -73.759204
-30.6546 -44.9959 18.2212 -73.758849
-31.4097 -46.5757 18.3297 -73.758493
-32.6885 -47.8644 18.2798 -73.758136
-33.6705 -49.4532 18.3794 -73.75778
-34.3435 -51.1833 18.7706 -73.757423
-35.0428 -52.643 19.7515 -73.757065
-35.9334 -53.9164 20.8542 -73.756708
-36.4958 -55.5633 21.6175 -73.756352
-37.1515 -57.2664 22.1901 -73.755996
-37.503 -58.9135 22.7742 -73.755639
-37.2767 -60.629 23.5408 -73.755282
-38.3487 -62.1152 24.0868 -73.754928
-38.7835 -63.8894 24.6417 -73.754575
-39.0307 -65.5698 25.4324 -73.754224
-39.2448 -67.4312 25.7075 -73.753874
-39.4113 -69.2406 26.1323 -73.753527
-38.2265 -70.1613 27.1367 -73.753183
-37.9293 -71.6381 28.1838 -73.752839
-36.7386 -72.8721 28.5562 -73.7525
-35.4143 -74.1273 28.8617 -73.752165
-33.8413 -75.1427 29.2839 -73.751826
-32.9832 -76.7229 29.5771 -73.751498
-33.6399 -75.092 29.1649 -73.75117
-33.1635 -76.3575 28.5144 -73.750849
-32.6394 -77.9449 29.3953 -73.750535
-31.5586 -79.4236 29.8926 -73.750221
-30.8094 -81.0765 30.3763 -73.749915
-31.5811 -82.6547 30.6865 -73.749621
-31.7168 -84.5489 30.8274 -73.749335
-31.5105 -86.4537 30.8357 -73.749058
-31.5377 -88.3667 30.7633 -73.748791
-31.4829 -90.279 30.6456 -73.748533
-31.9235 -92.1277 30.4947 -73.748287
-32.2806 -93.9944 30.2829 -73.748053
-33.2826 -95.4749 30.073 -73.747831
-34.2923 -96.3147 29.212 -73.747622
-33.7984 -97.5646 29.0456 -73.747426
-33.365 -98.5644 30.3242 -73.747244
-34.9529 -99.5888 30.5864 -73.747079
-35.3561 -101.2379 30.5528 -73.74693
-35.425 -102.1901 29.7785 -73.746799
-35.4381 -103.6106 30.0236 -73.746686
-35.4329 -104.9525 28.8355 -73.746593
-35.4888 -106.6151 28.0477 -73.746522
-35.1318 -108.0258 29.2064 -73.746473
-34.5346 -109.5447 30.0645 -73.746448
-15.445 -16.6758 3.4162 -73.765957
-17.1123 -16.5493 2.7023 -73.765676
-18.8242 -16.1183 2.2844 -73.76536
-20.5247 -15.3962 2.2003 -73.765039
-22.3116 -15.3473 2.4856 -73.764717
-24.0423 -14.9367 2.9859 -73.764392
-25.7912 -14.8802 3.5418 -73.764064
-27.6376 -14.8877 3.7424 -73.763736
-29.4617 -14.8882 3.7168 -73.763406
-31.2202 -15.3922 3.5297 -73.763073
-32.7539 -15.8243 2.9445 -73.762737
-34.0829 -16.2305 1.7975 -73.762399
-35.3566 -17.1047 0.7776 -73.76206
-36.7811 -17.3591 0.0703 -73.761721
-38.4049 -17.2529 0.8951 -73.761381
-40.1857 -16.9717 1.2216 -73.761039
-41.9745 -17.3706 1.348 -73.760695
-43.6645 -17.7288 1.1737 -73.760349
-45.1638 -16.9527 0.472 -73.760002
-46.3865 -16.2335 -0.6264 -73.759652
-48.1583 -16.038 -0.1893 -73.759301
-49.5586 -16.5997 0.7893 -73.758948
-50.6275 -17.7832 1.5574 -73.758595
-52.4581 -17.9497 1.6886 -73.758241
-54.2203 -17.8442 1.1278 -73.757885
-55.6575 -18.4041 0.1681 -73.757529
-57.139 -19.2179 -0.5793 -73.757171
-58.8775 -19.6978 -0.9928 -73.756813
-60.4992 -20.5497 -0.8751 -73.756455
-62.2699 -20.9516 -0.784 -73.756097
-63.9605 -21.4851 -1.2025 -73.755736
-65.769 -21.6468 -1.2364 -73.755378
-67.4074 -21.948 -2.0416 -73.755019
-69.2303 -22.0478 -2.2783 -73.754662
-71.0405 -22.3933 -2.2 -73.754305
-72.76 -22.6876 -1.8978 -73.753949
-74.4248 -22.1245 -1.3042 -73.753594
-75.468 -21.5676 0.0962 -73.75324
-76.805 -21.0117 0.8974 -73.752887
-78.6304 -21.1688 0.7939 -73.752539
-80.2126 -21.6023 1.4208 -73.752192
-81.9055 -21.4802 1.8938 -73.751849
-83.3789 -20.5725 2.4839 -73.751508
-84.8475 -20.092 3.3977 -73.751172
-85.8797 -19.4106 4.4732 -73.750839
-86.9877 -17.9771 4.3817 -73.750511
-88.4094 -16.917 4.436 -73.750189
-89.1332 -16.2863 5.8123 -73.749869
-89.6827 -16.0961 7.5766 -73.749555
-90.6073 -14.9923 8.5732 -73.749251
-91.6573 -14.5236 9.9347 -73.748955
-92.216 -13.6924 11.4126 -73.748663
-93.3323 -12.5367 11.3011 -73.748384
-94.3529 -11.3333 10.4637 -73.748114
-95.9243 -11.359 10.3327 -73.747855
-97.085 -12.6874 10.4076 -73.747606
-98.637 -11.9209 10.4364 -73.747368
-99.8512 -10.5582 10.1484 -73.747144
-101.1467 -9.2581 9.9913 -73.746933
-102.9108 -8.8466 10.0308 -73.746736
-104.2043 -7.6318 10.4372 -73.746555
-105.7848 -7.7377 11.2376 -73.746389
-107.5295 -7.7352 11.7584 -73.746241
-108.7114 -6.5165 12.2914 -73.746111
-108.6826 -5.013 12.9437 -73.746
-109.4316 -4.9691 14.0337 -73.745908
-110.9911 -5.321 13.2911 -73.745838
-112.3812 -4.7789 12.2565 -73.74579
-113.4541 -4.4164 10.8172 -73.745765
-15.5545 -17.632 4.3033 -73.765978
-16.8149 -18.3686 5.0193 -73.765747
-18.1535 -17.7371 5.9254 -73.765485
-19.3957 -17.6568 7.1162 -73.765217
-20.6245 -17.4395 8.329 -73.764948
-21.4073 -17.0773 9.8446 -73.764677
-22.3291 -16.4593 11.1562 -73.764406
-23.7986 -16.4039 12.1053 -73.764134
-24.636 -16.4397 13.5353 -73.763858
-26.0492 -16.413 14.4153 -73.763584
-26.5091 -16.6788 16.0866 -73.763304
-27.6416 -17.5424 16.452 -73.763028
-28.9683 -17.6171 17.1518 -73.762751
-30.2529 -16.8642 18.0015 -73.762475
-31.8112 -16.9615 18.7079 -73.762196
-32.7125 -16.0015 17.8716 -73.761918
-33.9732 -15.3124 17.8919 -73.76164
-35.5154 -14.9405 18.541 -73.761361
-36.8148 -15.2621 19.6037 -73.761081
-38.1095 -15.3947 20.6532 -73.760803
-39.3709 -15.3085 20.5665 -73.760522
-39.9084 -15.4165 22.2463 -73.760238
-41.4898 -16.1032 22.568 -73.759961
-43.1935 -16.3081 22.9719 -73.759685
-44.8671 -16.1005 23.426 -73.75941
-46.5874 -16.255 23.8037 -73.759136
-48.2806 -16.146 24.1613 -73.758866
-49.8848 -15.6408 24.6252 -73.758598
-51.569 -15.5809 25.1077 -73.758333
-53.1934 -15.8717 25.7123 -73.758072
-54.8397 -16.0518 26.2602 -73.757814
-56.4663 -15.7486 26.8593 -73.757563
-57.6381 -14.8744 27.7621 -73.757316
-58.8394 -13.7889 28.4214 -73.757076
-60.1932 -13.1386 29.3328 -73.75684
-61.8304 -12.6017 29.6751 -73.756612
-63.5039 -12.1508 29.7076 -73.756392
-64.8861 -11.121 29.4315 -73.75618
-65.5954 -10.0293 28.2627 -73.755977
-66.3587 -9.069 29.1123 -73.755783
-67.3994 -7.9254 29.8988 -73.7556
-68.8854 -7.8686 29.963 -73.755428
-70.5505 -7.352 29.9726 -73.755269
-72.0497 -6.4284 30.0037 -73.755123
-73.5599 -5.5098 29.9785 -73.754992
-74.8786 -4.3323 29.9264 -73.754871
-76.2236 -3.1844 29.9023 -73.754771
-77.2186 -1.7362 29.9278 -73.754689
-78.2778 -0.5048 29.7779 -73.754625
-79.9939 -0.3567 29.5292 -73.754582
-81.6519 -0.1123 29.479 -73.754559
-15.2282 -17.1379 4 -73.766077
-15.8134 -17.8487 4 -73.766064
-16.4306 -18.5318 4 -73.766057
-13.8552 -16.3527 0.6773 -73.767095
-6.8126 -12.9962 0.0714 -73.768313
-5.8684 -15.48 0.0572 -73.768022
-5.4058 -18.0693 0.0621 -73.767652
-4.8048 -20.6622 0.1442 -73.767188
-4.2378 -23.1032 0.3354 -73.766614
-4.2185 -23.3173 3.0099 -73.765685
-4.1991 -23.5292 5.6846 -73.764753
-3.9404 -24.0329 8.0609 -73.763837
-2.9465 -26.4423 7.8893 -73.762911
-2.9898 -29.1239 7.9366 -73.761966
-2.8312 -31.7921 8.079 -73.760998
-2.7737 -34.4658 8.0848 -73.760008
-3.1335 -36.1267 6.8772 -73.758977
-2.9668 -36.5649 4.2354 -73.757921
-3.5563 -38.3842 2.8887 -73.756857
-4.3063 -40.3834 1.497 -73.755762
-4.1208 -42.6459 0.2252 -73.754643
-4.2362 -43.7827 0.8959 -73.753755
-3.8312 -43.4159 2.8085 -73.75313
-3.4263 -43.0492 4.7211 -73.752517
-3.0214 -42.6825 6.6338 -73.751918
-2.6164 -42.3158 8.5464 -73.751332
-2.2115 -41.949 10.459 -73.750759
-1.8006 -41.5642 12.3611 -73.750199
-1.0504 -39.8462 12.7392 -73.749629
0.1758 -38.6585 13.5417 -73.749058
1.5902 -38.0395 13.8599 -73.748476
3.2347 -39.0768 14.2093 -73.747891
3.2862 -40.8715 14.6526 -73.7473
3.0921 -42.2179 15.9515 -73.746703
3.289 -43.8273 17.0278 -73.7461
3.7676 -45.0577 18.3989 -73.745487
5.3853 -45.2551 17.5078 -73.744868
6.4565 -45.5185 16.2146 -73.744231
6.4601 -45.5688 14.2263 -73.743585
7.3041 -46.1013 15.3965 -73.742935
7.7212 -46.6728 17.2551 -73.742274
8.2906 -47.8462 18.7417 -73.74161
8.7291 -49.4862 19.2615 -73.741121
9.1255 -50.9461 19.7272 -73.740823
10.0364 -52.2198 19.9693 -73.740527
10.7133 -53.6545 20.0389 -73.740231
11.8089 -54.3454 19.5071 -73.739933
12.1976 -54.6669 17.9921 -73.739637
13.1099 -54.8336 16.8714 -73.739342
13.5838 -54.6626 15.3738 -73.739031
13.6588 -54.6533 13.7788 -73.738679
13.7337 -54.644 12.1838 -73.738339
13.8087 -54.6347 10.5888 -73.73801
13.8837 -54.6254 8.9938 -73.737694
13.9586 -54.6161 7.3988 -73.73739
14.0336 -54.6068 5.8038 -73.737098
14.1085 -54.5975 4.2088 -73.736818
14.1663 -54.5744 2.6132 -73.736508
14.2206 -54.5486 1.0176 -73.736199
14.2749 -54.5228 -0.5781 -73.735903
14.3293 -54.497 -2.1737 -73.735619
14.3836 -54.4712 -3.7694 -73.735349
14.4379 -54.4454 -5.365 -73.735091
13.7113 -55.8095 -5.5929 -73.734841
13.1825 -57.2536 -6.0072 -73.734595
12.9567 -58.7053 -6.561 -73.734355
12.6682 -60.0281 -7.37 -73.73412
12.3514 -61.5353 -7.7387 -73.733891
11.9771 -63.0578 -7.8716 -73.733669
11.7617 -64.6275 -7.7751 -73.733452
11.4655 -65.9109 -8.3481 -73.733243
11.6675 -66.9063 -9.5712 -73.73304
11.728 -68.3207 -9.6289 -73.732844
11.6975 -68.4625 -8.07 -73.732656
11.4235 -69.5735 -7.0162 -73.732478
11.1196 -70.8404 -6.109 -73.732309
11.0275 -71.8722 -4.9846 -73.732148
11.2426 -73.2528 -4.3725 -73.731997
10.7531 -74.6674 -3.9199 -73.731856
10.425 -76.2016 -3.7062 -73.731725
10.77 -77.7411 -3.6532 -73.731605
11.0786 -79.2552 -3.6604 -73.731496
11.425 -80.7723 -3.755 -73.7314
11.2996 -82.2807 -4.0128 -73.731315
11.9706 -83.6675 -4.3963 -73.731244
12.7118 -84.5829 -3.8154 -73.731185
13.1706 -85.4159 -2.5821 -73.73114
13.3664 -86.853 -1.9391 -73.731109
13.3682 -87.667 -0.8755 -73.731094
8.6263 -48.9248 19.7774 -73.741137
8.971 -49.5407 20.9869 -73.740873
9.2099 -51.0475 20.8184 -73.740611
10.0927 -52.2943 20.5532 -73.740352
10.6868 -53.724 20.4404 -73.740096
11.4461 -54.1517 19.6321 -73.739838
11.5442 -54.2966 18.1881 -73.739584
12.9332 -54.8812 18.406 -73.739334
13.2774 -55.294 19.8309 -73.739081
13.7729 -56.2787 20.5319 -73.738837
14.3885 -57.7019 20.5127 -73.738596
15.16 -59.0485 20.6431 -73.738359
15.6443 -60.0525 21.5504 -73.738125
16.2084 -60.988 22.5631 -73.737895
17.2577 -61.2039 23.519 -73.73767
18.4454 -61.8839 23.9975 -73.73745
19.1422 -63.2514 24.2481 -73.737235
19.671 -63.8624 25.3071 -73.737022
20.2623 -64.3588 26.3522 -73.736817
21.638 -65.0559 26.1487 -73.736619
22.7173 -66.1327 25.8633 -73.736416
23.7256 -67.2733 25.5197 -73.736223
24.6112 -68.47 25.1932 -73.736043
24.9681 -69.954 24.971 -73.735871
24.9964 -70.9802 24.2159 -73.735699
24.9684 -71.117 22.6615 -73.735528
24.9404 -71.2538 21.1072 -73.73537
24.9124 -71.3907 19.5528 -73.735226
24.8648 -71.4567 17.9963 -73.735094
24.9221 -71.7069 16.7213 -73.734972
25.4185 -72.6144 17.5247 -73.734858
25.5779 -72.8182 19.0637 -73.734753
25.6724 -73.1458 20.5059 -73.734662
25.5385 -73.7136 21.7923 -73.73458
25.5469 -73.9336 23.3373 -73.734509
25.5553 -74.1535 24.8823 -73.734453
26.4257 -75.2629 24.9859 -73.734411
26.2037 -76.801 24.991 -73.734382
26.3234 -78.3421 25.0702 -73.734367
-4.7208 -44.7161 -0.023 -73.753903
-5.1299 -46.1818 0.6944 -73.753561
-5.3697 -46.9913 2.259 -73.753218
-5.7718 -48.0995 3.5791 -73.752876
-6.3113 -49.4357 4.5711 -73.752532
-6.1052 -51.0319 5.3148 -73.752187
-5.9754 -52.7323 5.8136 -73.751842
-5.3005 -54.3124 6.0843 -73.751496
-5.5666 -55.9139 6.2159 -73.751148
-6.3626 -57.4622 6.4728 -73.7508
-7.4327 -58.7683 6.9386 -73.750451
-8.3123 -60.0607 7.6969 -73.750101
-9.2075 -61.5771 7.5449 -73.749751
-10.0182 -63.1512 7.7642 -73.7494
-10.4982 -64.8336 7.9938 -73.749049
-11.098 -66.494 8.2496 -73.748697
-11.5795 -68.0917 8.8213 -73.748345
-11.4778 -69.48 9.814 -73.747993
-11.3768 -70.9824 10.6772 -73.747639
-11.1615 -72.6665 10.9417 -73.747285
-11.9531 -74.0675 10.3517 -73.746931
-12.2253 -75.2856 9.1163 -73.746578
-12.386 -76.5528 7.8889 -73.746225
-12.4919 -77.8973 6.8778 -73.745872
-12.6418 -79.6702 6.7282 -73.745519
-12.8923 -81.2283 7.3625 -73.745167
-13.0636 -82.0267 8.8276 -73.744812
-12.8375 -83.2389 8.8894 -73.744462
-12.4716 -84.694 8.0205 -73.744112
-12.6797 -85.5671 7.0599 -73.743762
-12.5183 -84.1321 6.1622 -73.743412
-12.5292 -84.0813 7.3739 -73.743062
-11.895 -85.6688 7.8198 -73.742714
-11.5229 -87.2946 8.4116 -73.742369
-10.3324 -88.1124 9.2259 -73.742026
-10.675 -89.8262 9.467 -73.741685
-11.2148 -91.4903 9.7261 -73.741347
-11.4919 -93.2205 9.9224 -73.741014
-11.8689 -94.9605 9.9938 -73.740683
-12.2215 -96.7085 9.9892 -73.740356
-12.5548 -98.4528 9.9031 -73.740034
-13.101 -100.1246 9.6027 -73.739716
-13.6123 -101.6942 9.0552 -73.739402
-14.5178 -102.8115 8.0351 -73.739093
-14.732 -103.8321 6.6289 -73.738789
-14.736 -104.949 5.3416 -73.738489
-14.7897 -105.5564 3.6632 -73.738196
-14.9175 -106.1934 2.0059 -73.737909
-14.8119 -107.3154 0.66 -73.737632
-14.3904 -108.3157 -0.7477 -73.737362
-14.0768 -109.6227 -1.5126 -73.737101
-14.1581 -111.3783 -1.2027 -73.736849
-14.4574 -112.7137 -0.3129 -73.736604
-14.5581 -113.8268 1.0481 -73.73637
-14.5629 -114.7419 2.5821 -73.736145
-14.3372 -115.8187 3.9677 -73.735931
-14.0073 -116.8255 5.38 -73.735728
-13.5104 -118.0936 6.4955 -73.735538
-13.0668 -119.695 6.5246 -73.735359
-12.4966 -121.0534 5.5568 -73.735193
-12.0851 -122.6625 5.1356 -73.735041
-12.5004 -124.2153 4.474 -73.734902
-12.6759 -125.9354 4.076 -73.734779
-13.0189 -127.5669 3.9008 -73.734671
-13.6129 -129.2115 3.7998 -73.734579
-14.5095 -130.7248 3.617 -73.734504
-15.1909 -132.314 3.2206 -73.734446
-16.0458 -133.6469 2.4524 -73.734407
-17.0046 -135.0632 2.0492 -73.734387
-3.6471 -8.0538 -0.0157 -73.768671
-1.3228 -8.9468 -0.0471 -73.768439
0.9314 -9.9936 -0.0832 -73.76819
2.6625 -11.7633 -0.1495 -73.767883
3.884 -13.4015 -0.8686 -73.767396
4.2751 -14.1359 -3.2157 -73.76632
4.6663 -14.8703 -5.5627 -73.76526
5.0575 -15.6047 -7.9097 -73.764217
5.4487 -16.3392 -10.2567 -73.763189
5.5082 -15.6747 -11.481 -73.762418
5.7528 -14.1284 -10.9972 -73.76194
5.1317 -14.013 -9.0503 -73.761449
5.6382 -14.026 -8.2186 -73.760931
7.6439 -14.2766 -7.8039 -73.760406
9.6042 -14.0356 -7.3728 -73.759889
11.4824 -13.5321 -6.7322 -73.759363
12.4397 -13.1153 -5.3274 -73.758824
13.1732 -12.7275 -3.4442 -73.758269
14.0029 -12.5015 -1.5695 -73.757702
14.9232 -12.6143 0.2611 -73.757125
16.0509 -12.8503 1.9217 -73.756537
17.2291 -12.7352 3.6117 -73.75593
18.6969 -13.072 4.9744 -73.755323
20.4387 -12.843 5.9867 -73.754705
22.2399 -12.9948 6.2182 -73.754256
23.7688 -13.3762 5.9788 -73.753989
25.0057 -12.6222 5.3936 -73.753723
26.3571 -12.2571 4.8087 -73.753457
27.8738 -11.9691 4.5669 -73.75319
29.2461 -11.1445 4.4391 -73.752924
30.8012 -10.7714 4.3716 -73.75266
32.3851 -10.5715 4.2891 -73.752396
33.2233 -10.1298 4.9983 -73.752131
34.0663 -9.8024 5.9221 -73.751868
35.5597 -9.845 6.5062 -73.751607
36.9026 -9.7278 7.2501 -73.751346
38.2463 -9.5474 7.9246 -73.751089
39.7277 -9.1425 8.3952 -73.750835
41.1759 -8.7377 8.951 -73.750583
42.5633 -8.3419 9.5488 -73.750332
43.7337 -8.1277 8.583 -73.750085
45.1311 -8.0308 7.9631 -73.749842
46.5242 -8.3092 7.3517 -73.749604
47.4104 -8.3281 6.0274 -73.749368
48.547 -8.1523 4.9694 -73.749139
50.1277 -8.0481 4.8161 -73.748915
51.0302 -8.412 5.9293 -73.748693
52.4231 -8.5023 6.17 -73.74848
53.895 -8.5955 6.6905 -73.748273
54.9911 -8.7652 7.7616 -73.748073
56.4893 -8.9904 7.679 -73.747881
57.587 -10.1308 7.9043 -73.747698
59.0801 -10.6364 8.1455 -73.747523
60.6014 -11.0022 8.4608 -73.747358
61.9959 -11.5958 8.0265 -73.747203
62.9752 -11.9724 7.058 -73.747056
63.4644 -12.0743 5.5381 -73.746921
64.0395 -11.9612 4.047 -73.746796
64.4337 -11.9546 2.4888 -73.746684
64.823 -11.932 0.9297 -73.746585
65.2041 -11.8836 -0.6309 -73.746502
65.5558 -11.8356 -2.1985 -73.746433
65.8976 -11.7879 -3.7682 -73.746381
66.4194 -11.7876 -5.282 -73.746345
66.4944 -12.5596 -6.6605 -73.746327
21.8035 -12.9643 5.5087 -73.754208
22.2928 -12.8975 4.0421 -73.753854
22.782 -12.8307 2.5755 -73.753513
23.2713 -12.7639 1.1089 -73.753183
23.7606 -12.6971 -0.3578 -73.752866
24.2499 -12.6303 -1.8244 -73.75256
24.7391 -12.5635 -3.291 -73.752267
25.2284 -12.4967 -4.7576 -73.751986
25.7177 -12.4299 -6.2242 -73.751716
26.2069 -12.363 -7.6908 -73.751458
26.8935 -12.3131 -8.9994 -73.75121
27.9931 -12.1349 -10.0456 -73.750966
29.4155 -12.0244 -10.5719 -73.750725
30.9321 -12.139 -10.7879 -73.750487
32.4337 -12.4908 -10.7732 -73.750251
33.7283 -13.0404 -10.3346 -73.75002
34.9591 -13.7394 -9.781 -73.749792
36.3049 -14.3754 -9.3611 -73.749567
37.7863 -14.4064 -8.971 -73.749343
38.9765 -14.4204 -8.3072 -73.749125
39.509 -14.5028 -6.8771 -73.748912
40.803 -14.1184 -7.3333 -73.748708
42.1172 -13.7343 -7.9502 -73.74851
43.481 -14.2451 -8.4653 -73.748319
44.8322 -14.6862 -9.0455 -73.748135
46.2199 -15.1571 -9.5418 -73.747959
47.4998 -15.7968 -10.1041 -73.747792
48.4919 -16.341 -10.9949 -73.747633
49.2648 -16.5571 -12.2212 -73.747483
50.6437 -17.0063 -12.5265 -73.747345
52.1626 -17.2199 -12.7123 -73.747216
53.5098 -17.9199 -12.5815 -73.7471
54.8261 -18.5114 -12.0649 -73.746995
56.0144 -19.3898 -11.6485 -73.746904
57.1511 -20.3793 -11.2981 -73.746825
58.5784 -20.83 -11.009 -73.746762
59.5198 -21.3446 -11.6244 -73.746712
59.9152 -21.5013 -13.1121 -73.746678
60.3293 -21.6363 -14.5919 -73.746661
5.542 -17.4481 -11.9734 -73.762493
5.2752 -19.0549 -12.8511 -73.762175
4.5319 -20.5356 -13.6308 -73.761854
4.2842 -21.2679 -12.1504 -73.761527
4.5234 -21.5541 -11.2061 -73.761203
5.0916 -22.5097 -9.9139 -73.760876
5.6355 -23.6108 -8.5295 -73.760547
6.4022 -24.9693 -7.5369 -73.760216
6.6335 -26.3097 -6.3211 -73.759885
7.1852 -27.3717 -7.4784 -73.759549
7.7638 -28.2275 -9.037 -73.759213
9.1599 -28.8455 -10.0123 -73.758878
10.2945 -29.4271 -11.2255 -73.758541
12.0307 -29.9265 -10.7637 -73.758202
13.7255 -30.5864 -10.4924 -73.757862
15.1918 -31.515 -11.0288 -73.757521
16.7178 -31.6949 -12.0524 -73.757179
18.2188 -31.9125 -13.1144 -73.756836
19.9511 -32.1969 -13.7295 -73.756491
21.5074 -33.0418 -14.1745 -73.756134
22.8543 -34.2615 -14.6414 -73.755774
24.0059 -35.5947 -15.1729 -73.755427
24.5296 -37.1036 -15.7174 -73.755078
24.7232 -37.5624 -17.5262 -73.754724
25.1008 -38.2263 -19.2142 -73.754372
26.3789 -39.4506 -19.5884 -73.754023
28.1291 -39.8596 -20.0602 -73.753675
29.3513 -39.6098 -21.3429 -73.753325
30.6809 -38.9744 -22.3478 -73.752976
31.8544 -39.4408 -23.699 -73.752627
32.7072 -40.1312 -24.5207 -73.752279
34.1875 -40.0661 -24.2388 -73.75193
35.3747 -39.954 -25.6606 -73.751583
36.0556 -40.1808 -27.3735 -73.751233
37.1117 -40.5409 -28.8636 -73.750888
37.9499 -40.8975 -30.5002 -73.750545
38.8019 -40.6861 -32.1277 -73.750203
39.8174 -40.5169 -33.6425 -73.749865
40.8901 -40.7217 -35.068 -73.749531
42.5305 -41.61 -35.2384 -73.749201
44.3755 -41.8861 -35.4176 -73.748875
45.9871 -42.2694 -36.0731 -73.748552
47.4878 -43.2765 -36.1873 -73.748229
49.3319 -43.6209 -36.2065 -73.747904
51.1887 -43.712 -36.2324 -73.747595
53.0372 -43.4731 -36.3042 -73.747292
54.8899 -43.6769 -36.497 -73.746997
56.6959 -43.5991 -36.9065 -73.746708
58.2639 -44.1277 -37.6876 -73.746427
59.5341 -44.5902 -38.7803 -73.746152
60.5988 -45.0677 -39.8571 -73.745887
61.8729 -46.2433 -40.1922 -73.745633
63.3313 -46.5896 -41.0735 -73.745387
64.0217 -46.6763 -42.7931 -73.74515
64.5704 -46.7494 -44.583 -73.744925
64.8703 -46.6711 -46.4334 -73.744704
65.1687 -46.5915 -48.2839 -73.744502
65.5964 -46.5388 -50.1097 -73.744314
65.7108 -46.4215 -51.9702 -73.744126
65.6981 -46.2783 -53.8407 -73.743955
65.6854 -46.1351 -55.7113 -73.743807
65.6727 -45.9919 -57.5819 -73.743681
65.7296 -45.7497 -59.4403 -73.743571
65.8135 -45.4694 -61.2934 -73.743483
66.0243 -45.0935 -63.1166 -73.743415
66.1717 -44.6856 -64.9394 -73.743369
66.3305 -44.1781 -66.4646 -73.743345
5.6517 -16.7814 -12.2027 -73.762311
5.689 -16.9607 -13.7308 -73.761643
5.7263 -17.14 -15.259 -73.760989
5.7636 -17.3194 -16.7872 -73.760351
5.8009 -17.4987 -18.3154 -73.759728
5.8383 -17.678 -19.8436 -73.75912
5.8756 -17.8574 -21.3717 -73.758527
5.9129 -18.0367 -22.8999 -73.757949
5.9502 -18.216 -24.4281 -73.757386
5.9875 -18.3954 -25.9563 -73.756838
6.0248 -18.5747 -27.4845 -73.756305
6.0621 -18.754 -29.0126 -73.755786
6.0994 -18.9334 -30.5408 -73.755283
6.1367 -19.1127 -32.069 -73.754794
6.1741 -19.292 -33.5972 -73.75432
6.2114 -19.4714 -35.1254 -73.75386
6.2487 -19.6507 -36.6536 -73.753415
6.286 -19.83 -38.1817 -73.752984
6.3233 -20.0094 -39.7099 -73.752567
6.3606 -20.1887 -41.2381 -73.752165
6.3979 -20.368 -42.7663 -73.751777
6.4352 -20.5474 -44.2945 -73.751403
6.4725 -20.7267 -45.8226 -73.751043
6.5099 -20.906 -47.3508 -73.750697
6.5472 -21.0854 -48.879 -73.750365
6.5845 -21.2647 -50.4072 -73.750047
6.6218 -21.444 -51.9354 -73.749742
6.6591 -21.6234 -53.4635 -73.749451
6.6964 -21.8027 -54.9917 -73.749174
6.7337 -21.982 -56.5199 -73.748909
6.771 -22.1614 -58.0481 -73.748659
6.8083 -22.3407 -59.5763 -73.748421
6.8457 -22.52 -61.1045 -73.748197
6.883 -22.6994 -62.6326 -73.747985
6.9394 -22.8766 -64.1572 -73.747787
8.1498 -22.8799 -64.1006 -73.747597
8.9886 -23.516 -62.989 -73.747411
9.9314 -24.3205 -62.1091 -73.747233
10.5435 -25.411 -61.3105 -73.74706
11.1641 -26.7642 -60.9602 -73.746895
11.7371 -28.177 -61.0516 -73.746738
12.2468 -29.4991 -61.4619 -73.746589
12.6299 -30.7915 -61.1111 -73.746448
13.0367 -32.212 -60.6823 -73.746317
13.4206 -33.6473 -60.2909 -73.746195
13.672 -35.0666 -59.8345 -73.746084
13.7802 -36.5811 -60.0484 -73.745985
13.7177 -38.0731 -60.4184 -73.745898
13.5658 -39.5761 -60.7091 -73.745823
13.3014 -41.0704 -60.6511 -73.745762
13.3571 -42.0105 -59.4467 -73.745715
13.5377 -43.0476 -58.3404 -73.745682
13.6333 -44.0606 -57.3331 -73.745666
-2.4565 -0.91 0.0523 -73.772018
-2.8293 2.667 0.2464 -73.775231
-3.0866 6.216 0.7208 -73.77852
-2.2413 9.6979 1.5153 -73.781898
-0.7404 12.7593 0.9662 -73.78534
0.227 15.8879 -1.0884 -73.788986
0.5524 20.1154 -1.9386 -73.79285
0.4575 24.418 -2.5408 -73.796829
0.4389 27.3767 -5.5178 -73.800934
-0.013 29.9656 -8.7108 -73.805165
-0.1419 14.3216 0.264 -73.787185
0.8616 14.8245 1.2959 -73.788272
2.5303 15.409 3.4469 -73.790315
5.0961 15.9466 3.8822 -73.792452
7.8356 16.5695 3.9069 -73.794705
10.5566 17.2922 4.0994 -73.797047
13.2701 17.9524 4.5537 -73.799504
15.8121 18.8134 4.7988 -73.802078
17.2134 19.7132 4.344 -73.80391
17.5574 19.3689 4.0634 -73.803777
-0.9274 14.3109 0.2417 -73.787187
-2.5488 14.1754 0.0246 -73.787029
-4.1702 14.04 -0.1925 -73.786892
-5.6969 13.9854 -0.1496 -73.786773
-6.0083 14.0245 0.9686 -73.78667
-4.7591 13.8534 0.1003 -73.786583
-4.5248 13.8442 -1.5168 -73.786495
-4.3735 13.8457 -3.1513 -73.78643
-4.2222 13.8471 -4.7858 -73.78639
-4.0708 13.8486 -6.4202 -73.786376
-3.7648 13.9278 -8.018 -73.786387
-3.1571 14.1597 -9.5252 -73.786428
-2.5409 14.9686 -10.6984 -73.786498
-0.6612 32.5013 -8.9792 -73.807831
-1.3441 34.6869 -8.6538 -73.80982
-2.5162 37.7967 -7.959 -73.812823
-4.0883 40.798 -9.2426 -73.815871
-6.1771 43.4321 -10.5669 -73.818964
-7.4526 45.9637 -12.4793 -73.822107
-8.199 48.9959 -14.3148 -73.825332
-8.488 52.2581 -16.0262 -73.828641
-8.9751 55.6713 -17.3793 -73.831997
-8.9724 59.3456 -17.9864 -73.8354
-8.8355 62.9598 -18.9326 -73.838852
-8.1651 65.7964 -21.101 -73.842354
-8.071 69.4931 -21.2598 -73.845903
-8.0725 72.7987 -19.5494 -73.849202
-8.8931 75.9303 -20.6534 -73.851856
-9.8467 77.8663 -22.8286 -73.854158
-10.916 79.9845 -24.8489 -73.856479
-11.8107 82.572 -26.461 -73.858953
-13.9622 85.1541 -28.0376 -73.861575
-15.428 87.4195 -30.0798 -73.864224
-16.2874 89.1284 -32.8169 -73.866469
-17.1302 91.8068 -33.4334 -73.8683
-16.6579 94.7355 -33.3269 -73.870137
-16.2793 97.4317 -32.2507 -73.871979
-16.0966 100.3779 -31.8618 -73.873825
-15.6048 103.2146 -31.8672 -73.876104
-15.0646 104.6984 -30.0846 -73.878817
-14.4099 106.6313 -31.3901 -73.881521
-13.9013 109.3975 -31.7321 -73.884219
-13.1382 112.1018 -31.8855 -73.88691
-12.0288 114.6912 -32.2205 -73.889595
-9.9615 116.491 -32.7147 -73.892272
-8.3964 118.5551 -33.6954 -73.894939
-7.0441 120.3709 -35.2413 -73.897598
-16.3107 103.1222 -31.2609 -73.876435
-17.0106 105.6108 -30.0258 -73.879756
-17.7104 108.0993 -28.7907 -73.883017
-18.4103 110.5878 -27.5556 -73.886219
-19.1321 113.0846 -26.3544 -73.889362
-20.0839 115.6275 -25.7828 -73.892483
-21.6544 117.8269 -26.4818 -73.895606
-22.4041 120.0541 -28.0006 -73.898736
-23.8204 121.9956 -29.2918 -73.901863
-16.2837 88.4956 -30.6847 -73.867425
-16.9057 88.45 -28.8674 -73.871125
-17.5277 88.4044 -27.0501 -73.874777
-18.1496 88.3588 -25.2328 -73.878379
-18.7716 88.3131 -23.4155 -73.881932
-19.3936 88.2675 -21.5982 -73.885435
-20.0155 88.2219 -19.7808 -73.888886
-20.6375 88.1763 -17.9635 -73.892285
-21.2595 88.1307 -16.1462 -73.895633
-21.8814 88.0851 -14.3289 -73.898927
-22.5034 88.0394 -12.5116 -73.902168
-23.1253 87.9938 -10.6943 -73.905355
-23.7473 87.9482 -8.8769 -73.908487
-24.3693 87.9026 -7.0596 -73.911564
-24.9912 87.857 -5.2423 -73.914585
-25.6132 87.8114 -3.425 -73.917548
-26.2352 87.7657 -1.6077 -73.920455
-26.8571 87.7201 0.2096 -73.923304
-27.4791 87.6745 2.0269 -73.926094
-28.1011 87.6289 3.8443 -73.928825
-28.723 87.5833 5.6616 -73.931496
-10.6474 82.0467 -25.97 -73.858517
-9.8973 83.5702 -26.7997 -73.860237
-8.9166 84.4636 -28.1497 -73.861972
-7.9416 85.635 -29.2349 -73.86372
-6.7633 86.7616 -30.2244 -73.865476
-5.9934 87.8877 -31.5 -73.867245
-4.805 89.0805 -31.9871 -73.869023
-4.0074 90.0975 -33.2964 -73.870824
-3.642 91.5318 -34.1524 -73.872624
-3.5504 92.2381 -35.0395 -73.874435
-2.6112 93.3175 -34.37 -73.876259
-1.4138 94.7914 -34.5426 -73.878082
-0.1697 96.0984 -35.117 -73.879911
0.8889 97.112 -35.3375 -73.881746
1.8787 97.6218 -33.8386 -73.883587
3.297 98.6527 -34.2066 -73.885419
4.478 100.1526 -34.2331 -73.887245
5.7259 101.6013 -34.2783 -73.88907
6.9236 103.076 -34.3329 -73.890885
8.2378 104.4594 -34.2789 -73.892692
9.708 105.6324 -34.1824 -73.894484
11.0242 106.9149 -34.1788 -73.896266
12.03 108.5293 -34.2938 -73.898031
12.8387 110.237 -34.4028 -73.899776
13.6986 111.9172 -34.2947 -73.9015
14.9808 113.3035 -34.0183 -73.903197
16.3534 114.5382 -33.5266 -73.904866
-8.0122 74.6652 -19.0128 -73.851543
-7.3733 74.7434 -17.1393 -73.853173
-6.2129 74.8717 -15.5661 -73.854799
-4.6588 75.1485 -14.4836 -73.856433
-2.9313 75.2005 -13.5318 -73.858079
-1.1908 75.5548 -14.025 -73.859738
0.2492 75.4182 -15.2751 -73.861412
1.6994 75.2949 -16.4498 -73.863092
3.456 75.8724 -16.5978 -73.864784
4.909 77.061 -16.0201 -73.866486
6.3489 78.0205 -15.2054 -73.868193
7.6777 78.1558 -16.557 -73.869919
9.1932 78.8939 -17.1669 -73.871645
10.3243 80.3116 -17.9293 -73.873375
11.8031 81.2429 -18.8099 -73.875106
13.3202 82.0201 -19.7154 -73.876839
14.672 82.8734 -20.8357 -73.87857
15.8195 84.0369 -21.4716 -73.880296
17.3968 85.0052 -21.5241 -73.882019
19.1523 85.9091 -21.6233 -73.883735
20.835 86.8367 -21.5731 -73.885442
22.3782 87.6805 -22.4819 -73.887143
23.6336 88.6822 -23.6145 -73.888827
25.3121 89.236 -24.4178 -73.890495
26.9271 90.1776 -25.069 -73.892179
28.5711 91.1435 -25.6063 -73.893861
30.1849 92.1759 -26.0934 -73.895473
31.906 93.0582 -26.3886 -73.897048
33.349 94.3802 -26.2354 -73.898592
34.682 95.7638 -25.7885 -73.9001
36.0698 96.9946 -25.1164 -73.901571
-9.1332 71.1226 -19.9391 -73.849706
-11.2049 71.3971 -19.3463 -73.853703
-12.2503 72.1505 -17.4371 -73.857782
-13.2771 72.9723 -16.3017 -73.861936
-15.0629 74.4381 -16.0237 -73.866158
-17.1889 75.3374 -15.9102 -73.870468
-18.7708 76.7954 -16.5998 -73.874861
-20.2396 77.7578 -18.0502 -73.87935
-21.4318 79.2493 -19.3169 -73.883916
-22.4493 80.8848 -20.0685 -73.887371
-23.644 82.5321 -19.9209 -73.889651
-25.2693 83.8199 -19.7197 -73.891949
-26.4282 85.5474 -19.5741 -73.894271
-27.4271 87.2915 -19.7394 -73.896618
-28.2555 88.0894 -18.5764 -73.899009
-28.4362 88.7812 -16.6121 -73.901432
-28.7184 89.4709 -14.6555 -73.903852
-28.5952 90.5234 -12.9306 -73.906283
-28.0087 92.2281 -11.8717 -73.90873
-28.1824 93.3344 -10.523 -73.911201
-28.881 94.9101 -9.3484 -73.913689
-29.1637 96.6406 -8.2343 -73.91619
-29.7507 98.589 -7.8416 -73.918706
-31.2546 100.014 -7.7767 -73.921237
-32.9856 101.1833 -7.8435 -73.923774
-34.438 102.6859 -7.93 -73.926328
-35.8645 104.1959 -8.077 -73.92889
-37.7492 105.0636 -8.2888 -73.931457
-39.7252 105.5106 -8.4883 -73.934037
-41.4274 106.5542 -8.4275 -73.93663
-22.5697 79.9845 -21.0657 -73.887547
-23.5049 79.5868 -23.0086 -73.889915
-24.7357 79.2357 -23.1851 -73.892059
-26.0186 79.7983 -22.2548 -73.894215
-27.6912 80.6895 -21.9109 -73.896388
-29.3246 81.7314 -21.4655 -73.898575
-31.1306 82.4861 -21.4143 -73.900777
-32.9071 83.2024 -21.5235 -73.903
-34.8537 83.2248 -21.3716 -73.905238
-36.6622 83.819 -20.8419 -73.907493
-38.0322 83.5029 -19.5874 -73.909767
-39.4902 83.5562 -18.2934 -73.912053
-40.9141 84.0358 -17.0459 -73.914351
-42.4783 85.0996 -16.5078 -73.916655
-44.0118 86.2891 -16.2793 -73.91897
-45.0805 86.8165 -17.3328 -73.921341
-45.3985 87.0849 -19.2874 -73.923704
-46.0085 87.5938 -21.1008 -73.92608
-46.5256 87.8633 -23.0125 -73.928462
-47.0124 88.1443 -24.9307 -73.93085
-48.0466 88.8001 -25.8124 -73.93321
-49.3531 89.8139 -24.8517 -73.935573
-23.4169 79.5945 -22.041 -73.888843
-7.4755 47.1812 -14.128 -73.823917
-6.6397 46.9581 -15.442 -73.82434
-6.0885 47.0624 -16.854 -73.824748
-5.6785 47.4504 -18.3124 -73.82515
-5.0375 48.1975 -19.4234 -73.82554
-4.9376 48.8586 -20.8471 -73.825922
-4.8994 49.5688 -22.2208 -73.826292
-4.8067 50.8524 -23.1201 -73.826646
-4.348 52.1399 -23.896 -73.827002
-3.8636 53.4258 -24.6617 -73.827327
-3.2759 54.7308 -25.2965 -73.827623
-2.6137 56.0992 -25.6637 -73.827894
-1.9972 57.5231 -25.7699 -73.828141
-0.7472 58.4335 -25.8246 -73.828361
0.1834 59.5702 -25.9895 -73.828552
1.0556 60.8294 -26.3063 -73.828709
1.4265 62.1744 -26.9168 -73.828831
1.2466 63.3678 -27.9187 -73.828915
0.8615 64.5278 -28.8693 -73.828959
-1.2039 34.2315 -8.7378 -73.809961
-2.1645 36.692 -8.3921 -73.813232
-3.11 39.1845 -8.3928 -73.816577
-3.9026 40.3411 -6.7187 -73.820002
-4.4638 40.8393 -4.1593 -73.823518
-5.2514 41.2336 -1.6507 -73.827109
-6.4986 41.3875 0.6577 -73.830771
-6.9016 41.3668 3.1344 -73.834539
-8.3244 41.1475 5.0228 -73.838354
-9.0777 42.2825 6.6587 -73.841818
-10.4818 44.1286 6.7312 -73.844904
-12.0542 45.877 6.472 -73.848044
-13.7926 47.4551 6.7415 -73.851244
-14.3287 48.7274 8.6097 -73.854515
-14.2892 50.0448 10.5825 -73.857837
-14.3831 52.2013 11.5125 -73.861213
-15.4653 54.1641 11.5993 -73.864647
-15.9872 56.1264 10.7348 -73.868146
-15.9935 58.493 10.4465 -73.871702
-16.6674 59.2873 8.5547 -73.875343
-17.4698 59.7595 6.3608 -73.879042
-17.8092 61.9411 6.2291 -73.882789
-19.8136 62.8997 6.5069 -73.886612
-21.3274 63.1601 7.9551 -73.890519
-22.8218 64.0013 9.1439 -73.89383
-24.7396 64.6596 9.7419 -73.896513
-25.9313 65.6939 8.2209 -73.89923
-27.3521 67.091 7.1443 -73.901984
-27.8515 68.7801 5.7356 -73.904774
-28.9706 70.1238 4.2552 -73.907591
-29.8302 71.1977 2.3661 -73.910448
-30.5772 72.9481 2.3143 -73.91334
-31.2511 73.9836 4.3225 -73.916263
-31.8836 74.7971 6.3519 -73.919223
-33.4979 76.3178 6.0157 -73.9222
-35.3494 77.7054 5.6794 -73.925205
-36.2359 77.7987 3.4859 -73.92826
-36.823 78.2142 1.2302 -73.931346
-37.2962 78.8752 -1.0041 -73.934458
-38.0777 79.5243 -3.1351 -73.937581
-38.5828 79.8578 -5.4262 -73.940751
-40.1286 80.7679 -6.86 -73.943922
-41.8887 81.3717 -5.9333 -73.947124
-43.201 81.2826 -4.0378 -73.950362
-44.3102 81.7185 -2.0187 -73.953612
-23.2557 64.0561 8.131 -73.893401
-24.9649 64.9635 8.1844 -73.895225
-26.0616 65.9005 8.9001 -73.897101
-26.305 66.1448 10.8713 -73.899007
-26.4364 66.2766 12.8582 -73.900894
-26.7662 66.3845 14.8041 -73.902791
-28.2543 66.3369 15.7942 -73.904693
-29.7596 66.2207 16.7645 -73.906618
-29.8152 66.2528 18.7633 -73.908555
-30.2709 66.9957 19.6957 -73.910501
-31.7156 67.9135 20.4594 -73.91247
-32.1409 69.5247 21.5115 -73.914447
-33.0427 71.1208 22.2483 -73.916428
-33.7682 72.7602 23.0868 -73.918414
-34.714 74.4169 23.6586 -73.920402
-35.5114 76.0162 24.4887 -73.922393
-35.8784 77.7991 25.2812 -73.92439
-36.6919 79.4931 25.9091 -73.926385
-37.5921 81.2366 26.1638 -73.928374
-37.9648 82.9348 26.6532 -73.930371
-38.1232 84.1537 28.0096 -73.932352
-37.4894 85.6297 29.04 -73.934325
-37.0034 87.4849 29.1485 -73.936286
-36.7841 89.4485 29.2879 -73.938297
-36.3959 91.4052 29.448 -73.940286
-9.6387 41.5186 6.3846 -73.840788
-11.2133 41.8239 6.3128 -73.841773
-12.0979 42.4791 4.8865 -73.842778
-13.2557 43.35 3.9751 -73.843788
-14.2423 43.577 2.4577 -73.844811
-15.3556 43.71 1.0276 -73.845841
-15.9894 44.5732 -0.4476 -73.846881
-16.6871 45.12 -2.0478 -73.847928
-17.7188 45.8368 -3.2857 -73.848985
-18.5783 46.8498 -4.5254 -73.850048
-19.9074 47.2662 -5.6939 -73.851115
-21.5852 47.5437 -6.3542 -73.852184
-22.9761 48.6597 -6.3259 -73.853253
-24.3563 49.8697 -6.2079 -73.854324
-25.8552 50.8966 -6.0169 -73.855392
-27.0962 51.9486 -5.4199 -73.856462
-27.9482 52.3876 -3.9646 -73.857533
-29.654 52.5789 -3.9322 -73.858593
-30.6445 52.9077 -5.3714 -73.85965
-32.0441 53.5066 -6.2656 -73.860696
-33.4656 54.634 -6.5349 -73.86173
-34.9544 55.5474 -7.0531 -73.862749
-36.2819 56.6634 -7.6004 -73.863751
-37.6486 57.8611 -7.7756 -73.864737
-38.5034 59.4777 -7.6459 -73.865701
-39.3718 61.0534 -7.2838 -73.866636
-40.2991 62.551 -6.7638 -73.867544
-41.2384 64.045 -6.261 -73.868421
-41.8614 65.6914 -5.7694 -73.869262
-42.4591 67.2851 -5.1652 -73.870065
-43.3383 68.5969 -4.4191 -73.870825
-44.4522 70.0317 -4.1392 -73.871536
-45.5063 71.5345 -4.0501 -73.872199
-46.5569 73.035 -4.1531 -73.872805
-47.8716 74.2263 -4.5515 -73.873352
-48.8625 75.1738 -5.5759 -73.873834
-49.2408 75.7623 -7.2733 -73.874251
-49.4584 77.0985 -8.4631 -73.874592
-49.9501 78.752 -8.946 -73.874856
-51.026 79.8745 -9.2484 -73.875036
-51.28 79.9424 -10.8927 -73.875131
17.7044 20.951 4.9703 -73.804914
18.2015 22.2043 5.6044 -73.805923
18.6985 23.4577 6.2386 -73.806926
19.0912 25.152 6.8819 -73.808188
19.429 27.2733 6.757 -73.809735
20.0937 28.9393 5.4586 -73.811308
20.5192 30.5261 4.0181 -73.81291
21.7848 31.8769 2.8501 -73.814544
22.0977 33.1829 1.0434 -73.816208
23.2662 34.71 0.0406 -73.817895
23.7528 35.2305 -1.9989 -73.819618
24.4415 36.3316 -0.4475 -73.821373
25.2156 37.3871 1.3732 -73.823155
25.5431 38.1412 3.4507 -73.82497
26.3109 39.4951 5.0553 -73.826805
27.3125 40.7429 3.9319 -73.82867
27.6125 41.5008 5.9749 -73.830576
27.8649 42.4672 7.8245 -73.832505
28.5761 44.0126 9.106 -73.834457
29.3017 45.8785 9.8466 -73.836432
29.8444 47.4239 10.9837 -73.838447
29.8427 48.4745 12.9418 -73.840483
30.4043 50.5089 13.6559 -73.842542
32.2661 51.6774 14.0416 -73.844628
33.7432 53.3643 13.9508 -73.846739
35.3704 54.8773 13.6311 -73.848877
36.404 56.7929 13.1328 -73.851041
37.9566 57.9008 12.228 -73.853224
39.1636 59.6692 11.6914 -73.855433
40.7811 61.2139 11.412 -73.857668
42.5407 62.5144 11.7504 -73.859919
43.9242 63.8221 12.81 -73.862198
45.3908 65.165 13.6376 -73.864494
45.9271 67.2097 14.1714 -73.866803
46.6355 69.1359 14.3788 -73.869129
48.3635 70.1089 14.8857 -73.871474
49.6569 71.9103 15.1633 -73.873878
50.9513 73.7475 15.4455 -73.876297
52.8054 74.9337 15.6383 -73.878681
54.7263 75.5702 15.6827 -73.881073
56.0864 76.9982 15.657 -73.883475
57.1449 78.0802 14.4904 -73.885893
58.894 79.349 14.0314 -73.88831
60.9129 80.2627 14.3307 -73.890728
62.6887 81.5896 14.007 -73.89315
64.1912 82.1373 14.8133 -73.895585
65.3934 82.3955 16.5144 -73.898013
66.9021 83.2776 17.6975 -73.900426
67.4164 84.9808 18.6495 -73.902829
68.0681 86.9646 19.2519 -73.905209
18.9087 24.0362 7.1126 -73.80743
19.1476 18.9083 3.9431 -73.804624
20.9905 18.3979 3.8423 -73.8056
22.9152 18.2333 3.6481 -73.806594
24.7758 17.8958 3.3306 -73.807604
26.5871 18.0132 3.1308 -73.808632
28.3023 18.6484 3.6845 -73.809679
29.9424 18.8206 4.6508 -73.810743
31.2866 18.6601 5.9911 -73.811827
32.7096 18.1098 7.1234 -73.812928
34.1103 16.8391 7.543 -73.814046
35.4164 15.4177 7.7072 -73.815181
36.5618 14.0174 7.4707 -73.816333
38.0589 13.6462 6.35 -73.817502
39.8047 13.3092 5.8907 -73.818685
41.5119 12.7068 5.2455 -73.819885
42.8693 12.0614 4.0202 -73.821104
44.4573 11.3345 3.2295 -73.822337
45.9294 10.8303 2.4767 -73.823587
47.1014 10.1377 3.6205 -73.824848
48.3849 9.3089 4.6779 -73.826121
49.394 9.6773 6.2389 -73.827414
50.6478 10.0528 7.6185 -73.828717
51.9327 9.8336 9.0023 -73.830028
53.4883 10.1208 10.104 -73.831347
55.2334 9.8227 9.9071 -73.832674
57.0597 9.924 9.3135 -73.834087
58.8743 9.6526 8.6558 -73.83554
60.689 9.3812 7.9981 -73.836949
62.4959 9.1815 7.3186 -73.838318
64.0964 9.6659 6.3822 -73.839674
65.6128 10.0298 5.5676 -73.841032
66.3879 8.7348 6.61 -73.842393
67.0408 7.9267 8.2378 -73.843748
67.6184 7.3624 10.0083 -73.845106
68.2214 6.7991 11.7671 -73.846459
68.8557 6.3245 13.5452 -73.847797
69.5936 6.0215 15.3177 -73.849131
70.6128 5.6939 16.9232 -73.850445
71.846 5.1297 18.3139 -73.851732
73.446 5.6128 19.1551 -73.853006
75.1394 5.1362 19.9892 -73.854275
76.7792 5.1163 20.887 -73.855498
78.3203 5.541 21.9782 -73.856692
79.5543 6.0354 23.1887 -73.857854
80.477 6.477 24.7608 -73.858972
82.1371 6.4027 25.3832 -73.860051
83.992 6.8997 25.7174 -73.861085
85.8702 6.8251 26.0726 -73.862069
87.7509 6.7088 26.4848 -73.862998
89.6348 6.7028 26.6547 -73.863867
91.0074 6.4378 25.4152 -73.86467
92.1971 6.0461 24.0228 -73.865406
93.1627 5.5053 22.7795 -73.866084
93.4181 5.3578 20.8527 -73.866679
93.6827 5.205 18.9277 -73.867184
93.9559 5.0473 17.0042 -73.867595
94.7999 4.5071 17.8661 -73.867903
-1.9865 16.2264 -10.9822 -73.786587
-1.6114 17.3396 -11.0385 -73.786648
-1.1973 18.2526 -10.4886 -73.786695
-0.4899 18.8695 -10.968 -73.786728
0.4947 18.656 -11.4238 -73.786745
-5.9486 122.6202 -36.4545 -73.900248
-4.8563 124.4889 -38.1946 -73.902888
-3.4433 126.1431 -39.8024 -73.90551
-2.2407 128.597 -40.3971 -73.908114
-1.5188 131.295 -40.1613 -73.910701
-1.6696 134.0734 -40.2753 -73.913269
-2.517 136.7345 -40.7076 -73.915817
-3.2762 139.4376 -41.1589 -73.918342
-4.1563 142.1305 -41.3938 -73.920842
-4.9956 144.8475 -41.5126 -73.923317
-4.2109 147.46 -41.641 -73.92576
-3.9407 150.1251 -41.6099 -73.928176
-3.8535 152.9656 -41.6389 -73.930557
-3.8797 155.8081 -41.7765 -73.932907
-3.362 158.4701 -41.8809 -73.935221
-3.9026 161.1882 -41.8597 -73.937496
-4.6546 163.8938 -41.7416 -73.939731
-4.458 166.7321 -41.7051 -73.941922
-4.7248 169.4267 -41.9823 -73.944069
-5.9516 171.9513 -42.4086 -73.946169
-6.8697 174.6164 -42.5236 -73.948218
-7.1469 177.3942 -42.5991 -73.950214
-8.5483 179.5426 -43.6297 -73.952156
-9.0965 181.9163 -44.9846 -73.954045
-9.3572 184.5276 -45.8738 -73.955869
-10.3037 185.8819 -45.5629 -73.957101
-12.6165 185.7411 -44.527 -73.957732
-14.6492 185.7303 -43.1953 -73.958285
-16.2496 187.2653 -42.1906 -73.958765
-17.9145 189.1431 -41.8854 -73.959169
-19.4479 191.0685 -41.5909 -73.959496
-21.0169 192.9475 -41.0017 -73.959743
-22.4125 194.4386 -40.3024 -73.959907
-23.7068 195.9472 -39.0039 -73.959985
-25.0392 197.7028 -39.8911 -73.959974
-25.8175 200.0563 -40.2799 -73.959869
-26.6369 201.4551 -41.5533 -73.959668
-27.5289 202.2594 -40.2727 -73.959367
-29.472 203.3638 -40.3713 -73.958964
-31.4096 204.4733 -39.3932 -73.958453
-31.9894 205.4816 -37.1556 -73.957829
-32.896 206.6385 -35.2063 -73.957093
-33.7738 206.9925 -32.8727 -73.956236
-35.326 208.2821 -31.3862 -73.955259
-36.5537 210.18 -30.3332 -73.954155
-37.6503 212.1937 -29.5135 -73.952921
-38.7499 214.0475 -28.2022 -73.951549
-38.8366 216.2339 -27.1303 -73.950036
-39.8429 217.9451 -25.6872 -73.948377
-40.3547 220.3663 -25.6679 -73.946569
-9.0607 186.6005 -47.0068 -73.957317
-8.6412 188.5188 -48.1723 -73.958393
-7.9227 189.8909 -49.7878 -73.959411
-7.3389 191.2666 -51.5099 -73.960367
-6.8689 192.8579 -53.067 -73.961258
-6.5717 194.5306 -54.6272 -73.962082
-6.699 195.7688 -56.5782 -73.962837
-6.6007 197.3796 -57.9455 -73.963518
-5.361 198.4457 -59.4593 -73.964124
-4.0706 199.0919 -61.2062 -73.964652
-2.56 200.3359 -61.9713 -73.965097
-1.1767 202.1203 -62.473 -73.965457
0.1257 203.765 -63.1817 -73.965729
0.5779 205.9809 -62.9411 -73.96591
1.7705 207.8999 -62.7909 -73.965996
1.7806 210.0234 -63.3852 -73.965984
1.251 212.0868 -62.5412 -73.965869
0.3882 214.2228 -62.3899 -73.965648
-0.4598 216.2968 -62.9067 -73.965318
-1.2479 218.4121 -63.4146 -73.964873
-2.0973 220.5416 -63.7457 -73.96431
-3.4118 222.4275 -63.923 -73.963625
-5.2388 223.8332 -64.0726 -73.962813
-7.0057 225.2983 -64.337 -73.96187
-8.1122 227.0393 -64.9339 -73.960788
-8.3675 229.0243 -65.402 -73.9598
-8.7031 230.7886 -65.6689 -73.958957
-9.2813 232.5101 -65.8231 -73.958024
-9.2237 228.2929 -64.8468 -73.959994
-10.9382 228.5001 -64.259 -73.959522
-12.6565 228.7042 -63.682 -73.958947
-25.5183 124.0162 -29.3962 -73.90476
-26.4756 125.8583 -28.1987 -73.907429
-27.6755 127.8327 -27.6028 -73.910094
-27.9279 128.8492 -29.077 -73.912759
-28.5728 129.8586 -27.39 -73.915431
-29.4951 131.5172 -26.0388 -73.918079
-30.3172 133.5583 -25.0126 -73.92072
-30.9903 134.755 -23.0132 -73.923351
-31.8576 136.0757 -21.167 -73.92597
-32.9249 137.8539 -19.8699 -73.928573
-34.7749 138.8966 -19.3111 -73.931164
-36.3176 139.9122 -18.0849 -73.933735
-37.4604 141.3871 -16.8864 -73.936288
-38.6623 143.1941 -16.0632 -73.938823
-40.1691 144.5551 -14.9429 -73.941341
-41.2877 146.3296 -14.9203 -73.943837
-42.5778 148.1549 -14.027 -73.946307
-43.9866 149.9737 -13.1872 -73.948746
-45.0144 151.7833 -12.0503 -73.951157
-45.5532 153.8159 -10.8393 -73.953539
-46.3861 156.0367 -10.2537 -73.955888
-46.9837 158.3901 -9.9517 -73.958198
-47.8117 160.6751 -9.7756 -73.960473
-49.0447 162.6915 -9.706 -73.962706
-50.015 164.9082 -9.8518 -73.964897
-51.5234 166.8379 -9.9384 -73.967043
-52.9161 168.8061 -9.9279 -73.969141
-54.0733 170.9215 -9.7859 -73.971189
-55.7453 172.652 -9.5467 -73.973185
-57.6094 174.1497 -9.6472 -73.975125
-59.246 175.273 -8.9172 -73.977008
-60.6519 176.3429 -7.7572 -73.978829
-61.8971 178.3631 -7.4187 -73.980585
-62.7492 180.6081 -7.5045 -73.982275
-63.9736 182.7158 -7.7021 -73.983892
-65.2308 184.8141 -7.6187 -73.985433
-66.7492 186.7003 -7.6491 -73.986894
-68.417 188.4651 -7.7574 -73.988274
-69.4591 190.6092 -7.7695 -73.989567
-69.6776 192.1396 -9.5531 -73.990773
-70.6232 193.0213 -8.854 -73.991898
-70.9662 193.1386 -6.4297 -73.992923
-71.4596 193.5338 -4.0639 -73.993841
-72.1758 195.2071 -3.9513 -73.994644
-73.6159 196.7389 -5.1111 -73.995332
-74.8609 198.522 -6.148 -73.995902
-75.7426 199.5734 -7.6936 -73.996349
-75.3694 199.5725 -10.1146 -73.996673
-74.4019 199.6256 -11.6143 -73.996859
-73.8016 200.0979 -9.3728 -73.996904
-74.5843 201.3776 -7.8285 -73.996802
-75.66 202.8847 -6.3385 -73.996547
-76.7569 204.7933 -5.2692 -73.996133
-77.7876 206.5222 -4.0466 -73.995552
-78.7815 208.5213 -3.0989 -73.994799
-29.3228 87.5393 7.4141 -73.934013
-29.9005 87.4969 9.1019 -73.936384
-30.4781 87.4545 10.7898 -73.938702
-31.0558 87.4122 12.4776 -73.940965
-32.2782 87.1841 13.3671 -73.943187
-33.8866 86.6278 13.8875 -73.945412
-35.2533 87.1539 14.4242 -73.947635
-35.8481 87.8038 15.3321 -73.949853
-36.8463 86.9864 16.4788 -73.952069
-38.3951 86.3544 16.7879 -73.954277
-40.0436 86.842 16.4412 -73.956474
-41.676 86.6973 15.7688 -73.958665
-43.0795 86.67 14.6822 -73.960843
-44.7397 86.6061 14.8133 -73.963007
-46.2784 86.3685 14.6265 -73.965156
-47.931 85.969 14.7511 -73.967287
-49.3382 85.0184 15.2541 -73.9694
-51.0157 84.5548 15.4912 -73.971494
-52.76 84.3802 15.7377 -73.973559
-54.4766 84.1118 16.1326 -73.975598
-56.1575 83.722 16.5614 -73.977612
-57.6854 83.1665 17.2616 -73.979597
-59.449 83.0129 17.2864 -73.981546
-61.2047 83.1213 17.0316 -73.983455
-62.4985 83.4162 16.057 -73.98533
-64.2493 83.561 15.9695 -73.987163
-65.9938 83.4285 15.6473 -73.988953
-67.7202 83.5173 15.2308 -73.990696
-69.055 83.036 14.2322 -73.992389
-69.8653 82.2066 12.9383 -73.99403
-71.0115 81.258 11.9738 -73.995611
-72.4278 80.4398 11.5445 -73.997135
-73.698 79.222 11.6667 -73.998593
-74.8344 77.8746 11.8888 -73.999978
-76.1909 76.8138 12.1994 -74.001298
-77.7152 76.0674 12.6693 -74.002543
-79.2241 75.3783 13.2714 -74.003707
-80.5771 74.3384 13.7242 -74.004789
-81.948 73.2954 14.1285 -74.005783
-83.3128 72.1963 14.4348 -74.006684
-84.2563 70.7511 14.49 -74.00749
-85.9688 70.3467 14.3507 -74.008196
-87.6869 70.083 14.43 -74.008795
-89.1236 69.3762 14.9056 -74.009285
-90.0942 69.1674 16.3612 -74.009661
-91.4773 68.4273 17.0893 -74.009916
-93.1744 68.4543 17.5737 -74.010046
17.4714 115.5383 -32.7054 -73.906364
18.7181 116.515 -32.6736 -73.907703
19.4474 117.9165 -32.6863 -73.909013
20.2746 119.2604 -32.6312 -73.910298
21.0837 120.5882 -32.4636 -73.911551
21.7758 121.9988 -32.2416 -73.912773
22.3094 123.4582 -32.1155 -73.913961
23.1409 124.8071 -32.0128 -73.91511
23.9385 126.1782 -31.9172 -73.916223
25.0849 127.2066 -31.902 -73.917292
25.7601 127.3047 -33.2559 -73.918328
26.628 127.211 -34.5602 -73.919318
27.4583 127.1967 -35.7592 -73.920253
28.395 127.5305 -34.6253 -73.921136
29.5644 128.205 -33.8463 -73.921959
30.5696 128.6374 -32.8152 -73.922728
32.0051 129.043 -32.2921 -73.923434
33.4128 129.4399 -31.6761 -73.924074
34.7649 130.0848 -31.1622 -73.924645
36.07 130.7044 -30.5266 -73.925144
37.2954 130.2845 -29.7509 -73.925568
38.6668 129.8544 -29.4393 -73.925916
40.0959 129.824 -28.9371 -73.926181
41.6596 129.7812 -29.1527 -73.926362
43.163 129.7557 -29.5887 -73.926454
37.3605 97.6671 -24.1386 -73.902859
38.5247 98.3419 -23.3011 -73.903977
39.4075 98.7958 -22.0704 -73.905066
39.7833 99.3954 -20.6642 -73.906123
39.86 99.407 -19.0804 -73.907156
40.1939 99.8932 -18.7303 -73.908138
40.4963 100.318 -20.2174 -73.909087
41.4643 101.4944 -20.1061 -73.909985
42.3976 102.7119 -19.7798 -73.910835
43.1049 104.0833 -19.5568 -73.911639
44.0865 105.3182 -19.6544 -73.912388
44.7899 106.7249 -19.7113 -73.913085
45.9094 107.8469 -19.694 -73.913723
47.0015 108.9935 -19.6267 -73.914302
47.4874 110.1272 -19.5101 -73.914832
47.4694 110.2183 -21.0953 -73.915346
47.4514 110.3094 -22.6805 -73.915775
47.4334 110.4005 -24.2657 -73.916121
47.4153 110.4915 -25.8509 -73.916381
47.3973 110.5826 -27.4361 -73.916556
47.3793 110.6737 -29.0213 -73.916643
-43.1464 107.2097 -8.6051 -73.939029
-44.2349 108.3552 -9.2701 -73.941235
-45.5183 109.1815 -10.1573 -73.943445
-46.5455 110.332 -10.9218 -73.945656
-47.6198 111.4497 -11.7523 -73.947867
-48.7733 112.6103 -11.9929 -73.950078
-49.0763 114.3515 -11.8794 -73.95229
-49.3422 116.0762 -11.586 -73.954495
-49.7822 117.0822 -10.2937 -73.956701
-50.4256 118.2912 -9.1739 -73.958902
-50.9978 119.2379 -7.7863 -73.961098
-51.2625 120.0244 -6.2601 -73.963292
-51.6654 121.1492 -4.9912 -73.965468
-51.9476 122.7357 -4.2703 -73.967633
-52.5998 124.2212 -3.6393 -73.969784
-53.274 125.7541 -3.0637 -73.971915
-53.9887 127.1954 -2.3704 -73.974028
-53.963 128.1021 -0.9245 -73.976143
-54.6255 128.6873 -0.6995 -73.978244
-55.0557 128.8462 -2.4173 -73.980329
-55.7093 129.6088 -3.8029 -73.982367
-56.3904 130.5701 -3.4395 -73.98438
-57.2397 131.7558 -2.5815 -73.986365
-57.7383 132.4193 -1.0375 -73.988339
-58.1997 132.8604 0.5026 -73.990271
-59.135 134.2149 0.2827 -73.99216
-59.5411 135.9385 0.3726 -73.994007
-60.3211 137.5272 0.4547 -73.995812
-61.5615 138.7924 0.4272 -73.99757
-62.8427 140.0202 0.4049 -73.999284
-63.9756 141.337 0.4784 -74.000947
-65.5415 142.0698 0.6041 -74.002558
-66.8201 143.3029 0.6105 -74.004112
-67.9523 144.6731 0.6097 -74.005647
-69.0106 146.0943 0.6091 -74.007087
-69.7753 147.6531 0.6561 -74.00845
-69.9859 148.4831 2.1055 -74.009754
-70.4429 149.3779 3.3991 -74.010978
-71.6135 150.4383 2.691 -74.012121
-72.4835 151.5429 1.7355 -74.013181
-72.9227 152.8592 2.7049 -74.014157
-72.5877 154.4469 3.3601 -74.015042
-73.0119 156.1489 3.5593 -74.015832
-73.1545 157.8864 3.5882 -74.016522
-74.1953 159.319 3.6169 -74.017108
-74.932 160.9303 3.7174 -74.017587
-75.2192 162.6661 3.8423 -74.017952
-75.4158 163.3004 5.1393 -74.018205
-75.4017 163.5667 6.8972 -74.018334
-50.1374 90.531 -23.3634 -73.937801
-51.2673 90.8857 -22.5511 -73.939873
-52.7159 91.6607 -23.1098 -73.941939
-54.0702 92.6015 -23.357 -73.944002
-55.4386 93.0469 -22.4458 -73.946061
-56.998 93.6059 -21.9041 -73.948116
-58.5673 94.2413 -21.5078 -73.950161
-59.4515 94.8578 -20.2839 -73.952214
-60.3751 95.9904 -19.3491 -73.954239
-61.639 96.317 -18.2753 -73.956255
-62.5765 96.8459 -17.7339 -73.958258
-63.9654 97.6322 -17.7098 -73.96025
-65.6166 98.1559 -17.9424 -73.962224
-67.3141 98.5251 -18.0363 -73.964181
-68.9906 98.999 -17.9141 -73.966112
-70.4527 99.8368 -17.5623 -73.968023
-71.8636 100.5751 -16.8437 -73.969908
-73.2945 101.1084 -16.0241 -73.971763
-74.8032 101.5319 -15.3155 -73.973589
-76.2937 102.0431 -14.7677 -73.975383
-76.9439 103.3194 -13.9021 -73.977143
-77.7853 104.5384 -13.0235 -73.978866
-79.1174 105.4827 -13.5256 -73.980544
-80.5678 106.3785 -13.889 -73.982179
-81.9123 107.4474 -14.0602 -73.983762
-82.892 108.884 -14.1362 -73.985298
-83.7902 110.3676 -14.0768 -73.986783
-84.9748 111.6284 -13.8567 -73.988207
-86.2002 112.6963 -13.3076 -73.989578
-87.0479 113.9279 -12.479 -73.990885
-87.7411 115.4304 -11.9657 -73.992123
-88.823 116.6812 -11.5653 -73.99329
-89.4834 118.0465 -10.8065 -73.994385
-90.0558 119.4566 -9.9504 -73.995402
-90.8226 120.9302 -9.4429 -73.996335
-91.9586 122.2396 -9.3374 -73.997181
-92.8888 123.6775 -9.6286 -73.997936
-93.6083 125.2344 -9.9613 -73.998598
-94.4583 126.6908 -10.3334 -73.999159
-95.6371 127.179 -11.2403 -73.99962
-96.5223 128.3643 -11.7434 -73.999972
-97.3565 129.8343 -11.9607 -74.000211
-98.0187 131.4271 -12.0082 -74.000333
-44.8397 82.3848 -0.1022 -73.956504
-45.6858 82.6745 1.4762 -73.95904
-47.0854 83.466 2.0376 -73.961575
-47.9154 84.1261 0.6038 -73.964131
-48.4536 84.4912 -1.1078 -73.966687
-49.4629 84.7481 -2.3216 -73.969248
-50.8487 85.4683 -2.9272 -73.97182
-51.3634 86.2483 -4.138 -73.97442
-51.1604 85.8865 -5.9031 -73.977023
-51.4147 86.3329 -4.63 -73.979639
-51.3753 86.9211 -3.2026 -73.982241
-51.6511 88.546 -2.6095 -73.984841
-52.0008 89.4665 -3.9264 -73.987465
-52.6137 90.8015 -4.1725 -73.99008
-53.4473 92.4123 -3.9386 -73.992699
-53.8653 94.1635 -3.6555 -73.99532
-53.9519 95.9277 -3.215 -73.997943
-54.3051 97.4953 -2.5507 -74.000567
-54.5625 98.6898 -1.1952 -74.003182
-54.547 99.8234 0.1762 -74.005801
-54.2907 100.3598 1.9096 -74.008421
-54.7709 101.2087 3.4194 -74.011016
-54.4328 101.9413 3.8933 -74.013593
-53.0212 101.1678 3.092 -74.016158
-52.5222 101.109 4.5528 -74.018727
-54.1846 101.7537 4.4499 -74.021267
-55.6576 102.8136 4.5394 -74.023788
-56.499 104.3974 4.7059 -74.026292
-56.8786 106.1716 4.8788 -74.028776
-56.4546 107.8733 4.5587 -74.031235
-55.6814 109.1098 4.4339 -74.03369
-55.7928 109.3656 6.2457 -74.03616
-56.2213 109.7146 7.7986 -74.038545
-55.5336 111.171 7.9788 -74.040897
-57.2605 111.7016 8.1166 -74.043208
-58.1121 113.2561 8.4551 -74.045485
-58.5985 114.919 9.0311 -74.047724
-59.6859 116.036 9.8099 -74.04991
-59.434 116.5435 10.5662 -74.052058
-59.3051 118.1105 11.4366 -74.054153
-59.9415 119.6907 12.0733 -74.0562
-60.8614 121.156 12.3489 -74.058186
-61.607 122.4945 11.39 -74.060118
-62.1797 124.0961 10.8491 -74.061983
-62.6253 125.8486 10.8404 -74.06378
-62.2188 127.4063 11.6395 -74.065505
-61.8461 129.0333 12.3882 -74.067154
-62.5327 130.6886 12.3999 -74.068724
-62.936 132.4579 12.2088 -74.070213
-63.3234 134.2117 11.8803 -74.071619
-63.6303 135.945 11.5157 -74.072932
-63.951 136.5199 9.8435 -74.074159
-64.1784 137.2406 8.1925 -74.075281
-64.0694 138.3872 6.7995 -74.076294
-64.3697 140.0086 6.0583 -74.0772
-64.8732 141.6033 5.322 -74.07799
-65.5178 142.5596 4.0703 -74.078664
-65.7682 143.1976 5.3492 -74.079215
-66.7186 144.3442 5.8832 -74.079635
-67.5125 145.9488 6.0337 -74.07992
-68.2142 147.6123 6.0332 -74.080065
-36.2134 93.2108 29.5751 -73.942045
-36.6635 94.7733 29.8902 -73.943622
-36.9263 96.2364 30.4302 -73.94518
-37.1622 97.773 30.8495 -73.946722
-37.5529 99.3568 31.1525 -73.948248
-37.9173 100.9487 31.3678 -73.949747
-38.3971 102.525 31.406 -73.951226
-38.3118 104.182 31.3802 -73.952676
-38.3833 105.841 31.3619 -73.954097
-38.5184 107.493 31.3513 -73.955489
-38.1793 109.1047 31.3065 -73.956849
-37.694 110.6348 31.1726 -73.958172
-37.4366 112.1749 31.1742 -73.959459
-36.4341 113.3684 31.2349 -73.96071
-35.2673 114.4885 31.1966 -73.961916
-35.1913 116.0244 31.322 -73.963078
-36.1323 117.264 31.8032 -73.964193
-36.1013 118.8174 31.8898 -73.965259
-35.2737 120.1279 31.585 -73.96627
-34.1912 121.3196 31.36 -73.967225
-33.7141 122.9011 31.2289 -73.968119
-33.0667 124.4147 31.1658 -73.968949
-32.8786 126.0601 31.1275 -73.969713
-32.0835 127.4884 31.1247 -73.970404
-31.8296 129.12 31.1246 -73.971024
-31.1422 130.5851 30.9859 -73.971565
-30.3228 131.8477 30.3079 -73.972027
-29.6856 132.4849 28.9766 -73.972405
-29.0719 133.0333 27.5676 -73.972695
-28.0844 133.7856 27.8775 -73.972892
-27.152 134.469 28.6173 -73.972993
68.8569 88.73 19.5506 -73.907275
69.4626 89.4871 18.5505 -73.909059
69.8694 90.2922 17.5312 -73.910823
70.1133 90.9732 19.0619 -73.912576
70.2522 92.4115 19.6157 -73.914302
70.8156 93.9888 19.8859 -73.916007
70.9233 95.5529 19.5992 -73.917693
71.3862 97.0655 19.4044 -73.919353
72.5006 98.2929 19.6588 -73.920983
72.7344 99.9408 19.94 -73.922587
72.932 101.5833 19.995 -73.924162
72.4313 103.198 19.9089 -73.925705
71.8799 104.7873 20.0008 -73.927209
71.5282 106.416 19.8144 -73.928679
71.2624 108.037 19.4849 -73.930106
70.3107 109.3594 19.2993 -73.931486
69.2896 110.7156 19.219 -73.932819
68.8552 112.3448 19.1576 -73.934101
68.8224 113.8606 18.9579 -73.93533
69.0085 114.8834 18.0264 -73.936507
68.8524 116.0924 16.8932 -73.937624
69.7271 117.2159 15.9694 -73.93868
70.0973 118.581 15.0882 -73.939667
70.8674 119.2691 13.939 -73.940589
70.3855 118.9765 13.515 -73.941434
69.9666 118.6726 13.3866 -73.942209
70.2125 118.847 11.7059 -73.942913
70.4357 118.9096 10.8982 -73.943519
70.1867 118.7318 12.5649 -73.944042
69.521 118.6003 13.8778 -73.944463
69.0153 119.2849 13.1332 -73.944785
69.8993 119.8704 11.9133 -73.945004
70.2963 119.9515 10.2866 -73.945117
95.5228 3.6634 18.9207 -73.868065
95.9521 3.5018 19.9853 -73.868147
96.3294 3.3373 21.069 -73.868189
-41.3421 222.5153 -25.6062 -73.944734
-42.702 224.1478 -25.2091 -73.943021
-44.2458 225.1088 -24.0553 -73.941299
-45.8189 226.0665 -23.0056 -73.939571
-47.3319 227.1224 -21.9872 -73.937835
-48.8138 228.7344 -21.8003 -73.936093
-50.1281 230.4969 -21.9165 -73.934344
-51.8278 231.7383 -22.0527 -73.932587
-52.8158 233.6774 -22.1145 -73.930821
-53.0724 235.6787 -22.1684 -73.929416
-53.6815 237.6012 -22.215 -73.928378
-54.8336 239.2327 -22.1693 -73.927341
-55.9455 240.9107 -22.1307 -73.926305
-56.8959 242.6769 -22.2538 -73.925269
-57.6448 244.0732 -23.1351 -73.924232
-57.9004 245.3567 -24.6431 -73.923194
-58.5973 247.0318 -25.4177 -73.922159
-59.3933 248.8468 -25.6686 -73.921124
-60.5485 250.492 -25.7129 -73.920088
-62.0102 251.8694 -25.795 -73.919053
-63.5819 251.7041 -25.7766 -73.918018
-65.1861 252.5294 -25.4878 -73.916981
-66.5361 253.7075 -24.6451 -73.915944
-67.4482 255.4346 -24.2826 -73.914907
-68.0616 257.3349 -24.0645 -73.91387
-69.279 258.781 -24.0213 -73.912834
-70.6709 260.1778 -24.061 -73.911796
-71.4436 262.0159 -24.0595 -73.91076
-72.8554 263.4363 -23.888 -73.909724
-74.3055 264.6952 -23.3614 -73.90869
-75.6104 266.0079 -22.6232 -73.907655
-76.4194 267.7709 -22.2236 -73.906619
-77.0046 269.6763 -21.989 -73.905584
-77.6943 271.5617 -21.8675 -73.90455
-78.0414 273.5421 -21.7862 -73.903517
-78.9873 275.301 -21.7403 -73.902485
-80.3424 276.7952 -21.6879 -73.901454
-81.6546 278.3163 -21.6068 -73.900425
-83.1583 279.5974 -21.7854 -73.899398
-84.8953 280.6045 -21.8472 -73.898372
-86.7025 281.4584 -21.6828 -73.897347
-87.8751 282.8646 -21.0904 -73.896323
-89.4892 283.7967 -20.5891 -73.8953
-91.1007 284.9601 -20.5677 -73.894281
-92.4107 286.2858 -21.1453 -73.893262
-94.0557 286.9976 -21.9919 -73.892246
-95.7101 288.0996 -22.2545 -73.891232
-97.3406 289.2852 -22.2657 -73.890222
-98.976 289.9877 -22.9029 -73.889213
-100.2796 290.7986 -23.6291 -73.888207
-101.4799 291.8038 -22.4899 -73.887203
-103.036 292.9887 -22.0284 -73.886203
-104.6892 294.1312 -21.8834 -73.885206
-106.3559 295.2232 -22.151 -73.884213
-107.8941 296.3493 -22.6692 -73.883224
-109.1385 297.4951 -23.597 -73.882238
-110.8652 298.494 -23.4597 -73.881258
-112.4721 299.5248 -23.016 -73.880281
-113.8772 300.6139 -22.2042 -73.879309
-115.339 301.8994 -21.8314 -73.878341
-116.6463 303.427 -21.784 -73.877379
-117.9037 305.0024 -21.8441 -73.876422
-119.0254 306.6607 -22.003 -73.87547
-119.7365 308.5266 -22.2827 -73.874523
-120.0458 309.7921 -21.1758 -73.873577
-120.3335 310.3959 -19.2752 -73.87264
-120.8092 311.2425 -17.5331 -73.87171
-121.3861 312.9361 -16.6595 -73.870789
-122.3666 314.5966 -16.303 -73.869877
-123.445 316.2788 -16.4754 -73.86897
-124.5125 317.8962 -16.7048 -73.868072
-124.8879 318.6378 -14.9021 -73.867175
-124.9811 319.1413 -12.9496 -73.866287
-125.2786 319.7061 -11.0358 -73.865407
-125.7833 320.5605 -9.2875 -73.86454
-126.7853 321.2272 -7.7186 -73.863684
-128.1198 321.7372 -6.5853 -73.862835
-129.5338 322.6762 -5.6435 -73.861998
-130.8033 322.8583 -4.1103 -73.861168
-132.3486 322.5617 -2.9424 -73.86035
-133.5223 321.7567 -2.2514 -73.859543
-134.4075 321.0203 -3.7194 -73.858746
-136.141 320.0633 -3.704 -73.857962
-137.9234 319.2453 -3.5128 -73.857189
-139.8153 319.4438 -3.03 -73.85642
-141.7336 319.7231 -2.5415 -73.85567
-143.2992 318.8382 -1.8198 -73.854935
-143.6324 318.198 -3.1912 -73.85421
-144.6494 318.183 -2.5451 -73.853498
-145.6029 318.7473 -1.0864 -73.852801
-147.1116 319.1677 -0.0827 -73.85212
-149.0143 318.6505 0.3041 -73.851453
-150.835 317.9416 0.6531 -73.850802
-152.6003 318.3043 1.3039 -73.850167
-154.255 319.2248 1.8195 -73.849548
-156.1347 319.0641 1.3765 -73.848946
-157.9479 318.8394 0.6505 -73.848361
-159.8193 318.2421 0.4855 -73.847792
-161.6982 318.4908 0.8126 -73.847242
-163.3502 318.4678 1.946 -73.84671
-164.7917 318.8721 3.1901 -73.846196
-166.0348 318.4651 4.5448 -73.845701
-167.2051 317.7036 5.9108 -73.845226
-168.6856 318.3603 6.972 -73.84477
-170.5746 318.3686 7.6324 -73.844335
-172.4422 318.8037 8.0573 -73.843922
-173.7745 319.4811 7.41 -73.843528
-175.2708 319.8181 6.8918 -73.843156
-176.3866 321.0401 7.8064 -73.842806
-178.1084 321.388 8.4289 -73.842477
-179.8667 322.3331 8.1901 -73.842172
-181.7338 322.9719 7.9865 -73.84189
-183.2047 324.2061 7.6173 -73.841632
-184.6529 324.5109 6.7583 -73.841397
-186.4765 324.882 7.4149 -73.841186
-188.3601 325.5005 7.7542 -73.841
-190.207 326.2741 7.8586 -73.840839
-191.8555 326.4884 7.2737 -73.840704
-192.3011 326.2807 5.3327 -73.840593
-192.4569 326.3027 3.3202 -73.840507
-192.6127 326.3246 1.3078 -73.84045
-192.7684 326.3466 -0.7047 -73.840421
-53.5618 234.7518 -22.4056 -73.929491
-55.3696 234.7358 -22.9279 -73.928614
-57.1775 234.7198 -23.4502 -73.927754
-58.9758 234.7413 -23.9753 -73.92691
-60.5834 235.6616 -24.1049 -73.926074
-62.2107 236.6032 -24.0421 -73.925239
-63.9306 237.3539 -24.0447 -73.924409
-65.5569 238.2591 -24.1396 -73.923579
-67.3063 238.9314 -24.1596 -73.922755
-68.8366 239.9978 -24.0522 -73.921932
-70.5332 240.314 -23.7713 -73.921112
-72.1779 239.7124 -23.3677 -73.920296
-73.9055 239.067 -23.0743 -73.919482
-75.764 238.9129 -23.0612 -73.918672
-77.5069 238.4311 -23.4834 -73.917865
-79.2728 238.5078 -23.5052 -73.917062
-81.0101 239.1307 -23.2489 -73.916262
-82.8258 239.4159 -22.9537 -73.915466
-84.5254 239.9346 -22.4418 -73.914674
-86.2406 240.0396 -21.7161 -73.913885
-87.8568 239.8217 -20.9364 -73.9131
-89.3552 239.6723 -19.8507 -73.912319
-90.7771 239.8281 -18.7653 -73.911543
-92.3262 239.5258 -18.0598 -73.910771
-94.0855 240.1028 -17.7873 -73.910006
-95.877 240.5966 -17.5579 -73.909245
-97.6988 241.0591 -17.507 -73.908488
-99.53 241.4724 -17.4393 -73.907738
-101.2527 242.1681 -17.1773 -73.906993
-102.8299 242.815 -16.4434 -73.906255
-104.4569 243.5931 -15.9937 -73.905523
-106.2956 243.7075 -16.104 -73.904797
-107.1732 243.8399 -14.6775 -73.904072
-108.3872 244.3725 -13.7017 -73.903358
-109.3454 245.4642 -12.5807 -73.902651
-110.5466 246.5332 -11.6213 -73.901951
-112.0874 247.1 -10.9503 -73.90126
-112.6927 248.1713 -9.7197 -73.900573
-113.85 248.7857 -8.6033 -73.899896
-114.9422 250.1535 -8.2414 -73.899227
-115.3929 251.8689 -7.6387 -73.898567
-116.4822 252.9605 -6.8157 -73.897917
-117.371 253.2374 -5.1806 -73.897276
-118.358 253.8356 -3.7152 -73.896644
-119.4595 254.4678 -2.3971 -73.896024
-120.9563 255.2641 -1.6822 -73.895413
-122.5163 255.9458 -1.0086 -73.894813
-123.9831 256.9071 -0.452 -73.894224
-124.7954 257.8348 0.9161 -73.893646
-125.65 259.0549 2.0473 -73.89308
-126.8265 260.4562 2.1583 -73.892526
-128.2898 261.2032 2.616 -73.891982
-129.0334 261.3894 4.2611 -73.89145
-129.2473 261.2649 6.1105 -73.890913
-129.4022 261.1437 7.9821 -73.890398
-129.5576 261.0229 9.8536 -73.889905
-129.7512 260.9235 11.7229 -73.889413
-129.9463 260.825 13.592 -73.888941
-130.1515 260.7135 15.4586 -73.888491
-130.5488 260.346 17.2477 -73.888057
-131.604 259.0778 18.099 -73.887641
-132.4067 258.2916 19.5872 -73.88724
-133.3932 257.3081 20.8241 -73.886855
-133.8044 256.3522 22.376 -73.886488
-134.6418 255.2368 23.5911 -73.886137
-135.4197 253.8392 24.4892 -73.885804
-135.7 253.4829 26.3153 -73.885487
-136.3101 252.641 27.7577 -73.885189
-136.3201 251.3179 26.4825 -73.88491
-136.8701 249.6435 26.0944 -73.884649
-137.7175 248.1362 25.6627 -73.884408
-137.6045 246.4619 25.1316 -73.884187
-137.2893 245.0053 24.2243 -73.883986
-136.6215 243.4615 23.4192 -73.883806
-135.6446 241.9497 22.8735 -73.883644
-135.3758 240.4199 22.4018 -73.883506
-136.1869 239.3032 23.0344 -73.883389
-136.341 238.0644 24.2021 -73.883295
-136.433 236.6369 25.3143 -73.883224
-136.6008 234.8539 25.6617 -73.883176
-137.1474 233.4458 25.0869 -73.883152
-10.2537 234.1313 -65.7936 -73.956932
-11.9535 235.2244 -65.4206 -73.955777
-13.2513 236.4124 -64.5554 -73.954624
-13.9825 238.2182 -64.0036 -73.953471
-13.9675 239.4333 -65.1657 -73.952315
-14.1745 240.8047 -66.5759 -73.951163
-14.74 242.3781 -67.763 -73.950011
-15.0167 243.3075 -69.5586 -73.948857
-14.9973 244.3966 -71.2899 -73.947706
-15.4806 245.6013 -72.6631 -73.946555
-16.6681 247.206 -72.2066 -73.945404
-17.3029 249.0449 -71.7718 -73.944252
-18.6676 250.382 -71.3338 -73.9431
-19.6799 251.0982 -72.0439 -73.941948
-20.4939 252.2385 -73.4165 -73.940793
-21.5912 252.7618 -72.8895 -73.939744
-21.9596 252.8176 -71.2713 -73.938813
-22.6797 254.2973 -71.5196 -73.937883
-23.6039 255.7577 -72.0067 -73.936954
-24.5721 257.236 -72.2298 -73.936025
-26.0105 258.3101 -72.2446 -73.935096
-27.3761 259.4599 -72.2196 -73.934168
-28.9516 260.3257 -72.2375 -73.93323
-30.5102 261.2195 -72.2945 -73.932304
-31.595 262.5637 -72.7018 -73.931379
-32.6547 263.9941 -72.7006 -73.930455
-33.5598 265.5319 -72.4801 -73.929533
-34.5952 266.9872 -72.4053 -73.928611
-35.2782 268.5959 -72.3691 -73.927689
-36.5462 269.7783 -72.1737 -73.92677
-37.8737 270.872 -71.8225 -73.925853
-38.8876 272.2418 -71.3145 -73.924937
-39.6217 273.7558 -70.7585 -73.924022
-40.6535 274.9959 -70.0158 -73.92311
-42.0534 275.9829 -69.5331 -73.922199
-43.5846 276.8719 -69.3005 -73.921291
-45.0655 277.8565 -69.4958 -73.920384
-45.946 279.1186 -68.7677 -73.91948
-45.8345 280.5644 -67.9551 -73.918578
-46.196 282.2235 -68.3906 -73.917679
-46.2456 283.784 -69.1293 -73.916782
-45.9356 284.9029 -69.4775 -73.915888
-46.3572 283.3243 -69.8414 -73.914994
-47.6385 284.0096 -69.6263 -73.914099
-47.8598 285.27 -68.7781 -73.913211
-47.9763 286.6481 -67.6615 -73.912326
-48.0018 287.8134 -66.394 -73.911444
-49.296 287.3623 -65.4888 -73.910565
-50.1432 286.6731 -64.1653 -73.909692
-50.2434 286.1704 -62.4405 -73.90882
-51.2742 284.9264 -61.8207 -73.907957
-52.8421 284.4426 -61.0987 -73.907097
-53.9107 283.6653 -60.0279 -73.906243
-54.752 283.3629 -58.5184 -73.905392
-55.6511 282.4981 -57.2933 -73.904549
-56.6242 281.93 -56.0196 -73.903713
-57.9991 281.9695 -54.8908 -73.902882
-59.0837 282.3361 -53.8941 -73.902059
-60.0943 282.1643 -52.7677 -73.90124
-61.4419 281.5155 -51.8651 -73.900431
-62.8626 280.827 -51.0501 -73.899628
-64.2795 280.6349 -50.0042 -73.898833
-65.804 280.5238 -49.0693 -73.898047
-66.7885 280.054 -47.7484 -73.897267
-67.9789 279.2336 -46.7905 -73.896496
-68.6552 278.446 -45.3481 -73.895733
-69.0138 277.9753 -43.6489 -73.894979
-69.4167 276.9949 -42.4398 -73.894235
-69.8247 275.5947 -42.5008 -73.8935
-70.268 276.0815 -42.6582 -73.892775
-70.9242 276.409 -41.0457 -73.892056
-71.4032 276.5871 -39.3203 -73.891351
-72.2724 276.7647 -38.0281 -73.890659
-73.2041 276.1685 -36.6914 -73.889977
-74.2918 275.5936 -35.4399 -73.889309
-75.425 274.8456 -34.2803 -73.888652
-76.9255 274.2886 -33.5609 -73.888008
-77.3251 274.3933 -31.9623 -73.887376
-77.3839 274.0953 -31.6173 -73.886751
-77.9259 274.1693 -30.1943 -73.886142
-79.5493 274.0847 -29.6223 -73.885548
-80.9279 274.149 -28.5263 -73.884968
-82.1503 274.2888 -27.2947 -73.884404
-83.1333 274.5631 -25.8399 -73.883854
-83.3586 274.0993 -24.1212 -73.883318
-83.4086 273.3363 -22.4949 -73.8828
-83.5601 272.816 -20.7795 -73.882295
-83.7705 272.4678 -19.0265 -73.881807
-84.0593 272.0789 -17.2937 -73.881338
-84.2893 271.7437 -15.5414 -73.880885
-84.9661 271.1706 -14.2656 -73.880452
-86.4465 270.5588 -13.5443 -73.880038
-87.5224 269.4821 -12.7644 -73.879642
-88.5863 270.2836 -13.3628 -73.879266
-89.344 271.7765 -13.8414 -73.878908
-90.7295 272.8654 -14.017 -73.878564
-92.0012 274.1345 -14.1202 -73.878243
-93.0728 275.5655 -14.188 -73.877945
-94.4803 276.5793 -14.1262 -73.877667
-96.2029 276.3016 -13.7358 -73.877411
-97.8612 276.4416 -13.1634 -73.877176
-99.2225 277.2086 -12.3487 -73.876963
-100.7724 276.7787 -11.5881 -73.876771
-102.4856 276.8416 -11.2384 -73.876602
-104.2435 277.0799 -11.3594 -73.876456
-105.8758 277.7134 -11.5089 -73.876334
-106.978 278.2571 -10.6069 -73.876234
-108.7214 278.4008 -10.5748 -73.876159
-110.1714 278.7473 -11.3411 -73.876109
-111.6618 279.6815 -11.4564 -73.876083
-21.5015 253.5088 -73.309 -73.940123
-22.5942 254.3623 -72.684 -73.939954
-23.4363 255.5756 -72.2611 -73.9398
-23.7952 256.2196 -73.6016 -73.939662
-24.1958 256.9175 -74.8973 -73.93954
-24.5102 257.2028 -76.431 -73.939434
-25.2575 257.9568 -77.5755 -73.939345
-25.9832 258.9049 -78.6121 -73.939274
-26.7351 259.8964 -79.3372 -73.939219
-27.7754 261.0706 -79.3699 -73.939183
-28.1276 262.1418 -78.3341 -73.939164
-14.415 228.9869 -63.4499 -73.958269
-16.1331 229.4489 -63.5343 -73.957606
-17.7421 230.1331 -63.7219 -73.956952
-19.4067 230.7023 -63.8399 -73.956307
-20.8995 231.6241 -63.8754 -73.955672
-22.4197 232.5434 -63.927 -73.955044
-23.9779 232.9794 -64.5409 -73.954425
-25.5926 233.2447 -65.0739 -73.953813
-27.3372 233.3731 -65.393 -73.953211
-29.108 233.4677 -65.4659 -73.952617
-30.8642 233.5427 -65.402 -73.952032
-32.3482 234.4256 -65.4518 -73.951455
-33.9347 234.8444 -64.9779 -73.950887
-35.6107 235.0483 -64.5372 -73.950328
-37.2988 235.2219 -64.5195 -73.949777
-38.3854 235.5894 -65.5655 -73.949234
-39.1438 235.7555 -64.0699 -73.9487
-40.4342 236.3585 -64.9633 -73.948175
-41.6538 237.408 -65.4996 -73.94766
-43.3197 237.9738 -65.7908 -73.947156
-45.0712 238.2644 -65.9288 -73.946661
-46.7994 238.6788 -65.9135 -73.946176
-48.5481 238.9796 -65.7557 -73.945701
-50.2593 239.3638 -65.4708 -73.945237
-51.9541 239.818 -65.3779 -73.944783
-53.6581 240.3081 -65.5616 -73.94434
-55.3649 240.7618 -65.7517 -73.943909
-56.9242 241.5359 -65.9538 -73.943489
-58.6438 241.8319 -66.2728 -73.943081
-59.9936 242.7156 -66.7405 -73.942684
-60.984 243.7818 -67.5294 -73.9423
-62.0855 245.146 -67.6347 -73.941928
-62.592 246.8516 -67.5474 -73.94157
-63.6958 248.1812 -67.3534 -73.941225
-65.3602 248.1365 -67.1819 -73.940892
-66.6185 247.2528 -66.7907 -73.940574
-68.2827 246.701 -66.9975 -73.940268
-69.0056 246.5375 -67.1182 -73.939979
-69.4149 247.1923 -66.2178 -73.939703
-70.5685 248.2104 -65.6787 -73.939443
-72.1021 248.9573 -65.1628 -73.939199
-73.5226 249.8734 -64.6789 -73.938971
-74.9049 250.917 -64.2744 -73.938759
-76.1941 252.0464 -63.8017 -73.938565
-77.6751 252.694 -63.2164 -73.938388
-78.9054 253.7897 -63.1101 -73.938229
-80.0531 255.1107 -63.1909 -73.938088
-81.4092 256.2087 -63.4316 -73.937966
-83.1166 256.5971 -63.7243 -73.937863
-84.8053 256.9649 -63.8465 -73.93778
-86.3232 257.8036 -63.7447 -73.937717
-88.0463 257.7843 -63.4146 -73.937674
-89.5568 258.6367 -63.0658 -73.937652
-79.8558 209.6969 -1.6956 -73.993977
-80.9345 210.9313 -0.8747 -73.993272
-81.8718 212.3265 -0.0936 -73.992572
-83.0145 213.649 0.4105 -73.991878
-83.35 215.4299 0.5242 -73.991189
-84.7236 216.0877 0.5245 -73.990505
-85.8365 216.8501 1.5461 -73.989824
-86.4751 218.3432 2.3648 -73.98915
-87.6889 219.3419 3.0091 -73.988482
-89.3832 219.625 3.5112 -73.98782
-90.5679 220.9942 3.9392 -73.987163
-91.9993 222.1339 4.2769 -73.986513
-93.1066 223.0567 5.3451 -73.985867
-94.2451 224.3484 6.04 -73.985226
-95.1955 225.7846 6.6504 -73.984592
-96.1469 227.1811 6.1703 -73.983964
-97.5307 228.1499 5.5656 -73.983341
-97.6555 229.6726 4.5217 -73.982723
-98.2632 230.7709 4.9578 -73.982109
-99.4213 231.1534 5.7424 -73.981503
-100.7458 231.4122 4.7237 -73.980903
-101.8502 232.6408 4.2535 -73.980309
-103.1436 233.9354 4.0273 -73.979723
-104.4921 234.4164 4.8558 -73.979143
-105.6117 233.6885 5.7966 -73.978566
-106.7274 232.3194 6.4016 -73.977991
-107.441 230.7522 6.8747 -73.977431
-107.4488 229.0255 7.5014 -73.97688
-107.9411 227.3511 8.131 -73.976337
-107.0902 226.8712 8.9862 -73.975802
-106.1496 226.513 10.1833 -73.975268
-105.9516 226.2598 12.0223 -73.974744
-105.4787 225.2922 12.0054 -73.974231
-105.2249 224.5846 10.2988 -73.973726
-104.7784 223.6625 9.5999 -73.973234
-104.7066 222.6921 11.0296 -73.972749
-105.026 220.965 11.6033 -73.972276
-104.6066 219.9029 12.8153 -73.971812
-103.3942 219.8352 14.0764 -73.971358
-104.3073 219.9043 13.553 -73.970916
-105.885 218.9419 13.3792 -73.970483
-107.2676 218.4747 12.6842 -73.970062
-108.1193 218.5469 11.0406 -73.969652
-108.3962 219.4541 11.7193 -73.969254
-109.0143 219.6825 13.4653 -73.968866
-109.7221 219.9831 15.1561 -73.968493
-110.6667 219.9703 16.4989 -73.968134
-112.0003 218.9022 16.8845 -73.967788
-113.4433 217.9794 16.4775 -73.967456
-114.7081 217.1333 15.6968 -73.967138
-115.2947 216.7255 13.9743 -73.966833
-115.5962 216.7912 12.1637 -73.966541
-115.7677 217.1126 10.3327 -73.966265
-115.4309 217.0746 11.1227 -73.966005
-116.1181 217.6962 12.116 -73.965755
-117.3855 218.3763 13.3061 -73.965524
-118.8798 218.8959 14.099 -73.965313
-120.5533 219.5755 14.5055 -73.965119
-122.3465 220.0233 14.7431 -73.964943
-124.1585 220.1151 14.949 -73.964785
-125.565 221.2324 14.8597 -73.964644
-126.6064 222.7478 14.7267 -73.964523
-127.1945 224.5052 14.537 -73.964421
-127.9351 226.1832 14.2547 -73.964338
-129.0224 227.5634 14.5865 -73.964275
-130.1181 229.0198 14.5982 -73.964233
-131.2201 230.4645 14.2522 -73.964211
47.5528 -96.076 13.5667 -72.896837
47.0015 -95.2803 13.5986 -72.89694
46.7344 -94.3274 13.6342 -72.896991
27.7081 -94.2683 18.8592 -72.872695
26.226 -93.6204 19.8024 -72.873285
24.7439 -92.9726 20.7456 -72.873726
23.2618 -92.3248 21.6888 -72.87402
23.8038 -92.3745 21.7835 -72.874167
54.7481 -88.0637 17.871 -72.920904
97.3169 -66.6493 31.3652 -72.96918
99.3506 -67.4491 30.897 -72.970589
101.3843 -68.2489 30.4289 -72.971764
103.4181 -69.0488 29.9607 -72.972706
105.4518 -69.8486 29.4925 -72.973414
104.935 -70.7499 28.9784 -72.973887
104.6139 -70.6388 26.7694 -72.974125
96.937 -66.473 30.8282 -72.968448
44.0154 -65.7095 15.6069 -72.984982
44.0102 -66.3692 14.8486 -72.985067
44.1586 -67.2141 14.3402 -72.98511
-4.665 -9.0685 -0.0051 -73.754239
-3.3078 -10.3003 -0.0154 -73.725492
-1.9532 -11.5348 -0.0257 -73.696748
-0.7426 -12.7803 -0.0459 -73.648929
0.4334 -13.9291 -0.0935 -73.582297
1.4466 -15.2471 -0.185 -73.51588
3.5554 -27.7322 1.4257 -73.417349
8.6107 -41.3653 6.7974 -73.325202
22.8794 -62.2772 10.5055 -73.117781
26.4745 -64.8588 13.9793 -73.086773
29.0535 -67.1183 14.3116 -73.066454
42.1418 -73.5431 16.2509 -72.992785
47.2069 -85.1931 18.1557 -72.93263
44.6639 -89.9679 15.7857 -72.909892
47.7449 -96.3203 13.6398 -72.897813
78.4149 -177.3628 14.5582 -72.784741
95.2227 -265.7699 17.0719 -72.696284
48.1056 -320.1106 18.1187 -72.6296
-10.9476 -383.6056 22.9817 -72.582705
-40.36 -432.7473 17.7175 -72.554026
28.7834 -94.5812 17.274 -72.875128
14.3097 -106.6143 20.8227 -72.84887
2.7577 -126.0427 26.0848 -72.829105
-45.0792 -189.1405 27.4734 -72.79036
30.9775 -170.2053 31.4202 -72.819319
28.3969 -94.5693 18.0599 -72.872852
-40.2348 -104.2908 -5.8163 -72.812306
-111.9958 -139.102 2.509 -72.776174
54.6562 -87.9717 17.7384 -72.921721
111.8824 -135.9529 29.1893 -72.837767
164.8572 -185.7356 20.1853 -72.778888
213.7243 -226.7876 32.011 -72.743851
43.9697 -65.4565 15.7766 -72.98528
45.5333 -62.1584 17.8534 -72.982722
96.2419 -66.2233 31.6259 -72.968366
2.1326 -22.0656 -2.5814 -73.452032
6.2653 -35.3706 6.4938 -73.371207
8.3143 -40.7868 6.7183 -73.287726
15.4942 -50.7521 4.9673 -73.220894
19.5156 -57.7327 7.1557 -73.154589
24.2121 -63.3654 12.9105 -73.102294
27.7984 -65.9637 14.1964 -73.07657
35.2991 -71.3414 15.5234 -73.029683
45.9552 -78.4006 18.2802 -72.962277
45.9541 -87.9136 17.638 -72.921106
46.0845 -93.1486 14.7482 -72.903119
52.1518 -103.9606 11.3242 -72.884416
58.8833 -119.603 12.0998 -72.860548
62.6461 -133.0235 18.7767 -72.837775
68.7987 -150.479 18.27 -72.816131
75.478 -168.4071 16.0379 -72.795534
80.7201 -186.7623 13.7215 -72.774096
86.0397 -202.1519 18.4658 -72.755275
88.9594 -219.8372 14.0604 -72.737419
92.3483 -238.1707 14.3683 -72.720553
94.4112 -256.1543 16.5595 -72.704607
95.282 -267.4858 16.3224 -72.688104
95.3059 -280.3632 10.9397 -72.673705
82.392 -291.8157 13.1552 -72.660171
66.6134 -301.8126 13.5179 -72.647532
55.8832 -314.8401 17.1156 -72.635719
42.621 -325.3136 19.0805 -72.623639
32.9705 -340.7608 23.6528 -72.613237
23.9361 -354.8041 21.203 -72.603624
9.6225 -366.7531 22.7517 -72.594835
-4.6074 -378.3071 21.4152 -72.586803
-16.9731 -389.755 18.9726 -72.578755
-27.5688 -401.1213 14.9527 -72.571991
-39.573 -411.7299 14.9204 -72.565967
-40.6381 -420.4638 25.2112 -72.560729
-40.4069 -426.6412 14.8914 -72.55622
-41.6738 -434.0686 12.5022 -72.551999
-35.1298 -447.795 10.0223 -72.548748
-30.511 -455.7937 6.7671 -72.546233
-26.4654 -460.7911 2.4423 -72.544533
-24.2919 -464.5784 0.2402 -72.543678
37.1249 -94.0849 14.9718 -72.891923
20.7736 -99.7756 22.2184 -72.861538
11.0172 -108.5614 18.7473 -72.844791
5.909 -113.1292 24.1737 -72.838554
4.7649 -121.3499 27.2758 -72.832502
-3.9067 -133.7894 26.1237 -72.823667
-16.2236 -149.0836 26.7198 -72.814507
-17.7909 -159.6216 22.5822 -72.806378
-30.8645 -168.2845 21.4997 -72.799312
-40.3768 -181.2163 24.3391 -72.793249
-50.8898 -195.8899 27.7601 -72.787642
-59.8432 -207.2909 27.0024 -72.783382
-63.453 -209.2381 15.4152 -72.780112
-64.2909 -212.4765 11.1044 -72.777908
-69.7086 -217.4653 14.9612 -72.776801
-1.3141 -131.2728 34.9295 -72.828196
15.7442 -115.5027 24.1983 -72.843939
21.9499 -133.9863 25.1312 -72.836649
26.8898 -147.4387 25.6301 -72.830396
28.6429 -155.1273 32.7495 -72.825227
28.6017 -167.7997 33.6747 -72.821095
33.7647 -170.9041 21.6446 -72.817607
35.3986 -176.6564 11.4651 -72.815293
39.8278 -180.409 -7.3747 -72.814104
28.4843 -94.572 17.6083 -72.873528
24.075 -93.3058 9.4058 -72.865183
15.5128 -90.8025 -8.4542 -72.851701
-0.0475 -89.6597 -13.0268 -72.839256
-13.9393 -94.7328 -4.0497 -72.827886
-31.0534 -101.5497 -4.3571 -72.81753
-48.3446 -108.1087 -4.4853 -72.807219
-60.3769 -111.0796 -1.1234 -72.798613
-77.9711 -113.5102 3.296 -72.790997
-92.0999 -121.9743 4.6219 -72.784418
-105.6825 -132.44 0.8972 -72.77882
-119.8735 -141.3568 5.959 -72.773846
-132.8113 -151.1601 6.979 -72.770202
-147.2952 -155.5423 4.0924 -72.767398
-153.368 -158.2725 7.6335 -72.765506
-168.793 -159.6906 7.6228 -72.764556
50.8433 -86.5895 17.9535 -72.926166
61.2357 -92.3404 14.5899 -72.911492
72.1897 -102.125 21.0158 -72.893386
85.4059 -115.7278 22.6939 -72.876323
96.1046 -123.0147 27.5352 -72.860367
106.3877 -128.7142 28.8233 -72.845456
119.3522 -141.0891 32.8119 -72.83023
133.3865 -151.0456 27.4274 -72.817136
140.4642 -156.8554 25.7903 -72.80505
152.3124 -169.1266 29.8767 -72.794012
161.5491 -182.1636 26.4505 -72.783961
167.3763 -187.9265 20.8501 -72.773974
178.0174 -198.4202 27.7655 -72.765644
190.5879 -201.853 17.5881 -72.75826
198.4764 -209.0366 23.2285 -72.751865
206.4978 -222.3967 29.9785 -72.746407
216.4485 -231.2363 29.6641 -72.741536
219.3592 -241.6667 28.5636 -72.737876
217.6919 -257.4839 32.1794 -72.735059
212.7961 -271.781 39.8533 -72.733157
208.8344 -287.7139 39.3838 -72.7322
43.1478 -69.6198 16.0595 -72.987355
45.0982 -63.5211 16.1223 -72.983949
50.7937 -61.6079 11.0465 -72.980006
63.7547 -58.5312 9.7712 -72.975762
75.049 -60.4617 16.3877 -72.972402
83.0968 -60.7333 25.9161 -72.970004
91.3447 -63.64 26.8113 -72.968591
106.4082 -69.1292 24.6495 -72.965168
123.1559 -72.5629 28.9251 -72.960897
143.1961 -75.9244 28.8652 -72.958758
46.1286 -55.224 14.5026 -72.981023
37.6417 -45.2763 18.4222 -72.978928
22.8448 -43.0894 21.8828 -72.977847
