-0.8015 -1.2678 -0 -73.203039
-3.2062 -5.0715 -0 -73.201641
-5.0765 -8.0299 -0 -73.200688
-6.4123 -10.1429 0.0262 -73.200419
-8.0143 -12.677 0.1283 -73.200069
-8.8146 -13.9429 0.1666 -73.19981
-8.2187 -14.5214 0.2948 -73.199533
-8.7411 -16.3672 0.5247 -73.1988
-10.0309 -17.8905 1.1419 -73.197868
-11.386 -19.3222 1.89 -73.196965
-12.7254 -20.8552 2.392 -73.196114
-14.0432 -22.4116 2.6217 -73.195101
-14.6972 -24.3185 2.0715 -73.193871
-15.5306 -26.234 2.0482 -73.192532
-16.1094 -27.8038 2.3068 -73.191374
-14.7796 -28.9827 3.1257 -73.190404
-13.6062 -30.5844 3.6202 -73.189429
-12.2537 -32.1091 3.9089 -73.188452
-11.1222 -33.7683 4.2796 -73.18747
-10.1932 -35.2295 5.196 -73.186486
-9.3619 -36.7283 6.3117 -73.185497
-8.5851 -38.2492 7.4144 -73.184505
-7.5935 -39.8435 8.2499 -73.18351
-6.8916 -41.4349 9.2193 -73.182507
-6.2727 -43.3267 9.6108 -73.181502
-5.7427 -44.6215 10.9758 -73.180488
-5.2774 -45.3085 12.8612 -73.17947
-4.5701 -46.2857 12.7646 -73.178449
-3.9187 -47.0128 11.0346 -73.177423
-3.487 -47.3534 9.0584 -73.176388
-3.1601 -48.3203 10.2056 -73.175348
-2.5906 -49.7167 11.29 -73.174315
-2.064 -51.2649 10.2609 -73.173274
-1.9023 -53.0628 10.2828 -73.172232
-1.2374 -53.7481 8.8883 -73.171177
-0.2338 -55.4757 8.438 -73.170124
0.9268 -57.1391 8.1846 -73.169068
2.1659 -58.7648 8.26 -73.168007
2.7966 -60.3652 9.2072 -73.16694
3.5606 -62.0815 8.7826 -73.16587
4.1051 -63.9769 8.2533 -73.164792
4.7728 -65.8913 8.0534 -73.163714
5.555 -67.7898 8.1794 -73.162633
5.4215 -69.7319 8.5591 -73.161548
5.3722 -71.1779 9.39 -73.160456
6.6015 -72.8224 9.4344 -73.159362
7.9091 -74.3345 9.4579 -73.158263
9.1469 -75.9691 9.4502 -73.157161
10.0298 -77.8076 9.4917 -73.156056
10.7723 -79.6982 9.5101 -73.154946
12.3735 -80.8411 9.4583 -73.153835
13.4145 -82.6176 9.4397 -73.152719
14.1594 -84.5026 9.6273 -73.151598
14.908 -86.352 10.0263 -73.150474
15.6285 -88.1574 10.421 -73.149348
16.2688 -90.0988 10.1972 -73.148217
16.8061 -92.0324 10.2983 -73.147085
18.0591 -93.5211 10.9131 -73.145949
19.0692 -95.1762 11.592 -73.14481
20.0514 -96.8019 12.3554 -73.14367
20.7986 -98.4251 13.1509 -73.142525
22.3425 -99.643 13.6764 -73.141377
23.1324 -101.4525 13.8694 -73.140228
24.2278 -103.1764 13.8286 -73.139075
25.7948 -104.4654 13.8973 -73.137921
27.3532 -105.7951 13.951 -73.136765
28.4996 -107.4233 13.9547 -73.135607
30.0108 -108.56 13.6639 -73.134445
31.1081 -108.6091 12.0588 -73.133262
29.9694 -109.9097 10.9348 -73.131989
28.8308 -111.2104 9.8109 -73.130746
27.6922 -112.511 8.6869 -73.129533
26.8377 -113.4766 7.7017 -73.128334
28.1153 -111.9666 8.2837 -73.127063
29.3929 -110.4565 8.8658 -73.125823
30.6706 -108.9464 9.4479 -73.124614
31.1787 -108.9746 10.7509 -73.123396
31.0798 -109.3078 12.7833 -73.122174
31.1974 -110.3892 14.0207 -73.120974
31.8589 -112.2436 14.4776 -73.119781
32.2207 -114.0808 14.8897 -73.118586
32.3754 -116.0895 14.7382 -73.117391
33.2282 -117.7627 14.1097 -73.116196
34.0263 -119.6079 13.7086 -73.115003
34.4263 -121.5938 13.4703 -73.113809
34.6735 -123.5948 13.4834 -73.112617
34.4631 -125.6138 13.6554 -73.111427
35.477 -127.1975 13.9548 -73.110241
36.4488 -128.3733 14.9241 -73.10905
36.0423 -130.1872 15.3722 -73.107856
35.1621 -131.5518 15.4371 -73.106669
35.6418 -129.8523 14.8263 -73.105493
35.0348 -128.0619 14.2107 -73.10432
35.5446 -129.8444 14.1534 -73.103149
35.6291 -131.8577 14.0497 -73.101985
34.8485 -133.6181 13.7199 -73.100828
34.2995 -135.3089 12.7219 -73.099676
33.9891 -137.2127 12.2496 -73.098533
34.6951 -139.1364 12.158 -73.097397
34.4342 -141.0719 12.4762 -73.09627
34.9496 -142.8915 13.1328 -73.09515
35.1207 -144.6736 12.8365 -73.094041
36.0553 -146.4708 12.5635 -73.092943
36.5162 -147.9232 11.2272 -73.091851
37.0821 -149.6924 10.5935 -73.090777
38.1845 -151.3675 10.8233 -73.089717
38.9786 -152.5573 11.4668 -73.088669
38.5512 -154.4927 11.7745 -73.087631
38.9845 -156.4817 12.0272 -73.086607
38.8087 -158.4686 12.102 -73.085602
39.4316 -160.3993 12.1561 -73.084615
40.017 -162.1492 11.7738 -73.083646
39.9044 -164.0643 11.3068 -73.0827
40.4166 -165.9089 10.6066 -73.081773
41.3853 -167.5493 10.7632 -73.080872
42.1247 -169.1267 11.6727 -73.079994
42.1485 -170.8263 12.6221 -73.079141
41.2541 -172.1527 13.7028 -73.078318
41.3329 -173.6405 14.3131 -73.077523
41.6008 -174.8677 12.6805 -73.076756
41.8738 -176.7997 12.275 -73.076024
42.7438 -178.5456 11.9564 -73.075327
43.2439 -180.4578 12.0397 -73.074667
43.3656 -182.4295 12.4106 -73.074044
43.6747 -184.2146 13.2717 -73.07346
44.1736 -186.1236 13.8383 -73.072919
44.3535 -187.9066 14.7675 -73.072421
44.8726 -189.5685 15.6922 -73.071969
45.4404 -191.1005 14.5715 -73.071566
46.1386 -192.9259 14.1459 -73.071213
46.6287 -194.8895 13.783 -73.070914
47.9055 -196.4354 13.3908 -73.070669
49.0241 -197.9564 13.467 -73.070482
49.8322 -199.3762 13.2319 -73.070354
51.04 -200.3986 12.0409 -73.070289
-16.8109 -27.3553 2.8101 -73.191499
-17.497 -28.3029 4.2038 -73.190794
-18.1984 -29.271 5.5067 -73.190107
-18.2577 -29.3412 3.7473 -73.189308
-18.2679 -29.344 1.9276 -73.188529
-18.2781 -29.3467 0.108 -73.18777
-18.2883 -29.3494 -1.7116 -73.187032
-18.2985 -29.3522 -3.5313 -73.186316
-18.8534 -30.5664 -3.9808 -73.185609
-18.8107 -32.318 -3.8597 -73.184898
-19.3066 -34.0554 -3.7456 -73.184184
-18.9488 -34.5418 -2.2544 -73.183464
-18.3075 -35.7012 -1.0566 -73.182741
-18.003 -37.2922 -0.254 -73.182017
-17.2153 -38.7422 0.5062 -73.181291
-17.2992 -40.1694 1.5541 -73.18056
-17.1185 -41.7267 2.3954 -73.179826
-17.083 -42.8762 3.6698 -73.179086
-17.3639 -44.4413 4.545 -73.178344
-18.2212 -45.6938 5.2818 -73.177604
-18.9632 -46.7735 4.1464 -73.17686
-19.2427 -47.6114 2.5633 -73.176108
-19.7572 -49.1601 2.2576 -73.175361
-20.0441 -50.8741 2.5491 -73.174614
-20.3286 -52.4364 3.2684 -73.173866
-19.8077 -53.8024 3.6098 -73.173116
-19.2008 -54.6661 2.2731 -73.172361
-18.7221 -56.0354 2.9434 -73.171603
-18.7365 -56.729 4.1896 -73.170846
-18.8997 -58.1413 5.2798 -73.170093
-18.8149 -59.8936 5.7078 -73.169343
-18.9822 -61.072 7.0484 -73.168592
-19.3934 -62.5349 8.0119 -73.167849
-19.547 -63.8484 9.0694 -73.167104
-19.5772 -65.5723 8.63 -73.166369
-19.258 -67.3139 8.3405 -73.165639
-19.7508 -69.0603 8.364 -73.164917
-19.9946 -70.8175 8.7102 -73.1642
-19.8037 -72.5539 9.1873 -73.163491
-19.7201 -74.3251 9.5635 -73.162789
-20.2567 -75.9938 9.7611 -73.162097
-19.7758 -77.7066 9.8918 -73.161416
-19.8692 -79.394 10.0722 -73.160747
-20.6153 -80.6503 10.7965 -73.16009
-20.8101 -82.0334 11.1362 -73.15945
-21.8468 -83.2751 10.5156 -73.158826
-22.3598 -84.646 11.4203 -73.158219
-22.8139 -86.2646 12.0203 -73.157631
-22.9433 -87.4114 13.1988 -73.157059
-23.2601 -88.7922 14.1473 -73.156511
-23.5187 -90.5915 14.1567 -73.155991
-23.7693 -92.3875 14.2837 -73.155498
-23.9193 -94.161 14.5659 -73.155031
-24.765 -95.4177 14.2775 -73.154596
-25.6946 -96.5629 13.7452 -73.154193
-26.3361 -98.2508 13.7081 -73.153825
-26.22 -99.6251 14.4174 -73.153489
-26.029 -100.2322 16.1217 -73.153193
-25.98 -100.9366 17.7977 -73.152939
-26.1774 -101.1961 19.58 -73.152724
-26.4133 -101.3806 21.3748 -73.152563
-26.5757 -102.9017 22.0388 -73.152454
-26.565 -104.1061 22.8298 -73.152398
-10.4886 -18.1238 0.6694 -73.197103
-10.4015 -18.057 0.4643 -73.196556
-11.3637 -19.3353 1.4826 -73.195901
-12.4409 -20.4928 2.3203 -73.195127
-13.7335 -21.882 2.6066 -73.194288
-14.3525 -23.4451 1.6476 -73.193442
-14.7639 -24.7529 0.4153 -73.192594
-15.0123 -25.6795 -1.2982 -73.191739
-14.7483 -27.3027 -2.2341 -73.190882
-14.1682 -28.7546 -3.3613 -73.190019
-14.1335 -30.3237 -2.5621 -73.18915
-14.176 -32.0715 -1.7097 -73.188279
-14.076 -33.7889 -0.9359 -73.187404
-13.8862 -35.6563 -1.4771 -73.186525
-13.5408 -37.5381 -1.8551 -73.185643
-12.9254 -39.3671 -2.0095 -73.184754
-12.8947 -41.2639 -2.5483 -73.183863
-12.5093 -43.0891 -2.3969 -73.182968
-11.8636 -44.7358 -1.5183 -73.182064
-11.3409 -46.4019 -0.6056 -73.181156
-11.0233 -47.5467 0.9658 -73.180238
-10.5913 -48.4457 2.6789 -73.179322
-10.1405 -50.0833 3.3431 -73.178403
-10.2934 -51.7904 2.9275 -73.17748
-10.88 -52.8858 1.4404 -73.176549
-11.0363 -54.4811 1.7038 -73.175618
-11.1458 -56.3254 2.378 -73.174682
-10.357 -57.7555 3.4384 -73.173742
-10.1358 -58.8326 4.9901 -73.172796
-10.3077 -60.6124 5.6598 -73.171846
-11.2813 -62.2927 6.0116 -73.170894
-11.7958 -64.1934 6.181 -73.169938
-12.4342 -66.0517 6.3974 -73.168977
-11.9522 -67.7789 6.8906 -73.168011
-11.6762 -69.0382 8.2561 -73.167042
-11.713 -70.0381 9.9612 -73.16607
-11.8555 -70.9146 11.6774 -73.165088
-12.8132 -71.5235 13.2459 -73.164108
-13.5753 -72.2336 12.7301 -73.163124
-14.1638 -73.7043 11.8882 -73.162138
-14.4131 -75.2707 10.815 -73.161151
-13.5782 -77.0011 10.3425 -73.160159
-13.3259 -78.9499 10.1371 -73.159165
-13.3622 -80.9141 10.3308 -73.158171
-14.2376 -82.5066 10.9807 -73.157176
-14.7845 -84.1023 11.9265 -73.156177
-15.3519 -85.4422 12.6525 -73.155176
-15.7865 -86.6616 12.098 -73.154172
-16.5522 -87.7496 13.5364 -73.153168
-17.1687 -89.5648 13.8022 -73.152166
-18.2162 -91.1682 13.885 -73.151163
-19.5493 -92.634 13.9514 -73.15016
-20.3209 -94.4426 13.8656 -73.149157
-21.0095 -96.2837 13.6721 -73.148155
-21.3384 -97.8523 13.9673 -73.147144
-21.6939 -97.8965 15.9193 -73.146123
-22.3276 -98.0602 17.7316 -73.145118
-21.887 -98.9874 16.7979 -73.144105
-22.8153 -99.7306 15.3374 -73.143108
-24.3779 -100.6691 14.7056 -73.142116
-24.3457 -102.6276 14.3888 -73.141131
-24.5768 -104.5617 14.2213 -73.140152
-24.8282 -106.5067 14.2205 -73.139178
-25.0574 -108.4614 14.1941 -73.138211
-25.5558 -110.3378 14.0236 -73.137251
-26.9412 -111.6652 13.5497 -73.136299
-27.6548 -113.1993 12.651 -73.135357
-27.9593 -114.1646 11.0361 -73.134414
-28.3565 -115.3746 10.0919 -73.133495
-29.1471 -116.4978 9.0352 -73.132584
-29.5399 -117.0458 7.1689 -73.131678
-29.9596 -117.6548 5.3281 -73.130792
-30.9613 -118.935 4.5188 -73.129928
-32.1435 -120.2324 4.6581 -73.12908
-32.9363 -121.0473 6.2793 -73.128246
-33.621 -122.2206 7.5953 -73.127436
-33.9105 -123.585 8.7937 -73.126644
-34.4873 -124.3869 10.3397 -73.125876
-35.0405 -125.7656 11.4307 -73.125135
-34.701 -127.6323 11.772 -73.12442
-35.3063 -129.4991 11.9181 -73.123732
-35.9903 -131.3268 11.7835 -73.123074
-37.6819 -132.1342 11.31 -73.122448
-38.5009 -133.4806 10.3217 -73.121855
-38.4967 -134.7419 8.9782 -73.121295
-39.2613 -136.1191 9.0235 -73.120776
-39.6486 -137.8732 9.0943 -73.120297
-40.3927 -139.5578 8.4232 -73.119862
-41.3357 -141.2284 8.0319 -73.119473
-41.7461 -143.1332 7.6854 -73.11913
-42.0138 -145.0056 7.4829 -73.118838
-41.9887 -146.6225 8.5512 -73.118598
-43.1363 -148.1444 8.915 -73.118415
-43.8626 -149.8828 8.3731 -73.118289
-44.926 -151.4033 7.7386 -73.118225
-9.353 -14.8211 0.2731 -73.199407
-11.0559 -15.5864 0.7158 -73.198683
-12.8605 -15.9487 1.177 -73.197791
-14.323 -16.6873 2.6356 -73.196139
-15.6273 -17.7486 4.2904 -73.194754
-16.5612 -19.3299 4.837 -73.194127
-17.0333 -20.2944 6.2453 -73.193423
-17.8874 -21.5361 7.3823 -73.192701
-18.8508 -22.9769 8.1796 -73.191978
-19.5099 -24.5801 8.9543 -73.191249
-19.7318 -25.6734 10.3712 -73.190512
-19.6375 -26.5275 11.987 -73.189767
-20.9183 -27.5166 12.4491 -73.189024
-21.2964 -29.0814 13.3143 -73.188275
-21.83 -30.7644 14.0149 -73.187522
-22.4092 -32.288 14.7504 -73.186763
-23.1716 -32.8787 16.4102 -73.185992
-23.4458 -33.3976 17.1662 -73.185227
-23.9797 -35.1098 17.8018 -73.184455
-25.2888 -36.4276 18.1128 -73.183681
-26.4013 -37.9363 18.2431 -73.182905
-27.2908 -39.5473 18.3867 -73.182123
-28.9068 -40.2841 18.3568 -73.181338
-28.8386 -41.8551 18.071 -73.180548
-30.0593 -43.3052 18.0707 -73.179756
-30.6546 -44.9959 18.2212 -73.178959
-31.4097 -46.5757 18.3297 -73.178158
-32.6885 -47.8644 18.2798 -73.177355
-33.6705 -49.4532 18.3794 -73.176552
-34.3435 -51.1833 18.7706 -73.175747
-35.0428 -52.643 19.7515 -73.174938
-35.9334 -53.9164 20.8542 -73.17413
-36.4958 -55.5633 21.6175 -73.173322
-37.1515 -57.2664 22.1901 -73.172515
-37.503 -58.9135 22.7742 -73.171703
-37.2767 -60.629 23.5408 -73.17089
-38.3487 -62.1152 24.0868 -73.170082
-38.7835 -63.8894 24.6417 -73.169275
-39.0307 -65.5698 25.4324 -73.168471
-39.2448 -67.4312 25.7075 -73.167668
-39.4113 -69.2406 26.1323 -73.16687
-38.2265 -70.1613 27.1367 -73.166075
-37.9293 -71.6381 28.1838 -73.165281
-36.7386 -72.8721 28.5562 -73.164495
-35.4143 -74.1273 28.8617 -73.163717
-33.8413 -75.1427 29.2839 -73.162928
-32.9832 -76.7229 29.5771 -73.162164
-33.6399 -75.092 29.1649 -73.161395
-33.1635 -76.3575 28.5144 -73.160642
-32.6394 -77.9449 29.3953 -73.1599
-31.5586 -79.4236 29.8926 -73.159159
-30.8094 -81.0765 30.3763 -73.158435
-31.5811 -82.6547 30.6865 -73.157736
-31.7168 -84.5489 30.8274 -73.157054
-31.5105 -86.4537 30.8357 -73.156392
-31.5377 -88.3667 30.7633 -73.15575
-31.4829 -90.279 30.6456 -73.15513
-31.9235 -92.1277 30.4947 -73.154536
-32.2806 -93.9944 30.2829 -73.153969
-33.2826 -95.4749 30.073 -73.153429
-34.2923 -96.3147 29.212 -73.152919
-33.7984 -97.5646 29.0456 -73.15244
-33.365 -98.5644 30.3242 -73.151994
-34.9529 -99.5888 30.5864 -73.151588
-35.3561 -101.2379 30.5528 -73.151221
-35.425 -102.1901 29.7785 -73.150896
-35.4381 -103.6106 30.0236 -73.150617
-35.4329 -104.9525 28.8355 -73.150387
-35.4888 -106.6151 28.0477 -73.150211
-35.1318 -108.0258 29.2064 -73.150089
-34.5346 -109.5447 30.0645 -73.150027
-15.445 -16.6758 3.4162 -73.194747
-17.1123 -16.5493 2.7023 -73.19413
-18.8242 -16.1183 2.2844 -73.193436
-20.5247 -15.3962 2.2003 -73.192729
-22.3116 -15.3473 2.4856 -73.192019
-24.0423 -14.9367 2.9859 -73.191302
-25.7912 -14.8802 3.5418 -73.190579
-27.6376 -14.8877 3.7424 -73.189853
-29.4617 -14.8882 3.7168 -73.189122
-31.2202 -15.3922 3.5297 -73.188384
-32.7539 -15.8243 2.9445 -73.187637
-34.0829 -16.2305 1.7975 -73.186888
-35.3566 -17.1047 0.7776 -73.186135
-36.7811 -17.3591 0.0703 -73.18538
-38.4049 -17.2529 0.8951 -73.184622
-40.1857 -16.9717 1.2216 -73.183859
-41.9745 -17.3706 1.348 -73.183091
-43.6645 -17.7288 1.1737 -73.182318
-45.1638 -16.9527 0.472 -73.181543
-46.3865 -16.2335 -0.6264 -73.180761
-48.1583 -16.038 -0.1893 -73.179974
-49.5586 -16.5997 0.7893 -73.179182
-50.6275 -17.7832 1.5574 -73.178389
-52.4581 -17.9497 1.6886 -73.177592
-54.2203 -17.8442 1.1278 -73.176793
-55.6575 -18.4041 0.1681 -73.175988
-57.139 -19.2179 -0.5793 -73.175181
-58.8775 -19.6978 -0.9928 -73.174372
-60.4992 -20.5497 -0.8751 -73.173563
-62.2699 -20.9516 -0.784 -73.172752
-63.9605 -21.4851 -1.2025 -73.171932
-65.769 -21.6468 -1.2364 -73.171118
-67.4074 -21.948 -2.0416 -73.170302
-69.2303 -22.0478 -2.2783 -73.169487
-71.0405 -22.3933 -2.2 -73.16867
-72.76 -22.6876 -1.8978 -73.167855
-74.4248 -22.1245 -1.3042 -73.167041
-75.468 -21.5676 0.0962 -73.166227
-76.805 -21.0117 0.8974 -73.165415
-78.6304 -21.1688 0.7939 -73.16461
-80.2126 -21.6023 1.4208 -73.163808
-81.9055 -21.4802 1.8938 -73.163012
-83.3789 -20.5725 2.4839 -73.16222
-84.8475 -20.092 3.3977 -73.161437
-85.8797 -19.4106 4.4732 -73.160657
-86.9877 -17.9771 4.3817 -73.159889
-88.4094 -16.917 4.436 -73.159131
-89.1332 -16.2863 5.8123 -73.158375
-89.6827 -16.0961 7.5766 -73.157633
-90.6073 -14.9923 8.5732 -73.156912
-91.6573 -14.5236 9.9347 -73.156206
-92.216 -13.6924 11.4126 -73.155509
-93.3323 -12.5367 11.3011 -73.154841
-94.3529 -11.3333 10.4637 -73.154192
-95.9243 -11.359 10.3327 -73.153565
-97.085 -12.6874 10.4076 -73.152963
-98.637 -11.9209 10.4364 -73.152386
-99.8512 -10.5582 10.1484 -73.15184
-101.1467 -9.2581 9.9913 -73.151324
-102.9108 -8.8466 10.0308 -73.150841
-104.2043 -7.6318 10.4372 -73.150396
-105.7848 -7.7377 11.2376 -73.149989
-107.5295 -7.7352 11.7584 -73.149623
-108.7114 -6.5165 12.2914 -73.149302
-108.6826 -5.013 12.9437 -73.149024
-109.4316 -4.9691 14.0337 -73.148797
-110.9911 -5.321 13.2911 -73.148622
-112.3812 -4.7789 12.2565 -73.148503
-113.4541 -4.4164 10.8172 -73.148441
-15.5545 -17.632 4.3033 -73.194792
-16.8149 -18.3686 5.0193 -73.194281
-18.1535 -17.7371 5.9254 -73.1937
-19.3957 -17.6568 7.1162 -73.193106
-20.6245 -17.4395 8.329 -73.192509
-21.4073 -17.0773 9.8446 -73.191905
-22.3291 -16.4593 11.1562 -73.1913
-23.7986 -16.4039 12.1053 -73.190693
-24.636 -16.4397 13.5353 -73.190074
-26.0492 -16.413 14.4153 -73.18946
-26.5091 -16.6788 16.0866 -73.18883
-27.6416 -17.5424 16.452 -73.18821
-28.9683 -17.6171 17.1518 -73.187588
-30.2529 -16.8642 18.0015 -73.186964
-31.8112 -16.9615 18.7079 -73.186334
-32.7125 -16.0015 17.8716 -73.185706
-33.9732 -15.3124 17.8919 -73.185074
-35.5154 -14.9405 18.541 -73.184441
-36.8148 -15.2621 19.6037 -73.183806
-38.1095 -15.3947 20.6532 -73.183172
-39.3709 -15.3085 20.5665 -73.182531
-39.9084 -15.4165 22.2463 -73.181885
-41.4898 -16.1032 22.568 -73.18125
-43.1935 -16.3081 22.9719 -73.180617
-44.8671 -16.1005 23.426 -73.179987
-46.5874 -16.255 23.8037 -73.179357
-48.2806 -16.146 24.1613 -73.178736
-49.8848 -15.6408 24.6252 -73.178117
-51.569 -15.5809 25.1077 -73.177506
-53.1934 -15.8717 25.7123 -73.176902
-54.8397 -16.0518 26.2602 -73.176303
-56.4663 -15.7486 26.8593 -73.175718
-57.6381 -14.8744 27.7621 -73.175144
-58.8394 -13.7889 28.4214 -73.174582
-60.1932 -13.1386 29.3328 -73.17403
-61.8304 -12.6017 29.6751 -73.173496
-63.5039 -12.1508 29.7076 -73.172979
-64.8861 -11.121 29.4315 -73.17248
-65.5954 -10.0293 28.2627 -73.172
-66.3587 -9.069 29.1123 -73.171542
-67.3994 -7.9254 29.8988 -73.171108
-68.8854 -7.8686 29.963 -73.1707
-70.5505 -7.352 29.9726 -73.170322
-72.0497 -6.4284 30.0037 -73.169974
-73.5599 -5.5098 29.9785 -73.16966
-74.8786 -4.3323 29.9264 -73.169372
-76.2236 -3.1844 29.9023 -73.169133
-77.2186 -1.7362 29.9278 -73.168935
-78.2778 -0.5048 29.7779 -73.168783
-79.9939 -0.3567 29.5292 -73.168679
-81.6519 -0.1123 29.479 -73.168625
-15.2282 -17.1379 4 -73.195012
-15.8134 -17.8487 4 -73.194984
-16.4306 -18.5318 4 -73.19497
-13.8552 -16.3527 0.6773 -73.197244
-6.8126 -12.9962 0.0714 -73.199908
-5.8684 -15.48 0.0572 -73.199269
-5.4058 -18.0693 0.0621 -73.198453
-4.8048 -20.6622 0.1442 -73.197428
-4.2378 -23.1032 0.3354 -73.196156
-4.2185 -23.3173 3.0099 -73.194094
-4.1991 -23.5292 5.6846 -73.192021
-3.9404 -24.0329 8.0609 -73.189981
-2.9465 -26.4423 7.8893 -73.187915
-2.9898 -29.1239 7.9366 -73.1858
-2.8312 -31.7921 8.079 -73.183632
-2.7737 -34.4658 8.0848 -73.181409
-3.1335 -36.1267 6.8772 -73.179091
-2.9668 -36.5649 4.2354 -73.176711
-3.5563 -38.3842 2.8887 -73.174307
-4.3063 -40.3834 1.497 -73.171831
-4.1208 -42.6459 0.2252 -73.169295
-4.2362 -43.7827 0.8959 -73.167276
-3.8312 -43.4159 2.8085 -73.165848
-3.4263 -43.0492 4.7211 -73.164448
-3.0214 -42.6825 6.6338 -73.163074
-2.6164 -42.3158 8.5464 -73.161729
-2.2115 -41.949 10.459 -73.16041
-1.8006 -41.5642 12.3611 -73.159118
-1.0504 -39.8462 12.7392 -73.1578
0.1758 -38.6585 13.5417 -73.156477
1.5902 -38.0395 13.8599 -73.155123
3.2347 -39.0768 14.2093 -73.153762
3.2862 -40.8715 14.6526 -73.152382
3.0921 -42.2179 15.9515 -73.150983
3.289 -43.8273 17.0278 -73.149568
3.7676 -45.0577 18.3989 -73.148125
5.3853 -45.2551 17.5078 -73.146663
6.4565 -45.5185 16.2146 -73.145154
6.4601 -45.5688 14.2263 -73.14362
7.3041 -46.1013 15.3965 -73.142072
7.7212 -46.6728 17.2551 -73.140492
8.2906 -47.8462 18.7417 -73.138903
8.7291 -49.4862 19.2615 -73.137733
9.1255 -50.9461 19.7272 -73.137018
10.0364 -52.2198 19.9693 -73.136305
10.7133 -53.6545 20.0389 -73.135592
11.8089 -54.3454 19.5071 -73.134873
12.1976 -54.6669 17.9921 -73.134154
13.1099 -54.8336 16.8714 -73.133438
13.5838 -54.6626 15.3738 -73.13268
13.6588 -54.6533 13.7788 -73.131818
13.7337 -54.644 12.1838 -73.130984
13.8087 -54.6347 10.5888 -73.130177
13.8837 -54.6254 8.9938 -73.129397
13.9586 -54.6161 7.3988 -73.128645
14.0336 -54.6068 5.8038 -73.12792
14.1085 -54.5975 4.2088 -73.127223
14.1663 -54.5744 2.6132 -73.12645
14.2206 -54.5486 1.0176 -73.125676
14.2749 -54.5228 -0.5781 -73.124932
14.3293 -54.497 -2.1737 -73.124218
14.3836 -54.4712 -3.7694 -73.123533
14.4379 -54.4454 -5.365 -73.122878
13.7113 -55.8095 -5.5929 -73.122242
13.1825 -57.2536 -6.0072 -73.121614
12.9567 -58.7053 -6.561 -73.120998
12.6682 -60.0281 -7.37 -73.120394
12.3514 -61.5353 -7.7387 -73.119802
11.9771 -63.0578 -7.8716 -73.119225
11.7617 -64.6275 -7.7751 -73.118663
11.4655 -65.9109 -8.3481 -73.118115
11.6675 -66.9063 -9.5712 -73.117584
11.728 -68.3207 -9.6289 -73.117069
11.6975 -68.4625 -8.07 -73.116573
11.4235 -69.5735 -7.0162 -73.116101
11.1196 -70.8404 -6.109 -73.115651
11.0275 -71.8722 -4.9846 -73.115221
11.2426 -73.2528 -4.3725 -73.114816
10.7531 -74.6674 -3.9199 -73.114438
10.425 -76.2016 -3.7062 -73.114086
10.77 -77.7411 -3.6532 -73.113762
11.0786 -79.2552 -3.6604 -73.113468
11.425 -80.7723 -3.755 -73.113206
11.2996 -82.2807 -4.0128 -73.112976
11.9706 -83.6675 -4.3963 -73.112781
12.7118 -84.5829 -3.8154 -73.11262
13.1706 -85.4159 -2.5821 -73.112498
13.3664 -86.853 -1.9391 -73.112414
13.3682 -87.667 -0.8755 -73.112372
8.6263 -48.9248 19.7774 -73.137769
8.971 -49.5407 20.9869 -73.137131
9.2099 -51.0475 20.8184 -73.136497
10.0927 -52.2943 20.5532 -73.135868
10.6868 -53.724 20.4404 -73.135244
11.4461 -54.1517 19.6321 -73.134612
11.5442 -54.2966 18.1881 -73.133987
12.9332 -54.8812 18.406 -73.133373
13.2774 -55.294 19.8309 -73.132749
13.7729 -56.2787 20.5319 -73.132145
14.3885 -57.7019 20.5127 -73.131546
15.16 -59.0485 20.6431 -73.130956
15.6443 -60.0525 21.5504 -73.13037
16.2084 -60.988 22.5631 -73.129793
17.2577 -61.2039 23.519 -73.129227
18.4454 -61.8839 23.9975 -73.128673
19.1422 -63.2514 24.2481 -73.128129
19.671 -63.8624 25.3071 -73.127588
20.2623 -64.3588 26.3522 -73.127066
21.638 -65.0559 26.1487 -73.12656
22.7173 -66.1327 25.8633 -73.126039
23.7256 -67.2733 25.5197 -73.125543
24.6112 -68.47 25.1932 -73.125079
24.9681 -69.954 24.971 -73.124634
24.9964 -70.9802 24.2159 -73.124187
24.9684 -71.117 22.6615 -73.123742
24.9404 -71.2538 21.1072 -73.12333
24.9124 -71.3907 19.5528 -73.122953
24.8648 -71.4567 17.9963 -73.122606
24.9221 -71.7069 16.7213 -73.122286
25.4185 -72.6144 17.5247 -73.121984
25.5779 -72.8182 19.0637 -73.121707
25.6724 -73.1458 20.5059 -73.121465
25.5385 -73.7136 21.7923 -73.121247
25.5469 -73.9336 23.3373 -73.12106
25.5553 -74.1535 24.8823 -73.120911
26.4257 -75.2629 24.9859 -73.120798
26.2037 -76.801 24.991 -73.120721
26.3234 -78.3421 25.0702 -73.120682
-4.7208 -44.7161 -0.023 -73.167617
-5.1299 -46.1818 0.6944 -73.166843
-5.3697 -46.9913 2.259 -73.166065
-5.7718 -48.0995 3.5791 -73.165287
-6.3113 -49.4357 4.5711 -73.164504
-6.1052 -51.0319 5.3148 -73.163719
-5.9754 -52.7323 5.8136 -73.162931
-5.3005 -54.3124 6.0843 -73.162139
-5.5666 -55.9139 6.2159 -73.161343
-6.3626 -57.4622 6.4728 -73.160545
-7.4327 -58.7683 6.9386 -73.159742
-8.3123 -60.0607 7.6969 -73.158936
-9.2075 -61.5771 7.5449 -73.15813
-10.0182 -63.1512 7.7642 -73.15732
-10.4982 -64.8336 7.9938 -73.156509
-11.098 -66.494 8.2496 -73.155694
-11.5795 -68.0917 8.8213 -73.154876
-11.4778 -69.48 9.814 -73.154059
-11.3768 -70.9824 10.6772 -73.153237
-11.1615 -72.6665 10.9417 -73.152412
-11.9531 -74.0675 10.3517 -73.151587
-12.2253 -75.2856 9.1163 -73.15076
-12.386 -76.5528 7.8889 -73.149934
-12.4919 -77.8973 6.8778 -73.149105
-12.6418 -79.6702 6.7282 -73.148277
-12.8923 -81.2283 7.3625 -73.147448
-13.0636 -82.0267 8.8276 -73.146612
-12.8375 -83.2389 8.8894 -73.145783
-12.4716 -84.694 8.0205 -73.144954
-12.6797 -85.5671 7.0599 -73.144124
-12.5183 -84.1321 6.1622 -73.143289
-12.5292 -84.0813 7.3739 -73.142455
-11.895 -85.6688 7.8198 -73.141624
-11.5229 -87.2946 8.4116 -73.140797
-10.3324 -88.1124 9.2259 -73.139974
-10.675 -89.8262 9.467 -73.139151
-11.2148 -91.4903 9.7261 -73.138337
-11.4919 -93.2205 9.9224 -73.137528
-11.8689 -94.9605 9.9938 -73.136724
-12.2215 -96.7085 9.9892 -73.135929
-12.5548 -98.4528 9.9031 -73.13514
-13.101 -100.1246 9.6027 -73.134361
-13.6123 -101.6942 9.0552 -73.13359
-14.5178 -102.8115 8.0351 -73.132827
-14.732 -103.8321 6.6289 -73.132072
-14.736 -104.949 5.3416 -73.131328
-14.7897 -105.5564 3.6632 -73.130595
-14.9175 -106.1934 2.0059 -73.129877
-14.8119 -107.3154 0.66 -73.129182
-14.3904 -108.3157 -0.7477 -73.128498
-14.0768 -109.6227 -1.5126 -73.127838
-14.1581 -111.3783 -1.2027 -73.127196
-14.4574 -112.7137 -0.3129 -73.126572
-14.5581 -113.8268 1.0481 -73.125971
-14.5629 -114.7419 2.5821 -73.125391
-14.3372 -115.8187 3.9677 -73.124839
-14.0073 -116.8255 5.38 -73.124313
-13.5104 -118.0936 6.4955 -73.123816
-13.0668 -119.695 6.5246 -73.123349
-12.4966 -121.0534 5.5568 -73.122915
-12.0851 -122.6625 5.1356 -73.122514
-12.5004 -124.2153 4.474 -73.122149
-12.6759 -125.9354 4.076 -73.121823
-13.0189 -127.5669 3.9008 -73.121536
-13.6129 -129.2115 3.7998 -73.121292
-14.5095 -130.7248 3.617 -73.121092
-15.1909 -132.314 3.2206 -73.120939
-16.0458 -133.6469 2.4524 -73.120835
-17.0046 -135.0632 2.0492 -73.120781
-3.6471 -8.0538 -0.0157 -73.200542
-1.3228 -8.9468 -0.0471 -73.200034
0.9314 -9.9936 -0.0832 -73.199487
2.6625 -11.7633 -0.1495 -73.19881
3.884 -13.4015 -0.8686 -73.197735
4.2751 -14.1359 -3.2157 -73.195356
4.6663 -14.8703 -5.5627 -73.19301
5.0575 -15.6047 -7.9097 -73.190696
5.4487 -16.3392 -10.2567 -73.188416
5.5082 -15.6747 -11.481 -73.1867
5.7528 -14.1284 -10.9972 -73.185632
5.1317 -14.013 -9.0503 -73.184534
5.6382 -14.026 -8.2186 -73.183373
7.6439 -14.2766 -7.8039 -73.182193
9.6042 -14.0356 -7.3728 -73.18103
11.4824 -13.5321 -6.7322 -73.179841
12.4397 -13.1153 -5.3274 -73.178624
13.1732 -12.7275 -3.4442 -73.177366
14.0029 -12.5015 -1.5695 -73.176079
14.9232 -12.6143 0.2611 -73.174766
16.0509 -12.8503 1.9217 -73.173424
17.2291 -12.7352 3.6117 -73.172036
18.6969 -13.072 4.9744 -73.170648
20.4387 -12.843 5.9867 -73.169227
22.2399 -12.9948 6.2182 -73.168197
23.7688 -13.3762 5.9788 -73.167583
25.0057 -12.6222 5.3936 -73.166969
26.3571 -12.2571 4.8087 -73.166354
27.8738 -11.9691 4.5669 -73.165737
29.2461 -11.1445 4.4391 -73.16512
30.8012 -10.7714 4.3716 -73.164505
32.3851 -10.5715 4.2891 -73.16389
33.2233 -10.1298 4.9983 -73.163271
34.0663 -9.8024 5.9221 -73.162655
35.5597 -9.845 6.5062 -73.162042
36.9026 -9.7278 7.2501 -73.161431
38.2463 -9.5474 7.9246 -73.160825
39.7277 -9.1425 8.3952 -73.160223
41.1759 -8.7377 8.951 -73.159627
42.5633 -8.3419 9.5488 -73.159033
43.7337 -8.1277 8.583 -73.158445
45.1311 -8.0308 7.9631 -73.157866
46.5242 -8.3092 7.3517 -73.157298
47.4104 -8.3281 6.0274 -73.156733
48.547 -8.1523 4.9694 -73.156182
50.1277 -8.0481 4.8161 -73.155643
51.0302 -8.412 5.9293 -73.155106
52.4231 -8.5023 6.17 -73.154591
53.895 -8.5955 6.6905 -73.154088
54.9911 -8.7652 7.7616 -73.153601
56.4893 -8.9904 7.679 -73.153134
57.587 -10.1308 7.9043 -73.152686
59.0801 -10.6364 8.1455 -73.152257
60.6014 -11.0022 8.4608 -73.151852
61.9959 -11.5958 8.0265 -73.15147
62.9752 -11.9724 7.058 -73.151108
63.4644 -12.0743 5.5381 -73.150774
64.0395 -11.9612 4.047 -73.150465
64.4337 -11.9546 2.4888 -73.150186
64.823 -11.932 0.9297 -73.149942
65.2041 -11.8836 -0.6309 -73.149734
65.5558 -11.8356 -2.1985 -73.149563
65.8976 -11.7879 -3.7682 -73.149432
66.4194 -11.7876 -5.282 -73.149344
66.4944 -12.5596 -6.6605 -73.149299
21.8035 -12.9643 5.5087 -73.168085
22.2928 -12.8975 4.0421 -73.167268
22.782 -12.8307 2.5755 -73.166478
23.2713 -12.7639 1.1089 -73.165714
23.7606 -12.6971 -0.3578 -73.164976
24.2499 -12.6303 -1.8244 -73.164265
24.7391 -12.5635 -3.291 -73.16358
25.2284 -12.4967 -4.7576 -73.162922
25.7177 -12.4299 -6.2242 -73.16229
26.2069 -12.363 -7.6908 -73.161684
26.8935 -12.3131 -8.9994 -73.1611
27.9931 -12.1349 -10.0456 -73.160524
29.4155 -12.0244 -10.5719 -73.159952
30.9321 -12.139 -10.7879 -73.159389
32.4337 -12.4908 -10.7732 -73.158827
33.7283 -13.0404 -10.3346 -73.158276
34.9591 -13.7394 -9.781 -73.157731
36.3049 -14.3754 -9.3611 -73.157193
37.7863 -14.4064 -8.971 -73.156656
38.9765 -14.4204 -8.3072 -73.156129
39.509 -14.5028 -6.8771 -73.155617
40.803 -14.1184 -7.3333 -73.155123
42.1172 -13.7343 -7.9502 -73.154642
43.481 -14.2451 -8.4653 -73.154178
44.8322 -14.6862 -9.0455 -73.153731
46.2199 -15.1571 -9.5418 -73.153301
47.4998 -15.7968 -10.1041 -73.152892
48.4919 -16.341 -10.9949 -73.152502
49.2648 -16.5571 -12.2212 -73.152133
50.6437 -17.0063 -12.5265 -73.151791
52.1626 -17.2199 -12.7123 -73.151475
53.5098 -17.9199 -12.5815 -73.151187
54.8261 -18.5114 -12.0649 -73.150928
56.0144 -19.3898 -11.6485 -73.150701
57.1511 -20.3793 -11.2981 -73.150506
58.5784 -20.83 -11.009 -73.150348
59.5198 -21.3446 -11.6244 -73.150223
59.9152 -21.5013 -13.1121 -73.150139
60.3293 -21.6363 -14.5919 -73.150096
5.542 -17.4481 -11.9734 -73.186871
5.2752 -19.0549 -12.8511 -73.186166
4.5319 -20.5356 -13.6308 -73.185455
4.2842 -21.2679 -12.1504 -73.184728
4.5234 -21.5541 -11.2061 -73.184008
5.0916 -22.5097 -9.9139 -73.183278
5.6355 -23.6108 -8.5295 -73.182544
6.4022 -24.9693 -7.5369 -73.181806
6.6335 -26.3097 -6.3211 -73.181065
7.1852 -27.3717 -7.4784 -73.180313
7.7638 -28.2275 -9.037 -73.179559
9.1599 -28.8455 -10.0123 -73.178806
10.2945 -29.4271 -11.2255 -73.178049
12.0307 -29.9265 -10.7637 -73.177286
13.7255 -30.5864 -10.4924 -73.17652
15.1918 -31.515 -11.0288 -73.175752
16.7178 -31.6949 -12.0524 -73.174979
18.2188 -31.9125 -13.1144 -73.174203
19.9511 -32.1969 -13.7295 -73.173423
21.5074 -33.0418 -14.1745 -73.172612
22.8543 -34.2615 -14.6414 -73.171797
24.0059 -35.5947 -15.1729 -73.171006
24.5296 -37.1036 -15.7174 -73.170213
24.7232 -37.5624 -17.5262 -73.169407
25.1008 -38.2263 -19.2142 -73.168602
26.3789 -39.4506 -19.5884 -73.167806
28.1291 -39.8596 -20.0602 -73.167008
29.3513 -39.6098 -21.3429 -73.166207
30.6809 -38.9744 -22.3478 -73.165405
31.8544 -39.4408 -23.699 -73.164601
32.7072 -40.1312 -24.5207 -73.163798
34.1875 -40.0661 -24.2388 -73.162994
35.3747 -39.954 -25.6606 -73.162191
36.0556 -40.1808 -27.3735 -73.161378
37.1117 -40.5409 -28.8636 -73.160576
37.9499 -40.8975 -30.5002 -73.159777
38.8019 -40.6861 -32.1277 -73.158979
39.8174 -40.5169 -33.6425 -73.158189
40.8901 -40.7217 -35.068 -73.157406
42.5305 -41.61 -35.2384 -73.15663
44.3755 -41.8861 -35.4176 -73.155861
45.9871 -42.2694 -36.0731 -73.155098
47.4878 -43.2765 -36.1873 -73.154331
49.3319 -43.6209 -36.2065 -73.153559
51.1887 -43.712 -36.2324 -73.152821
53.0372 -43.4731 -36.3042 -73.152096
54.8899 -43.6769 -36.497 -73.151388
56.6959 -43.5991 -36.9065 -73.150693
58.2639 -44.1277 -37.6876 -73.150014
59.5341 -44.5902 -38.7803 -73.149347
60.5988 -45.0677 -39.8571 -73.148705
61.8729 -46.2433 -40.1922 -73.148083
63.3313 -46.5896 -41.0735 -73.147482
64.0217 -46.6763 -42.7931 -73.1469
64.5704 -46.7494 -44.583 -73.146345
64.8703 -46.6711 -46.4334 -73.145798
65.1687 -46.5915 -48.2839 -73.145298
65.5964 -46.5388 -50.1097 -73.144829
65.7108 -46.4215 -51.9702 -73.14436
65.6981 -46.2783 -53.8407 -73.143932
65.6854 -46.1351 -55.7113 -73.14356
65.6727 -45.9919 -57.5819 -73.143244
65.7296 -45.7497 -59.4403 -73.142967
65.8135 -45.4694 -61.2934 -73.142743
66.0243 -45.0935 -63.1166 -73.142573
66.1717 -44.6856 -64.9394 -73.142456
66.3305 -44.1781 -66.4646 -73.142396
5.6517 -16.7814 -12.2027 -73.186462
5.689 -16.9607 -13.7308 -73.184967
5.7263 -17.14 -15.259 -73.183504
5.7636 -17.3194 -16.7872 -73.182073
5.8009 -17.4987 -18.3154 -73.180672
5.8383 -17.678 -19.8436 -73.179303
5.8756 -17.8574 -21.3717 -73.177966
5.9129 -18.0367 -22.8999 -73.176659
5.9502 -18.216 -24.4281 -73.175384
5.9875 -18.3954 -25.9563 -73.17414
6.0248 -18.5747 -27.4845 -73.172926
6.0621 -18.754 -29.0126 -73.171744
6.0994 -18.9334 -30.5408 -73.170593
6.1367 -19.1127 -32.069 -73.169472
6.1741 -19.292 -33.5972 -73.168383
6.2114 -19.4714 -35.1254 -73.167324
6.2487 -19.6507 -36.6536 -73.166296
6.286 -19.83 -38.1817 -73.165299
6.3233 -20.0094 -39.7099 -73.164332
6.3606 -20.1887 -41.2381 -73.163397
6.3979 -20.368 -42.7663 -73.162491
6.4352 -20.5474 -44.2945 -73.161617
6.4725 -20.7267 -45.8226 -73.160772
6.5099 -20.906 -47.3508 -73.159959
6.5472 -21.0854 -48.879 -73.159175
6.5845 -21.2647 -50.4072 -73.158423
6.6218 -21.444 -51.9354 -73.1577
6.6591 -21.6234 -53.4635 -73.157008
6.6964 -21.8027 -54.9917 -73.156346
6.7337 -21.982 -56.5199 -73.155715
6.771 -22.1614 -58.0481 -73.155114
6.8083 -22.3407 -59.5763 -73.154543
6.8457 -22.52 -61.1045 -73.154002
6.883 -22.6994 -62.6326 -73.153492
6.9394 -22.8766 -64.1572 -73.153011
8.1498 -22.8799 -64.1006 -73.152549
8.9886 -23.516 -62.989 -73.152098
9.9314 -24.3205 -62.1091 -73.151663
10.5435 -25.411 -61.3105 -73.15124
11.1641 -26.7642 -60.9602 -73.150836
11.7371 -28.177 -61.0516 -73.15045
12.2468 -29.4991 -61.4619 -73.150083
12.6299 -30.7915 -61.1111 -73.149736
13.0367 -32.212 -60.6823 -73.149411
13.4206 -33.6473 -60.2909 -73.149109
13.672 -35.0666 -59.8345 -73.148834
13.7802 -36.5811 -60.0484 -73.148588
13.7177 -38.0731 -60.4184 -73.148371
13.5658 -39.5761 -60.7091 -73.148185
13.3014 -41.0704 -60.6511 -73.148032
13.3571 -42.0105 -59.4467 -73.147914
13.5377 -43.0476 -58.3404 -73.147833
13.6333 -44.0606 -57.3331 -73.147792
-2.4565 -0.91 0.0523 -73.205215
-2.8293 2.667 0.2464 -73.20962
-3.0866 6.216 0.7208 -73.214133
-2.2413 9.6979 1.5153 -73.218773
-0.7404 12.7593 0.9662 -73.223504
0.227 15.8879 -1.0884 -73.228547
0.5524 20.1154 -1.9386 -73.233923
0.4575 24.418 -2.5408 -73.23946
0.4389 27.3767 -5.5178 -73.245175
-0.013 29.9656 -8.7108 -73.251064
-0.1419 14.3216 0.264 -73.226031
0.8616 14.8245 1.2959 -73.227396
2.5303 15.409 3.4469 -73.229971
5.0961 15.9466 3.8822 -73.232673
7.8356 16.5695 3.9069 -73.235526
10.5566 17.2922 4.0994 -73.238499
13.2701 17.9524 4.5537 -73.241624
15.8121 18.8134 4.7988 -73.2449
17.2134 19.7132 4.344 -73.247238
17.5574 19.3689 4.0634 -73.247061
-0.9274 14.3109 0.2417 -73.225984
-2.5488 14.1754 0.0246 -73.225696
-4.1702 14.04 -0.1925 -73.225442
-5.6969 13.9854 -0.1496 -73.225217
-6.0083 14.0245 0.9686 -73.225016
-4.7591 13.8534 0.1003 -73.224838
-4.5248 13.8442 -1.5168 -73.224648
-4.3735 13.8457 -3.1513 -73.224494
-4.2222 13.8471 -4.7858 -73.224382
-4.0708 13.8486 -6.4202 -73.224311
-3.7648 13.9278 -8.018 -73.224281
-3.1571 14.1597 -9.5252 -73.224293
-2.5409 14.9686 -10.6984 -73.224349
-0.6612 32.5013 -8.9792 -73.254775
-1.3441 34.6869 -8.6538 -73.257572
-2.5162 37.7967 -7.959 -73.261812
-4.0883 40.798 -9.2426 -73.266122
-6.1771 43.4321 -10.5669 -73.270497
-7.4526 45.9637 -12.4793 -73.274946
-8.199 48.9959 -14.3148 -73.279518
-8.488 52.2581 -16.0262 -73.284213
-8.9751 55.6713 -17.3793 -73.288981
-8.9724 59.3456 -17.9864 -73.293818
-8.8355 62.9598 -18.9326 -73.298727
-8.1651 65.7964 -21.101 -73.303713
-8.071 69.4931 -21.2598 -73.308769
-8.0725 72.7987 -19.5494 -73.313509
-8.8931 75.9303 -20.6534 -73.317377
-9.8467 77.8663 -22.8286 -73.32075
-10.916 79.9845 -24.8489 -73.324154
-11.8107 82.572 -26.461 -73.327803
-13.9622 85.1541 -28.0376 -73.331694
-15.428 87.4195 -30.0798 -73.335632
-16.2874 89.1284 -32.8169 -73.338997
-17.1302 91.8068 -33.4334 -73.341775
-16.6579 94.7355 -33.3269 -73.344569
-16.2793 97.4317 -32.2507 -73.347374
-16.0966 100.3779 -31.8618 -73.350192
-15.6048 103.2146 -31.8672 -73.353856
-15.0646 104.6984 -30.0846 -73.358374
-14.4099 106.6313 -31.3901 -73.362892
-13.9013 109.3975 -31.7321 -73.367418
-13.1382 112.1018 -31.8855 -73.371951
-12.0288 114.6912 -32.2205 -73.376493
-9.9615 116.491 -32.7147 -73.381038
-8.3964 118.5551 -33.6954 -73.385588
-7.0441 120.3709 -35.2413 -73.390145
-16.3107 103.1222 -31.2609 -73.353908
-17.0106 105.6108 -30.0258 -73.358444
-17.7104 108.0993 -28.7907 -73.362902
-18.4103 110.5878 -27.5556 -73.367282
-19.1321 113.0846 -26.3544 -73.371584
-20.0839 115.6275 -25.7828 -73.37586
-21.6544 117.8269 -26.4818 -73.380143
-22.4041 120.0541 -28.0006 -73.384438
-23.8204 121.9956 -29.2918 -73.388734
-16.2837 88.4956 -30.6847 -73.340082
-16.9057 88.45 -28.8674 -73.34497
-17.5277 88.4044 -27.0501 -73.349795
-18.1496 88.3588 -25.2328 -73.354555
-18.7716 88.3131 -23.4155 -73.359249
-19.3936 88.2675 -21.5982 -73.363877
-20.0155 88.2219 -19.7808 -73.368438
-20.6375 88.1763 -17.9635 -73.37293
-21.2595 88.1307 -16.1462 -73.377354
-21.8814 88.0851 -14.3289 -73.381707
-22.5034 88.0394 -12.5116 -73.38599
-23.1253 87.9938 -10.6943 -73.390201
-23.7473 87.9482 -8.8769 -73.394339
-24.3693 87.9026 -7.0596 -73.398404
-24.9912 87.857 -5.2423 -73.402394
-25.6132 87.8114 -3.425 -73.40631
-26.2352 87.7657 -1.6077 -73.410149
-26.8571 87.7201 0.2096 -73.413912
-27.4791 87.6745 2.0269 -73.417597
-28.1011 87.6289 3.8443 -73.421203
-28.723 87.5833 5.6616 -73.424729
-10.6474 82.0467 -25.97 -73.327006
-9.8973 83.5702 -26.7997 -73.329255
-8.9166 84.4636 -28.1497 -73.331523
-7.9416 85.635 -29.2349 -73.333809
-6.7633 86.7616 -30.2244 -73.336106
-5.9934 87.8877 -31.5 -73.338419
-4.805 89.0805 -31.9871 -73.340745
-4.0074 90.0975 -33.2964 -73.3431
-3.642 91.5318 -34.1524 -73.345454
-3.5504 92.2381 -35.0395 -73.347823
-2.6112 93.3175 -34.37 -73.350208
-1.4138 94.7914 -34.5426 -73.352591
-0.1697 96.0984 -35.117 -73.354982
0.8889 97.112 -35.3375 -73.357381
1.8787 97.6218 -33.8386 -73.359788
3.297 98.6527 -34.2066 -73.362182
4.478 100.1526 -34.2331 -73.364568
5.7259 101.6013 -34.2783 -73.366954
6.9236 103.076 -34.3329 -73.369325
8.2378 104.4594 -34.2789 -73.371686
9.708 105.6324 -34.1824 -73.374026
11.0242 106.9149 -34.1788 -73.376354
12.03 108.5293 -34.2938 -73.378659
12.8387 110.237 -34.4028 -73.380938
13.6986 111.9172 -34.2947 -73.383189
14.9808 113.3035 -34.0183 -73.385404
16.3534 114.5382 -33.5266 -73.387582
-8.0122 74.6652 -19.0128 -73.316787
-7.3733 74.7434 -17.1393 -73.318914
-6.2129 74.8717 -15.5661 -73.321036
-4.6588 75.1485 -14.4836 -73.323168
-2.9313 75.2005 -13.5318 -73.325317
-1.1908 75.5548 -14.025 -73.327482
0.2492 75.4182 -15.2751 -73.329667
1.6994 75.2949 -16.4498 -73.33186
3.456 75.8724 -16.5978 -73.334069
4.909 77.061 -16.0201 -73.33629
6.3489 78.0205 -15.2054 -73.338519
7.6777 78.1558 -16.557 -73.340771
9.1932 78.8939 -17.1669 -73.343024
10.3243 80.3116 -17.9293 -73.345281
11.8031 81.2429 -18.8099 -73.347539
13.3202 82.0201 -19.7154 -73.349801
14.672 82.8734 -20.8357 -73.35206
15.8195 84.0369 -21.4716 -73.354312
17.3968 85.0052 -21.5241 -73.356559
19.1523 85.9091 -21.6233 -73.358797
20.835 86.8367 -21.5731 -73.361023
22.3782 87.6805 -22.4819 -73.363241
23.6336 88.6822 -23.6145 -73.365437
25.3121 89.236 -24.4178 -73.367611
26.9271 90.1776 -25.069 -73.369806
28.5711 91.1435 -25.6063 -73.371997
30.1849 92.1759 -26.0934 -73.374097
31.906 93.0582 -26.3886 -73.37615
33.349 94.3802 -26.2354 -73.378161
34.682 95.7638 -25.7885 -73.380125
36.0698 96.9946 -25.1164 -73.382039
-9.1332 71.1226 -19.9391 -73.31398
-11.2049 71.3971 -19.3463 -73.319261
-12.2503 72.1505 -17.4371 -73.324651
-13.2771 72.9723 -16.3017 -73.330139
-15.0629 74.4381 -16.0237 -73.33572
-17.1889 75.3374 -15.9102 -73.341416
-18.7708 76.7954 -16.5998 -73.347223
-20.2396 77.7578 -18.0502 -73.353155
-21.4318 79.2493 -19.3169 -73.35919
-22.4493 80.8848 -20.0685 -73.363756
-23.644 82.5321 -19.9209 -73.366769
-25.2693 83.8199 -19.7197 -73.369807
-26.4282 85.5474 -19.5741 -73.372875
-27.4271 87.2915 -19.7394 -73.375976
-28.2555 88.0894 -18.5764 -73.379136
-28.4362 88.7812 -16.6121 -73.382338
-28.7184 89.4709 -14.6555 -73.385536
-28.5952 90.5234 -12.9306 -73.388747
-28.0087 92.2281 -11.8717 -73.39198
-28.1824 93.3344 -10.523 -73.395245
-28.881 94.9101 -9.3484 -73.398531
-29.1637 96.6406 -8.2343 -73.401834
-29.7507 98.589 -7.8416 -73.405157
-31.2546 100.014 -7.7767 -73.408499
-32.9856 101.1833 -7.8435 -73.411848
-34.438 102.6859 -7.93 -73.41522
-35.8645 104.1959 -8.077 -73.418603
-37.7492 105.0636 -8.2888 -73.421991
-39.7252 105.5106 -8.4883 -73.425397
-41.4274 106.5542 -8.4275 -73.428818
-22.5697 79.9845 -21.0657 -73.363988
-23.5049 79.5868 -23.0086 -73.367117
-24.7357 79.2357 -23.1851 -73.369949
-26.0186 79.7983 -22.2548 -73.372798
-27.6912 80.6895 -21.9109 -73.375668
-29.3246 81.7314 -21.4655 -73.378557
-31.1306 82.4861 -21.4143 -73.381465
-32.9071 83.2024 -21.5235 -73.384401
-34.8537 83.2248 -21.3716 -73.387356
-36.6622 83.819 -20.8419 -73.390333
-38.0322 83.5029 -19.5874 -73.393337
-39.4902 83.5562 -18.2934 -73.396354
-40.9141 84.0358 -17.0459 -73.399389
-42.4783 85.0996 -16.5078 -73.40243
-44.0118 86.2891 -16.2793 -73.405485
-45.0805 86.8165 -17.3328 -73.408614
-45.3985 87.0849 -19.2874 -73.411732
-46.0085 87.5938 -21.1008 -73.414867
-46.5256 87.8633 -23.0125 -73.418009
-47.0124 88.1443 -24.9307 -73.421159
-48.0466 88.8001 -25.8124 -73.424273
-49.3531 89.8139 -24.8517 -73.427389
-23.4169 79.5945 -22.041 -73.365701
-7.4755 47.1812 -14.128 -73.277474
-6.6397 46.9581 -15.442 -73.278008
-6.0885 47.0624 -16.854 -73.278521
-5.6785 47.4504 -18.3124 -73.279027
-5.0375 48.1975 -19.4234 -73.279519
-4.9376 48.8586 -20.8471 -73.28
-4.8994 49.5688 -22.2208 -73.280467
-4.8067 50.8524 -23.1201 -73.280914
-4.348 52.1399 -23.896 -73.281362
-3.8636 53.4258 -24.6617 -73.281773
-3.2759 54.7308 -25.2965 -73.282147
-2.6137 56.0992 -25.6637 -73.282489
-1.9972 57.5231 -25.7699 -73.282801
-0.7472 58.4335 -25.8246 -73.283079
0.1834 59.5702 -25.9895 -73.283319
1.0556 60.8294 -26.3063 -73.283518
1.4265 62.1744 -26.9168 -73.283672
1.2466 63.3678 -27.9187 -73.283778
0.8615 64.5278 -28.8693 -73.283833
-1.2039 34.2315 -8.7378 -73.257614
-2.1645 36.692 -8.3921 -73.261918
-3.11 39.1845 -8.3928 -73.266322
-3.9026 40.3411 -6.7187 -73.270834
-4.4638 40.8393 -4.1593 -73.275468
-5.2514 41.2336 -1.6507 -73.280203
-6.4986 41.3875 0.6577 -73.285034
-6.9016 41.3668 3.1344 -73.290006
-8.3244 41.1475 5.0228 -73.295041
-9.0777 42.2825 6.6587 -73.29962
-10.4818 44.1286 6.7312 -73.303707
-12.0542 45.877 6.472 -73.307868
-13.7926 47.4551 6.7415 -73.312107
-14.3287 48.7274 8.6097 -73.316442
-14.2892 50.0448 10.5825 -73.320845
-14.3831 52.2013 11.5125 -73.32532
-15.4653 54.1641 11.5993 -73.329872
-15.9872 56.1264 10.7348 -73.334509
-15.9935 58.493 10.4465 -73.339224
-16.6674 59.2873 8.5547 -73.344052
-17.4698 59.7595 6.3608 -73.348956
-17.8092 61.9411 6.2291 -73.353923
-19.8136 62.8997 6.5069 -73.358992
-21.3274 63.1601 7.9551 -73.364172
-22.8218 64.0013 9.1439 -73.368564
-24.7396 64.6596 9.7419 -73.372126
-25.9313 65.6939 8.2209 -73.375733
-27.3521 67.091 7.1443 -73.379389
-27.8515 68.7801 5.7356 -73.383092
-28.9706 70.1238 4.2552 -73.386832
-29.8302 71.1977 2.3661 -73.390623
-30.5772 72.9481 2.3143 -73.394462
-31.2511 73.9836 4.3225 -73.398342
-31.8836 74.7971 6.3519 -73.402271
-33.4979 76.3178 6.0157 -73.406221
-35.3494 77.7054 5.6794 -73.410209
-36.2359 77.7987 3.4859 -73.414263
-36.823 78.2142 1.2302 -73.418359
-37.2962 78.8752 -1.0041 -73.422488
-38.0777 79.5243 -3.1351 -73.426631
-38.5828 79.8578 -5.4262 -73.430837
-40.1286 80.7679 -6.86 -73.435044
-41.8887 81.3717 -5.9333 -73.439291
-43.201 81.2826 -4.0378 -73.443586
-44.3102 81.7185 -2.0187 -73.447896
-23.2557 64.0561 8.131 -73.36799
-24.9649 64.9635 8.1844 -73.3704
-26.0616 65.9005 8.9001 -73.37288
-26.305 66.1448 10.8713 -73.375399
-26.4364 66.2766 12.8582 -73.377893
-26.7662 66.3845 14.8041 -73.380399
-28.2543 66.3369 15.7942 -73.382912
-29.7596 66.2207 16.7645 -73.385454
-29.8152 66.2528 18.7633 -73.388012
-30.2709 66.9957 19.6957 -73.390583
-31.7156 67.9135 20.4594 -73.393183
-32.1409 69.5247 21.5115 -73.395793
-33.0427 71.1208 22.2483 -73.398408
-33.7682 72.7602 23.0868 -73.40103
-34.714 74.4169 23.6586 -73.403653
-35.5114 76.0162 24.4887 -73.40628
-35.8784 77.7991 25.2812 -73.408914
-36.6919 79.4931 25.9091 -73.411547
-37.5921 81.2366 26.1638 -73.41417
-37.9648 82.9348 26.6532 -73.416802
-38.1232 84.1537 28.0096 -73.419415
-37.4894 85.6297 29.04 -73.422015
-37.0034 87.4849 29.1485 -73.424599
-36.7841 89.4485 29.2879 -73.427248
-36.3959 91.4052 29.448 -73.429868
-9.6387 41.5186 6.3846 -73.298241
-11.2133 41.8239 6.3128 -73.299516
-12.0979 42.4791 4.8865 -73.300817
-13.2557 43.35 3.9751 -73.302124
-14.2423 43.577 2.4577 -73.303449
-15.3556 43.71 1.0276 -73.304782
-15.9894 44.5732 -0.4476 -73.30613
-16.6871 45.12 -2.0478 -73.307485
-17.7188 45.8368 -3.2857 -73.308855
-18.5783 46.8498 -4.5254 -73.310231
-19.9074 47.2662 -5.6939 -73.311613
-21.5852 47.5437 -6.3542 -73.312998
-22.9761 48.6597 -6.3259 -73.314382
-24.3563 49.8697 -6.2079 -73.31577
-25.8552 50.8966 -6.0169 -73.317152
-27.0962 51.9486 -5.4199 -73.318539
-27.9482 52.3876 -3.9646 -73.319926
-29.654 52.5789 -3.9322 -73.321299
-30.6445 52.9077 -5.3714 -73.322667
-32.0441 53.5066 -6.2656 -73.324022
-33.4656 54.634 -6.5349 -73.325361
-34.9544 55.5474 -7.0531 -73.326679
-36.2819 56.6634 -7.6004 -73.327976
-37.6486 57.8611 -7.7756 -73.329252
-38.5034 59.4777 -7.6459 -73.3305
-39.3718 61.0534 -7.2838 -73.33171
-40.2991 62.551 -6.7638 -73.332883
-41.2384 64.045 -6.261 -73.334018
-41.8614 65.6914 -5.7694 -73.335105
-42.4591 67.2851 -5.1652 -73.336143
-43.3383 68.5969 -4.4191 -73.337126
-44.4522 70.0317 -4.1392 -73.338045
-45.5063 71.5345 -4.0501 -73.3389
-46.5569 73.035 -4.1531 -73.339683
-47.8716 74.2263 -4.5515 -73.340389
-48.8625 75.1738 -5.5759 -73.341012
-49.2408 75.7623 -7.2733 -73.34155
-49.4584 77.0985 -8.4631 -73.34199
-49.9501 78.752 -8.946 -73.34233
-51.026 79.8745 -9.2484 -73.342563
-51.28 79.9424 -10.8927 -73.342685
17.7044 20.951 4.9703 -73.248524
18.2015 22.2043 5.6044 -73.249818
18.6985 23.4577 6.2386 -73.251105
19.0912 25.152 6.8819 -73.252727
19.429 27.2733 6.757 -73.254716
20.0937 28.9393 5.4586 -73.256741
20.5192 30.5261 4.0181 -73.258806
21.7848 31.8769 2.8501 -73.260912
22.0977 33.1829 1.0434 -73.26306
23.2662 34.71 0.0406 -73.265238
23.7528 35.2305 -1.9989 -73.267464
24.4415 36.3316 -0.4475 -73.269734
25.2156 37.3871 1.3732 -73.27204
25.5431 38.1412 3.4507 -73.274389
26.3109 39.4951 5.0553 -73.276765
27.3125 40.7429 3.9319 -73.27918
27.6125 41.5008 5.9749 -73.28165
27.8649 42.4672 7.8245 -73.284151
28.5761 44.0126 9.106 -73.286681
29.3017 45.8785 9.8466 -73.289243
29.8444 47.4239 10.9837 -73.291859
29.8427 48.4745 12.9418 -73.294501
30.4043 50.5089 13.6559 -73.297173
32.2661 51.6774 14.0416 -73.299882
33.7432 53.3643 13.9508 -73.302623
35.3704 54.8773 13.6311 -73.3054
36.404 56.7929 13.1328 -73.308212
37.9566 57.9008 12.228 -73.311049
39.1636 59.6692 11.6914 -73.31392
40.7811 61.2139 11.412 -73.316825
42.5407 62.5144 11.7504 -73.319751
43.9242 63.8221 12.81 -73.322713
45.3908 65.165 13.6376 -73.325699
45.9271 67.2097 14.1714 -73.328701
46.6355 69.1359 14.3788 -73.331726
48.3635 70.1089 14.8857 -73.334775
49.6569 71.9103 15.1633 -73.337902
50.9513 73.7475 15.4455 -73.341048
52.8054 74.9337 15.6383 -73.344148
54.7263 75.5702 15.6827 -73.34726
56.0864 76.9982 15.657 -73.350384
57.1449 78.0802 14.4904 -73.35353
58.894 79.349 14.0314 -73.356673
60.9129 80.2627 14.3307 -73.359818
62.6887 81.5896 14.007 -73.362969
64.1912 82.1373 14.8133 -73.366136
65.3934 82.3955 16.5144 -73.369292
66.9021 83.2776 17.6975 -73.37243
67.4164 84.9808 18.6495 -73.375555
68.0681 86.9646 19.2519 -73.37865
18.9087 24.0362 7.1126 -73.251752
19.1476 18.9083 3.9431 -73.24813
20.9905 18.3979 3.8423 -73.249364
22.9152 18.2333 3.6481 -73.250623
24.7758 17.8958 3.3306 -73.251904
26.5871 18.0132 3.1308 -73.253209
28.3023 18.6484 3.6845 -73.25454
29.9424 18.8206 4.6508 -73.255893
31.2866 18.6601 5.9911 -73.257275
32.7096 18.1098 7.1234 -73.258679
34.1103 16.8391 7.543 -73.260104
35.4164 15.4177 7.7072 -73.261554
36.5618 14.0174 7.4707 -73.263026
38.0589 13.6462 6.35 -73.26452
39.8047 13.3092 5.8907 -73.266034
41.5119 12.7068 5.2455 -73.26757
42.8693 12.0614 4.0202 -73.26913
44.4573 11.3345 3.2295 -73.270709
45.9294 10.8303 2.4767 -73.272311
47.1014 10.1377 3.6205 -73.273928
48.3849 9.3089 4.6779 -73.27556
49.394 9.6773 6.2389 -73.277219
50.6478 10.0528 7.6185 -73.278891
51.9327 9.8336 9.0023 -73.280573
53.4883 10.1208 10.104 -73.282267
55.2334 9.8227 9.9071 -73.283971
57.0597 9.924 9.3135 -73.285785
58.8743 9.6526 8.6558 -73.287651
60.689 9.3812 7.9981 -73.289462
62.4959 9.1815 7.3186 -73.29122
64.0964 9.6659 6.3822 -73.292962
65.6128 10.0298 5.5676 -73.294707
66.3879 8.7348 6.61 -73.296457
67.0408 7.9267 8.2378 -73.298199
67.6184 7.3624 10.0083 -73.299944
68.2214 6.7991 11.7671 -73.301683
68.8557 6.3245 13.5452 -73.303402
69.5936 6.0215 15.3177 -73.305117
70.6128 5.6939 16.9232 -73.306805
71.846 5.1297 18.3139 -73.30846
73.446 5.6128 19.1551 -73.310096
75.1394 5.1362 19.9892 -73.311728
76.7792 5.1163 20.887 -73.313298
78.3203 5.541 21.9782 -73.314833
79.5543 6.0354 23.1887 -73.316325
80.477 6.477 24.7608 -73.317762
82.1371 6.4027 25.3832 -73.319147
83.992 6.8997 25.7174 -73.320474
85.8702 6.8251 26.0726 -73.321738
87.7509 6.7088 26.4848 -73.322931
89.6348 6.7028 26.6547 -73.324047
91.0074 6.4378 25.4152 -73.325077
92.1971 6.0461 24.0228 -73.326022
93.1627 5.5053 22.7795 -73.326891
93.4181 5.3578 20.8527 -73.327654
93.6827 5.205 18.9277 -73.328302
93.9559 5.0473 17.0042 -73.328829
94.7999 4.5071 17.8661 -73.329224
-1.9865 16.2264 -10.9822 -73.224439
-1.6114 17.3396 -11.0385 -73.224502
-1.1973 18.2526 -10.4886 -73.224551
-0.4899 18.8695 -10.968 -73.224585
0.4947 18.656 -11.4238 -73.224602
-5.9486 122.6202 -36.4545 -73.394708
-4.8563 124.4889 -38.1946 -73.399275
-3.4433 126.1431 -39.8024 -73.403836
-2.2407 128.597 -40.3971 -73.40839
-1.5188 131.295 -40.1613 -73.412941
-1.6696 134.0734 -40.2753 -73.417484
-2.517 136.7345 -40.7076 -73.42202
-3.2762 139.4376 -41.1589 -73.426545
-4.1563 142.1305 -41.3938 -73.431056
-4.9956 144.8475 -41.5126 -73.435554
-4.2109 147.46 -41.641 -73.440029
-3.9407 150.1251 -41.6099 -73.444489
-3.8535 152.9656 -41.6389 -73.448922
-3.8797 155.8081 -41.7765 -73.453335
-3.362 158.4701 -41.8809 -73.457723
-3.9026 161.1882 -41.8597 -73.462081
-4.6546 163.8938 -41.7416 -73.466408
-4.458 166.7321 -41.7051 -73.470699
-4.7248 169.4267 -41.9823 -73.474954
-5.9516 171.9513 -42.4086 -73.47917
-6.8697 174.6164 -42.5236 -73.483342
-7.1469 177.3942 -42.5991 -73.48747
-8.5483 179.5426 -43.6297 -73.491549
-9.0965 181.9163 -44.9846 -73.495586
-9.3572 184.5276 -45.8738 -73.49956
-10.3037 185.8819 -45.5629 -73.502432
-12.6165 185.7411 -44.527 -73.50417
-14.6492 185.7303 -43.1953 -73.505803
-16.2496 187.2653 -42.1906 -73.507348
-17.9145 189.1431 -41.8854 -73.508808
-19.4479 191.0685 -41.5909 -73.510179
-21.0169 192.9475 -41.0017 -73.511458
-22.4125 194.4386 -40.3024 -73.512642
-23.7068 195.9472 -39.0039 -73.513728
-25.0392 197.7028 -39.8911 -73.514711
-25.8175 200.0563 -40.2799 -73.515586
-26.6369 201.4551 -41.5533 -73.516351
-27.5289 202.2594 -40.2727 -73.517001
-29.472 203.3638 -40.3713 -73.517529
-31.4096 204.4733 -39.3932 -73.517933
-31.9894 205.4816 -37.1556 -73.51821
-32.896 206.6385 -35.2063 -73.518352
-33.7738 206.9925 -32.8727 -73.518355
-35.326 208.2821 -31.3862 -73.518215
-36.5537 210.18 -30.3332 -73.517926
-37.6503 212.1937 -29.5135 -73.517483
-38.7499 214.0475 -28.2022 -73.516879
-38.8366 216.2339 -27.1303 -73.516111
-39.8429 217.9451 -25.6872 -73.515171
-40.3547 220.3663 -25.6679 -73.514054
-9.0607 186.6005 -47.0068 -73.502615
-8.6412 188.5188 -48.1723 -73.504743
-7.9227 189.8909 -49.7878 -73.506807
-7.3389 191.2666 -51.5099 -73.508799
-6.8689 192.8579 -53.067 -73.510715
-6.5717 194.5306 -54.6272 -73.512555
-6.699 195.7688 -56.5782 -73.514317
-6.6007 197.3796 -57.9455 -73.515992
-5.361 198.4457 -59.4593 -73.517581
-4.0706 199.0919 -61.2062 -73.51908
-2.56 200.3359 -61.9713 -73.52048
-1.1767 202.1203 -62.473 -73.521781
0.1257 203.765 -63.1817 -73.522979
0.5779 205.9809 -62.9411 -73.52407
1.7705 207.8999 -62.7909 -73.525051
1.7806 210.0234 -63.3852 -73.525916
1.251 212.0868 -62.5412 -73.526662
0.3882 214.2228 -62.3899 -73.527283
-0.4598 216.2968 -62.9067 -73.527773
-1.2479 218.4121 -63.4146 -73.52813
-2.0973 220.5416 -63.7457 -73.528346
-3.4118 222.4275 -63.923 -73.528418
-5.2388 223.8332 -64.0726 -73.528339
-7.0057 225.2983 -64.337 -73.528105
-8.1122 227.0393 -64.9339 -73.527709
-8.3675 229.0243 -65.402 -73.527236
-8.7031 230.7886 -65.6689 -73.526747
-9.2813 232.5101 -65.8231 -73.526149
-9.2237 228.2929 -64.8468 -73.527373
-10.9382 228.5001 -64.259 -73.527129
-12.6565 228.7042 -63.682 -73.526752
-25.5183 124.0162 -29.3962 -73.392716
-26.4756 125.8583 -28.1987 -73.39639
-27.6755 127.8327 -27.6028 -73.40006
-27.9279 128.8492 -29.077 -73.403734
-28.5728 129.8586 -27.39 -73.40742
-29.4951 131.5172 -26.0388 -73.411077
-30.3172 133.5583 -25.0126 -73.414729
-30.9903 134.755 -23.0132 -73.41837
-31.8576 136.0757 -21.167 -73.421998
-32.9249 137.8539 -19.8699 -73.42561
-34.7749 138.8966 -19.3111 -73.429209
-36.3176 139.9122 -18.0849 -73.432784
-37.4604 141.3871 -16.8864 -73.436338
-38.6623 143.1941 -16.0632 -73.439874
-40.1691 144.5551 -14.9429 -73.443391
-41.2877 146.3296 -14.9203 -73.446883
-42.5778 148.1549 -14.027 -73.450344
-43.9866 149.9737 -13.1872 -73.453767
-45.0144 151.7833 -12.0503 -73.457159
-45.5532 153.8159 -10.8393 -73.460516
-46.3861 156.0367 -10.2537 -73.463834
-46.9837 158.3901 -9.9517 -73.467104
-47.8117 160.6751 -9.7756 -73.470333
-49.0447 162.6915 -9.706 -73.473511
-50.015 164.9082 -9.8518 -73.476638
-51.5234 166.8379 -9.9384 -73.479711
-52.9161 168.8061 -9.9279 -73.482725
-54.0733 170.9215 -9.7859 -73.485679
-55.7453 172.652 -9.5467 -73.488568
-57.6094 174.1497 -9.6472 -73.49139
-59.246 175.273 -8.9172 -73.494141
-60.6519 176.3429 -7.7572 -73.496817
-61.8971 178.3631 -7.4187 -73.499413
-62.7492 180.6081 -7.5045 -73.501928
-63.9736 182.7158 -7.7021 -73.504352
-65.2308 184.8141 -7.6187 -73.506683
-66.7492 186.7003 -7.6491 -73.508915
-68.417 188.4651 -7.7574 -73.511046
-69.4591 190.6092 -7.7695 -73.513068
-69.6776 192.1396 -9.5531 -73.514986
-70.6232 193.0213 -8.854 -73.516807
-70.9662 193.1386 -6.4297 -73.518502
-71.4596 193.5338 -4.0639 -73.520066
-72.1758 195.2071 -3.9513 -73.521481
-73.6159 196.7389 -5.1111 -73.522753
-74.8609 198.522 -6.148 -73.523878
-75.7426 199.5734 -7.6936 -73.524851
-75.3694 199.5725 -10.1146 -73.525677
-74.4019 199.6256 -11.6143 -73.526323
-73.8016 200.0979 -9.3728 -73.526796
-74.5843 201.3776 -7.8285 -73.527084
-75.66 202.8847 -6.3385 -73.527181
-76.7569 204.7933 -5.2692 -73.527079
-77.7876 206.5222 -4.0466 -73.526768
-78.7815 208.5213 -3.0989 -73.526243
-29.3228 87.5393 7.4141 -73.428052
-29.9005 87.4969 9.1019 -73.431182
-30.4781 87.4545 10.7898 -73.434241
-31.0558 87.4122 12.4776 -73.437229
-32.2782 87.1841 13.3671 -73.440161
-33.8866 86.6278 13.8875 -73.443095
-35.2533 87.1539 14.4242 -73.446028
-35.8481 87.8038 15.3321 -73.448954
-36.8463 86.9864 16.4788 -73.451877
-38.3951 86.3544 16.7879 -73.454788
-40.0436 86.842 16.4412 -73.457685
-41.676 86.6973 15.7688 -73.460573
-43.0795 86.67 14.6822 -73.463443
-44.7397 86.6061 14.8133 -73.466295
-46.2784 86.3685 14.6265 -73.469128
-47.931 85.969 14.7511 -73.471934
-49.3382 85.0184 15.2541 -73.474718
-51.0157 84.5548 15.4912 -73.477475
-52.76 84.3802 15.7377 -73.480194
-54.4766 84.1118 16.1326 -73.482878
-56.1575 83.722 16.5614 -73.485528
-57.6854 83.1665 17.2616 -73.488141
-59.449 83.0129 17.2864 -73.490704
-61.2047 83.1213 17.0316 -73.493216
-62.4985 83.4162 16.057 -73.495681
-64.2493 83.561 15.9695 -73.498091
-65.9938 83.4285 15.6473 -73.500445
-67.7202 83.5173 15.2308 -73.502735
-69.055 83.036 14.2322 -73.504959
-69.8653 82.2066 12.9383 -73.507114
-71.0115 81.258 11.9738 -73.509191
-72.4278 80.4398 11.5445 -73.511192
-73.698 79.222 11.6667 -73.513105
-74.8344 77.8746 11.8888 -73.514923
-76.1909 76.8138 12.1994 -73.516655
-77.7152 76.0674 12.6693 -73.518287
-79.2241 75.3783 13.2714 -73.519814
-80.5771 74.3384 13.7242 -73.521232
-81.948 73.2954 14.1285 -73.522535
-83.3128 72.1963 14.4348 -73.523715
-84.2563 70.7511 14.49 -73.524771
-85.9688 70.3467 14.3507 -73.525695
-87.6869 70.083 14.43 -73.526479
-89.1236 69.3762 14.9056 -73.527121
-90.0942 69.1674 16.3612 -73.527613
-91.4773 68.4273 17.0893 -73.527946
-93.1744 68.4543 17.5737 -73.528117
17.4714 115.5383 -32.7054 -73.389536
18.7181 116.515 -32.6736 -73.391284
19.4474 117.9165 -32.6863 -73.392993
20.2746 119.2604 -32.6312 -73.394668
21.0837 120.5882 -32.4636 -73.396303
21.7758 121.9988 -32.2416 -73.397895
22.3094 123.4582 -32.1155 -73.399443
23.1409 124.8071 -32.0128 -73.400941
23.9385 126.1782 -31.9172 -73.402392
25.0849 127.2066 -31.902 -73.403784
25.7601 127.3047 -33.2559 -73.405133
26.628 127.211 -34.5602 -73.406422
27.4583 127.1967 -35.7592 -73.40764
28.395 127.5305 -34.6253 -73.408788
29.5644 128.205 -33.8463 -73.40986
30.5696 128.6374 -32.8152 -73.410861
32.0051 129.043 -32.2921 -73.411779
33.4128 129.4399 -31.6761 -73.412611
34.7649 130.0848 -31.1622 -73.413354
36.07 130.7044 -30.5266 -73.414002
37.2954 130.2845 -29.7509 -73.414554
38.6668 129.8544 -29.4393 -73.415005
40.0959 129.824 -28.9371 -73.415349
41.6596 129.7812 -29.1527 -73.415584
43.163 129.7557 -29.5887 -73.415704
37.3605 97.6671 -24.1386 -73.383716
38.5247 98.3419 -23.3011 -73.385171
39.4075 98.7958 -22.0704 -73.386588
39.7833 99.3954 -20.6642 -73.387962
39.86 99.407 -19.0804 -73.389306
40.1939 99.8932 -18.7303 -73.390583
40.4963 100.318 -20.2174 -73.391816
41.4643 101.4944 -20.1061 -73.392983
42.3976 102.7119 -19.7798 -73.394089
43.1049 104.0833 -19.5568 -73.395133
44.0865 105.3182 -19.6544 -73.396107
44.7899 106.7249 -19.7113 -73.397011
45.9094 107.8469 -19.694 -73.39784
47.0015 108.9935 -19.6267 -73.398591
47.4874 110.1272 -19.5101 -73.39928
47.4694 110.2183 -21.0953 -73.399945
47.4514 110.3094 -22.6805 -73.400503
47.4334 110.4005 -24.2657 -73.400951
47.4153 110.4915 -25.8509 -73.401289
47.3973 110.5826 -27.4361 -73.401515
47.3793 110.6737 -29.0213 -73.401628
-43.1464 107.2097 -8.6051 -73.431984
-44.2349 108.3552 -9.2701 -73.434895
-45.5183 109.1815 -10.1573 -73.43781
-46.5455 110.332 -10.9218 -73.440727
-47.6198 111.4497 -11.7523 -73.443643
-48.7733 112.6103 -11.9929 -73.446559
-49.0763 114.3515 -11.8794 -73.449476
-49.3422 116.0762 -11.586 -73.452383
-49.7822 117.0822 -10.2937 -73.455292
-50.4256 118.2912 -9.1739 -73.458193
-50.9978 119.2379 -7.7863 -73.461088
-51.2625 120.0244 -6.2601 -73.463979
-51.6654 121.1492 -4.9912 -73.466846
-51.9476 122.7357 -4.2703 -73.469699
-52.5998 124.2212 -3.6393 -73.472532
-53.274 125.7541 -3.0637 -73.475338
-53.9887 127.1954 -2.3704 -73.478121
-53.963 128.1021 -0.9245 -73.480906
-54.6255 128.6873 -0.6995 -73.483672
-55.0557 128.8462 -2.4173 -73.486416
-55.7093 129.6088 -3.8029 -73.489098
-56.3904 130.5701 -3.4395 -73.491746
-57.2397 131.7558 -2.5815 -73.494358
-57.7383 132.4193 -1.0375 -73.496953
-58.1997 132.8604 0.5026 -73.499493
-59.135 134.2149 0.2827 -73.501977
-59.5411 135.9385 0.3726 -73.504405
-60.3211 137.5272 0.4547 -73.506776
-61.5615 138.7924 0.4272 -73.509086
-62.8427 140.0202 0.4049 -73.511338
-63.9756 141.337 0.4784 -73.513522
-65.5415 142.0698 0.6041 -73.515636
-66.8201 143.3029 0.6105 -73.517677
-67.9523 144.6731 0.6097 -73.51969
-69.0106 146.0943 0.6091 -73.52158
-69.7753 147.6531 0.6561 -73.523368
-69.9859 148.4831 2.1055 -73.525078
-70.4429 149.3779 3.3991 -73.526682
-71.6135 150.4383 2.691 -73.52818
-72.4835 151.5429 1.7355 -73.529569
-72.9227 152.8592 2.7049 -73.530848
-72.5877 154.4469 3.3601 -73.532006
-73.0119 156.1489 3.5593 -73.533041
-73.1545 157.8864 3.5882 -73.533944
-74.1953 159.319 3.6169 -73.534711
-74.932 160.9303 3.7174 -73.535337
-75.2192 162.6661 3.8423 -73.535814
-75.4158 163.3004 5.1393 -73.536145
-75.4017 163.5667 6.8972 -73.536314
-50.1374 90.531 -23.3634 -73.430326
-51.2673 90.8857 -22.5511 -73.433058
-52.7159 91.6607 -23.1098 -73.435782
-54.0702 92.6015 -23.357 -73.438502
-55.4386 93.0469 -22.4458 -73.441216
-56.998 93.6059 -21.9041 -73.443923
-58.5673 94.2413 -21.5078 -73.446618
-59.4515 94.8578 -20.2839 -73.449322
-60.3751 95.9904 -19.3491 -73.451989
-61.639 96.317 -18.2753 -73.454645
-62.5765 96.8459 -17.7339 -73.457282
-63.9654 97.6322 -17.7098 -73.459905
-65.6166 98.1559 -17.9424 -73.462504
-67.3141 98.5251 -18.0363 -73.465079
-68.9906 98.999 -17.9141 -73.46762
-70.4527 99.8368 -17.5623 -73.470134
-71.8636 100.5751 -16.8437 -73.472613
-73.2945 101.1084 -16.0241 -73.475053
-74.8032 101.5319 -15.3155 -73.477454
-76.2937 102.0431 -14.7677 -73.479812
-76.9439 103.3194 -13.9021 -73.482126
-77.7853 104.5384 -13.0235 -73.484389
-79.1174 105.4827 -13.5256 -73.486594
-80.5678 106.3785 -13.889 -73.488742
-81.9123 107.4474 -14.0602 -73.49082
-82.892 108.884 -14.1362 -73.492837
-83.7902 110.3676 -14.0768 -73.494786
-84.9748 111.6284 -13.8567 -73.496655
-86.2002 112.6963 -13.3076 -73.498453
-87.0479 113.9279 -12.479 -73.500168
-87.7411 115.4304 -11.9657 -73.501791
-88.823 116.6812 -11.5653 -73.503321
-89.4834 118.0465 -10.8065 -73.504755
-90.0558 119.4566 -9.9504 -73.506088
-90.8226 120.9302 -9.4429 -73.507311
-91.9586 122.2396 -9.3374 -73.508418
-92.8888 123.6775 -9.6286 -73.509407
-93.6083 125.2344 -9.9613 -73.510272
-94.4583 126.6908 -10.3334 -73.511007
-95.6371 127.179 -11.2403 -73.51161
-96.5223 128.3643 -11.7434 -73.51207
-97.3565 129.8343 -11.9607 -73.512383
-98.0187 131.4271 -12.0082 -73.512542
-44.8397 82.3848 -0.1022 -73.451732
-45.6858 82.6745 1.4762 -73.455096
-47.0854 83.466 2.0376 -73.458457
-47.9154 84.1261 0.6038 -73.461845
-48.4536 84.4912 -1.1078 -73.465234
-49.4629 84.7481 -2.3216 -73.468629
-50.8487 85.4683 -2.9272 -73.472038
-51.3634 86.2483 -4.138 -73.475486
-51.1604 85.8865 -5.9031 -73.478935
-51.4147 86.3329 -4.63 -73.482402
-51.3753 86.9211 -3.2026 -73.48585
-51.6511 88.546 -2.6095 -73.489295
-52.0008 89.4665 -3.9264 -73.492772
-52.6137 90.8015 -4.1725 -73.496236
-53.4473 92.4123 -3.9386 -73.499705
-53.8653 94.1635 -3.6555 -73.503176
-53.9519 95.9277 -3.215 -73.506649
-54.3051 97.4953 -2.5507 -73.510124
-54.5625 98.6898 -1.1952 -73.513587
-54.547 99.8234 0.1762 -73.517053
-54.2907 100.3598 1.9096 -73.520521
-54.7709 101.2087 3.4194 -73.523955
-54.4328 101.9413 3.8933 -73.527365
-53.0212 101.1678 3.092 -73.530759
-52.5222 101.109 4.5528 -73.534157
-54.1846 101.7537 4.4499 -73.537517
-55.6576 102.8136 4.5394 -73.540851
-56.499 104.3974 4.7059 -73.544161
-56.8786 106.1716 4.8788 -73.547445
-56.4546 107.8733 4.5587 -73.550696
-55.6814 109.1098 4.4339 -73.553941
-55.7928 109.3656 6.2457 -73.557204
-56.2213 109.7146 7.7986 -73.560356
-55.5336 111.171 7.9788 -73.563461
-57.2605 111.7016 8.1166 -73.566513
-58.1121 113.2561 8.4551 -73.56952
-58.5985 114.919 9.0311 -73.572475
-59.6859 116.036 9.8099 -73.575361
-59.434 116.5435 10.5662 -73.578194
-59.3051 118.1105 11.4366 -73.580958
-59.9415 119.6907 12.0733 -73.583658
-60.8614 121.156 12.3489 -73.586277
-61.607 122.4945 11.39 -73.588824
-62.1797 124.0961 10.8491 -73.591283
-62.6253 125.8486 10.8404 -73.59365
-62.2188 127.4063 11.6395 -73.595922
-61.8461 129.0333 12.3882 -73.598094
-62.5327 130.6886 12.3999 -73.600161
-62.936 132.4579 12.2088 -73.602122
-63.3234 134.2117 11.8803 -73.603971
-63.6303 135.945 11.5157 -73.605698
-63.951 136.5199 9.8435 -73.607312
-64.1784 137.2406 8.1925 -73.608787
-64.0694 138.3872 6.7995 -73.610119
-64.3697 140.0086 6.0583 -73.61131
-64.8732 141.6033 5.322 -73.612348
-65.5178 142.5596 4.0703 -73.613233
-65.7682 143.1976 5.3492 -73.613955
-66.7186 144.3442 5.8832 -73.614506
-67.5125 145.9488 6.0337 -73.614881
-68.2142 147.6123 6.0332 -73.615072
-36.2134 93.2108 29.5751 -73.432186
-36.6635 94.7733 29.8902 -73.434261
-36.9263 96.2364 30.4302 -73.436313
-37.1622 97.773 30.8495 -73.438343
-37.5529 99.3568 31.1525 -73.440351
-37.9173 100.9487 31.3678 -73.442324
-38.3971 102.525 31.406 -73.444269
-38.3118 104.182 31.3802 -73.446176
-38.3833 105.841 31.3619 -73.448045
-38.5184 107.493 31.3513 -73.449875
-38.1793 109.1047 31.3065 -73.451662
-37.694 110.6348 31.1726 -73.4534
-37.4366 112.1749 31.1742 -73.455091
-36.4341 113.3684 31.2349 -73.456734
-35.2673 114.4885 31.1966 -73.458318
-35.1913 116.0244 31.322 -73.459843
-36.1323 117.264 31.8032 -73.461306
-36.1013 118.8174 31.8898 -73.462705
-35.2737 120.1279 31.585 -73.464031
-34.1912 121.3196 31.36 -73.465284
-33.7141 122.9011 31.2289 -73.466455
-33.0667 124.4147 31.1658 -73.467544
-32.8786 126.0601 31.1275 -73.468544
-32.0835 127.4884 31.1247 -73.46945
-31.8296 129.12 31.1246 -73.470262
-31.1422 130.5851 30.9859 -73.47097
-30.3228 131.8477 30.3079 -73.471574
-29.6856 132.4849 28.9766 -73.472069
-29.0719 133.0333 27.5676 -73.472449
-28.0844 133.7856 27.8775 -73.472707
-27.152 134.469 28.6173 -73.472838
68.8569 88.73 19.5506 -73.381336
69.4626 89.4871 18.5505 -73.383654
69.8694 90.2922 17.5312 -73.385947
70.1133 90.9732 19.0619 -73.388226
70.2522 92.4115 19.6157 -73.39047
70.8156 93.9888 19.8859 -73.392685
70.9233 95.5529 19.5992 -73.394876
71.3862 97.0655 19.4044 -73.397033
72.5006 98.2929 19.6588 -73.39915
72.7344 99.9408 19.94 -73.401234
72.932 101.5833 19.995 -73.40328
72.4313 103.198 19.9089 -73.405284
71.8799 104.7873 20.0008 -73.407236
71.5282 106.416 19.8144 -73.409144
71.2624 108.037 19.4849 -73.410997
70.3107 109.3594 19.2993 -73.412788
69.2896 110.7156 19.219 -73.414518
68.8552 112.3448 19.1576 -73.416181
68.8224 113.8606 18.9579 -73.417775
69.0085 114.8834 18.0264 -73.419301
68.8524 116.0924 16.8932 -73.42075
69.7271 117.2159 15.9694 -73.422119
70.0973 118.581 15.0882 -73.423398
70.8674 119.2691 13.939 -73.424593
70.3855 118.9765 13.515 -73.425688
69.9666 118.6726 13.3866 -73.426692
70.2125 118.847 11.7059 -73.427604
70.4357 118.9096 10.8982 -73.428388
70.1867 118.7318 12.5649 -73.429066
69.521 118.6003 13.8778 -73.429611
69.0153 119.2849 13.1332 -73.430027
69.8993 119.8704 11.9133 -73.430311
70.2963 119.9515 10.2866 -73.430456
95.5228 3.6634 18.9207 -73.329432
95.9521 3.5018 19.9853 -73.329537
96.3294 3.3373 21.069 -73.32959
-41.3421 222.5153 -25.6062 -73.51284
-42.702 224.1478 -25.2091 -73.511705
-44.2458 225.1088 -24.0553 -73.510564
-45.8189 226.0665 -23.0056 -73.509418
-47.3319 227.1224 -21.9872 -73.508266
-48.8138 228.7344 -21.8003 -73.507108
-50.1281 230.4969 -21.9165 -73.505946
-51.8278 231.7383 -22.0527 -73.504777
-52.8158 233.6774 -22.1145 -73.503602
-53.0724 235.6787 -22.1684 -73.502676
-53.6815 237.6012 -22.215 -73.502003
-54.8336 239.2327 -22.1693 -73.501331
-55.9455 240.9107 -22.1307 -73.500659
-56.8959 242.6769 -22.2538 -73.499988
-57.6448 244.0732 -23.1351 -73.499317
-57.9004 245.3567 -24.6431 -73.498646
-58.5973 247.0318 -25.4177 -73.497977
-59.3933 248.8468 -25.6686 -73.497309
-60.5485 250.492 -25.7129 -73.496642
-62.0102 251.8694 -25.795 -73.495975
-63.5819 251.7041 -25.7766 -73.495309
-65.1861 252.5294 -25.4878 -73.494643
-66.5361 253.7075 -24.6451 -73.493979
-67.4482 255.4346 -24.2826 -73.493314
-68.0616 257.3349 -24.0645 -73.492651
-69.279 258.781 -24.0213 -73.491989
-70.6709 260.1778 -24.061 -73.491328
-71.4436 262.0159 -24.0595 -73.490668
-72.8554 263.4363 -23.888 -73.49001
-74.3055 264.6952 -23.3614 -73.489353
-75.6104 266.0079 -22.6232 -73.488697
-76.4194 267.7709 -22.2236 -73.488042
-77.0046 269.6763 -21.989 -73.487388
-77.6943 271.5617 -21.8675 -73.486736
-78.0414 273.5421 -21.7862 -73.486085
-78.9873 275.301 -21.7403 -73.485436
-80.3424 276.7952 -21.6879 -73.484789
-81.6546 278.3163 -21.6068 -73.484144
-83.1583 279.5974 -21.7854 -73.483501
-84.8953 280.6045 -21.8472 -73.48286
-86.7025 281.4584 -21.6828 -73.48222
-87.8751 282.8646 -21.0904 -73.481582
-89.4892 283.7967 -20.5891 -73.480946
-91.1007 284.9601 -20.5677 -73.480313
-92.4107 286.2858 -21.1453 -73.479681
-94.0557 286.9976 -21.9919 -73.479052
-95.7101 288.0996 -22.2545 -73.478425
-97.3406 289.2852 -22.2657 -73.4778
-98.976 289.9877 -22.9029 -73.477178
-100.2796 290.7986 -23.6291 -73.476558
-101.4799 291.8038 -22.4899 -73.47594
-103.036 292.9887 -22.0284 -73.475326
-104.6892 294.1312 -21.8834 -73.474714
-106.3559 295.2232 -22.151 -73.474105
-107.8941 296.3493 -22.6692 -73.4735
-109.1385 297.4951 -23.597 -73.472897
-110.8652 298.494 -23.4597 -73.472298
-112.4721 299.5248 -23.016 -73.471701
-113.8772 300.6139 -22.2042 -73.471109
-115.339 301.8994 -21.8314 -73.470519
-116.6463 303.427 -21.784 -73.469934
-117.9037 305.0024 -21.8441 -73.469352
-119.0254 306.6607 -22.003 -73.468774
-119.7365 308.5266 -22.2827 -73.468199
-120.0458 309.7921 -21.1758 -73.467625
-120.3335 310.3959 -19.2752 -73.467058
-120.8092 311.2425 -17.5331 -73.466495
-121.3861 312.9361 -16.6595 -73.465937
-122.3666 314.5966 -16.303 -73.465385
-123.445 316.2788 -16.4754 -73.464837
-124.5125 317.8962 -16.7048 -73.464295
-124.8879 318.6378 -14.9021 -73.463753
-124.9811 319.1413 -12.9496 -73.463217
-125.2786 319.7061 -11.0358 -73.462686
-125.7833 320.5605 -9.2875 -73.462163
-126.7853 321.2272 -7.7186 -73.461647
-128.1198 321.7372 -6.5853 -73.461135
-129.5338 322.6762 -5.6435 -73.46063
-130.8033 322.8583 -4.1103 -73.46013
-132.3486 322.5617 -2.9424 -73.459637
-133.5223 321.7567 -2.2514 -73.45915
-134.4075 321.0203 -3.7194 -73.45867
-136.141 320.0633 -3.704 -73.458197
-137.9234 319.2453 -3.5128 -73.457731
-139.8153 319.4438 -3.03 -73.457266
-141.7336 319.7231 -2.5415 -73.456814
-143.2992 318.8382 -1.8198 -73.45637
-143.6324 318.198 -3.1912 -73.455931
-144.6494 318.183 -2.5451 -73.4555
-145.6029 318.7473 -1.0864 -73.455079
-147.1116 319.1677 -0.0827 -73.454666
-149.0143 318.6505 0.3041 -73.454261
-150.835 317.9416 0.6531 -73.453866
-152.6003 318.3043 1.3039 -73.453479
-154.255 319.2248 1.8195 -73.453103
-156.1347 319.0641 1.3765 -73.452736
-157.9479 318.8394 0.6505 -73.452379
-159.8193 318.2421 0.4855 -73.452031
-161.6982 318.4908 0.8126 -73.451694
-163.3502 318.4678 1.946 -73.451368
-164.7917 318.8721 3.1901 -73.451052
-166.0348 318.4651 4.5448 -73.450747
-167.2051 317.7036 5.9108 -73.450454
-168.6856 318.3603 6.972 -73.450173
-170.5746 318.3686 7.6324 -73.449903
-172.4422 318.8037 8.0573 -73.449647
-173.7745 319.4811 7.41 -73.449402
-175.2708 319.8181 6.8918 -73.44917
-176.3866 321.0401 7.8064 -73.448951
-178.1084 321.388 8.4289 -73.448746
-179.8667 322.3331 8.1901 -73.448555
-181.7338 322.9719 7.9865 -73.448378
-183.2047 324.2061 7.6173 -73.448215
-184.6529 324.5109 6.7583 -73.448067
-186.4765 324.882 7.4149 -73.447934
-188.3601 325.5005 7.7542 -73.447817
-190.207 326.2741 7.8586 -73.447715
-191.8555 326.4884 7.2737 -73.447629
-192.3011 326.2807 5.3327 -73.447559
-192.4569 326.3027 3.3202 -73.447504
-192.6127 326.3246 1.3078 -73.447468
-192.7684 326.3466 -0.7047 -73.44745
-53.5618 234.7518 -22.4056 -73.502705
-55.3696 234.7358 -22.9279 -73.502096
-57.1775 234.7198 -23.4502 -73.501498
-58.9758 234.7413 -23.9753 -73.500911
-60.5834 235.6616 -24.1049 -73.50033
-62.2107 236.6032 -24.0421 -73.499749
-63.9306 237.3539 -24.0447 -73.499171
-65.5569 238.2591 -24.1396 -73.498594
-67.3063 238.9314 -24.1596 -73.498021
-68.8366 239.9978 -24.0522 -73.497448
-70.5332 240.314 -23.7713 -73.496878
-72.1779 239.7124 -23.3677 -73.49631
-73.9055 239.067 -23.0743 -73.495745
-75.764 238.9129 -23.0612 -73.495182
-77.5069 238.4311 -23.4834 -73.494622
-79.2728 238.5078 -23.5052 -73.494064
-81.0101 239.1307 -23.2489 -73.493509
-82.8258 239.4159 -22.9537 -73.492958
-84.5254 239.9346 -22.4418 -73.492409
-86.2406 240.0396 -21.7161 -73.491863
-87.8568 239.8217 -20.9364 -73.49132
-89.3552 239.6723 -19.8507 -73.49078
-90.7771 239.8281 -18.7653 -73.490244
-92.3262 239.5258 -18.0598 -73.489712
-94.0855 240.1028 -17.7873 -73.489183
-95.877 240.5966 -17.5579 -73.488658
-97.6988 241.0591 -17.507 -73.488137
-99.53 241.4724 -17.4393 -73.48762
-101.2527 242.1681 -17.1773 -73.487108
-102.8299 242.815 -16.4434 -73.486599
-104.4569 243.5931 -15.9937 -73.486096
-106.2956 243.7075 -16.104 -73.485597
-107.1732 243.8399 -14.6775 -73.485099
-108.3872 244.3725 -13.7017 -73.484609
-109.3454 245.4642 -12.5807 -73.484123
-110.5466 246.5332 -11.6213 -73.483643
-112.0874 247.1 -10.9503 -73.483168
-112.6927 248.1713 -9.7197 -73.482697
-113.85 248.7857 -8.6033 -73.482232
-114.9422 250.1535 -8.2414 -73.481774
-115.3929 251.8689 -7.6387 -73.481321
-116.4822 252.9605 -6.8157 -73.480875
-117.371 253.2374 -5.1806 -73.480434
-118.358 253.8356 -3.7152 -73.480001
-119.4595 254.4678 -2.3971 -73.479574
-120.9563 255.2641 -1.6822 -73.479155
-122.5163 255.9458 -1.0086 -73.478743
-123.9831 256.9071 -0.452 -73.478338
-124.7954 257.8348 0.9161 -73.47794
-125.65 259.0549 2.0473 -73.477551
-126.8265 260.4562 2.1583 -73.477169
-128.2898 261.2032 2.616 -73.476794
-129.0334 261.3894 4.2611 -73.476427
-129.2473 261.2649 6.1105 -73.476056
-129.4022 261.1437 7.9821 -73.4757
-129.5576 261.0229 9.8536 -73.475358
-129.7512 260.9235 11.7229 -73.475017
-129.9463 260.825 13.592 -73.47469
-130.1515 260.7135 15.4586 -73.474377
-130.5488 260.346 17.2477 -73.474075
-131.604 259.0778 18.099 -73.473785
-132.4067 258.2916 19.5872 -73.473505
-133.3932 257.3081 20.8241 -73.473236
-133.8044 256.3522 22.376 -73.472979
-134.6418 255.2368 23.5911 -73.472733
-135.4197 253.8392 24.4892 -73.472499
-135.7 253.4829 26.3153 -73.472276
-136.3101 252.641 27.7577 -73.472066
-136.3201 251.3179 26.4825 -73.471869
-136.8701 249.6435 26.0944 -73.471685
-137.7175 248.1362 25.6627 -73.471514
-137.6045 246.4619 25.1316 -73.471357
-137.2893 245.0053 24.2243 -73.471215
-136.6215 243.4615 23.4192 -73.471087
-135.6446 241.9497 22.8735 -73.470972
-135.3758 240.4199 22.4018 -73.470873
-136.1869 239.3032 23.0344 -73.47079
-136.341 238.0644 24.2021 -73.470723
-136.433 236.6369 25.3143 -73.470672
-136.6008 234.8539 25.6617 -73.470638
-137.1474 233.4458 25.0869 -73.470621
-10.2537 234.1313 -65.7936 -73.525393
-11.9535 235.2244 -65.4206 -73.524591
-13.2513 236.4124 -64.5554 -73.52379
-13.9825 238.2182 -64.0036 -73.522988
-13.9675 239.4333 -65.1657 -73.522183
-14.1745 240.8047 -66.5759 -73.521379
-14.74 242.3781 -67.763 -73.520575
-15.0167 243.3075 -69.5586 -73.519769
-14.9973 244.3966 -71.2899 -73.518964
-15.4806 245.6013 -72.6631 -73.518159
-16.6681 247.206 -72.2066 -73.517354
-17.3029 249.0449 -71.7718 -73.516548
-18.6676 250.382 -71.3338 -73.515743
-19.6799 251.0982 -72.0439 -73.514937
-20.4939 252.2385 -73.4165 -73.51413
-21.5912 252.7618 -72.8895 -73.513401
-21.9596 252.8176 -71.2713 -73.512756
-22.6797 254.2973 -71.5196 -73.512112
-23.6039 255.7577 -72.0067 -73.51147
-24.5721 257.236 -72.2298 -73.510829
-26.0105 258.3101 -72.2446 -73.510189
-27.3761 259.4599 -72.2196 -73.50955
-28.9516 260.3257 -72.2375 -73.508904
-30.5102 261.2195 -72.2945 -73.508268
-31.595 262.5637 -72.7018 -73.507633
-32.6547 263.9941 -72.7006 -73.507
-33.5598 265.5319 -72.4801 -73.506368
-34.5952 266.9872 -72.4053 -73.505738
-35.2782 268.5959 -72.3691 -73.505108
-36.5462 269.7783 -72.1737 -73.504481
-37.8737 270.872 -71.8225 -73.503856
-38.8876 272.2418 -71.3145 -73.503233
-39.6217 273.7558 -70.7585 -73.502612
-40.6535 274.9959 -70.0158 -73.501992
-42.0534 275.9829 -69.5331 -73.501375
-43.5846 276.8719 -69.3005 -73.50076
-45.0655 277.8565 -69.4958 -73.500147
-45.946 279.1186 -68.7677 -73.499536
-45.8345 280.5644 -67.9551 -73.498928
-46.196 282.2235 -68.3906 -73.498322
-46.2456 283.784 -69.1293 -73.497719
-45.9356 284.9029 -69.4775 -73.497117
-46.3572 283.3243 -69.8414 -73.496517
-47.6385 284.0096 -69.6263 -73.495917
-47.8598 285.27 -68.7781 -73.495322
-47.9763 286.6481 -67.6615 -73.494729
-48.0018 287.8134 -66.394 -73.494139
-49.296 287.3623 -65.4888 -73.493552
-50.1432 286.6731 -64.1653 -73.492969
-50.2434 286.1704 -62.4405 -73.492387
-51.2742 284.9264 -61.8207 -73.491811
-52.8421 284.4426 -61.0987 -73.491239
-53.9107 283.6653 -60.0279 -73.490671
-54.752 283.3629 -58.5184 -73.490105
-55.6511 282.4981 -57.2933 -73.489545
-56.6242 281.93 -56.0196 -73.488989
-57.9991 281.9695 -54.8908 -73.488438
-59.0837 282.3361 -53.8941 -73.487891
-60.0943 282.1643 -52.7677 -73.487349
-61.4419 281.5155 -51.8651 -73.486812
-62.8626 280.827 -51.0501 -73.48628
-64.2795 280.6349 -50.0042 -73.485754
-65.804 280.5238 -49.0693 -73.485233
-66.7885 280.054 -47.7484 -73.484717
-67.9789 279.2336 -46.7905 -73.484206
-68.6552 278.446 -45.3481 -73.483701
-69.0138 277.9753 -43.6489 -73.483202
-69.4167 276.9949 -42.4398 -73.48271
-69.8247 275.5947 -42.5008 -73.482223
-70.268 276.0815 -42.6582 -73.481744
-70.9242 276.409 -41.0457 -73.481267
-71.4032 276.5871 -39.3203 -73.4808
-72.2724 276.7647 -38.0281 -73.480341
-73.2041 276.1685 -36.6914 -73.47989
-74.2918 275.5936 -35.4399 -73.479446
-75.425 274.8456 -34.2803 -73.47901
-76.9255 274.2886 -33.5609 -73.478582
-77.3251 274.3933 -31.9623 -73.478162
-77.3839 274.0953 -31.6173 -73.477746
-77.9259 274.1693 -30.1943 -73.477341
-79.5493 274.0847 -29.6223 -73.476945
-80.9279 274.149 -28.5263 -73.476557
-82.1503 274.2888 -27.2947 -73.47618
-83.1333 274.5631 -25.8399 -73.475813
-83.3586 274.0993 -24.1212 -73.475453
-83.4086 273.3363 -22.4949 -73.475105
-83.5601 272.816 -20.7795 -73.474767
-83.7705 272.4678 -19.0265 -73.474438
-84.0593 272.0789 -17.2937 -73.474122
-84.2893 271.7437 -15.5414 -73.473816
-84.9661 271.1706 -14.2656 -73.473523
-86.4465 270.5588 -13.5443 -73.473242
-87.5224 269.4821 -12.7644 -73.472973
-88.5863 270.2836 -13.3628 -73.472717
-89.344 271.7765 -13.8414 -73.472473
-90.7295 272.8654 -14.017 -73.472238
-92.0012 274.1345 -14.1202 -73.472018
-93.0728 275.5655 -14.188 -73.471814
-94.4803 276.5793 -14.1262 -73.471623
-96.2029 276.3016 -13.7358 -73.471447
-97.8612 276.4416 -13.1634 -73.471285
-99.2225 277.2086 -12.3487 -73.471138
-100.7724 276.7787 -11.5881 -73.471006
-102.4856 276.8416 -11.2384 -73.470889
-104.2435 277.0799 -11.3594 -73.470788
-105.8758 277.7134 -11.5089 -73.470702
-106.978 278.2571 -10.6069 -73.470634
-108.7214 278.4008 -10.5748 -73.470582
-110.1714 278.7473 -11.3411 -73.470546
-111.6618 279.6815 -11.4564 -73.470529
-21.5015 253.5088 -73.309 -73.513657
-22.5942 254.3623 -72.684 -73.513528
-23.4363 255.5756 -72.2611 -73.51341
-23.7952 256.2196 -73.6016 -73.513304
-24.1958 256.9175 -74.8973 -73.51321
-24.5102 257.2028 -76.431 -73.513129
-25.2575 257.9568 -77.5755 -73.51306
-25.9832 258.9049 -78.6121 -73.513005
-26.7351 259.8964 -79.3372 -73.512963
-27.7754 261.0706 -79.3699 -73.512934
-28.1276 262.1418 -78.3341 -73.51292
-14.415 228.9869 -63.4499 -73.526239
-16.1331 229.4489 -63.5343 -73.525736
-17.7421 230.1331 -63.7219 -73.525237
-19.4067 230.7023 -63.8399 -73.524743
-20.8995 231.6241 -63.8754 -73.524253
-22.4197 232.5434 -63.927 -73.523767
-23.9779 232.9794 -64.5409 -73.523287
-25.5926 233.2447 -65.0739 -73.52281
-27.3372 233.3731 -65.393 -73.522338
-29.108 233.4677 -65.4659 -73.521871
-30.8642 233.5427 -65.402 -73.52141
-32.3482 234.4256 -65.4518 -73.520954
-33.9347 234.8444 -64.9779 -73.520504
-35.6107 235.0483 -64.5372 -73.520059
-37.2988 235.2219 -64.5195 -73.519621
-38.3854 235.5894 -65.5655 -73.519187
-39.1438 235.7555 -64.0699 -73.518759
-40.4342 236.3585 -64.9633 -73.518339
-41.6538 237.408 -65.4996 -73.517925
-43.3197 237.9738 -65.7908 -73.517519
-45.0712 238.2644 -65.9288 -73.51712
-46.7994 238.6788 -65.9135 -73.516728
-48.5481 238.9796 -65.7557 -73.516344
-50.2593 239.3638 -65.4708 -73.515969
-51.9541 239.818 -65.3779 -73.515601
-53.6581 240.3081 -65.5616 -73.515242
-55.3649 240.7618 -65.7517 -73.514891
-56.9242 241.5359 -65.9538 -73.514549
-58.6438 241.8319 -66.2728 -73.514217
-59.9936 242.7156 -66.7405 -73.513894
-60.984 243.7818 -67.5294 -73.51358
-62.0855 245.146 -67.6347 -73.513277
-62.592 246.8516 -67.5474 -73.512984
-63.6958 248.1812 -67.3534 -73.512701
-65.3602 248.1365 -67.1819 -73.512429
-66.6185 247.2528 -66.7907 -73.512168
-68.2827 246.701 -66.9975 -73.511917
-69.0056 246.5375 -67.1182 -73.511679
-69.4149 247.1923 -66.2178 -73.511453
-70.5685 248.2104 -65.6787 -73.511239
-72.1021 248.9573 -65.1628 -73.511038
-73.5226 249.8734 -64.6789 -73.510849
-74.9049 250.917 -64.2744 -73.510675
-76.1941 252.0464 -63.8017 -73.510514
-77.6751 252.694 -63.2164 -73.510368
-78.9054 253.7897 -63.1101 -73.510237
-80.0531 255.1107 -63.1909 -73.51012
-81.4092 256.2087 -63.4316 -73.510019
-83.1166 256.5971 -63.7243 -73.509934
-84.8053 256.9649 -63.8465 -73.509865
-86.3232 257.8036 -63.7447 -73.509813
-88.0463 257.7843 -63.4146 -73.509777
-89.5568 258.6367 -63.0658 -73.50976
-79.8558 209.6969 -1.6956 -73.525581
-80.9345 210.9313 -0.8747 -73.525012
-81.8718 212.3265 -0.0936 -73.524446
-83.0145 213.649 0.4105 -73.523883
-83.35 215.4299 0.5242 -73.523322
-84.7236 216.0877 0.5245 -73.522764
-85.8365 216.8501 1.5461 -73.522207
-86.4751 218.3432 2.3648 -73.521655
-87.6889 219.3419 3.0091 -73.521106
-89.3832 219.625 3.5112 -73.520562
-90.5679 220.9942 3.9392 -73.520021
-91.9993 222.1339 4.2769 -73.519484
-93.1066 223.0567 5.3451 -73.518949
-94.2451 224.3484 6.04 -73.518418
-95.1955 225.7846 6.6504 -73.517892
-96.1469 227.1811 6.1703 -73.517371
-97.5307 228.1499 5.5656 -73.516853
-97.6555 229.6726 4.5217 -73.516339
-98.2632 230.7709 4.9578 -73.515829
-99.4213 231.1534 5.7424 -73.515324
-100.7458 231.4122 4.7237 -73.514824
-101.8502 232.6408 4.2535 -73.514329
-103.1436 233.9354 4.0273 -73.513839
-104.4921 234.4164 4.8558 -73.513355
-105.6117 233.6885 5.7966 -73.512873
-106.7274 232.3194 6.4016 -73.512392
-107.441 230.7522 6.8747 -73.511924
-107.4488 229.0255 7.5014 -73.511463
-107.9411 227.3511 8.131 -73.511009
-107.0902 226.8712 8.9862 -73.510561
-106.1496 226.513 10.1833 -73.510114
-105.9516 226.2598 12.0223 -73.509674
-105.4787 225.2922 12.0054 -73.509244
-105.2249 224.5846 10.2988 -73.508821
-104.7784 223.6625 9.5999 -73.508408
-104.7066 222.6921 11.0296 -73.508001
-105.026 220.965 11.6033 -73.507603
-104.6066 219.9029 12.8153 -73.507213
-103.3942 219.8352 14.0764 -73.506831
-104.3073 219.9043 13.553 -73.506459
-105.885 218.9419 13.3792 -73.506095
-107.2676 218.4747 12.6842 -73.50574
-108.1193 218.5469 11.0406 -73.505393
-108.3962 219.4541 11.7193 -73.505056
-109.0143 219.6825 13.4653 -73.504729
-109.7221 219.9831 15.1561 -73.504413
-110.6667 219.9703 16.4989 -73.504108
-112.0003 218.9022 16.8845 -73.503814
-113.4433 217.9794 16.4775 -73.503532
-114.7081 217.1333 15.6968 -73.503261
-115.2947 216.7255 13.9743 -73.503002
-115.5962 216.7912 12.1637 -73.502753
-115.7677 217.1126 10.3327 -73.502517
-115.4309 217.0746 11.1227 -73.502295
-116.1181 217.6962 12.116 -73.50208
-117.3855 218.3763 13.3061 -73.501882
-118.8798 218.8959 14.099 -73.501701
-120.5533 219.5755 14.5055 -73.501535
-122.3465 220.0233 14.7431 -73.501384
-124.1585 220.1151 14.949 -73.501247
-125.565 221.2324 14.8597 -73.501126
-126.6064 222.7478 14.7267 -73.501022
-127.1945 224.5052 14.537 -73.500934
-127.9351 226.1832 14.2547 -73.500862
-129.0224 227.5634 14.5865 -73.500808
-130.1181 229.0198 14.5982 -73.500771
-131.2201 230.4645 14.2522 -73.500753
47.5528 -96.076 13.5667 -72.240659
47.0015 -95.2803 13.5986 -72.240747
46.7344 -94.3274 13.6342 -72.24079
27.7081 -94.2683 18.8592 -72.21503
26.226 -93.6204 19.8024 -72.215578
24.7439 -92.9726 20.7456 -72.215991
23.2618 -92.3248 21.6888 -72.216267
23.8038 -92.3745 21.7835 -72.216406
54.7481 -88.0637 17.871 -72.265531
97.3169 -66.6493 31.3652 -72.322726
99.3506 -67.4491 30.897 -72.32418
101.3843 -68.2489 30.4289 -72.325397
103.4181 -69.0488 29.9607 -72.326374
105.4518 -69.8486 29.4925 -72.32711
104.935 -70.7499 28.9784 -72.327603
104.6139 -70.6388 26.7694 -72.327851
96.937 -66.473 30.8282 -72.32197
44.0154 -65.7095 15.6069 -72.333283
44.0102 -66.3692 14.8486 -72.333351
44.1586 -67.2141 14.3402 -72.333385
-4.665 -9.0685 -0.0051 -73.184181
-3.3078 -10.3003 -0.0154 -73.151421
-1.9532 -11.5348 -0.0257 -73.118683
-0.7426 -12.7803 -0.0459 -73.064269
0.4334 -13.9291 -0.0935 -72.98861
1.4466 -15.2471 -0.185 -72.913412
3.5554 -27.7322 1.4257 -72.802692
8.6107 -41.3653 6.7974 -72.700749
22.8794 -62.2772 10.5055 -72.474509
26.4745 -64.8588 13.9793 -72.441108
29.0535 -67.1183 14.3116 -72.419359
42.1418 -73.5431 16.2509 -72.341172
47.2069 -85.1931 18.1557 -72.27771
44.6639 -89.9679 15.7857 -72.253929
47.7449 -96.3203 13.6398 -72.241647
78.4149 -177.3628 14.5582 -72.129299
95.2227 -265.7699 17.0719 -72.041747
48.1056 -320.1106 18.1187 -71.976339
-10.9476 -383.6056 22.9817 -71.931241
-40.36 -432.7473 17.7175 -71.905022
28.7834 -94.5812 17.274 -72.217565
14.3097 -106.6143 20.8227 -72.19055
2.7577 -126.0427 26.0848 -72.170701
-45.0792 -189.1405 27.4734 -72.134239
30.9775 -170.2053 31.4202 -72.161592
28.3969 -94.5693 18.0599 -72.215223
-40.2348 -104.2908 -5.8163 -72.155304
-111.9958 -139.102 2.509 -72.120906
54.6562 -87.9717 17.7384 -72.266365
111.8824 -135.9529 29.1893 -72.181909
164.8572 -185.7356 20.1853 -72.123986
213.7243 -226.7876 32.011 -72.090886
43.9697 -65.4565 15.7766 -72.33357
45.5333 -62.1584 17.8534 -72.331243
96.2419 -66.2233 31.6259 -72.321869
2.1326 -22.0656 -2.5814 -72.841315
6.2653 -35.3706 6.4938 -72.751358
8.3143 -40.7868 6.7183 -72.659563
15.4942 -50.7521 4.9673 -72.586532
19.5156 -57.7327 7.1557 -72.514327
24.2121 -63.3654 12.9105 -72.457776
27.7984 -65.9637 14.1964 -72.430167
35.2991 -71.3414 15.5234 -72.380123
45.9552 -78.4006 18.2802 -72.308856
45.9541 -87.9136 17.638 -72.265621
46.0845 -93.1486 14.7482 -72.246975
52.1518 -103.9606 11.3242 -72.228332
58.8833 -119.603 12.0998 -72.204804
62.6461 -133.0235 18.7767 -72.182263
68.7987 -150.479 18.27 -72.160686
75.478 -168.4071 16.0379 -72.140044
80.7201 -186.7623 13.7215 -72.118776
86.0397 -202.1519 18.4658 -72.100306
88.9594 -219.8372 14.0604 -72.082698
92.3483 -238.1707 14.3683 -72.065935
94.4112 -256.1543 16.5595 -72.049994
95.282 -267.4858 16.3224 -72.03372
95.3059 -280.3632 10.9397 -72.019736
82.392 -291.8157 13.1552 -72.00652
66.6134 -301.8126 13.5179 -71.994059
55.8832 -314.8401 17.1156 -71.982334
42.621 -325.3136 19.0805 -71.97058
32.9705 -340.7608 23.6528 -71.960688
23.9361 -354.8041 21.203 -71.951492
9.6225 -366.7531 22.7517 -71.942984
-4.6074 -378.3071 21.4152 -71.93515
-16.9731 -389.755 18.9726 -71.927561
-27.5688 -401.1213 14.9527 -71.921439
-39.573 -411.7299 14.9204 -71.915969
-40.6381 -420.4638 25.2112 -71.911146
-40.4069 -426.6412 14.8914 -71.906962
-41.6738 -434.0686 12.5022 -71.903329
-35.1298 -447.795 10.0223 -71.900826
-30.511 -455.7937 6.7671 -71.898947
-26.4654 -460.7911 2.4423 -71.897694
-24.2919 -464.5784 0.2402 -71.897067
37.1249 -94.0849 14.9718 -72.234991
20.7736 -99.7756 22.2184 -72.203438
11.0172 -108.5614 18.7473 -72.186372
5.909 -113.1292 24.1737 -72.18007
4.7649 -121.3499 27.2758 -72.174032
-3.9067 -133.7894 26.1237 -72.165526
-16.2236 -149.0836 26.7198 -72.156968
-17.7909 -159.6216 22.5822 -72.149347
-30.8645 -168.2845 21.4997 -72.142658
-40.3768 -181.2163 24.3391 -72.136888
-50.8898 -195.8899 27.7601 -72.131833
-59.8432 -207.2909 27.0024 -72.128286
-63.453 -209.2381 15.4152 -72.125624
-64.2909 -212.4765 11.1044 -72.123849
-69.7086 -217.4653 14.9612 -72.122962
-1.3141 -131.2728 34.9295 -72.169718
15.7442 -115.5027 24.1983 -72.185669
21.9499 -133.9863 25.1312 -72.178648
26.8898 -147.4387 25.6301 -72.172586
28.6429 -155.1273 32.7495 -72.167481
28.6017 -167.7997 33.6747 -72.163323
33.7647 -170.9041 21.6446 -72.159988
35.3986 -176.6564 11.4651 -72.157979
39.8278 -180.409 -7.3747 -72.156974
28.4843 -94.572 17.6083 -72.215913
24.075 -93.3058 9.4058 -72.207581
15.5128 -90.8025 -8.4542 -72.194341
-0.0475 -89.6597 -13.0268 -72.182078
-13.9393 -94.7328 -4.0497 -72.170781
-31.0534 -101.5497 -4.3571 -72.160433
-48.3446 -108.1087 -4.4853 -72.150387
-60.3769 -111.0796 -1.1234 -72.142259
-77.9711 -113.5102 3.296 -72.13505
-92.0999 -121.9743 4.6219 -72.128754
-105.6825 -132.44 0.8972 -72.12336
-119.8735 -141.3568 5.959 -72.118826
-132.8113 -151.1601 6.979 -72.115777
-147.2952 -155.5423 4.0924 -72.113488
-153.368 -158.2725 7.6335 -72.111962
-168.793 -159.6906 7.6228 -72.111199
50.8433 -86.5895 17.9535 -72.270925
61.2357 -92.3404 14.5899 -72.255956
72.1897 -102.125 21.0158 -72.237839
85.4059 -115.7278 22.6939 -72.220751
96.1046 -123.0147 27.5352 -72.204676
106.3877 -128.7142 28.8233 -72.189593
119.3522 -141.0891 32.8119 -72.17445
133.3865 -151.0456 27.4274 -72.161677
140.4642 -156.8554 25.7903 -72.149842
152.3124 -169.1266 29.8767 -72.138936
161.5491 -182.1636 26.4505 -72.128942
167.3763 -187.9265 20.8501 -72.119263
178.0174 -198.4202 27.7655 -72.111451
190.5879 -201.853 17.5881 -72.104514
198.4764 -209.0366 23.2285 -72.098446
206.4978 -222.3967 29.9785 -72.093238
216.4485 -231.2363 29.6641 -72.088826
219.3592 -241.6667 28.5636 -72.085766
217.6919 -257.4839 32.1794 -72.083469
212.7961 -271.781 39.8533 -72.081937
208.8344 -287.7139 39.3838 -72.081171
43.1478 -69.6198 16.0595 -72.335535
45.0982 -63.5211 16.1223 -72.332343
50.7937 -61.6079 11.0465 -72.329035
63.7547 -58.5312 9.7712 -72.325919
75.049 -60.4617 16.3877 -72.323657
83.0968 -60.7333 25.9161 -72.322253
91.3447 -63.64 26.8113 -72.321706
106.4082 -69.1292 24.6495 -72.319189
123.1559 -72.5629 28.9251 -72.315604
143.1961 -75.9244 28.8652 -72.313812
46.1286 -55.224 14.5026 -72.329535
37.6417 -45.2763 18.4222 -72.327552
22.8448 -43.0894 21.8828 -72.326559
