-0.8015 -1.2678 -0 -72.429659
-3.2062 -5.0715 -0 -72.437523
-5.0765 -8.0299 -0 -72.442868
-6.4123 -10.1429 0.0262 -72.444652
-8.0143 -12.677 0.1283 -72.44729
-8.8146 -13.9429 0.1666 -72.449259
-8.2187 -14.5214 0.2948 -72.451339
-8.7411 -16.3672 0.5247 -72.456878
-10.0309 -17.8905 1.1419 -72.463945
-11.386 -19.3222 1.89 -72.470818
-12.7254 -20.8552 2.392 -72.477332
-14.0432 -22.4116 2.6217 -72.485102
-14.6972 -24.3185 2.0715 -72.494564
-15.5306 -26.234 2.0482 -72.504879
-16.1094 -27.8038 2.3068 -72.513793
-14.7796 -28.9827 3.1257 -72.521244
-13.6062 -30.5844 3.6202 -72.528743
-12.2537 -32.1091 3.9089 -72.536276
-11.1222 -33.7683 4.2796 -72.54386
-10.1932 -35.2295 5.196 -72.551479
-9.3619 -36.7283 6.3117 -72.559151
-8.5851 -38.2492 7.4144 -72.566853
-7.5935 -39.8435 8.2499 -72.574595
-6.8916 -41.4349 9.2193 -72.582416
-6.2727 -43.3267 9.6108 -72.59026
-5.7427 -44.6215 10.9758 -72.598191
-5.2774 -45.3085 12.8612 -72.606168
-4.5701 -46.2857 12.7646 -72.614177
-3.9187 -47.0128 11.0346 -72.622249
-3.487 -47.3534 9.0584 -72.630397
-3.1601 -48.3203 10.2056 -72.638598
-2.5906 -49.7167 11.29 -72.646761
-2.064 -51.2649 10.2609 -72.654992
-1.9023 -53.0628 10.2828 -72.663258
-1.2374 -53.7481 8.8883 -72.671631
-0.2338 -55.4757 8.438 -72.680008
0.9268 -57.1391 8.1846 -72.68843
2.1659 -58.7648 8.26 -72.6969
2.7966 -60.3652 9.2072 -72.705435
3.5606 -62.0815 8.7826 -72.714016
4.1051 -63.9769 8.2533 -72.722667
4.7728 -65.8913 8.0534 -72.731346
5.555 -67.7898 8.1794 -72.740066
5.4215 -69.7319 8.5591 -72.74883
5.3722 -71.1779 9.39 -72.757675
6.6015 -72.8224 9.4344 -72.766556
7.9091 -74.3345 9.4579 -72.775496
9.1469 -75.9691 9.4502 -72.784483
10.0298 -77.8076 9.4917 -72.793508
10.7723 -79.6982 9.5101 -72.802601
12.3735 -80.8411 9.4583 -72.811729
13.4145 -82.6176 9.4397 -72.820916
14.1594 -84.5026 9.6273 -72.830165
14.908 -86.352 10.0263 -72.839462
15.6285 -88.1574 10.421 -72.848805
16.2688 -90.0988 10.1972 -72.858214
16.8061 -92.0324 10.2983 -72.867659
18.0591 -93.5211 10.9131 -72.877159
19.0692 -95.1762 11.592 -72.886708
20.0514 -96.8019 12.3554 -72.896299
20.7986 -98.4251 13.1509 -72.905959
22.3425 -99.643 13.6764 -72.915666
23.1324 -101.4525 13.8694 -72.925423
24.2278 -103.1764 13.8286 -72.935238
25.7948 -104.4654 13.8973 -72.945096
27.3532 -105.7951 13.951 -72.954994
28.4996 -107.4233 13.9547 -72.964955
30.0108 -108.56 13.6639 -72.974972
31.1081 -108.6091 12.0588 -72.985212
29.9694 -109.9097 10.9348 -72.99627
28.8308 -111.2104 9.8109 -73.007106
27.6922 -112.511 8.6869 -73.017721
26.8377 -113.4766 7.7017 -73.028249
28.1153 -111.9666 8.2837 -73.039453
29.3929 -110.4565 8.8658 -73.050423
30.6706 -108.9464 9.4479 -73.06116
31.1787 -108.9746 10.7509 -73.072021
31.0798 -109.3078 12.7833 -73.082958
31.1974 -110.3892 14.0207 -73.093739
31.8589 -112.2436 14.4776 -73.104504
32.2207 -114.0808 14.8897 -73.115325
32.3754 -116.0895 14.7382 -73.126189
33.2282 -117.7627 14.1097 -73.137104
34.0263 -119.6079 13.7086 -73.148056
34.4263 -121.5938 13.4703 -73.15905
34.6735 -123.5948 13.4834 -73.17008
34.4631 -125.6138 13.6554 -73.181143
35.477 -127.1975 13.9548 -73.192218
36.4488 -128.3733 14.9241 -73.203395
36.0423 -130.1872 15.3722 -73.214658
35.1621 -131.5518 15.4371 -73.225902
35.6418 -129.8523 14.8263 -73.237097
35.0348 -128.0619 14.2107 -73.248325
35.5446 -129.8444 14.1534 -73.259587
35.6291 -131.8577 14.0497 -73.27084
34.8485 -133.6181 13.7199 -73.282093
34.2995 -135.3089 12.7219 -73.293354
33.9891 -137.2127 12.2496 -73.304594
34.6951 -139.1364 12.158 -73.315822
34.4342 -141.0719 12.4762 -73.327028
34.9496 -142.8915 13.1328 -73.338243
35.1207 -144.6736 12.8365 -73.349404
36.0553 -146.4708 12.5635 -73.360528
36.5162 -147.9232 11.2272 -73.371665
37.0821 -149.6924 10.5935 -73.382686
38.1845 -151.3675 10.8233 -73.393643
38.9786 -152.5573 11.4668 -73.404553
38.5512 -154.4927 11.7745 -73.415434
38.9845 -156.4817 12.0272 -73.426248
38.8087 -158.4686 12.102 -73.436939
39.4316 -160.3993 12.1561 -73.44751
40.017 -162.1492 11.7738 -73.457977
39.9044 -164.0643 11.3068 -73.468279
40.4166 -165.9089 10.6066 -73.478442
41.3853 -167.5493 10.7632 -73.48841
42.1247 -169.1267 11.6727 -73.498196
42.1485 -170.8263 12.6221 -73.50779
41.2541 -172.1527 13.7028 -73.517118
41.3329 -173.6405 14.3131 -73.5262
41.6008 -174.8677 12.6805 -73.535033
41.8738 -176.7997 12.275 -73.543524
42.7438 -178.5456 11.9564 -73.551674
43.2439 -180.4578 12.0397 -73.559457
43.3656 -182.4295 12.4106 -73.566857
43.6747 -184.2146 13.2717 -73.573844
44.1736 -186.1236 13.8383 -73.580353
44.3535 -187.9066 14.7675 -73.586381
44.8726 -189.5685 15.6922 -73.591883
45.4404 -191.1005 14.5715 -73.596824
46.1386 -192.9259 14.1459 -73.60116
46.6287 -194.8895 13.783 -73.60486
47.9055 -196.4354 13.3908 -73.607891
49.0241 -197.9564 13.467 -73.610219
49.8322 -199.3762 13.2319 -73.611808
51.04 -200.3986 12.0409 -73.612619
-16.8109 -27.3553 2.8101 -72.51292
-17.497 -28.3029 4.2038 -72.518501
-18.1984 -29.271 5.5067 -72.523963
-18.2577 -29.3412 3.7473 -72.53034
-18.2679 -29.344 1.9276 -72.536585
-18.2781 -29.3467 0.108 -72.542681
-18.2883 -29.3494 -1.7116 -72.548626
-18.2985 -29.3522 -3.5313 -72.554419
-18.8534 -30.5664 -3.9808 -72.560143
-18.8107 -32.318 -3.8597 -72.565928
-19.3066 -34.0554 -3.7456 -72.571743
-18.9488 -34.5418 -2.2544 -72.577625
-18.3075 -35.7012 -1.0566 -72.58355
-18.003 -37.2922 -0.254 -72.589499
-17.2153 -38.7422 0.5062 -72.595483
-17.2992 -40.1694 1.5541 -72.601513
-17.1185 -41.7267 2.3954 -72.607592
-17.083 -42.8762 3.6698 -72.613742
-17.3639 -44.4413 4.545 -72.619918
-18.2212 -45.6938 5.2818 -72.6261
-18.9632 -46.7735 4.1464 -72.632331
-19.2427 -47.6114 2.5633 -72.638646
-19.7572 -49.1601 2.2576 -72.64494
-20.0441 -50.8741 2.5491 -72.65126
-20.3286 -52.4364 3.2684 -72.657601
-19.8077 -53.8024 3.6098 -72.663987
-19.2008 -54.6661 2.2731 -72.670447
-18.7221 -56.0354 2.9434 -72.676951
-18.7365 -56.729 4.1896 -72.683467
-18.8997 -58.1413 5.2798 -72.689982
-18.8149 -59.8936 5.7078 -72.696497
-18.9822 -61.072 7.0484 -72.703055
-19.3934 -62.5349 8.0119 -72.709576
-19.547 -63.8484 9.0694 -72.716137
-19.5772 -65.5723 8.63 -72.722645
-19.258 -67.3139 8.3405 -72.729145
-19.7508 -69.0603 8.364 -72.735606
-19.9946 -70.8175 8.7102 -72.742064
-19.8037 -72.5539 9.1873 -72.748485
-19.7201 -74.3251 9.5635 -72.754871
-20.2567 -75.9938 9.7611 -72.761207
-19.7758 -77.7066 9.8918 -72.767487
-19.8692 -79.394 10.0722 -72.773693
-20.6153 -80.6503 10.7965 -72.779816
-20.8101 -82.0334 11.1362 -72.785824
-21.8468 -83.2751 10.5156 -72.791721
-22.3598 -84.646 11.4203 -72.79749
-22.8139 -86.2646 12.0203 -72.803118
-22.9433 -87.4114 13.1988 -72.808625
-23.2601 -88.7922 14.1473 -72.813926
-23.5187 -90.5915 14.1567 -72.818992
-23.7693 -92.3875 14.2837 -72.823829
-23.9193 -94.161 14.5659 -72.82842
-24.765 -95.4177 14.2775 -72.832736
-25.6946 -96.5629 13.7452 -72.836743
-26.3361 -98.2508 13.7081 -72.840421
-26.22 -99.6251 14.4174 -72.843797
-26.029 -100.2322 16.1217 -72.846776
-25.98 -100.9366 17.7977 -72.849341
-26.1774 -101.1961 19.58 -72.851522
-26.4133 -101.3806 21.3748 -72.853163
-26.5757 -102.9017 22.0388 -72.854266
-26.565 -104.1061 22.8298 -72.854836
-10.4886 -18.1238 0.6694 -72.469748
-10.4015 -18.057 0.4643 -72.473891
-11.3637 -19.3353 1.4826 -72.478879
-12.4409 -20.4928 2.3203 -72.484796
-13.7335 -21.882 2.6066 -72.491235
-14.3525 -23.4451 1.6476 -72.49774
-14.7639 -24.7529 0.4153 -72.50429
-15.0123 -25.6795 -1.2982 -72.510906
-14.7483 -27.3027 -2.2341 -72.517558
-14.1682 -28.7546 -3.3613 -72.52428
-14.1335 -30.3237 -2.5621 -72.531056
-14.176 -32.0715 -1.7097 -72.537867
-14.076 -33.7889 -0.9359 -72.544725
-13.8862 -35.6563 -1.4771 -72.551627
-13.5408 -37.5381 -1.8551 -72.558571
-12.9254 -39.3671 -2.0095 -72.56558
-12.8947 -41.2639 -2.5483 -72.572623
-12.5093 -43.0891 -2.3969 -72.579712
-11.8636 -44.7358 -1.5183 -72.586888
-11.3409 -46.4019 -0.6056 -72.594106
-11.0233 -47.5467 0.9658 -72.601415
-10.5913 -48.4457 2.6789 -72.608727
-10.1405 -50.0833 3.3431 -72.616071
-10.2934 -51.7904 2.9275 -72.623466
-10.88 -52.8858 1.4404 -72.630944
-11.0363 -54.4811 1.7038 -72.638433
-11.1458 -56.3254 2.378 -72.645979
-10.357 -57.7555 3.4384 -72.653576
-10.1358 -58.8326 4.9901 -72.661229
-10.3077 -60.6124 5.6598 -72.668938
-11.2813 -62.2927 6.0116 -72.676688
-11.7958 -64.1934 6.181 -72.68448
-12.4342 -66.0517 6.3974 -72.692337
-11.9522 -67.7789 6.8906 -72.700253
-11.6762 -69.0382 8.2561 -72.708216
-11.713 -70.0381 9.9612 -72.716222
-11.8555 -70.9146 11.6774 -72.724337
-12.8132 -71.5235 13.2459 -72.73246
-13.5753 -72.2336 12.7301 -72.740642
-14.1638 -73.7043 11.8882 -72.748865
-14.4131 -75.2707 10.815 -72.757125
-13.5782 -77.0011 10.3425 -72.765444
-13.3259 -78.9499 10.1371 -72.773815
-13.3622 -80.9141 10.3308 -72.782219
-14.2376 -82.5066 10.9807 -72.790656
-14.7845 -84.1023 11.9265 -72.799157
-15.3519 -85.4422 12.6525 -72.807712
-15.7865 -86.6616 12.098 -72.816327
-16.5522 -87.7496 13.5364 -72.824979
-17.1687 -89.5648 13.8022 -72.833652
-18.2162 -91.1682 13.885 -72.84237
-19.5493 -92.634 13.9514 -72.851123
-20.3209 -94.4426 13.8656 -72.859919
-21.0095 -96.2837 13.6721 -72.868747
-21.3384 -97.8523 13.9673 -72.877703
-21.6939 -97.8965 15.9193 -72.886793
-22.3276 -98.0602 17.7316 -72.895789
-21.887 -98.9874 16.7979 -72.904898
-22.8153 -99.7306 15.3374 -72.913918
-24.3779 -100.6691 14.7056 -72.922944
-24.3457 -102.6276 14.3888 -72.931958
-24.5768 -104.5617 14.2213 -72.940974
-24.8282 -106.5067 14.2205 -72.949998
-25.0574 -108.4614 14.1941 -72.959008
-25.5558 -110.3378 14.0236 -72.968015
-26.9412 -111.6652 13.5497 -72.977009
-27.6548 -113.1993 12.651 -72.985968
-27.9593 -114.1646 11.0361 -72.995008
-28.3565 -115.3746 10.0919 -73.003869
-29.1471 -116.4978 9.0352 -73.012728
-29.5399 -117.0458 7.1689 -73.0216
-29.9596 -117.6548 5.3281 -73.030335
-30.9613 -118.935 4.5188 -73.038925
-32.1435 -120.2324 4.6581 -73.047431
-32.9363 -121.0473 6.2793 -73.055846
-33.621 -122.2206 7.5953 -73.0641
-33.9105 -123.585 8.7937 -73.072218
-34.4873 -124.3869 10.3397 -73.080165
-35.0405 -125.7656 11.4307 -73.087891
-34.701 -127.6323 11.772 -73.095407
-35.3063 -129.4991 11.9181 -73.102693
-35.9903 -131.3268 11.7835 -73.109711
-37.6819 -132.1342 11.31 -73.11644
-38.5009 -133.4806 10.3217 -73.122857
-38.4967 -134.7419 8.9782 -73.128957
-39.2613 -136.1191 9.0235 -73.134653
-39.6486 -137.8732 9.0943 -73.139937
-40.3927 -139.5578 8.4232 -73.144767
-41.3357 -141.2284 8.0319 -73.149114
-41.7461 -143.1332 7.6854 -73.152952
-42.0138 -145.0056 7.4829 -73.156235
-41.9887 -146.6225 8.5512 -73.158941
-43.1363 -148.1444 8.915 -73.161015
-43.8626 -149.8828 8.3731 -73.162436
-44.926 -151.4033 7.7386 -73.163164
-9.353 -14.8211 0.2731 -72.452366
-11.0559 -15.5864 0.7158 -72.457959
-12.8605 -15.9487 1.177 -72.464881
-14.323 -16.6873 2.6356 -72.47774
-15.6273 -17.7486 4.2904 -72.488542
-16.5612 -19.3299 4.837 -72.493426
-17.0333 -20.2944 6.2453 -72.498931
-17.8874 -21.5361 7.3823 -72.504602
-18.8508 -22.9769 8.1796 -72.510302
-19.5099 -24.5801 8.9543 -72.51606
-19.7318 -25.6734 10.3712 -72.521903
-19.6375 -26.5275 11.987 -72.527827
-20.9183 -27.5166 12.4491 -72.533751
-21.2964 -29.0814 13.3143 -72.539735
-21.83 -30.7644 14.0149 -72.545775
-22.4092 -32.288 14.7504 -72.551869
-23.1716 -32.8787 16.4102 -72.558082
-23.4458 -33.3976 17.1662 -72.564261
-23.9797 -35.1098 17.8018 -72.570505
-25.2888 -36.4276 18.1128 -72.576787
-26.4013 -37.9363 18.2431 -72.583103
-27.2908 -39.5473 18.3867 -72.589476
-28.9068 -40.2841 18.3568 -72.595897
-28.8386 -41.8551 18.071 -72.602364
-30.0593 -43.3052 18.0707 -72.608874
-30.6546 -44.9959 18.2212 -72.615448
-31.4097 -46.5757 18.3297 -72.622064
-32.6885 -47.8644 18.2798 -72.628721
-33.6705 -49.4532 18.3794 -72.635393
-34.3435 -51.1833 18.7706 -72.64211
-35.0428 -52.643 19.7515 -72.648876
-35.9334 -53.9164 20.8542 -72.655663
-36.4958 -55.5633 21.6175 -72.662473
-37.1515 -57.2664 22.1901 -72.669304
-37.503 -58.9135 22.7742 -72.676199
-37.2767 -60.629 23.5408 -72.68313
-38.3487 -62.1152 24.0868 -72.690053
-38.7835 -63.8894 24.6417 -72.696993
-39.0307 -65.5698 25.4324 -72.70394
-39.2448 -67.4312 25.7075 -72.710917
-39.4113 -69.2406 26.1323 -72.717884
-38.2265 -70.1613 27.1367 -72.724861
-37.9293 -71.6381 28.1838 -72.731868
-36.7386 -72.8721 28.5562 -72.738842
-35.4143 -74.1273 28.8617 -72.745787
-33.8413 -75.1427 29.2839 -72.75287
-32.9832 -76.7229 29.5771 -72.759781
-33.6399 -75.092 29.1649 -72.766768
-33.1635 -76.3575 28.5144 -72.773666
-32.6394 -77.9449 29.3953 -72.780495
-31.5586 -79.4236 29.8926 -72.787372
-30.8094 -81.0765 30.3763 -72.79413
-31.5811 -82.6547 30.6865 -72.800704
-31.7168 -84.5489 30.8274 -72.807161
-31.5105 -86.4537 30.8357 -72.813471
-31.5377 -88.3667 30.7633 -72.819633
-31.4829 -90.279 30.6456 -72.825622
-31.9235 -92.1277 30.4947 -72.831406
-32.2806 -93.9944 30.2829 -72.836959
-33.2826 -95.4749 30.073 -72.842278
-34.2923 -96.3147 29.212 -72.847336
-33.7984 -97.5646 29.0456 -72.852118
-33.365 -98.5644 30.3242 -72.856592
-34.9529 -99.5888 30.5864 -72.860691
-35.3561 -101.2379 30.5528 -72.86441
-35.425 -102.1901 29.7785 -72.867716
-35.4381 -103.6106 30.0236 -72.870567
-35.4329 -104.9525 28.8355 -72.872916
-35.4888 -106.6151 28.0477 -72.874727
-35.1318 -108.0258 29.2064 -72.875981
-34.5346 -109.5447 30.0645 -72.87662
-15.445 -16.6758 3.4162 -72.488597
-17.1123 -16.5493 2.7023 -72.493407
-18.8242 -16.1183 2.2844 -72.498845
-20.5247 -15.3962 2.2003 -72.504397
-22.3116 -15.3473 2.4856 -72.509989
-24.0423 -14.9367 2.9859 -72.51566
-25.7912 -14.8802 3.5418 -72.521391
-27.6376 -14.8877 3.7424 -72.527163
-29.4617 -14.8882 3.7168 -72.532988
-31.2202 -15.3922 3.5297 -72.538885
-32.7539 -15.8243 2.9445 -72.544866
-34.0829 -16.2305 1.7975 -72.55088
-35.3566 -17.1047 0.7776 -72.556943
-36.7811 -17.3591 0.0703 -72.563028
-38.4049 -17.2529 0.8951 -72.569157
-40.1857 -16.9717 1.2216 -72.575343
-41.9745 -17.3706 1.348 -72.581578
-43.6645 -17.7288 1.1737 -72.587868
-45.1638 -16.9527 0.472 -72.594194
-46.3865 -16.2335 -0.6264 -72.60059
-48.1583 -16.038 -0.1893 -72.607038
-49.5586 -16.5997 0.7893 -72.613544
-50.6275 -17.7832 1.5574 -72.620078
-52.4581 -17.9497 1.6886 -72.626658
-54.2203 -17.8442 1.1278 -72.63328
-55.6575 -18.4041 0.1681 -72.639961
-57.139 -19.2179 -0.5793 -72.646686
-58.8775 -19.6978 -0.9928 -72.653445
-60.4992 -20.5497 -0.8751 -72.660228
-62.2699 -20.9516 -0.784 -72.667052
-63.9605 -21.4851 -1.2025 -72.673972
-65.769 -21.6468 -1.2364 -72.680879
-67.4074 -21.948 -2.0416 -72.687821
-69.2303 -22.0478 -2.2783 -72.694784
-71.0405 -22.3933 -2.2 -72.701797
-72.76 -22.6876 -1.8978 -72.708823
-74.4248 -22.1245 -1.3042 -72.715874
-75.468 -21.5676 0.0962 -72.72296
-76.805 -21.0117 0.8974 -72.730064
-78.6304 -21.1688 0.7939 -72.73714
-80.2126 -21.6023 1.4208 -72.74423
-81.9055 -21.4802 1.8938 -72.751316
-83.3789 -20.5725 2.4839 -72.758395
-84.8475 -20.092 3.3977 -72.765448
-85.8797 -19.4106 4.4732 -72.772509
-86.9877 -17.9771 4.3817 -72.779509
-88.4094 -16.917 4.436 -72.786462
-89.1332 -16.2863 5.8123 -72.79344
-89.6827 -16.0961 7.5766 -72.800335
-90.6073 -14.9923 8.5732 -72.80709
-91.6573 -14.5236 9.9347 -72.813746
-92.216 -13.6924 11.4126 -72.820355
-93.3323 -12.5367 11.3011 -72.826743
-94.3529 -11.3333 10.4637 -72.83299
-95.9243 -11.359 10.3327 -72.839061
-97.085 -12.6874 10.4076 -72.844938
-98.637 -11.9209 10.4364 -72.850598
-99.8512 -10.5582 10.1484 -72.855995
-101.1467 -9.2581 9.9913 -72.861136
-102.9108 -8.8466 10.0308 -72.865963
-104.2043 -7.6318 10.4372 -72.870438
-105.7848 -7.7377 11.2376 -72.874557
-107.5295 -7.7352 11.7584 -72.878272
-108.7114 -6.5165 12.2914 -72.881554
-108.6826 -5.013 12.9437 -72.884393
-109.4316 -4.9691 14.0337 -72.886731
-110.9911 -5.321 13.2911 -72.888531
-112.3812 -4.7789 12.2565 -72.889763
-113.4541 -4.4164 10.8172 -72.890398
-15.5545 -17.632 4.3033 -72.488306
-16.8149 -18.3686 5.0193 -72.492408
-18.1535 -17.7371 5.9254 -72.497101
-19.3957 -17.6568 7.1162 -72.501928
-20.6245 -17.4395 8.329 -72.506798
-21.4073 -17.0773 9.8446 -72.511757
-22.3291 -16.4593 11.1562 -72.516735
-23.7986 -16.4039 12.1053 -72.521764
-24.636 -16.4397 13.5353 -72.526902
-26.0492 -16.413 14.4153 -72.532027
-26.5091 -16.6788 16.0866 -72.537301
-27.6416 -17.5424 16.452 -72.542513
-28.9683 -17.6171 17.1518 -72.547767
-30.2529 -16.8642 18.0015 -72.553049
-31.8112 -16.9615 18.7079 -72.558399
-32.7125 -16.0015 17.8716 -72.563762
-33.9732 -15.3124 17.8919 -72.569167
-35.5154 -14.9405 18.541 -72.574607
-36.8148 -15.2621 19.6037 -72.580086
-38.1095 -15.3947 20.6532 -72.585568
-39.3709 -15.3085 20.5665 -72.591134
-39.9084 -15.4165 22.2463 -72.596771
-41.4898 -16.1032 22.568 -72.602327
-43.1935 -16.3081 22.9719 -72.607886
-44.8671 -16.1005 23.426 -72.613446
-46.5874 -16.255 23.8037 -72.619027
-48.2806 -16.146 24.1613 -72.624559
-49.8848 -15.6408 24.6252 -72.630085
-51.569 -15.5809 25.1077 -72.635572
-53.1934 -15.8717 25.7123 -72.641023
-54.8397 -16.0518 26.2602 -72.646449
-56.4663 -15.7486 26.8593 -72.651775
-57.6381 -14.8744 27.7621 -72.657028
-58.8394 -13.7889 28.4214 -72.662196
-60.1932 -13.1386 29.3328 -72.667287
-61.8304 -12.6017 29.6751 -72.672251
-63.5039 -12.1508 29.7076 -72.677068
-64.8861 -11.121 29.4315 -72.681743
-65.5954 -10.0293 28.2627 -72.686269
-66.3587 -9.069 29.1123 -72.690603
-67.3994 -7.9254 29.8988 -72.694727
-68.8854 -7.8686 29.963 -72.698615
-70.5505 -7.352 29.9726 -72.702239
-72.0497 -6.4284 30.0037 -72.705583
-73.5599 -5.5098 29.9785 -72.70862
-74.8786 -4.3323 29.9264 -72.711407
-76.2236 -3.1844 29.9023 -72.713731
-77.2186 -1.7362 29.9278 -72.715651
-78.2778 -0.5048 29.7779 -72.717133
-79.9939 -0.3567 29.5292 -72.718153
-81.6519 -0.1123 29.479 -72.71868
-15.2282 -17.1379 4 -72.486518
-15.8134 -17.8487 4 -72.486699
-16.4306 -18.5318 4 -72.486792
-13.8552 -16.3527 0.6773 -72.469121
-6.8126 -12.9962 0.0714 -72.448501
-5.8684 -15.48 0.0572 -72.453344
-5.4058 -18.0693 0.0621 -72.459571
-4.8048 -20.6622 0.1442 -72.467445
-4.2378 -23.1032 0.3354 -72.477265
-4.2185 -23.3173 3.0099 -72.493281
-4.1991 -23.5292 5.6846 -72.509449
-3.9404 -24.0329 8.0609 -72.525444
-2.9465 -26.4423 7.8893 -72.541715
-2.9898 -29.1239 7.9366 -72.558452
-2.8312 -31.7921 8.079 -72.575702
-2.7737 -34.4658 8.0848 -72.593478
-3.1335 -36.1267 6.8772 -72.612106
-2.9668 -36.5649 4.2354 -72.631326
-3.5563 -38.3842 2.8887 -72.650828
-4.3063 -40.3834 1.497 -72.671012
-4.1208 -42.6459 0.2252 -72.69177
-4.2362 -43.7827 0.8959 -72.708388
-3.8312 -43.4159 2.8085 -72.720221
-3.4263 -43.0492 4.7211 -72.731879
-3.0214 -42.6825 6.6338 -72.743362
-2.6164 -42.3158 8.5464 -72.754671
-2.2115 -41.949 10.459 -72.765808
-1.8006 -41.5642 12.3611 -72.776772
-1.0504 -39.8462 12.7392 -72.788018
0.1758 -38.6585 13.5417 -72.799368
1.5902 -38.0395 13.8599 -72.811055
3.2347 -39.0768 14.2093 -72.822864
3.2862 -40.8715 14.6526 -72.834921
3.0921 -42.2179 15.9515 -72.847204
3.289 -43.8273 17.0278 -72.859715
3.7676 -45.0577 18.3989 -72.872552
5.3853 -45.2551 17.5078 -72.885638
6.4565 -45.5185 16.2146 -72.899226
6.4601 -45.5688 14.2263 -72.913127
7.3041 -46.1013 15.3965 -72.927234
7.7212 -46.6728 17.2551 -72.941709
8.2906 -47.8462 18.7417 -72.95634
8.7291 -49.4862 19.2615 -72.967136
9.1255 -50.9461 19.7272 -72.973725
10.0364 -52.2198 19.9693 -72.980331
10.7133 -53.6545 20.0389 -72.986982
11.8089 -54.3454 19.5071 -72.993717
12.1976 -54.6669 17.9921 -73.00049
13.1099 -54.8336 16.8714 -73.007273
13.5838 -54.6626 15.3738 -73.01449
13.6588 -54.6533 13.7788 -73.022744
13.7337 -54.644 12.1838 -73.030775
13.8087 -54.6347 10.5888 -73.038582
13.8837 -54.6254 8.9938 -73.046165
13.9586 -54.6161 7.3988 -73.05352
14.0336 -54.6068 5.8038 -73.060648
14.1085 -54.5975 4.2088 -73.067546
14.1663 -54.5744 2.6132 -73.075235
14.2206 -54.5486 1.0176 -73.08298
14.2749 -54.5228 -0.5781 -73.090468
14.3293 -54.497 -2.1737 -73.097697
14.3836 -54.4712 -3.7694 -73.104665
14.4379 -54.4454 -5.365 -73.111368
13.7113 -55.8095 -5.5929 -73.117925
13.1825 -57.2536 -6.0072 -73.124424
12.9567 -58.7053 -6.561 -73.130846
12.6682 -60.0281 -7.37 -73.137178
12.3514 -61.5353 -7.7387 -73.143417
11.9771 -63.0578 -7.8716 -73.149538
11.7617 -64.6275 -7.7751 -73.155542
11.4655 -65.9109 -8.3481 -73.161419
11.6675 -66.9063 -9.5712 -73.167158
11.728 -68.3207 -9.6289 -73.172753
11.6975 -68.4625 -8.07 -73.178164
11.4235 -69.5735 -7.0162 -73.183347
11.1196 -70.8404 -6.109 -73.188318
11.0275 -71.8722 -4.9846 -73.193082
11.2426 -73.2528 -4.3725 -73.197593
10.7531 -74.6674 -3.9199 -73.201827
10.425 -76.2016 -3.7062 -73.205789
10.77 -77.7411 -3.6532 -73.209449
11.0786 -79.2552 -3.6604 -73.212776
11.425 -80.7723 -3.755 -73.215761
11.2996 -82.2807 -4.0128 -73.218376
11.9706 -83.6675 -4.3963 -73.220606
12.7118 -84.5829 -3.8154 -73.222453
13.1706 -85.4159 -2.5821 -73.22386
13.3664 -86.853 -1.9391 -73.224815
13.3682 -87.667 -0.8755 -73.225305
8.6263 -48.9248 19.7774 -72.966865
8.971 -49.5407 20.9869 -72.972873
9.2099 -51.0475 20.8184 -72.978882
10.0927 -52.2943 20.5532 -72.984881
10.6868 -53.724 20.4404 -72.990873
11.4461 -54.1517 19.6321 -72.996974
11.5442 -54.2966 18.1881 -73.003043
12.9332 -54.8812 18.406 -73.00904
13.2774 -55.294 19.8309 -73.015176
13.7729 -56.2787 20.5319 -73.021147
14.3885 -57.7019 20.5127 -73.0271
15.16 -59.0485 20.6431 -73.033003
15.6443 -60.0525 21.5504 -73.038892
16.2084 -60.988 22.5631 -73.044726
17.2577 -61.2039 23.519 -73.050474
18.4454 -61.8839 23.9975 -73.056138
19.1422 -63.2514 24.2481 -73.061731
19.671 -63.8624 25.3071 -73.067319
20.2623 -64.3588 26.3522 -73.072749
21.638 -65.0559 26.1487 -73.078037
22.7173 -66.1327 25.8633 -73.083511
23.7256 -67.2733 25.5197 -73.088747
24.6112 -68.47 25.1932 -73.093677
24.9681 -69.954 24.971 -73.098421
24.9964 -70.9802 24.2159 -73.103219
24.9684 -71.117 22.6615 -73.108023
24.9404 -71.2538 21.1072 -73.112478
24.9124 -71.3907 19.5528 -73.116581
24.8648 -71.4567 17.9963 -73.120372
24.9221 -71.7069 16.7213 -73.123892
25.4185 -72.6144 17.5247 -73.127211
25.5779 -72.8182 19.0637 -73.130276
25.6724 -73.1458 20.5059 -73.132954
25.5385 -73.7136 21.7923 -73.135382
25.5469 -73.9336 23.3373 -73.137465
25.5553 -74.1535 24.8823 -73.139127
26.4257 -75.2629 24.9859 -73.140387
26.2037 -76.801 24.991 -73.141248
26.3234 -78.3421 25.0702 -73.141688
-4.7208 -44.7161 -0.023 -72.705543
-5.1299 -46.1818 0.6944 -72.711895
-5.3697 -46.9913 2.259 -72.718318
-5.7718 -48.0995 3.5791 -72.724768
-6.3113 -49.4357 4.5711 -72.731288
-6.1052 -51.0319 5.3148 -72.737854
-5.9754 -52.7323 5.8136 -72.744468
-5.3005 -54.3124 6.0843 -72.751138
-5.5666 -55.9139 6.2159 -72.757866
-6.3626 -57.4622 6.4728 -72.764639
-7.4327 -58.7683 6.9386 -72.771468
-8.3123 -60.0607 7.6969 -72.778351
-9.2075 -61.5771 7.5449 -72.785257
-10.0182 -63.1512 7.7642 -72.792221
-10.4982 -64.8336 7.9938 -72.799214
-11.098 -66.494 8.2496 -72.806268
-11.5795 -68.0917 8.8213 -72.813363
-11.4778 -69.48 9.814 -72.820481
-11.3768 -70.9824 10.6772 -72.827659
-11.1615 -72.6665 10.9417 -72.834888
-11.9531 -74.0675 10.3517 -72.842149
-12.2253 -75.2856 9.1163 -72.849449
-12.386 -76.5528 7.8889 -72.856767
-12.4919 -77.8973 6.8778 -72.864137
-12.6418 -79.6702 6.7282 -72.87153
-12.8923 -81.2283 7.3625 -72.87896
-13.0636 -82.0267 8.8276 -72.886483
-12.8375 -83.2389 8.8894 -72.893966
-12.4716 -84.694 8.0205 -72.901491
-12.6797 -85.5671 7.0599 -72.909058
-12.5183 -84.1321 6.1622 -72.916698
-12.5292 -84.0813 7.3739 -72.924373
-11.895 -85.6688 7.8198 -72.932055
-11.5229 -87.2946 8.4116 -72.939735
-10.3324 -88.1124 9.2259 -72.947424
-10.675 -89.8262 9.467 -72.955143
-11.2148 -91.4903 9.7261 -72.962831
-11.4919 -93.2205 9.9224 -72.970502
-11.8689 -94.9605 9.9938 -72.978179
-12.2215 -96.7085 9.9892 -72.985807
-12.5548 -98.4528 9.9031 -72.993427
-13.101 -100.1246 9.6027 -73.000998
-13.6123 -101.6942 9.0552 -73.008541
-14.5178 -102.8115 8.0351 -73.016046
-14.732 -103.8321 6.6289 -73.023521
-14.736 -104.949 5.3416 -73.030945
-14.7897 -105.5564 3.6632 -73.038306
-14.9175 -106.1934 2.0059 -73.045562
-14.8119 -107.3154 0.66 -73.05264
-14.3904 -108.3157 -0.7477 -73.059642
-14.0768 -109.6227 -1.5126 -73.066457
-14.1581 -111.3783 -1.2027 -73.073126
-14.4574 -112.7137 -0.3129 -73.079657
-14.5581 -113.8268 1.0481 -73.085977
-14.5629 -114.7419 2.5821 -73.092126
-14.3372 -115.8187 3.9677 -73.098012
-14.0073 -116.8255 5.38 -73.103661
-13.5104 -118.0936 6.4955 -73.10903
-13.0668 -119.695 6.5246 -73.114103
-12.4966 -121.0534 5.5568 -73.118839
-12.0851 -122.6625 5.1356 -73.123233
-12.5004 -124.2153 4.474 -73.12726
-12.6759 -125.9354 4.076 -73.130867
-13.0189 -127.5669 3.9008 -73.134055
-13.6129 -129.2115 3.7998 -73.136777
-14.5095 -130.7248 3.617 -73.139008
-15.1909 -132.314 3.2206 -73.140722
-16.0458 -133.6469 2.4524 -73.141893
-17.0046 -135.0632 2.0492 -73.142492
-3.6471 -8.0538 -0.0157 -72.444232
-1.3228 -8.9468 -0.0471 -72.448144
0.9314 -9.9936 -0.0832 -72.452389
2.6625 -11.7633 -0.1495 -72.45768
3.884 -13.4015 -0.8686 -72.466129
4.2751 -14.1359 -3.2157 -72.484932
4.6663 -14.8703 -5.5627 -72.503541
5.0575 -15.6047 -7.9097 -72.521951
5.4487 -16.3392 -10.2567 -72.540158
5.5082 -15.6747 -11.481 -72.553936
5.7528 -14.1284 -10.9972 -72.562599
5.1317 -14.013 -9.0503 -72.57156
5.6382 -14.026 -8.2186 -72.581073
7.6439 -14.2766 -7.8039 -72.5908
9.6042 -14.0356 -7.3728 -72.600431
11.4824 -13.5321 -6.7322 -72.610329
12.4397 -13.1153 -5.3274 -72.620525
13.1732 -12.7275 -3.4442 -72.63111
14.0029 -12.5015 -1.5695 -72.642012
14.9232 -12.6143 0.2611 -72.653189
16.0509 -12.8503 1.9217 -72.664676
17.2291 -12.7352 3.6117 -72.676615
18.6969 -13.072 4.9744 -72.688627
20.4387 -12.843 5.9867 -72.70097
22.2399 -12.9948 6.2182 -72.709955
23.7688 -13.3762 5.9788 -72.715315
25.0057 -12.6222 5.3936 -72.720715
26.3571 -12.2571 4.8087 -72.726143
27.8738 -11.9691 4.5669 -72.731625
29.2461 -11.1445 4.4391 -72.737131
30.8012 -10.7714 4.3716 -72.742645
32.3851 -10.5715 4.2891 -72.748186
33.2233 -10.1298 4.9983 -72.753792
34.0663 -9.8024 5.9221 -72.759398
35.5597 -9.845 6.5062 -72.764996
36.9026 -9.7278 7.2501 -72.770619
38.2463 -9.5474 7.9246 -72.776211
39.7277 -9.1425 8.3952 -72.781793
41.1759 -8.7377 8.951 -72.787356
42.5633 -8.3419 9.5488 -72.792927
43.7337 -8.1277 8.583 -72.798463
45.1311 -8.0308 7.9631 -72.803942
46.5242 -8.3092 7.3517 -72.809357
47.4104 -8.3281 6.0274 -72.814763
48.547 -8.1523 4.9694 -72.820061
50.1277 -8.0481 4.8161 -72.825274
51.0302 -8.412 5.9293 -72.830491
52.4231 -8.5023 6.17 -72.835526
53.895 -8.5955 6.6905 -72.840468
54.9911 -8.7652 7.7616 -72.845269
56.4893 -8.9904 7.679 -72.849903
57.587 -10.1308 7.9043 -72.85437
59.0801 -10.6364 8.1455 -72.85867
60.6014 -11.0022 8.4608 -72.862747
61.9959 -11.5958 8.0265 -72.866605
62.9752 -11.9724 7.058 -72.870281
63.4644 -12.0743 5.5381 -72.873688
64.0395 -11.9612 4.047 -72.876851
64.4337 -11.9546 2.4888 -72.879718
64.823 -11.932 0.9297 -72.882236
65.2041 -11.8836 -0.6309 -72.884379
65.5558 -11.8356 -2.1985 -72.886152
65.8976 -11.7879 -3.7682 -72.887503
66.4194 -11.7876 -5.282 -72.88842
66.4944 -12.5596 -6.6605 -72.888892
21.8035 -12.9643 5.5087 -72.710957
22.2928 -12.8975 4.0421 -72.718164
22.782 -12.8307 2.5755 -72.725172
23.2713 -12.7639 1.1089 -72.731981
23.7606 -12.6971 -0.3578 -72.738587
24.2499 -12.6303 -1.8244 -72.744989
24.7391 -12.5635 -3.291 -72.751184
25.2284 -12.4967 -4.7576 -72.757171
25.7177 -12.4299 -6.2242 -72.762948
26.2069 -12.363 -7.6908 -72.768511
26.8935 -12.3131 -8.9994 -72.773901
27.9931 -12.1349 -10.0456 -72.779248
29.4155 -12.0244 -10.5719 -72.784577
30.9321 -12.139 -10.7879 -72.789861
32.4337 -12.4908 -10.7732 -72.795151
33.7283 -13.0404 -10.3346 -72.800378
34.9591 -13.7394 -9.781 -72.805562
36.3049 -14.3754 -9.3611 -72.810713
37.7863 -14.4064 -8.971 -72.81588
38.9765 -14.4204 -8.3072 -72.820974
39.509 -14.5028 -6.8771 -72.825956
40.803 -14.1184 -7.3333 -72.830784
42.1172 -13.7343 -7.9502 -72.835499
43.481 -14.2451 -8.4653 -72.840079
44.8322 -14.6862 -9.0455 -72.844516
46.2199 -15.1571 -9.5418 -72.848804
47.4998 -15.7968 -10.1041 -72.852895
48.4919 -16.341 -10.9949 -72.856817
49.2648 -16.5571 -12.2212 -72.860537
50.6437 -17.0063 -12.5265 -72.864001
52.1626 -17.2199 -12.7123 -72.86722
53.5098 -17.9199 -12.5815 -72.870159
54.8261 -18.5114 -12.0649 -72.872812
56.0144 -19.3898 -11.6485 -72.875143
57.1511 -20.3793 -11.2981 -72.877144
58.5784 -20.83 -11.009 -72.878779
59.5198 -21.3446 -11.6244 -72.880062
59.9152 -21.5013 -13.1121 -72.880933
60.3293 -21.6363 -14.5919 -72.881378
5.542 -17.4481 -11.9734 -72.552494
5.2752 -19.0549 -12.8511 -72.558101
4.5319 -20.5356 -13.6308 -72.563779
4.2842 -21.2679 -12.1504 -72.569605
4.5234 -21.5541 -11.2061 -72.575399
5.0916 -22.5097 -9.9139 -72.581299
5.6355 -23.6108 -8.5295 -72.587242
6.4022 -24.9693 -7.5369 -72.59325
6.6335 -26.3097 -6.3211 -72.599295
7.1852 -27.3717 -7.4784 -72.605445
7.7638 -28.2275 -9.037 -72.611635
9.1599 -28.8455 -10.0123 -72.617826
10.2945 -29.4271 -11.2255 -72.624077
12.0307 -29.9265 -10.7637 -72.630395
13.7255 -30.5864 -10.4924 -72.636747
15.1918 -31.515 -11.0288 -72.643137
16.7178 -31.6949 -12.0524 -72.649589
18.2188 -31.9125 -13.1144 -72.656082
19.9511 -32.1969 -13.7295 -72.662624
21.5074 -33.0418 -14.1745 -72.669448
22.8543 -34.2615 -14.6414 -72.676326
24.0059 -35.5947 -15.1729 -72.683016
24.5296 -37.1036 -15.7174 -72.689753
24.7232 -37.5624 -17.5262 -72.696615
25.1008 -38.2263 -19.2142 -72.703492
26.3789 -39.4506 -19.5884 -72.710324
28.1291 -39.8596 -20.0602 -72.717186
29.3513 -39.6098 -21.3429 -72.724108
30.6809 -38.9744 -22.3478 -72.731063
31.8544 -39.4408 -23.699 -72.738067
32.7072 -40.1312 -24.5207 -72.745084
34.1875 -40.0661 -24.2388 -72.752143
35.3747 -39.954 -25.6606 -72.759229
36.0556 -40.1808 -27.3735 -72.766429
37.1117 -40.5409 -28.8636 -72.773567
37.9499 -40.8975 -30.5002 -72.78072
38.8019 -40.6861 -32.1277 -72.787896
39.8174 -40.5169 -33.6425 -72.795039
40.8901 -40.7217 -35.068 -72.802159
42.5305 -41.61 -35.2384 -72.809257
44.3755 -41.8861 -35.4176 -72.816331
45.9871 -42.2694 -36.0731 -72.823383
47.4878 -43.2765 -36.1873 -72.830527
49.3319 -43.6209 -36.2065 -72.837756
51.1887 -43.712 -36.2324 -72.844713
53.0372 -43.4731 -36.3042 -72.851589
54.8899 -43.6769 -36.497 -72.858357
56.6959 -43.5991 -36.9065 -72.865041
58.2639 -44.1277 -37.6876 -72.871612
59.5341 -44.5902 -38.7803 -72.878108
60.5988 -45.0677 -39.8571 -72.884412
61.8729 -46.2433 -40.1922 -72.89055
63.3313 -46.5896 -41.0735 -72.896532
64.0217 -46.6763 -42.7931 -72.902355
64.5704 -46.7494 -44.583 -72.907948
64.8703 -46.6711 -46.4334 -72.913489
65.1687 -46.5915 -48.2839 -72.918594
65.5964 -46.5388 -50.1097 -72.92341
65.7108 -46.4215 -51.9702 -72.928246
65.6981 -46.2783 -53.8407 -72.932683
65.6854 -46.1351 -55.7113 -72.936561
65.6727 -45.9919 -57.5819 -72.939874
65.7296 -45.7497 -59.4403 -72.94278
65.8135 -45.4694 -61.2934 -72.945136
66.0243 -45.0935 -63.1166 -72.946932
66.1717 -44.6856 -64.9394 -72.948174
66.3305 -44.1781 -66.4646 -72.948807
5.6517 -16.7814 -12.2027 -72.555853
5.689 -16.9607 -13.7308 -72.567968
5.7263 -17.14 -15.259 -72.57988
5.7636 -17.3194 -16.7872 -72.591591
5.8009 -17.4987 -18.3154 -72.6031
5.8383 -17.678 -19.8436 -72.614408
5.8756 -17.8574 -21.3717 -72.625515
5.9129 -18.0367 -22.8999 -72.636419
5.9502 -18.216 -24.4281 -72.647122
5.9875 -18.3954 -25.9563 -72.657621
6.0248 -18.5747 -27.4845 -72.667916
6.0621 -18.754 -29.0126 -72.678005
6.0994 -18.9334 -30.5408 -72.687888
6.1367 -19.1127 -32.069 -72.697563
6.1741 -19.292 -33.5972 -72.707027
6.2114 -19.4714 -35.1254 -72.716279
6.2487 -19.6507 -36.6536 -72.725317
6.286 -19.83 -38.1817 -72.734139
6.3233 -20.0094 -39.7099 -72.742742
6.3606 -20.1887 -41.2381 -72.751124
6.3979 -20.368 -42.7663 -72.759282
6.4352 -20.5474 -44.2945 -72.767213
6.4725 -20.7267 -45.8226 -72.774915
6.5099 -20.906 -47.3508 -72.782384
6.5472 -21.0854 -48.879 -72.789618
6.5845 -21.2647 -50.4072 -72.796612
6.6218 -21.444 -51.9354 -72.803364
6.6591 -21.6234 -53.4635 -72.809871
6.6964 -21.8027 -54.9917 -72.816129
6.7337 -21.982 -56.5199 -72.822135
6.771 -22.1614 -58.0481 -72.827885
6.8083 -22.3407 -59.5763 -72.833376
6.8457 -22.52 -61.1045 -72.838605
6.883 -22.6994 -62.6326 -72.843569
6.9394 -22.8766 -64.1572 -72.848264
8.1498 -22.8799 -64.1006 -72.852803
8.9886 -23.516 -62.989 -72.857265
9.9314 -24.3205 -62.1091 -72.861581
10.5435 -25.411 -61.3105 -72.865792
11.1641 -26.7642 -60.9602 -72.869847
11.7371 -28.177 -61.0516 -72.873726
12.2468 -29.4991 -61.4619 -72.877433
12.6299 -30.7915 -61.1111 -72.880957
13.0367 -32.212 -60.6823 -72.884265
13.4206 -33.6473 -60.2909 -72.887344
13.672 -35.0666 -59.8345 -72.890165
13.7802 -36.5811 -60.0484 -72.8927
13.7177 -38.0731 -60.4184 -72.894933
13.5658 -39.5761 -60.7091 -72.896852
13.3014 -41.0704 -60.6511 -72.898429
13.3571 -42.0105 -59.4467 -72.899656
13.5377 -43.0476 -58.3404 -72.90049
13.6333 -44.0606 -57.3331 -72.900919
-2.4565 -0.91 0.0523 -72.417426
-2.8293 2.667 0.2464 -72.392694
-3.0866 6.216 0.7208 -72.367418
-2.2413 9.6979 1.5153 -72.341502
-0.7404 12.7593 0.9662 -72.315174
0.227 15.8879 -1.0884 -72.287291
0.5524 20.1154 -1.9386 -72.257821
0.4575 24.418 -2.5408 -72.227708
0.4389 27.3767 -5.5178 -72.196907
-0.013 29.9656 -8.7108 -72.165491
-0.1419 14.3216 0.264 -72.301147
0.8616 14.8245 1.2959 -72.293457
2.5303 15.409 3.4469 -72.2792
5.0961 15.9466 3.8822 -72.264479
7.8356 16.5695 3.9069 -72.249192
10.5566 17.2922 4.0994 -72.233558
13.2701 17.9524 4.5537 -72.217462
15.8121 18.8134 4.7988 -72.200956
17.2134 19.7132 4.344 -72.18959
17.5574 19.3689 4.0634 -72.190153
-0.9274 14.3109 0.2417 -72.300738
-2.5488 14.1754 0.0246 -72.301206
-4.1702 14.04 -0.1925 -72.301635
-5.6969 13.9854 -0.1496 -72.30202
-6.0083 14.0245 0.9686 -72.30236
-4.7591 13.8534 0.1003 -72.302645
-4.5248 13.8442 -1.5168 -72.302927
-4.3735 13.8457 -3.1513 -72.303125
-4.2222 13.8471 -4.7858 -72.303239
-4.0708 13.8486 -6.4202 -72.303281
-3.7648 13.9278 -8.018 -72.303265
-3.1571 14.1597 -9.5252 -72.303212
-2.5409 14.9686 -10.6984 -72.303153
-0.6612 32.5013 -8.9792 -72.145923
-1.3441 34.6869 -8.6538 -72.130798
-2.5162 37.7967 -7.959 -72.107683
-4.0883 40.798 -9.2426 -72.084215
-6.1771 43.4321 -10.5669 -72.060414
-7.4526 45.9637 -12.4793 -72.036241
-8.199 48.9959 -14.3148 -72.011445
-8.488 52.2581 -16.0262 -71.986035
-8.9751 55.6713 -17.3793 -71.960276
-8.9724 59.3456 -17.9864 -71.934186
-8.8355 62.9598 -18.9326 -71.907746
-8.1651 65.7964 -21.101 -71.880937
-8.071 69.4931 -21.2598 -71.853798
-8.0725 72.7987 -19.5494 -71.827836
-8.8931 75.9303 -20.6534 -71.806034
-9.8467 77.8663 -22.8286 -71.786891
-10.916 79.9845 -24.8489 -71.767583
-11.8107 82.572 -26.461 -71.746713
-13.9622 85.1541 -28.0376 -71.724286
-15.428 87.4195 -30.0798 -71.701573
-16.2874 89.1284 -32.8169 -71.681817
-17.1302 91.8068 -33.4334 -71.665104
-16.6579 94.7355 -33.3269 -71.648269
-16.2793 97.4317 -32.2507 -71.631324
-16.0966 100.3779 -31.8618 -71.614259
-15.6048 103.2146 -31.8672 -71.589275
-15.0646 104.6984 -30.0846 -71.556198
-14.4099 106.6313 -31.3901 -71.522957
-13.9013 109.3975 -31.7321 -71.489495
-13.1382 112.1018 -31.8855 -71.455813
-12.0288 114.6912 -32.2205 -71.421872
-9.9615 116.491 -32.7147 -71.387715
-8.3964 118.5551 -33.6954 -71.353319
-7.0441 120.3709 -35.2413 -71.318654
-16.3107 103.1222 -31.2609 -71.596064
-17.0106 105.6108 -30.0258 -71.57716
-17.7104 108.0993 -28.7907 -71.558617
-18.4103 110.5878 -27.5556 -71.540439
-19.1321 113.0846 -26.3544 -71.52262
-20.0839 115.6275 -25.7828 -71.504937
-21.6544 117.8269 -26.4818 -71.487251
-22.4041 120.0541 -28.0006 -71.469537
-23.8204 121.9956 -29.2918 -71.451833
-16.2837 88.4956 -30.6847 -71.680272
-16.9057 88.45 -28.8674 -71.660803
-17.5277 88.4044 -27.0501 -71.641674
-18.1496 88.3588 -25.2328 -71.622888
-18.7716 88.3131 -23.4155 -71.60445
-19.3936 88.2675 -21.5982 -71.586361
-20.0155 88.2219 -19.7808 -71.568625
-20.6375 88.1763 -17.9635 -71.551245
-21.2595 88.1307 -16.1462 -71.53422
-21.8814 88.0851 -14.3289 -71.517555
-22.5034 88.0394 -12.5116 -71.501251
-23.1253 87.9938 -10.6943 -71.485309
-23.7473 87.9482 -8.8769 -71.469729
-24.3693 87.9026 -7.0596 -71.454514
-24.9912 87.857 -5.2423 -71.439664
-25.6132 87.8114 -3.425 -71.42518
-26.2352 87.7657 -1.6077 -71.411063
-26.8571 87.7201 0.2096 -71.397312
-27.4791 87.6745 2.0269 -71.383929
-28.1011 87.6289 3.8443 -71.370913
-28.723 87.5833 5.6616 -71.358265
-10.6474 82.0467 -25.97 -71.752916
-9.8973 83.5702 -26.7997 -71.743177
-8.9166 84.4636 -28.1497 -71.733427
-7.9416 85.635 -29.2349 -71.723666
-6.7633 86.7616 -30.2244 -71.713925
-5.9934 87.8877 -31.5 -71.704183
-4.805 89.0805 -31.9871 -71.694454
-4.0074 90.0975 -33.2964 -71.684671
-3.642 91.5318 -34.1524 -71.674956
-3.5504 92.2381 -35.0395 -71.665248
-2.6112 93.3175 -34.37 -71.655541
-1.4138 94.7914 -34.5426 -71.645908
-0.1697 96.0984 -35.117 -71.636309
0.8889 97.112 -35.3375 -71.626746
1.8787 97.6218 -33.8386 -71.617218
3.297 98.6527 -34.2066 -71.607806
4.478 100.1526 -34.2331 -71.598494
5.7259 101.6013 -34.2783 -71.589249
6.9236 103.076 -34.3329 -71.580125
8.2378 104.4594 -34.2789 -71.571104
9.708 105.6324 -34.1824 -71.562228
11.0242 106.9149 -34.1788 -71.553463
12.03 108.5293 -34.2938 -71.544847
12.8387 110.237 -34.4028 -71.536389
13.6986 111.9172 -34.2947 -71.528101
14.9808 113.3035 -34.0183 -71.520002
16.3534 114.5382 -33.5266 -71.512099
-8.0122 74.6652 -19.0128 -71.810638
-7.3733 74.7434 -17.1393 -71.801087
-6.2129 74.8717 -15.5661 -71.791629
-4.6588 75.1485 -14.4836 -71.782198
-2.9313 75.2005 -13.5318 -71.772767
-1.1908 75.5548 -14.025 -71.763332
0.2492 75.4182 -15.2751 -71.753885
1.6994 75.2949 -16.4498 -71.744473
3.456 75.8724 -16.5978 -71.735065
4.909 77.061 -16.0201 -71.725678
6.3489 78.0205 -15.2054 -71.716328
7.6777 78.1558 -16.557 -71.706952
9.1932 78.8939 -17.1669 -71.697642
10.3243 80.3116 -17.9293 -71.688384
11.8031 81.2429 -18.8099 -71.679189
13.3202 82.0201 -19.7154 -71.670051
14.672 82.8734 -20.8357 -71.660994
15.8195 84.0369 -21.4716 -71.652033
17.3968 85.0052 -21.5241 -71.643159
19.1523 85.9091 -21.6233 -71.634387
20.835 86.8367 -21.5731 -71.625732
22.3782 87.6805 -22.4819 -71.617173
23.6336 88.6822 -23.6145 -71.608765
25.3121 89.236 -24.4178 -71.600504
26.9271 90.1776 -25.069 -71.592233
28.5711 91.1435 -25.6063 -71.584039
30.1849 92.1759 -26.0934 -71.576247
31.906 93.0582 -26.3886 -71.568695
33.349 94.3802 -26.2354 -71.561356
34.682 95.7638 -25.7885 -71.554247
36.0698 96.9946 -25.1164 -71.547376
-9.1332 71.1226 -19.9391 -71.828887
-11.2049 71.3971 -19.3463 -71.806682
-12.2503 72.1505 -17.4371 -71.784122
-13.2771 72.9723 -16.3017 -71.761255
-15.0629 74.4381 -16.0237 -71.738113
-17.1889 75.3374 -15.9102 -71.714604
-18.7708 76.7954 -16.5998 -71.69075
-20.2396 77.7578 -18.0502 -71.666498
-21.4318 79.2493 -19.3169 -71.641941
-22.4493 80.8848 -20.0685 -71.623532
-23.644 82.5321 -19.9209 -71.611583
-25.2693 83.8199 -19.7197 -71.599634
-26.4282 85.5474 -19.5741 -71.587663
-27.4271 87.2915 -19.7394 -71.575657
-28.2555 88.0894 -18.5764 -71.563519
-28.4362 88.7812 -16.6121 -71.551314
-28.7184 89.4709 -14.6555 -71.539219
-28.5952 90.5234 -12.9306 -71.527167
-28.0087 92.2281 -11.8717 -71.515128
-28.1824 93.3344 -10.523 -71.503062
-28.881 94.9101 -9.3484 -71.491007
-29.1637 96.6406 -8.2343 -71.478982
-29.7507 98.589 -7.8416 -71.466979
-31.2546 100.014 -7.7767 -71.454997
-32.9856 101.1833 -7.8435 -71.443079
-34.438 102.6859 -7.93 -71.431172
-35.8645 104.1959 -8.077 -71.419316
-37.7492 105.0636 -8.2888 -71.407531
-39.7252 105.5106 -8.4883 -71.395773
-41.4274 106.5542 -8.4275 -71.38405
-22.5697 79.9845 -21.0657 -71.622403
-23.5049 79.5868 -23.0086 -71.609662
-24.7357 79.2357 -23.1851 -71.598224
-26.0186 79.7983 -22.2548 -71.586803
-27.6912 80.6895 -21.9109 -71.575384
-29.3246 81.7314 -21.4655 -71.563975
-31.1306 82.4861 -21.4143 -71.552579
-32.9071 83.2024 -21.5235 -71.541154
-34.8537 83.2248 -21.3716 -71.529743
-36.6622 83.819 -20.8419 -71.518331
-38.0322 83.5029 -19.5874 -71.5069
-39.4902 83.5562 -18.2934 -71.495503
-40.9141 84.0358 -17.0459 -71.484124
-42.4783 85.0996 -16.5078 -71.472802
-44.0118 86.2891 -16.2793 -71.461513
-45.0805 86.8165 -17.3328 -71.450033
-45.3985 87.0849 -19.2874 -71.438675
-46.0085 87.5938 -21.1008 -71.427342
-46.5256 87.8633 -23.0125 -71.416062
-47.0124 88.1443 -24.9307 -71.404839
-48.0466 88.8001 -25.8124 -71.393825
-49.3531 89.8139 -24.8517 -71.382886
-23.4169 79.5945 -22.041 -71.61542
-7.4755 47.1812 -14.128 -72.022343
-6.6397 46.9581 -15.442 -72.019136
-6.0885 47.0624 -16.854 -72.016072
-5.6785 47.4504 -18.3124 -72.01308
-5.0375 48.1975 -19.4234 -72.010196
-4.9376 48.8586 -20.8471 -72.007402
-4.8994 49.5688 -22.2208 -72.004719
-4.8067 50.8524 -23.1201 -72.002174
-4.348 52.1399 -23.896 -71.999643
-3.8636 53.4258 -24.6617 -71.99735
-3.2759 54.7308 -25.2965 -71.995283
-2.6137 56.0992 -25.6637 -71.993409
-1.9972 57.5231 -25.7699 -71.991718
-0.7472 58.4335 -25.8246 -71.99023
0.1834 59.5702 -25.9895 -71.988957
1.0556 60.8294 -26.3063 -71.987914
1.4265 62.1744 -26.9168 -71.987116
1.2466 63.3678 -27.9187 -71.98657
0.8615 64.5278 -28.8693 -71.98629
-1.2039 34.2315 -8.7378 -72.132672
-2.1645 36.692 -8.3921 -72.113467
-3.11 39.1845 -8.3928 -72.093875
-3.9026 40.3411 -6.7187 -72.073871
-4.4638 40.8393 -4.1593 -72.053407
-5.2514 41.2336 -1.6507 -72.032587
-6.4986 41.3875 0.6577 -72.011446
-6.9016 41.3668 3.1344 -71.989798
-8.3244 41.1475 5.0228 -71.967991
-9.0777 42.2825 6.6587 -71.948578
-10.4818 44.1286 6.7312 -71.931707
-12.0542 45.877 6.472 -71.91464
-13.7926 47.4551 6.7415 -71.897358
-14.3287 48.7274 8.6097 -71.8798
-14.2892 50.0448 10.5825 -71.862077
-14.3831 52.2013 11.5125 -71.84418
-15.4653 54.1641 11.5993 -71.826091
-15.9872 56.1264 10.7348 -71.80778
-15.9935 58.493 10.4465 -71.789282
-16.6674 59.2873 8.5547 -71.770462
-17.4698 59.7595 6.3608 -71.751466
-17.8092 61.9411 6.2291 -71.732343
-19.8136 62.8997 6.5069 -71.71295
-21.3274 63.1601 7.9551 -71.693255
-22.8218 64.0013 9.1439 -71.676992
-24.7396 64.6596 9.7419 -71.66432
-25.9313 65.6939 8.2209 -71.651616
-27.3521 67.091 7.1443 -71.638869
-27.8515 68.7801 5.7356 -71.626087
-28.9706 70.1238 4.2552 -71.613301
-29.8302 71.1977 2.3661 -71.600463
-30.5772 72.9481 2.3143 -71.587591
-31.2511 73.9836 4.3225 -71.574708
-31.8836 74.7971 6.3519 -71.561785
-33.4979 76.3178 6.0157 -71.548918
-35.3494 77.7054 5.6794 -71.536052
-36.2359 77.7987 3.4859 -71.523098
-36.823 78.2142 1.2302 -71.510137
-37.2962 78.8752 -1.0041 -71.497191
-38.0777 79.5243 -3.1351 -71.484327
-38.5828 79.8578 -5.4262 -71.471389
-40.1286 80.7679 -6.86 -71.458573
-41.8887 81.3717 -5.9333 -71.445758
-43.201 81.2826 -4.0378 -71.432922
-44.3102 81.7185 -2.0187 -71.42016
-23.2557 64.0561 8.131 -71.678361
-24.9649 64.9635 8.1844 -71.66841
-26.0616 65.9005 8.9001 -71.658262
-26.305 66.1448 10.8713 -71.648045
-26.4364 66.2766 12.8582 -71.638016
-26.7662 66.3845 14.8041 -71.628025
-28.2543 66.3369 15.7942 -71.61809
-29.7596 66.2207 16.7645 -71.608127
-29.8152 66.2528 18.7633 -71.598184
-30.2709 66.9957 19.6957 -71.588279
-31.7156 67.9135 20.4594 -71.578344
-32.1409 69.5247 21.5115 -71.568453
-33.0427 71.1208 22.2483 -71.558631
-33.7682 72.7602 23.0868 -71.54886
-34.714 74.4169 23.6586 -71.539167
-35.5114 76.0162 24.4887 -71.52954
-35.8784 77.7991 25.2812 -71.519969
-36.6919 79.4931 25.9091 -71.510483
-37.5921 81.2366 26.1638 -71.50111
-37.9648 82.9348 26.6532 -71.491781
-38.1232 84.1537 28.0096 -71.482602
-37.4894 85.6297 29.04 -71.473541
-37.0034 87.4849 29.1485 -71.464616
-36.7841 89.4485 29.2879 -71.455539
-36.3959 91.4052 29.448 -71.44664
-9.6387 41.5186 6.3846 -71.953534
-11.2133 41.8239 6.3128 -71.946783
-12.0979 42.4791 4.8865 -71.939959
-13.2557 43.35 3.9751 -71.933163
-14.2423 43.577 2.4577 -71.926348
-15.3556 43.71 1.0276 -71.91955
-15.9894 44.5732 -0.4476 -71.912749
-16.6871 45.12 -2.0478 -71.905971
-17.7188 45.8368 -3.2857 -71.899186
-18.5783 46.8498 -4.5254 -71.892432
-19.9074 47.2662 -5.6939 -71.885713
-21.5852 47.5437 -6.3542 -71.879046
-22.9761 48.6597 -6.3259 -71.872446
-24.3563 49.8697 -6.2079 -71.865891
-25.8552 50.8966 -6.0169 -71.859421
-27.0962 51.9486 -5.4199 -71.852994
-27.9482 52.3876 -3.9646 -71.846624
-29.654 52.5789 -3.9322 -71.840376
-30.6445 52.9077 -5.3714 -71.834211
-32.0441 53.5066 -6.2656 -71.828162
-33.4656 54.634 -6.5349 -71.822243
-34.9544 55.5474 -7.0531 -71.816468
-36.2819 56.6634 -7.6004 -71.810838
-37.6486 57.8611 -7.7756 -71.805354
-38.5034 59.4777 -7.6459 -71.800043
-39.3718 61.0534 -7.2838 -71.794942
-40.2991 62.551 -6.7638 -71.790039
-41.2384 64.045 -6.261 -71.785345
-41.8614 65.6914 -5.7694 -71.78089
-42.4591 67.2851 -5.1652 -71.776677
-43.3383 68.5969 -4.4191 -71.772726
-44.4522 70.0317 -4.1392 -71.769067
-45.5063 71.5345 -4.0501 -71.765692
-46.5569 73.035 -4.1531 -71.762632
-47.8716 74.2263 -4.5515 -71.759899
-48.8625 75.1738 -5.5759 -71.757512
-49.2408 75.7623 -7.2733 -71.755466
-49.4584 77.0985 -8.4631 -71.753811
-49.9501 78.752 -8.946 -71.752544
-51.026 79.8745 -9.2484 -71.751688
-51.28 79.9424 -10.8927 -71.751241
17.7044 20.951 4.9703 -72.183651
18.2015 22.2043 5.6044 -72.177682
18.6985 23.4577 6.2386 -72.171763
19.0912 25.152 6.8819 -72.164322
19.429 27.2733 6.757 -72.155243
20.0937 28.9393 5.4586 -72.146043
20.5192 30.5261 4.0181 -72.136721
21.7848 31.8769 2.8501 -72.127269
22.0977 33.1829 1.0434 -72.117694
23.2662 34.71 0.0406 -72.108051
23.7528 35.2305 -1.9989 -72.098264
24.4415 36.3316 -0.4475 -72.088359
25.2156 37.3871 1.3732 -72.078374
25.5431 38.1412 3.4507 -72.068278
26.3109 39.4951 5.0553 -72.058146
27.3125 40.7429 3.9319 -72.047928
27.6125 41.5008 5.9749 -72.037563
27.8649 42.4672 7.8245 -72.027149
28.5761 44.0126 9.106 -72.016699
29.3017 45.8785 9.8466 -72.006204
29.8444 47.4239 10.9837 -71.99558
29.8427 48.4745 12.9418 -71.984933
30.4043 50.5089 13.6559 -71.974255
32.2661 51.6774 14.0416 -71.963518
33.7432 53.3643 13.9508 -71.952746
35.3704 54.8773 13.6311 -71.94192
36.404 56.7929 13.1328 -71.931051
37.9566 57.9008 12.228 -71.920175
39.1636 59.6692 11.6914 -71.909258
40.7811 61.2139 11.412 -71.898304
42.5407 62.5144 11.7504 -71.887359
43.9242 63.8221 12.81 -71.876374
45.3908 65.165 13.6376 -71.865388
45.9271 67.2097 14.1714 -71.854439
46.6355 69.1359 14.3788 -71.843495
48.3635 70.1089 14.8857 -71.832552
49.6569 71.9103 15.1633 -71.821424
50.9513 73.7475 15.4455 -71.81032
52.8054 74.9337 15.6383 -71.799466
54.7263 75.5702 15.6827 -71.788664
56.0864 76.9982 15.657 -71.777908
57.1449 78.0802 14.4904 -71.767168
58.894 79.349 14.0314 -71.756527
60.9129 80.2627 14.3307 -71.745966
62.6887 81.5896 14.007 -71.735477
64.1912 82.1373 14.8133 -71.725022
65.3934 82.3955 16.5144 -71.714688
66.9021 83.2776 17.6975 -71.704502
67.4164 84.9808 18.6495 -71.694446
68.0681 86.9646 19.2519 -71.684571
18.9087 24.0362 7.1126 -72.168779
19.1476 18.9083 3.9431 -72.184653
20.9905 18.3979 3.8423 -72.178316
22.9152 18.2333 3.6481 -72.171871
24.7758 17.8958 3.3306 -72.165342
26.5871 18.0132 3.1308 -72.158718
28.3023 18.6484 3.6845 -72.152002
29.9424 18.8206 4.6508 -72.145214
31.2866 18.6601 5.9911 -72.138326
32.7096 18.1098 7.1234 -72.131373
34.1103 16.8391 7.543 -72.124363
35.4164 15.4177 7.7072 -72.117281
36.5618 14.0174 7.4707 -72.110146
38.0589 13.6462 6.35 -72.102962
39.8047 13.3092 5.8907 -72.095735
41.5119 12.7068 5.2455 -72.08846
42.8693 12.0614 4.0202 -72.081128
44.4573 11.3345 3.2295 -72.07377
45.9294 10.8303 2.4767 -72.066365
47.1014 10.1377 3.6205 -72.058952
48.3849 9.3089 4.6779 -72.051531
49.394 9.6773 6.2389 -72.044054
50.6478 10.0528 7.6185 -72.036581
51.9327 9.8336 9.0023 -72.029125
53.4883 10.1208 10.104 -72.021684
55.2334 9.8227 9.9071 -72.014264
57.0597 9.924 9.3135 -72.006431
58.8743 9.6526 8.6558 -71.99844
60.689 9.3812 7.9981 -71.990752
62.4959 9.1815 7.3186 -71.983351
64.0964 9.6659 6.3822 -71.97608
65.6128 10.0298 5.5676 -71.968862
66.3879 8.7348 6.61 -71.961689
67.0408 7.9267 8.2378 -71.954607
67.6184 7.3624 10.0083 -71.947577
68.2214 6.7991 11.7671 -71.940634
68.8557 6.3245 13.5452 -71.933831
69.5936 6.0215 15.3177 -71.927106
70.6128 5.6939 16.9232 -71.920547
71.846 5.1297 18.3139 -71.914174
73.446 5.6128 19.1551 -71.907932
75.1394 5.1362 19.9892 -71.901761
76.7792 5.1163 20.887 -71.895877
78.3203 5.541 21.9782 -71.890176
79.5543 6.0354 23.1887 -71.884687
80.477 6.477 24.7608 -71.879447
82.1371 6.4027 25.3832 -71.874441
83.992 6.8997 25.7174 -71.869691
85.8702 6.8251 26.0726 -71.865209
87.7509 6.7088 26.4848 -71.861018
89.6348 6.7028 26.6547 -71.857136
91.0074 6.4378 25.4152 -71.853585
92.1971 6.0461 24.0228 -71.850361
93.1627 5.5053 22.7795 -71.847421
93.4181 5.3578 20.8527 -71.844865
93.6827 5.205 18.9277 -71.842716
93.9559 5.0473 17.0042 -71.840984
94.7999 4.5071 17.8661 -71.8397
-1.9865 16.2264 -10.9822 -72.303127
-1.6114 17.3396 -11.0385 -72.303093
-1.1973 18.2526 -10.4886 -72.303057
-0.4899 18.8695 -10.968 -72.303028
0.4947 18.656 -11.4238 -72.303012
-5.9486 122.6202 -36.4545 -71.283716
-4.8563 124.4889 -38.1946 -71.248508
-3.4433 126.1431 -39.8024 -71.21309
-2.2407 128.597 -40.3971 -71.177465
-1.5188 131.295 -40.1613 -71.141587
-1.6696 134.0734 -40.2753 -71.105479
-2.517 136.7345 -40.7076 -71.069122
-3.2762 139.4376 -41.1589 -71.032519
-4.1563 142.1305 -41.3938 -70.995699
-4.9956 144.8475 -41.5126 -70.958632
-4.2109 147.46 -41.641 -70.921379
-3.9407 150.1251 -41.6099 -70.883861
-3.8535 152.9656 -41.6389 -70.846157
-3.8797 155.8081 -41.7765 -70.808189
-3.362 158.4701 -41.8809 -70.769981
-3.9026 161.1882 -41.8597 -70.731551
-4.6546 163.8938 -41.7416 -70.692903
-4.458 166.7321 -41.7051 -70.654036
-4.7248 169.4267 -41.9823 -70.614953
-5.9516 171.9513 -42.4086 -70.57563
-6.8697 174.6164 -42.5236 -70.536109
-7.1469 177.3942 -42.5991 -70.496357
-8.5483 179.5426 -43.6297 -70.456378
-9.0965 181.9163 -44.9846 -70.416096
-9.3572 184.5276 -45.8738 -70.375666
-10.3037 185.8819 -45.5629 -70.344932
-12.6165 185.7411 -44.527 -70.324363
-14.6492 185.7303 -43.1953 -70.304172
-16.2496 187.2653 -42.1906 -70.284127
-17.9145 189.1431 -41.8854 -70.264166
-19.4479 191.0685 -41.5909 -70.244289
-21.0169 192.9475 -41.0017 -70.224478
-22.4125 194.4386 -40.3024 -70.204739
-23.7068 195.9472 -39.0039 -70.185061
-25.0392 197.7028 -39.8911 -70.165465
-25.8175 200.0563 -40.2799 -70.14596
-26.6369 201.4551 -41.5533 -70.126491
-27.5289 202.2594 -40.2727 -70.107104
-29.472 203.3638 -40.3713 -70.087848
-31.4096 204.4733 -39.3932 -70.068673
-31.9894 205.4816 -37.1556 -70.0495
-32.896 206.6385 -35.2063 -70.030469
-33.7738 206.9925 -32.8727 -70.011478
-35.326 208.2821 -31.3862 -69.992646
-36.5537 210.18 -30.3332 -69.973901
-37.6503 212.1937 -29.5135 -69.955247
-38.7499 214.0475 -28.2022 -69.93665
-38.8366 216.2339 -27.1303 -69.918119
-39.8429 217.9451 -25.6872 -69.89964
-40.3547 220.3663 -25.6679 -69.881208
-9.0607 186.6005 -47.0068 -70.34511
-8.6412 188.5188 -48.1723 -70.324659
-7.9227 189.8909 -49.7878 -70.304222
-7.3389 191.2666 -51.5099 -70.283821
-6.8689 192.8579 -53.067 -70.26349
-6.5717 194.5306 -54.6272 -70.243195
-6.699 195.7688 -56.5782 -70.222907
-6.6007 197.3796 -57.9455 -70.202703
-5.361 198.4457 -59.4593 -70.182528
-4.0706 199.0919 -61.2062 -70.162388
-2.56 200.3359 -61.9713 -70.142365
-1.1767 202.1203 -62.473 -70.122395
0.1257 203.765 -63.1817 -70.1025
0.5779 205.9809 -62.9411 -70.082646
1.7705 207.8999 -62.7909 -70.062849
1.7806 210.0234 -63.3852 -70.043105
1.251 212.0868 -62.5412 -70.023401
0.3882 214.2228 -62.3899 -70.003786
-0.4598 216.2968 -62.9067 -69.984236
-1.2479 218.4121 -63.4146 -69.964735
-2.0973 220.5416 -63.7457 -69.945293
-3.4118 222.4275 -63.923 -69.925912
-5.2388 223.8332 -64.0726 -69.906583
-7.0057 225.2983 -64.337 -69.887293
-8.1122 227.0393 -64.9339 -69.867995
-8.3675 229.0243 -65.402 -69.853262
-8.7031 230.7886 -65.6689 -69.84311
-9.2813 232.5101 -65.8231 -69.833009
-9.2237 228.2929 -64.8468 -69.853965
-10.9382 228.5001 -64.259 -69.845378
-12.6565 228.7042 -63.682 -69.837046
-25.5183 124.0162 -29.3962 -71.435432
-26.4756 125.8583 -28.1987 -71.420308
-27.6755 127.8327 -27.6028 -71.405197
-27.9279 128.8492 -29.077 -71.390066
-28.5728 129.8586 -27.39 -71.374879
-29.4951 131.5172 -26.0388 -71.359796
-30.3172 133.5583 -25.0126 -71.34472
-30.9903 134.755 -23.0132 -71.329663
-31.8576 136.0757 -21.167 -71.314635
-32.9249 137.8539 -19.8699 -71.299644
-34.7749 138.8966 -19.3111 -71.284669
-36.3176 139.9122 -18.0849 -71.269748
-37.4604 141.3871 -16.8864 -71.254869
-38.6623 143.1941 -16.0632 -71.240009
-40.1691 144.5551 -14.9429 -71.225169
-41.2877 146.3296 -14.9203 -71.21036
-42.5778 148.1549 -14.027 -71.195606
-43.9866 149.9737 -13.1872 -71.180927
-45.0144 151.7833 -12.0503 -71.166287
-45.5532 153.8159 -10.8393 -71.151693
-46.3861 156.0367 -10.2537 -71.137156
-46.9837 158.3901 -9.9517 -71.122699
-47.8117 160.6751 -9.7756 -71.108288
-49.0447 162.6915 -9.706 -71.093955
-50.015 164.9082 -9.8518 -71.079689
-51.5234 166.8379 -9.9384 -71.065492
-52.9161 168.8061 -9.9279 -71.051372
-54.0733 170.9215 -9.7859 -71.037321
-55.7453 172.652 -9.5467 -71.023352
-57.6094 174.1497 -9.6472 -71.00946
-59.246 175.273 -8.9172 -70.995642
-60.6519 176.3429 -7.7572 -70.981912
-61.8971 178.3631 -7.4187 -70.968271
-62.7492 180.6081 -7.5045 -70.954705
-63.9736 182.7158 -7.7021 -70.941245
-65.2308 184.8141 -7.6187 -70.92789
-66.7492 186.7003 -7.6491 -70.91464
-68.417 188.4651 -7.7574 -70.901485
-69.4591 190.6092 -7.7695 -70.88845
-69.6776 192.1396 -9.5531 -70.875472
-70.6232 193.0213 -8.854 -70.86245
-70.9662 193.1386 -6.4297 -70.849558
-71.4596 193.5338 -4.0639 -70.836797
-72.1758 195.2071 -3.9513 -70.824264
-73.6159 196.7389 -5.1111 -70.81186
-74.8609 198.522 -6.148 -70.799577
-75.7426 199.5734 -7.6936 -70.787396
-75.3694 199.5725 -10.1146 -70.775139
-74.4019 199.6256 -11.6143 -70.76317
-73.8016 200.0979 -9.3728 -70.751282
-74.5843 201.3776 -7.8285 -70.73955
-75.66 202.8847 -6.3385 -70.727937
-76.7569 204.7933 -5.2692 -70.716445
-77.7876 206.5222 -4.0466 -70.705039
-78.7815 208.5213 -3.0989 -70.69374
-29.3228 87.5393 7.4141 -71.346423
-29.9005 87.4969 9.1019 -71.335334
-30.4781 87.4545 10.7898 -71.324563
-31.0558 87.4122 12.4776 -71.314109
-32.2782 87.1841 13.3671 -71.303914
-33.8866 86.6278 13.8875 -71.293773
-35.2533 87.1539 14.4242 -71.2837
-35.8481 87.8038 15.3321 -71.273717
-36.8463 86.9864 16.4788 -71.263804
-38.3951 86.3544 16.7879 -71.253995
-40.0436 86.842 16.4412 -71.244294
-41.676 86.6973 15.7688 -71.234687
-43.0795 86.67 14.6822 -71.225197
-44.7397 86.6061 14.8133 -71.215829
-46.2784 86.3685 14.6265 -71.206586
-47.931 85.969 14.7511 -71.197486
-49.3382 85.0184 15.2541 -71.188519
-51.0157 84.5548 15.4912 -71.179695
-52.76 84.3802 15.7377 -71.17105
-54.4766 84.1118 16.1326 -71.162575
-56.1575 83.722 16.5614 -71.154261
-57.6854 83.1665 17.2616 -71.14612
-59.449 83.0129 17.2864 -71.138186
-61.2047 83.1213 17.0316 -71.130464
-62.4985 83.4162 16.057 -71.122938
-64.2493 83.561 15.9695 -71.115631
-65.9938 83.4285 15.6473 -71.108544
-67.7202 83.5173 15.2308 -71.101697
-69.055 83.036 14.2322 -71.095091
-69.8653 82.2066 12.9383 -71.088737
-71.0115 81.258 11.9738 -71.082657
-72.4278 80.4398 11.5445 -71.076841
-73.698 79.222 11.6667 -71.071321
-74.8344 77.8746 11.8888 -71.066114
-76.1909 76.8138 12.1994 -71.061188
-77.7152 76.0674 12.6693 -71.056578
-79.2241 75.3783 13.2714 -71.052298
-80.5771 74.3384 13.7242 -71.048353
-81.948 73.2954 14.1285 -71.044754
-83.3128 72.1963 14.4348 -71.041517
-84.2563 70.7511 14.49 -71.038641
-85.9688 70.3467 14.3507 -71.036144
-87.6869 70.083 14.43 -71.03404
-89.1236 69.3762 14.9056 -71.032332
-90.0942 69.1674 16.3612 -71.031032
-91.4773 68.4273 17.0893 -71.030156
-93.1744 68.4543 17.5737 -71.029714
17.4714 115.5383 -32.7054 -71.505057
18.7181 116.515 -32.6736 -71.498801
19.4474 117.9165 -32.6863 -71.492723
20.2746 119.2604 -32.6312 -71.486801
21.0837 120.5882 -32.4636 -71.481061
21.7758 121.9988 -32.2416 -71.475505
22.3094 123.4582 -32.1155 -71.470137
23.1409 124.8071 -32.0128 -71.464978
23.9385 126.1782 -31.9172 -71.460014
25.0849 127.2066 -31.902 -71.455281
25.7601 127.3047 -33.2559 -71.450727
26.628 127.211 -34.5602 -71.4464
27.4583 127.1967 -35.7592 -71.442343
28.395 127.5305 -34.6253 -71.43854
29.5644 128.205 -33.8463 -71.435015
30.5696 128.6374 -32.8152 -71.431746
32.0051 129.043 -32.2921 -71.428768
33.4128 129.4399 -31.6761 -71.426085
34.7649 130.0848 -31.1622 -71.423709
36.07 130.7044 -30.5266 -71.421648
37.2954 130.2845 -29.7509 -71.419905
38.6668 129.8544 -29.4393 -71.41849
40.0959 129.824 -28.9371 -71.417417
41.6596 129.7812 -29.1527 -71.41669
43.163 129.7557 -29.5887 -71.416323
37.3605 97.6671 -24.1386 -71.541406
38.5247 98.3419 -23.3011 -71.536261
39.4075 98.7958 -22.0704 -71.531283
39.7833 99.3954 -20.6642 -71.526485
39.86 99.407 -19.0804 -71.521827
40.1939 99.8932 -18.7303 -71.517431
40.4963 100.318 -20.2174 -71.513214
41.4643 101.4944 -20.1061 -71.509251
42.3976 102.7119 -19.7798 -71.505523
43.1049 104.0833 -19.5568 -71.502027
44.0865 105.3182 -19.6544 -71.498787
44.7899 106.7249 -19.7113 -71.495799
45.9094 107.8469 -19.694 -71.49308
47.0015 108.9935 -19.6267 -71.490633
47.4874 110.1272 -19.5101 -71.488406
47.4694 110.2183 -21.0953 -71.486266
47.4514 110.3094 -22.6805 -71.484488
47.4334 110.4005 -24.2657 -71.483067
47.4153 110.4915 -25.8509 -71.482004
47.3973 110.5826 -27.4361 -71.481298
47.3793 110.6737 -29.0213 -71.480945
-43.1464 107.2097 -8.6051 -71.373286
-44.2349 108.3552 -9.2701 -71.363451
-45.5183 109.1815 -10.1573 -71.353665
-46.5455 110.332 -10.9218 -71.343938
-47.6198 111.4497 -11.7523 -71.334275
-48.7733 112.6103 -11.9929 -71.324675
-49.0763 114.3515 -11.8794 -71.315135
-49.3422 116.0762 -11.586 -71.305688
-49.7822 117.0822 -10.2937 -71.296296
-50.4256 118.2912 -9.1739 -71.286992
-50.9978 119.2379 -7.7863 -71.277771
-51.2625 120.0244 -6.2601 -71.268619
-51.6654 121.1492 -4.9912 -71.259603
-51.9476 122.7357 -4.2703 -71.250693
-52.5998 124.2212 -3.6393 -71.241904
-53.274 125.7541 -3.0637 -71.233255
-53.9887 127.1954 -2.3704 -71.224737
-53.963 128.1021 -0.9245 -71.21627
-54.6255 128.6873 -0.6995 -71.207919
-55.0557 128.8462 -2.4173 -71.199689
-55.7093 129.6088 -3.8029 -71.1917
-56.3904 130.5701 -3.4395 -71.183868
-57.2397 131.7558 -2.5815 -71.176195
-57.7383 132.4193 -1.0375 -71.168625
-58.1997 132.8604 0.5026 -71.161267
-59.135 134.2149 0.2827 -71.154125
-59.5411 135.9385 0.3726 -71.147193
-60.3211 137.5272 0.4547 -71.14047
-61.5615 138.7924 0.4272 -71.133969
-62.8427 140.0202 0.4049 -71.127677
-63.9756 141.337 0.4784 -71.12162
-65.5415 142.0698 0.6041 -71.115799
-66.8201 143.3029 0.6105 -71.110222
-67.9523 144.6731 0.6097 -71.104758
-69.0106 146.0943 0.6091 -71.099671
-69.7753 147.6531 0.6561 -71.094891
-69.9859 148.4831 2.1055 -71.090355
-70.4429 149.3779 3.3991 -71.086131
-71.6135 150.4383 2.691 -71.082217
-72.4835 151.5429 1.7355 -71.078615
-72.9227 152.8592 2.7049 -71.075323
-72.5877 154.4469 3.3601 -71.072364
-73.0119 156.1489 3.5593 -71.069741
-73.1545 157.8864 3.5882 -71.067467
-74.1953 159.319 3.6169 -71.065551
-74.932 160.9303 3.7174 -71.064
-75.2192 162.6661 3.8423 -71.062825
-75.4158 163.3004 5.1393 -71.062018
-75.4017 163.5667 6.8972 -71.061609
-50.1374 90.531 -23.3634 -71.372648
-51.2673 90.8857 -22.5511 -71.363185
-52.7159 91.6607 -23.1098 -71.353814
-54.0702 92.6015 -23.357 -71.344514
-55.4386 93.0469 -22.4458 -71.335296
-56.998 93.6059 -21.9041 -71.326159
-58.5673 94.2413 -21.5078 -71.317124
-59.4515 94.8578 -20.2839 -71.308118
-60.3751 95.9904 -19.3491 -71.299291
-61.639 96.317 -18.2753 -71.29056
-62.5765 96.8459 -17.7339 -71.281948
-63.9654 97.6322 -17.7098 -71.27344
-65.6166 98.1559 -17.9424 -71.265067
-67.3141 98.5251 -18.0363 -71.256822
-68.9906 98.999 -17.9141 -71.248745
-70.4527 99.8368 -17.5623 -71.240805
-71.8636 100.5751 -16.8437 -71.233032
-73.2945 101.1084 -16.0241 -71.225432
-74.8032 101.5319 -15.3155 -71.218005
-76.2937 102.0431 -14.7677 -71.210762
-76.9439 103.3194 -13.9021 -71.203704
-77.7853 104.5384 -13.0235 -71.196847
-79.1174 105.4827 -13.5256 -71.190217
-80.5678 106.3785 -13.889 -71.183802
-81.9123 107.4474 -14.0602 -71.177639
-82.892 108.884 -14.1362 -71.171702
-83.7902 110.3676 -14.0768 -71.166006
-84.9748 111.6284 -13.8567 -71.160582
-86.2002 112.6963 -13.3076 -71.155403
-87.0479 113.9279 -12.479 -71.1505
-87.7411 115.4304 -11.9657 -71.145893
-88.823 116.6812 -11.5653 -71.141582
-89.4834 118.0465 -10.8065 -71.13757
-90.0558 119.4566 -9.9504 -71.133869
-90.8226 120.9302 -9.4429 -71.130501
-91.9586 122.2396 -9.3374 -71.127472
-92.8888 123.6775 -9.6286 -71.124785
-93.6083 125.2344 -9.9613 -71.122452
-94.4583 126.6908 -10.3334 -71.120484
-95.6371 127.179 -11.2403 -71.118882
-96.5223 128.3643 -11.7434 -71.117669
-97.3565 129.8343 -11.9607 -71.116851
-98.0187 131.4271 -12.0082 -71.116437
-44.8397 82.3848 -0.1022 -71.408912
-45.6858 82.6745 1.4762 -71.39912
-47.0854 83.466 2.0376 -71.389407
-47.9154 84.1261 0.6038 -71.379687
-48.4536 84.4912 -1.1078 -71.370037
-49.4629 84.7481 -2.3216 -71.360442
-50.8487 85.4683 -2.9272 -71.350876
-51.3634 86.2483 -4.138 -71.341276
-51.1604 85.8865 -5.9031 -71.331742
-51.4147 86.3329 -4.63 -71.32223
-51.3753 86.9211 -3.2026 -71.312843
-51.6511 88.546 -2.6095 -71.303531
-52.0008 89.4665 -3.9264 -71.294205
-52.6137 90.8015 -4.1725 -71.284983
-53.4473 92.4123 -3.9386 -71.275815
-53.8653 94.1635 -3.6555 -71.266713
-53.9519 95.9277 -3.215 -71.257673
-54.3051 97.4953 -2.5507 -71.248698
-54.5625 98.6898 -1.1952 -71.239823
-54.547 99.8234 0.1762 -71.231007
-54.2907 100.3598 1.9096 -71.222253
-54.7709 101.2087 3.4194 -71.213652
-54.4328 101.9413 3.8933 -71.205176
-53.0212 101.1678 3.092 -71.196807
-52.5222 101.109 4.5528 -71.188491
-54.1846 101.7537 4.4499 -71.180333
-55.6576 102.8136 4.5394 -71.172302
-56.499 104.3974 4.7059 -71.164392
-56.8786 106.1716 4.8788 -71.156607
-56.4546 107.8733 4.5587 -71.148962
-55.6814 109.1098 4.4339 -71.141392
-55.7928 109.3656 6.2457 -71.133841
-56.2213 109.7146 7.7986 -71.126607
-55.5336 111.171 7.9788 -71.119536
-57.2605 111.7016 8.1166 -71.112643
-58.1121 113.2561 8.4551 -71.10591
-58.5985 114.919 9.0311 -71.099347
-59.6859 116.036 9.8099 -71.092992
-59.434 116.5435 10.5662 -71.086805
-59.3051 118.1105 11.4366 -71.080821
-59.9415 119.6907 12.0733 -71.075025
-60.8614 121.156 12.3489 -71.069452
-61.607 122.4945 11.39 -71.064077
-62.1797 124.0961 10.8491 -71.058933
-62.6253 125.8486 10.8404 -71.054025
-62.2188 127.4063 11.6395 -71.049354
-61.8461 129.0333 12.3882 -71.044928
-62.5327 130.6886 12.3999 -71.040754
-62.936 132.4579 12.2088 -71.03683
-63.3234 134.2117 11.8803 -71.033161
-63.6303 135.945 11.5157 -71.029764
-63.951 136.5199 9.8435 -71.026619
-64.1784 137.2406 8.1925 -71.023768
-64.0694 138.3872 6.7995 -71.021217
-64.3697 140.0086 6.0583 -71.018956
-64.8732 141.6033 5.322 -71.017003
-65.5178 142.5596 4.0703 -71.015353
-65.7682 143.1976 5.3492 -71.014016
-66.7186 144.3442 5.8832 -71.013006
-67.5125 145.9488 6.0337 -71.012326
-68.2142 147.6123 6.0332 -71.011982
-36.2134 93.2108 29.5751 -71.438835
-36.6635 94.7733 29.8902 -71.431893
-36.9263 96.2364 30.4302 -71.425079
-37.1622 97.773 30.8495 -71.418384
-37.5529 99.3568 31.1525 -71.411809
-37.9173 100.9487 31.3678 -71.405398
-38.3971 102.525 31.406 -71.39912
-38.3118 104.182 31.3802 -71.393009
-38.3833 105.841 31.3619 -71.387063
-38.5184 107.493 31.3513 -71.381284
-38.1793 109.1047 31.3065 -71.375679
-37.694 110.6348 31.1726 -71.370272
-37.4366 112.1749 31.1742 -71.365047
-36.4341 113.3684 31.2349 -71.360008
-35.2673 114.4885 31.1966 -71.355184
-35.1913 116.0244 31.322 -71.350576
-36.1323 117.264 31.8032 -71.346188
-36.1013 118.8174 31.8898 -71.342025
-35.2737 120.1279 31.585 -71.338106
-34.1912 121.3196 31.36 -71.334431
-33.7141 122.9011 31.2289 -71.331023
-33.0667 124.4147 31.1658 -71.327877
-32.8786 126.0601 31.1275 -71.32501
-32.0835 127.4884 31.1247 -71.322432
-31.8296 129.12 31.1246 -71.320141
-31.1422 130.5851 30.9859 -71.318155
-30.3228 131.8477 30.3079 -71.316474
-29.6856 132.4849 28.9766 -71.315108
-29.0719 133.0333 27.5676 -71.314067
-28.0844 133.7856 27.8775 -71.313366
-27.152 134.469 28.6173 -71.313011
68.8569 88.73 19.5506 -71.676074
69.4626 89.4871 18.5505 -71.668787
69.8694 90.2922 17.5312 -71.661628
70.1133 90.9732 19.0619 -71.654561
70.2522 92.4115 19.6157 -71.647647
70.8156 93.9888 19.8859 -71.640869
70.9233 95.5529 19.5992 -71.634208
71.3862 97.0655 19.4044 -71.627696
72.5006 98.2929 19.6588 -71.621347
72.7344 99.9408 19.94 -71.615139
72.932 101.5833 19.995 -71.609087
72.4313 103.198 19.9089 -71.603199
71.8799 104.7873 20.0008 -71.597502
71.5282 106.416 19.8144 -71.591975
71.2624 108.037 19.4849 -71.586641
70.3107 109.3594 19.2993 -71.581525
69.2896 110.7156 19.219 -71.576619
68.8552 112.3448 19.1576 -71.571933
68.8224 113.8606 18.9579 -71.567476
69.0085 114.8834 18.0264 -71.563237
68.8524 116.0924 16.8932 -71.559243
69.7271 117.2159 15.9694 -71.555498
70.0973 118.581 15.0882 -71.552021
70.8674 119.2691 13.939 -71.548796
70.3855 118.9765 13.515 -71.545865
69.9666 118.6726 13.3866 -71.543196
70.2125 118.847 11.7059 -71.54079
70.4357 118.9096 10.8982 -71.538734
70.1867 118.7318 12.5649 -71.536972
69.521 118.6003 13.8778 -71.535564
69.0153 119.2849 13.1332 -71.534498
69.8993 119.8704 11.9133 -71.533776
70.2963 119.9515 10.2866 -71.533409
95.5228 3.6634 18.9207 -71.839029
95.9521 3.5018 19.9853 -71.838693
96.3294 3.3373 21.069 -71.838522
-41.3421 222.5153 -25.6062 -69.864017
-42.702 224.1478 -25.2091 -69.84835
-44.2458 225.1088 -24.0553 -69.832977
-45.8189 226.0665 -23.0056 -69.817907
-47.3319 227.1224 -21.9872 -69.803124
-48.8138 228.7344 -21.8003 -69.788613
-50.1281 230.4969 -21.9165 -69.774354
-51.8278 231.7383 -22.0527 -69.760316
-52.8158 233.6774 -22.1145 -69.746471
-53.0724 235.6787 -22.1684 -69.735493
-53.6815 237.6012 -22.215 -69.727372
-54.8336 239.2327 -22.1693 -69.719424
-55.9455 240.9107 -22.1307 -69.711637
-56.8959 242.6769 -22.2538 -69.703996
-57.6448 244.0732 -23.1351 -69.696485
-57.9004 245.3567 -24.6431 -69.689103
-58.5973 247.0318 -25.4177 -69.681855
-59.3933 248.8468 -25.6686 -69.674723
-60.5485 250.492 -25.7129 -69.6677
-62.0102 251.8694 -25.795 -69.660774
-63.5819 251.7041 -25.7766 -69.653945
-65.1861 252.5294 -25.4878 -69.647198
-66.5361 253.7075 -24.6451 -69.640536
-67.4482 255.4346 -24.2826 -69.633951
-68.0616 257.3349 -24.0645 -69.627444
-69.279 258.781 -24.0213 -69.621018
-70.6709 260.1778 -24.061 -69.614658
-71.4436 262.0159 -24.0595 -69.60837
-72.8554 263.4363 -23.888 -69.602155
-74.3055 264.6952 -23.3614 -69.596012
-75.6104 266.0079 -22.6232 -69.58993
-76.4194 267.7709 -22.2236 -69.583901
-77.0046 269.6763 -21.989 -69.577943
-77.6943 271.5617 -21.8675 -69.572054
-78.0414 273.5421 -21.7862 -69.566227
-78.9873 275.301 -21.7403 -69.560465
-80.3424 276.7952 -21.6879 -69.554772
-81.6546 278.3163 -21.6068 -69.549148
-83.1583 279.5974 -21.7854 -69.543594
-84.8953 280.6045 -21.8472 -69.538105
-86.7025 281.4584 -21.6828 -69.532683
-87.8751 282.8646 -21.0904 -69.527327
-89.4892 283.7967 -20.5891 -69.522042
-91.1007 284.9601 -20.5677 -69.516837
-92.4107 286.2858 -21.1453 -69.511696
-94.0557 286.9976 -21.9919 -69.506636
-95.7101 288.0996 -22.2545 -69.501653
-97.3406 289.2852 -22.2657 -69.496751
-98.976 289.9877 -22.9029 -69.491927
-100.2796 290.7986 -23.6291 -69.487183
-101.4799 291.8038 -22.4899 -69.482517
-103.036 292.9887 -22.0284 -69.477943
-104.6892 294.1312 -21.8834 -69.473458
-106.3559 295.2232 -22.151 -69.469062
-107.8941 296.3493 -22.6692 -69.464761
-109.1385 297.4951 -23.597 -69.460548
-110.8652 298.494 -23.4597 -69.456438
-112.4721 299.5248 -23.016 -69.452421
-113.8772 300.6139 -22.2042 -69.448505
-115.339 301.8994 -21.8314 -69.444691
-116.6463 303.427 -21.784 -69.440984
-117.9037 305.0024 -21.8441 -69.437381
-119.0254 306.6607 -22.003 -69.433883
-119.7365 308.5266 -22.2827 -69.430496
-120.0458 309.7921 -21.1758 -69.427201
-120.3335 310.3959 -19.2752 -69.424032
-120.8092 311.2425 -17.5331 -69.420983
-121.3861 312.9361 -16.6595 -69.418054
-122.3666 314.5966 -16.303 -69.415254
-123.445 316.2788 -16.4754 -69.41257
-124.5125 317.8962 -16.7048 -69.410012
-124.8879 318.6378 -14.9021 -69.407563
-124.9811 319.1413 -12.9496 -69.40524
-125.2786 319.7061 -11.0358 -69.403048
-125.7833 320.5605 -9.2875 -69.400997
-126.7853 321.2272 -7.7186 -69.399081
-128.1198 321.7372 -6.5853 -69.397295
-129.5338 322.6762 -5.6435 -69.395646
-130.8033 322.8583 -4.1103 -69.39413
-132.3486 322.5617 -2.9424 -69.392752
-133.5223 321.7567 -2.2514 -69.391512
-134.4075 321.0203 -3.7194 -69.390411
-136.141 320.0633 -3.704 -69.389451
-137.9234 319.2453 -3.5128 -69.388631
-139.8153 319.4438 -3.03 -69.387943
-141.7336 319.7231 -2.5415 -69.387402
-143.2992 318.8382 -1.8198 -69.387003
-143.6324 318.198 -3.1912 -69.386742
-144.6494 318.183 -2.5451 -69.386621
-145.6029 318.7473 -1.0864 -69.386638
-147.1116 319.1677 -0.0827 -69.386791
-149.0143 318.6505 0.3041 -69.38708
-150.835 317.9416 0.6531 -69.387499
-152.6003 318.3043 1.3039 -69.388048
-154.255 319.2248 1.8195 -69.388722
-156.1347 319.0641 1.3765 -69.389517
-157.9479 318.8394 0.6505 -69.390428
-159.8193 318.2421 0.4855 -69.391451
-161.6982 318.4908 0.8126 -69.392578
-163.3502 318.4678 1.946 -69.393803
-164.7917 318.8721 3.1901 -69.395118
-166.0348 318.4651 4.5448 -69.396513
-167.2051 317.7036 5.9108 -69.397978
-168.6856 318.3603 6.972 -69.399503
-170.5746 318.3686 7.6324 -69.401076
-172.4422 318.8037 8.0573 -69.402682
-173.7745 319.4811 7.41 -69.404318
-175.2708 319.8181 6.8918 -69.405959
-176.3866 321.0401 7.8064 -69.407594
-178.1084 321.388 8.4289 -69.40921
-179.8667 322.3331 8.1901 -69.410786
-181.7338 322.9719 7.9865 -69.412309
-183.2047 324.2061 7.6173 -69.413763
-184.6529 324.5109 6.7583 -69.415133
-186.4765 324.882 7.4149 -69.416402
-188.3601 325.5005 7.7542 -69.417554
-190.207 326.2741 7.8586 -69.418575
-191.8555 326.4884 7.2737 -69.419452
-192.3011 326.2807 5.3327 -69.420184
-192.4569 326.3027 3.3202 -69.420761
-192.6127 326.3246 1.3078 -69.421148
-192.7684 326.3466 -0.7047 -69.421343
-53.5618 234.7518 -22.4056 -69.736455
-55.3696 234.7358 -22.9279 -69.730366
-57.1775 234.7198 -23.4502 -69.724582
-58.9758 234.7413 -23.9753 -69.719086
-60.5834 235.6616 -24.1049 -69.713812
-62.2107 236.6032 -24.0421 -69.708707
-63.9306 237.3539 -24.0447 -69.703779
-65.5569 238.2591 -24.1396 -69.699001
-67.3063 238.9314 -24.1596 -69.694384
-68.8366 239.9978 -24.0522 -69.689901
-70.5332 240.314 -23.7713 -69.685557
-72.1779 239.7124 -23.3677 -69.681342
-73.9055 239.067 -23.0743 -69.677253
-75.764 238.9129 -23.0612 -69.673283
-77.5069 238.4311 -23.4834 -69.669427
-79.2728 238.5078 -23.5052 -69.665681
-81.0101 239.1307 -23.2489 -69.662043
-82.8258 239.4159 -22.9537 -69.658512
-84.5254 239.9346 -22.4418 -69.655085
-86.2406 240.0396 -21.7161 -69.651755
-87.8568 239.8217 -20.9364 -69.648525
-89.3552 239.6723 -19.8507 -69.645391
-90.7771 239.8281 -18.7653 -69.642355
-92.3262 239.5258 -18.0598 -69.639416
-94.0855 240.1028 -17.7873 -69.636577
-95.877 240.5966 -17.5579 -69.633833
-97.6988 241.0591 -17.507 -69.631183
-99.53 241.4724 -17.4393 -69.628632
-101.2527 242.1681 -17.1773 -69.626176
-102.8299 242.815 -16.4434 -69.623819
-104.4569 243.5931 -15.9937 -69.621562
-106.2956 243.7075 -16.104 -69.619401
-107.1732 243.8399 -14.6775 -69.617324
-108.3872 244.3725 -13.7017 -69.615357
-109.3454 245.4642 -12.5807 -69.613493
-110.5466 246.5332 -11.6213 -69.611728
-112.0874 247.1 -10.9503 -69.610067
-112.6927 248.1713 -9.7197 -69.608504
-113.85 248.7857 -8.6033 -69.607046
-114.9422 250.1535 -8.2414 -69.605695
-115.3929 251.8689 -7.6387 -69.604447
-116.4822 252.9605 -6.8157 -69.603309
-117.371 253.2374 -5.1806 -69.602274
-118.358 253.8356 -3.7152 -69.601347
-119.4595 254.4678 -2.3971 -69.600529
-120.9563 255.2641 -1.6822 -69.599817
-122.5163 255.9458 -1.0086 -69.599213
-123.9831 256.9071 -0.452 -69.598715
-124.7954 257.8348 0.9161 -69.598324
-125.65 259.0549 2.0473 -69.598038
-126.8265 260.4562 2.1583 -69.597857
-128.2898 261.2032 2.616 -69.597778
-129.0334 261.3894 4.2611 -69.597801
-129.2473 261.2649 6.1105 -69.597927
-129.4022 261.1437 7.9821 -69.598149
-129.5576 261.0229 9.8536 -69.59846
-129.7512 260.9235 11.7229 -69.59887
-129.9463 260.825 13.592 -69.599362
-130.1515 260.7135 15.4586 -69.599926
-130.5488 260.346 17.2477 -69.600563
-131.604 259.0778 18.099 -69.601265
-132.4067 258.2916 19.5872 -69.602028
-133.3932 257.3081 20.8241 -69.602844
-133.8044 256.3522 22.376 -69.603705
-134.6418 255.2368 23.5911 -69.604602
-135.4197 253.8392 24.4892 -69.605528
-135.7 253.4829 26.3153 -69.606475
-136.3101 252.641 27.7577 -69.607427
-136.3201 251.3179 26.4825 -69.608375
-136.8701 249.6435 26.0944 -69.609313
-137.7175 248.1362 25.6627 -69.610225
-137.6045 246.4619 25.1316 -69.6111
-137.2893 245.0053 24.2243 -69.611927
-136.6215 243.4615 23.4192 -69.612699
-135.6446 241.9497 22.8735 -69.613413
-135.3758 240.4199 22.4018 -69.614041
-136.1869 239.3032 23.0344 -69.614582
-136.341 238.0644 24.2021 -69.615028
-136.433 236.6369 25.3143 -69.615371
-136.6008 234.8539 25.6617 -69.615604
-137.1474 233.4458 25.0869 -69.615723
-10.2537 234.1313 -65.7936 -69.822316
-11.9535 235.2244 -65.4206 -69.811377
-13.2513 236.4124 -64.5554 -69.800818
-13.9825 238.2182 -64.0036 -69.790613
-13.9675 239.4333 -65.1657 -69.78072
-14.1745 240.8047 -66.5759 -69.771177
-14.74 242.3781 -67.763 -69.76194
-15.0167 243.3075 -69.5586 -69.752968
-14.9973 244.3966 -71.2899 -69.744281
-15.4806 245.6013 -72.6631 -69.735844
-16.6681 247.206 -72.2066 -69.72764
-17.3029 249.0449 -71.7718 -69.719638
-18.6676 250.382 -71.3338 -69.71183
-19.6799 251.0982 -72.0439 -69.70419
-20.4939 252.2385 -73.4165 -69.69669
-21.5912 252.7618 -72.8895 -69.690153
-21.9596 252.8176 -71.2713 -69.684608
-22.6797 254.2973 -71.5196 -69.679168
-23.6039 255.7577 -72.0067 -69.673825
-24.5721 257.236 -72.2298 -69.66857
-26.0105 258.3101 -72.2446 -69.663397
-27.3761 259.4599 -72.2196 -69.658306
-28.9516 260.3257 -72.2375 -69.653235
-30.5102 261.2195 -72.2945 -69.648303
-31.595 262.5637 -72.7018 -69.643449
-32.6547 263.9941 -72.7006 -69.638665
-33.5598 265.5319 -72.4801 -69.633955
-34.5952 266.9872 -72.4053 -69.629315
-35.2782 268.5959 -72.3691 -69.624734
-36.5462 269.7783 -72.1737 -69.620233
-37.8737 270.872 -71.8225 -69.6158
-38.8876 272.2418 -71.3145 -69.611435
-39.6217 273.7558 -70.7585 -69.607137
-40.6535 274.9959 -70.0158 -69.602909
-42.0534 275.9829 -69.5331 -69.598745
-43.5846 276.8719 -69.3005 -69.594657
-45.0655 277.8565 -69.4958 -69.590633
-45.946 279.1186 -68.7677 -69.586682
-45.8345 280.5644 -67.9551 -69.582799
-46.196 282.2235 -68.3906 -69.578991
-46.2456 283.784 -69.1293 -69.575257
-45.9356 284.9029 -69.4775 -69.571593
-46.3572 283.3243 -69.8414 -69.567995
-47.6385 284.0096 -69.6263 -69.564458
-47.8598 285.27 -68.7781 -69.561014
-47.9763 286.6481 -67.6615 -69.557647
-48.0018 287.8134 -66.394 -69.554359
-49.296 287.3623 -65.4888 -69.551154
-50.1432 286.6731 -64.1653 -69.548041
-50.2434 286.1704 -62.4405 -69.545002
-51.2742 284.9264 -61.8207 -69.542065
-52.8421 284.4426 -61.0987 -69.539217
-53.9107 283.6653 -60.0279 -69.536463
-54.752 283.3629 -58.5184 -69.533796
-55.6511 282.4981 -57.2933 -69.531233
-56.6242 281.93 -56.0196 -69.528773
-57.9991 281.9695 -54.8908 -69.526408
-59.0837 282.3361 -53.8941 -69.524148
-60.0943 282.1643 -52.7677 -69.521987
-61.4419 281.5155 -51.8651 -69.519937
-62.8626 280.827 -51.0501 -69.517992
-64.2795 280.6349 -50.0042 -69.516156
-65.804 280.5238 -49.0693 -69.514431
-66.7885 280.054 -47.7484 -69.512814
-67.9789 279.2336 -46.7905 -69.51131
-68.6552 278.446 -45.3481 -69.509919
-69.0138 277.9753 -43.6489 -69.508643
-69.4167 276.9949 -42.4398 -69.507486
-69.8247 275.5947 -42.5008 -69.506445
-70.268 276.0815 -42.6582 -69.505522
-70.9242 276.409 -41.0457 -69.504713
-71.4032 276.5871 -39.3203 -69.504027
-72.2724 276.7647 -38.0281 -69.503463
-73.2041 276.1685 -36.6914 -69.503018
-74.2918 275.5936 -35.4399 -69.502694
-75.425 274.8456 -34.2803 -69.50249
-76.9255 274.2886 -33.5609 -69.502404
-77.3251 274.3933 -31.9623 -69.502436
-77.3839 274.0953 -31.6173 -69.502586
-77.9259 274.1693 -30.1943 -69.502851
-79.5493 274.0847 -29.6223 -69.503229
-80.9279 274.149 -28.5263 -69.503717
-82.1503 274.2888 -27.2947 -69.504311
-83.1333 274.5631 -25.8399 -69.505011
-83.3586 274.0993 -24.1212 -69.505811
-83.4086 273.3363 -22.4949 -69.506704
-83.5601 272.816 -20.7795 -69.507689
-83.7705 272.4678 -19.0265 -69.508757
-84.0593 272.0789 -17.2937 -69.509897
-84.2893 271.7437 -15.5414 -69.511108
-84.9661 271.1706 -14.2656 -69.51237
-86.4465 270.5588 -13.5443 -69.513679
-87.5224 269.4821 -12.7644 -69.515028
-88.5863 270.2836 -13.3628 -69.516405
-89.344 271.7765 -13.8414 -69.5178
-90.7295 272.8654 -14.017 -69.519222
-92.0012 274.1345 -14.1202 -69.520627
-93.0728 275.5655 -14.188 -69.521998
-94.4803 276.5793 -14.1262 -69.523336
-96.2029 276.3016 -13.7358 -69.524626
-97.8612 276.4416 -13.1634 -69.525856
-99.2225 277.2086 -12.3487 -69.52701
-100.7724 276.7787 -11.5881 -69.52808
-102.4856 276.8416 -11.2384 -69.52905
-104.2435 277.0799 -11.3594 -69.529909
-105.8758 277.7134 -11.5089 -69.530645
-106.978 278.2571 -10.6069 -69.53125
-108.7214 278.4008 -10.5748 -69.531713
-110.1714 278.7473 -11.3411 -69.532028
-111.6618 279.6815 -11.4564 -69.532188
-21.5015 253.5088 -73.309 -69.692072
-22.5942 254.3623 -72.684 -69.690421
-23.4363 255.5756 -72.2611 -69.688965
-23.7952 256.2196 -73.6016 -69.687683
-24.1958 256.9175 -74.8973 -69.686584
-24.5102 257.2028 -76.431 -69.685649
-25.2575 257.9568 -77.5755 -69.684881
-25.9832 258.9049 -78.6121 -69.68427
-26.7351 259.8964 -79.3372 -69.683813
-27.7754 261.0706 -79.3699 -69.683507
-28.1276 262.1418 -78.3341 -69.683353
-14.415 228.9869 -63.4499 -69.828948
-16.1331 229.4489 -63.5343 -69.821365
-17.7421 230.1331 -63.7219 -69.814188
-19.4067 230.7023 -63.8399 -69.807415
-20.8995 231.6241 -63.8754 -69.80103
-22.4197 232.5434 -63.927 -69.795005
-23.9779 232.9794 -64.5409 -69.789331
-25.5926 233.2447 -65.0739 -69.783977
-27.3372 233.3731 -65.393 -69.778943
-29.108 233.4677 -65.4659 -69.774204
-30.8642 233.5427 -65.402 -69.769743
-32.3482 234.4256 -65.4518 -69.76555
-33.9347 234.8444 -64.9779 -69.761602
-35.6107 235.0483 -64.5372 -69.757886
-37.2988 235.2219 -64.5195 -69.754392
-38.3854 235.5894 -65.5655 -69.751093
-39.1438 235.7555 -64.0699 -69.747986
-40.4342 236.3585 -64.9633 -69.74507
-41.6538 237.408 -65.4996 -69.742326
-43.3197 237.9738 -65.7908 -69.739749
-45.0712 238.2644 -65.9288 -69.737329
-46.7994 238.6788 -65.9135 -69.735057
-48.5481 238.9796 -65.7557 -69.732923
-50.2593 239.3638 -65.4708 -69.730926
-51.9541 239.818 -65.3779 -69.729054
-53.6581 240.3081 -65.5616 -69.727306
-55.3649 240.7618 -65.7517 -69.725675
-56.9242 241.5359 -65.9538 -69.724154
-58.6438 241.8319 -66.2728 -69.722744
-59.9936 242.7156 -66.7405 -69.721434
-60.984 243.7818 -67.5294 -69.720224
-62.0855 245.146 -67.6347 -69.719109
-62.592 246.8516 -67.5474 -69.718084
-63.6958 248.1812 -67.3534 -69.717146
-65.3602 248.1365 -67.1819 -69.71629
-66.6185 247.2528 -66.7907 -69.715513
-68.2827 246.701 -66.9975 -69.714805
-69.0056 246.5375 -67.1182 -69.714173
-69.4149 247.1923 -66.2178 -69.713605
-70.5685 248.2104 -65.6787 -69.713099
-72.1021 248.9573 -65.1628 -69.712652
-73.5226 249.8734 -64.6789 -69.712259
-74.9049 250.917 -64.2744 -69.711916
-76.1941 252.0464 -63.8017 -69.71162
-77.6751 252.694 -63.2164 -69.711366
-78.9054 253.7897 -63.1101 -69.71115
-80.0531 255.1107 -63.1909 -69.71097
-81.4092 256.2087 -63.4316 -69.710822
-83.1166 256.5971 -63.7243 -69.710704
-84.8053 256.9649 -63.8465 -69.710611
-86.3232 257.8036 -63.7447 -69.710544
-88.0463 257.7843 -63.4146 -69.710499
-89.5568 258.6367 -63.0658 -69.710477
-79.8558 209.6969 -1.6956 -70.683844
-80.9345 210.9313 -0.8747 -70.675605
-81.8718 212.3265 -0.0936 -70.667673
-83.0145 213.649 0.4105 -70.660038
-83.35 215.4299 0.5242 -70.652686
-84.7236 216.0877 0.5245 -70.645609
-85.8365 216.8501 1.5461 -70.638784
-86.4751 218.3432 2.3648 -70.632237
-87.6889 219.3419 3.0091 -70.625943
-89.3832 219.625 3.5112 -70.619899
-90.5679 220.9942 3.9392 -70.614084
-91.9993 222.1339 4.2769 -70.608497
-93.1066 223.0567 5.3451 -70.603109
-94.2451 224.3484 6.04 -70.59792
-95.1955 225.7846 6.6504 -70.592931
-96.1469 227.1811 6.1703 -70.588132
-97.5307 228.1499 5.5656 -70.583503
-97.6555 229.6726 4.5217 -70.579037
-98.2632 230.7709 4.9578 -70.574725
-99.4213 231.1534 5.7424 -70.570578
-100.7458 231.4122 4.7237 -70.566578
-101.8502 232.6408 4.2535 -70.562729
-103.1436 233.9354 4.0273 -70.559021
-104.4921 234.4164 4.8558 -70.555455
-105.6117 233.6885 5.7966 -70.552001
-106.7274 232.3194 6.4016 -70.548646
-107.441 230.7522 6.8747 -70.545466
-107.4488 229.0255 7.5014 -70.542418
-107.9411 227.3511 8.131 -70.539501
-107.0902 226.8712 8.9862 -70.536705
-106.1496 226.513 10.1833 -70.533998
-105.9516 226.2598 12.0223 -70.531412
-105.4787 225.2922 12.0054 -70.52896
-105.2249 224.5846 10.2988 -70.526626
-104.7784 223.6625 9.5999 -70.524419
-104.7066 222.6921 11.0296 -70.522321
-105.026 220.965 11.6033 -70.520345
-104.6066 219.9029 12.8153 -70.518479
-103.3942 219.8352 14.0764 -70.516726
-104.3073 219.9043 13.553 -70.515085
-105.885 218.9419 13.3792 -70.513551
-107.2676 218.4747 12.6842 -70.512124
-108.1193 218.5469 11.0406 -70.510799
-108.3962 219.4541 11.7193 -70.50958
-109.0143 219.6825 13.4653 -70.508458
-109.7221 219.9831 15.1561 -70.507439
-110.6667 219.9703 16.4989 -70.506518
-112.0003 218.9022 16.8845 -70.505688
-113.4433 217.9794 16.4775 -70.504947
-114.7081 217.1333 15.6968 -70.504289
-115.2947 216.7255 13.9743 -70.503711
-115.5962 216.7912 12.1637 -70.503204
-115.7677 217.1126 10.3327 -70.502767
-115.4309 217.0746 11.1227 -70.502398
-116.1181 217.6962 12.116 -70.50208
-117.3855 218.3763 13.3061 -70.50182
-118.8798 218.8959 14.099 -70.501611
-120.5533 219.5755 14.5055 -70.501445
-122.3465 220.0233 14.7431 -70.501315
-124.1585 220.1151 14.949 -70.501216
-125.565 221.2324 14.8597 -70.501143
-126.6064 222.7478 14.7267 -70.501091
-127.1945 224.5052 14.537 -70.501055
-127.9351 226.1832 14.2547 -70.501031
-129.0224 227.5634 14.5865 -70.501017
-130.1181 229.0198 14.5982 -70.501009
-131.2201 230.4645 14.2522 -70.501005
47.5528 -96.076 13.5667 -75.940791
47.0015 -95.2803 13.5986 -75.940953
46.7344 -94.3274 13.6342 -75.941033
27.7081 -94.2683 18.8592 -76.005913
26.226 -93.6204 19.8024 -76.006337
24.7439 -92.9726 20.7456 -76.006625
23.2618 -92.3248 21.6888 -76.006805
23.8038 -92.3745 21.7835 -76.006892
54.7481 -88.0637 17.871 -75.898022
97.3169 -66.6493 31.3652 -75.83302
99.3506 -67.4491 30.897 -75.833384
101.3843 -68.2489 30.4289 -75.833657
103.4181 -69.0488 29.9607 -75.833859
105.4518 -69.8486 29.4925 -75.834004
104.935 -70.7499 28.9784 -75.834097
104.6139 -70.6388 26.7694 -75.834142
96.937 -66.473 30.8282 -75.832833
44.0154 -65.7095 15.6069 -75.764403
44.0102 -66.3692 14.8486 -75.764604
44.1586 -67.2141 14.3402 -75.764703
-4.665 -9.0685 -0.0051 -72.51989
-3.3078 -10.3003 -0.0154 -72.672448
-1.9532 -11.5348 -0.0257 -72.824526
-0.7426 -12.7803 -0.0459 -73.075914
0.4334 -13.9291 -0.0935 -73.4236
1.4466 -15.2471 -0.185 -73.765912
3.5554 -27.7322 1.4257 -74.245634
8.6107 -41.3653 6.7974 -74.627846
22.8794 -62.2772 10.5055 -75.360014
26.4745 -64.8588 13.9793 -75.457442
29.0535 -67.1183 14.3116 -75.519002
42.1418 -73.5431 16.2509 -75.730905
47.2069 -85.1931 18.1557 -75.871705
44.6639 -89.9679 15.7857 -75.920133
47.7449 -96.3203 13.6398 -75.939228
78.4149 -177.3628 14.5582 -76.062683
95.2227 -265.7699 17.0719 -76.136341
48.1056 -320.1106 18.1187 -76.177482
-10.9476 -383.6056 22.9817 -76.195889
-40.36 -432.7473 17.7175 -76.196298
28.7834 -94.5812 17.274 -75.999523
14.3097 -106.6143 20.8227 -76.052922
2.7577 -126.0427 26.0848 -76.085996
-45.0792 -189.1405 27.4734 -76.122085
30.9775 -170.2053 31.4202 -76.098171
28.3969 -94.5693 18.0599 -76.004454
-40.2348 -104.2908 -5.8163 -76.093907
-111.9958 -139.102 2.509 -76.129273
54.6562 -87.9717 17.7384 -75.896277
111.8824 -135.9529 29.1893 -76.041274
164.8572 -185.7356 20.1853 -76.115732
213.7243 -226.7876 32.011 -76.143977
43.9697 -65.4565 15.7766 -75.762336
45.5333 -62.1584 17.8534 -75.774007
96.2419 -66.2233 31.6259 -75.832616
2.1326 -22.0656 -2.5814 -74.092318
6.2653 -35.3706 6.4938 -74.449551
8.3143 -40.7868 6.7183 -74.773175
15.4942 -50.7521 4.9673 -75.01421
19.5156 -57.7327 7.1557 -75.241784
24.2121 -63.3654 12.9105 -75.409798
27.7984 -65.9637 14.1964 -75.488773
35.2991 -71.3414 15.5234 -75.628947
45.9552 -78.4006 18.2802 -75.805419
45.9541 -87.9136 17.638 -75.896895
46.0845 -93.1486 14.7482 -75.932039
52.1518 -103.9606 11.3242 -75.956289
58.8833 -119.603 12.0998 -75.982425
62.6461 -133.0235 18.7767 -76.006834
68.7987 -150.479 18.27 -76.030307
75.478 -168.4071 16.0379 -76.052501
80.7201 -186.7623 13.7215 -76.072811
86.0397 -202.1519 18.4658 -76.088217
88.9594 -219.8372 14.0604 -76.102743
92.3483 -238.1707 14.3683 -76.116916
94.4112 -256.1543 16.5595 -76.130412
95.282 -267.4858 16.3224 -76.142231
95.3059 -280.3632 10.9397 -76.150611
82.392 -291.8157 13.1552 -76.158605
66.6134 -301.8126 13.5179 -76.166654
55.8832 -314.8401 17.1156 -76.174409
42.621 -325.3136 19.0805 -76.180512
32.9705 -340.7608 23.6528 -76.184077
23.9361 -354.8041 21.203 -76.18754
9.6225 -366.7531 22.7517 -76.191287
-4.6074 -378.3071 21.4152 -76.194939
-16.9731 -389.755 18.9726 -76.196802
-27.5688 -401.1213 14.9527 -76.196643
-39.573 -411.7299 14.9204 -76.196501
-40.6381 -420.4638 25.2112 -76.196766
-40.4069 -426.6412 14.8914 -76.197081
-41.6738 -434.0686 12.5022 -76.195482
-35.1298 -447.795 10.0223 -76.192296
-30.511 -455.7937 6.7671 -76.189335
-26.4654 -460.7911 2.4423 -76.187187
-24.2919 -464.5784 0.2402 -76.186072
37.1249 -94.0849 14.9718 -75.963112
20.7736 -99.7756 22.2184 -76.029276
11.0172 -108.5614 18.7473 -76.060929
5.909 -113.1292 24.1737 -76.071844
4.7649 -121.3499 27.2758 -76.081383
-3.9067 -133.7894 26.1237 -76.092243
-16.2236 -149.0836 26.7198 -76.100597
-17.7909 -159.6216 22.5822 -76.107952
-30.8645 -168.2845 21.4997 -76.114739
-40.3768 -181.2163 24.3391 -76.120558
-50.8898 -195.8899 27.7601 -76.123548
-59.8432 -207.2909 27.0024 -76.123384
-63.453 -209.2381 15.4152 -76.122588
-64.2909 -212.4765 11.1044 -76.121845
-69.7086 -217.4653 14.9612 -76.12142
-1.3141 -131.2728 34.9295 -76.088634
15.7442 -115.5027 24.1983 -76.061628
21.9499 -133.9863 25.1312 -76.071965
26.8898 -147.4387 25.6301 -76.080911
28.6429 -155.1273 32.7495 -76.089031
28.6017 -167.7997 33.6747 -76.096012
33.7647 -170.9041 21.6446 -76.100363
35.3986 -176.6564 11.4651 -76.101479
39.8278 -180.409 -7.3747 -76.101745
28.4843 -94.572 17.6083 -76.003007
24.075 -93.3058 9.4058 -76.017745
15.5128 -90.8025 -8.4542 -76.037536
-0.0475 -89.6597 -13.0268 -76.055487
-13.9393 -94.7328 -4.0497 -76.072251
-31.0534 -101.5497 -4.3571 -76.087534
-48.3446 -108.1087 -4.4853 -76.100234
-60.3769 -111.0796 -1.1234 -76.108455
-77.9711 -113.5102 3.296 -76.115579
-92.0999 -121.9743 4.6219 -76.122132
-105.6825 -132.44 0.8972 -76.127781
-119.8735 -141.3568 5.959 -76.130617
-132.8113 -151.1601 6.979 -76.130506
-147.2952 -155.5423 4.0924 -76.129797
-153.368 -158.2725 7.6335 -76.129128
-168.793 -159.6906 7.6228 -76.128749
50.8433 -86.5895 17.9535 -75.886973
61.2357 -92.3404 14.5899 -75.917602
72.1897 -102.125 21.0158 -75.949551
85.4059 -115.7278 22.6939 -75.978443
96.1046 -123.0147 27.5352 -76.005369
106.3877 -128.7142 28.8233 -76.030148
119.3522 -141.0891 32.8119 -76.052327
133.3865 -151.0456 27.4274 -76.068632
140.4642 -156.8554 25.7903 -76.083492
152.3124 -169.1266 29.8767 -76.097523
161.5491 -182.1636 26.4505 -76.11043
167.3763 -187.9265 20.8501 -76.120969
178.0174 -198.4202 27.7655 -76.127496
190.5879 -201.853 17.5881 -76.133137
198.4764 -209.0366 23.2285 -76.138377
206.4978 -222.3967 29.9785 -76.142891
216.4485 -231.2363 29.6641 -76.144978
219.3592 -241.6667 28.5636 -76.14453
217.6919 -257.4839 32.1794 -76.143583
212.7961 -271.781 39.8533 -76.142751
208.8344 -287.7139 39.3838 -76.142276
43.1478 -69.6198 16.0595 -75.751669
45.0982 -63.5211 16.1223 -75.768762
50.7937 -61.6079 11.0465 -75.78539
63.7547 -58.5312 9.7712 -75.800062
75.049 -60.4617 16.3877 -75.811697
83.0968 -60.7333 25.9161 -75.82131
91.3447 -63.64 26.8113 -75.829276
106.4082 -69.1292 24.6495 -75.836375
123.1559 -72.5629 28.9251 -75.840848
143.1961 -75.9244 28.8652 -75.843005
46.1286 -55.224 14.5026 -75.781812
37.6417 -45.2763 18.4222 -75.788495
22.8448 -43.0894 21.8828 -75.791417
