-0.8015 -1.2678 -0 -74.080937
-3.2062 -5.0715 -0 -74.081872
-5.0765 -8.0299 -0 -74.082518
-6.4123 -10.1429 0.0262 -74.082655
-8.0143 -12.677 0.1283 -74.082788
-8.8146 -13.9429 0.1666 -74.082886
-8.2187 -14.5214 0.2948 -74.082998
-8.7411 -16.3672 0.5247 -74.083291
-10.0309 -17.8905 1.1419 -74.083669
-11.386 -19.3222 1.89 -74.084047
-12.7254 -20.8552 2.392 -74.08442
-14.0432 -22.4116 2.6217 -74.084867
-14.6972 -24.3185 2.0715 -74.085416
-15.5306 -26.234 2.0482 -74.086018
-16.1094 -27.8038 2.3068 -74.086551
-14.7796 -28.9827 3.1257 -74.087011
-13.6062 -30.5844 3.6202 -74.087478
-12.2537 -32.1091 3.9089 -74.08795
-11.1222 -33.7683 4.2796 -74.088428
-10.1932 -35.2295 5.196 -74.088911
-9.3619 -36.7283 6.3117 -74.089401
-8.5851 -38.2492 7.4144 -74.089896
-7.5935 -39.8435 8.2499 -74.090396
-6.8916 -41.4349 9.2193 -74.090905
-6.2727 -43.3267 9.6108 -74.091418
-5.7427 -44.6215 10.9758 -74.09194
-5.2774 -45.3085 12.8612 -74.092468
-4.5701 -46.2857 12.7646 -74.093002
-3.9187 -47.0128 11.0346 -74.093543
-3.487 -47.3534 9.0584 -74.094092
-3.1601 -48.3203 10.2056 -74.094648
-2.5906 -49.7167 11.29 -74.095206
-2.064 -51.2649 10.2609 -74.095771
-1.9023 -53.0628 10.2828 -74.096342
-1.2374 -53.7481 8.8883 -74.096924
-0.2338 -55.4757 8.438 -74.09751
0.9268 -57.1391 8.1846 -74.098102
2.1659 -58.7648 8.26 -74.098702
2.7966 -60.3652 9.2072 -74.099311
3.5606 -62.0815 8.7826 -74.099926
4.1051 -63.9769 8.2533 -74.100551
4.7728 -65.8913 8.0534 -74.101181
5.555 -67.7898 8.1794 -74.101819
5.4215 -69.7319 8.5591 -74.102464
5.3722 -71.1779 9.39 -74.10312
6.6015 -72.8224 9.4344 -74.103783
7.9091 -74.3345 9.4579 -74.104454
9.1469 -75.9691 9.4502 -74.105134
10.0298 -77.8076 9.4917 -74.105821
10.7723 -79.6982 9.5101 -74.106518
12.3735 -80.8411 9.4583 -74.107223
13.4145 -82.6176 9.4397 -74.107937
14.1594 -84.5026 9.6273 -74.10866
14.908 -86.352 10.0263 -74.109393
15.6285 -88.1574 10.421 -74.110134
16.2688 -90.0988 10.1972 -74.110886
16.8061 -92.0324 10.2983 -74.111646
18.0591 -93.5211 10.9131 -74.112416
19.0692 -95.1762 11.592 -74.113196
20.0514 -96.8019 12.3554 -74.113984
20.7986 -98.4251 13.1509 -74.114784
22.3425 -99.643 13.6764 -74.115594
23.1324 -101.4525 13.8694 -74.116414
24.2278 -103.1764 13.8286 -74.117244
25.7948 -104.4654 13.8973 -74.118084
27.3532 -105.7951 13.951 -74.118934
28.4996 -107.4233 13.9547 -74.119796
30.0108 -108.56 13.6639 -74.120669
31.1081 -108.6091 12.0588 -74.121568
29.9694 -109.9097 10.9348 -74.122545
28.8308 -111.2104 9.8109 -74.12351
27.6922 -112.511 8.6869 -74.124463
26.8377 -113.4766 7.7017 -74.125414
28.1153 -111.9666 8.2837 -74.126434
29.3929 -110.4565 8.8658 -74.12744
30.6706 -108.9464 9.4479 -74.128432
31.1787 -108.9746 10.7509 -74.129442
31.0798 -109.3078 12.7833 -74.130467
31.1974 -110.3892 14.0207 -74.131485
31.8589 -112.2436 14.4776 -74.132508
32.2207 -114.0808 14.8897 -74.133544
32.3754 -116.0895 14.7382 -74.134592
33.2282 -117.7627 14.1097 -74.135652
34.0263 -119.6079 13.7086 -74.136723
34.4263 -121.5938 13.4703 -74.137807
34.6735 -123.5948 13.4834 -74.138902
34.4631 -125.6138 13.6554 -74.140007
35.477 -127.1975 13.9548 -74.141123
36.4488 -128.3733 14.9241 -74.142256
36.0423 -130.1872 15.3722 -74.143406
35.1621 -131.5518 15.4371 -74.144563
35.6418 -129.8523 14.8263 -74.145723
35.0348 -128.0619 14.2107 -74.146894
35.5446 -129.8444 14.1534 -74.148078
35.6291 -131.8577 14.0497 -74.149269
34.8485 -133.6181 13.7199 -74.150468
34.2995 -135.3089 12.7219 -74.151677
33.9891 -137.2127 12.2496 -74.152892
34.6951 -139.1364 12.158 -74.154114
34.4342 -141.0719 12.4762 -74.155342
34.9496 -142.8915 13.1328 -74.156581
35.1207 -144.6736 12.8365 -74.157822
36.0553 -146.4708 12.5635 -74.159067
36.5162 -147.9232 11.2272 -74.160323
37.0821 -149.6924 10.5935 -74.161575
38.1845 -151.3675 10.8233 -74.162828
38.9786 -152.5573 11.4668 -74.164084
38.5512 -154.4927 11.7745 -74.165346
38.9845 -156.4817 12.0272 -74.166609
38.8087 -158.4686 12.102 -74.167866
39.4316 -160.3993 12.1561 -74.169118
40.017 -162.1492 11.7738 -74.170366
39.9044 -164.0643 11.3068 -74.171603
40.4166 -165.9089 10.6066 -74.172831
41.3853 -167.5493 10.7632 -74.174043
42.1247 -169.1267 11.6727 -74.175241
42.1485 -170.8263 12.6221 -74.176424
41.2541 -172.1527 13.7028 -74.17758
41.3329 -173.6405 14.3131 -74.178714
41.6008 -174.8677 12.6805 -74.179822
41.8738 -176.7997 12.275 -74.180894
42.7438 -178.5456 11.9564 -74.181929
43.2439 -180.4578 12.0397 -74.182922
43.3656 -182.4295 12.4106 -74.183871
43.6747 -184.2146 13.2717 -74.184772
44.1736 -186.1236 13.8383 -74.185614
44.3535 -187.9066 14.7675 -74.186398
44.8726 -189.5685 15.6922 -74.187116
45.4404 -191.1005 14.5715 -74.187762
46.1386 -192.9259 14.1459 -74.188332
46.6287 -194.8895 13.783 -74.188819
47.9055 -196.4354 13.3908 -74.189219
49.0241 -197.9564 13.467 -74.189526
49.8322 -199.3762 13.2319 -74.189736
51.04 -200.3986 12.0409 -74.189844
-16.8109 -27.3553 2.8101 -74.086468
-17.497 -28.3029 4.2038 -74.086756
-18.1984 -29.271 5.5067 -74.087041
-18.2577 -29.3412 3.7473 -74.087375
-18.2679 -29.344 1.9276 -74.087705
-18.2781 -29.3467 0.108 -74.088028
-18.2883 -29.3494 -1.7116 -74.088346
-18.2985 -29.3522 -3.5313 -74.088657
-18.8534 -30.5664 -3.9808 -74.088965
-18.8107 -32.318 -3.8597 -74.089279
-19.3066 -34.0554 -3.7456 -74.089596
-18.9488 -34.5418 -2.2544 -74.089918
-18.3075 -35.7012 -1.0566 -74.090244
-18.003 -37.2922 -0.254 -74.090573
-17.2153 -38.7422 0.5062 -74.090905
-17.2992 -40.1694 1.5541 -74.091242
-17.1185 -41.7267 2.3954 -74.091583
-17.083 -42.8762 3.6698 -74.091929
-17.3639 -44.4413 4.545 -74.092279
-18.2212 -45.6938 5.2818 -74.09263
-18.9632 -46.7735 4.1464 -74.092987
-19.2427 -47.6114 2.5633 -74.09335
-19.7572 -49.1601 2.2576 -74.093714
-20.0441 -50.8741 2.5491 -74.094082
-20.3286 -52.4364 3.2684 -74.094453
-19.8077 -53.8024 3.6098 -74.094829
-19.2008 -54.6661 2.2731 -74.095211
-18.7221 -56.0354 2.9434 -74.095599
-18.7365 -56.729 4.1896 -74.095991
-18.8997 -58.1413 5.2798 -74.096385
-18.8149 -59.8936 5.7078 -74.096782
-18.9822 -61.072 7.0484 -74.097184
-19.3934 -62.5349 8.0119 -74.097587
-19.547 -63.8484 9.0694 -74.097997
-19.5772 -65.5723 8.63 -74.098406
-19.258 -67.3139 8.3405 -74.098818
-19.7508 -69.0603 8.364 -74.099231
-19.9946 -70.8175 8.7102 -74.099647
-19.8037 -72.5539 9.1873 -74.100065
-19.7201 -74.3251 9.5635 -74.100484
-20.2567 -75.9938 9.7611 -74.100903
-19.7758 -77.7066 9.8918 -74.101323
-19.8692 -79.394 10.0722 -74.101741
-20.6153 -80.6503 10.7965 -74.102158
-20.8101 -82.0334 11.1362 -74.102571
-21.8468 -83.2751 10.5156 -74.102979
-22.3598 -84.646 11.4203 -74.103382
-22.8139 -86.2646 12.0203 -74.103779
-22.9433 -87.4114 13.1988 -74.104171
-23.2601 -88.7922 14.1473 -74.10455
-23.5187 -90.5915 14.1567 -74.104916
-23.7693 -92.3875 14.2837 -74.105268
-23.9193 -94.161 14.5659 -74.105605
-24.765 -95.4177 14.2775 -74.105923
-25.6946 -96.5629 13.7452 -74.106221
-26.3361 -98.2508 13.7081 -74.106496
-26.22 -99.6251 14.4174 -74.106749
-26.029 -100.2322 16.1217 -74.106974
-25.98 -100.9366 17.7977 -74.107168
-26.1774 -101.1961 19.58 -74.107334
-26.4133 -101.3806 21.3748 -74.107459
-26.5757 -102.9017 22.0388 -74.107543
-26.565 -104.1061 22.8298 -74.107587
-10.4886 -18.1238 0.6694 -74.083969
-10.4015 -18.057 0.4643 -74.084168
-11.3637 -19.3353 1.4826 -74.08441
-12.4409 -20.4928 2.3203 -74.0847
-13.7335 -21.882 2.6066 -74.085018
-14.3525 -23.4451 1.6476 -74.085341
-14.7639 -24.7529 0.4153 -74.085669
-15.0123 -25.6795 -1.2982 -74.086003
-14.7483 -27.3027 -2.2341 -74.08634
-14.1682 -28.7546 -3.3613 -74.086682
-14.1335 -30.3237 -2.5621 -74.08703
-14.176 -32.0715 -1.7097 -74.087381
-14.076 -33.7889 -0.9359 -74.087736
-13.8862 -35.6563 -1.4771 -74.088095
-13.5408 -37.5381 -1.8551 -74.088458
-12.9254 -39.3671 -2.0095 -74.088826
-12.8947 -41.2639 -2.5483 -74.089198
-12.5093 -43.0891 -2.3969 -74.089573
-11.8636 -44.7358 -1.5183 -74.089955
-11.3409 -46.4019 -0.6056 -74.090341
-11.0233 -47.5467 0.9658 -74.090734
-10.5913 -48.4457 2.6789 -74.091128
-10.1405 -50.0833 3.3431 -74.091526
-10.2934 -51.7904 2.9275 -74.091928
-10.88 -52.8858 1.4404 -74.092337
-11.0363 -54.4811 1.7038 -74.092748
-11.1458 -56.3254 2.378 -74.093164
-10.357 -57.7555 3.4384 -74.093585
-10.1358 -58.8326 4.9901 -74.094011
-10.3077 -60.6124 5.6598 -74.094443
-11.2813 -62.2927 6.0116 -74.094879
-11.7958 -64.1934 6.181 -74.09532
-12.4342 -66.0517 6.3974 -74.095766
-11.9522 -67.7789 6.8906 -74.096219
-11.6762 -69.0382 8.2561 -74.096677
-11.713 -70.0381 9.9612 -74.09714
-11.8555 -70.9146 11.6774 -74.097612
-12.8132 -71.5235 13.2459 -74.098087
-13.5753 -72.2336 12.7301 -74.098569
-14.1638 -73.7043 11.8882 -74.099056
-14.4131 -75.2707 10.815 -74.099549
-13.5782 -77.0011 10.3425 -74.100048
-13.3259 -78.9499 10.1371 -74.100554
-13.3622 -80.9141 10.3308 -74.101066
-14.2376 -82.5066 10.9807 -74.101583
-14.7845 -84.1023 11.9265 -74.102108
-15.3519 -85.4422 12.6525 -74.10264
-15.7865 -86.6616 12.098 -74.10318
-16.5522 -87.7496 13.5364 -74.103726
-17.1687 -89.5648 13.8022 -74.104278
-18.2162 -91.1682 13.885 -74.104838
-19.5493 -92.634 13.9514 -74.105404
-20.3209 -94.4426 13.8656 -74.105978
-21.0095 -96.2837 13.6721 -74.106559
-21.3384 -97.8523 13.9673 -74.107153
-21.6939 -97.8965 15.9193 -74.107761
-22.3276 -98.0602 17.7316 -74.108369
-21.887 -98.9874 16.7979 -74.108989
-22.8153 -99.7306 15.3374 -74.109609
-24.3779 -100.6691 14.7056 -74.110236
-24.3457 -102.6276 14.3888 -74.110867
-24.5768 -104.5617 14.2213 -74.111505
-24.8282 -106.5067 14.2205 -74.112149
-25.0574 -108.4614 14.1941 -74.112798
-25.5558 -110.3378 14.0236 -74.113454
-26.9412 -111.6652 13.5497 -74.114115
-27.6548 -113.1993 12.651 -74.114781
-27.9593 -114.1646 11.0361 -74.115459
-28.3565 -115.3746 10.0919 -74.11613
-29.1471 -116.4978 9.0352 -74.116808
-29.5399 -117.0458 7.1689 -74.117495
-29.9596 -117.6548 5.3281 -74.118177
-30.9613 -118.935 4.5188 -74.118855
-32.1435 -120.2324 4.6581 -74.119533
-32.9363 -121.0473 6.2793 -74.120211
-33.621 -122.2206 7.5953 -74.120882
-33.9105 -123.585 8.7937 -74.121549
-34.4873 -124.3869 10.3397 -74.122208
-35.0405 -125.7656 11.4307 -74.122855
-34.701 -127.6323 11.772 -74.12349
-35.3063 -129.4991 11.9181 -74.124112
-35.9903 -131.3268 11.7835 -74.124715
-37.6819 -132.1342 11.31 -74.125299
-38.5009 -133.4806 10.3217 -74.12586
-38.4967 -134.7419 8.9782 -74.126397
-39.2613 -136.1191 9.0235 -74.126902
-39.6486 -137.8732 9.0943 -74.127373
-40.3927 -139.5578 8.4232 -74.127807
-41.3357 -141.2284 8.0319 -74.128199
-41.7461 -143.1332 7.6854 -74.128547
-42.0138 -145.0056 7.4829 -74.128846
-41.9887 -146.6225 8.5512 -74.129093
-43.1363 -148.1444 8.915 -74.129283
-43.8626 -149.8828 8.3731 -74.129413
-44.926 -151.4033 7.7386 -74.12948
-9.353 -14.8211 0.2731 -74.083035
-11.0559 -15.5864 0.7158 -74.083304
-12.8605 -15.9487 1.177 -74.083641
-14.323 -16.6873 2.6356 -74.08427
-15.6273 -17.7486 4.2904 -74.084801
-16.5612 -19.3299 4.837 -74.08504
-17.0333 -20.2944 6.2453 -74.085311
-17.8874 -21.5361 7.3823 -74.085593
-18.8508 -22.9769 8.1796 -74.085878
-19.5099 -24.5801 8.9543 -74.086168
-19.7318 -25.6734 10.3712 -74.086464
-19.6375 -26.5275 11.987 -74.086765
-20.9183 -27.5166 12.4491 -74.087069
-21.2964 -29.0814 13.3143 -74.087377
-21.83 -30.7644 14.0149 -74.087689
-22.4092 -32.288 14.7504 -74.088005
-23.1716 -32.8787 16.4102 -74.08833
-23.4458 -33.3976 17.1662 -74.088654
-23.9797 -35.1098 17.8018 -74.088983
-25.2888 -36.4276 18.1128 -74.089315
-26.4013 -37.9363 18.2431 -74.089651
-27.2908 -39.5473 18.3867 -74.089991
-28.9068 -40.2841 18.3568 -74.090335
-28.8386 -41.8551 18.071 -74.090684
-30.0593 -43.3052 18.0707 -74.091036
-30.6546 -44.9959 18.2212 -74.091394
-31.4097 -46.5757 18.3297 -74.091756
-32.6885 -47.8644 18.2798 -74.092122
-33.6705 -49.4532 18.3794 -74.092491
-34.3435 -51.1833 18.7706 -74.092865
-35.0428 -52.643 19.7515 -74.093244
-35.9334 -53.9164 20.8542 -74.093626
-36.4958 -55.5633 21.6175 -74.094012
-37.1515 -57.2664 22.1901 -74.094402
-37.503 -58.9135 22.7742 -74.094799
-37.2767 -60.629 23.5408 -74.0952
-38.3487 -62.1152 24.0868 -74.095604
-38.7835 -63.8894 24.6417 -74.096013
-39.0307 -65.5698 25.4324 -74.096425
-39.2448 -67.4312 25.7075 -74.096842
-39.4113 -69.2406 26.1323 -74.097262
-38.2265 -70.1613 27.1367 -74.097687
-37.9293 -71.6381 28.1838 -74.098117
-36.7386 -72.8721 28.5562 -74.09855
-35.4143 -74.1273 28.8617 -74.098985
-33.8413 -75.1427 29.2839 -74.099432
-32.9832 -76.7229 29.5771 -74.099874
-33.6399 -75.092 29.1649 -74.100324
-33.1635 -76.3575 28.5144 -74.100773
-32.6394 -77.9449 29.3953 -74.101223
-31.5586 -79.4236 29.8926 -74.10168
-30.8094 -81.0765 30.3763 -74.102134
-31.5811 -82.6547 30.6865 -74.10258
-31.7168 -84.5489 30.8274 -74.103022
-31.5105 -86.4537 30.8357 -74.103459
-31.5377 -88.3667 30.7633 -74.103889
-31.4829 -90.279 30.6456 -74.104312
-31.9235 -92.1277 30.4947 -74.104723
-32.2806 -93.9944 30.2829 -74.105122
-33.2826 -95.4749 30.073 -74.105508
-34.2923 -96.3147 29.212 -74.105877
-33.7984 -97.5646 29.0456 -74.106229
-33.365 -98.5644 30.3242 -74.106561
-34.9529 -99.5888 30.5864 -74.106867
-35.3561 -101.2379 30.5528 -74.107146
-35.425 -102.1901 29.7785 -74.107396
-35.4381 -103.6106 30.0236 -74.107612
-35.4329 -104.9525 28.8355 -74.107791
-35.4888 -106.6151 28.0477 -74.107929
-35.1318 -108.0258 29.2064 -74.108025
-34.5346 -109.5447 30.0645 -74.108074
-15.445 -16.6758 3.4162 -74.084804
-17.1123 -16.5493 2.7023 -74.085039
-18.8242 -16.1183 2.2844 -74.085308
-20.5247 -15.3962 2.2003 -74.085584
-22.3116 -15.3473 2.4856 -74.085865
-24.0423 -14.9367 2.9859 -74.08615
-25.7912 -14.8802 3.5418 -74.086441
-27.6376 -14.8877 3.7424 -74.086735
-29.4617 -14.8882 3.7168 -74.087033
-31.2202 -15.3922 3.5297 -74.087336
-32.7539 -15.8243 2.9445 -74.087645
-34.0829 -16.2305 1.7975 -74.087957
-35.3566 -17.1047 0.7776 -74.088273
-36.7811 -17.3591 0.0703 -74.088592
-38.4049 -17.2529 0.8951 -74.088914
-40.1857 -16.9717 1.2216 -74.08924
-41.9745 -17.3706 1.348 -74.089571
-43.6645 -17.7288 1.1737 -74.089906
-45.1638 -16.9527 0.472 -74.090244
-46.3865 -16.2335 -0.6264 -74.090587
-48.1583 -16.038 -0.1893 -74.090935
-49.5586 -16.5997 0.7893 -74.091287
-50.6275 -17.7832 1.5574 -74.091642
-52.4581 -17.9497 1.6886 -74.092002
-54.2203 -17.8442 1.1278 -74.092366
-55.6575 -18.4041 0.1681 -74.092735
-57.139 -19.2179 -0.5793 -74.093108
-58.8775 -19.6978 -0.9928 -74.093486
-60.4992 -20.5497 -0.8751 -74.093867
-62.2699 -20.9516 -0.784 -74.094253
-63.9605 -21.4851 -1.2025 -74.094647
-65.769 -21.6468 -1.2364 -74.095043
-67.4074 -21.948 -2.0416 -74.095444
-69.2303 -22.0478 -2.2783 -74.095849
-71.0405 -22.3933 -2.2 -74.09626
-72.76 -22.6876 -1.8978 -74.096675
-74.4248 -22.1245 -1.3042 -74.097095
-75.468 -21.5676 0.0962 -74.09752
-76.805 -21.0117 0.8974 -74.097951
-78.6304 -21.1688 0.7939 -74.098383
-80.2126 -21.6023 1.4208 -74.098821
-81.9055 -21.4802 1.8938 -74.099262
-83.3789 -20.5725 2.4839 -74.099707
-84.8475 -20.092 3.3977 -74.100155
-85.8797 -19.4106 4.4732 -74.100608
-86.9877 -17.9771 4.3817 -74.101061
-88.4094 -16.917 4.436 -74.101516
-89.1332 -16.2863 5.8123 -74.101977
-89.6827 -16.0961 7.5766 -74.102438
-90.6073 -14.9923 8.5732 -74.102894
-91.6573 -14.5236 9.9347 -74.103347
-92.216 -13.6924 11.4126 -74.103802
-93.3323 -12.5367 11.3011 -74.104246
-94.3529 -11.3333 10.4637 -74.104685
-95.9243 -11.359 10.3327 -74.105115
-97.085 -12.6874 10.4076 -74.105536
-98.637 -11.9209 10.4364 -74.105944
-99.8512 -10.5582 10.1484 -74.106337
-101.1467 -9.2581 9.9913 -74.106715
-102.9108 -8.8466 10.0308 -74.107072
-104.2043 -7.6318 10.4372 -74.107406
-105.7848 -7.7377 11.2376 -74.107714
-107.5295 -7.7352 11.7584 -74.107995
-108.7114 -6.5165 12.2914 -74.108244
-108.6826 -5.013 12.9437 -74.10846
-109.4316 -4.9691 14.0337 -74.108639
-110.9911 -5.321 13.2911 -74.108777
-112.3812 -4.7789 12.2565 -74.108872
-113.4541 -4.4164 10.8172 -74.108921
-15.5545 -17.632 4.3033 -74.084796
-16.8149 -18.3686 5.0193 -74.085011
-18.1535 -17.7371 5.9254 -74.085259
-19.3957 -17.6568 7.1162 -74.085518
-20.6245 -17.4395 8.329 -74.085781
-21.4073 -17.0773 9.8446 -74.086051
-22.3291 -16.4593 11.1562 -74.086324
-23.7986 -16.4039 12.1053 -74.086602
-24.636 -16.4397 13.5353 -74.086888
-26.0492 -16.413 14.4153 -74.087176
-26.5091 -16.6788 16.0866 -74.087473
-27.6416 -17.5424 16.452 -74.08777
-28.9683 -17.6171 17.1518 -74.08807
-30.2529 -16.8642 18.0015 -74.088374
-31.8112 -16.9615 18.7079 -74.088684
-32.7125 -16.0015 17.8716 -74.088996
-33.9732 -15.3124 17.8919 -74.089312
-35.5154 -14.9405 18.541 -74.089633
-36.8148 -15.2621 19.6037 -74.089957
-38.1095 -15.3947 20.6532 -74.090284
-39.3709 -15.3085 20.5665 -74.090618
-39.9084 -15.4165 22.2463 -74.090958
-41.4898 -16.1032 22.568 -74.091295
-43.1935 -16.3081 22.9719 -74.091634
-44.8671 -16.1005 23.426 -74.091976
-46.5874 -16.255 23.8037 -74.092321
-48.2806 -16.146 24.1613 -74.092665
-49.8848 -15.6408 24.6252 -74.093011
-51.569 -15.5809 25.1077 -74.093358
-53.1934 -15.8717 25.7123 -74.093704
-54.8397 -16.0518 26.2602 -74.094051
-56.4663 -15.7486 26.8593 -74.094394
-57.6381 -14.8744 27.7621 -74.094735
-58.8394 -13.7889 28.4214 -74.095073
-60.1932 -13.1386 29.3328 -74.095408
-61.8304 -12.6017 29.6751 -74.095737
-63.5039 -12.1508 29.7076 -74.096059
-64.8861 -11.121 29.4315 -74.096373
-65.5954 -10.0293 28.2627 -74.096679
-66.3587 -9.069 29.1123 -74.096974
-67.3994 -7.9254 29.8988 -74.097257
-68.8854 -7.8686 29.963 -74.097525
-70.5505 -7.352 29.9726 -74.097776
-72.0497 -6.4284 30.0037 -74.098008
-73.5599 -5.5098 29.9785 -74.098221
-74.8786 -4.3323 29.9264 -74.098417
-76.2236 -3.1844 29.9023 -74.098581
-77.2186 -1.7362 29.9278 -74.098716
-78.2778 -0.5048 29.7779 -74.098821
-79.9939 -0.3567 29.5292 -74.098894
-81.6519 -0.1123 29.479 -74.098931
-15.2282 -17.1379 4 -74.0847
-15.8134 -17.8487 4 -74.084706
-16.4306 -18.5318 4 -74.084709
-13.8552 -16.3527 0.6773 -74.083846
-6.8126 -12.9962 0.0714 -74.082848
-5.8684 -15.48 0.0572 -74.083095
-5.4058 -18.0693 0.0621 -74.083417
-4.8048 -20.6622 0.1442 -74.083831
-4.2378 -23.1032 0.3354 -74.084353
-4.2185 -23.3173 3.0099 -74.085215
-4.1991 -23.5292 5.6846 -74.086093
-3.9404 -24.0329 8.0609 -74.086971
-2.9465 -26.4423 7.8893 -74.087873
-2.9898 -29.1239 7.9366 -74.088811
-2.8312 -31.7921 8.079 -74.089787
-2.7737 -34.4658 8.0848 -74.090803
-3.1335 -36.1267 6.8772 -74.091878
-2.9668 -36.5649 4.2354 -74.092998
-3.5563 -38.3842 2.8887 -74.094145
-4.3063 -40.3834 1.497 -74.095343
-4.1208 -42.6459 0.2252 -74.096585
-4.2362 -43.7827 0.8959 -74.097595
-3.8312 -43.4159 2.8085 -74.098331
-3.4263 -43.0492 4.7211 -74.099062
-3.0214 -42.6825 6.6338 -74.099788
-2.6164 -42.3158 8.5464 -74.100509
-2.2115 -41.949 10.459 -74.101226
-1.8006 -41.5642 12.3611 -74.101938
-1.0504 -39.8462 12.7392 -74.102676
0.1758 -38.6585 13.5417 -74.103427
1.5902 -38.0395 13.8599 -74.104208
3.2347 -39.0768 14.2093 -74.105005
3.2862 -40.8715 14.6526 -74.105826
3.0921 -42.2179 15.9515 -74.106671
3.289 -43.8273 17.0278 -74.10754
3.7676 -45.0577 18.3989 -74.10844
5.3853 -45.2551 17.5078 -74.109367
6.4565 -45.5185 16.2146 -74.110338
6.4601 -45.5688 14.2263 -74.111341
7.3041 -46.1013 15.3965 -74.112367
7.7212 -46.6728 17.2551 -74.113428
8.2906 -47.8462 18.7417 -74.114509
8.7291 -49.4862 19.2615 -74.11531
9.1255 -50.9461 19.7272 -74.1158
10.0364 -52.2198 19.9693 -74.116296
10.7133 -53.6545 20.0389 -74.1168
11.8089 -54.3454 19.5071 -74.117314
12.1976 -54.6669 17.9921 -74.117834
13.1099 -54.8336 16.8714 -74.11836
13.5838 -54.6626 15.3738 -74.118924
13.6588 -54.6533 13.7788 -74.119573
13.7337 -54.644 12.1838 -74.120209
13.8087 -54.6347 10.5888 -74.120832
13.8837 -54.6254 8.9938 -74.121441
13.9586 -54.6161 7.3988 -74.122037
14.0336 -54.6068 5.8038 -74.122618
14.1085 -54.5975 4.2088 -74.123184
14.1663 -54.5744 2.6132 -74.12382
14.2206 -54.5486 1.0176 -74.124466
14.2749 -54.5228 -0.5781 -74.125094
14.3293 -54.497 -2.1737 -74.125705
14.3836 -54.4712 -3.7694 -74.126298
14.4379 -54.4454 -5.365 -74.126872
13.7113 -55.8095 -5.5929 -74.127438
13.1825 -57.2536 -6.0072 -74.128002
12.9567 -58.7053 -6.561 -74.128564
12.6682 -60.0281 -7.37 -74.129122
12.3514 -61.5353 -7.7387 -74.129675
11.9771 -63.0578 -7.8716 -74.130221
11.7617 -64.6275 -7.7751 -74.130761
11.4655 -65.9109 -8.3481 -74.131292
11.6675 -66.9063 -9.5712 -74.131814
11.728 -68.3207 -9.6289 -74.132326
11.6975 -68.4625 -8.07 -74.132824
11.4235 -69.5735 -7.0162 -74.133304
11.1196 -70.8404 -6.109 -74.133766
11.0275 -71.8722 -4.9846 -74.134212
11.2426 -73.2528 -4.3725 -74.134636
10.7531 -74.6674 -3.9199 -74.135036
10.425 -76.2016 -3.7062 -74.135411
10.77 -77.7411 -3.6532 -74.13576
11.0786 -79.2552 -3.6604 -74.136077
11.425 -80.7723 -3.755 -74.136364
11.2996 -82.2807 -4.0128 -74.136615
11.9706 -83.6675 -4.3963 -74.13683
12.7118 -84.5829 -3.8154 -74.137008
13.1706 -85.4159 -2.5821 -74.137144
13.3664 -86.853 -1.9391 -74.137237
13.3682 -87.667 -0.8755 -74.137284
8.6263 -48.9248 19.7774 -74.115293
8.971 -49.5407 20.9869 -74.115747
9.2099 -51.0475 20.8184 -74.116205
10.0927 -52.2943 20.5532 -74.116667
10.6868 -53.724 20.4404 -74.117132
11.4461 -54.1517 19.6321 -74.117609
11.5442 -54.2966 18.1881 -74.118087
12.9332 -54.8812 18.406 -74.118563
13.2774 -55.294 19.8309 -74.119054
13.7729 -56.2787 20.5319 -74.119535
14.3885 -57.7019 20.5127 -74.120018
15.16 -59.0485 20.6431 -74.120501
15.6443 -60.0525 21.5504 -74.120985
16.2084 -60.988 22.5631 -74.121469
17.2577 -61.2039 23.519 -74.121948
18.4454 -61.8839 23.9975 -74.122424
19.1422 -63.2514 24.2481 -74.122896
19.671 -63.8624 25.3071 -74.123372
20.2623 -64.3588 26.3522 -74.123836
21.638 -65.0559 26.1487 -74.124292
22.7173 -66.1327 25.8633 -74.124766
23.7256 -67.2733 25.5197 -74.125222
24.6112 -68.47 25.1932 -74.125654
24.9681 -69.954 24.971 -74.126073
24.9964 -70.9802 24.2159 -74.126498
24.9684 -71.117 22.6615 -74.126926
24.9404 -71.2538 21.1072 -74.127325
24.9124 -71.3907 19.5528 -74.127694
24.8648 -71.4567 17.9963 -74.128036
24.9221 -71.7069 16.7213 -74.128356
25.4185 -72.6144 17.5247 -74.128658
25.5779 -72.8182 19.0637 -74.128938
25.6724 -73.1458 20.5059 -74.129184
25.5385 -73.7136 21.7923 -74.129407
25.5469 -73.9336 23.3373 -74.129599
25.5553 -74.1535 24.8823 -74.129752
26.4257 -75.2629 24.9859 -74.129868
26.2037 -76.801 24.991 -74.129948
26.3234 -78.3421 25.0702 -74.129989
-4.7208 -44.7161 -0.023 -74.097409
-5.1299 -46.1818 0.6944 -74.097784
-5.3697 -46.9913 2.259 -74.098166
-5.7718 -48.0995 3.5791 -74.098554
-6.3113 -49.4357 4.5711 -74.098949
-6.1052 -51.0319 5.3148 -74.099349
-5.9754 -52.7323 5.8136 -74.099756
-5.3005 -54.3124 6.0843 -74.100168
-5.5666 -55.9139 6.2159 -74.100587
-6.3626 -57.4622 6.4728 -74.101012
-7.4327 -58.7683 6.9386 -74.101442
-8.3123 -60.0607 7.6969 -74.101879
-9.2075 -61.5771 7.5449 -74.10232
-10.0182 -63.1512 7.7642 -74.102767
-10.4982 -64.8336 7.9938 -74.103218
-11.098 -66.494 8.2496 -74.103676
-11.5795 -68.0917 8.8213 -74.10414
-11.4778 -69.48 9.814 -74.104608
-11.3768 -70.9824 10.6772 -74.105082
-11.1615 -72.6665 10.9417 -74.105563
-11.9531 -74.0675 10.3517 -74.106048
-12.2253 -75.2856 9.1163 -74.106539
-12.386 -76.5528 7.8889 -74.107035
-12.4919 -77.8973 6.8778 -74.107537
-12.6418 -79.6702 6.7282 -74.108044
-12.8923 -81.2283 7.3625 -74.108557
-13.0636 -82.0267 8.8276 -74.109079
-12.8375 -83.2389 8.8894 -74.109603
-12.4716 -84.694 8.0205 -74.110133
-12.6797 -85.5671 7.0599 -74.110669
-12.5183 -84.1321 6.1622 -74.111215
-12.5292 -84.0813 7.3739 -74.111767
-11.895 -85.6688 7.8198 -74.112324
-11.5229 -87.2946 8.4116 -74.112884
-10.3324 -88.1124 9.2259 -74.11345
-10.675 -89.8262 9.467 -74.114022
-11.2148 -91.4903 9.7261 -74.114597
-11.4919 -93.2205 9.9224 -74.115174
-11.8689 -94.9605 9.9938 -74.115757
-12.2215 -96.7085 9.9892 -74.116341
-12.5548 -98.4528 9.9031 -74.116929
-13.101 -100.1246 9.6027 -74.117518
-13.6123 -101.6942 9.0552 -74.11811
-14.5178 -102.8115 8.0351 -74.118703
-14.732 -103.8321 6.6289 -74.1193
-14.736 -104.949 5.3416 -74.119897
-14.7897 -105.5564 3.6632 -74.120495
-14.9175 -106.1934 2.0059 -74.121088
-14.8119 -107.3154 0.66 -74.121673
-14.3904 -108.3157 -0.7477 -74.122255
-14.0768 -109.6227 -1.5126 -74.122827
-14.1581 -111.3783 -1.2027 -74.12339
-14.4574 -112.7137 -0.3129 -74.123947
-14.5581 -113.8268 1.0481 -74.124489
-14.5629 -114.7419 2.5821 -74.125021
-14.3372 -115.8187 3.9677 -74.125534
-14.0073 -116.8255 5.38 -74.126029
-13.5104 -118.0936 6.4955 -74.126503
-13.0668 -119.695 6.5246 -74.126953
-12.4966 -121.0534 5.5568 -74.127376
-12.0851 -122.6625 5.1356 -74.127771
-12.5004 -124.2153 4.474 -74.128134
-12.6759 -125.9354 4.076 -74.128461
-13.0189 -127.5669 3.9008 -74.12875
-13.6129 -129.2115 3.7998 -74.128999
-14.5095 -130.7248 3.617 -74.129203
-15.1909 -132.314 3.2206 -74.12936
-16.0458 -133.6469 2.4524 -74.129467
-17.0046 -135.0632 2.0492 -74.129522
-3.6471 -8.0538 -0.0157 -74.082532
-1.3228 -8.9468 -0.0471 -74.08272
0.9314 -9.9936 -0.0832 -74.082927
2.6625 -11.7633 -0.1495 -74.083189
3.884 -13.4015 -0.8686 -74.083614
4.2751 -14.1359 -3.2157 -74.084567
4.6663 -14.8703 -5.5627 -74.085518
5.0575 -15.6047 -7.9097 -74.086465
5.4487 -16.3392 -10.2567 -74.087408
5.5082 -15.6747 -11.481 -74.08813
5.7528 -14.1284 -10.9972 -74.088593
5.1317 -14.013 -9.0503 -74.089077
5.6382 -14.026 -8.2186 -74.089595
7.6439 -14.2766 -7.8039 -74.090131
9.6042 -14.0356 -7.3728 -74.090666
11.4824 -13.5321 -6.7322 -74.091222
12.4397 -13.1153 -5.3274 -74.0918
13.1732 -12.7275 -3.4442 -74.092406
14.0029 -12.5015 -1.5695 -74.093036
14.9232 -12.6143 0.2611 -74.093689
16.0509 -12.8503 1.9217 -74.094366
17.2291 -12.7352 3.6117 -74.095076
18.6969 -13.072 4.9744 -74.095797
20.4387 -12.843 5.9867 -74.096543
22.2399 -12.9948 6.2182 -74.09709
23.7688 -13.3762 5.9788 -74.097417
25.0057 -12.6222 5.3936 -74.09775
26.3571 -12.2571 4.8087 -74.098087
27.8738 -11.9691 4.5669 -74.098431
29.2461 -11.1445 4.4391 -74.098778
30.8012 -10.7714 4.3716 -74.09913
32.3851 -10.5715 4.2891 -74.099485
33.2233 -10.1298 4.9983 -74.099848
34.0663 -9.8024 5.9221 -74.100213
35.5597 -9.845 6.5062 -74.100581
36.9026 -9.7278 7.2501 -74.100953
38.2463 -9.5474 7.9246 -74.101325
39.7277 -9.1425 8.3952 -74.1017
41.1759 -8.7377 8.951 -74.102076
42.5633 -8.3419 9.5488 -74.102456
43.7337 -8.1277 8.583 -74.102836
45.1311 -8.0308 7.9631 -74.103214
46.5242 -8.3092 7.3517 -74.103592
47.4104 -8.3281 6.0274 -74.103971
48.547 -8.1523 4.9694 -74.104345
50.1277 -8.0481 4.8161 -74.104716
51.0302 -8.412 5.9293 -74.10509
52.4231 -8.5023 6.17 -74.105454
53.895 -8.5955 6.6905 -74.105813
54.9911 -8.7652 7.7616 -74.106165
56.4893 -8.9904 7.679 -74.106506
57.587 -10.1308 7.9043 -74.106837
59.0801 -10.6364 8.1455 -74.107158
60.6014 -11.0022 8.4608 -74.107464
61.9959 -11.5958 8.0265 -74.107755
62.9752 -11.9724 7.058 -74.108034
63.4644 -12.0743 5.5381 -74.108294
64.0395 -11.9612 4.047 -74.108536
64.4337 -11.9546 2.4888 -74.108757
64.823 -11.932 0.9297 -74.108951
65.2041 -11.8836 -0.6309 -74.109117
65.5558 -11.8356 -2.1985 -74.109255
65.8976 -11.7879 -3.7682 -74.10936
66.4194 -11.7876 -5.282 -74.109432
66.4944 -12.5596 -6.6605 -74.109468
21.8035 -12.9643 5.5087 -74.097154
22.2928 -12.8975 4.0421 -74.097601
22.782 -12.8307 2.5755 -74.098039
23.2713 -12.7639 1.1089 -74.098468
23.7606 -12.6971 -0.3578 -74.098888
24.2499 -12.6303 -1.8244 -74.099298
24.7391 -12.5635 -3.291 -74.099698
25.2284 -12.4967 -4.7576 -74.100088
25.7177 -12.4299 -6.2242 -74.100467
26.2069 -12.363 -7.6908 -74.100834
26.8935 -12.3131 -8.9994 -74.101193
27.9931 -12.1349 -10.0456 -74.101552
29.4155 -12.0244 -10.5719 -74.101913
30.9321 -12.139 -10.7879 -74.102273
32.4337 -12.4908 -10.7732 -74.102636
33.7283 -13.0404 -10.3346 -74.102997
34.9591 -13.7394 -9.781 -74.103358
36.3049 -14.3754 -9.3611 -74.10372
37.7863 -14.4064 -8.971 -74.104085
38.9765 -14.4204 -8.3072 -74.104448
39.509 -14.5028 -6.8771 -74.104805
40.803 -14.1184 -7.3333 -74.105153
42.1172 -13.7343 -7.9502 -74.105496
43.481 -14.2451 -8.4653 -74.105831
44.8322 -14.6862 -9.0455 -74.106157
46.2199 -15.1571 -9.5418 -74.106475
47.4998 -15.7968 -10.1041 -74.106779
48.4919 -16.341 -10.9949 -74.107073
49.2648 -16.5571 -12.2212 -74.107353
50.6437 -17.0063 -12.5265 -74.107615
52.1626 -17.2199 -12.7123 -74.10786
53.5098 -17.9199 -12.5815 -74.108084
54.8261 -18.5114 -12.0649 -74.108287
56.0144 -19.3898 -11.6485 -74.108467
57.1511 -20.3793 -11.2981 -74.108621
58.5784 -20.83 -11.009 -74.108747
59.5198 -21.3446 -11.6244 -74.108847
59.9152 -21.5013 -13.1121 -74.108914
60.3293 -21.6363 -14.5919 -74.108949
5.542 -17.4481 -11.9734 -74.088047
5.2752 -19.0549 -12.8511 -74.088334
4.5319 -20.5356 -13.6308 -74.088628
4.2842 -21.2679 -12.1504 -74.088932
4.5234 -21.5541 -11.2061 -74.089236
5.0916 -22.5097 -9.9139 -74.089548
5.6355 -23.6108 -8.5295 -74.089865
6.4022 -24.9693 -7.5369 -74.090186
6.6335 -26.3097 -6.3211 -74.090512
7.1852 -27.3717 -7.4784 -74.090846
7.7638 -28.2275 -9.037 -74.091183
9.1599 -28.8455 -10.0123 -74.091523
10.2945 -29.4271 -11.2255 -74.091867
12.0307 -29.9265 -10.7637 -74.092217
13.7255 -30.5864 -10.4924 -74.09257
15.1918 -31.515 -11.0288 -74.092928
16.7178 -31.6949 -12.0524 -74.093291
18.2188 -31.9125 -13.1144 -74.093658
19.9511 -32.1969 -13.7295 -74.094029
21.5074 -33.0418 -14.1745 -74.094419
22.8543 -34.2615 -14.6414 -74.094813
24.0059 -35.5947 -15.1729 -74.095199
24.5296 -37.1036 -15.7174 -74.09559
24.7232 -37.5624 -17.5262 -74.095991
25.1008 -38.2263 -19.2142 -74.096395
26.3789 -39.4506 -19.5884 -74.096798
28.1291 -39.8596 -20.0602 -74.097206
29.3513 -39.6098 -21.3429 -74.09762
30.6809 -38.9744 -22.3478 -74.09804
31.8544 -39.4408 -23.699 -74.098464
32.7072 -40.1312 -24.5207 -74.098893
34.1875 -40.0661 -24.2388 -74.099328
35.3747 -39.954 -25.6606 -74.099767
36.0556 -40.1808 -27.3735 -74.100217
37.1117 -40.5409 -28.8636 -74.100667
37.9499 -40.8975 -30.5002 -74.101121
38.8019 -40.6861 -32.1277 -74.101581
39.8174 -40.5169 -33.6425 -74.102043
40.8901 -40.7217 -35.068 -74.102507
42.5305 -41.61 -35.2384 -74.102973
44.3755 -41.8861 -35.4176 -74.103443
45.9871 -42.2694 -36.0731 -74.103915
47.4878 -43.2765 -36.1873 -74.104398
49.3319 -43.6209 -36.2065 -74.104891
51.1887 -43.712 -36.2324 -74.10537
53.0372 -43.4731 -36.3042 -74.105848
54.8899 -43.6769 -36.497 -74.106323
56.6959 -43.5991 -36.9065 -74.106797
58.2639 -44.1277 -37.6876 -74.107266
59.5341 -44.5902 -38.7803 -74.107735
60.5988 -45.0677 -39.8571 -74.108195
61.8729 -46.2433 -40.1922 -74.108646
63.3313 -46.5896 -41.0735 -74.10909
64.0217 -46.6763 -42.7931 -74.109525
64.5704 -46.7494 -44.583 -74.109947
64.8703 -46.6711 -46.4334 -74.110369
65.1687 -46.5915 -48.2839 -74.11076
65.5964 -46.5388 -50.1097 -74.111132
65.7108 -46.4215 -51.9702 -74.111508
65.6981 -46.2783 -53.8407 -74.111855
65.6854 -46.1351 -55.7113 -74.11216
65.6727 -45.9919 -57.5819 -74.112422
65.7296 -45.7497 -59.4403 -74.112653
65.8135 -45.4694 -61.2934 -74.11284
66.0243 -45.0935 -63.1166 -74.112984
66.1717 -44.6856 -64.9394 -74.113083
66.3305 -44.1781 -66.4646 -74.113134
5.6517 -16.7814 -12.2027 -74.088231
5.689 -16.9607 -13.7308 -74.088879
5.7263 -17.14 -15.259 -74.089522
5.7636 -17.3194 -16.7872 -74.090159
5.8009 -17.4987 -18.3154 -74.090791
5.8383 -17.678 -19.8436 -74.091418
5.8756 -17.8574 -21.3717 -74.092039
5.9129 -18.0367 -22.8999 -74.092656
5.9502 -18.216 -24.4281 -74.093266
5.9875 -18.3954 -25.9563 -74.093871
6.0248 -18.5747 -27.4845 -74.094471
6.0621 -18.754 -29.0126 -74.095064
6.0994 -18.9334 -30.5408 -74.095651
6.1367 -19.1127 -32.069 -74.096232
6.1741 -19.292 -33.5972 -74.096806
6.2114 -19.4714 -35.1254 -74.097373
6.2487 -19.6507 -36.6536 -74.097932
6.286 -19.83 -38.1817 -74.098483
6.3233 -20.0094 -39.7099 -74.099026
6.3606 -20.1887 -41.2381 -74.099561
6.3979 -20.368 -42.7663 -74.100086
6.4352 -20.5474 -44.2945 -74.100602
6.4725 -20.7267 -45.8226 -74.101107
6.5099 -20.906 -47.3508 -74.101602
6.5472 -21.0854 -48.879 -74.102086
6.5845 -21.2647 -50.4072 -74.102557
6.6218 -21.444 -51.9354 -74.103017
6.6591 -21.6234 -53.4635 -74.103463
6.6964 -21.8027 -54.9917 -74.103897
6.7337 -21.982 -56.5199 -74.104316
6.771 -22.1614 -58.0481 -74.10472
6.8083 -22.3407 -59.5763 -74.105109
6.8457 -22.52 -61.1045 -74.105483
6.883 -22.6994 -62.6326 -74.10584
6.9394 -22.8766 -64.1572 -74.10618
8.1498 -22.8799 -64.1006 -74.106511
8.9886 -23.516 -62.989 -74.106839
9.9314 -24.3205 -62.1091 -74.107158
10.5435 -25.411 -61.3105 -74.107471
11.1641 -26.7642 -60.9602 -74.107774
11.7371 -28.177 -61.0516 -74.108066
12.2468 -29.4991 -61.4619 -74.108346
12.6299 -30.7915 -61.1111 -74.108614
13.0367 -32.212 -60.6823 -74.108867
13.4206 -33.6473 -60.2909 -74.109103
13.672 -35.0666 -59.8345 -74.10932
13.7802 -36.5811 -60.0484 -74.109516
13.7177 -38.0731 -60.4184 -74.109689
13.5658 -39.5761 -60.7091 -74.109838
13.3014 -41.0704 -60.6511 -74.109961
13.3571 -42.0105 -59.4467 -74.110056
13.5377 -43.0476 -58.3404 -74.110121
13.6333 -44.0606 -57.3331 -74.110155
-2.4565 -0.91 0.0523 -74.079498
-2.8293 2.667 0.2464 -74.076595
-3.0866 6.216 0.7208 -74.073644
-2.2413 9.6979 1.5153 -74.070635
-0.7404 12.7593 0.9662 -74.067596
0.227 15.8879 -1.0884 -74.064399
0.5524 20.1154 -1.9386 -74.06105
0.4575 24.418 -2.5408 -74.057659
0.4389 27.3767 -5.5178 -74.054223
-0.013 29.9656 -8.7108 -74.050754
-0.1419 14.3216 0.264 -74.065986
0.8616 14.8245 1.2959 -74.065134
2.5303 15.409 3.4469 -74.063591
5.0961 15.9466 3.8822 -74.062031
7.8356 16.5695 3.9069 -74.060447
10.5566 17.2922 4.0994 -74.058864
13.2701 17.9524 4.5537 -74.057275
15.8121 18.8134 4.7988 -74.055689
17.2134 19.7132 4.344 -74.054642
17.5574 19.3689 4.0634 -74.054662
-0.9274 14.3109 0.2417 -74.065797
-2.5488 14.1754 0.0246 -74.065594
-4.1702 14.04 -0.1925 -74.065411
-5.6969 13.9854 -0.1496 -74.065245
-6.0083 14.0245 0.9686 -74.065088
-4.7591 13.8534 0.1003 -74.06494
-4.5248 13.8442 -1.5168 -74.064765
-4.3735 13.8457 -3.1513 -74.064606
-4.2222 13.8471 -4.7858 -74.064467
-4.0708 13.8486 -6.4202 -74.064351
-3.7648 13.9278 -8.018 -74.064256
-3.1571 14.1597 -9.5252 -74.064186
-2.5409 14.9686 -10.6984 -74.064149
-0.6612 32.5013 -8.9792 -74.048616
-1.3441 34.6869 -8.6538 -74.046928
-2.5162 37.7967 -7.959 -74.044333
-4.0883 40.798 -9.2426 -74.041703
-6.1771 43.4321 -10.5669 -74.039038
-7.4526 45.9637 -12.4793 -74.036336
-8.199 48.9959 -14.3148 -74.033566
-8.488 52.2581 -16.0262 -74.030731
-8.9751 55.6713 -17.3793 -74.027859
-8.9724 59.3456 -17.9864 -74.024952
-8.8355 62.9598 -18.9326 -74.022008
-8.1651 65.7964 -21.101 -74.019023
-8.071 69.4931 -21.2598 -74.016002
-8.0725 72.7987 -19.5494 -74.013024
-8.8931 75.9303 -20.6534 -74.010415
-9.8467 77.8663 -22.8286 -74.008093
-10.916 79.9845 -24.8489 -74.005748
-11.8107 82.572 -26.461 -74.003175
-13.9622 85.1541 -28.0376 -74.000371
-15.428 87.4195 -30.0798 -73.997522
-16.2874 89.1284 -32.8169 -73.994984
-17.1302 91.8068 -33.4334 -73.99277
-16.6579 94.7355 -33.3269 -73.990532
-16.2793 97.4317 -32.2507 -73.988269
-16.0966 100.3779 -31.8618 -73.98598
-15.6048 103.2146 -31.8672 -73.982385
-15.0646 104.6984 -30.0846 -73.977446
-14.4099 106.6313 -31.3901 -73.972461
-13.9013 109.3975 -31.7321 -73.967418
-13.1382 112.1018 -31.8855 -73.962318
-12.0288 114.6912 -32.2205 -73.957154
-9.9615 116.491 -32.7147 -73.951929
-8.3964 118.5551 -33.6954 -73.946639
-7.0441 120.3709 -35.2413 -73.941278
-16.3107 103.1222 -31.2609 -73.983893
-17.0106 105.6108 -30.0258 -73.982054
-17.7104 108.0993 -28.7907 -73.980241
-18.4103 110.5878 -27.5556 -73.978455
-19.1321 113.0846 -26.3544 -73.976694
-20.0839 115.6275 -25.7828 -73.974935
-21.6544 117.8269 -26.4818 -73.973163
-22.4041 120.0541 -28.0006 -73.971376
-23.8204 121.9956 -29.2918 -73.969575
-16.2837 88.4956 -30.6847 -73.995528
-16.9057 88.45 -28.8674 -73.994439
-17.5277 88.4044 -27.0501 -73.99338
-18.1496 88.3588 -25.2328 -73.992351
-18.7716 88.3131 -23.4155 -73.991352
-19.3936 88.2675 -21.5982 -73.990383
-20.0155 88.2219 -19.7808 -73.989444
-20.6375 88.1763 -17.9635 -73.988535
-21.2595 88.1307 -16.1462 -73.987655
-21.8814 88.0851 -14.3289 -73.986805
-22.5034 88.0394 -12.5116 -73.985984
-23.1253 87.9938 -10.6943 -73.985193
-23.7473 87.9482 -8.8769 -73.98443
-24.3693 87.9026 -7.0596 -73.983696
-24.9912 87.857 -5.2423 -73.982991
-25.6132 87.8114 -3.425 -73.982313
-26.2352 87.7657 -1.6077 -73.981664
-26.8571 87.7201 0.2096 -73.981041
-27.4791 87.6745 2.0269 -73.980446
-28.1011 87.6289 3.8443 -73.979877
-28.723 87.5833 5.6616 -73.979335
-10.6474 82.0467 -25.97 -74.004244
-9.8973 83.5702 -26.7997 -74.003616
-8.9166 84.4636 -28.1497 -74.002996
-7.9416 85.635 -29.2349 -74.002384
-6.7633 86.7616 -30.2244 -74.001782
-5.9934 87.8877 -31.5 -74.001189
-4.805 89.0805 -31.9871 -74.000606
-4.0074 90.0975 -33.2964 -74.000028
-3.642 91.5318 -34.1524 -73.999463
-3.5504 92.2381 -35.0395 -73.998907
-2.6112 93.3175 -34.37 -73.99836
-1.4138 94.7914 -34.5426 -73.997826
-0.1697 96.0984 -35.117 -73.997302
0.8889 97.112 -35.3375 -73.99679
1.8787 97.6218 -33.8386 -73.996288
3.297 98.6527 -34.2066 -73.995802
4.478 100.1526 -34.2331 -73.995329
5.7259 101.6013 -34.2783 -73.994869
6.9236 103.076 -34.3329 -73.994423
8.2378 104.4594 -34.2789 -73.993991
9.708 105.6324 -34.1824 -73.993575
11.0242 106.9149 -34.1788 -73.993172
12.03 108.5293 -34.2938 -73.992785
12.8387 110.237 -34.4028 -73.992413
13.6986 111.9172 -34.2947 -73.992058
14.9808 113.3035 -34.0183 -73.991718
16.3534 114.5382 -33.5266 -73.991395
-8.0122 74.6652 -19.0128 -74.011219
-7.3733 74.7434 -17.1393 -74.01055
-6.2129 74.8717 -15.5661 -74.009897
-4.6588 75.1485 -14.4836 -74.009255
-2.9313 75.2005 -13.5318 -74.008621
-1.1908 75.5548 -14.025 -74.007997
0.2492 75.4182 -15.2751 -74.007381
1.6994 75.2949 -16.4498 -74.006776
3.456 75.8724 -16.5978 -74.006181
4.909 77.061 -16.0201 -74.005597
6.3489 78.0205 -15.2054 -74.005023
7.6777 78.1558 -16.557 -74.004458
9.1932 78.8939 -17.1669 -74.003905
10.3243 80.3116 -17.9293 -74.003365
11.8031 81.2429 -18.8099 -74.002837
13.3202 82.0201 -19.7154 -74.002321
14.672 82.8734 -20.8357 -74.001819
15.8195 84.0369 -21.4716 -74.001332
17.3968 85.0052 -21.5241 -74.000858
19.1523 85.9091 -21.6233 -74.000398
20.835 86.8367 -21.5731 -73.999954
22.3782 87.6805 -22.4819 -73.999523
23.6336 88.6822 -23.6145 -73.999108
25.3121 89.236 -24.4178 -73.998709
26.9271 90.1776 -25.069 -73.998319
28.5711 91.1435 -25.6063 -73.997941
30.1849 92.1759 -26.0934 -73.99759
31.906 93.0582 -26.3886 -73.997257
33.349 94.3802 -26.2354 -73.996943
34.682 95.7638 -25.7885 -73.996646
36.0698 96.9946 -25.1164 -73.996367
-9.1332 71.1226 -19.9391 -74.01371
-11.2049 71.3971 -19.3463 -74.012201
-12.2503 72.1505 -17.4371 -74.01068
-13.2771 72.9723 -16.3017 -74.009151
-15.0629 74.4381 -16.0237 -74.007615
-17.1889 75.3374 -15.9102 -74.006068
-18.7708 76.7954 -16.5998 -74.00451
-20.2396 77.7578 -18.0502 -74.00294
-21.4318 79.2493 -19.3169 -74.001363
-22.4493 80.8848 -20.0685 -74.000195
-23.644 82.5321 -19.9209 -73.999456
-25.2693 83.8199 -19.7197 -73.998727
-26.4282 85.5474 -19.5741 -73.998007
-27.4271 87.2915 -19.7394 -73.997296
-28.2555 88.0894 -18.5764 -73.996588
-28.4362 88.7812 -16.6121 -73.995888
-28.7184 89.4709 -14.6555 -73.995204
-28.5952 90.5234 -12.9306 -73.994534
-28.0087 92.2281 -11.8717 -73.993875
-28.1824 93.3344 -10.523 -73.993225
-28.881 94.9101 -9.3484 -73.992587
-29.1637 96.6406 -8.2343 -73.991962
-29.7507 98.589 -7.8416 -73.991348
-31.2546 100.014 -7.7767 -73.990746
-32.9856 101.1833 -7.8435 -73.990159
-34.438 102.6859 -7.93 -73.989583
-35.8645 104.1959 -8.077 -73.98902
-37.7492 105.0636 -8.2888 -73.988471
-39.7252 105.5106 -8.4883 -73.987935
-41.4274 106.5542 -8.4275 -73.987411
-22.5697 79.9845 -21.0657 -74.000111
-23.5049 79.5868 -23.0086 -73.999301
-24.7357 79.2357 -23.1851 -73.998584
-26.0186 79.7983 -22.2548 -73.997879
-27.6912 80.6895 -21.9109 -73.997183
-29.3246 81.7314 -21.4655 -73.996498
-31.1306 82.4861 -21.4143 -73.995824
-32.9071 83.2024 -21.5235 -73.995157
-34.8537 83.2248 -21.3716 -73.994502
-36.6622 83.819 -20.8419 -73.993857
-38.0322 83.5029 -19.5874 -73.99322
-39.4902 83.5562 -18.2934 -73.992595
-40.9141 84.0358 -17.0459 -73.991981
-42.4783 85.0996 -16.5078 -73.991381
-44.0118 86.2891 -16.2793 -73.990792
-45.0805 86.8165 -17.3328 -73.990203
-45.3985 87.0849 -19.2874 -73.98963
-46.0085 87.5938 -21.1008 -73.989069
-46.5256 87.8633 -23.0125 -73.988521
-47.0124 88.1443 -24.9307 -73.987986
-48.0466 88.8001 -25.8124 -73.98747
-49.3531 89.8139 -24.8517 -73.986968
-23.4169 79.5945 -22.041 -73.999666
-7.4755 47.1812 -14.128 -74.034782
-6.6397 46.9581 -15.442 -74.034423
-6.0885 47.0624 -16.854 -74.034083
-5.6785 47.4504 -18.3124 -74.033754
-5.0375 48.1975 -19.4234 -74.03344
-4.9376 48.8586 -20.8471 -74.033138
-4.8994 49.5688 -22.2208 -74.032851
-4.8067 50.8524 -23.1201 -74.03258
-4.348 52.1399 -23.896 -74.032314
-3.8636 53.4258 -24.6617 -74.032075
-3.2759 54.7308 -25.2965 -74.031862
-2.6137 56.0992 -25.6637 -74.03167
-1.9972 57.5231 -25.7699 -74.031499
-0.7472 58.4335 -25.8246 -74.03135
0.1834 59.5702 -25.9895 -74.031224
1.0556 60.8294 -26.3063 -74.031121
1.4265 62.1744 -26.9168 -74.031044
1.2466 63.3678 -27.9187 -74.030991
0.8615 64.5278 -28.8693 -74.030965
-1.2039 34.2315 -8.7378 -74.047334
-2.1645 36.692 -8.3921 -74.045576
-3.11 39.1845 -8.3928 -74.043791
-3.9026 40.3411 -6.7187 -74.041979
-4.4638 40.8393 -4.1593 -74.040134
-5.2514 41.2336 -1.6507 -74.038269
-6.4986 41.3875 0.6577 -74.036386
-6.9016 41.3668 3.1344 -74.034469
-8.3244 41.1475 5.0228 -74.03255
-9.0777 42.2825 6.6587 -74.030873
-10.4818 44.1286 6.7312 -74.029449
-12.0542 45.877 6.472 -74.028019
-13.7926 47.4551 6.7415 -74.026582
-14.3287 48.7274 8.6097 -74.025133
-14.2892 50.0448 10.5825 -74.023682
-14.3831 52.2013 11.5125 -74.022228
-15.4653 54.1641 11.5993 -74.020769
-15.9872 56.1264 10.7348 -74.019304
-15.9935 58.493 10.4465 -74.017836
-16.6674 59.2873 8.5547 -74.016354
-17.4698 59.7595 6.3608 -74.014869
-17.8092 61.9411 6.2291 -74.013387
-19.8136 62.8997 6.5069 -74.011896
-21.3274 63.1601 7.9551 -74.010393
-22.8218 64.0013 9.1439 -74.009176
-24.7396 64.6596 9.7419 -74.008258
-25.9313 65.6939 8.2209 -74.00735
-27.3521 67.091 7.1443 -74.006452
-27.8515 68.7801 5.7356 -74.005564
-28.9706 70.1238 4.2552 -74.004688
-29.8302 71.1977 2.3661 -74.003821
-30.5772 72.9481 2.3143 -74.002964
-31.2511 73.9836 4.3225 -74.002119
-31.8836 74.7971 6.3519 -74.001284
-33.4979 76.3178 6.0157 -74.000466
-35.3494 77.7054 5.6794 -73.99966
-36.2359 77.7987 3.4859 -73.998862
-36.823 78.2142 1.2302 -73.998076
-37.2962 78.8752 -1.0041 -73.997304
-38.0777 79.5243 -3.1351 -73.99655
-38.5828 79.8578 -5.4262 -73.995804
-40.1286 80.7679 -6.86 -73.995078
-41.8887 81.3717 -5.9333 -73.994366
-43.201 81.2826 -4.0378 -73.993665
-44.3102 81.7185 -2.0187 -73.992982
-23.2557 64.0561 8.131 -74.009245
-24.9649 64.9635 8.1844 -74.008461
-26.0616 65.9005 8.9001 -74.007671
-26.305 66.1448 10.8713 -74.006885
-26.4364 66.2766 12.8582 -74.006124
-26.7662 66.3845 14.8041 -74.005375
-28.2543 66.3369 15.7942 -74.004639
-29.7596 66.2207 16.7645 -74.003911
-29.8152 66.2528 18.7633 -74.003194
-30.2709 66.9957 19.6957 -74.002489
-31.7156 67.9135 20.4594 -74.001792
-32.1409 69.5247 21.5115 -74.001108
-33.0427 71.1208 22.2483 -74.000437
-33.7682 72.7602 23.0868 -73.99978
-34.714 74.4169 23.6586 -73.999137
-35.5114 76.0162 24.4887 -73.998509
-35.8784 77.7991 25.2812 -73.997893
-36.6919 79.4931 25.9091 -73.997292
-37.5921 81.2366 26.1638 -73.996708
-37.9648 82.9348 26.6532 -73.996136
-38.1232 84.1537 28.0096 -73.995583
-37.4894 85.6297 29.04 -73.995046
-37.0034 87.4849 29.1485 -73.994527
-36.7841 89.4485 29.2879 -73.994008
-36.3959 91.4052 29.448 -73.993509
-9.6387 41.5186 6.3846 -74.031243
-11.2133 41.8239 6.3128 -74.030574
-12.0979 42.4791 4.8865 -74.029905
-13.2557 43.35 3.9751 -74.029246
-14.2423 43.577 2.4577 -74.028592
-15.3556 43.71 1.0276 -74.027947
-15.9894 44.5732 -0.4476 -74.027308
-16.6871 45.12 -2.0478 -74.026678
-17.7188 45.8368 -3.2857 -74.026054
-18.5783 46.8498 -4.5254 -74.025441
-19.9074 47.2662 -5.6939 -74.024837
-21.5852 47.5437 -6.3542 -74.024245
-22.9761 48.6597 -6.3259 -74.023666
-24.3563 49.8697 -6.2079 -74.023097
-25.8552 50.8966 -6.0169 -74.022542
-27.0962 51.9486 -5.4199 -74.021998
-27.9482 52.3876 -3.9646 -74.021465
-29.654 52.5789 -3.9322 -74.020949
-30.6445 52.9077 -5.3714 -74.020446
-32.0441 53.5066 -6.2656 -74.019959
-33.4656 54.634 -6.5349 -74.019489
-34.9544 55.5474 -7.0531 -74.019036
-36.2819 56.6634 -7.6004 -74.018601
-37.6486 57.8611 -7.7756 -74.018183
-38.5034 59.4777 -7.6459 -74.017784
-39.3718 61.0534 -7.2838 -74.017406
-40.2991 62.551 -6.7638 -74.017049
-41.2384 64.045 -6.261 -74.016711
-41.8614 65.6914 -5.7694 -74.016396
-42.4591 67.2851 -5.1652 -74.016103
-43.3383 68.5969 -4.4191 -74.015832
-44.4522 70.0317 -4.1392 -74.015586
-45.5063 71.5345 -4.0501 -74.015362
-46.5569 73.035 -4.1531 -74.015163
-47.8716 74.2263 -4.5515 -74.014989
-48.8625 75.1738 -5.5759 -74.014839
-49.2408 75.7623 -7.2733 -74.014713
-49.4584 77.0985 -8.4631 -74.014613
-49.9501 78.752 -8.946 -74.014538
-51.026 79.8745 -9.2484 -74.014489
-51.28 79.9424 -10.8927 -74.014464
17.7044 20.951 4.9703 -74.054129
18.2015 22.2043 5.6044 -74.053617
18.6985 23.4577 6.2386 -74.053112
19.0912 25.152 6.8819 -74.052481
19.429 27.2733 6.757 -74.05172
20.0937 28.9393 5.4586 -74.050957
20.5192 30.5261 4.0181 -74.050193
21.7848 31.8769 2.8501 -74.049427
22.0977 33.1829 1.0434 -74.04866
23.2662 34.71 0.0406 -74.047897
23.7528 35.2305 -1.9989 -74.047133
24.4415 36.3316 -0.4475 -74.046369
25.2156 37.3871 1.3732 -74.04561
25.5431 38.1412 3.4507 -74.044852
26.3109 39.4951 5.0553 -74.044103
27.3125 40.7429 3.9319 -74.043357
27.6125 41.5008 5.9749 -74.042612
27.8649 42.4672 7.8245 -74.041874
28.5761 44.0126 9.106 -74.041145
29.3017 45.8785 9.8466 -74.040423
29.8444 47.4239 10.9837 -74.039705
29.8427 48.4745 12.9418 -74.038996
30.4043 50.5089 13.6559 -74.038296
32.2661 51.6774 14.0416 -74.037604
33.7432 53.3643 13.9508 -74.036922
35.3704 54.8773 13.6311 -74.036248
36.404 56.7929 13.1328 -74.035583
37.9566 57.9008 12.228 -74.03493
39.1636 59.6692 11.6914 -74.034286
40.7811 61.2139 11.412 -74.033651
42.5407 62.5144 11.7504 -74.03303
43.9242 63.8221 12.81 -74.032418
45.3908 65.165 13.6376 -74.031818
45.9271 67.2097 14.1714 -74.031233
46.6355 69.1359 14.3788 -74.03066
48.3635 70.1089 14.8857 -74.030099
49.6569 71.9103 15.1633 -74.029541
50.9513 73.7475 15.4455 -74.028997
52.8054 74.9337 15.6383 -74.028477
54.7263 75.5702 15.6827 -74.027972
56.0864 76.9982 15.657 -74.027482
57.1449 78.0802 14.4904 -74.027005
58.894 79.349 14.0314 -74.026544
60.9129 80.2627 14.3307 -74.0261
62.6887 81.5896 14.007 -74.025671
64.1912 82.1373 14.8133 -74.025255
65.3934 82.3955 16.5144 -74.024857
66.9021 83.2776 17.6975 -74.024477
67.4164 84.9808 18.6495 -74.024114
68.0681 86.9646 19.2519 -74.02377
18.9087 24.0362 7.1126 -74.052856
19.1476 18.9083 3.9431 -74.054124
20.9905 18.3979 3.8423 -74.05351
22.9152 18.2333 3.6481 -74.05289
24.7758 17.8958 3.3306 -74.052268
26.5871 18.0132 3.1308 -74.051642
28.3023 18.6484 3.6845 -74.051014
29.9424 18.8206 4.6508 -74.050386
31.2866 18.6601 5.9911 -74.049755
32.7096 18.1098 7.1234 -74.049124
34.1103 16.8391 7.543 -74.048496
35.4164 15.4177 7.7072 -74.047867
36.5618 14.0174 7.4707 -74.047242
38.0589 13.6462 6.35 -74.046619
39.8047 13.3092 5.8907 -74.045999
41.5119 12.7068 5.2455 -74.045383
42.8693 12.0614 4.0202 -74.044769
44.4573 11.3345 3.2295 -74.044161
45.9294 10.8303 2.4767 -74.043556
47.1014 10.1377 3.6205 -74.042959
48.3849 9.3089 4.6779 -74.042368
49.394 9.6773 6.2389 -74.041781
50.6478 10.0528 7.6185 -74.041203
51.9327 9.8336 9.0023 -74.040633
53.4883 10.1208 10.104 -74.040073
55.2334 9.8227 9.9071 -74.039522
57.0597 9.924 9.3135 -74.038949
58.8743 9.6526 8.6558 -74.038373
60.689 9.3812 7.9981 -74.037826
62.4959 9.1815 7.3186 -74.037308
64.0964 9.6659 6.3822 -74.036807
65.6128 10.0298 5.5676 -74.036317
66.3879 8.7348 6.61 -74.035839
67.0408 7.9267 8.2378 -74.035374
67.6184 7.3624 10.0083 -74.034921
68.2214 6.7991 11.7671 -74.034481
68.8557 6.3245 13.5452 -74.034058
69.5936 6.0215 15.3177 -74.033647
70.6128 5.6939 16.9232 -74.033254
71.846 5.1297 18.3139 -74.03288
73.446 5.6128 19.1551 -74.03252
75.1394 5.1362 19.9892 -74.032173
76.7792 5.1163 20.887 -74.031848
78.3203 5.541 21.9782 -74.03154
79.5543 6.0354 23.1887 -74.03125
80.477 6.477 24.7608 -74.03098
82.1371 6.4027 25.3832 -74.030728
83.992 6.8997 25.7174 -74.030494
85.8702 6.8251 26.0726 -74.03028
87.7509 6.7088 26.4848 -74.030085
89.6348 6.7028 26.6547 -74.029909
91.0074 6.4378 25.4152 -74.029753
92.1971 6.0461 24.0228 -74.029616
93.1627 5.5053 22.7795 -74.029495
93.4181 5.3578 20.8527 -74.029393
93.6827 5.205 18.9277 -74.02931
93.9559 5.0473 17.0042 -74.029246
94.7999 4.5071 17.8661 -74.0292
-1.9865 16.2264 -10.9822 -74.064152
-1.6114 17.3396 -11.0385 -74.064152
-1.1973 18.2526 -10.4886 -74.064151
-0.4899 18.8695 -10.968 -74.06415
0.4947 18.656 -11.4238 -74.064149
-5.9486 122.6202 -36.4545 -73.935843
-4.8563 124.4889 -38.1946 -73.930333
-3.4433 126.1431 -39.8024 -73.924757
-2.2407 128.597 -40.3971 -73.919112
-1.5188 131.295 -40.1613 -73.91339
-1.6696 134.0734 -40.2753 -73.907592
-2.517 136.7345 -40.7076 -73.901713
-3.2762 139.4376 -41.1589 -73.895752
-4.1563 142.1305 -41.3938 -73.889712
-4.9956 144.8475 -41.5126 -73.883585
-4.2109 147.46 -41.641 -73.877379
-3.9407 150.1251 -41.6099 -73.87108
-3.8535 152.9656 -41.6389 -73.864698
-3.8797 155.8081 -41.7765 -73.858217
-3.362 158.4701 -41.8809 -73.851639
-3.9026 161.1882 -41.8597 -73.844964
-4.6546 163.8938 -41.7416 -73.838191
-4.458 166.7321 -41.7051 -73.831317
-4.7248 169.4267 -41.9823 -73.82434
-5.9516 171.9513 -42.4086 -73.817252
-6.8697 174.6164 -42.5236 -73.810059
-7.1469 177.3942 -42.5991 -73.80275
-8.5483 179.5426 -43.6297 -73.795325
-9.0965 181.9163 -44.9846 -73.787766
-9.3572 184.5276 -45.8738 -73.780097
-10.3037 185.8819 -45.5629 -73.774064
-12.6165 185.7411 -44.527 -73.76977
-14.6492 185.7303 -43.1953 -73.765478
-16.2496 187.2653 -42.1906 -73.761138
-17.9145 189.1431 -41.8854 -73.756735
-19.4479 191.0685 -41.5909 -73.752266
-21.0169 192.9475 -41.0017 -73.747724
-22.4125 194.4386 -40.3024 -73.743108
-23.7068 195.9472 -39.0039 -73.738413
-25.0392 197.7028 -39.8911 -73.733639
-25.8175 200.0563 -40.2799 -73.728787
-26.6369 201.4551 -41.5533 -73.72384
-27.5289 202.2594 -40.2727 -73.718806
-29.472 203.3638 -40.3713 -73.713695
-31.4096 204.4733 -39.3932 -73.70849
-31.9894 205.4816 -37.1556 -73.703166
-32.896 206.6385 -35.2063 -73.69776
-33.7738 206.9925 -32.8727 -73.692238
-35.326 208.2821 -31.3862 -73.686632
-36.5537 210.18 -30.3332 -73.680919
-37.6503 212.1937 -29.5135 -73.675096
-38.7499 214.0475 -28.2022 -73.66915
-38.8366 216.2339 -27.1303 -73.663081
-39.8429 217.9451 -25.6872 -73.656883
-40.3547 220.3663 -25.6679 -73.650554
-9.0607 186.6005 -47.0068 -73.774415
-8.6412 188.5188 -48.1723 -73.770783
-7.9227 189.8909 -49.7878 -73.767089
-7.3389 191.2666 -51.5099 -73.763337
-6.8689 192.8579 -53.067 -73.759529
-6.5717 194.5306 -54.6272 -73.755657
-6.699 195.7688 -56.5782 -73.751713
-6.6007 197.3796 -57.9455 -73.74771
-5.361 198.4457 -59.4593 -73.743633
-4.0706 199.0919 -61.2062 -73.739482
-2.56 200.3359 -61.9713 -73.73527
-1.1767 202.1203 -62.473 -73.730981
0.1257 203.765 -63.1817 -73.726618
0.5779 205.9809 -62.9411 -73.72217
1.7705 207.8999 -62.7909 -73.717637
1.7806 210.0234 -63.3852 -73.713015
1.251 212.0868 -62.5412 -73.708298
0.3882 214.2228 -62.3899 -73.703495
-0.4598 216.2968 -62.9067 -73.698596
-1.2479 218.4121 -63.4146 -73.693594
-2.0973 220.5416 -63.7457 -73.68849
-3.4118 222.4275 -63.923 -73.68328
-5.2388 223.8332 -64.0726 -73.67796
-7.0057 225.2983 -64.337 -73.672524
-8.1122 227.0393 -64.9339 -73.666956
-8.3675 229.0243 -65.402 -73.662517
-8.7031 230.7886 -65.6689 -73.659258
-9.2813 232.5101 -65.8231 -73.65593
-9.2237 228.2929 -64.8468 -73.662972
-10.9382 228.5001 -64.259 -73.660647
-12.6565 228.7042 -63.682 -73.658293
-25.5183 124.0162 -29.3962 -73.967891
-26.4756 125.8583 -28.1987 -73.966327
-27.6755 127.8327 -27.6028 -73.964751
-27.9279 128.8492 -29.077 -73.963159
-28.5728 129.8586 -27.39 -73.961546
-29.4951 131.5172 -26.0388 -73.959928
-30.3172 133.5583 -25.0126 -73.958294
-30.9903 134.755 -23.0132 -73.956645
-31.8576 136.0757 -21.167 -73.95498
-32.9249 137.8539 -19.8699 -73.9533
-34.7749 138.8966 -19.3111 -73.951601
-36.3176 139.9122 -18.0849 -73.949886
-37.4604 141.3871 -16.8864 -73.948152
-38.6623 143.1941 -16.0632 -73.946397
-40.1691 144.5551 -14.9429 -73.944618
-41.2877 146.3296 -14.9203 -73.942816
-42.5778 148.1549 -14.027 -73.940993
-43.9866 149.9737 -13.1872 -73.939149
-45.0144 151.7833 -12.0503 -73.937279
-45.5532 153.8159 -10.8393 -73.935382
-46.3861 156.0367 -10.2537 -73.933457
-46.9837 158.3901 -9.9517 -73.931508
-47.8117 160.6751 -9.7756 -73.929526
-49.0447 162.6915 -9.706 -73.927516
-50.015 164.9082 -9.8518 -73.925473
-51.5234 166.8379 -9.9384 -73.923397
-52.9161 168.8061 -9.9279 -73.921286
-54.0733 170.9215 -9.7859 -73.919138
-55.7453 172.652 -9.5467 -73.916951
-57.6094 174.1497 -9.6472 -73.914725
-59.246 175.273 -8.9172 -73.912455
-60.6519 176.3429 -7.7572 -73.910142
-61.8971 178.3631 -7.4187 -73.907784
-62.7492 180.6081 -7.5045 -73.905376
-63.9736 182.7158 -7.7021 -73.902921
-65.2308 184.8141 -7.6187 -73.900415
-66.7492 186.7003 -7.6491 -73.897858
-68.417 188.4651 -7.7574 -73.895243
-69.4591 190.6092 -7.7695 -73.892574
-69.6776 192.1396 -9.5531 -73.889833
-70.6232 193.0213 -8.854 -73.886996
-70.9662 193.1386 -6.4297 -73.884097
-71.4596 193.5338 -4.0639 -73.881133
-72.1758 195.2071 -3.9513 -73.878123
-73.6159 196.7389 -5.1111 -73.875041
-74.8609 198.522 -6.148 -73.871882
-75.7426 199.5734 -7.6936 -73.868637
-75.3694 199.5725 -10.1146 -73.865254
-74.4019 199.6256 -11.6143 -73.861828
-73.8016 200.0979 -9.3728 -73.858299
-74.5843 201.3776 -7.8285 -73.854685
-75.66 202.8847 -6.3385 -73.85097
-76.7569 204.7933 -5.2692 -73.847154
-77.7876 206.5222 -4.0466 -73.843222
-78.7815 208.5213 -3.0989 -73.83918
-29.3228 87.5393 7.4141 -73.978836
-29.9005 87.4969 9.1019 -73.978378
-30.4781 87.4545 10.7898 -73.977942
-31.0558 87.4122 12.4776 -73.977526
-32.2782 87.1841 13.3671 -73.977129
-33.8866 86.6278 13.8875 -73.976743
-35.2533 87.1539 14.4242 -73.976367
-35.8481 87.8038 15.3321 -73.976003
-36.8463 86.9864 16.4788 -73.97565
-38.3951 86.3544 16.7879 -73.975308
-40.0436 86.842 16.4412 -73.974979
-41.676 86.6973 15.7688 -73.974661
-43.0795 86.67 14.6822 -73.974355
-44.7397 86.6061 14.8133 -73.974061
-46.2784 86.3685 14.6265 -73.973778
-47.931 85.969 14.7511 -73.973509
-49.3382 85.0184 15.2541 -73.973251
-51.0157 84.5548 15.4912 -73.973006
-52.76 84.3802 15.7377 -73.972773
-54.4766 84.1118 16.1326 -73.972552
-56.1575 83.722 16.5614 -73.972344
-57.6854 83.1665 17.2616 -73.972148
-59.449 83.0129 17.2864 -73.971964
-61.2047 83.1213 17.0316 -73.971793
-62.4985 83.4162 16.057 -73.971633
-64.2493 83.561 15.9695 -73.971485
-65.9938 83.4285 15.6473 -73.971349
-67.7202 83.5173 15.2308 -73.971225
-69.055 83.036 14.2322 -73.971111
-69.8653 82.2066 12.9383 -73.971009
-71.0115 81.258 11.9738 -73.970918
-72.4278 80.4398 11.5445 -73.970837
-73.698 79.222 11.6667 -73.970766
-74.8344 77.8746 11.8888 -73.970705
-76.1909 76.8138 12.1994 -73.970653
-77.7152 76.0674 12.6693 -73.970609
-79.2241 75.3783 13.2714 -73.970574
-80.5771 74.3384 13.7242 -73.970546
-81.948 73.2954 14.1285 -73.970524
-83.3128 72.1963 14.4348 -73.970509
-84.2563 70.7511 14.49 -73.970498
-85.9688 70.3467 14.3507 -73.970493
-87.6869 70.083 14.43 -73.97049
-89.1236 69.3762 14.9056 -73.970491
-90.0942 69.1674 16.3612 -73.970493
-91.4773 68.4273 17.0893 -73.970495
-93.1744 68.4543 17.5737 -73.970497
17.4714 115.5383 -32.7054 -73.991114
18.7181 116.515 -32.6736 -73.99087
19.4474 117.9165 -32.6863 -73.990639
20.2746 119.2604 -32.6312 -73.990418
21.0837 120.5882 -32.4636 -73.99021
21.7758 121.9988 -32.2416 -73.990013
22.3094 123.4582 -32.1155 -73.989828
23.1409 124.8071 -32.0128 -73.989654
23.9385 126.1782 -31.9172 -73.989492
25.0849 127.2066 -31.902 -73.989342
25.7601 127.3047 -33.2559 -73.989202
26.628 127.211 -34.5602 -73.989073
27.4583 127.1967 -35.7592 -73.988955
28.395 127.5305 -34.6253 -73.988849
29.5644 128.205 -33.8463 -73.988754
30.5696 128.6374 -32.8152 -73.98867
32.0051 129.043 -32.2921 -73.988595
33.4128 129.4399 -31.6761 -73.988531
34.7649 130.0848 -31.1622 -73.988477
36.07 130.7044 -30.5266 -73.988432
37.2954 130.2845 -29.7509 -73.988395
38.6668 129.8544 -29.4393 -73.988367
40.0959 129.824 -28.9371 -73.988347
41.6596 129.7812 -29.1527 -73.988334
43.163 129.7557 -29.5887 -73.988328
37.3605 97.6671 -24.1386 -73.996132
38.5247 98.3419 -23.3011 -73.995934
39.4075 98.7958 -22.0704 -73.995746
39.7833 99.3954 -20.6642 -73.99557
39.86 99.407 -19.0804 -73.995404
40.1939 99.8932 -18.7303 -73.995251
40.4963 100.318 -20.2174 -73.995108
41.4643 101.4944 -20.1061 -73.994978
42.3976 102.7119 -19.7798 -73.99486
43.1049 104.0833 -19.5568 -73.994752
44.0865 105.3182 -19.6544 -73.994655
44.7899 106.7249 -19.7113 -73.994569
45.9094 107.8469 -19.694 -73.994493
47.0015 108.9935 -19.6267 -73.994428
47.4874 110.1272 -19.5101 -73.994371
47.4694 110.2183 -21.0953 -73.994318
47.4514 110.3094 -22.6805 -73.994276
47.4334 110.4005 -24.2657 -73.994243
47.4153 110.4915 -25.8509 -73.99422
47.3973 110.5826 -27.4361 -73.994206
47.3793 110.6737 -29.0213 -73.994199
-43.1464 107.2097 -8.6051 -73.98694
-44.2349 108.3552 -9.2701 -73.986518
-45.5183 109.1815 -10.1573 -73.986105
-46.5455 110.332 -10.9218 -73.985703
-47.6198 111.4497 -11.7523 -73.985311
-48.7733 112.6103 -11.9929 -73.98493
-49.0763 114.3515 -11.8794 -73.984559
-49.3422 116.0762 -11.586 -73.9842
-49.7822 117.0822 -10.2937 -73.983851
-50.4256 118.2912 -9.1739 -73.983512
-50.9978 119.2379 -7.7863 -73.983185
-51.2625 120.0244 -6.2601 -73.982868
-51.6654 121.1492 -4.9912 -73.982564
-51.9476 122.7357 -4.2703 -73.982271
-52.5998 124.2212 -3.6393 -73.981989
-53.274 125.7541 -3.0637 -73.98172
-53.9887 127.1954 -2.3704 -73.981463
-53.963 128.1021 -0.9245 -73.981215
-54.6255 128.6873 -0.6995 -73.980979
-55.0557 128.8462 -2.4173 -73.980753
-55.7093 129.6088 -3.8029 -73.980542
-56.3904 130.5701 -3.4395 -73.980342
-57.2397 131.7558 -2.5815 -73.980154
-57.7383 132.4193 -1.0375 -73.979976
-58.1997 132.8604 0.5026 -73.97981
-59.135 134.2149 0.2827 -73.979657
-59.5411 135.9385 0.3726 -73.979515
-60.3211 137.5272 0.4547 -73.979384
-61.5615 138.7924 0.4272 -73.979265
-62.8427 140.0202 0.4049 -73.979157
-63.9756 141.337 0.4784 -73.979059
-65.5415 142.0698 0.6041 -73.978971
-66.8201 143.3029 0.6105 -73.978893
-67.9523 144.6731 0.6097 -73.978824
-69.0106 146.0943 0.6091 -73.978764
-69.7753 147.6531 0.6561 -73.978715
-69.9859 148.4831 2.1055 -73.978673
-70.4429 149.3779 3.3991 -73.978639
-71.6135 150.4383 2.691 -73.978612
-72.4835 151.5429 1.7355 -73.978592
-72.9227 152.8592 2.7049 -73.978578
-72.5877 154.4469 3.3601 -73.978569
-73.0119 156.1489 3.5593 -73.978565
-73.1545 157.8864 3.5882 -73.978564
-74.1953 159.319 3.6169 -73.978565
-74.932 160.9303 3.7174 -73.978569
-75.2192 162.6661 3.8423 -73.978573
-75.4158 163.3004 5.1393 -73.978577
-75.4017 163.5667 6.8972 -73.97858
-50.1374 90.531 -23.3634 -73.986508
-51.2673 90.8857 -22.5511 -73.98609
-52.7159 91.6607 -23.1098 -73.985684
-54.0702 92.6015 -23.357 -73.985289
-55.4386 93.0469 -22.4458 -73.984905
-56.998 93.6059 -21.9041 -73.984531
-58.5673 94.2413 -21.5078 -73.98417
-59.4515 94.8578 -20.2839 -73.983817
-60.3751 95.9904 -19.3491 -73.983479
-61.639 96.317 -18.2753 -73.983152
-62.5765 96.8459 -17.7339 -73.982837
-63.9654 97.6322 -17.7098 -73.982533
-65.6166 98.1559 -17.9424 -73.982242
-67.3141 98.5251 -18.0363 -73.981963
-68.9906 98.999 -17.9141 -73.981696
-70.4527 99.8368 -17.5623 -73.981441
-71.8636 100.5751 -16.8437 -73.981199
-73.2945 101.1084 -16.0241 -73.98097
-74.8032 101.5319 -15.3155 -73.980753
-76.2937 102.0431 -14.7677 -73.980548
-76.9439 103.3194 -13.9021 -73.980355
-77.7853 104.5384 -13.0235 -73.980175
-79.1174 105.4827 -13.5256 -73.980007
-80.5678 106.3785 -13.889 -73.979852
-81.9123 107.4474 -14.0602 -73.979708
-82.892 108.884 -14.1362 -73.979577
-83.7902 110.3676 -14.0768 -73.979456
-84.9748 111.6284 -13.8567 -73.979348
-86.2002 112.6963 -13.3076 -73.979249
-87.0479 113.9279 -12.479 -73.979162
-87.7411 115.4304 -11.9657 -73.979085
-88.823 116.6812 -11.5653 -73.979018
-89.4834 118.0465 -10.8065 -73.97896
-90.0558 119.4566 -9.9504 -73.978911
-90.8226 120.9302 -9.4429 -73.97887
-91.9586 122.2396 -9.3374 -73.978837
-92.8888 123.6775 -9.6286 -73.978811
-93.6083 125.2344 -9.9613 -73.978791
-94.4583 126.6908 -10.3334 -73.978777
-95.6371 127.179 -11.2403 -73.978767
-96.5223 128.3643 -11.7434 -73.978761
-97.3565 129.8343 -11.9607 -73.978758
-98.0187 131.4271 -12.0082 -73.978758
-44.8397 82.3848 -0.1022 -73.992391
-45.6858 82.6745 1.4762 -73.991884
-47.0854 83.466 2.0376 -73.99139
-47.9154 84.1261 0.6038 -73.990903
-48.4536 84.4912 -1.1078 -73.990427
-49.4629 84.7481 -2.3216 -73.989962
-50.8487 85.4683 -2.9272 -73.989507
-51.3634 86.2483 -4.138 -73.989058
-51.1604 85.8865 -5.9031 -73.98862
-51.4147 86.3329 -4.63 -73.988191
-51.3753 86.9211 -3.2026 -73.987776
-51.6511 88.546 -2.6095 -73.987373
-52.0008 89.4665 -3.9264 -73.986977
-52.6137 90.8015 -4.1725 -73.986593
-53.4473 92.4123 -3.9386 -73.986221
-53.8653 94.1635 -3.6555 -73.985859
-53.9519 95.9277 -3.215 -73.985507
-54.3051 97.4953 -2.5507 -73.985167
-54.5625 98.6898 -1.1952 -73.984839
-54.547 99.8234 0.1762 -73.984521
-54.2907 100.3598 1.9096 -73.984214
-54.7709 101.2087 3.4194 -73.983921
-54.4328 101.9413 3.8933 -73.98364
-53.0212 101.1678 3.092 -73.983372
-52.5222 101.109 4.5528 -73.983113
-54.1846 101.7537 4.4499 -73.982867
-55.6576 102.8136 4.5394 -73.982634
-56.499 104.3974 4.7059 -73.982413
-56.8786 106.1716 4.8788 -73.982204
-56.4546 107.8733 4.5587 -73.982007
-55.6814 109.1098 4.4339 -73.98182
-55.7928 109.3656 6.2457 -73.981642
-56.2213 109.7146 7.7986 -73.98148
-55.5336 111.171 7.9788 -73.98133
-57.2605 111.7016 8.1166 -73.981192
-58.1121 113.2561 8.4551 -73.981065
-58.5985 114.919 9.0311 -73.98095
-59.6859 116.036 9.8099 -73.980846
-59.434 116.5435 10.5662 -73.980753
-59.3051 118.1105 11.4366 -73.980671
-59.9415 119.6907 12.0733 -73.9806
-60.8614 121.156 12.3489 -73.980538
-61.607 122.4945 11.39 -73.980487
-62.1797 124.0961 10.8491 -73.980445
-62.6253 125.8486 10.8404 -73.980412
-62.2188 127.4063 11.6395 -73.980387
-61.8461 129.0333 12.3882 -73.980371
-62.5327 130.6886 12.3999 -73.980362
-62.936 132.4579 12.2088 -73.98036
-63.3234 134.2117 11.8803 -73.980363
-63.6303 135.945 11.5157 -73.980372
-63.951 136.5199 9.8435 -73.980386
-64.1784 137.2406 8.1925 -73.980403
-64.0694 138.3872 6.7995 -73.980422
-64.3697 140.0086 6.0583 -73.980444
-64.8732 141.6033 5.322 -73.980465
-65.5178 142.5596 4.0703 -73.980487
-65.7682 143.1976 5.3492 -73.980507
-66.7186 144.3442 5.8832 -73.980524
-67.5125 145.9488 6.0337 -73.980536
-68.2142 147.6123 6.0332 -73.980544
-36.2134 93.2108 29.5751 -73.993079
-36.6635 94.7733 29.8902 -73.992703
-36.9263 96.2364 30.4302 -73.99234
-37.1622 97.773 30.8495 -73.99199
-37.5529 99.3568 31.1525 -73.991652
-37.9173 100.9487 31.3678 -73.991328
-38.3971 102.525 31.406 -73.991017
-38.3118 104.182 31.3802 -73.99072
-38.3833 105.841 31.3619 -73.990436
-38.5184 107.493 31.3513 -73.990166
-38.1793 109.1047 31.3065 -73.98991
-37.694 110.6348 31.1726 -73.989668
-37.4366 112.1749 31.1742 -73.98944
-36.4341 113.3684 31.2349 -73.989224
-35.2673 114.4885 31.1966 -73.989023
-35.1913 116.0244 31.322 -73.988836
-36.1323 117.264 31.8032 -73.988662
-36.1013 118.8174 31.8898 -73.988502
-35.2737 120.1279 31.585 -73.988355
-34.1912 121.3196 31.36 -73.988221
-33.7141 122.9011 31.2289 -73.988101
-33.0667 124.4147 31.1658 -73.987994
-32.8786 126.0601 31.1275 -73.987899
-32.0835 127.4884 31.1247 -73.987817
-31.8296 129.12 31.1246 -73.987747
-31.1422 130.5851 30.9859 -73.987688
-30.3228 131.8477 30.3079 -73.987641
-29.6856 132.4849 28.9766 -73.987604
-29.0719 133.0333 27.5676 -73.987577
-28.0844 133.7856 27.8775 -73.987559
-27.152 134.469 28.6173 -73.987551
68.8569 88.73 19.5506 -74.023485
69.4626 89.4871 18.5505 -74.023247
69.8694 90.2922 17.5312 -74.02302
70.1133 90.9732 19.0619 -74.022803
70.2522 92.4115 19.6157 -74.022598
70.8156 93.9888 19.8859 -74.022403
70.9233 95.5529 19.5992 -74.022219
71.3862 97.0655 19.4044 -74.022045
72.5006 98.2929 19.6588 -74.021882
72.7344 99.9408 19.94 -74.021729
72.932 101.5833 19.995 -74.021586
72.4313 103.198 19.9089 -74.021453
71.8799 104.7873 20.0008 -74.021331
71.5282 106.416 19.8144 -74.021219
71.2624 108.037 19.4849 -74.021116
70.3107 109.3594 19.2993 -74.021023
69.2896 110.7156 19.219 -74.020939
68.8552 112.3448 19.1576 -74.020865
68.8224 113.8606 18.9579 -74.020799
69.0085 114.8834 18.0264 -74.020741
68.8524 116.0924 16.8932 -74.020692
69.7271 117.2159 15.9694 -74.02065
70.0973 118.581 15.0882 -74.020615
70.8674 119.2691 13.939 -74.020587
70.3855 118.9765 13.515 -74.020565
69.9666 118.6726 13.3866 -74.020548
70.2125 118.847 11.7059 -74.020536
70.4357 118.9096 10.8982 -74.020528
70.1867 118.7318 12.5649 -74.020524
69.521 118.6003 13.8778 -74.020523
69.0153 119.2849 13.1332 -74.020523
69.8993 119.8704 11.9133 -74.020524
70.2963 119.9515 10.2866 -74.020525
95.5228 3.6634 18.9207 -74.029177
95.9521 3.5018 19.9853 -74.029165
96.3294 3.3373 21.069 -74.02916
-41.3421 222.5153 -25.6062 -73.644514
-42.702 224.1478 -25.2091 -73.638909
-44.2458 225.1088 -24.0553 -73.633309
-45.8189 226.0665 -23.0056 -73.627722
-47.3319 227.1224 -21.9872 -73.622144
-48.8138 228.7344 -21.8003 -73.616574
-50.1281 230.4969 -21.9165 -73.61101
-51.8278 231.7383 -22.0527 -73.605446
-52.8158 233.6774 -22.1145 -73.599877
-53.0724 235.6787 -22.1684 -73.595481
-53.6815 237.6012 -22.215 -73.592273
-54.8336 239.2327 -22.1693 -73.589083
-55.9455 240.9107 -22.1307 -73.585911
-56.8959 242.6769 -22.2538 -73.582752
-57.6448 244.0732 -23.1351 -73.579602
-57.9004 245.3567 -24.6431 -73.576465
-58.5973 247.0318 -25.4177 -73.573345
-59.3933 248.8468 -25.6686 -73.570237
-60.5485 250.492 -25.7129 -73.56714
-62.0102 251.8694 -25.795 -73.564051
-63.5819 251.7041 -25.7766 -73.560971
-65.1861 252.5294 -25.4878 -73.557897
-66.5361 253.7075 -24.6451 -73.554831
-67.4482 255.4346 -24.2826 -73.55177
-68.0616 257.3349 -24.0645 -73.548717
-69.279 258.781 -24.0213 -73.545675
-70.6709 260.1778 -24.061 -73.542636
-71.4436 262.0159 -24.0595 -73.539606
-72.8554 263.4363 -23.888 -73.536585
-74.3055 264.6952 -23.3614 -73.533573
-75.6104 266.0079 -22.6232 -73.530566
-76.4194 267.7709 -22.2236 -73.527561
-77.0046 269.6763 -21.989 -73.524565
-77.6943 271.5617 -21.8675 -73.52158
-78.0414 273.5421 -21.7862 -73.518601
-78.9873 275.301 -21.7403 -73.515631
-80.3424 276.7952 -21.6879 -73.51267
-81.6546 278.3163 -21.6068 -73.509721
-83.1583 279.5974 -21.7854 -73.506781
-84.8953 280.6045 -21.8472 -73.50385
-86.7025 281.4584 -21.6828 -73.500928
-87.8751 282.8646 -21.0904 -73.498014
-89.4892 283.7967 -20.5891 -73.49511
-91.1007 284.9601 -20.5677 -73.492222
-92.4107 286.2858 -21.1453 -73.489339
-94.0557 286.9976 -21.9919 -73.486472
-95.7101 288.0996 -22.2545 -73.483617
-97.3406 289.2852 -22.2657 -73.480777
-98.976 289.9877 -22.9029 -73.477948
-100.2796 290.7986 -23.6291 -73.475133
-101.4799 291.8038 -22.4899 -73.472328
-103.036 292.9887 -22.0284 -73.469542
-104.6892 294.1312 -21.8834 -73.466773
-106.3559 295.2232 -22.151 -73.464019
-107.8941 296.3493 -22.6692 -73.461285
-109.1385 297.4951 -23.597 -73.458564
-110.8652 298.494 -23.4597 -73.455867
-112.4721 299.5248 -23.016 -73.453185
-113.8772 300.6139 -22.2042 -73.450524
-115.339 301.8994 -21.8314 -73.447884
-116.6463 303.427 -21.784 -73.445267
-117.9037 305.0024 -21.8441 -73.44267
-119.0254 306.6607 -22.003 -73.440093
-119.7365 308.5266 -22.2827 -73.437541
-120.0458 309.7921 -21.1758 -73.434997
-120.3335 310.3959 -19.2752 -73.432487
-120.8092 311.2425 -17.5331 -73.430006
-121.3861 312.9361 -16.6595 -73.427554
-122.3666 314.5966 -16.303 -73.425137
-123.445 316.2788 -16.4754 -73.422742
-124.5125 317.8962 -16.7048 -73.420379
-124.8879 318.6378 -14.9021 -73.41803
-124.9811 319.1413 -12.9496 -73.415711
-125.2786 319.7061 -11.0358 -73.413424
-125.7833 320.5605 -9.2875 -73.411182
-126.7853 321.2272 -7.7186 -73.408977
-128.1198 321.7372 -6.5853 -73.406802
-129.5338 322.6762 -5.6435 -73.404665
-130.8033 322.8583 -4.1103 -73.402559
-132.3486 322.5617 -2.9424 -73.400493
-133.5223 321.7567 -2.2514 -73.398465
-134.4075 321.0203 -3.7194 -73.396476
-136.141 320.0633 -3.704 -73.394529
-137.9234 319.2453 -3.5128 -73.392622
-139.8153 319.4438 -3.03 -73.390735
-141.7336 319.7231 -2.5415 -73.388908
-143.2992 318.8382 -1.8198 -73.38713
-143.6324 318.198 -3.1912 -73.385388
-144.6494 318.183 -2.5451 -73.383688
-145.6029 318.7473 -1.0864 -73.38204
-147.1116 319.1677 -0.0827 -73.380439
-149.0143 318.6505 0.3041 -73.378885
-150.835 317.9416 0.6531 -73.377382
-152.6003 318.3043 1.3039 -73.375928
-154.255 319.2248 1.8195 -73.374525
-156.1347 319.0641 1.3765 -73.373173
-157.9479 318.8394 0.6505 -73.371872
-159.8193 318.2421 0.4855 -73.37062
-161.6982 318.4908 0.8126 -73.369423
-163.3502 318.4678 1.946 -73.368276
-164.7917 318.8721 3.1901 -73.367181
-166.0348 318.4651 4.5448 -73.36614
-167.2051 317.7036 5.9108 -73.365152
-168.6856 318.3603 6.972 -73.364218
-170.5746 318.3686 7.6324 -73.363335
-172.4422 318.8037 8.0573 -73.362507
-173.7745 319.4811 7.41 -73.361728
-175.2708 319.8181 6.8918 -73.361002
-176.3866 321.0401 7.8064 -73.360327
-178.1084 321.388 8.4289 -73.359702
-179.8667 322.3331 8.1901 -73.359129
-181.7338 322.9719 7.9865 -73.358605
-183.2047 324.2061 7.6173 -73.35813
-184.6529 324.5109 6.7583 -73.357703
-186.4765 324.882 7.4149 -73.357325
-188.3601 325.5005 7.7542 -73.356994
-190.207 326.2741 7.8586 -73.35671
-191.8555 326.4884 7.2737 -73.356473
-192.3011 326.2807 5.3327 -73.35628
-192.4569 326.3027 3.3202 -73.356131
-192.6127 326.3246 1.3078 -73.356032
-192.7684 326.3466 -0.7047 -73.355982
-53.5618 234.7518 -22.4056 -73.595674
-55.3696 234.7358 -22.9279 -73.592889
-57.1775 234.7198 -23.4502 -73.590171
-58.9758 234.7413 -23.9753 -73.587519
-60.5834 235.6616 -24.1049 -73.584905
-62.2107 236.6032 -24.0421 -73.582308
-63.9306 237.3539 -24.0447 -73.579736
-65.5569 238.2591 -24.1396 -73.57718
-67.3063 238.9314 -24.1596 -73.574648
-68.8366 239.9978 -24.0522 -73.572131
-70.5332 240.314 -23.7713 -73.569633
-72.1779 239.7124 -23.3677 -73.567153
-73.9055 239.067 -23.0743 -73.564691
-75.764 238.9129 -23.0612 -73.562247
-77.5069 238.4311 -23.4834 -73.559819
-79.2728 238.5078 -23.5052 -73.557408
-81.0101 239.1307 -23.2489 -73.555013
-82.8258 239.4159 -22.9537 -73.552638
-84.5254 239.9346 -22.4418 -73.55028
-86.2406 240.0396 -21.7161 -73.547938
-87.8568 239.8217 -20.9364 -73.545614
-89.3552 239.6723 -19.8507 -73.543307
-90.7771 239.8281 -18.7653 -73.541019
-92.3262 239.5258 -18.0598 -73.53875
-94.0855 240.1028 -17.7873 -73.536504
-95.877 240.5966 -17.5579 -73.534277
-97.6988 241.0591 -17.507 -73.532069
-99.53 241.4724 -17.4393 -73.529884
-101.2527 242.1681 -17.1773 -73.527721
-102.8299 242.815 -16.4434 -73.525581
-104.4569 243.5931 -15.9937 -73.523467
-106.2956 243.7075 -16.104 -73.521374
-107.1732 243.8399 -14.6775 -73.519291
-108.3872 244.3725 -13.7017 -73.517244
-109.3454 245.4642 -12.5807 -73.515225
-110.5466 246.5332 -11.6213 -73.513231
-112.0874 247.1 -10.9503 -73.511267
-112.6927 248.1713 -9.7197 -73.509325
-113.85 248.7857 -8.6033 -73.507414
-114.9422 250.1535 -8.2414 -73.505534
-115.3929 251.8689 -7.6387 -73.503685
-116.4822 252.9605 -6.8157 -73.501872
-117.371 253.2374 -5.1806 -73.500088
-118.358 253.8356 -3.7152 -73.49834
-119.4595 254.4678 -2.3971 -73.496629
-120.9563 255.2641 -1.6822 -73.494953
-122.5163 255.9458 -1.0086 -73.493315
-123.9831 256.9071 -0.452 -73.491713
-124.7954 257.8348 0.9161 -73.49015
-125.65 259.0549 2.0473 -73.488628
-126.8265 260.4562 2.1583 -73.487144
-128.2898 261.2032 2.616 -73.485698
-129.0334 261.3894 4.2611 -73.48429
-129.2473 261.2649 6.1105 -73.482878
-129.4022 261.1437 7.9821 -73.481532
-129.5576 261.0229 9.8536 -73.480252
-129.7512 260.9235 11.7229 -73.478984
-129.9463 260.825 13.592 -73.477776
-130.1515 260.7135 15.4586 -73.476632
-130.5488 260.346 17.2477 -73.475536
-131.604 259.0778 18.099 -73.474493
-132.4067 258.2916 19.5872 -73.473496
-133.3932 257.3081 20.8241 -73.472547
-133.8044 256.3522 22.376 -73.471647
-134.6418 255.2368 23.5911 -73.470795
-135.4197 253.8392 24.4892 -73.469991
-135.7 253.4829 26.3153 -73.469233
-136.3101 252.641 27.7577 -73.468527
-136.3201 251.3179 26.4825 -73.467869
-136.8701 249.6435 26.0944 -73.467259
-137.7175 248.1362 25.6627 -73.466699
-137.6045 246.4619 25.1316 -73.46619
-137.2893 245.0053 24.2243 -73.46573
-136.6215 243.4615 23.4192 -73.465319
-135.6446 241.9497 22.8735 -73.464952
-135.3758 240.4199 22.4018 -73.464641
-136.1869 239.3032 23.0344 -73.464379
-136.341 238.0644 24.2021 -73.464169
-136.433 236.6369 25.3143 -73.46401
-136.6008 234.8539 25.6617 -73.463903
-137.1474 233.4458 25.0869 -73.463849
-10.2537 234.1313 -65.7936 -73.652316
-11.9535 235.2244 -65.4206 -73.648526
-13.2513 236.4124 -64.5554 -73.644774
-13.9825 238.2182 -64.0036 -73.641056
-13.9675 239.4333 -65.1657 -73.637359
-14.1745 240.8047 -66.5759 -73.633702
-14.74 242.3781 -67.763 -73.630074
-15.0167 243.3075 -69.5586 -73.626463
-14.9973 244.3966 -71.2899 -73.622884
-15.4806 245.6013 -72.6631 -73.619329
-16.6681 247.206 -72.2066 -73.615796
-17.3029 249.0449 -71.7718 -73.612278
-18.6676 250.382 -71.3338 -73.608778
-19.6799 251.0982 -72.0439 -73.60529
-20.4939 252.2385 -73.4165 -73.601809
-21.5912 252.7618 -72.8895 -73.598671
-21.9596 252.8176 -71.2713 -73.595906
-22.6797 254.2973 -71.5196 -73.593153
-23.6039 255.7577 -72.0067 -73.590411
-24.5721 257.236 -72.2298 -73.587678
-26.0105 258.3101 -72.2446 -73.584952
-27.3761 259.4599 -72.2196 -73.582234
-28.9516 260.3257 -72.2375 -73.579493
-30.5102 261.2195 -72.2945 -73.576793
-31.595 262.5637 -72.7018 -73.574104
-32.6547 263.9941 -72.7006 -73.571422
-33.5598 265.5319 -72.4801 -73.568749
-34.5952 266.9872 -72.4053 -73.566085
-35.2782 268.5959 -72.3691 -73.563424
-36.5462 269.7783 -72.1737 -73.560778
-37.8737 270.872 -71.8225 -73.558142
-38.8876 272.2418 -71.3145 -73.555515
-39.6217 273.7558 -70.7585 -73.552896
-40.6535 274.9959 -70.0158 -73.550289
-42.0534 275.9829 -69.5331 -73.547689
-43.5846 276.8719 -69.3005 -73.545105
-45.0655 277.8565 -69.4958 -73.542528
-45.946 279.1186 -68.7677 -73.539964
-45.8345 280.5644 -67.9551 -73.53741
-46.196 282.2235 -68.3906 -73.53487
-46.2456 283.784 -69.1293 -73.532342
-45.9356 284.9029 -69.4775 -73.529825
-46.3572 283.3243 -69.8414 -73.527316
-47.6385 284.0096 -69.6263 -73.524808
-47.8598 285.27 -68.7781 -73.522325
-47.9763 286.6481 -67.6615 -73.519856
-48.0018 287.8134 -66.394 -73.517399
-49.296 287.3623 -65.4888 -73.51496
-50.1432 286.6731 -64.1653 -73.512542
-50.2434 286.1704 -62.4405 -73.510132
-51.2742 284.9264 -61.8207 -73.507751
-52.8421 284.4426 -61.0987 -73.505389
-53.9107 283.6653 -60.0279 -73.503047
-54.752 283.3629 -58.5184 -73.50072
-55.6511 282.4981 -57.2933 -73.498422
-56.6242 281.93 -56.0196 -73.496151
-57.9991 281.9695 -54.8908 -73.493899
-59.0837 282.3361 -53.8941 -73.491675
-60.0943 282.1643 -52.7677 -73.489472
-61.4419 281.5155 -51.8651 -73.4873
-62.8626 280.827 -51.0501 -73.485155
-64.2795 280.6349 -50.0042 -73.483038
-65.804 280.5238 -49.0693 -73.480952
-66.7885 280.054 -47.7484 -73.478891
-67.9789 279.2336 -46.7905 -73.47686
-68.6552 278.446 -45.3481 -73.47486
-69.0138 277.9753 -43.6489 -73.472892
-69.4167 276.9949 -42.4398 -73.47096
-69.8247 275.5947 -42.5008 -73.46906
-70.268 276.0815 -42.6582 -73.467196
-70.9242 276.409 -41.0457 -73.465354
-71.4032 276.5871 -39.3203 -73.463559
-72.2724 276.7647 -38.0281 -73.461806
-73.2041 276.1685 -36.6914 -73.460092
-74.2918 275.5936 -35.4399 -73.458419
-75.425 274.8456 -34.2803 -73.456785
-76.9255 274.2886 -33.5609 -73.455194
-77.3251 274.3933 -31.9623 -73.453643
-77.3839 274.0953 -31.6173 -73.452122
-77.9259 274.1693 -30.1943 -73.450648
-79.5493 274.0847 -29.6223 -73.449222
-80.9279 274.149 -28.5263 -73.447841
-82.1503 274.2888 -27.2947 -73.446508
-83.1333 274.5631 -25.8399 -73.44522
-83.3586 274.0993 -24.1212 -73.443975
-83.4086 273.3363 -22.4949 -73.442782
-83.5601 272.816 -20.7795 -73.441633
-83.7705 272.4678 -19.0265 -73.440531
-84.0593 272.0789 -17.2937 -73.439482
-84.2893 271.7437 -15.5414 -73.438479
-84.9661 271.1706 -14.2656 -73.437531
-86.4465 270.5588 -13.5443 -73.436633
-87.5224 269.4821 -12.7644 -73.435784
-88.5863 270.2836 -13.3628 -73.434985
-89.344 271.7765 -13.8414 -73.434234
-90.7295 272.8654 -14.017 -73.433521
-92.0012 274.1345 -14.1202 -73.432861
-93.0728 275.5655 -14.188 -73.432254
-94.4803 276.5793 -14.1262 -73.431695
-96.2029 276.3016 -13.7358 -73.431185
-97.8612 276.4416 -13.1634 -73.430721
-99.2225 277.2086 -12.3487 -73.430303
-100.7724 276.7787 -11.5881 -73.429932
-102.4856 276.8416 -11.2384 -73.429607
-104.2435 277.0799 -11.3594 -73.429327
-105.8758 277.7134 -11.5089 -73.429094
-106.978 278.2571 -10.6069 -73.428906
-108.7214 278.4008 -10.5748 -73.428765
-110.1714 278.7473 -11.3411 -73.42867
-111.6618 279.6815 -11.4564 -73.428622
-21.5015 253.5088 -73.309 -73.599767
-22.5942 254.3623 -72.684 -73.599213
-23.4363 255.5756 -72.2611 -73.598714
-23.7952 256.2196 -73.6016 -73.598266
-24.1958 256.9175 -74.8973 -73.597874
-24.5102 257.2028 -76.431 -73.597536
-25.2575 257.9568 -77.5755 -73.597255
-25.9832 258.9049 -78.6121 -73.597028
-26.7351 259.8964 -79.3372 -73.596857
-27.7754 261.0706 -79.3699 -73.596741
-28.1276 262.1418 -78.3341 -73.596683
-14.415 228.9869 -63.4499 -73.655907
-16.1331 229.4489 -63.5343 -73.653606
-17.7421 230.1331 -63.7219 -73.651362
-19.4067 230.7023 -63.8399 -73.649177
-20.8995 231.6241 -63.8754 -73.647048
-22.4197 232.5434 -63.927 -73.644972
-23.9779 232.9794 -64.5409 -73.642949
-25.5926 233.2447 -65.0739 -73.640972
-27.3372 233.3731 -65.393 -73.639047
-29.108 233.4677 -65.4659 -73.637168
-30.8642 233.5427 -65.402 -73.635336
-32.3482 234.4256 -65.4518 -73.633549
-33.9347 234.8444 -64.9779 -73.631804
-35.6107 235.0483 -64.5372 -73.630101
-37.2988 235.2219 -64.5195 -73.628441
-38.3854 235.5894 -65.5655 -73.626815
-39.1438 235.7555 -64.0699 -73.625227
-40.4342 236.3585 -64.9633 -73.623682
-41.6538 237.408 -65.4996 -73.622174
-43.3197 237.9738 -65.7908 -73.620706
-45.0712 238.2644 -65.9288 -73.619277
-46.7994 238.6788 -65.9135 -73.617885
-48.5481 238.9796 -65.7557 -73.616529
-50.2593 239.3638 -65.4708 -73.615213
-51.9541 239.818 -65.3779 -73.613932
-53.6581 240.3081 -65.5616 -73.61269
-55.3649 240.7618 -65.7517 -73.611486
-56.9242 241.5359 -65.9538 -73.610319
-58.6438 241.8319 -66.2728 -73.609191
-59.9936 242.7156 -66.7405 -73.608101
-60.984 243.7818 -67.5294 -73.60705
-62.0855 245.146 -67.6347 -73.606039
-62.592 246.8516 -67.5474 -73.605067
-63.6958 248.1812 -67.3534 -73.604135
-65.3602 248.1365 -67.1819 -73.603243
-66.6185 247.2528 -66.7907 -73.602393
-68.2827 246.701 -66.9975 -73.601578
-69.0056 246.5375 -67.1182 -73.600811
-69.4149 247.1923 -66.2178 -73.600083
-70.5685 248.2104 -65.6787 -73.599399
-72.1021 248.9573 -65.1628 -73.598759
-73.5226 249.8734 -64.6789 -73.598164
-74.9049 250.917 -64.2744 -73.597613
-76.1941 252.0464 -63.8017 -73.597109
-77.6751 252.694 -63.2164 -73.596652
-78.9054 253.7897 -63.1101 -73.596242
-80.0531 255.1107 -63.1909 -73.59588
-81.4092 256.2087 -63.4316 -73.595567
-83.1166 256.5971 -63.7243 -73.595304
-84.8053 256.9649 -63.8465 -73.595091
-86.3232 257.8036 -63.7447 -73.59493
-88.0463 257.7843 -63.4146 -73.594822
-89.5568 258.6367 -63.0658 -73.594767
-79.8558 209.6969 -1.6956 -73.835509
-80.9345 210.9313 -0.8747 -73.832379
-81.8718 212.3265 -0.0936 -73.829292
-83.0145 213.649 0.4105 -73.826245
-83.35 215.4299 0.5242 -73.823236
-84.7236 216.0877 0.5245 -73.820264
-85.8365 216.8501 1.5461 -73.817323
-86.4751 218.3432 2.3648 -73.814428
-87.6889 219.3419 3.0091 -73.81157
-89.3832 219.625 3.5112 -73.808753
-90.5679 220.9942 3.9392 -73.805971
-91.9993 222.1339 4.2769 -73.803228
-93.1066 223.0567 5.3451 -73.800513
-94.2451 224.3484 6.04 -73.797832
-95.1955 225.7846 6.6504 -73.795187
-96.1469 227.1811 6.1703 -73.792579
-97.5307 228.1499 5.5656 -73.79
-97.6555 229.6726 4.5217 -73.78745
-98.2632 230.7709 4.9578 -73.784928
-99.4213 231.1534 5.7424 -73.782443
-100.7458 231.4122 4.7237 -73.779989
-101.8502 232.6408 4.2535 -73.777569
-103.1436 233.9354 4.0273 -73.775183
-104.4921 234.4164 4.8558 -73.772832
-105.6117 233.6885 5.7966 -73.7705
-106.7274 232.3194 6.4016 -73.76818
-107.441 230.7522 6.8747 -73.765926
-107.4488 229.0255 7.5014 -73.763712
-107.9411 227.3511 8.131 -73.761539
-107.0902 226.8712 8.9862 -73.759401
-106.1496 226.513 10.1833 -73.757276
-105.9516 226.2598 12.0223 -73.75519
-105.4787 225.2922 12.0054 -73.753155
-105.2249 224.5846 10.2988 -73.751161
-104.7784 223.6625 9.5999 -73.749217
-104.7066 222.6921 11.0296 -73.747309
-105.026 220.965 11.6033 -73.745452
-104.6066 219.9029 12.8153 -73.743635
-103.3942 219.8352 14.0764 -73.741865
-104.3073 219.9043 13.553 -73.740143
-105.885 218.9419 13.3792 -73.738466
-107.2676 218.4747 12.6842 -73.736836
-108.1193 218.5469 11.0406 -73.735251
-108.3962 219.4541 11.7193 -73.73372
-109.0143 219.6825 13.4653 -73.732234
-109.7221 219.9831 15.1561 -73.730808
-110.6667 219.9703 16.4989 -73.72944
-112.0003 218.9022 16.8845 -73.728126
-113.4433 217.9794 16.4775 -73.726868
-114.7081 217.1333 15.6968 -73.725667
-115.2947 216.7255 13.9743 -73.724523
-115.5962 216.7912 12.1637 -73.723427
-115.7677 217.1126 10.3327 -73.722393
-115.4309 217.0746 11.1227 -73.721427
-116.1181 217.6962 12.116 -73.720496
-117.3855 218.3763 13.3061 -73.719641
-118.8798 218.8959 14.099 -73.718862
-120.5533 219.5755 14.5055 -73.718148
-122.3465 220.0233 14.7431 -73.717501
-124.1585 220.1151 14.949 -73.716921
-125.565 221.2324 14.8597 -73.716408
-126.6064 222.7478 14.7267 -73.715965
-127.1945 224.5052 14.537 -73.715592
-127.9351 226.1832 14.2547 -73.715291
-129.0224 227.5634 14.5865 -73.715063
-130.1181 229.0198 14.5982 -73.714909
-131.2201 230.4645 14.2522 -73.714831
47.5528 -96.076 13.5667 -74.703875
47.0015 -95.2803 13.5986 -74.70402
46.7344 -94.3274 13.6342 -74.704093
27.7081 -94.2683 18.8592 -74.715583
26.226 -93.6204 19.8024 -74.716206
24.7439 -92.9726 20.7456 -74.716659
23.2618 -92.3248 21.6888 -74.716955
23.8038 -92.3745 21.7835 -74.717101
54.7481 -88.0637 17.871 -74.698568
97.3169 -66.6493 31.3652 -74.678772
99.3506 -67.4491 30.897 -74.679846
101.3843 -68.2489 30.4289 -74.680729
103.4181 -69.0488 29.9607 -74.681429
105.4518 -69.8486 29.4925 -74.681952
104.935 -70.7499 28.9784 -74.6823
104.6139 -70.6388 26.7694 -74.682474
96.937 -66.473 30.8282 -74.678214
44.0154 -65.7095 15.6069 -74.677989
44.0102 -66.3692 14.8486 -74.678128
44.1586 -67.2141 14.3402 -74.678198
-4.665 -9.0685 -0.0051 -74.096295
-3.3078 -10.3003 -0.0154 -74.123672
-1.9532 -11.5348 -0.0257 -74.150985
-0.7426 -12.7803 -0.0459 -74.196177
0.4334 -13.9291 -0.0935 -74.258927
1.4466 -15.2471 -0.185 -74.3209
3.5554 -27.7322 1.4257 -74.40798
8.6107 -41.3653 6.7974 -74.477507
22.8794 -62.2772 10.5055 -74.610477
26.4745 -64.8588 13.9793 -74.627684
29.0535 -67.1183 14.3116 -74.638291
42.1418 -73.5431 16.2509 -74.673267
47.2069 -85.1931 18.1557 -74.695188
44.6639 -89.9679 15.7857 -74.702221
47.7449 -96.3203 13.6398 -74.703718
78.4149 -177.3628 14.5582 -74.700215
95.2227 -265.7699 17.0719 -74.693977
48.1056 -320.1106 18.1187 -74.68558
-10.9476 -383.6056 22.9817 -74.675227
-40.36 -432.7473 17.7175 -74.662732
28.7834 -94.5812 17.274 -74.714324
14.3097 -106.6143 20.8227 -74.720509
2.7577 -126.0427 26.0848 -74.72258
-45.0792 -189.1405 27.4734 -74.714077
30.9775 -170.2053 31.4202 -74.720278
28.3969 -94.5693 18.0599 -74.715011
-40.2348 -104.2908 -5.8163 -74.716345
-111.9958 -139.102 2.509 -74.710181
54.6562 -87.9717 17.7384 -74.698381
111.8824 -135.9529 29.1893 -74.707898
164.8572 -185.7356 20.1853 -74.70711
213.7243 -226.7876 32.011 -74.699998
43.9697 -65.4565 15.7766 -74.677666
45.5333 -62.1584 17.8534 -74.678633
96.2419 -66.2233 31.6259 -74.678116
2.1326 -22.0656 -2.5814 -74.380122
6.2653 -35.3706 6.4938 -74.445071
8.3143 -40.7868 6.7183 -74.503972
15.4942 -50.7521 4.9673 -74.547841
19.5156 -57.7327 7.1557 -74.589312
24.2121 -63.3654 12.9105 -74.61939
27.7984 -65.9637 14.1964 -74.633136
35.2991 -71.3414 15.5234 -74.657033
45.9552 -78.4006 18.2802 -74.685318
45.9541 -87.9136 17.638 -74.69897
46.0845 -93.1486 14.7482 -74.703489
52.1518 -103.9606 11.3242 -74.7037
58.8833 -119.603 12.0998 -74.702322
62.6461 -133.0235 18.7767 -74.701259
68.7987 -150.479 18.27 -74.700823
75.478 -168.4071 16.0379 -74.700751
80.7201 -186.7623 13.7215 -74.699676
86.0397 -202.1519 18.4658 -74.697814
88.9594 -219.8372 14.0604 -74.696297
92.3483 -238.1707 14.3683 -74.695364
94.4112 -256.1543 16.5595 -74.694767
95.282 -267.4858 16.3224 -74.693184
95.3059 -280.3632 10.9397 -74.690892
82.392 -291.8157 13.1552 -74.688956
66.6134 -301.8126 13.5179 -74.687605
55.8832 -314.8401 17.1156 -74.686587
42.621 -325.3136 19.0805 -74.684569
32.9705 -340.7608 23.6528 -74.681899
23.9361 -354.8041 21.203 -74.679591
9.6225 -366.7531 22.7517 -74.677864
-4.6074 -378.3071 21.4152 -74.676459
-16.9731 -389.755 18.9726 -74.673987
-27.5688 -401.1213 14.9527 -74.670876
-39.573 -411.7299 14.9204 -74.668117
-40.6381 -420.4638 25.2112 -74.665954
-40.4069 -426.6412 14.8914 -74.664153
-41.6738 -434.0686 12.5022 -74.661312
-35.1298 -447.795 10.0223 -74.657935
-30.511 -455.7937 6.7671 -74.655028
-26.4654 -460.7911 2.4423 -74.652976
-24.2919 -464.5784 0.2402 -74.651922
37.1249 -94.0849 14.9718 -74.709265
20.7736 -99.7756 22.2184 -74.718401
11.0172 -108.5614 18.7473 -74.721429
5.909 -113.1292 24.1737 -74.722302
4.7649 -121.3499 27.2758 -74.722693
-3.9067 -133.7894 26.1237 -74.721843
-16.2236 -149.0836 26.7198 -74.719658
-17.7909 -159.6216 22.5822 -74.717767
-30.8645 -168.2845 21.4997 -74.716376
-40.3768 -181.2163 24.3391 -74.715227
-50.8898 -195.8899 27.7601 -74.712935
-59.8432 -207.2909 27.0024 -74.709921
-63.453 -209.2381 15.4152 -74.707274
-64.2909 -212.4765 11.1044 -74.705387
-69.7086 -217.4653 14.9612 -74.704412
-1.3141 -131.2728 34.9295 -74.723154
15.7442 -115.5027 24.1983 -74.7209
21.9499 -133.9863 25.1312 -74.720354
26.8898 -147.4387 25.6301 -74.720002
28.6429 -155.1273 32.7495 -74.720119
28.6017 -167.7997 33.6747 -74.720496
33.7647 -170.9041 21.6446 -74.720055
35.3986 -176.6564 11.4651 -74.718873
39.8278 -180.409 -7.3747 -74.718119
28.4843 -94.572 17.6083 -74.714809
24.075 -93.3058 9.4058 -74.715752
15.5128 -90.8025 -8.4542 -74.715703
-0.0475 -89.6597 -13.0268 -74.715737
-13.9393 -94.7328 -4.0497 -74.71613
-31.0534 -101.5497 -4.3571 -74.716655
-48.3446 -108.1087 -4.4853 -74.716031
-60.3769 -111.0796 -1.1234 -74.714376
-77.9711 -113.5102 3.296 -74.71291
-92.0999 -121.9743 4.6219 -74.711901
-105.6825 -132.44 0.8972 -74.711125
-119.8735 -141.3568 5.959 -74.709298
-132.8113 -151.1601 6.979 -74.706799
-147.2952 -155.5423 4.0924 -74.704561
-153.368 -158.2725 7.6335 -74.702955
-168.793 -159.6906 7.6228 -74.702125
50.8433 -86.5895 17.9535 -74.697417
61.2357 -92.3404 14.5899 -74.700494
72.1897 -102.125 21.0158 -74.702296
85.4059 -115.7278 22.6939 -74.70389
96.1046 -123.0147 27.5352 -74.705706
106.3877 -128.7142 28.8233 -74.707553
119.3522 -141.0891 32.8119 -74.708237
133.3865 -151.0456 27.4274 -74.707694
140.4642 -156.8554 25.7903 -74.707295
152.3124 -169.1266 29.8767 -74.707319
161.5491 -182.1636 26.4505 -74.707544
167.3763 -187.9265 20.8501 -74.706673
178.0174 -198.4202 27.7655 -74.704816
190.5879 -201.853 17.5881 -74.703156
198.4764 -209.0366 23.2285 -74.701947
206.4978 -222.3967 29.9785 -74.700975
216.4485 -231.2363 29.6641 -74.699065
219.3592 -241.6667 28.5636 -74.696535
217.6919 -257.4839 32.1794 -74.694273
212.7961 -271.781 39.8533 -74.692645
208.8344 -287.7139 39.3838 -74.691796
43.1478 -69.6198 16.0595 -74.676464
45.0982 -63.5211 16.1223 -74.678284
50.7937 -61.6079 11.0465 -74.679107
63.7547 -58.5312 9.7712 -74.678621
75.049 -60.4617 16.3877 -74.678015
83.0968 -60.7333 25.9161 -74.677701
91.3447 -63.64 26.8113 -74.677823
106.4082 -69.1292 24.6495 -74.676199
123.1559 -72.5629 28.9251 -74.6735
143.1961 -75.9244 28.8652 -74.672123
46.1286 -55.224 14.5026 -74.679457
37.6417 -45.2763 18.4222 -74.679521
22.8448 -43.0894 21.8828 -74.679376
