-0.8015 -1.2678 -0 -73.904296
-3.2062 -5.0715 -0 -73.903494
-5.0765 -8.0299 -0 -73.902943
-6.4123 -10.1429 0.0262 -73.902823
-8.0143 -12.677 0.1283 -73.902705
-8.8146 -13.9429 0.1666 -73.902617
-8.2187 -14.5214 0.2948 -73.902524
-8.7411 -16.3672 0.5247 -73.902277
-10.0309 -17.8905 1.1419 -73.901964
-11.386 -19.3222 1.89 -73.901663
-12.7254 -20.8552 2.392 -73.901381
-14.0432 -22.4116 2.6217 -73.901046
-14.6972 -24.3185 2.0715 -73.900641
-15.5306 -26.234 2.0482 -73.9002
-16.1094 -27.8038 2.3068 -73.899819
-14.7796 -28.9827 3.1257 -73.899501
-13.6062 -30.5844 3.6202 -73.899182
-12.2537 -32.1091 3.9089 -73.898862
-11.1222 -33.7683 4.2796 -73.898542
-10.1932 -35.2295 5.196 -73.898221
-9.3619 -36.7283 6.3117 -73.8979
-8.5851 -38.2492 7.4144 -73.897578
-7.5935 -39.8435 8.2499 -73.897255
-6.8916 -41.4349 9.2193 -73.896931
-6.2727 -43.3267 9.6108 -73.896606
-5.7427 -44.6215 10.9758 -73.896279
-5.2774 -45.3085 12.8612 -73.895951
-4.5701 -46.2857 12.7646 -73.895623
-3.9187 -47.0128 11.0346 -73.895293
-3.487 -47.3534 9.0584 -73.894962
-3.1601 -48.3203 10.2056 -73.894629
-2.5906 -49.7167 11.29 -73.894299
-2.064 -51.2649 10.2609 -73.893968
-1.9023 -53.0628 10.2828 -73.893636
-1.2374 -53.7481 8.8883 -73.893301
-0.2338 -55.4757 8.438 -73.892967
0.9268 -57.1391 8.1846 -73.892633
2.1659 -58.7648 8.26 -73.892298
2.7966 -60.3652 9.2072 -73.891961
3.5606 -62.0815 8.7826 -73.891625
4.1051 -63.9769 8.2533 -73.891286
4.7728 -65.8913 8.0534 -73.890948
5.555 -67.7898 8.1794 -73.890611
5.4215 -69.7319 8.5591 -73.890272
5.3722 -71.1779 9.39 -73.889932
6.6015 -72.8224 9.4344 -73.889593
7.9091 -74.3345 9.4579 -73.889252
9.1469 -75.9691 9.4502 -73.888912
10.0298 -77.8076 9.4917 -73.888572
10.7723 -79.6982 9.5101 -73.888231
12.3735 -80.8411 9.4583 -73.88789
13.4145 -82.6176 9.4397 -73.887549
14.1594 -84.5026 9.6273 -73.887207
14.908 -86.352 10.0263 -73.886866
15.6285 -88.1574 10.421 -73.886525
16.2688 -90.0988 10.1972 -73.886183
16.8061 -92.0324 10.2983 -73.885842
18.0591 -93.5211 10.9131 -73.885501
19.0692 -95.1762 11.592 -73.88516
20.0514 -96.8019 12.3554 -73.88482
20.7986 -98.4251 13.1509 -73.88448
22.3425 -99.643 13.6764 -73.88414
23.1324 -101.4525 13.8694 -73.883801
24.2278 -103.1764 13.8286 -73.883462
25.7948 -104.4654 13.8973 -73.883124
27.3532 -105.7951 13.951 -73.882787
28.4996 -107.4233 13.9547 -73.882451
30.0108 -108.56 13.6639 -73.882115
31.1081 -108.6091 12.0588 -73.881774
29.9694 -109.9097 10.9348 -73.881409
28.8308 -111.2104 9.8109 -73.881054
27.6922 -112.511 8.6869 -73.88071
26.8377 -113.4766 7.7017 -73.880371
28.1153 -111.9666 8.2837 -73.880013
29.3929 -110.4565 8.8658 -73.879666
30.6706 -108.9464 9.4479 -73.879329
31.1787 -108.9746 10.7509 -73.878992
31.0798 -109.3078 12.7833 -73.878655
31.1974 -110.3892 14.0207 -73.878326
31.8589 -112.2436 14.4776 -73.878
32.2207 -114.0808 14.8897 -73.877676
32.3754 -116.0895 14.7382 -73.877354
33.2282 -117.7627 14.1097 -73.877034
34.0263 -119.6079 13.7086 -73.876716
34.4263 -121.5938 13.4703 -73.876401
34.6735 -123.5948 13.4834 -73.876087
34.4631 -125.6138 13.6554 -73.875777
35.477 -127.1975 13.9548 -73.875469
36.4488 -128.3733 14.9241 -73.875163
36.0423 -130.1872 15.3722 -73.874857
35.1621 -131.5518 15.4371 -73.874557
35.6418 -129.8523 14.8263 -73.874261
35.0348 -128.0619 14.2107 -73.873968
35.5446 -129.8444 14.1534 -73.873678
35.6291 -131.8577 14.0497 -73.873393
34.8485 -133.6181 13.7199 -73.873112
34.2995 -135.3089 12.7219 -73.872834
33.9891 -137.2127 12.2496 -73.872562
34.6951 -139.1364 12.158 -73.872294
34.4342 -141.0719 12.4762 -73.87203
34.9496 -142.8915 13.1328 -73.871771
35.1207 -144.6736 12.8365 -73.871518
36.0553 -146.4708 12.5635 -73.87127
36.5162 -147.9232 11.2272 -73.871026
37.0821 -149.6924 10.5935 -73.87079
38.1845 -151.3675 10.8233 -73.87056
38.9786 -152.5573 11.4668 -73.870335
38.5512 -154.4927 11.7745 -73.870116
38.9845 -156.4817 12.0272 -73.869903
38.8087 -158.4686 12.102 -73.869697
39.4316 -160.3993 12.1561 -73.869498
40.017 -162.1492 11.7738 -73.869306
39.9044 -164.0643 11.3068 -73.869122
40.4166 -165.9089 10.6066 -73.868945
41.3853 -167.5493 10.7632 -73.868777
42.1247 -169.1267 11.6727 -73.868616
42.1485 -170.8263 12.6221 -73.868462
41.2541 -172.1527 13.7028 -73.868318
41.3329 -173.6405 14.3131 -73.868181
41.6008 -174.8677 12.6805 -73.868052
41.8738 -176.7997 12.275 -73.867931
42.7438 -178.5456 11.9564 -73.867819
43.2439 -180.4578 12.0397 -73.867716
43.3656 -182.4295 12.4106 -73.86762
43.6747 -184.2146 13.2717 -73.867532
44.1736 -186.1236 13.8383 -73.867453
44.3535 -187.9066 14.7675 -73.867382
44.8726 -189.5685 15.6922 -73.867318
45.4404 -191.1005 14.5715 -73.867262
46.1386 -192.9259 14.1459 -73.867214
46.6287 -194.8895 13.783 -73.867174
47.9055 -196.4354 13.3908 -73.867142
49.0241 -197.9564 13.467 -73.867118
49.8322 -199.3762 13.2319 -73.867101
51.04 -200.3986 12.0409 -73.867093
-16.8109 -27.3553 2.8101 -73.89986
-17.497 -28.3029 4.2038 -73.899629
-18.1984 -29.271 5.5067 -73.899404
-18.2577 -29.3412 3.7473 -73.899143
-18.2679 -29.344 1.9276 -73.898889
-18.2781 -29.3467 0.108 -73.898642
-18.2883 -29.3494 -1.7116 -73.898403
-18.2985 -29.3522 -3.5313 -73.898171
-18.8534 -30.5664 -3.9808 -73.897943
-18.8107 -32.318 -3.8597 -73.897713
-19.3066 -34.0554 -3.7456 -73.897484
-18.9488 -34.5418 -2.2544 -73.897252
-18.3075 -35.7012 -1.0566 -73.897021
-18.003 -37.2922 -0.254 -73.896789
-17.2153 -38.7422 0.5062 -73.896557
-17.2992 -40.1694 1.5541 -73.896324
-17.1185 -41.7267 2.3954 -73.896091
-17.083 -42.8762 3.6698 -73.895856
-17.3639 -44.4413 4.545 -73.895621
-18.2212 -45.6938 5.2818 -73.895387
-18.9632 -46.7735 4.1464 -73.895153
-19.2427 -47.6114 2.5633 -73.894916
-19.7572 -49.1601 2.2576 -73.894682
-20.0441 -50.8741 2.5491 -73.894448
-20.3286 -52.4364 3.2684 -73.894215
-19.8077 -53.8024 3.6098 -73.893982
-19.2008 -54.6661 2.2731 -73.893747
-18.7221 -56.0354 2.9434 -73.893513
-18.7365 -56.729 4.1896 -73.89328
-18.8997 -58.1413 5.2798 -73.893049
-18.8149 -59.8936 5.7078 -73.89282
-18.9822 -61.072 7.0484 -73.892591
-19.3934 -62.5349 8.0119 -73.892365
-19.547 -63.8484 9.0694 -73.89214
-19.5772 -65.5723 8.63 -73.891919
-19.258 -67.3139 8.3405 -73.891701
-19.7508 -69.0603 8.364 -73.891486
-19.9946 -70.8175 8.7102 -73.891274
-19.8037 -72.5539 9.1873 -73.891065
-19.7201 -74.3251 9.5635 -73.890859
-20.2567 -75.9938 9.7611 -73.890658
-19.7758 -77.7066 9.8918 -73.890461
-19.8692 -79.394 10.0722 -73.890268
-20.6153 -80.6503 10.7965 -73.890081
-20.8101 -82.0334 11.1362 -73.889899
-21.8468 -83.2751 10.5156 -73.889723
-22.3598 -84.646 11.4203 -73.889553
-22.8139 -86.2646 12.0203 -73.889389
-22.9433 -87.4114 13.1988 -73.889231
-23.2601 -88.7922 14.1473 -73.889081
-23.5187 -90.5915 14.1567 -73.888939
-23.7693 -92.3875 14.2837 -73.888806
-23.9193 -94.161 14.5659 -73.88868
-24.765 -95.4177 14.2775 -73.888564
-25.6946 -96.5629 13.7452 -73.888457
-26.3361 -98.2508 13.7081 -73.888359
-26.22 -99.6251 14.4174 -73.888271
-26.029 -100.2322 16.1217 -73.888194
-25.98 -100.9366 17.7977 -73.888127
-26.1774 -101.1961 19.58 -73.888071
-26.4133 -101.3806 21.3748 -73.88803
-26.5757 -102.9017 22.0388 -73.888002
-26.565 -104.1061 22.8298 -73.887987
-10.4886 -18.1238 0.6694 -73.901706
-10.4015 -18.057 0.4643 -73.90152
-11.3637 -19.3353 1.4826 -73.901298
-12.4409 -20.4928 2.3203 -73.901036
-13.7335 -21.882 2.6066 -73.900752
-14.3525 -23.4451 1.6476 -73.900467
-14.7639 -24.7529 0.4153 -73.900181
-15.0123 -25.6795 -1.2982 -73.899894
-14.7483 -27.3027 -2.2341 -73.899607
-14.1682 -28.7546 -3.3613 -73.899317
-14.1335 -30.3237 -2.5621 -73.899027
-14.176 -32.0715 -1.7097 -73.898736
-14.076 -33.7889 -0.9359 -73.898444
-13.8862 -35.6563 -1.4771 -73.898151
-13.5408 -37.5381 -1.8551 -73.897858
-12.9254 -39.3671 -2.0095 -73.897562
-12.8947 -41.2639 -2.5483 -73.897267
-12.5093 -43.0891 -2.3969 -73.89697
-11.8636 -44.7358 -1.5183 -73.896671
-11.3409 -46.4019 -0.6056 -73.89637
-11.0233 -47.5467 0.9658 -73.896067
-10.5913 -48.4457 2.6789 -73.895765
-10.1405 -50.0833 3.3431 -73.895462
-10.2934 -51.7904 2.9275 -73.895159
-10.88 -52.8858 1.4404 -73.894853
-11.0363 -54.4811 1.7038 -73.894547
-11.1458 -56.3254 2.378 -73.89424
-10.357 -57.7555 3.4384 -73.893933
-10.1358 -58.8326 4.9901 -73.893624
-10.3077 -60.6124 5.6598 -73.893314
-11.2813 -62.2927 6.0116 -73.893003
-11.7958 -64.1934 6.181 -73.892693
-12.4342 -66.0517 6.3974 -73.89238
-11.9522 -67.7789 6.8906 -73.892067
-11.6762 -69.0382 8.2561 -73.891754
-11.713 -70.0381 9.9612 -73.89144
-11.8555 -70.9146 11.6774 -73.891124
-12.8132 -71.5235 13.2459 -73.890809
-13.5753 -72.2336 12.7301 -73.890493
-14.1638 -73.7043 11.8882 -73.890178
-14.4131 -75.2707 10.815 -73.889862
-13.5782 -77.0011 10.3425 -73.889547
-13.3259 -78.9499 10.1371 -73.889231
-13.3622 -80.9141 10.3308 -73.888916
-14.2376 -82.5066 10.9807 -73.888602
-14.7845 -84.1023 11.9265 -73.888288
-15.3519 -85.4422 12.6525 -73.887973
-15.7865 -86.6616 12.098 -73.887659
-16.5522 -87.7496 13.5364 -73.887346
-17.1687 -89.5648 13.8022 -73.887035
-18.2162 -91.1682 13.885 -73.886725
-19.5493 -92.634 13.9514 -73.886416
-20.3209 -94.4426 13.8656 -73.886108
-21.0095 -96.2837 13.6721 -73.885802
-21.3384 -97.8523 13.9673 -73.885494
-21.6939 -97.8965 15.9193 -73.885185
-22.3276 -98.0602 17.7316 -73.884882
-21.887 -98.9874 16.7979 -73.884579
-22.8153 -99.7306 15.3374 -73.884281
-24.3779 -100.6691 14.7056 -73.883987
-24.3457 -102.6276 14.3888 -73.883697
-24.5768 -104.5617 14.2213 -73.88341
-24.8282 -106.5067 14.2205 -73.883126
-25.0574 -108.4614 14.1941 -73.882847
-25.5558 -110.3378 14.0236 -73.882571
-26.9412 -111.6652 13.5497 -73.8823
-27.6548 -113.1993 12.651 -73.882033
-27.9593 -114.1646 11.0361 -73.881769
-28.3565 -115.3746 10.0919 -73.881513
-29.1471 -116.4978 9.0352 -73.881261
-29.5399 -117.0458 7.1689 -73.881014
-29.9596 -117.6548 5.3281 -73.880774
-30.9613 -118.935 4.5188 -73.880542
-32.1435 -120.2324 4.6581 -73.880316
-32.9363 -121.0473 6.2793 -73.880097
-33.621 -122.2206 7.5953 -73.879886
-33.9105 -123.585 8.7937 -73.879682
-34.4873 -124.3869 10.3397 -73.879487
-35.0405 -125.7656 11.4307 -73.8793
-34.701 -127.6323 11.772 -73.879122
-35.3063 -129.4991 11.9181 -73.878952
-35.9903 -131.3268 11.7835 -73.878792
-37.6819 -132.1342 11.31 -73.878642
-38.5009 -133.4806 10.3217 -73.878501
-38.4967 -134.7419 8.9782 -73.878369
-39.2613 -136.1191 9.0235 -73.878248
-39.6486 -137.8732 9.0943 -73.878137
-40.3927 -139.5578 8.4232 -73.878038
-41.3357 -141.2284 8.0319 -73.87795
-41.7461 -143.1332 7.6854 -73.877873
-42.0138 -145.0056 7.4829 -73.877807
-41.9887 -146.6225 8.5512 -73.877754
-43.1363 -148.1444 8.915 -73.877714
-43.8626 -149.8828 8.3731 -73.877686
-44.926 -151.4033 7.7386 -73.877672
-9.353 -14.8211 0.2731 -73.902482
-11.0559 -15.5864 0.7158 -73.90224
-12.8605 -15.9487 1.177 -73.901942
-14.323 -16.6873 2.6356 -73.901392
-15.6273 -17.7486 4.2904 -73.900931
-16.5612 -19.3299 4.837 -73.900722
-17.0333 -20.2944 6.2453 -73.900489
-17.8874 -21.5361 7.3823 -73.900249
-18.8508 -22.9769 8.1796 -73.90001
-19.5099 -24.5801 8.9543 -73.899769
-19.7318 -25.6734 10.3712 -73.899526
-19.6375 -26.5275 11.987 -73.899281
-20.9183 -27.5166 12.4491 -73.899038
-21.2964 -29.0814 13.3143 -73.898792
-21.83 -30.7644 14.0149 -73.898546
-22.4092 -32.288 14.7504 -73.898299
-23.1716 -32.8787 16.4102 -73.898047
-23.4458 -33.3976 17.1662 -73.897798
-23.9797 -35.1098 17.8018 -73.897548
-25.2888 -36.4276 18.1128 -73.897297
-26.4013 -37.9363 18.2431 -73.897045
-27.2908 -39.5473 18.3867 -73.896793
-28.9068 -40.2841 18.3568 -73.89654
-28.8386 -41.8551 18.071 -73.896286
-30.0593 -43.3052 18.0707 -73.896031
-30.6546 -44.9959 18.2212 -73.895775
-31.4097 -46.5757 18.3297 -73.895519
-32.6885 -47.8644 18.2798 -73.895262
-33.6705 -49.4532 18.3794 -73.895007
-34.3435 -51.1833 18.7706 -73.894751
-35.0428 -52.643 19.7515 -73.894495
-35.9334 -53.9164 20.8542 -73.894239
-36.4958 -55.5633 21.6175 -73.893984
-37.1515 -57.2664 22.1901 -73.893731
-37.503 -58.9135 22.7742 -73.893476
-37.2767 -60.629 23.5408 -73.893222
-38.3487 -62.1152 24.0868 -73.892971
-38.7835 -63.8894 24.6417 -73.892721
-39.0307 -65.5698 25.4324 -73.892473
-39.2448 -67.4312 25.7075 -73.892226
-39.4113 -69.2406 26.1323 -73.891981
-38.2265 -70.1613 27.1367 -73.891739
-37.9293 -71.6381 28.1838 -73.891498
-36.7386 -72.8721 28.5562 -73.891261
-35.4143 -74.1273 28.8617 -73.891028
-33.8413 -75.1427 29.2839 -73.890793
-32.9832 -76.7229 29.5771 -73.890566
-33.6399 -75.092 29.1649 -73.890339
-33.1635 -76.3575 28.5144 -73.890118
-32.6394 -77.9449 29.3953 -73.889903
-31.5586 -79.4236 29.8926 -73.889688
-30.8094 -81.0765 30.3763 -73.88948
-31.5811 -82.6547 30.6865 -73.889281
-31.7168 -84.5489 30.8274 -73.889088
-31.5105 -86.4537 30.8357 -73.888902
-31.5377 -88.3667 30.7633 -73.888723
-31.4829 -90.279 30.6456 -73.888552
-31.9235 -92.1277 30.4947 -73.888388
-32.2806 -93.9944 30.2829 -73.888234
-33.2826 -95.4749 30.073 -73.888088
-34.2923 -96.3147 29.212 -73.887951
-33.7984 -97.5646 29.0456 -73.887823
-33.365 -98.5644 30.3242 -73.887705
-34.9529 -99.5888 30.5864 -73.887598
-35.3561 -101.2379 30.5528 -73.887503
-35.425 -102.1901 29.7785 -73.887418
-35.4381 -103.6106 30.0236 -73.887346
-35.4329 -104.9525 28.8355 -73.887287
-35.4888 -106.6151 28.0477 -73.887241
-35.1318 -108.0258 29.2064 -73.88721
-34.5346 -109.5447 30.0645 -73.887194
-15.445 -16.6758 3.4162 -73.900929
-17.1123 -16.5493 2.7023 -73.900723
-18.8242 -16.1183 2.2844 -73.900493
-20.5247 -15.3962 2.2003 -73.900258
-22.3116 -15.3473 2.4856 -73.900024
-24.0423 -14.9367 2.9859 -73.899787
-25.7912 -14.8802 3.5418 -73.899549
-27.6376 -14.8877 3.7424 -73.89931
-29.4617 -14.8882 3.7168 -73.89907
-31.2202 -15.3922 3.5297 -73.898828
-32.7539 -15.8243 2.9445 -73.898584
-34.0829 -16.2305 1.7975 -73.898339
-35.3566 -17.1047 0.7776 -73.898093
-36.7811 -17.3591 0.0703 -73.897848
-38.4049 -17.2529 0.8951 -73.897601
-40.1857 -16.9717 1.2216 -73.897353
-41.9745 -17.3706 1.348 -73.897104
-43.6645 -17.7288 1.1737 -73.896854
-45.1638 -16.9527 0.472 -73.896603
-46.3865 -16.2335 -0.6264 -73.896351
-48.1583 -16.038 -0.1893 -73.896098
-49.5586 -16.5997 0.7893 -73.895843
-50.6275 -17.7832 1.5574 -73.895588
-52.4581 -17.9497 1.6886 -73.895333
-54.2203 -17.8442 1.1278 -73.895078
-55.6575 -18.4041 0.1681 -73.894821
-57.139 -19.2179 -0.5793 -73.894564
-58.8775 -19.6978 -0.9928 -73.894307
-60.4992 -20.5497 -0.8751 -73.894051
-62.2699 -20.9516 -0.784 -73.893795
-63.9605 -21.4851 -1.2025 -73.893537
-65.769 -21.6468 -1.2364 -73.893281
-67.4074 -21.948 -2.0416 -73.893025
-69.2303 -22.0478 -2.2783 -73.892771
-71.0405 -22.3933 -2.2 -73.892517
-72.76 -22.6876 -1.8978 -73.892265
-74.4248 -22.1245 -1.3042 -73.892014
-75.468 -21.5676 0.0962 -73.891764
-76.805 -21.0117 0.8974 -73.891515
-78.6304 -21.1688 0.7939 -73.89127
-80.2126 -21.6023 1.4208 -73.891028
-81.9055 -21.4802 1.8938 -73.890787
-83.3789 -20.5725 2.4839 -73.89055
-84.8475 -20.092 3.3977 -73.890317
-85.8797 -19.4106 4.4732 -73.890086
-86.9877 -17.9771 4.3817 -73.88986
-88.4094 -16.917 4.436 -73.889638
-89.1332 -16.2863 5.8123 -73.889418
-89.6827 -16.0961 7.5766 -73.889204
-90.6073 -14.9923 8.5732 -73.888997
-91.6573 -14.5236 9.9347 -73.888797
-92.216 -13.6924 11.4126 -73.8886
-93.3323 -12.5367 11.3011 -73.888412
-94.3529 -11.3333 10.4637 -73.888232
-95.9243 -11.359 10.3327 -73.888059
-97.085 -12.6874 10.4076 -73.887894
-98.637 -11.9209 10.4364 -73.887737
-99.8512 -10.5582 10.1484 -73.88759
-101.1467 -9.2581 9.9913 -73.887452
-102.9108 -8.8466 10.0308 -73.887323
-104.2043 -7.6318 10.4372 -73.887206
-105.7848 -7.7377 11.2376 -73.887099
-107.5295 -7.7352 11.7584 -73.887004
-108.7114 -6.5165 12.2914 -73.88692
-108.6826 -5.013 12.9437 -73.886849
-109.4316 -4.9691 14.0337 -73.88679
-110.9911 -5.321 13.2911 -73.886745
-112.3812 -4.7789 12.2565 -73.886715
-113.4541 -4.4164 10.8172 -73.886699
-15.5545 -17.632 4.3033 -73.900946
-16.8149 -18.3686 5.0193 -73.90078
-18.1535 -17.7371 5.9254 -73.900592
-19.3957 -17.6568 7.1162 -73.900401
-20.6245 -17.4395 8.329 -73.90021
-21.4073 -17.0773 9.8446 -73.900016
-22.3291 -16.4593 11.1562 -73.899824
-23.7986 -16.4039 12.1053 -73.899631
-24.636 -16.4397 13.5353 -73.899435
-26.0492 -16.413 14.4153 -73.899242
-26.5091 -16.6788 16.0866 -73.899044
-27.6416 -17.5424 16.452 -73.898849
-28.9683 -17.6171 17.1518 -73.898655
-30.2529 -16.8642 18.0015 -73.89846
-31.8112 -16.9615 18.7079 -73.898265
-32.7125 -16.0015 17.8716 -73.89807
-33.9732 -15.3124 17.8919 -73.897875
-35.5154 -14.9405 18.541 -73.89768
-36.8148 -15.2621 19.6037 -73.897485
-38.1095 -15.3947 20.6532 -73.897291
-39.3709 -15.3085 20.5665 -73.897095
-39.9084 -15.4165 22.2463 -73.896899
-41.4898 -16.1032 22.568 -73.896706
-43.1935 -16.3081 22.9719 -73.896515
-44.8671 -16.1005 23.426 -73.896325
-46.5874 -16.255 23.8037 -73.896136
-48.2806 -16.146 24.1613 -73.895951
-49.8848 -15.6408 24.6252 -73.895767
-51.569 -15.5809 25.1077 -73.895586
-53.1934 -15.8717 25.7123 -73.895407
-54.8397 -16.0518 26.2602 -73.895231
-56.4663 -15.7486 26.8593 -73.89506
-57.6381 -14.8744 27.7621 -73.894893
-58.8394 -13.7889 28.4214 -73.89473
-60.1932 -13.1386 29.3328 -73.894572
-61.8304 -12.6017 29.6751 -73.894418
-63.5039 -12.1508 29.7076 -73.894271
-64.8861 -11.121 29.4315 -73.894129
-65.5954 -10.0293 28.2627 -73.893993
-66.3587 -9.069 29.1123 -73.893864
-67.3994 -7.9254 29.8988 -73.893743
-68.8854 -7.8686 29.963 -73.893629
-70.5505 -7.352 29.9726 -73.893524
-72.0497 -6.4284 30.0037 -73.893428
-73.5599 -5.5098 29.9785 -73.893342
-74.8786 -4.3323 29.9264 -73.893263
-76.2236 -3.1844 29.9023 -73.893197
-77.2186 -1.7362 29.9278 -73.893143
-78.2778 -0.5048 29.7779 -73.893102
-79.9939 -0.3567 29.5292 -73.893074
-81.6519 -0.1123 29.479 -73.893059
-15.2282 -17.1379 4 -73.901017
-15.8134 -17.8487 4 -73.901007
-16.4306 -18.5318 4 -73.901001
-13.8552 -16.3527 0.6773 -73.901759
-6.8126 -12.9962 0.0714 -73.902649
-5.8684 -15.48 0.0572 -73.902431
-5.4058 -18.0693 0.0621 -73.902155
-4.8048 -20.6622 0.1442 -73.901809
-4.2378 -23.1032 0.3354 -73.901382
-4.2185 -23.3173 3.0099 -73.900691
-4.1991 -23.5292 5.6846 -73.899998
-3.9404 -24.0329 8.0609 -73.899319
-2.9465 -26.4423 7.8893 -73.898634
-2.9898 -29.1239 7.9366 -73.897934
-2.8312 -31.7921 8.079 -73.89722
-2.7737 -34.4658 8.0848 -73.89649
-3.1335 -36.1267 6.8772 -73.895731
-2.9668 -36.5649 4.2354 -73.894955
-3.5563 -38.3842 2.8887 -73.894175
-4.3063 -40.3834 1.497 -73.893373
-4.1208 -42.6459 0.2252 -73.892555
-4.2362 -43.7827 0.8959 -73.891906
-3.8312 -43.4159 2.8085 -73.89145
-3.4263 -43.0492 4.7211 -73.891004
-3.0214 -42.6825 6.6338 -73.890568
-2.6164 -42.3158 8.5464 -73.890143
-2.2115 -41.949 10.459 -73.889728
-1.8006 -41.5642 12.3611 -73.889323
-1.0504 -39.8462 12.7392 -73.888912
0.1758 -38.6585 13.5417 -73.888501
1.5902 -38.0395 13.8599 -73.888083
3.2347 -39.0768 14.2093 -73.887664
3.2862 -40.8715 14.6526 -73.887242
3.0921 -42.2179 15.9515 -73.886817
3.289 -43.8273 17.0278 -73.886389
3.7676 -45.0577 18.3989 -73.885956
5.3853 -45.2551 17.5078 -73.885519
6.4565 -45.5185 16.2146 -73.885071
6.4601 -45.5688 14.2263 -73.884619
7.3041 -46.1013 15.3965 -73.884165
7.7212 -46.6728 17.2551 -73.883704
8.2906 -47.8462 18.7417 -73.883243
8.7291 -49.4862 19.2615 -73.882904
9.1255 -50.9461 19.7272 -73.882696
10.0364 -52.2198 19.9693 -73.882491
10.7133 -53.6545 20.0389 -73.882286
11.8089 -54.3454 19.5071 -73.882082
12.1976 -54.6669 17.9921 -73.881878
13.1099 -54.8336 16.8714 -73.881677
13.5838 -54.6626 15.3738 -73.881465
13.6588 -54.6533 13.7788 -73.881225
13.7337 -54.644 12.1838 -73.880995
13.8087 -54.6347 10.5888 -73.880773
13.8837 -54.6254 8.9938 -73.88056
13.9586 -54.6161 7.3988 -73.880357
14.0336 -54.6068 5.8038 -73.880162
14.1085 -54.5975 4.2088 -73.879975
14.1663 -54.5744 2.6132 -73.879771
14.2206 -54.5486 1.0176 -73.879567
14.2749 -54.5228 -0.5781 -73.879372
14.3293 -54.497 -2.1737 -73.879187
14.3836 -54.4712 -3.7694 -73.879011
14.4379 -54.4454 -5.365 -73.878844
13.7113 -55.8095 -5.5929 -73.878683
13.1825 -57.2536 -6.0072 -73.878526
12.9567 -58.7053 -6.561 -73.878372
12.6682 -60.0281 -7.37 -73.878224
12.3514 -61.5353 -7.7387 -73.878079
11.9771 -63.0578 -7.8716 -73.877939
11.7617 -64.6275 -7.7751 -73.877804
11.4655 -65.9109 -8.3481 -73.877674
11.6675 -66.9063 -9.5712 -73.877549
11.728 -68.3207 -9.6289 -73.877429
11.6975 -68.4625 -8.07 -73.877315
11.4235 -69.5735 -7.0162 -73.877207
11.1196 -70.8404 -6.109 -73.877104
11.0275 -71.8722 -4.9846 -73.877008
11.2426 -73.2528 -4.3725 -73.876918
10.7531 -74.6674 -3.9199 -73.876834
10.425 -76.2016 -3.7062 -73.876757
10.77 -77.7411 -3.6532 -73.876686
11.0786 -79.2552 -3.6604 -73.876623
11.425 -80.7723 -3.755 -73.876566
11.2996 -82.2807 -4.0128 -73.876517
11.9706 -83.6675 -4.3963 -73.876476
12.7118 -84.5829 -3.8154 -73.876442
13.1706 -85.4159 -2.5821 -73.876416
13.3664 -86.853 -1.9391 -73.876398
13.3682 -87.667 -0.8755 -73.876389
8.6263 -48.9248 19.7774 -73.882916
8.971 -49.5407 20.9869 -73.882735
9.2099 -51.0475 20.8184 -73.882557
10.0927 -52.2943 20.5532 -73.882382
10.6868 -53.724 20.4404 -73.882209
11.4461 -54.1517 19.6321 -73.882035
11.5442 -54.2966 18.1881 -73.881864
12.9332 -54.8812 18.406 -73.881698
13.2774 -55.294 19.8309 -73.88153
13.7729 -56.2787 20.5319 -73.881368
14.3885 -57.7019 20.5127 -73.881209
15.16 -59.0485 20.6431 -73.881053
15.6443 -60.0525 21.5504 -73.8809
16.2084 -60.988 22.5631 -73.88075
17.2577 -61.2039 23.519 -73.880604
18.4454 -61.8839 23.9975 -73.880463
19.1422 -63.2514 24.2481 -73.880325
19.671 -63.8624 25.3071 -73.880188
20.2623 -64.3588 26.3522 -73.880058
21.638 -65.0559 26.1487 -73.879932
22.7173 -66.1327 25.8633 -73.879804
23.7256 -67.2733 25.5197 -73.879683
24.6112 -68.47 25.1932 -73.879571
24.9681 -69.954 24.971 -73.879464
24.9964 -70.9802 24.2159 -73.879357
24.9684 -71.117 22.6615 -73.879252
24.9404 -71.2538 21.1072 -73.879156
24.9124 -71.3907 19.5528 -73.879068
24.8648 -71.4567 17.9963 -73.878987
24.9221 -71.7069 16.7213 -73.878914
25.4185 -72.6144 17.5247 -73.878845
25.5779 -72.8182 19.0637 -73.878782
25.6724 -73.1458 20.5059 -73.878727
25.5385 -73.7136 21.7923 -73.878678
25.5469 -73.9336 23.3373 -73.878636
25.5553 -74.1535 24.8823 -73.878603
26.4257 -75.2629 24.9859 -73.878578
26.2037 -76.801 24.991 -73.878561
26.3234 -78.3421 25.0702 -73.878552
-4.7208 -44.7161 -0.023 -73.892014
-5.1299 -46.1818 0.6944 -73.891765
-5.3697 -46.9913 2.259 -73.891516
-5.7718 -48.0995 3.5791 -73.891267
-6.3113 -49.4357 4.5711 -73.891018
-6.1052 -51.0319 5.3148 -73.890769
-5.9754 -52.7323 5.8136 -73.890519
-5.3005 -54.3124 6.0843 -73.89027
-5.5666 -55.9139 6.2159 -73.890019
-6.3626 -57.4622 6.4728 -73.889769
-7.4327 -58.7683 6.9386 -73.889518
-8.3123 -60.0607 7.6969 -73.889266
-9.2075 -61.5771 7.5449 -73.889016
-10.0182 -63.1512 7.7642 -73.888764
-10.4982 -64.8336 7.9938 -73.888513
-11.098 -66.494 8.2496 -73.888262
-11.5795 -68.0917 8.8213 -73.88801
-11.4778 -69.48 9.814 -73.887759
-11.3768 -70.9824 10.6772 -73.887508
-11.1615 -72.6665 10.9417 -73.887256
-11.9531 -74.0675 10.3517 -73.887005
-12.2253 -75.2856 9.1163 -73.886755
-12.386 -76.5528 7.8889 -73.886505
-12.4919 -77.8973 6.8778 -73.886256
-12.6418 -79.6702 6.7282 -73.886007
-12.8923 -81.2283 7.3625 -73.88576
-13.0636 -82.0267 8.8276 -73.885511
-12.8375 -83.2389 8.8894 -73.885265
-12.4716 -84.694 8.0205 -73.88502
-12.6797 -85.5671 7.0599 -73.884776
-12.5183 -84.1321 6.1622 -73.884532
-12.5292 -84.0813 7.3739 -73.884289
-11.895 -85.6688 7.8198 -73.884049
-11.5229 -87.2946 8.4116 -73.88381
-10.3324 -88.1124 9.2259 -73.883574
-10.675 -89.8262 9.467 -73.88334
-11.2148 -91.4903 9.7261 -73.883109
-11.4919 -93.2205 9.9224 -73.882882
-11.8689 -94.9605 9.9938 -73.882657
-12.2215 -96.7085 9.9892 -73.882436
-12.5548 -98.4528 9.9031 -73.882218
-13.101 -100.1246 9.6027 -73.882005
-13.6123 -101.6942 9.0552 -73.881795
-14.5178 -102.8115 8.0351 -73.881589
-14.732 -103.8321 6.6289 -73.881387
-14.736 -104.949 5.3416 -73.88119
-14.7897 -105.5564 3.6632 -73.880997
-14.9175 -106.1934 2.0059 -73.88081
-14.8119 -107.3154 0.66 -73.880631
-14.3904 -108.3157 -0.7477 -73.880456
-14.0768 -109.6227 -1.5126 -73.880288
-14.1581 -111.3783 -1.2027 -73.880127
-14.4574 -112.7137 -0.3129 -73.879972
-14.5581 -113.8268 1.0481 -73.879824
-14.5629 -114.7419 2.5821 -73.879683
-14.3372 -115.8187 3.9677 -73.87955
-14.0073 -116.8255 5.38 -73.879424
-13.5104 -118.0936 6.4955 -73.879306
-13.0668 -119.695 6.5246 -73.879196
-12.4966 -121.0534 5.5568 -73.879095
-12.0851 -122.6625 5.1356 -73.879003
-12.5004 -124.2153 4.474 -73.878919
-12.6759 -125.9354 4.076 -73.878845
-13.0189 -127.5669 3.9008 -73.87878
-13.6129 -129.2115 3.7998 -73.878726
-14.5095 -130.7248 3.617 -73.878681
-15.1909 -132.314 3.2206 -73.878647
-16.0458 -133.6469 2.4524 -73.878624
-17.0046 -135.0632 2.0492 -73.878612
-3.6471 -8.0538 -0.0157 -73.902923
-1.3228 -8.9468 -0.0471 -73.902752
0.9314 -9.9936 -0.0832 -73.902569
2.6625 -11.7633 -0.1495 -73.902343
3.884 -13.4015 -0.8686 -73.901986
4.2751 -14.1359 -3.2157 -73.901199
4.6663 -14.8703 -5.5627 -73.900424
5.0575 -15.6047 -7.9097 -73.899662
5.4487 -16.3392 -10.2567 -73.898913
5.5082 -15.6747 -11.481 -73.898351
5.7528 -14.1284 -10.9972 -73.898004
5.1317 -14.013 -9.0503 -73.897649
5.6382 -14.026 -8.2186 -73.897275
7.6439 -14.2766 -7.8039 -73.896896
9.6042 -14.0356 -7.3728 -73.896525
11.4824 -13.5321 -6.7322 -73.896146
12.4397 -13.1153 -5.3274 -73.89576
13.1732 -12.7275 -3.4442 -73.895363
14.0029 -12.5015 -1.5695 -73.894959
14.9232 -12.6143 0.2611 -73.894548
16.0509 -12.8503 1.9217 -73.89413
17.2291 -12.7352 3.6117 -73.8937
18.6969 -13.072 4.9744 -73.893271
20.4387 -12.843 5.9867 -73.892835
22.2399 -12.9948 6.2182 -73.892519
23.7688 -13.3762 5.9788 -73.892331
25.0057 -12.6222 5.3936 -73.892144
26.3571 -12.2571 4.8087 -73.891958
27.8738 -11.9691 4.5669 -73.891772
29.2461 -11.1445 4.4391 -73.891586
30.8012 -10.7714 4.3716 -73.891403
32.3851 -10.5715 4.2891 -73.89122
33.2233 -10.1298 4.9983 -73.891036
34.0663 -9.8024 5.9221 -73.890855
35.5597 -9.845 6.5062 -73.890675
36.9026 -9.7278 7.2501 -73.890497
38.2463 -9.5474 7.9246 -73.890321
39.7277 -9.1425 8.3952 -73.890147
41.1759 -8.7377 8.951 -73.889975
42.5633 -8.3419 9.5488 -73.889805
43.7337 -8.1277 8.583 -73.889638
45.1311 -8.0308 7.9631 -73.889474
46.5242 -8.3092 7.3517 -73.889314
47.4104 -8.3281 6.0274 -73.889156
48.547 -8.1523 4.9694 -73.889003
50.1277 -8.0481 4.8161 -73.888854
51.0302 -8.412 5.9293 -73.888706
52.4231 -8.5023 6.17 -73.888566
53.895 -8.5955 6.6905 -73.888429
54.9911 -8.7652 7.7616 -73.888297
56.4893 -8.9904 7.679 -73.888172
57.587 -10.1308 7.9043 -73.888053
59.0801 -10.6364 8.1455 -73.887939
60.6014 -11.0022 8.4608 -73.887832
61.9959 -11.5958 8.0265 -73.887732
62.9752 -11.9724 7.058 -73.887637
63.4644 -12.0743 5.5381 -73.887551
64.0395 -11.9612 4.047 -73.887471
64.4337 -11.9546 2.4888 -73.887399
64.823 -11.932 0.9297 -73.887336
65.2041 -11.8836 -0.6309 -73.887283
65.5558 -11.8356 -2.1985 -73.88724
65.8976 -11.7879 -3.7682 -73.887207
66.4194 -11.7876 -5.282 -73.887184
66.4944 -12.5596 -6.6605 -73.887173
21.8035 -12.9643 5.5087 -73.892486
22.2928 -12.8975 4.0421 -73.892238
22.782 -12.8307 2.5755 -73.891999
23.2713 -12.7639 1.1089 -73.89177
23.7606 -12.6971 -0.3578 -73.891549
24.2499 -12.6303 -1.8244 -73.891337
24.7391 -12.5635 -3.291 -73.891134
25.2284 -12.4967 -4.7576 -73.89094
25.7177 -12.4299 -6.2242 -73.890755
26.2069 -12.363 -7.6908 -73.890578
26.8935 -12.3131 -8.9994 -73.890408
27.9931 -12.1349 -10.0456 -73.890242
29.4155 -12.0244 -10.5719 -73.890077
30.9321 -12.139 -10.7879 -73.889916
32.4337 -12.4908 -10.7732 -73.889757
33.7283 -13.0404 -10.3346 -73.8896
34.9591 -13.7394 -9.781 -73.889447
36.3049 -14.3754 -9.3611 -73.889297
37.7863 -14.4064 -8.971 -73.889147
38.9765 -14.4204 -8.3072 -73.889002
39.509 -14.5028 -6.8771 -73.888861
40.803 -14.1184 -7.3333 -73.888726
42.1172 -13.7343 -7.9502 -73.888595
43.481 -14.2451 -8.4653 -73.88847
44.8322 -14.6862 -9.0455 -73.88835
46.2199 -15.1571 -9.5418 -73.888235
47.4998 -15.7968 -10.1041 -73.888126
48.4919 -16.341 -10.9949 -73.888023
49.2648 -16.5571 -12.2212 -73.887926
50.6437 -17.0063 -12.5265 -73.887837
52.1626 -17.2199 -12.7123 -73.887755
53.5098 -17.9199 -12.5815 -73.88768
54.8261 -18.5114 -12.0649 -73.887613
56.0144 -19.3898 -11.6485 -73.887555
57.1511 -20.3793 -11.2981 -73.887505
58.5784 -20.83 -11.009 -73.887464
59.5198 -21.3446 -11.6244 -73.887433
59.9152 -21.5013 -13.1121 -73.887411
60.3293 -21.6363 -14.5919 -73.8874
5.542 -17.4481 -11.9734 -73.898405
5.2752 -19.0549 -12.8511 -73.898172
4.5319 -20.5356 -13.6308 -73.897939
4.2842 -21.2679 -12.1504 -73.8977
4.5234 -21.5541 -11.2061 -73.897465
5.0916 -22.5097 -9.9139 -73.897227
5.6355 -23.6108 -8.5295 -73.896988
6.4022 -24.9693 -7.5369 -73.896748
6.6335 -26.3097 -6.3211 -73.896508
7.1852 -27.3717 -7.4784 -73.896266
7.7638 -28.2275 -9.037 -73.896022
9.1599 -28.8455 -10.0123 -73.89578
10.2945 -29.4271 -11.2255 -73.895537
12.0307 -29.9265 -10.7637 -73.895292
13.7255 -30.5864 -10.4924 -73.895047
15.1918 -31.515 -11.0288 -73.894802
16.7178 -31.6949 -12.0524 -73.894556
18.2188 -31.9125 -13.1144 -73.894309
19.9511 -32.1969 -13.7295 -73.894062
21.5074 -33.0418 -14.1745 -73.893805
22.8543 -34.2615 -14.6414 -73.893547
24.0059 -35.5947 -15.1729 -73.893298
24.5296 -37.1036 -15.7174 -73.893049
24.7232 -37.5624 -17.5262 -73.892796
25.1008 -38.2263 -19.2142 -73.892544
26.3789 -39.4506 -19.5884 -73.892296
28.1291 -39.8596 -20.0602 -73.892048
29.3513 -39.6098 -21.3429 -73.8918
30.6809 -38.9744 -22.3478 -73.891552
31.8544 -39.4408 -23.699 -73.891304
32.7072 -40.1312 -24.5207 -73.891058
34.1875 -40.0661 -24.2388 -73.890812
35.3747 -39.954 -25.6606 -73.890568
36.0556 -40.1808 -27.3735 -73.890321
37.1117 -40.5409 -28.8636 -73.890079
37.9499 -40.8975 -30.5002 -73.889839
38.8019 -40.6861 -32.1277 -73.889601
39.8174 -40.5169 -33.6425 -73.889366
40.8901 -40.7217 -35.068 -73.889134
42.5305 -41.61 -35.2384 -73.888905
44.3755 -41.8861 -35.4176 -73.88868
45.9871 -42.2694 -36.0731 -73.888458
47.4878 -43.2765 -36.1873 -73.888236
49.3319 -43.6209 -36.2065 -73.888015
51.1887 -43.712 -36.2324 -73.887804
53.0372 -43.4731 -36.3042 -73.887599
54.8899 -43.6769 -36.497 -73.887399
56.6959 -43.5991 -36.9065 -73.887205
58.2639 -44.1277 -37.6876 -73.887017
59.5341 -44.5902 -38.7803 -73.886834
60.5988 -45.0677 -39.8571 -73.886658
61.8729 -46.2433 -40.1922 -73.88649
63.3313 -46.5896 -41.0735 -73.886329
64.0217 -46.6763 -42.7931 -73.886174
64.5704 -46.7494 -44.583 -73.886027
64.8703 -46.6711 -46.4334 -73.885884
65.1687 -46.5915 -48.2839 -73.885754
65.5964 -46.5388 -50.1097 -73.885632
65.7108 -46.4215 -51.9702 -73.885512
65.6981 -46.2783 -53.8407 -73.885404
65.6854 -46.1351 -55.7113 -73.885309
65.6727 -45.9919 -57.5819 -73.88523
65.7296 -45.7497 -59.4403 -73.885161
65.8135 -45.4694 -61.2934 -73.885105
66.0243 -45.0935 -63.1166 -73.885063
66.1717 -44.6856 -64.9394 -73.885034
66.3305 -44.1781 -66.4646 -73.885019
5.6517 -16.7814 -12.2027 -73.898273
5.689 -16.9607 -13.7308 -73.897787
5.7263 -17.14 -15.259 -73.897313
5.7636 -17.3194 -16.7872 -73.89685
5.8009 -17.4987 -18.3154 -73.896399
5.8383 -17.678 -19.8436 -73.89596
5.8756 -17.8574 -21.3717 -73.895533
5.9129 -18.0367 -22.8999 -73.895117
5.9502 -18.216 -24.4281 -73.894713
5.9875 -18.3954 -25.9563 -73.89432
6.0248 -18.5747 -27.4845 -73.893939
6.0621 -18.754 -29.0126 -73.89357
6.0994 -18.9334 -30.5408 -73.893212
6.1367 -19.1127 -32.069 -73.892865
6.1741 -19.292 -33.5972 -73.89253
6.2114 -19.4714 -35.1254 -73.892205
6.2487 -19.6507 -36.6536 -73.891892
6.286 -19.83 -38.1817 -73.89159
6.3233 -20.0094 -39.7099 -73.891299
6.3606 -20.1887 -41.2381 -73.891019
6.3979 -20.368 -42.7663 -73.890749
6.4352 -20.5474 -44.2945 -73.89049
6.4725 -20.7267 -45.8226 -73.890242
6.5099 -20.906 -47.3508 -73.890004
6.5472 -21.0854 -48.879 -73.889776
6.5845 -21.2647 -50.4072 -73.889559
6.6218 -21.444 -51.9354 -73.889351
6.6591 -21.6234 -53.4635 -73.889154
6.6964 -21.8027 -54.9917 -73.888966
6.7337 -21.982 -56.5199 -73.888788
6.771 -22.1614 -58.0481 -73.88862
6.8083 -22.3407 -59.5763 -73.888461
6.8457 -22.52 -61.1045 -73.888311
6.883 -22.6994 -62.6326 -73.888171
6.9394 -22.8766 -64.1572 -73.888039
8.1498 -22.8799 -64.1006 -73.887914
8.9886 -23.516 -62.989 -73.887792
9.9314 -24.3205 -62.1091 -73.887675
10.5435 -25.411 -61.3105 -73.887562
11.1641 -26.7642 -60.9602 -73.887455
11.7371 -28.177 -61.0516 -73.887353
12.2468 -29.4991 -61.4619 -73.887256
12.6299 -30.7915 -61.1111 -73.887165
13.0367 -32.212 -60.6823 -73.887081
13.4206 -33.6473 -60.2909 -73.887003
13.672 -35.0666 -59.8345 -73.886932
13.7802 -36.5811 -60.0484 -73.886868
13.7177 -38.0731 -60.4184 -73.886813
13.5658 -39.5761 -60.7091 -73.886765
13.3014 -41.0704 -60.6511 -73.886727
13.3571 -42.0105 -59.4467 -73.886696
13.5377 -43.0476 -58.3404 -73.886676
13.6333 -44.0606 -57.3331 -73.886665
-2.4565 -0.91 0.0523 -73.90554
-2.8293 2.667 0.2464 -73.908059
-3.0866 6.216 0.7208 -73.910637
-2.2413 9.6979 1.5153 -73.913287
-0.7404 12.7593 0.9662 -73.915989
0.227 15.8879 -1.0884 -73.918848
0.5524 20.1154 -1.9386 -73.921877
0.4575 24.418 -2.5408 -73.924999
0.4389 27.3767 -5.5178 -73.928225
-0.013 29.9656 -8.7108 -73.931556
-0.1419 14.3216 0.264 -73.917442
0.8616 14.8245 1.2959 -73.918329
2.5303 15.409 3.4469 -73.919998
5.0961 15.9466 3.8822 -73.921749
7.8356 16.5695 3.9069 -73.923598
10.5566 17.2922 4.0994 -73.925525
13.2701 17.9524 4.5537 -73.927552
15.8121 18.8134 4.7988 -73.92968
17.2134 19.7132 4.344 -73.931202
17.5574 19.3689 4.0634 -73.931088
-0.9274 14.3109 0.2417 -73.917433
-2.5488 14.1754 0.0246 -73.917288
-4.1702 14.04 -0.1925 -73.917161
-5.6969 13.9854 -0.1496 -73.917052
-6.0083 14.0245 0.9686 -73.916956
-4.7591 13.8534 0.1003 -73.916875
-4.5248 13.8442 -1.5168 -73.916792
-4.3735 13.8457 -3.1513 -73.916729
-4.2222 13.8471 -4.7858 -73.91669
-4.0708 13.8486 -6.4202 -73.916673
-3.7648 13.9278 -8.018 -73.916681
-3.1571 14.1597 -9.5252 -73.916715
-2.5409 14.9686 -10.6984 -73.916777
-0.6612 32.5013 -8.9792 -73.933659
-1.3441 34.6869 -8.6538 -73.935214
-2.5162 37.7967 -7.959 -73.937554
-4.0883 40.798 -9.2426 -73.939929
-6.1771 43.4321 -10.5669 -73.942338
-7.4526 45.9637 -12.4793 -73.944786
-8.199 48.9959 -14.3148 -73.947298
-8.488 52.2581 -16.0262 -73.949873
-8.9751 55.6713 -17.3793 -73.952485
-8.9724 59.3456 -17.9864 -73.955133
-8.8355 62.9598 -18.9326 -73.957819
-8.1651 65.7964 -21.101 -73.960544
-8.071 69.4931 -21.2598 -73.963304
-8.0725 72.7987 -19.5494 -73.965845
-8.8931 75.9303 -20.6534 -73.967861
-9.8467 77.8663 -22.8286 -73.969601
-10.916 79.9845 -24.8489 -73.971353
-11.8107 82.572 -26.461 -73.97321
-13.9622 85.1541 -28.0376 -73.975167
-15.428 87.4195 -30.0798 -73.977142
-16.2874 89.1284 -32.8169 -73.978798
-17.1302 91.8068 -33.4334 -73.980129
-16.6579 94.7355 -33.3269 -73.981462
-16.2793 97.4317 -32.2507 -73.982796
-16.0966 100.3779 -31.8618 -73.98413
-15.6048 103.2146 -31.8672 -73.985673
-15.0646 104.6984 -30.0846 -73.987421
-14.4099 106.6313 -31.3901 -73.989153
-13.9013 109.3975 -31.7321 -73.990873
-13.1382 112.1018 -31.8855 -73.992579
-12.0288 114.6912 -32.2205 -73.994271
-9.9615 116.491 -32.7147 -73.995946
-8.3964 118.5551 -33.6954 -73.997604
-7.0441 120.3709 -35.2413 -73.999245
-16.3107 103.1222 -31.2609 -73.98617
-17.0106 105.6108 -30.0258 -73.988873
-17.7104 108.0993 -28.7907 -73.991528
-18.4103 110.5878 -27.5556 -73.994133
-19.1321 113.0846 -26.3544 -73.996687
-20.0839 115.6275 -25.7828 -73.999223
-21.6544 117.8269 -26.4818 -74.001759
-22.4041 120.0541 -28.0006 -74.004297
-23.8204 121.9956 -29.2918 -74.006832
-16.2837 88.4956 -30.6847 -73.979715
-16.9057 88.45 -28.8674 -73.98285
-17.5277 88.4044 -27.0501 -73.985944
-18.1496 88.3588 -25.2328 -73.988998
-18.7716 88.3131 -23.4155 -73.992011
-19.3936 88.2675 -21.5982 -73.994982
-20.0155 88.2219 -19.7808 -73.997912
-20.6375 88.1763 -17.9635 -74.000798
-21.2595 88.1307 -16.1462 -74.003641
-21.8814 88.0851 -14.3289 -74.006441
-22.5034 88.0394 -12.5116 -74.009196
-23.1253 87.9938 -10.6943 -74.011907
-23.7473 87.9482 -8.8769 -74.014572
-24.3693 87.9026 -7.0596 -74.017191
-24.9912 87.857 -5.2423 -74.019764
-25.6132 87.8114 -3.425 -74.022289
-26.2352 87.7657 -1.6077 -74.024767
-26.8571 87.7201 0.2096 -74.027197
-27.4791 87.6745 2.0269 -74.029578
-28.1011 87.6289 3.8443 -74.031909
-28.723 87.5833 5.6616 -74.03419
-10.6474 82.0467 -25.97 -73.972968
-9.8973 83.5702 -26.7997 -73.974418
-8.9166 84.4636 -28.1497 -73.975881
-7.9416 85.635 -29.2349 -73.977357
-6.7633 86.7616 -30.2244 -73.978841
-5.9934 87.8877 -31.5 -73.980337
-4.805 89.0805 -31.9871 -73.981841
-4.0074 90.0975 -33.2964 -73.983366
-3.642 91.5318 -34.1524 -73.984891
-3.5504 92.2381 -35.0395 -73.986426
-2.6112 93.3175 -34.37 -73.987973
-1.4138 94.7914 -34.5426 -73.98952
-0.1697 96.0984 -35.117 -73.991073
0.8889 97.112 -35.3375 -73.992633
1.8787 97.6218 -33.8386 -73.994198
3.297 98.6527 -34.2066 -73.995757
4.478 100.1526 -34.2331 -73.997311
5.7259 101.6013 -34.2783 -73.998866
6.9236 103.076 -34.3329 -74.000413
8.2378 104.4594 -34.2789 -74.001955
9.708 105.6324 -34.1824 -74.003483
11.0242 106.9149 -34.1788 -74.005005
12.03 108.5293 -34.2938 -74.006513
12.8387 110.237 -34.4028 -74.008006
13.6986 111.9172 -34.2947 -74.009481
14.9808 113.3035 -34.0183 -74.010933
16.3534 114.5382 -33.5266 -74.012363
-8.0122 74.6652 -19.0128 -73.967694
-7.3733 74.7434 -17.1393 -73.969063
-6.2129 74.8717 -15.5661 -73.97043
-4.6588 75.1485 -14.4836 -73.971805
-2.9313 75.2005 -13.5318 -73.97319
-1.1908 75.5548 -14.025 -73.974588
0.2492 75.4182 -15.2751 -73.976
1.6994 75.2949 -16.4498 -73.977418
3.456 75.8724 -16.5978 -73.978847
4.909 77.061 -16.0201 -73.980285
6.3489 78.0205 -15.2054 -73.981729
7.6777 78.1558 -16.557 -73.983189
9.1932 78.8939 -17.1669 -73.984651
10.3243 80.3116 -17.9293 -73.986117
11.8031 81.2429 -18.8099 -73.987585
13.3202 82.0201 -19.7154 -73.989056
14.672 82.8734 -20.8357 -73.990526
15.8195 84.0369 -21.4716 -73.991993
17.3968 85.0052 -21.5241 -73.993458
19.1523 85.9091 -21.6233 -73.994919
20.835 86.8367 -21.5731 -73.996372
22.3782 87.6805 -22.4819 -73.997821
23.6336 88.6822 -23.6145 -73.999257
25.3121 89.236 -24.4178 -74.000681
26.9271 90.1776 -25.069 -74.002118
28.5711 91.1435 -25.6063 -74.003555
30.1849 92.1759 -26.0934 -74.004933
31.906 93.0582 -26.3886 -74.006281
33.349 94.3802 -26.2354 -74.007603
34.682 95.7638 -25.7885 -74.008895
36.0698 96.9946 -25.1164 -74.010155
-9.1332 71.1226 -19.9391 -73.966387
-11.2049 71.3971 -19.3463 -73.969746
-12.2503 72.1505 -17.4371 -73.973176
-13.2771 72.9723 -16.3017 -73.976669
-15.0629 74.4381 -16.0237 -73.980223
-17.1889 75.3374 -15.9102 -73.98385
-18.7708 76.7954 -16.5998 -73.987551
-20.2396 77.7578 -18.0502 -73.991332
-21.4318 79.2493 -19.3169 -73.995181
-22.4493 80.8848 -20.0685 -73.998095
-23.644 82.5321 -19.9209 -74.00002
-25.2693 83.8199 -19.7197 -74.001963
-26.4282 85.5474 -19.5741 -74.003926
-27.4271 87.2915 -19.7394 -74.005911
-28.2555 88.0894 -18.5764 -74.007936
-28.4362 88.7812 -16.6121 -74.009989
-28.7184 89.4709 -14.6555 -74.012041
-28.5952 90.5234 -12.9306 -74.014103
-28.0087 92.2281 -11.8717 -74.016179
-28.1824 93.3344 -10.523 -74.018278
-28.881 94.9101 -9.3484 -74.020393
-29.1637 96.6406 -8.2343 -74.022519
-29.7507 98.589 -7.8416 -74.02466
-31.2546 100.014 -7.7767 -74.026814
-32.9856 101.1833 -7.8435 -74.028974
-34.438 102.6859 -7.93 -74.031151
-35.8645 104.1959 -8.077 -74.033336
-37.7492 105.0636 -8.2888 -74.035526
-39.7252 105.5106 -8.4883 -74.037728
-41.4274 106.5542 -8.4275 -74.039943
-22.5697 79.9845 -21.0657 -73.998242
-23.5049 79.5868 -23.0086 -74.000238
-24.7357 79.2357 -23.1851 -74.002047
-26.0186 79.7983 -22.2548 -74.003868
-27.6912 80.6895 -21.9109 -74.005703
-29.3246 81.7314 -21.4655 -74.007553
-31.1306 82.4861 -21.4143 -74.009415
-32.9071 83.2024 -21.5235 -74.011297
-34.8537 83.2248 -21.3716 -74.013192
-36.6622 83.819 -20.8419 -74.015103
-38.0322 83.5029 -19.5874 -74.017032
-39.4902 83.5562 -18.2934 -74.018971
-40.9141 84.0358 -17.0459 -74.020923
-42.4783 85.0996 -16.5078 -74.02288
-44.0118 86.2891 -16.2793 -74.024847
-45.0805 86.8165 -17.3328 -74.026864
-45.3985 87.0849 -19.2874 -74.028875
-46.0085 87.5938 -21.1008 -74.030897
-46.5256 87.8633 -23.0125 -74.032927
-47.0124 88.1443 -24.9307 -74.034962
-48.0466 88.8001 -25.8124 -74.036975
-49.3531 89.8139 -24.8517 -74.038991
-23.4169 79.5945 -22.041 -73.999335
-7.4755 47.1812 -14.128 -73.946203
-6.6397 46.9581 -15.442 -73.946547
-6.0885 47.0624 -16.854 -73.946879
-5.6785 47.4504 -18.3124 -73.947206
-5.0375 48.1975 -19.4234 -73.947524
-4.9376 48.8586 -20.8471 -73.947836
-4.8994 49.5688 -22.2208 -73.948138
-4.8067 50.8524 -23.1201 -73.948428
-4.348 52.1399 -23.896 -73.948719
-3.8636 53.4258 -24.6617 -73.948986
-3.2759 54.7308 -25.2965 -73.949229
-2.6137 56.0992 -25.6637 -73.949452
-1.9972 57.5231 -25.7699 -73.949656
-0.7472 58.4335 -25.8246 -73.949837
0.1834 59.5702 -25.9895 -73.949994
1.0556 60.8294 -26.3063 -73.950124
1.4265 62.1744 -26.9168 -73.950225
1.2466 63.3678 -27.9187 -73.950295
0.8615 64.5278 -28.8693 -73.950331
-1.2039 34.2315 -8.7378 -73.935404
-2.1645 36.692 -8.3921 -73.938114
-3.11 39.1845 -8.3928 -73.940885
-3.9026 40.3411 -6.7187 -73.943724
-4.4638 40.8393 -4.1593 -73.946639
-5.2514 41.2336 -1.6507 -73.949617
-6.4986 41.3875 0.6577 -73.952656
-6.9016 41.3668 3.1344 -73.955784
-8.3244 41.1475 5.0228 -73.958952
-9.0777 42.2825 6.6587 -73.961833
-10.4818 44.1286 6.7312 -73.964404
-12.0542 45.877 6.472 -73.967022
-13.7926 47.4551 6.7415 -73.969691
-14.3287 48.7274 8.6097 -73.97242
-14.2892 50.0448 10.5825 -73.975194
-14.3831 52.2013 11.5125 -73.978014
-15.4653 54.1641 11.5993 -73.980884
-15.9872 56.1264 10.7348 -73.983809
-15.9935 58.493 10.4465 -73.986785
-16.6674 59.2873 8.5547 -73.989833
-17.4698 59.7595 6.3608 -73.992931
-17.8092 61.9411 6.2291 -73.99607
-19.8136 62.8997 6.5069 -73.999276
-21.3274 63.1601 7.9551 -74.002553
-22.8218 64.0013 9.1439 -74.005334
-24.7396 64.6596 9.7419 -74.007593
-25.9313 65.6939 8.2209 -74.009883
-27.3521 67.091 7.1443 -74.012205
-27.8515 68.7801 5.7356 -74.014558
-28.9706 70.1238 4.2552 -74.016937
-29.8302 71.1977 2.3661 -74.01935
-30.5772 72.9481 2.3143 -74.021795
-31.2511 73.9836 4.3225 -74.024268
-31.8836 74.7971 6.3519 -74.026774
-33.4979 76.3178 6.0157 -74.029295
-35.3494 77.7054 5.6794 -74.031843
-36.2359 77.7987 3.4859 -74.034434
-36.823 78.2142 1.2302 -74.037053
-37.2962 78.8752 -1.0041 -74.039696
-38.0777 79.5243 -3.1351 -74.042348
-38.5828 79.8578 -5.4262 -74.045044
-40.1286 80.7679 -6.86 -74.047742
-41.8887 81.3717 -5.9333 -74.050467
-43.201 81.2826 -4.0378 -74.053224
-44.3102 81.7185 -2.0187 -74.055994
-23.2557 64.0561 8.131 -74.004968
-24.9649 64.9635 8.1844 -74.006492
-26.0616 65.9005 8.9001 -74.008062
-26.305 66.1448 10.8713 -74.009657
-26.4364 66.2766 12.8582 -74.011238
-26.7662 66.3845 14.8041 -74.012828
-28.2543 66.3369 15.7942 -74.014424
-29.7596 66.2207 16.7645 -74.016041
-29.8152 66.2528 18.7633 -74.017668
-30.2709 66.9957 19.6957 -74.019306
-31.7156 67.9135 20.4594 -74.020963
-32.1409 69.5247 21.5115 -74.022628
-33.0427 71.1208 22.2483 -74.024298
-33.7682 72.7602 23.0868 -74.025973
-34.714 74.4169 23.6586 -74.027651
-35.5114 76.0162 24.4887 -74.029333
-35.8784 77.7991 25.2812 -74.031021
-36.6919 79.4931 25.9091 -74.032709
-37.5921 81.2366 26.1638 -74.034393
-37.9648 82.9348 26.6532 -74.036084
-38.1232 84.1537 28.0096 -74.037764
-37.4894 85.6297 29.04 -74.039437
-37.0034 87.4849 29.1485 -74.041101
-36.7841 89.4485 29.2879 -74.042809
-36.3959 91.4052 29.448 -74.0445
-9.6387 41.5186 6.3846 -73.960969
-11.2133 41.8239 6.3128 -73.961777
-12.0979 42.4791 4.8865 -73.962602
-13.2557 43.35 3.9751 -73.963433
-14.2423 43.577 2.4577 -73.964275
-15.3556 43.71 1.0276 -73.965124
-15.9894 44.5732 -0.4476 -73.965983
-16.6871 45.12 -2.0478 -73.966847
-17.7188 45.8368 -3.2857 -73.967722
-18.5783 46.8498 -4.5254 -73.968602
-19.9074 47.2662 -5.6939 -73.969487
-21.5852 47.5437 -6.3542 -73.970374
-22.9761 48.6597 -6.3259 -73.971261
-24.3563 49.8697 -6.2079 -73.972152
-25.8552 50.8966 -6.0169 -73.973041
-27.0962 51.9486 -5.4199 -73.973932
-27.9482 52.3876 -3.9646 -73.974826
-29.654 52.5789 -3.9322 -73.975711
-30.6445 52.9077 -5.3714 -73.976594
-32.0441 53.5066 -6.2656 -73.97747
-33.4656 54.634 -6.5349 -73.978335
-34.9544 55.5474 -7.0531 -73.979189
-36.2819 56.6634 -7.6004 -73.98003
-37.6486 57.8611 -7.7756 -73.980858
-38.5034 59.4777 -7.6459 -73.981669
-39.3718 61.0534 -7.2838 -73.982456
-40.2991 62.551 -6.7638 -73.98322
-41.2384 64.045 -6.261 -73.983959
-41.8614 65.6914 -5.7694 -73.984669
-42.4591 67.2851 -5.1652 -73.985347
-43.3383 68.5969 -4.4191 -73.98599
-44.4522 70.0317 -4.1392 -73.986591
-45.5063 71.5345 -4.0501 -73.987152
-46.5569 73.035 -4.1531 -73.987666
-47.8716 74.2263 -4.5515 -73.988129
-48.8625 75.1738 -5.5759 -73.988539
-49.2408 75.7623 -7.2733 -73.988893
-49.4584 77.0985 -8.4631 -73.989183
-49.9501 78.752 -8.946 -73.989408
-51.026 79.8745 -9.2484 -73.989561
-51.28 79.9424 -10.8927 -73.989642
17.7044 20.951 4.9703 -73.932039
18.2015 22.2043 5.6044 -73.932881
18.6985 23.4577 6.2386 -73.933718
19.0912 25.152 6.8819 -73.934772
19.429 27.2733 6.757 -73.936063
20.0937 28.9393 5.4586 -73.937378
20.5192 30.5261 4.0181 -73.938717
21.7848 31.8769 2.8501 -73.940084
22.0977 33.1829 1.0434 -73.941477
23.2662 34.71 0.0406 -73.94289
23.7528 35.2305 -1.9989 -73.944334
24.4415 36.3316 -0.4475 -73.945806
25.2156 37.3871 1.3732 -73.947302
25.5431 38.1412 3.4507 -73.948826
26.3109 39.4951 5.0553 -73.950369
27.3125 40.7429 3.9319 -73.951937
27.6125 41.5008 5.9749 -73.953541
27.8649 42.4672 7.8245 -73.955166
28.5761 44.0126 9.106 -73.956811
29.3017 45.8785 9.8466 -73.958478
29.8444 47.4239 10.9837 -73.960179
29.8427 48.4745 12.9418 -73.961899
30.4043 50.5089 13.6559 -73.963639
32.2661 51.6774 14.0416 -73.965404
33.7432 53.3643 13.9508 -73.96719
35.3704 54.8773 13.6311 -73.969001
36.404 56.7929 13.1328 -73.970836
37.9566 57.9008 12.228 -73.972688
39.1636 59.6692 11.6914 -73.974563
40.7811 61.2139 11.412 -73.976461
42.5407 62.5144 11.7504 -73.978375
43.9242 63.8221 12.81 -73.980313
45.3908 65.165 13.6376 -73.982267
45.9271 67.2097 14.1714 -73.984233
46.6355 69.1359 14.3788 -73.986215
48.3635 70.1089 14.8857 -73.988215
49.6569 71.9103 15.1633 -73.990266
50.9513 73.7475 15.4455 -73.992331
52.8054 74.9337 15.6383 -73.994367
54.7263 75.5702 15.6827 -73.996412
56.0864 76.9982 15.657 -73.998467
57.1449 78.0802 14.4904 -74.000537
58.894 79.349 14.0314 -74.002606
60.9129 80.2627 14.3307 -74.004678
62.6887 81.5896 14.007 -74.006755
64.1912 82.1373 14.8133 -74.008844
65.3934 82.3955 16.5144 -74.010927
66.9021 83.2776 17.6975 -74.013
67.4164 84.9808 18.6495 -74.015065
68.0681 86.9646 19.2519 -74.017112
18.9087 24.0362 7.1126 -73.934139
19.1476 18.9083 3.9431 -73.931789
20.9905 18.3979 3.8423 -73.932596
22.9152 18.2333 3.6481 -73.933419
24.7758 17.8958 3.3306 -73.934255
26.5871 18.0132 3.1308 -73.935107
28.3023 18.6484 3.6845 -73.935974
29.9424 18.8206 4.6508 -73.936856
31.2866 18.6601 5.9911 -73.937757
32.7096 18.1098 7.1234 -73.938671
34.1103 16.8391 7.543 -73.9396
35.4164 15.4177 7.7072 -73.940545
36.5618 14.0174 7.4707 -73.941504
38.0589 13.6462 6.35 -73.942477
39.8047 13.3092 5.8907 -73.943464
41.5119 12.7068 5.2455 -73.944465
42.8693 12.0614 4.0202 -73.945483
44.4573 11.3345 3.2295 -73.946513
45.9294 10.8303 2.4767 -73.947559
47.1014 10.1377 3.6205 -73.948615
48.3849 9.3089 4.6779 -73.949682
49.394 9.6773 6.2389 -73.950766
50.6478 10.0528 7.6185 -73.95186
51.9327 9.8336 9.0023 -73.952961
53.4883 10.1208 10.104 -73.954071
55.2334 9.8227 9.9071 -73.955187
57.0597 9.924 9.3135 -73.956377
58.8743 9.6526 8.6558 -73.957601
60.689 9.3812 7.9981 -73.95879
62.4959 9.1815 7.3186 -73.959945
64.0964 9.6659 6.3822 -73.961091
65.6128 10.0298 5.5676 -73.962239
66.3879 8.7348 6.61 -73.963391
67.0408 7.9267 8.2378 -73.964539
67.6184 7.3624 10.0083 -73.96569
68.2214 6.7991 11.7671 -73.966837
68.8557 6.3245 13.5452 -73.967973
69.5936 6.0215 15.3177 -73.969106
70.6128 5.6939 16.9232 -73.970223
71.846 5.1297 18.3139 -73.971318
73.446 5.6128 19.1551 -73.972402
75.1394 5.1362 19.9892 -73.973484
76.7792 5.1163 20.887 -73.974527
78.3203 5.541 21.9782 -73.975546
79.5543 6.0354 23.1887 -73.976538
80.477 6.477 24.7608 -73.977494
82.1371 6.4027 25.3832 -73.978417
83.992 6.8997 25.7174 -73.979301
85.8702 6.8251 26.0726 -73.980144
87.7509 6.7088 26.4848 -73.980941
89.6348 6.7028 26.6547 -73.981686
91.0074 6.4378 25.4152 -73.982375
92.1971 6.0461 24.0228 -73.983007
93.1627 5.5053 22.7795 -73.98359
93.4181 5.3578 20.8527 -73.984102
93.6827 5.205 18.9277 -73.984537
93.9559 5.0473 17.0042 -73.984891
94.7999 4.5071 17.8661 -73.985156
-1.9865 16.2264 -10.9822 -73.916857
-1.6114 17.3396 -11.0385 -73.916912
-1.1973 18.2526 -10.4886 -73.916955
-0.4899 18.8695 -10.968 -73.916984
0.4947 18.656 -11.4238 -73.916999
-5.9486 122.6202 -36.4545 -74.000868
-4.8563 124.4889 -38.1946 -74.002472
-3.4433 126.1431 -39.8024 -74.004051
-2.2407 128.597 -40.3971 -74.005604
-1.5188 131.295 -40.1613 -74.007133
-1.6696 134.0734 -40.2753 -74.008634
-2.517 136.7345 -40.7076 -74.010106
-3.2762 139.4376 -41.1589 -74.011548
-4.1563 142.1305 -41.3938 -74.012957
-4.9956 144.8475 -41.5126 -74.014332
-4.2109 147.46 -41.641 -74.015669
-3.9407 150.1251 -41.6099 -74.016969
-3.8535 152.9656 -41.6389 -74.018228
-3.8797 155.8081 -41.7765 -74.019445
-3.362 158.4701 -41.8809 -74.020619
-3.9026 161.1882 -41.8597 -74.021746
-4.6546 163.8938 -41.7416 -74.022825
-4.458 166.7321 -41.7051 -74.023852
-4.7248 169.4267 -41.9823 -74.024826
-5.9516 171.9513 -42.4086 -74.025745
-6.8697 174.6164 -42.5236 -74.026606
-7.1469 177.3942 -42.5991 -74.027406
-8.5483 179.5426 -43.6297 -74.028143
-9.0965 181.9163 -44.9846 -74.028815
-9.3572 184.5276 -45.8738 -74.029417
-10.3037 185.8819 -45.5629 -74.02971
-12.6165 185.7411 -44.527 -74.0297
-14.6492 185.7303 -43.1953 -74.029622
-16.2496 187.2653 -42.1906 -74.029474
-17.9145 189.1431 -41.8854 -74.029252
-19.4479 191.0685 -41.5909 -74.028954
-21.0169 192.9475 -41.0017 -74.028576
-22.4125 194.4386 -40.3024 -74.028117
-23.7068 195.9472 -39.0039 -74.027572
-25.0392 197.7028 -39.8911 -74.02694
-25.8175 200.0563 -40.2799 -74.026216
-26.6369 201.4551 -41.5533 -74.025396
-27.5289 202.2594 -40.2727 -74.024478
-29.472 203.3638 -40.3713 -74.023461
-31.4096 204.4733 -39.3932 -74.02234
-31.9894 205.4816 -37.1556 -74.021104
-32.896 206.6385 -35.2063 -74.01976
-33.7738 206.9925 -32.8727 -74.018297
-35.326 208.2821 -31.3862 -74.016719
-36.5537 210.18 -30.3332 -74.015017
-37.6503 212.1937 -29.5135 -74.013189
-38.7499 214.0475 -28.2022 -74.011226
-38.8366 216.2339 -27.1303 -74.009125
-39.8429 217.9451 -25.6872 -74.006881
-40.3547 220.3663 -25.6679 -74.004492
-9.0607 186.6005 -47.0068 -74.029951
-8.6412 188.5188 -48.1723 -74.030429
-7.9227 189.8909 -49.7878 -74.030849
-7.3389 191.2666 -51.5099 -74.031207
-6.8689 192.8579 -53.067 -74.031501
-6.5717 194.5306 -54.6272 -74.031729
-6.699 195.7688 -56.5782 -74.031888
-6.6007 197.3796 -57.9455 -74.031974
-5.361 198.4457 -59.4593 -74.031987
-4.0706 199.0919 -61.2062 -74.031922
-2.56 200.3359 -61.9713 -74.031776
-1.1767 202.1203 -62.473 -74.031548
0.1257 203.765 -63.1817 -74.031234
0.5779 205.9809 -62.9411 -74.030829
1.7705 207.8999 -62.7909 -74.030332
1.7806 210.0234 -63.3852 -74.029738
1.251 212.0868 -62.5412 -74.029043
0.3882 214.2228 -62.3899 -74.028246
-0.4598 216.2968 -62.9067 -74.027341
-1.2479 218.4121 -63.4146 -74.026325
-2.0973 220.5416 -63.7457 -74.025193
-3.4118 222.4275 -63.923 -74.023943
-5.2388 223.8332 -64.0726 -74.022569
-7.0057 225.2983 -64.337 -74.021067
-8.1122 227.0393 -64.9339 -74.01943
-8.3675 229.0243 -65.402 -74.018012
-8.7031 230.7886 -65.6689 -74.016864
-9.2813 232.5101 -65.8231 -74.01563
-9.2237 228.2929 -64.8468 -74.018248
-10.9382 228.5001 -64.259 -74.017561
-12.6565 228.7042 -63.682 -74.016782
-25.5183 124.0162 -29.3962 -74.009178
-26.4756 125.8583 -28.1987 -74.011337
-27.6755 127.8327 -27.6028 -74.013492
-27.9279 128.8492 -29.077 -74.015644
-28.5728 129.8586 -27.39 -74.017799
-29.4951 131.5172 -26.0388 -74.019933
-30.3172 133.5583 -25.0126 -74.022059
-30.9903 134.755 -23.0132 -74.024173
-31.8576 136.0757 -21.167 -74.026275
-32.9249 137.8539 -19.8699 -74.028362
-34.7749 138.8966 -19.3111 -74.030435
-36.3176 139.9122 -18.0849 -74.032489
-37.4604 141.3871 -16.8864 -74.034524
-38.6623 143.1941 -16.0632 -74.036542
-40.1691 144.5551 -14.9429 -74.038542
-41.2877 146.3296 -14.9203 -74.04052
-42.5778 148.1549 -14.027 -74.042473
-43.9866 149.9737 -13.1872 -74.044395
-45.0144 151.7833 -12.0503 -74.046291
-45.5532 153.8159 -10.8393 -74.048158
-46.3861 156.0367 -10.2537 -74.049993
-46.9837 158.3901 -9.9517 -74.051792
-47.8117 160.6751 -9.7756 -74.053556
-49.0447 162.6915 -9.706 -74.05528
-50.015 164.9082 -9.8518 -74.056964
-51.5234 166.8379 -9.9384 -74.058605
-52.9161 168.8061 -9.9279 -74.0602
-54.0733 170.9215 -9.7859 -74.061748
-55.7453 172.652 -9.5467 -74.063245
-57.6094 174.1497 -9.6472 -74.06469
-59.246 175.273 -8.9172 -74.06608
-60.6519 176.3429 -7.7572 -74.067412
-61.8971 178.3631 -7.4187 -74.068682
-62.7492 180.6081 -7.5045 -74.069889
-63.9736 182.7158 -7.7021 -74.071028
-65.2308 184.8141 -7.6187 -74.072095
-66.7492 186.7003 -7.6491 -74.073088
-68.417 188.4651 -7.7574 -74.074003
-69.4591 190.6092 -7.7695 -74.074836
-69.6776 192.1396 -9.5531 -74.075588
-70.6232 193.0213 -8.854 -74.076257
-70.9662 193.1386 -6.4297 -74.076833
-71.4596 193.5338 -4.0639 -74.07731
-72.1758 195.2071 -3.9513 -74.077681
-73.6159 196.7389 -5.1111 -74.077946
-74.8609 198.522 -6.148 -74.0781
-75.7426 199.5734 -7.6936 -74.078138
-75.3694 199.5725 -10.1146 -74.078054
-74.4019 199.6256 -11.6143 -74.077845
-73.8016 200.0979 -9.3728 -74.077504
-74.5843 201.3776 -7.8285 -74.077027
-75.66 202.8847 -6.3385 -74.076406
-76.7569 204.7933 -5.2692 -74.075637
-77.7876 206.5222 -4.0466 -74.074711
-78.7815 208.5213 -3.0989 -74.073625
-29.3228 87.5393 7.4141 -74.036341
-29.9005 87.4969 9.1019 -74.038368
-30.4781 87.4545 10.7898 -74.04035
-31.0558 87.4122 12.4776 -74.042287
-32.2782 87.1841 13.3671 -74.044189
-33.8866 86.6278 13.8875 -74.046094
-35.2533 87.1539 14.4242 -74.047999
-35.8481 87.8038 15.3321 -74.049901
-36.8463 86.9864 16.4788 -74.051802
-38.3951 86.3544 16.7879 -74.053696
-40.0436 86.842 16.4412 -74.055582
-41.676 86.6973 15.7688 -74.057463
-43.0795 86.67 14.6822 -74.059334
-44.7397 86.6061 14.8133 -74.061194
-46.2784 86.3685 14.6265 -74.063043
-47.931 85.969 14.7511 -74.064876
-49.3382 85.0184 15.2541 -74.066695
-51.0157 84.5548 15.4912 -74.068498
-52.76 84.3802 15.7377 -74.070277
-54.4766 84.1118 16.1326 -74.072034
-56.1575 83.722 16.5614 -74.07377
-57.6854 83.1665 17.2616 -74.075483
-59.449 83.0129 17.2864 -74.077164
-61.2047 83.1213 17.0316 -74.078813
-62.4985 83.4162 16.057 -74.080432
-64.2493 83.561 15.9695 -74.082016
-65.9938 83.4285 15.6473 -74.083564
-67.7202 83.5173 15.2308 -74.085071
-69.055 83.036 14.2322 -74.086536
-69.8653 82.2066 12.9383 -74.087957
-71.0115 81.258 11.9738 -74.089326
-72.4278 80.4398 11.5445 -74.090647
-73.698 79.222 11.6667 -74.09191
-74.8344 77.8746 11.8888 -74.093111
-76.1909 76.8138 12.1994 -74.094257
-77.7152 76.0674 12.6693 -74.095337
-79.2241 75.3783 13.2714 -74.096349
-80.5771 74.3384 13.7242 -74.097288
-81.948 73.2954 14.1285 -74.098152
-83.3128 72.1963 14.4348 -74.098935
-84.2563 70.7511 14.49 -74.099637
-85.9688 70.3467 14.3507 -74.100251
-87.6869 70.083 14.43 -74.100773
-89.1236 69.3762 14.9056 -74.1012
-90.0942 69.1674 16.3612 -74.101528
-91.4773 68.4273 17.0893 -74.10175
-93.1744 68.4543 17.5737 -74.101864
17.4714 115.5383 -32.7054 -74.013647
18.7181 116.515 -32.6736 -74.014795
19.4474 117.9165 -32.6863 -74.015919
20.2746 119.2604 -32.6312 -74.017022
21.0837 120.5882 -32.4636 -74.018098
21.7758 121.9988 -32.2416 -74.019148
22.3094 123.4582 -32.1155 -74.020169
23.1409 124.8071 -32.0128 -74.021157
23.9385 126.1782 -31.9172 -74.022116
25.0849 127.2066 -31.902 -74.023036
25.7601 127.3047 -33.2559 -74.023927
26.628 127.211 -34.5602 -74.024781
27.4583 127.1967 -35.7592 -74.025587
28.395 127.5305 -34.6253 -74.026348
29.5644 128.205 -33.8463 -74.027059
30.5696 128.6374 -32.8152 -74.027723
32.0051 129.043 -32.2921 -74.028333
33.4128 129.4399 -31.6761 -74.028886
34.7649 130.0848 -31.1622 -74.02938
36.07 130.7044 -30.5266 -74.029811
37.2954 130.2845 -29.7509 -74.030179
38.6668 129.8544 -29.4393 -74.030479
40.0959 129.824 -28.9371 -74.030709
41.6596 129.7812 -29.1527 -74.030866
43.163 129.7557 -29.5887 -74.030946
37.3605 97.6671 -24.1386 -74.01126
38.5247 98.3419 -23.3011 -74.01222
39.4075 98.7958 -22.0704 -74.013155
39.7833 99.3954 -20.6642 -74.014063
39.86 99.407 -19.0804 -74.014951
40.1939 99.8932 -18.7303 -74.015795
40.4963 100.318 -20.2174 -74.016611
41.4643 101.4944 -20.1061 -74.017384
42.3976 102.7119 -19.7798 -74.018117
43.1049 104.0833 -19.5568 -74.018809
44.0865 105.3182 -19.6544 -74.019456
44.7899 106.7249 -19.7113 -74.020056
45.9094 107.8469 -19.694 -74.020607
47.0015 108.9935 -19.6267 -74.021107
47.4874 110.1272 -19.5101 -74.021565
47.4694 110.2183 -21.0953 -74.022009
47.4514 110.3094 -22.6805 -74.022381
47.4334 110.4005 -24.2657 -74.02268
47.4153 110.4915 -25.8509 -74.022905
47.3973 110.5826 -27.4361 -74.023056
47.3793 110.6737 -29.0213 -74.023132
-43.1464 107.2097 -8.6051 -74.041993
-44.2349 108.3552 -9.2701 -74.043879
-45.5183 109.1815 -10.1573 -74.045769
-46.5455 110.332 -10.9218 -74.047661
-47.6198 111.4497 -11.7523 -74.049553
-48.7733 112.6103 -11.9929 -74.051447
-49.0763 114.3515 -11.8794 -74.053342
-49.3422 116.0762 -11.586 -74.055232
-49.7822 117.0822 -10.2937 -74.057125
-50.4256 118.2912 -9.1739 -74.059013
-50.9978 119.2379 -7.7863 -74.060898
-51.2625 120.0244 -6.2601 -74.062782
-51.6654 121.1492 -4.9912 -74.064651
-51.9476 122.7357 -4.2703 -74.066512
-52.5998 124.2212 -3.6393 -74.068361
-53.274 125.7541 -3.0637 -74.070194
-53.9887 127.1954 -2.3704 -74.072013
-53.963 128.1021 -0.9245 -74.073834
-54.6255 128.6873 -0.6995 -74.075643
-55.0557 128.8462 -2.4173 -74.07744
-55.7093 129.6088 -3.8029 -74.079197
-56.3904 130.5701 -3.4395 -74.080933
-57.2397 131.7558 -2.5815 -74.082646
-57.7383 132.4193 -1.0375 -74.084349
-58.1997 132.8604 0.5026 -74.086018
-59.135 134.2149 0.2827 -74.08765
-59.5411 135.9385 0.3726 -74.089246
-60.3211 137.5272 0.4547 -74.090807
-61.5615 138.7924 0.4272 -74.092328
-62.8427 140.0202 0.4049 -74.093811
-63.9756 141.337 0.4784 -74.095251
-65.5415 142.0698 0.6041 -74.096646
-66.8201 143.3029 0.6105 -74.097993
-67.9523 144.6731 0.6097 -74.099323
-69.0106 146.0943 0.6091 -74.100572
-69.7753 147.6531 0.6561 -74.101755
-69.9859 148.4831 2.1055 -74.102887
-70.4429 149.3779 3.3991 -74.10395
-71.6135 150.4383 2.691 -74.104943
-72.4835 151.5429 1.7355 -74.105864
-72.9227 152.8592 2.7049 -74.106713
-72.5877 154.4469 3.3601 -74.107483
-73.0119 156.1489 3.5593 -74.108171
-73.1545 157.8864 3.5882 -74.108772
-74.1953 159.319 3.6169 -74.109282
-74.932 160.9303 3.7174 -74.109699
-75.2192 162.6661 3.8423 -74.110018
-75.4158 163.3004 5.1393 -74.110238
-75.4017 163.5667 6.8972 -74.110351
-50.1374 90.531 -23.3634 -74.040893
-51.2673 90.8857 -22.5511 -74.042664
-52.7159 91.6607 -23.1098 -74.044429
-54.0702 92.6015 -23.357 -74.046194
-55.4386 93.0469 -22.4458 -74.047955
-56.998 93.6059 -21.9041 -74.049713
-58.5673 94.2413 -21.5078 -74.051464
-59.4515 94.8578 -20.2839 -74.053222
-60.3751 95.9904 -19.3491 -74.054958
-61.639 96.317 -18.2753 -74.056687
-62.5765 96.8459 -17.7339 -74.058405
-63.9654 97.6322 -17.7098 -74.060115
-65.6166 98.1559 -17.9424 -74.06181
-67.3141 98.5251 -18.0363 -74.063491
-68.9906 98.999 -17.9141 -74.06515
-70.4527 99.8368 -17.5623 -74.066793
-71.8636 100.5751 -16.8437 -74.068414
-73.2945 101.1084 -16.0241 -74.07001
-74.8032 101.5319 -15.3155 -74.071582
-76.2937 102.0431 -14.7677 -74.073128
-76.9439 103.3194 -13.9021 -74.074645
-77.7853 104.5384 -13.0235 -74.07613
-79.1174 105.4827 -13.5256 -74.077577
-80.5678 106.3785 -13.889 -74.078988
-81.9123 107.4474 -14.0602 -74.080355
-82.892 108.884 -14.1362 -74.081681
-83.7902 110.3676 -14.0768 -74.082965
-84.9748 111.6284 -13.8567 -74.084196
-86.2002 112.6963 -13.3076 -74.085381
-87.0479 113.9279 -12.479 -74.086513
-87.7411 115.4304 -11.9657 -74.087584
-88.823 116.6812 -11.5653 -74.088595
-89.4834 118.0465 -10.8065 -74.089544
-90.0558 119.4566 -9.9504 -74.090426
-90.8226 120.9302 -9.4429 -74.091235
-91.9586 122.2396 -9.3374 -74.091969
-92.8888 123.6775 -9.6286 -74.092625
-93.6083 125.2344 -9.9613 -74.093199
-94.4583 126.6908 -10.3334 -74.093687
-95.6371 127.179 -11.2403 -74.094088
-96.5223 128.3643 -11.7434 -74.094394
-97.3565 129.8343 -11.9607 -74.094602
-98.0187 131.4271 -12.0082 -74.094708
-44.8397 82.3848 -0.1022 -74.058459
-45.6858 82.6745 1.4762 -74.060623
-47.0854 83.466 2.0376 -74.062786
-47.9154 84.1261 0.6038 -74.064967
-48.4536 84.4912 -1.1078 -74.067151
-49.4629 84.7481 -2.3216 -74.069339
-50.8487 85.4683 -2.9272 -74.071537
-51.3634 86.2483 -4.138 -74.073761
-51.1604 85.8865 -5.9031 -74.075987
-51.4147 86.3329 -4.63 -74.078226
-51.3753 86.9211 -3.2026 -74.080454
-51.6511 88.546 -2.6095 -74.082681
-52.0008 89.4665 -3.9264 -74.084929
-52.6137 90.8015 -4.1725 -74.087171
-53.4473 92.4123 -3.9386 -74.089417
-53.8653 94.1635 -3.6555 -74.091665
-53.9519 95.9277 -3.215 -74.093916
-54.3051 97.4953 -2.5507 -74.096169
-54.5625 98.6898 -1.1952 -74.098416
-54.547 99.8234 0.1762 -74.100665
-54.2907 100.3598 1.9096 -74.102918
-54.7709 101.2087 3.4194 -74.105149
-54.4328 101.9413 3.8933 -74.107366
-53.0212 101.1678 3.092 -74.109574
-52.5222 101.109 4.5528 -74.111786
-54.1846 101.7537 4.4499 -74.113973
-55.6576 102.8136 4.5394 -74.116146
-56.499 104.3974 4.7059 -74.118303
-56.8786 106.1716 4.8788 -74.120445
-56.4546 107.8733 4.5587 -74.122567
-55.6814 109.1098 4.4339 -74.124686
-55.7928 109.3656 6.2457 -74.126818
-56.2213 109.7146 7.7986 -74.128878
-55.5336 111.171 7.9788 -74.13091
-57.2605 111.7016 8.1166 -74.132907
-58.1121 113.2561 8.4551 -74.134876
-58.5985 114.919 9.0311 -74.136813
-59.6859 116.036 9.8099 -74.138705
-59.434 116.5435 10.5662 -74.140564
-59.3051 118.1105 11.4366 -74.142379
-59.9415 119.6907 12.0733 -74.144152
-60.8614 121.156 12.3489 -74.145874
-61.607 122.4945 11.39 -74.147549
-62.1797 124.0961 10.8491 -74.149168
-62.6253 125.8486 10.8404 -74.150727
-62.2188 127.4063 11.6395 -74.152225
-61.8461 129.0333 12.3882 -74.153657
-62.5327 130.6886 12.3999 -74.155021
-62.936 132.4579 12.2088 -74.156316
-63.3234 134.2117 11.8803 -74.157538
-63.6303 135.945 11.5157 -74.158681
-63.951 136.5199 9.8435 -74.159748
-64.1784 137.2406 8.1925 -74.160726
-64.0694 138.3872 6.7995 -74.161608
-64.3697 140.0086 6.0583 -74.162398
-64.8732 141.6033 5.322 -74.163087
-65.5178 142.5596 4.0703 -74.163675
-65.7682 143.1976 5.3492 -74.164155
-66.7186 144.3442 5.8832 -74.164522
-67.5125 145.9488 6.0337 -74.164771
-68.2142 147.6123 6.0332 -74.164898
-36.2134 93.2108 29.5751 -74.045996
-36.6635 94.7733 29.8902 -74.047337
-36.9263 96.2364 30.4302 -74.048664
-37.1622 97.773 30.8495 -74.049978
-37.5529 99.3568 31.1525 -74.051279
-37.9173 100.9487 31.3678 -74.052557
-38.3971 102.525 31.406 -74.053819
-38.3118 104.182 31.3802 -74.055057
-38.3833 105.841 31.3619 -74.056271
-38.5184 107.493 31.3513 -74.057461
-38.1793 109.1047 31.3065 -74.058624
-37.694 110.6348 31.1726 -74.059755
-37.4366 112.1749 31.1742 -74.060856
-36.4341 113.3684 31.2349 -74.061928
-35.2673 114.4885 31.1966 -74.062962
-35.1913 116.0244 31.322 -74.063958
-36.1323 117.264 31.8032 -74.064914
-36.1013 118.8174 31.8898 -74.065829
-35.2737 120.1279 31.585 -74.066697
-34.1912 121.3196 31.36 -74.067518
-33.7141 122.9011 31.2289 -74.068286
-33.0667 124.4147 31.1658 -74.069
-32.8786 126.0601 31.1275 -74.069657
-32.0835 127.4884 31.1247 -74.070253
-31.8296 129.12 31.1246 -74.070786
-31.1422 130.5851 30.9859 -74.071253
-30.3228 131.8477 30.3079 -74.071651
-29.6856 132.4849 28.9766 -74.071977
-29.0719 133.0333 27.5676 -74.072228
-28.0844 133.7856 27.8775 -74.072398
-27.152 134.469 28.6173 -74.072485
68.8569 88.73 19.5506 -74.01889
69.4626 89.4871 18.5505 -74.020425
69.8694 90.2922 17.5312 -74.021944
70.1133 90.9732 19.0619 -74.023454
70.2522 92.4115 19.6157 -74.024942
70.8156 93.9888 19.8859 -74.026412
70.9233 95.5529 19.5992 -74.027867
71.3862 97.0655 19.4044 -74.029299
72.5006 98.2929 19.6588 -74.030706
72.7344 99.9408 19.94 -74.032092
72.932 101.5833 19.995 -74.033453
72.4313 103.198 19.9089 -74.034788
71.8799 104.7873 20.0008 -74.036088
71.5282 106.416 19.8144 -74.03736
71.2624 108.037 19.4849 -74.038596
70.3107 109.3594 19.2993 -74.039791
69.2896 110.7156 19.219 -74.040946
68.8552 112.3448 19.1576 -74.042057
68.8224 113.8606 18.9579 -74.043122
69.0085 114.8834 18.0264 -74.044144
68.8524 116.0924 16.8932 -74.045113
69.7271 117.2159 15.9694 -74.04603
70.0973 118.581 15.0882 -74.046887
70.8674 119.2691 13.939 -74.047689
70.3855 118.9765 13.515 -74.048424
69.9666 118.6726 13.3866 -74.049098
70.2125 118.847 11.7059 -74.04971
70.4357 118.9096 10.8982 -74.050238
70.1867 118.7318 12.5649 -74.050693
69.521 118.6003 13.8778 -74.051061
69.0153 119.2849 13.1332 -74.051341
69.8993 119.8704 11.9133 -74.051532
70.2963 119.9515 10.2866 -74.05163
95.5228 3.6634 18.9207 -73.985296
95.9521 3.5018 19.9853 -73.985367
96.3294 3.3373 21.069 -73.985403
-41.3421 222.5153 -25.6062 -74.002118
-42.702 224.1478 -25.2091 -73.999903
-44.2458 225.1088 -24.0553 -73.997679
-45.8189 226.0665 -23.0056 -73.995447
-47.3319 227.1224 -21.9872 -73.993208
-48.8138 228.7344 -21.8003 -73.990961
-50.1281 230.4969 -21.9165 -73.988707
-51.8278 231.7383 -22.0527 -73.986443
-52.8158 233.6774 -22.1145 -73.984168
-53.0724 235.6787 -22.1684 -73.982359
-53.6815 237.6012 -22.215 -73.981023
-54.8336 239.2327 -22.1693 -73.97969
-55.9455 240.9107 -22.1307 -73.978357
-56.8959 242.6769 -22.2538 -73.977025
-57.6448 244.0732 -23.1351 -73.975691
-57.9004 245.3567 -24.6431 -73.974358
-58.5973 247.0318 -25.4177 -73.973028
-59.3933 248.8468 -25.6686 -73.971698
-60.5485 250.492 -25.7129 -73.970369
-62.0102 251.8694 -25.795 -73.969039
-63.5819 251.7041 -25.7766 -73.96771
-65.1861 252.5294 -25.4878 -73.966379
-66.5361 253.7075 -24.6451 -73.965049
-67.4482 255.4346 -24.2826 -73.963718
-68.0616 257.3349 -24.0645 -73.962387
-69.279 258.781 -24.0213 -73.961057
-70.6709 260.1778 -24.061 -73.959727
-71.4436 262.0159 -24.0595 -73.958397
-72.8554 263.4363 -23.888 -73.957068
-74.3055 264.6952 -23.3614 -73.955741
-75.6104 266.0079 -22.6232 -73.954414
-76.4194 267.7709 -22.2236 -73.953085
-77.0046 269.6763 -21.989 -73.951757
-77.6943 271.5617 -21.8675 -73.950432
-78.0414 273.5421 -21.7862 -73.949107
-78.9873 275.301 -21.7403 -73.947783
-80.3424 276.7952 -21.6879 -73.946461
-81.6546 278.3163 -21.6068 -73.945142
-83.1583 279.5974 -21.7854 -73.943825
-84.8953 280.6045 -21.8472 -73.942509
-86.7025 281.4584 -21.6828 -73.941194
-87.8751 282.8646 -21.0904 -73.939881
-89.4892 283.7967 -20.5891 -73.93857
-91.1007 284.9601 -20.5677 -73.937263
-92.4107 286.2858 -21.1453 -73.935957
-94.0557 286.9976 -21.9919 -73.934655
-95.7101 288.0996 -22.2545 -73.933355
-97.3406 289.2852 -22.2657 -73.93206
-98.976 289.9877 -22.9029 -73.930768
-100.2796 290.7986 -23.6291 -73.929479
-101.4799 291.8038 -22.4899 -73.928191
-103.036 292.9887 -22.0284 -73.92691
-104.6892 294.1312 -21.8834 -73.925634
-106.3559 295.2232 -22.151 -73.924361
-107.8941 296.3493 -22.6692 -73.923095
-109.1385 297.4951 -23.597 -73.921832
-110.8652 298.494 -23.4597 -73.920577
-112.4721 299.5248 -23.016 -73.919326
-113.8772 300.6139 -22.2042 -73.918081
-115.339 301.8994 -21.8314 -73.916843
-116.6463 303.427 -21.784 -73.915612
-117.9037 305.0024 -21.8441 -73.914388
-119.0254 306.6607 -22.003 -73.913169
-119.7365 308.5266 -22.2827 -73.911959
-120.0458 309.7921 -21.1758 -73.910749
-120.3335 310.3959 -19.2752 -73.909551
-120.8092 311.2425 -17.5331 -73.908364
-121.3861 312.9361 -16.6595 -73.907186
-122.3666 314.5966 -16.303 -73.906021
-123.445 316.2788 -16.4754 -73.904863
-124.5125 317.8962 -16.7048 -73.903716
-124.8879 318.6378 -14.9021 -73.902572
-124.9811 319.1413 -12.9496 -73.901438
-125.2786 319.7061 -11.0358 -73.900316
-125.7833 320.5605 -9.2875 -73.899211
-126.7853 321.2272 -7.7186 -73.89812
-128.1198 321.7372 -6.5853 -73.897039
-129.5338 322.6762 -5.6435 -73.895972
-130.8033 322.8583 -4.1103 -73.894916
-132.3486 322.5617 -2.9424 -73.893875
-133.5223 321.7567 -2.2514 -73.892848
-134.4075 321.0203 -3.7194 -73.891835
-136.141 320.0633 -3.704 -73.890838
-137.9234 319.2453 -3.5128 -73.889857
-139.8153 319.4438 -3.03 -73.88888
-141.7336 319.7231 -2.5415 -73.887929
-143.2992 318.8382 -1.8198 -73.886998
-143.6324 318.198 -3.1912 -73.886079
-144.6494 318.183 -2.5451 -73.885176
-145.6029 318.7473 -1.0864 -73.884295
-147.1116 319.1677 -0.0827 -73.883433
-149.0143 318.6505 0.3041 -73.88259
-150.835 317.9416 0.6531 -73.881768
-152.6003 318.3043 1.3039 -73.880966
-154.255 319.2248 1.8195 -73.880186
-156.1347 319.0641 1.3765 -73.879427
-157.9479 318.8394 0.6505 -73.878691
-159.8193 318.2421 0.4855 -73.877975
-161.6982 318.4908 0.8126 -73.877284
-163.3502 318.4678 1.946 -73.876615
-164.7917 318.8721 3.1901 -73.87597
-166.0348 318.4651 4.5448 -73.87535
-167.2051 317.7036 5.9108 -73.874755
-168.6856 318.3603 6.972 -73.874186
-170.5746 318.3686 7.6324 -73.873642
-172.4422 318.8037 8.0573 -73.873126
-173.7745 319.4811 7.41 -73.872634
-175.2708 319.8181 6.8918 -73.872171
-176.3866 321.0401 7.8064 -73.871735
-178.1084 321.388 8.4289 -73.871327
-179.8667 322.3331 8.1901 -73.870948
-181.7338 322.9719 7.9865 -73.870598
-183.2047 324.2061 7.6173 -73.870277
-184.6529 324.5109 6.7583 -73.869986
-186.4765 324.882 7.4149 -73.869725
-188.3601 325.5005 7.7542 -73.869495
-190.207 326.2741 7.8586 -73.869296
-191.8555 326.4884 7.2737 -73.869129
-192.3011 326.2807 5.3327 -73.868992
-192.4569 326.3027 3.3202 -73.868886
-192.6127 326.3246 1.3078 -73.868815
-192.7684 326.3466 -0.7047 -73.86878
-53.5618 234.7518 -22.4056 -73.982456
-55.3696 234.7358 -22.9279 -73.98133
-57.1775 234.7198 -23.4502 -73.980224
-58.9758 234.7413 -23.9753 -73.97914
-60.5834 235.6616 -24.1049 -73.978067
-62.2107 236.6032 -24.0421 -73.976996
-63.9306 237.3539 -24.0447 -73.975931
-65.5569 238.2591 -24.1396 -73.974867
-67.3063 238.9314 -24.1596 -73.973811
-68.8366 239.9978 -24.0522 -73.972756
-70.5332 240.314 -23.7713 -73.971706
-72.1779 239.7124 -23.3677 -73.97066
-73.9055 239.067 -23.0743 -73.969619
-75.764 238.9129 -23.0612 -73.968582
-77.5069 238.4311 -23.4834 -73.967549
-79.2728 238.5078 -23.5052 -73.966521
-81.0101 239.1307 -23.2489 -73.965497
-82.8258 239.4159 -22.9537 -73.964478
-84.5254 239.9346 -22.4418 -73.963465
-86.2406 240.0396 -21.7161 -73.962456
-87.8568 239.8217 -20.9364 -73.961452
-89.3552 239.6723 -19.8507 -73.960454
-90.7771 239.8281 -18.7653 -73.959461
-92.3262 239.5258 -18.0598 -73.958475
-94.0855 240.1028 -17.7873 -73.957496
-95.877 240.5966 -17.5579 -73.956523
-97.6988 241.0591 -17.507 -73.955557
-99.53 241.4724 -17.4393 -73.954598
-101.2527 242.1681 -17.1773 -73.953646
-102.8299 242.815 -16.4434 -73.952702
-104.4569 243.5931 -15.9937 -73.951768
-106.2956 243.7075 -16.104 -73.95084
-107.1732 243.8399 -14.6775 -73.949915
-108.3872 244.3725 -13.7017 -73.949003
-109.3454 245.4642 -12.5807 -73.948101
-110.5466 246.5332 -11.6213 -73.947208
-112.0874 247.1 -10.9503 -73.946326
-112.6927 248.1713 -9.7197 -73.94545
-113.85 248.7857 -8.6033 -73.944586
-114.9422 250.1535 -8.2414 -73.943734
-115.3929 251.8689 -7.6387 -73.942892
-116.4822 252.9605 -6.8157 -73.942064
-117.371 253.2374 -5.1806 -73.941247
-118.358 253.8356 -3.7152 -73.940443
-119.4595 254.4678 -2.3971 -73.939653
-120.9563 255.2641 -1.6822 -73.938875
-122.5163 255.9458 -1.0086 -73.938112
-123.9831 256.9071 -0.452 -73.937364
-124.7954 257.8348 0.9161 -73.936629
-125.65 259.0549 2.0473 -73.93591
-126.8265 260.4562 2.1583 -73.935206
-128.2898 261.2032 2.616 -73.934517
-129.0334 261.3894 4.2611 -73.933842
-129.2473 261.2649 6.1105 -73.933161
-129.4022 261.1437 7.9821 -73.932509
-129.5576 261.0229 9.8536 -73.931884
-129.7512 260.9235 11.7229 -73.931262
-129.9463 260.825 13.592 -73.930665
-130.1515 260.7135 15.4586 -73.930097
-130.5488 260.346 17.2477 -73.929548
-131.604 259.0778 18.099 -73.929023
-132.4067 258.2916 19.5872 -73.928518
-133.3932 257.3081 20.8241 -73.928033
-133.8044 256.3522 22.376 -73.92757
-134.6418 255.2368 23.5911 -73.927129
-135.4197 253.8392 24.4892 -73.92671
-135.7 253.4829 26.3153 -73.926311
-136.3101 252.641 27.7577 -73.925938
-136.3201 251.3179 26.4825 -73.925587
-136.8701 249.6435 26.0944 -73.92526
-137.7175 248.1362 25.6627 -73.924958
-137.6045 246.4619 25.1316 -73.924681
-137.2893 245.0053 24.2243 -73.92443
-136.6215 243.4615 23.4192 -73.924204
-135.6446 241.9497 22.8735 -73.924002
-135.3758 240.4199 22.4018 -73.923829
-136.1869 239.3032 23.0344 -73.923684
-136.341 238.0644 24.2021 -73.923566
-136.433 236.6369 25.3143 -73.923477
-136.6008 234.8539 25.6617 -73.923418
-137.1474 233.4458 25.0869 -73.923387
-10.2537 234.1313 -65.7936 -74.014224
-11.9535 235.2244 -65.4206 -74.012737
-13.2513 236.4124 -64.5554 -74.011254
-13.9825 238.2182 -64.0036 -74.009772
-13.9675 239.4333 -65.1657 -74.008289
-14.1745 240.8047 -66.5759 -74.006811
-14.74 242.3781 -67.763 -74.005335
-15.0167 243.3075 -69.5586 -74.003856
-14.9973 244.3966 -71.2899 -74.002382
-15.4806 245.6013 -72.6631 -74.000909
-16.6681 247.206 -72.2066 -73.999438
-17.3029 249.0449 -71.7718 -73.997966
-18.6676 250.382 -71.3338 -73.996495
-19.6799 251.0982 -72.0439 -73.995023
-20.4939 252.2385 -73.4165 -73.993549
-21.5912 252.7618 -72.8895 -73.99221
-21.9596 252.8176 -71.2713 -73.99102
-22.6797 254.2973 -71.5196 -73.989833
-23.6039 255.7577 -72.0067 -73.988648
-24.5721 257.236 -72.2298 -73.987462
-26.0105 258.3101 -72.2446 -73.986278
-27.3761 259.4599 -72.2196 -73.985094
-28.9516 260.3257 -72.2375 -73.983897
-30.5102 261.2195 -72.2945 -73.982715
-31.595 262.5637 -72.7018 -73.981536
-32.6547 263.9941 -72.7006 -73.980357
-33.5598 265.5319 -72.4801 -73.97918
-34.5952 266.9872 -72.4053 -73.978005
-35.2782 268.5959 -72.3691 -73.976829
-36.5462 269.7783 -72.1737 -73.975657
-37.8737 270.872 -71.8225 -73.974487
-38.8876 272.2418 -71.3145 -73.973319
-39.6217 273.7558 -70.7585 -73.972152
-40.6535 274.9959 -70.0158 -73.970989
-42.0534 275.9829 -69.5331 -73.969827
-43.5846 276.8719 -69.3005 -73.968669
-45.0655 277.8565 -69.4958 -73.967513
-45.946 279.1186 -68.7677 -73.96636
-45.8345 280.5644 -67.9551 -73.965209
-46.196 282.2235 -68.3906 -73.964063
-46.2456 283.784 -69.1293 -73.96292
-45.9356 284.9029 -69.4775 -73.96178
-46.3572 283.3243 -69.8414 -73.96064
-47.6385 284.0096 -69.6263 -73.959499
-47.8598 285.27 -68.7781 -73.958367
-47.9763 286.6481 -67.6615 -73.957239
-48.0018 287.8134 -66.394 -73.956114
-49.296 287.3623 -65.4888 -73.954994
-50.1432 286.6731 -64.1653 -73.953882
-50.2434 286.1704 -62.4405 -73.952771
-51.2742 284.9264 -61.8207 -73.95167
-52.8421 284.4426 -61.0987 -73.950576
-53.9107 283.6653 -60.0279 -73.949488
-54.752 283.3629 -58.5184 -73.948404
-55.6511 282.4981 -57.2933 -73.947331
-56.6242 281.93 -56.0196 -73.946267
-57.9991 281.9695 -54.8908 -73.945209
-59.0837 282.3361 -53.8941 -73.944161
-60.0943 282.1643 -52.7677 -73.94312
-61.4419 281.5155 -51.8651 -73.94209
-62.8626 280.827 -51.0501 -73.941069
-64.2795 280.6349 -50.0042 -73.940059
-65.804 280.5238 -49.0693 -73.939059
-66.7885 280.054 -47.7484 -73.938068
-67.9789 279.2336 -46.7905 -73.937088
-68.6552 278.446 -45.3481 -73.936119
-69.0138 277.9753 -43.6489 -73.935162
-69.4167 276.9949 -42.4398 -73.934218
-69.8247 275.5947 -42.5008 -73.933286
-70.268 276.0815 -42.6582 -73.932367
-70.9242 276.409 -41.0457 -73.931455
-71.4032 276.5871 -39.3203 -73.930561
-72.2724 276.7647 -38.0281 -73.929685
-73.2041 276.1685 -36.6914 -73.928823
-74.2918 275.5936 -35.4399 -73.927977
-75.425 274.8456 -34.2803 -73.927146
-76.9255 274.2886 -33.5609 -73.926332
-77.3251 274.3933 -31.9623 -73.925534
-77.3839 274.0953 -31.6173 -73.924746
-77.9259 274.1693 -30.1943 -73.923977
-79.5493 274.0847 -29.6223 -73.923228
-80.9279 274.149 -28.5263 -73.922498
-82.1503 274.2888 -27.2947 -73.921788
-83.1333 274.5631 -25.8399 -73.921096
-83.3586 274.0993 -24.1212 -73.920422
-83.4086 273.3363 -22.4949 -73.919771
-83.5601 272.816 -20.7795 -73.919138
-83.7705 272.4678 -19.0265 -73.918526
-84.0593 272.0789 -17.2937 -73.917938
-84.2893 271.7437 -15.5414 -73.917371
-84.9661 271.1706 -14.2656 -73.916829
-86.4465 270.5588 -13.5443 -73.916312
-87.5224 269.4821 -12.7644 -73.915818
-88.5863 270.2836 -13.3628 -73.915348
-89.344 271.7765 -13.8414 -73.914901
-90.7295 272.8654 -14.017 -73.914474
-92.0012 274.1345 -14.1202 -73.914074
-93.0728 275.5655 -14.188 -73.913703
-94.4803 276.5793 -14.1262 -73.913358
-96.2029 276.3016 -13.7358 -73.91304
-97.8612 276.4416 -13.1634 -73.912749
-99.2225 277.2086 -12.3487 -73.912484
-100.7724 276.7787 -11.5881 -73.912247
-102.4856 276.8416 -11.2384 -73.912038
-104.2435 277.0799 -11.3594 -73.911857
-105.8758 277.7134 -11.5089 -73.911706
-106.978 278.2571 -10.6069 -73.911583
-108.7214 278.4008 -10.5748 -73.91149
-110.1714 278.7473 -11.3411 -73.911428
-111.6618 279.6815 -11.4564 -73.911396
-21.5015 253.5088 -73.309 -73.992693
-22.5942 254.3623 -72.684 -73.992478
-23.4363 255.5756 -72.2611 -73.992283
-23.7952 256.2196 -73.6016 -73.992107
-24.1958 256.9175 -74.8973 -73.991952
-24.5102 257.2028 -76.431 -73.991818
-25.2575 257.9568 -77.5755 -73.991705
-25.9832 258.9049 -78.6121 -73.991615
-26.7351 259.8964 -79.3372 -73.991546
-27.7754 261.0706 -79.3699 -73.991499
-28.1276 262.1418 -78.3341 -73.991476
-14.415 228.9869 -63.4499 -74.015911
-16.1331 229.4489 -63.5343 -74.015062
-17.7421 230.1331 -63.7219 -74.014225
-19.4067 230.7023 -63.8399 -74.013401
-20.8995 231.6241 -63.8754 -74.01259
-22.4197 232.5434 -63.927 -74.01179
-23.9779 232.9794 -64.5409 -74.011003
-25.5926 233.2447 -65.0739 -74.010227
-27.3372 233.3731 -65.393 -74.009463
-29.108 233.4677 -65.4659 -74.008711
-30.8642 233.5427 -65.402 -74.007971
-32.3482 234.4256 -65.4518 -74.007243
-33.9347 234.8444 -64.9779 -74.006527
-35.6107 235.0483 -64.5372 -74.005822
-37.2988 235.2219 -64.5195 -74.005129
-38.3854 235.5894 -65.5655 -74.004446
-39.1438 235.7555 -64.0699 -74.003775
-40.4342 236.3585 -64.9633 -74.003116
-41.6538 237.408 -65.4996 -74.00247
-43.3197 237.9738 -65.7908 -74.001838
-45.0712 238.2644 -65.9288 -74.001218
-46.7994 238.6788 -65.9135 -74.000611
-48.5481 238.9796 -65.7557 -74.000017
-50.2593 239.3638 -65.4708 -73.999437
-51.9541 239.818 -65.3779 -73.99887
-53.6581 240.3081 -65.5616 -73.998317
-55.3649 240.7618 -65.7517 -73.997779
-56.9242 241.5359 -65.9538 -73.997254
-58.6438 241.8319 -66.2728 -73.996746
-59.9936 242.7156 -66.7405 -73.996252
-60.984 243.7818 -67.5294 -73.995773
-62.0855 245.146 -67.6347 -73.995311
-62.592 246.8516 -67.5474 -73.994865
-63.6958 248.1812 -67.3534 -73.994435
-65.3602 248.1365 -67.1819 -73.994022
-66.6185 247.2528 -66.7907 -73.993627
-68.2827 246.701 -66.9975 -73.993247
-69.0056 246.5375 -67.1182 -73.992888
-69.4149 247.1923 -66.2178 -73.992546
-70.5685 248.2104 -65.6787 -73.992223
-72.1021 248.9573 -65.1628 -73.99192
-73.5226 249.8734 -64.6789 -73.991637
-74.9049 250.917 -64.2744 -73.991375
-76.1941 252.0464 -63.8017 -73.991134
-77.6751 252.694 -63.2164 -73.990915
-78.9054 253.7897 -63.1101 -73.990718
-80.0531 255.1107 -63.1909 -73.990544
-81.4092 256.2087 -63.4316 -73.990393
-83.1166 256.5971 -63.7243 -73.990266
-84.8053 256.9649 -63.8465 -73.990163
-86.3232 257.8036 -63.7447 -73.990085
-88.0463 257.7843 -63.4146 -73.990032
-89.5568 258.6367 -63.0658 -73.990006
-79.8558 209.6969 -1.6956 -74.072519
-80.9345 210.9313 -0.8747 -74.071571
-81.8718 212.3265 -0.0936 -74.070632
-83.0145 213.649 0.4105 -74.0697
-83.35 215.4299 0.5242 -74.068776
-84.7236 216.0877 0.5245 -74.067858
-85.8365 216.8501 1.5461 -74.066946
-86.4751 218.3432 2.3648 -74.066045
-87.6889 219.3419 3.0091 -74.065151
-89.3832 219.625 3.5112 -74.064266
-90.5679 220.9942 3.9392 -74.063389
-91.9993 222.1339 4.2769 -74.06252
-93.1066 223.0567 5.3451 -74.061658
-94.2451 224.3484 6.04 -74.060803
-95.1955 225.7846 6.6504 -74.059956
-96.1469 227.1811 6.1703 -74.059119
-97.5307 228.1499 5.5656 -74.058289
-97.6555 229.6726 4.5217 -74.057465
-98.2632 230.7709 4.9578 -74.056648
-99.4213 231.1534 5.7424 -74.055841
-100.7458 231.4122 4.7237 -74.055042
-101.8502 232.6408 4.2535 -74.054251
-103.1436 233.9354 4.0273 -74.05347
-104.4921 234.4164 4.8558 -74.052699
-105.6117 233.6885 5.7966 -74.051932
-106.7274 232.3194 6.4016 -74.051166
-107.441 230.7522 6.8747 -74.050422
-107.4488 229.0255 7.5014 -74.049688
-107.9411 227.3511 8.131 -74.048967
-107.0902 226.8712 8.9862 -74.048255
-106.1496 226.513 10.1833 -74.047546
-105.9516 226.2598 12.0223 -74.046849
-105.4787 225.2922 12.0054 -74.046167
-105.2249 224.5846 10.2988 -74.045497
-104.7784 223.6625 9.5999 -74.044843
-104.7066 222.6921 11.0296 -74.044199
-105.026 220.965 11.6033 -74.043571
-104.6066 219.9029 12.8153 -74.042955
-103.3942 219.8352 14.0764 -74.042353
-104.3073 219.9043 13.553 -74.041766
-105.885 218.9419 13.3792 -74.041193
-107.2676 218.4747 12.6842 -74.040635
-108.1193 218.5469 11.0406 -74.04009
-108.3962 219.4541 11.7193 -74.039563
-109.0143 219.6825 13.4653 -74.03905
-109.7221 219.9831 15.1561 -74.038556
-110.6667 219.9703 16.4989 -74.038081
-112.0003 218.9022 16.8845 -74.037623
-113.4433 217.9794 16.4775 -74.037183
-114.7081 217.1333 15.6968 -74.036763
-115.2947 216.7255 13.9743 -74.03636
-115.5962 216.7912 12.1637 -74.035974
-115.7677 217.1126 10.3327 -74.035609
-115.4309 217.0746 11.1227 -74.035266
-116.1181 217.6962 12.116 -74.034936
-117.3855 218.3763 13.3061 -74.034631
-118.8798 218.8959 14.099 -74.034353
-120.5533 219.5755 14.5055 -74.034097
-122.3465 220.0233 14.7431 -74.033865
-124.1585 220.1151 14.949 -74.033656
-125.565 221.2324 14.8597 -74.033472
-126.6064 222.7478 14.7267 -74.033312
-127.1945 224.5052 14.537 -74.033177
-127.9351 226.1832 14.2547 -74.033068
-129.0224 227.5634 14.5865 -74.032986
-130.1181 229.0198 14.5982 -74.03293
-131.2201 230.4645 14.2522 -74.032902
47.5528 -96.076 13.5667 -73.189003
47.0015 -95.2803 13.5986 -73.189116
46.7344 -94.3274 13.6342 -73.189172
27.7081 -94.2683 18.8592 -73.168633
26.226 -93.6204 19.8024 -73.169247
24.7439 -92.9726 20.7456 -73.169704
23.2618 -92.3248 21.6888 -73.170008
23.8038 -92.3745 21.7835 -73.17016
54.7481 -88.0637 17.871 -73.209918
97.3169 -66.6493 31.3652 -73.249867
99.3506 -67.4491 30.897 -73.25126
101.3843 -68.2489 30.4289 -73.25242
103.4181 -69.0488 29.9607 -73.253349
105.4518 -69.8486 29.4925 -73.254047
104.935 -70.7499 28.9784 -73.254514
104.6139 -70.6388 26.7694 -73.254747
96.937 -66.473 30.8282 -73.249143
44.0154 -65.7095 15.6069 -73.264925
44.0102 -66.3692 14.8486 -73.26502
44.1586 -67.2141 14.3402 -73.265068
-4.665 -9.0685 -0.0051 -73.891455
-3.3078 -10.3003 -0.0154 -73.868621
-1.9532 -11.5348 -0.0257 -73.845781
-0.7426 -12.7803 -0.0459 -73.807759
0.4334 -13.9291 -0.0935 -73.754747
1.4466 -15.2471 -0.185 -73.701838
3.5554 -27.7322 1.4257 -73.622852
8.6107 -41.3653 6.7974 -73.54783
22.8794 -62.2772 10.5055 -73.376655
26.4745 -64.8588 13.9793 -73.350776
29.0535 -67.1183 14.3116 -73.333735
42.1418 -73.5431 16.2509 -73.271519
47.2069 -85.1931 18.1557 -73.220087
44.6639 -89.9679 15.7857 -73.200512
47.7449 -96.3203 13.6398 -73.189859
78.4149 -177.3628 14.5582 -73.088059
95.2227 -265.7699 17.0719 -73.008182
48.1056 -320.1106 18.1187 -72.947577
-10.9476 -383.6056 22.9817 -72.904373
-40.36 -432.7473 17.7175 -72.877072
28.7834 -94.5812 17.274 -73.17067
14.3097 -106.6143 20.8227 -73.147721
2.7577 -126.0427 26.0848 -73.130116
-45.0792 -189.1405 27.4734 -73.093949
30.9775 -170.2053 31.4202 -73.120922
28.3969 -94.5693 18.0599 -73.168702
-40.2348 -104.2908 -5.8163 -73.114143
-111.9958 -139.102 2.509 -73.080678
54.6562 -87.9717 17.7384 -73.210635
111.8824 -135.9529 29.1893 -73.135953
164.8572 -185.7356 20.1853 -73.082701
213.7243 -226.7876 32.011 -73.050128
43.9697 -65.4565 15.7766 -73.265166
45.5333 -62.1584 17.8534 -73.26289
96.2419 -66.2233 31.6259 -73.249061
2.1326 -22.0656 -2.5814 -73.650922
6.2653 -35.3706 6.4938 -73.585502
8.3143 -40.7868 6.7183 -73.517139
15.4942 -50.7521 4.9673 -73.462087
19.5156 -57.7327 7.1557 -73.407279
24.2121 -63.3654 12.9105 -73.363767
27.7984 -65.9637 14.1964 -73.342234
35.2991 -71.3414 15.5234 -73.302832
45.9552 -78.4006 18.2802 -73.245542
45.9541 -87.9136 17.638 -73.210192
46.0845 -93.1486 14.7482 -73.194589
52.1518 -103.9606 11.3242 -73.177822
58.8833 -119.603 12.0998 -73.156221
62.6461 -133.0235 18.7767 -73.135663
68.7987 -150.479 18.27 -73.116219
75.478 -168.4071 16.0379 -73.097779
80.7201 -186.7623 13.7215 -73.078455
86.0397 -202.1519 18.4658 -73.061368
88.9594 -219.8372 14.0604 -73.045204
92.3483 -238.1707 14.3683 -73.030017
94.4112 -256.1543 16.5595 -73.015709
95.282 -267.4858 16.3224 -73.000767
95.3059 -280.3632 10.9397 -72.987601
82.392 -291.8157 13.1552 -72.975266
66.6134 -301.8126 13.5179 -72.963817
55.8832 -314.8401 17.1156 -72.95316
42.621 -325.3136 19.0805 -72.942118
32.9705 -340.7608 23.6528 -72.932474
23.9361 -354.8041 21.203 -72.923589
9.6225 -366.7531 22.7517 -72.915525
-4.6074 -378.3071 21.4152 -72.908187
-16.9731 -389.755 18.9726 -72.900674
-27.5688 -401.1213 14.9527 -72.894206
-39.573 -411.7299 14.9204 -72.888451
-40.6381 -420.4638 25.2112 -72.883483
-40.4069 -426.6412 14.8914 -72.87922
-41.6738 -434.0686 12.5022 -72.875056
-35.1298 -447.795 10.0223 -72.871672
-30.511 -455.7937 6.7671 -72.869012
-26.4654 -460.7911 2.4423 -72.867203
-24.2919 -464.5784 0.2402 -72.866289
37.1249 -94.0849 14.9718 -73.185189
20.7736 -99.7756 22.2184 -73.158903
11.0172 -108.5614 18.7473 -73.144149
5.909 -113.1292 24.1737 -73.138622
4.7649 -121.3499 27.2758 -73.133201
-3.9067 -133.7894 26.1237 -73.125092
-16.2236 -149.0836 26.7198 -73.116512
-17.7909 -159.6216 22.5822 -73.108908
-30.8645 -168.2845 21.4997 -73.102337
-40.3768 -181.2163 24.3391 -73.096708
-50.8898 -195.8899 27.7601 -73.09133
-59.8432 -207.2909 27.0024 -73.087064
-63.453 -209.2381 15.4152 -73.083745
-64.2909 -212.4765 11.1044 -73.081495
-69.7086 -217.4653 14.9612 -73.080361
-1.3141 -131.2728 34.9295 -73.129364
15.7442 -115.5027 24.1983 -73.143298
21.9499 -133.9863 25.1312 -73.136614
26.8898 -147.4387 25.6301 -73.130902
28.6429 -155.1273 32.7495 -73.126239
28.6017 -167.7997 33.6747 -73.122553
33.7647 -170.9041 21.6446 -73.119335
35.3986 -176.6564 11.4651 -73.117075
39.8278 -180.409 -7.3747 -73.115895
28.4843 -94.572 17.6083 -73.169286
24.075 -93.3058 9.4058 -73.161853
15.5128 -90.8025 -8.4542 -73.149646
-0.0475 -89.6597 -13.0268 -73.138396
-13.9393 -94.7328 -4.0497 -73.128175
-31.0534 -101.5497 -4.3571 -73.118895
-48.3446 -108.1087 -4.4853 -73.109497
-60.3769 -111.0796 -1.1234 -73.101494
-77.9711 -113.5102 3.296 -73.094416
-92.0999 -121.9743 4.6219 -73.08834
-105.6825 -132.44 0.8972 -73.083187
-119.8735 -141.3568 5.959 -73.078448
-132.8113 -151.1601 6.979 -73.07481
-147.2952 -155.5423 4.0924 -73.071969
-153.368 -158.2725 7.6335 -73.07004
-168.793 -159.6906 7.6228 -73.069068
50.8433 -86.5895 17.9535 -73.214532
61.2357 -92.3404 14.5899 -73.201638
72.1897 -102.125 21.0158 -73.185479
85.4059 -115.7278 22.6939 -73.170252
96.1046 -123.0147 27.5352 -73.156068
106.3877 -128.7142 28.8233 -73.142845
119.3522 -141.0891 32.8119 -73.129182
133.3865 -151.0456 27.4274 -73.117279
140.4642 -156.8554 25.7903 -73.106314
152.3124 -169.1266 29.8767 -73.096358
161.5491 -182.1636 26.4505 -73.087327
167.3763 -187.9265 20.8501 -73.0782
178.0174 -198.4202 27.7655 -73.070427
190.5879 -201.853 17.5881 -73.06354
198.4764 -209.0366 23.2285 -73.057609
206.4978 -222.3967 29.9785 -73.05256
216.4485 -231.2363 29.6641 -73.047905
219.3592 -241.6667 28.5636 -73.044252
217.6919 -257.4839 32.1794 -73.041399
212.7961 -271.781 39.8533 -73.039459
208.8344 -287.7139 39.3838 -73.038479
43.1478 -69.6198 16.0595 -73.266956
45.0982 -63.5211 16.1223 -73.263996
50.7937 -61.6079 11.0465 -73.260384
63.7547 -58.5312 9.7712 -73.256303
75.049 -60.4617 16.3877 -73.253026
83.0968 -60.7333 25.9161 -73.250673
91.3447 -63.64 26.8113 -73.249284
106.4082 -69.1292 24.6495 -73.24587
123.1559 -72.5629 28.9251 -73.241596
143.1961 -75.9244 28.8652 -73.239452
46.1286 -55.224 14.5026 -73.261414
37.6417 -45.2763 18.4222 -73.259483
22.8448 -43.0894 21.8828 -73.258466
