-0.8015 -1.2678 -0 -72.954822
-3.2062 -5.0715 -0 -72.953394
-5.0765 -8.0299 -0 -72.952424
-6.4123 -10.1429 0.0262 -72.952115
-8.0143 -12.677 0.1283 -72.951677
-8.8146 -13.9429 0.1666 -72.951353
-8.2187 -14.5214 0.2948 -72.951004
-8.7411 -16.3672 0.5247 -72.950083
-10.0309 -17.8905 1.1419 -72.948911
-11.386 -19.3222 1.89 -72.947775
-12.7254 -20.8552 2.392 -72.946702
-14.0432 -22.4116 2.6217 -72.945425
-14.6972 -24.3185 2.0715 -72.943874
-15.5306 -26.234 2.0482 -72.942186
-16.1094 -27.8038 2.3068 -72.940723
-14.7796 -28.9827 3.1257 -72.939494
-13.6062 -30.5844 3.6202 -72.938259
-12.2537 -32.1091 3.9089 -72.937021
-11.1222 -33.7683 4.2796 -72.935777
-10.1932 -35.2295 5.196 -72.934528
-9.3619 -36.7283 6.3117 -72.933273
-8.5851 -38.2492 7.4144 -72.932014
-7.5935 -39.8435 8.2499 -72.930751
-6.8916 -41.4349 9.2193 -72.929476
-6.2727 -43.3267 9.6108 -72.9282
-5.7427 -44.6215 10.9758 -72.926911
-5.2774 -45.3085 12.8612 -72.925616
-4.5701 -46.2857 12.7646 -72.924318
-3.9187 -47.0128 11.0346 -72.923011
-3.487 -47.3534 9.0584 -72.921694
-3.1601 -48.3203 10.2056 -72.920369
-2.5906 -49.7167 11.29 -72.919053
-2.064 -51.2649 10.2609 -72.917727
-1.9023 -53.0628 10.2828 -72.916398
-1.2374 -53.7481 8.8883 -72.915053
-0.2338 -55.4757 8.438 -72.91371
0.9268 -57.1391 8.1846 -72.912361
2.1659 -58.7648 8.26 -72.911006
2.7966 -60.3652 9.2072 -72.909643
3.5606 -62.0815 8.7826 -72.908275
4.1051 -63.9769 8.2533 -72.906898
4.7728 -65.8913 8.0534 -72.905519
5.555 -67.7898 8.1794 -72.904135
5.4215 -69.7319 8.5591 -72.902747
5.3722 -71.1779 9.39 -72.901348
6.6015 -72.8224 9.4344 -72.899947
7.9091 -74.3345 9.4579 -72.898538
9.1469 -75.9691 9.4502 -72.897125
10.0298 -77.8076 9.4917 -72.895709
10.7723 -79.6982 9.5101 -72.894285
12.3735 -80.8411 9.4583 -72.892858
13.4145 -82.6176 9.4397 -72.891425
14.1594 -84.5026 9.6273 -72.889985
14.908 -86.352 10.0263 -72.888541
15.6285 -88.1574 10.421 -72.887093
16.2688 -90.0988 10.1972 -72.885638
16.8061 -92.0324 10.2983 -72.884181
18.0591 -93.5211 10.9131 -72.882719
19.0692 -95.1762 11.592 -72.881253
20.0514 -96.8019 12.3554 -72.879784
20.7986 -98.4251 13.1509 -72.878308
22.3425 -99.643 13.6764 -72.876828
23.1324 -101.4525 13.8694 -72.875345
24.2278 -103.1764 13.8286 -72.873857
25.7948 -104.4654 13.8973 -72.872367
27.3532 -105.7951 13.951 -72.870875
28.4996 -107.4233 13.9547 -72.869378
30.0108 -108.56 13.6639 -72.867876
31.1081 -108.6091 12.0588 -72.866347
29.9694 -109.9097 10.9348 -72.8647
28.8308 -111.2104 9.8109 -72.86309
27.6922 -112.511 8.6869 -72.861519
26.8377 -113.4766 7.7017 -72.859966
28.1153 -111.9666 8.2837 -72.858319
29.3929 -110.4565 8.8658 -72.856712
30.6706 -108.9464 9.4479 -72.855144
31.1787 -108.9746 10.7509 -72.853563
31.0798 -109.3078 12.7833 -72.851977
31.1974 -110.3892 14.0207 -72.850419
31.8589 -112.2436 14.4776 -72.848868
32.2207 -114.0808 14.8897 -72.847316
32.3754 -116.0895 14.7382 -72.845763
33.2282 -117.7627 14.1097 -72.844208
34.0263 -119.6079 13.7086 -72.842655
34.4263 -121.5938 13.4703 -72.841101
34.6735 -123.5948 13.4834 -72.839549
34.4631 -125.6138 13.6554 -72.837998
35.477 -127.1975 13.9548 -72.836453
36.4488 -128.3733 14.9241 -72.834899
36.0423 -130.1872 15.3722 -72.833341
35.1621 -131.5518 15.4371 -72.831792
35.6418 -129.8523 14.8263 -72.830257
35.0348 -128.0619 14.2107 -72.828725
35.5446 -129.8444 14.1534 -72.827195
35.6291 -131.8577 14.0497 -72.825674
34.8485 -133.6181 13.7199 -72.824161
34.2995 -135.3089 12.7219 -72.822654
33.9891 -137.2127 12.2496 -72.821158
34.6951 -139.1364 12.158 -72.819671
34.4342 -141.0719 12.4762 -72.818195
34.9496 -142.8915 13.1328 -72.816727
35.1207 -144.6736 12.8365 -72.815274
36.0553 -146.4708 12.5635 -72.813834
36.5162 -147.9232 11.2272 -72.812402
37.0821 -149.6924 10.5935 -72.810993
38.1845 -151.3675 10.8233 -72.809601
38.9786 -152.5573 11.4668 -72.808225
38.5512 -154.4927 11.7745 -72.806861
38.9845 -156.4817 12.0272 -72.805515
38.8087 -158.4686 12.102 -72.804194
39.4316 -160.3993 12.1561 -72.802897
40.017 -162.1492 11.7738 -72.801622
39.9044 -164.0643 11.3068 -72.800376
40.4166 -165.9089 10.6066 -72.799157
41.3853 -167.5493 10.7632 -72.79797
42.1247 -169.1267 11.6727 -72.796813
42.1485 -170.8263 12.6221 -72.795688
41.2541 -172.1527 13.7028 -72.794603
41.3329 -173.6405 14.3131 -72.793555
41.6008 -174.8677 12.6805 -72.792543
41.8738 -176.7997 12.275 -72.791578
42.7438 -178.5456 11.9564 -72.790658
43.2439 -180.4578 12.0397 -72.789786
43.3656 -182.4295 12.4106 -72.788963
43.6747 -184.2146 13.2717 -72.788191
44.1736 -186.1236 13.8383 -72.787477
44.3535 -187.9066 14.7675 -72.786819
44.8726 -189.5685 15.6922 -72.786222
45.4404 -191.1005 14.5715 -72.785688
46.1386 -192.9259 14.1459 -72.785222
46.6287 -194.8895 13.783 -72.784826
47.9055 -196.4354 13.3908 -72.784503
49.0241 -197.9564 13.467 -72.784255
49.8322 -199.3762 13.2319 -72.784086
51.04 -200.3986 12.0409 -72.784
-16.8109 -27.3553 2.8101 -72.940887
-17.497 -28.3029 4.2038 -72.940007
-18.1984 -29.271 5.5067 -72.939149
-18.2577 -29.3412 3.7473 -72.93815
-18.2679 -29.344 1.9276 -72.937176
-18.2781 -29.3467 0.108 -72.936227
-18.2883 -29.3494 -1.7116 -72.935305
-18.2985 -29.3522 -3.5313 -72.934408
-18.8534 -30.5664 -3.9808 -72.933525
-18.8107 -32.318 -3.8597 -72.932634
-19.3066 -34.0554 -3.7456 -72.931741
-18.9488 -34.5418 -2.2544 -72.93084
-18.3075 -35.7012 -1.0566 -72.929935
-18.003 -37.2922 -0.254 -72.929028
-17.2153 -38.7422 0.5062 -72.928118
-17.2992 -40.1694 1.5541 -72.927203
-17.1185 -41.7267 2.3954 -72.926283
-17.083 -42.8762 3.6698 -72.925355
-17.3639 -44.4413 4.545 -72.924425
-18.2212 -45.6938 5.2818 -72.923496
-18.9632 -46.7735 4.1464 -72.922563
-19.2427 -47.6114 2.5633 -72.92162
-19.7572 -49.1601 2.2576 -72.920683
-20.0441 -50.8741 2.5491 -72.919745
-20.3286 -52.4364 3.2684 -72.918807
-19.8077 -53.8024 3.6098 -72.917866
-19.2008 -54.6661 2.2731 -72.916917
-18.7221 -56.0354 2.9434 -72.915965
-18.7365 -56.729 4.1896 -72.915015
-18.8997 -58.1413 5.2798 -72.914069
-18.8149 -59.8936 5.7078 -72.913126
-18.9822 -61.072 7.0484 -72.912182
-19.3934 -62.5349 8.0119 -72.911247
-19.547 -63.8484 9.0694 -72.910311
-19.5772 -65.5723 8.63 -72.909387
-19.258 -67.3139 8.3405 -72.908468
-19.7508 -69.0603 8.364 -72.90756
-19.9946 -70.8175 8.7102 -72.906657
-19.8037 -72.5539 9.1873 -72.905764
-19.7201 -74.3251 9.5635 -72.904881
-20.2567 -75.9938 9.7611 -72.90401
-19.7758 -77.7066 9.8918 -72.903152
-19.8692 -79.394 10.0722 -72.902308
-20.6153 -80.6503 10.7965 -72.901482
-20.8101 -82.0334 11.1362 -72.900675
-21.8468 -83.2751 10.5156 -72.899888
-22.3598 -84.646 11.4203 -72.899123
-22.8139 -86.2646 12.0203 -72.898382
-22.9433 -87.4114 13.1988 -72.89766
-23.2601 -88.7922 14.1473 -72.89697
-23.5187 -90.5915 14.1567 -72.896314
-23.7693 -92.3875 14.2837 -72.895691
-23.9193 -94.161 14.5659 -72.895102
-24.765 -95.4177 14.2775 -72.894552
-25.6946 -96.5629 13.7452 -72.894044
-26.3361 -98.2508 13.7081 -72.89358
-26.22 -99.6251 14.4174 -72.893155
-26.029 -100.2322 16.1217 -72.892782
-25.98 -100.9366 17.7977 -72.892461
-26.1774 -101.1961 19.58 -72.89219
-26.4133 -101.3806 21.3748 -72.891986
-26.5757 -102.9017 22.0388 -72.891849
-26.565 -104.1061 22.8298 -72.891778
-10.4886 -18.1238 0.6694 -72.94795
-10.4015 -18.057 0.4643 -72.947265
-11.3637 -19.3353 1.4826 -72.946444
-12.4409 -20.4928 2.3203 -72.945473
-13.7335 -21.882 2.6066 -72.94442
-14.3525 -23.4451 1.6476 -72.94336
-14.7639 -24.7529 0.4153 -72.942295
-15.0123 -25.6795 -1.2982 -72.941222
-14.7483 -27.3027 -2.2341 -72.940146
-14.1682 -28.7546 -3.3613 -72.939061
-14.1335 -30.3237 -2.5621 -72.937969
-14.176 -32.0715 -1.7097 -72.936875
-14.076 -33.7889 -0.9359 -72.935775
-13.8862 -35.6563 -1.4771 -72.934669
-13.5408 -37.5381 -1.8551 -72.93356
-12.9254 -39.3671 -2.0095 -72.932441
-12.8947 -41.2639 -2.5483 -72.93132
-12.5093 -43.0891 -2.3969 -72.930192
-11.8636 -44.7358 -1.5183 -72.929053
-11.3409 -46.4019 -0.6056 -72.927909
-11.0233 -47.5467 0.9658 -72.926753
-10.5913 -48.4457 2.6789 -72.925598
-10.1405 -50.0833 3.3431 -72.92444
-10.2934 -51.7904 2.9275 -72.923276
-10.88 -52.8858 1.4404 -72.922101
-11.0363 -54.4811 1.7038 -72.920926
-11.1458 -56.3254 2.378 -72.919744
-10.357 -57.7555 3.4384 -72.918557
-10.1358 -58.8326 4.9901 -72.917363
-10.3077 -60.6124 5.6598 -72.916163
-11.2813 -62.2927 6.0116 -72.914959
-11.7958 -64.1934 6.181 -72.913751
-12.4342 -66.0517 6.3974 -72.912535
-11.9522 -67.7789 6.8906 -72.911314
-11.6762 -69.0382 8.2561 -72.910088
-11.713 -70.0381 9.9612 -72.908858
-11.8555 -70.9146 11.6774 -72.907615
-12.8132 -71.5235 13.2459 -72.906373
-13.5753 -72.2336 12.7301 -72.905127
-14.1638 -73.7043 11.8882 -72.903877
-14.4131 -75.2707 10.815 -72.902625
-13.5782 -77.0011 10.3425 -72.901368
-13.3259 -78.9499 10.1371 -72.900108
-13.3622 -80.9141 10.3308 -72.898846
-14.2376 -82.5066 10.9807 -72.897584
-14.7845 -84.1023 11.9265 -72.896316
-15.3519 -85.4422 12.6525 -72.895045
-15.7865 -86.6616 12.098 -72.89377
-16.5522 -87.7496 13.5364 -72.892494
-17.1687 -89.5648 13.8022 -72.89122
-18.2162 -91.1682 13.885 -72.889944
-19.5493 -92.634 13.9514 -72.888669
-20.3209 -94.4426 13.8656 -72.887394
-21.0095 -96.2837 13.6721 -72.886119
-21.3384 -97.8523 13.9673 -72.884832
-21.6939 -97.8965 15.9193 -72.883532
-22.3276 -98.0602 17.7316 -72.882251
-21.887 -98.9874 16.7979 -72.880962
-22.8153 -99.7306 15.3374 -72.879691
-24.3779 -100.6691 14.7056 -72.878426
-24.3457 -102.6276 14.3888 -72.87717
-24.5768 -104.5617 14.2213 -72.875921
-24.8282 -106.5067 14.2205 -72.874678
-25.0574 -108.4614 14.1941 -72.873445
-25.5558 -110.3378 14.0236 -72.872219
-26.9412 -111.6652 13.5497 -72.871003
-27.6548 -113.1993 12.651 -72.8698
-27.9593 -114.1646 11.0361 -72.868595
-28.3565 -115.3746 10.0919 -72.867421
-29.1471 -116.4978 9.0352 -72.866255
-29.5399 -117.0458 7.1689 -72.865097
-29.9596 -117.6548 5.3281 -72.863964
-30.9613 -118.935 4.5188 -72.862859
-32.1435 -120.2324 4.6581 -72.861773
-32.9363 -121.0473 6.2793 -72.860706
-33.621 -122.2206 7.5953 -72.859668
-33.9105 -123.585 8.7937 -72.858654
-34.4873 -124.3869 10.3397 -72.85767
-35.0405 -125.7656 11.4307 -72.85672
-34.701 -127.6323 11.772 -72.855804
-35.3063 -129.4991 11.9181 -72.854921
-35.9903 -131.3268 11.7835 -72.854078
-37.6819 -132.1342 11.31 -72.853275
-38.5009 -133.4806 10.3217 -72.852514
-38.4967 -134.7419 8.9782 -72.851796
-39.2613 -136.1191 9.0235 -72.85113
-39.6486 -137.8732 9.0943 -72.850515
-40.3927 -139.5578 8.4232 -72.849956
-41.3357 -141.2284 8.0319 -72.849456
-41.7461 -143.1332 7.6854 -72.849016
-42.0138 -145.0056 7.4829 -72.848641
-41.9887 -146.6225 8.5512 -72.848333
-43.1363 -148.1444 8.915 -72.848097
-43.8626 -149.8828 8.3731 -72.847936
-44.926 -151.4033 7.7386 -72.847854
-9.353 -14.8211 0.2731 -72.95085
-11.0559 -15.5864 0.7158 -72.949949
-12.8605 -15.9487 1.177 -72.948836
-14.323 -16.6873 2.6356 -72.946776
-15.6273 -17.7486 4.2904 -72.945049
-16.5612 -19.3299 4.837 -72.944267
-17.0333 -20.2944 6.2453 -72.943388
-17.8874 -21.5361 7.3823 -72.942486
-18.8508 -22.9769 8.1796 -72.941583
-19.5099 -24.5801 8.9543 -72.940672
-19.7318 -25.6734 10.3712 -72.939751
-19.6375 -26.5275 11.987 -72.93882
-20.9183 -27.5166 12.4491 -72.937891
-21.2964 -29.0814 13.3143 -72.936955
-21.83 -30.7644 14.0149 -72.936013
-22.4092 -32.288 14.7504 -72.935064
-23.1716 -32.8787 16.4102 -72.934099
-23.4458 -33.3976 17.1662 -72.933141
-23.9797 -35.1098 17.8018 -72.932175
-25.2888 -36.4276 18.1128 -72.931206
-26.4013 -37.9363 18.2431 -72.930234
-27.2908 -39.5473 18.3867 -72.929255
-28.9068 -40.2841 18.3568 -72.928271
-28.8386 -41.8551 18.071 -72.927282
-30.0593 -43.3052 18.0707 -72.926289
-30.6546 -44.9959 18.2212 -72.925289
-31.4097 -46.5757 18.3297 -72.924285
-32.6885 -47.8644 18.2798 -72.923277
-33.6705 -49.4532 18.3794 -72.922271
-34.3435 -51.1833 18.7706 -72.92126
-35.0428 -52.643 19.7515 -72.920245
-35.9334 -53.9164 20.8542 -72.91923
-36.4958 -55.5633 21.6175 -72.918216
-37.1515 -57.2664 22.1901 -72.917202
-37.503 -58.9135 22.7742 -72.916182
-37.2767 -60.629 23.5408 -72.915161
-38.3487 -62.1152 24.0868 -72.914145
-38.7835 -63.8894 24.6417 -72.913131
-39.0307 -65.5698 25.4324 -72.91212
-39.2448 -67.4312 25.7075 -72.91111
-39.4113 -69.2406 26.1323 -72.910106
-38.2265 -70.1613 27.1367 -72.909106
-37.9293 -71.6381 28.1838 -72.908107
-36.7386 -72.8721 28.5562 -72.907117
-35.4143 -74.1273 28.8617 -72.906138
-33.8413 -75.1427 29.2839 -72.905145
-32.9832 -76.7229 29.5771 -72.904181
-33.6399 -75.092 29.1649 -72.903213
-33.1635 -76.3575 28.5144 -72.902264
-32.6394 -77.9449 29.3953 -72.901329
-31.5586 -79.4236 29.8926 -72.900395
-30.8094 -81.0765 30.3763 -72.899482
-31.5811 -82.6547 30.6865 -72.8986
-31.7168 -84.5489 30.8274 -72.89774
-31.5105 -86.4537 30.8357 -72.896904
-31.5377 -88.3667 30.7633 -72.896094
-31.4829 -90.279 30.6456 -72.895312
-31.9235 -92.1277 30.4947 -72.894562
-32.2806 -93.9944 30.2829 -72.893846
-33.2826 -95.4749 30.073 -72.893164
-34.2923 -96.3147 29.212 -72.892521
-33.7984 -97.5646 29.0456 -72.891915
-33.365 -98.5644 30.3242 -72.891352
-34.9529 -99.5888 30.5864 -72.890838
-35.3561 -101.2379 30.5528 -72.890375
-35.425 -102.1901 29.7785 -72.889964
-35.4381 -103.6106 30.0236 -72.889611
-35.4329 -104.9525 28.8355 -72.889321
-35.4888 -106.6151 28.0477 -72.889098
-35.1318 -108.0258 29.2064 -72.888944
-34.5346 -109.5447 30.0645 -72.888866
-15.445 -16.6758 3.4162 -72.94504
-17.1123 -16.5493 2.7023 -72.944271
-18.8242 -16.1183 2.2844 -72.943403
-20.5247 -15.3962 2.2003 -72.94252
-22.3116 -15.3473 2.4856 -72.941634
-24.0423 -14.9367 2.9859 -72.940737
-25.7912 -14.8802 3.5418 -72.939834
-27.6376 -14.8877 3.7424 -72.938926
-29.4617 -14.8882 3.7168 -72.938013
-31.2202 -15.3922 3.5297 -72.93709
-32.7539 -15.8243 2.9445 -72.936156
-34.0829 -16.2305 1.7975 -72.935219
-35.3566 -17.1047 0.7776 -72.934276
-36.7811 -17.3591 0.0703 -72.933331
-38.4049 -17.2529 0.8951 -72.932382
-40.1857 -16.9717 1.2216 -72.931426
-41.9745 -17.3706 1.348 -72.930465
-43.6645 -17.7288 1.1737 -72.929496
-45.1638 -16.9527 0.472 -72.928524
-46.3865 -16.2335 -0.6264 -72.927544
-48.1583 -16.038 -0.1893 -72.926558
-49.5586 -16.5997 0.7893 -72.925565
-50.6275 -17.7832 1.5574 -72.92457
-52.4581 -17.9497 1.6886 -72.92357
-54.2203 -17.8442 1.1278 -72.922567
-55.6575 -18.4041 0.1681 -72.921558
-57.139 -19.2179 -0.5793 -72.920544
-58.8775 -19.6978 -0.9928 -72.919529
-60.4992 -20.5497 -0.8751 -72.918512
-62.2699 -20.9516 -0.784 -72.917494
-63.9605 -21.4851 -1.2025 -72.916464
-65.769 -21.6468 -1.2364 -72.91544
-67.4074 -21.948 -2.0416 -72.914414
-69.2303 -22.0478 -2.2783 -72.91339
-71.0405 -22.3933 -2.2 -72.912362
-72.76 -22.6876 -1.8978 -72.911337
-74.4248 -22.1245 -1.3042 -72.910313
-75.468 -21.5676 0.0962 -72.909288
-76.805 -21.0117 0.8974 -72.908266
-78.6304 -21.1688 0.7939 -72.907253
-80.2126 -21.6023 1.4208 -72.906243
-81.9055 -21.4802 1.8938 -72.90524
-83.3789 -20.5725 2.4839 -72.904243
-84.8475 -20.092 3.3977 -72.903255
-85.8797 -19.4106 4.4732 -72.902272
-86.9877 -17.9771 4.3817 -72.901304
-88.4094 -16.917 4.436 -72.900348
-89.1332 -16.2863 5.8123 -72.899395
-89.6827 -16.0961 7.5766 -72.89846
-90.6073 -14.9923 8.5732 -72.897549
-91.6573 -14.5236 9.9347 -72.896658
-92.216 -13.6924 11.4126 -72.895779
-93.3323 -12.5367 11.3011 -72.894935
-94.3529 -11.3333 10.4637 -72.894115
-95.9243 -11.359 10.3327 -72.893324
-97.085 -12.6874 10.4076 -72.892563
-98.637 -11.9209 10.4364 -72.891834
-99.8512 -10.5582 10.1484 -72.891144
-101.1467 -9.2581 9.9913 -72.890491
-102.9108 -8.8466 10.0308 -72.889881
-104.2043 -7.6318 10.4372 -72.889319
-105.7848 -7.7377 11.2376 -72.888804
-107.5295 -7.7352 11.7584 -72.888341
-108.7114 -6.5165 12.2914 -72.887935
-108.6826 -5.013 12.9437 -72.887584
-109.4316 -4.9691 14.0337 -72.887296
-110.9911 -5.321 13.2911 -72.887075
-112.3812 -4.7789 12.2565 -72.886924
-113.4541 -4.4164 10.8172 -72.886846
-15.5545 -17.632 4.3033 -72.945097
-16.8149 -18.3686 5.0193 -72.944461
-18.1535 -17.7371 5.9254 -72.943738
-19.3957 -17.6568 7.1162 -72.942998
-20.6245 -17.4395 8.329 -72.942255
-21.4073 -17.0773 9.8446 -72.941502
-22.3291 -16.4593 11.1562 -72.940749
-23.7986 -16.4039 12.1053 -72.939992
-24.636 -16.4397 13.5353 -72.939221
-26.0492 -16.413 14.4153 -72.938455
-26.5091 -16.6788 16.0866 -72.93767
-27.6416 -17.5424 16.452 -72.936897
-28.9683 -17.6171 17.1518 -72.93612
-30.2529 -16.8642 18.0015 -72.935342
-31.8112 -16.9615 18.7079 -72.934557
-32.7125 -16.0015 17.8716 -72.933772
-33.9732 -15.3124 17.8919 -72.932984
-35.5154 -14.9405 18.541 -72.932194
-36.8148 -15.2621 19.6037 -72.9314
-38.1095 -15.3947 20.6532 -72.930609
-39.3709 -15.3085 20.5665 -72.929809
-39.9084 -15.4165 22.2463 -72.929001
-41.4898 -16.1032 22.568 -72.928208
-43.1935 -16.3081 22.9719 -72.927417
-44.8671 -16.1005 23.426 -72.92663
-46.5874 -16.255 23.8037 -72.925842
-48.2806 -16.146 24.1613 -72.925065
-49.8848 -15.6408 24.6252 -72.924292
-51.569 -15.5809 25.1077 -72.923527
-53.1934 -15.8717 25.7123 -72.922771
-54.8397 -16.0518 26.2602 -72.922022
-56.4663 -15.7486 26.8593 -72.92129
-57.6381 -14.8744 27.7621 -72.920571
-58.8394 -13.7889 28.4214 -72.919867
-60.1932 -13.1386 29.3328 -72.919177
-61.8304 -12.6017 29.6751 -72.918508
-63.5039 -12.1508 29.7076 -72.917861
-64.8861 -11.121 29.4315 -72.917237
-65.5954 -10.0293 28.2627 -72.916635
-66.3587 -9.069 29.1123 -72.916061
-67.3994 -7.9254 29.8988 -72.915517
-68.8854 -7.8686 29.963 -72.915006
-70.5505 -7.352 29.9726 -72.914533
-72.0497 -6.4284 30.0037 -72.914097
-73.5599 -5.5098 29.9785 -72.913703
-74.8786 -4.3323 29.9264 -72.913342
-76.2236 -3.1844 29.9023 -72.913042
-77.2186 -1.7362 29.9278 -72.912795
-78.2778 -0.5048 29.7779 -72.912604
-79.9939 -0.3567 29.5292 -72.912473
-81.6519 -0.1123 29.479 -72.912405
-15.2282 -17.1379 4 -72.945371
-15.8134 -17.8487 4 -72.945337
-16.4306 -18.5318 4 -72.94532
-13.8552 -16.3527 0.6773 -72.948154
-6.8126 -12.9962 0.0714 -72.951473
-5.8684 -15.48 0.0572 -72.950668
-5.4058 -18.0693 0.0621 -72.949639
-4.8048 -20.6622 0.1442 -72.948345
-4.2378 -23.1032 0.3354 -72.946741
-4.2185 -23.3173 3.0099 -72.944137
-4.1991 -23.5292 5.6846 -72.941519
-3.9404 -24.0329 8.0609 -72.93894
-2.9465 -26.4423 7.8893 -72.936329
-2.9898 -29.1239 7.9366 -72.933655
-2.8312 -31.7921 8.079 -72.930913
-2.7737 -34.4658 8.0848 -72.9281
-3.1335 -36.1267 6.8772 -72.925166
-2.9668 -36.5649 4.2354 -72.922152
-3.5563 -38.3842 2.8887 -72.919108
-4.3063 -40.3834 1.497 -72.915972
-4.1208 -42.6459 0.2252 -72.912758
-4.2362 -43.7827 0.8959 -72.910197
-3.8312 -43.4159 2.8085 -72.908383
-3.4263 -43.0492 4.7211 -72.906604
-3.0214 -42.6825 6.6338 -72.904858
-2.6164 -42.3158 8.5464 -72.903147
-2.2115 -41.949 10.459 -72.901469
-1.8006 -41.5642 12.3611 -72.899826
-1.0504 -39.8462 12.7392 -72.898149
0.1758 -38.6585 13.5417 -72.896465
1.5902 -38.0395 13.8599 -72.89474
3.2347 -39.0768 14.2093 -72.893007
3.2862 -40.8715 14.6526 -72.891247
3.0921 -42.2179 15.9515 -72.889465
3.289 -43.8273 17.0278 -72.887661
3.7676 -45.0577 18.3989 -72.88582
5.3853 -45.2551 17.5078 -72.883956
6.4565 -45.5185 16.2146 -72.882031
6.4601 -45.5688 14.2263 -72.880073
7.3041 -46.1013 15.3965 -72.878097
7.7212 -46.6728 17.2551 -72.87608
8.2906 -47.8462 18.7417 -72.874051
8.7291 -49.4862 19.2615 -72.872556
9.1255 -50.9461 19.7272 -72.871642
10.0364 -52.2198 19.9693 -72.87073
10.7133 -53.6545 20.0389 -72.869817
11.8089 -54.3454 19.5071 -72.868898
12.1976 -54.6669 17.9921 -72.867978
13.1099 -54.8336 16.8714 -72.867061
13.5838 -54.6626 15.3738 -72.866091
13.6588 -54.6533 13.7788 -72.864987
13.7337 -54.644 12.1838 -72.863918
13.8087 -54.6347 10.5888 -72.862883
13.8837 -54.6254 8.9938 -72.861884
13.9586 -54.6161 7.3988 -72.86092
14.0336 -54.6068 5.8038 -72.859991
14.1085 -54.5975 4.2088 -72.859097
14.1663 -54.5744 2.6132 -72.858105
14.2206 -54.5486 1.0176 -72.857112
14.2749 -54.5228 -0.5781 -72.856157
14.3293 -54.497 -2.1737 -72.855239
14.3836 -54.4712 -3.7694 -72.85436
14.4379 -54.4454 -5.365 -72.853519
13.7113 -55.8095 -5.5929 -72.852702
13.1825 -57.2536 -6.0072 -72.851896
12.9567 -58.7053 -6.561 -72.851104
12.6682 -60.0281 -7.37 -72.850327
12.3514 -61.5353 -7.7387 -72.849567
11.9771 -63.0578 -7.8716 -72.848825
11.7617 -64.6275 -7.7751 -72.848101
11.4655 -65.9109 -8.3481 -72.847397
11.6675 -66.9063 -9.5712 -72.846713
11.728 -68.3207 -9.6289 -72.84605
11.6975 -68.4625 -8.07 -72.845412
11.4235 -69.5735 -7.0162 -72.844805
11.1196 -70.8404 -6.109 -72.844225
11.0275 -71.8722 -4.9846 -72.843672
11.2426 -73.2528 -4.3725 -72.84315
10.7531 -74.6674 -3.9199 -72.842663
10.425 -76.2016 -3.7062 -72.84221
10.77 -77.7411 -3.6532 -72.841792
11.0786 -79.2552 -3.6604 -72.841414
11.425 -80.7723 -3.755 -72.841075
11.2996 -82.2807 -4.0128 -72.84078
11.9706 -83.6675 -4.3963 -72.840529
12.7118 -84.5829 -3.8154 -72.840321
13.1706 -85.4159 -2.5821 -72.840163
13.3664 -86.853 -1.9391 -72.840056
13.3682 -87.667 -0.8755 -72.840001
8.6263 -48.9248 19.7774 -72.872603
8.971 -49.5407 20.9869 -72.871789
9.2099 -51.0475 20.8184 -72.870979
10.0927 -52.2943 20.5532 -72.870176
10.6868 -53.724 20.4404 -72.869379
11.4461 -54.1517 19.6321 -72.868572
11.5442 -54.2966 18.1881 -72.867774
12.9332 -54.8812 18.406 -72.86699
13.2774 -55.294 19.8309 -72.866192
13.7729 -56.2787 20.5319 -72.86542
14.3885 -57.7019 20.5127 -72.864654
15.16 -59.0485 20.6431 -72.863899
15.6443 -60.0525 21.5504 -72.863149
16.2084 -60.988 22.5631 -72.862411
17.2577 -61.2039 23.519 -72.861687
18.4454 -61.8839 23.9975 -72.860978
19.1422 -63.2514 24.2481 -72.860282
19.671 -63.8624 25.3071 -72.85959
20.2623 -64.3588 26.3522 -72.858921
21.638 -65.0559 26.1487 -72.858273
22.7173 -66.1327 25.8633 -72.857605
23.7256 -67.2733 25.5197 -72.85697
24.6112 -68.47 25.1932 -72.856375
24.9681 -69.954 24.971 -72.855806
24.9964 -70.9802 24.2159 -72.855232
24.9684 -71.117 22.6615 -72.854661
24.9404 -71.2538 21.1072 -72.854134
24.9124 -71.3907 19.5528 -72.85365
24.8648 -71.4567 17.9963 -72.853205
24.9221 -71.7069 16.7213 -72.852794
25.4185 -72.6144 17.5247 -72.852407
25.5779 -72.8182 19.0637 -72.852051
25.6724 -73.1458 20.5059 -72.851741
25.5385 -73.7136 21.7923 -72.851461
25.5469 -73.9336 23.3373 -72.851221
25.5553 -74.1535 24.8823 -72.85103
26.4257 -75.2629 24.9859 -72.850885
26.2037 -76.801 24.991 -72.850786
26.3234 -78.3421 25.0702 -72.850736
-4.7208 -44.7161 -0.023 -72.910632
-5.1299 -46.1818 0.6944 -72.909655
-5.3697 -46.9913 2.259 -72.908671
-5.7718 -48.0995 3.5791 -72.907686
-6.3113 -49.4357 4.5711 -72.906696
-6.1052 -51.0319 5.3148 -72.905702
-5.9754 -52.7323 5.8136 -72.904704
-5.3005 -54.3124 6.0843 -72.903701
-5.5666 -55.9139 6.2159 -72.902693
-6.3626 -57.4622 6.4728 -72.901681
-7.4327 -58.7683 6.9386 -72.900664
-8.3123 -60.0607 7.6969 -72.899643
-9.2075 -61.5771 7.5449 -72.89862
-10.0182 -63.1512 7.7642 -72.897593
-10.4982 -64.8336 7.9938 -72.896564
-11.098 -66.494 8.2496 -72.895529
-11.5795 -68.0917 8.8213 -72.894491
-11.4778 -69.48 9.814 -72.893453
-11.3768 -70.9824 10.6772 -72.89241
-11.1615 -72.6665 10.9417 -72.891362
-11.9531 -74.0675 10.3517 -72.890313
-12.2253 -75.2856 9.1163 -72.889262
-12.386 -76.5528 7.8889 -72.888212
-12.4919 -77.8973 6.8778 -72.887158
-12.6418 -79.6702 6.7282 -72.886105
-12.8923 -81.2283 7.3625 -72.88505
-13.0636 -82.0267 8.8276 -72.883986
-12.8375 -83.2389 8.8894 -72.882931
-12.4716 -84.694 8.0205 -72.881876
-12.6797 -85.5671 7.0599 -72.880818
-12.5183 -84.1321 6.1622 -72.879755
-12.5292 -84.0813 7.3739 -72.878692
-11.895 -85.6688 7.8198 -72.877633
-11.5229 -87.2946 8.4116 -72.876579
-10.3324 -88.1124 9.2259 -72.875529
-10.675 -89.8262 9.467 -72.87448
-11.2148 -91.4903 9.7261 -72.873441
-11.4919 -93.2205 9.9224 -72.872409
-11.8689 -94.9605 9.9938 -72.871382
-12.2215 -96.7085 9.9892 -72.870368
-12.5548 -98.4528 9.9031 -72.86936
-13.101 -100.1246 9.6027 -72.868365
-13.6123 -101.6942 9.0552 -72.867379
-14.5178 -102.8115 8.0351 -72.866405
-14.732 -103.8321 6.6289 -72.865441
-14.736 -104.949 5.3416 -72.864489
-14.7897 -105.5564 3.6632 -72.863551
-14.9175 -106.1934 2.0059 -72.862633
-14.8119 -107.3154 0.66 -72.861743
-14.3904 -108.3157 -0.7477 -72.860869
-14.0768 -109.6227 -1.5126 -72.860023
-14.1581 -111.3783 -1.2027 -72.859202
-14.4574 -112.7137 -0.3129 -72.858402
-14.5581 -113.8268 1.0481 -72.857633
-14.5629 -114.7419 2.5821 -72.85689
-14.3372 -115.8187 3.9677 -72.856183
-14.0073 -116.8255 5.38 -72.855508
-13.5104 -118.0936 6.4955 -72.854871
-13.0668 -119.695 6.5246 -72.854272
-12.4966 -121.0534 5.5568 -72.853716
-12.0851 -122.6625 5.1356 -72.853202
-12.5004 -124.2153 4.474 -72.852734
-12.6759 -125.9354 4.076 -72.852316
-13.0189 -127.5669 3.9008 -72.851948
-13.6129 -129.2115 3.7998 -72.851634
-14.5095 -130.7248 3.617 -72.851378
-15.1909 -132.314 3.2206 -72.851182
-16.0458 -133.6469 2.4524 -72.851048
-17.0046 -135.0632 2.0492 -72.850979
-3.6471 -8.0538 -0.0157 -72.952213
-1.3228 -8.9468 -0.0471 -72.951577
0.9314 -9.9936 -0.0832 -72.950893
2.6625 -11.7633 -0.1495 -72.950045
3.884 -13.4015 -0.8686 -72.9487
4.2751 -14.1359 -3.2157 -72.94572
4.6663 -14.8703 -5.5627 -72.942781
5.0575 -15.6047 -7.9097 -72.939882
5.4487 -16.3392 -10.2567 -72.937025
5.5082 -15.6747 -11.481 -72.934874
5.7528 -14.1284 -10.9972 -72.933535
5.1317 -14.013 -9.0503 -72.932157
5.6382 -14.026 -8.2186 -72.930701
7.6439 -14.2766 -7.8039 -72.92922
9.6042 -14.0356 -7.3728 -72.92776
11.4824 -13.5321 -6.7322 -72.926268
12.4397 -13.1153 -5.3274 -72.924739
13.1732 -12.7275 -3.4442 -72.923159
14.0029 -12.5015 -1.5695 -72.921541
14.9232 -12.6143 0.2611 -72.919892
16.0509 -12.8503 1.9217 -72.918205
17.2291 -12.7352 3.6117 -72.91646
18.6969 -13.072 4.9744 -72.914714
20.4387 -12.843 5.9867 -72.912928
22.2399 -12.9948 6.2182 -72.911632
23.7688 -13.3762 5.9788 -72.91086
25.0057 -12.6222 5.3936 -72.910087
26.3571 -12.2571 4.8087 -72.909313
27.8738 -11.9691 4.5669 -72.908536
29.2461 -11.1445 4.4391 -72.90776
30.8012 -10.7714 4.3716 -72.906985
32.3851 -10.5715 4.2891 -72.906211
33.2233 -10.1298 4.9983 -72.905431
34.0663 -9.8024 5.9221 -72.904655
35.5597 -9.845 6.5062 -72.903884
36.9026 -9.7278 7.2501 -72.903112
38.2463 -9.5474 7.9246 -72.902349
39.7277 -9.1425 8.3952 -72.901591
41.1759 -8.7377 8.951 -72.900838
42.5633 -8.3419 9.5488 -72.900089
43.7337 -8.1277 8.583 -72.899348
45.1311 -8.0308 7.9631 -72.898618
46.5242 -8.3092 7.3517 -72.8979
47.4104 -8.3281 6.0274 -72.897187
48.547 -8.1523 4.9694 -72.896492
50.1277 -8.0481 4.8161 -72.895811
51.0302 -8.412 5.9293 -72.895134
52.4231 -8.5023 6.17 -72.894483
53.895 -8.5955 6.6905 -72.893847
54.9911 -8.7652 7.7616 -72.893233
56.4893 -8.9904 7.679 -72.892643
57.587 -10.1308 7.9043 -72.892077
59.0801 -10.6364 8.1455 -72.891535
60.6014 -11.0022 8.4608 -72.891023
61.9959 -11.5958 8.0265 -72.89054
62.9752 -11.9724 7.058 -72.890083
63.4644 -12.0743 5.5381 -72.88966
64.0395 -11.9612 4.047 -72.889269
64.4337 -11.9546 2.4888 -72.888916
64.823 -11.932 0.9297 -72.888607
65.2041 -11.8836 -0.6309 -72.888345
65.5558 -11.8356 -2.1985 -72.888128
65.8976 -11.7879 -3.7682 -72.887963
66.4194 -11.7876 -5.282 -72.887851
66.4944 -12.5596 -6.6605 -72.887794
21.8035 -12.9643 5.5087 -72.911491
22.2928 -12.8975 4.0421 -72.910463
22.782 -12.8307 2.5755 -72.909469
23.2713 -12.7639 1.1089 -72.908507
23.7606 -12.6971 -0.3578 -72.907578
24.2499 -12.6303 -1.8244 -72.906683
24.7391 -12.5635 -3.291 -72.90582
25.2284 -12.4967 -4.7576 -72.904991
25.7177 -12.4299 -6.2242 -72.904195
26.2069 -12.363 -7.6908 -72.903432
26.8935 -12.3131 -8.9994 -72.902696
27.9931 -12.1349 -10.0456 -72.901969
29.4155 -12.0244 -10.5719 -72.901249
30.9321 -12.139 -10.7879 -72.900539
32.4337 -12.4908 -10.7732 -72.899831
33.7283 -13.0404 -10.3346 -72.899135
34.9591 -13.7394 -9.781 -72.898448
36.3049 -14.3754 -9.3611 -72.897769
37.7863 -14.4064 -8.971 -72.897091
38.9765 -14.4204 -8.3072 -72.896426
39.509 -14.5028 -6.8771 -72.895779
40.803 -14.1184 -7.3333 -72.895156
42.1172 -13.7343 -7.9502 -72.894549
43.481 -14.2451 -8.4653 -72.893963
44.8322 -14.6862 -9.0455 -72.893398
46.2199 -15.1571 -9.5418 -72.892854
47.4998 -15.7968 -10.1041 -72.892338
48.4919 -16.341 -10.9949 -72.891845
49.2648 -16.5571 -12.2212 -72.891379
50.6437 -17.0063 -12.5265 -72.890948
52.1626 -17.2199 -12.7123 -72.890548
53.5098 -17.9199 -12.5815 -72.890184
54.8261 -18.5114 -12.0649 -72.889856
56.0144 -19.3898 -11.6485 -72.889569
57.1511 -20.3793 -11.2981 -72.889323
58.5784 -20.83 -11.009 -72.889123
59.5198 -21.3446 -11.6244 -72.888966
59.9152 -21.5013 -13.1121 -72.888859
60.3293 -21.6363 -14.5919 -72.888805
5.542 -17.4481 -11.9734 -72.935089
5.2752 -19.0549 -12.8511 -72.934206
4.5319 -20.5356 -13.6308 -72.933315
4.2842 -21.2679 -12.1504 -72.932404
4.5234 -21.5541 -11.2061 -72.931502
5.0916 -22.5097 -9.9139 -72.930587
5.6355 -23.6108 -8.5295 -72.929667
6.4022 -24.9693 -7.5369 -72.928741
6.6335 -26.3097 -6.3211 -72.927811
7.1852 -27.3717 -7.4784 -72.926868
7.7638 -28.2275 -9.037 -72.925921
9.1599 -28.8455 -10.0123 -72.924977
10.2945 -29.4271 -11.2255 -72.924026
12.0307 -29.9265 -10.7637 -72.923067
13.7255 -30.5864 -10.4924 -72.922105
15.1918 -31.515 -11.0288 -72.92114
16.7178 -31.6949 -12.0524 -72.920169
18.2188 -31.9125 -13.1144 -72.919193
19.9511 -32.1969 -13.7295 -72.918212
21.5074 -33.0418 -14.1745 -72.917192
22.8543 -34.2615 -14.6414 -72.916167
24.0059 -35.5947 -15.1729 -72.915172
24.5296 -37.1036 -15.7174 -72.914174
24.7232 -37.5624 -17.5262 -72.913159
25.1008 -38.2263 -19.2142 -72.912146
26.3789 -39.4506 -19.5884 -72.911143
28.1291 -39.8596 -20.0602 -72.910138
29.3513 -39.6098 -21.3429 -72.909129
30.6809 -38.9744 -22.3478 -72.908118
31.8544 -39.4408 -23.699 -72.907104
32.7072 -40.1312 -24.5207 -72.906092
34.1875 -40.0661 -24.2388 -72.905079
35.3747 -39.954 -25.6606 -72.904065
36.0556 -40.1808 -27.3735 -72.90304
37.1117 -40.5409 -28.8636 -72.902028
37.9499 -40.8975 -30.5002 -72.901019
38.8019 -40.6861 -32.1277 -72.900012
39.8174 -40.5169 -33.6425 -72.899014
40.8901 -40.7217 -35.068 -72.898025
42.5305 -41.61 -35.2384 -72.897044
44.3755 -41.8861 -35.4176 -72.896072
45.9871 -42.2694 -36.0731 -72.895109
47.4878 -43.2765 -36.1873 -72.894139
49.3319 -43.6209 -36.2065 -72.893163
51.1887 -43.712 -36.2324 -72.892229
53.0372 -43.4731 -36.3042 -72.891313
54.8899 -43.6769 -36.497 -72.890416
56.6959 -43.5991 -36.9065 -72.889536
58.2639 -44.1277 -37.6876 -72.888677
59.5341 -44.5902 -38.7803 -72.887833
60.5988 -45.0677 -39.8571 -72.887019
61.8729 -46.2433 -40.1922 -72.886232
63.3313 -46.5896 -41.0735 -72.88547
64.0217 -46.6763 -42.7931 -72.884733
64.5704 -46.7494 -44.583 -72.884029
64.8703 -46.6711 -46.4334 -72.883336
65.1687 -46.5915 -48.2839 -72.882702
65.5964 -46.5388 -50.1097 -72.882107
65.7108 -46.4215 -51.9702 -72.881513
65.6981 -46.2783 -53.8407 -72.88097
65.6854 -46.1351 -55.7113 -72.880498
65.6727 -45.9919 -57.5819 -72.880097
65.7296 -45.7497 -59.4403 -72.879746
65.8135 -45.4694 -61.2934 -72.879462
66.0243 -45.0935 -63.1166 -72.879246
66.1717 -44.6856 -64.9394 -72.879097
66.3305 -44.1781 -66.4646 -72.879021
5.6517 -16.7814 -12.2027 -72.934575
5.689 -16.9607 -13.7308 -72.932698
5.7263 -17.14 -15.259 -72.930861
5.7636 -17.3194 -16.7872 -72.929063
5.8009 -17.4987 -18.3154 -72.927304
5.8383 -17.678 -19.8436 -72.925583
5.8756 -17.8574 -21.3717 -72.923902
5.9129 -18.0367 -22.8999 -72.922259
5.9502 -18.216 -24.4281 -72.920656
5.9875 -18.3954 -25.9563 -72.919091
6.0248 -18.5747 -27.4845 -72.917564
6.0621 -18.754 -29.0126 -72.916077
6.0994 -18.9334 -30.5408 -72.914628
6.1367 -19.1127 -32.069 -72.913217
6.1741 -19.292 -33.5972 -72.911845
6.2114 -19.4714 -35.1254 -72.910512
6.2487 -19.6507 -36.6536 -72.909217
6.286 -19.83 -38.1817 -72.907961
6.3233 -20.0094 -39.7099 -72.906743
6.3606 -20.1887 -41.2381 -72.905563
6.3979 -20.368 -42.7663 -72.904422
6.4352 -20.5474 -44.2945 -72.903319
6.4725 -20.7267 -45.8226 -72.902254
6.5099 -20.906 -47.3508 -72.901228
6.5472 -21.0854 -48.879 -72.90024
6.5845 -21.2647 -50.4072 -72.89929
6.6218 -21.444 -51.9354 -72.898378
6.6591 -21.6234 -53.4635 -72.897504
6.6964 -21.8027 -54.9917 -72.896669
6.7337 -21.982 -56.5199 -72.895872
6.771 -22.1614 -58.0481 -72.895112
6.8083 -22.3407 -59.5763 -72.894391
6.8457 -22.52 -61.1045 -72.893708
6.883 -22.6994 -62.6326 -72.893063
6.9394 -22.8766 -64.1572 -72.892456
8.1498 -22.8799 -64.1006 -72.891872
8.9886 -23.516 -62.989 -72.891301
9.9314 -24.3205 -62.1091 -72.890751
10.5435 -25.411 -61.3105 -72.890217
11.1641 -26.7642 -60.9602 -72.889705
11.7371 -28.177 -61.0516 -72.889218
12.2468 -29.4991 -61.4619 -72.888754
12.6299 -30.7915 -61.1111 -72.888314
13.0367 -32.212 -60.6823 -72.887903
13.4206 -33.6473 -60.2909 -72.887522
13.672 -35.0666 -59.8345 -72.887174
13.7802 -36.5811 -60.0484 -72.886862
13.7177 -38.0731 -60.4184 -72.886587
13.5658 -39.5761 -60.7091 -72.886352
13.3014 -41.0704 -60.6511 -72.886159
13.3571 -42.0105 -59.4467 -72.886009
13.5377 -43.0476 -58.3404 -72.885907
13.6333 -44.0606 -57.3331 -72.885855
-2.4565 -0.91 0.0523 -72.95705
-2.8293 2.667 0.2464 -72.961562
-3.0866 6.216 0.7208 -72.966189
-2.2413 9.6979 1.5153 -72.970951
-0.7404 12.7593 0.9662 -72.975811
0.227 15.8879 -1.0884 -72.981004
0.5524 20.1154 -1.9386 -72.986554
0.4575 24.418 -2.5408 -72.992276
0.4389 27.3767 -5.5178 -72.998187
-0.013 29.9656 -8.7108 -73.004285
-0.1419 14.3216 0.264 -72.978405
0.8616 14.8245 1.2959 -72.979777
2.5303 15.409 3.4469 -72.982373
5.0961 15.9466 3.8822 -72.985104
7.8356 16.5695 3.9069 -72.987996
10.5566 17.2922 4.0994 -72.991018
13.2701 17.9524 4.5537 -72.9942
15.8121 18.8134 4.7988 -72.997545
17.2134 19.7132 4.344 -72.999941
17.5574 19.3689 4.0634 -72.999752
-0.9274 14.3109 0.2417 -72.978317
-2.5488 14.1754 0.0246 -72.977955
-4.1702 14.04 -0.1925 -72.977634
-5.6969 13.9854 -0.1496 -72.977347
-6.0083 14.0245 0.9686 -72.977088
-4.7591 13.8534 0.1003 -72.976857
-4.5248 13.8442 -1.5168 -72.976604
-4.3735 13.8457 -3.1513 -72.976395
-4.2222 13.8471 -4.7858 -72.976236
-4.0708 13.8486 -6.4202 -72.976127
-3.7648 13.9278 -8.018 -72.976065
-3.1571 14.1597 -9.5252 -72.976052
-2.5409 14.9686 -10.6984 -72.976093
-0.6612 32.5013 -8.9792 -73.00813
-1.3441 34.6869 -8.6538 -73.011027
-2.5162 37.7967 -7.959 -73.01542
-4.0883 40.798 -9.2426 -73.019885
-6.1771 43.4321 -10.5669 -73.02442
-7.4526 45.9637 -12.4793 -73.029034
-8.199 48.9959 -14.3148 -73.033778
-8.488 52.2581 -16.0262 -73.03865
-8.9751 55.6713 -17.3793 -73.0436
-8.9724 59.3456 -17.9864 -73.048622
-8.8355 62.9598 -18.9326 -73.053722
-8.1651 65.7964 -21.101 -73.058902
-8.071 69.4931 -21.2598 -73.064155
-8.0725 72.7987 -19.5494 -73.069075
-8.8931 75.9303 -20.6534 -73.073085
-9.8467 77.8663 -22.8286 -73.076581
-10.916 79.9845 -24.8489 -73.080109
-11.8107 82.572 -26.461 -73.08389
-13.9622 85.1541 -28.0376 -73.087921
-15.428 87.4195 -30.0798 -73.092001
-16.2874 89.1284 -32.8169 -73.095485
-17.1302 91.8068 -33.4334 -73.098356
-16.6579 94.7355 -33.3269 -73.101243
-16.2793 97.4317 -32.2507 -73.104142
-16.0966 100.3779 -31.8618 -73.107054
-15.6048 103.2146 -31.8672 -73.110816
-15.0646 104.6984 -30.0846 -73.115437
-14.4099 106.6313 -31.3901 -73.120057
-13.9013 109.3975 -31.7321 -73.124683
-13.1382 112.1018 -31.8855 -73.129315
-12.0288 114.6912 -32.2205 -73.133954
-9.9615 116.491 -32.7147 -73.138595
-8.3964 118.5551 -33.6954 -73.143238
-7.0441 120.3709 -35.2413 -73.147887
-16.3107 103.1222 -31.2609 -73.110929
-17.0106 105.6108 -30.0258 -73.115688
-17.7104 108.0993 -28.7907 -73.120366
-18.4103 110.5878 -27.5556 -73.124962
-19.1321 113.0846 -26.3544 -73.129475
-20.0839 115.6275 -25.7828 -73.133963
-21.6544 117.8269 -26.4818 -73.138457
-22.4041 120.0541 -28.0006 -73.142964
-23.8204 121.9956 -29.2918 -73.147472
-16.2837 88.4956 -30.6847 -73.096661
-16.9057 88.45 -28.8674 -73.101823
-17.5277 88.4044 -27.0501 -73.106919
-18.1496 88.3588 -25.2328 -73.111949
-18.7716 88.3131 -23.4155 -73.11691
-19.3936 88.2675 -21.5982 -73.121802
-20.0155 88.2219 -19.7808 -73.126624
-20.6375 88.1763 -17.9635 -73.131375
-21.2595 88.1307 -16.1462 -73.136054
-21.8814 88.0851 -14.3289 -73.140661
-22.5034 88.0394 -12.5116 -73.145193
-23.1253 87.9938 -10.6943 -73.14965
-23.7473 87.9482 -8.8769 -73.154032
-24.3693 87.9026 -7.0596 -73.158337
-24.9912 87.857 -5.2423 -73.162564
-25.6132 87.8114 -3.425 -73.166712
-26.2352 87.7657 -1.6077 -73.170781
-26.8571 87.7201 0.2096 -73.174769
-27.4791 87.6745 2.0269 -73.178675
-28.1011 87.6289 3.8443 -73.182499
-28.723 87.5833 5.6616 -73.186239
-10.6474 82.0467 -25.97 -73.083077
-9.8973 83.5702 -26.7997 -73.085434
-8.9166 84.4636 -28.1497 -73.08781
-7.9416 85.635 -29.2349 -73.090206
-6.7633 86.7616 -30.2244 -73.092615
-5.9934 87.8877 -31.5 -73.095042
-4.805 89.0805 -31.9871 -73.097483
-4.0074 90.0975 -33.2964 -73.099954
-3.642 91.5318 -34.1524 -73.102427
-3.5504 92.2381 -35.0395 -73.104915
-2.6112 93.3175 -34.37 -73.107422
-1.4138 94.7914 -34.5426 -73.109927
-0.1697 96.0984 -35.117 -73.112441
0.8889 97.112 -35.3375 -73.114965
1.8787 97.6218 -33.8386 -73.117497
3.297 98.6527 -34.2066 -73.120018
4.478 100.1526 -34.2331 -73.122529
5.7259 101.6013 -34.2783 -73.125042
6.9236 103.076 -34.3329 -73.12754
8.2378 104.4594 -34.2789 -73.130028
9.708 105.6324 -34.1824 -73.132495
11.0242 106.9149 -34.1788 -73.134949
12.03 108.5293 -34.2938 -73.137379
12.8387 110.237 -34.4028 -73.139784
13.6986 111.9172 -34.2947 -73.142158
14.9808 113.3035 -34.0183 -73.144496
16.3534 114.5382 -33.5266 -73.146795
-8.0122 74.6652 -19.0128 -73.072481
-7.3733 74.7434 -17.1393 -73.074702
-6.2129 74.8717 -15.5661 -73.076919
-4.6588 75.1485 -14.4836 -73.079148
-2.9313 75.2005 -13.5318 -73.081394
-1.1908 75.5548 -14.025 -73.08366
0.2492 75.4182 -15.2751 -73.085946
1.6994 75.2949 -16.4498 -73.088242
3.456 75.8724 -16.5978 -73.090556
4.909 77.061 -16.0201 -73.092883
6.3489 78.0205 -15.2054 -73.095219
7.6777 78.1558 -16.557 -73.09758
9.1932 78.8939 -17.1669 -73.099944
10.3243 80.3116 -17.9293 -73.102312
11.8031 81.2429 -18.8099 -73.104683
13.3202 82.0201 -19.7154 -73.107058
14.672 82.8734 -20.8357 -73.109431
15.8195 84.0369 -21.4716 -73.111797
17.3968 85.0052 -21.5241 -73.114159
19.1523 85.9091 -21.6233 -73.116513
20.835 86.8367 -21.5731 -73.118853
22.3782 87.6805 -22.4819 -73.121187
23.6336 88.6822 -23.6145 -73.123498
25.3121 89.236 -24.4178 -73.125787
26.9271 90.1776 -25.069 -73.128098
28.5711 91.1435 -25.6063 -73.130406
30.1849 92.1759 -26.0934 -73.132619
31.906 93.0582 -26.3886 -73.134782
33.349 94.3802 -26.2354 -73.136902
34.682 95.7638 -25.7885 -73.138972
36.0698 96.9946 -25.1164 -73.140991
-9.1332 71.1226 -19.9391 -73.069603
-11.2049 71.3971 -19.3463 -73.075158
-12.2503 72.1505 -17.4371 -73.08083
-13.2771 72.9723 -16.3017 -73.086606
-15.0629 74.4381 -16.0237 -73.092481
-17.1889 75.3374 -15.9102 -73.098478
-18.7708 76.7954 -16.5998 -73.104595
-20.2396 77.7578 -18.0502 -73.110844
-21.4318 79.2493 -19.3169 -73.117204
-22.4493 80.8848 -20.0685 -73.122016
-23.644 82.5321 -19.9209 -73.125195
-25.2693 83.8199 -19.7197 -73.128401
-26.4282 85.5474 -19.5741 -73.131639
-27.4271 87.2915 -19.7394 -73.134914
-28.2555 88.0894 -18.5764 -73.138251
-28.4362 88.7812 -16.6121 -73.141634
-28.7184 89.4709 -14.6555 -73.145014
-28.5952 90.5234 -12.9306 -73.148409
-28.0087 92.2281 -11.8717 -73.151827
-28.1824 93.3344 -10.523 -73.15528
-28.881 94.9101 -9.3484 -73.158758
-29.1637 96.6406 -8.2343 -73.162254
-29.7507 98.589 -7.8416 -73.165771
-31.2546 100.014 -7.7767 -73.16931
-32.9856 101.1833 -7.8435 -73.172858
-34.438 102.6859 -7.93 -73.17643
-35.8645 104.1959 -8.077 -73.180015
-37.7492 105.0636 -8.2888 -73.183606
-39.7252 105.5106 -8.4883 -73.187218
-41.4274 106.5542 -8.4275 -73.190846
-22.5697 79.9845 -21.0657 -73.122259
-23.5049 79.5868 -23.0086 -73.125556
-24.7357 79.2357 -23.1851 -73.128541
-26.0186 79.7983 -22.2548 -73.131545
-27.6912 80.6895 -21.9109 -73.134572
-29.3246 81.7314 -21.4655 -73.137621
-31.1306 82.4861 -21.4143 -73.140689
-32.9071 83.2024 -21.5235 -73.14379
-34.8537 83.2248 -21.3716 -73.14691
-36.6622 83.819 -20.8419 -73.150055
-38.0322 83.5029 -19.5874 -73.153229
-39.4902 83.5562 -18.2934 -73.156418
-40.9141 84.0358 -17.0459 -73.159626
-42.4783 85.0996 -16.5078 -73.162842
-44.0118 86.2891 -16.2793 -73.166073
-45.0805 86.8165 -17.3328 -73.169384
-45.3985 87.0849 -19.2874 -73.172685
-46.0085 87.5938 -21.1008 -73.176003
-46.5256 87.8633 -23.0125 -73.17933
-47.0124 88.1443 -24.9307 -73.182666
-48.0466 88.8001 -25.8124 -73.185965
-49.3531 89.8139 -24.8517 -73.189266
-23.4169 79.5945 -22.041 -73.124064
-7.4755 47.1812 -14.128 -73.031647
-6.6397 46.9581 -15.442 -73.032181
-6.0885 47.0624 -16.854 -73.032696
-5.6785 47.4504 -18.3124 -73.033204
-5.0375 48.1975 -19.4234 -73.033699
-4.9376 48.8586 -20.8471 -73.034183
-4.8994 49.5688 -22.2208 -73.034653
-4.8067 50.8524 -23.1201 -73.035104
-4.348 52.1399 -23.896 -73.035557
-3.8636 53.4258 -24.6617 -73.035971
-3.2759 54.7308 -25.2965 -73.036349
-2.6137 56.0992 -25.6637 -73.036695
-1.9972 57.5231 -25.7699 -73.037011
-0.7472 58.4335 -25.8246 -73.037293
0.1834 59.5702 -25.9895 -73.037537
1.0556 60.8294 -26.3063 -73.037738
1.4265 62.1744 -26.9168 -73.037895
1.2466 63.3678 -27.9187 -73.038003
0.8615 64.5278 -28.8693 -73.038059
-1.2039 34.2315 -8.7378 -73.011083
-2.1645 36.692 -8.3921 -73.015566
-3.11 39.1845 -8.3928 -73.020155
-3.9026 40.3411 -6.7187 -73.024859
-4.4638 40.8393 -4.1593 -73.029693
-5.2514 41.2336 -1.6507 -73.034635
-6.4986 41.3875 0.6577 -73.03968
-6.9016 41.3668 3.1344 -73.044873
-8.3244 41.1475 5.0228 -73.050135
-9.0777 42.2825 6.6587 -73.054928
-10.4818 44.1286 6.7312 -73.059214
-12.0542 45.877 6.472 -73.063579
-13.7926 47.4551 6.7415 -73.068029
-14.3287 48.7274 8.6097 -73.07258
-14.2892 50.0448 10.5825 -73.077205
-14.3831 52.2013 11.5125 -73.081906
-15.4653 54.1641 11.5993 -73.086691
-15.9872 56.1264 10.7348 -73.091567
-15.9935 58.493 10.4465 -73.096525
-16.6674 59.2873 8.5547 -73.101604
-17.4698 59.7595 6.3608 -73.106765
-17.8092 61.9411 6.2291 -73.111993
-19.8136 62.8997 6.5069 -73.117331
-21.3274 63.1601 7.9551 -73.122786
-22.8218 64.0013 9.1439 -73.127416
-24.7396 64.6596 9.7419 -73.131178
-25.9313 65.6939 8.2209 -73.134989
-27.3521 67.091 7.1443 -73.138852
-27.8515 68.7801 5.7356 -73.142766
-28.9706 70.1238 4.2552 -73.146721
-29.8302 71.1977 2.3661 -73.150732
-30.5772 72.9481 2.3143 -73.154795
-31.2511 73.9836 4.3225 -73.158901
-31.8836 74.7971 6.3519 -73.163062
-33.4979 76.3178 6.0157 -73.167247
-35.3494 77.7054 5.6794 -73.171473
-36.2359 77.7987 3.4859 -73.175769
-36.823 78.2142 1.2302 -73.180111
-37.2962 78.8752 -1.0041 -73.184491
-38.0777 79.5243 -3.1351 -73.188886
-38.5828 79.8578 -5.4262 -73.193349
-40.1286 80.7679 -6.86 -73.197815
-41.8887 81.3717 -5.9333 -73.202324
-43.201 81.2826 -4.0378 -73.206885
-44.3102 81.7185 -2.0187 -73.211463
-23.2557 64.0561 8.131 -73.126802
-24.9649 64.9635 8.1844 -73.129332
-26.0616 65.9005 8.9001 -73.131936
-26.305 66.1448 10.8713 -73.134581
-26.4364 66.2766 12.8582 -73.137201
-26.7662 66.3845 14.8041 -73.139834
-28.2543 66.3369 15.7942 -73.142477
-29.7596 66.2207 16.7645 -73.14515
-29.8152 66.2528 18.7633 -73.147842
-30.2709 66.9957 19.6957 -73.150547
-31.7156 67.9135 20.4594 -73.153284
-32.1409 69.5247 21.5115 -73.156033
-33.0427 71.1208 22.2483 -73.158787
-33.7682 72.7602 23.0868 -73.16155
-34.714 74.4169 23.6586 -73.164316
-35.5114 76.0162 24.4887 -73.167086
-35.8784 77.7991 25.2812 -73.169864
-36.6919 79.4931 25.9091 -73.172641
-37.5921 81.2366 26.1638 -73.175409
-37.9648 82.9348 26.6532 -73.178188
-38.1232 84.1537 28.0096 -73.180946
-37.4894 85.6297 29.04 -73.183693
-37.0034 87.4849 29.1485 -73.186422
-36.7841 89.4485 29.2879 -73.189222
-36.3959 91.4052 29.448 -73.191991
-9.6387 41.5186 6.3846 -73.053467
-11.2133 41.8239 6.3128 -73.054775
-12.0979 42.4791 4.8865 -73.056111
-13.2557 43.35 3.9751 -73.057455
-14.2423 43.577 2.4577 -73.058817
-15.3556 43.71 1.0276 -73.06019
-15.9894 44.5732 -0.4476 -73.061577
-16.6871 45.12 -2.0478 -73.062974
-17.7188 45.8368 -3.2857 -73.064387
-18.5783 46.8498 -4.5254 -73.065807
-19.9074 47.2662 -5.6939 -73.067235
-21.5852 47.5437 -6.3542 -73.068666
-22.9761 48.6597 -6.3259 -73.070097
-24.3563 49.8697 -6.2079 -73.071532
-25.8552 50.8966 -6.0169 -73.072963
-27.0962 51.9486 -5.4199 -73.074399
-27.9482 52.3876 -3.9646 -73.075836
-29.654 52.5789 -3.9322 -73.07726
-30.6445 52.9077 -5.3714 -73.078679
-32.0441 53.5066 -6.2656 -73.080085
-33.4656 54.634 -6.5349 -73.081474
-34.9544 55.5474 -7.0531 -73.082844
-36.2819 56.6634 -7.6004 -73.084192
-37.6486 57.8611 -7.7756 -73.085519
-38.5034 59.4777 -7.6459 -73.086816
-39.3718 61.0534 -7.2838 -73.088075
-40.2991 62.551 -6.7638 -73.089297
-41.2384 64.045 -6.261 -73.090478
-41.8614 65.6914 -5.7694 -73.091611
-42.4591 67.2851 -5.1652 -73.092693
-43.3383 68.5969 -4.4191 -73.093717
-44.4522 70.0317 -4.1392 -73.094676
-45.5063 71.5345 -4.0501 -73.095568
-46.5569 73.035 -4.1531 -73.096385
-47.8716 74.2263 -4.5515 -73.097122
-48.8625 75.1738 -5.5759 -73.097773
-49.2408 75.7623 -7.2733 -73.098335
-49.4584 77.0985 -8.4631 -73.098795
-49.9501 78.752 -8.946 -73.099151
-51.026 79.8745 -9.2484 -73.099394
-51.28 79.9424 -10.8927 -73.099522
17.7044 20.951 4.9703 -73.001266
18.2015 22.2043 5.6044 -73.0026
18.6985 23.4577 6.2386 -73.003927
19.0912 25.152 6.8819 -73.005601
19.429 27.2733 6.757 -73.007655
20.0937 28.9393 5.4586 -73.009749
20.5192 30.5261 4.0181 -73.011885
21.7848 31.8769 2.8501 -73.014066
22.0977 33.1829 1.0434 -73.016292
23.2662 34.71 0.0406 -73.018552
23.7528 35.2305 -1.9989 -73.020862
24.4415 36.3316 -0.4475 -73.02322
25.2156 37.3871 1.3732 -73.025616
25.5431 38.1412 3.4507 -73.02806
26.3109 39.4951 5.0553 -73.030533
27.3125 40.7429 3.9319 -73.033048
27.6125 41.5008 5.9749 -73.035622
27.8649 42.4672 7.8245 -73.03823
28.5761 44.0126 9.106 -73.04087
29.3017 45.8785 9.8466 -73.043545
29.8444 47.4239 10.9837 -73.046276
29.8427 48.4745 12.9418 -73.049038
30.4043 50.5089 13.6559 -73.051832
32.2661 51.6774 14.0416 -73.054666
33.7432 53.3643 13.9508 -73.057534
35.3704 54.8773 13.6311 -73.060443
36.404 56.7929 13.1328 -73.063388
37.9566 57.9008 12.228 -73.066362
39.1636 59.6692 11.6914 -73.069373
40.7811 61.2139 11.412 -73.07242
42.5407 62.5144 11.7504 -73.075492
43.9242 63.8221 12.81 -73.078601
45.3908 65.165 13.6376 -73.081739
45.9271 67.2097 14.1714 -73.084893
46.6355 69.1359 14.3788 -73.088072
48.3635 70.1089 14.8857 -73.09128
49.6569 71.9103 15.1633 -73.094569
50.9513 73.7475 15.4455 -73.09788
52.8054 74.9337 15.6383 -73.101144
54.7263 75.5702 15.6827 -73.104421
56.0864 76.9982 15.657 -73.107713
57.1449 78.0802 14.4904 -73.111028
58.894 79.349 14.0314 -73.114341
60.9129 80.2627 14.3307 -73.117658
62.6887 81.5896 14.007 -73.120982
64.1912 82.1373 14.8133 -73.124323
65.3934 82.3955 16.5144 -73.127655
66.9021 83.2776 17.6975 -73.130968
67.4164 84.9808 18.6495 -73.134268
68.0681 86.9646 19.2519 -73.137538
18.9087 24.0362 7.1126 -73.004594
19.1476 18.9083 3.9431 -73.000838
20.9905 18.3979 3.8423 -73.002093
22.9152 18.2333 3.6481 -73.003375
24.7758 17.8958 3.3306 -73.004681
26.5871 18.0132 3.1308 -73.006013
28.3023 18.6484 3.6845 -73.007373
29.9424 18.8206 4.6508 -73.008757
31.2866 18.6601 5.9911 -73.010171
32.7096 18.1098 7.1234 -73.011609
34.1103 16.8391 7.543 -73.013071
35.4164 15.4177 7.7072 -73.014559
36.5618 14.0174 7.4707 -73.016071
38.0589 13.6462 6.35 -73.017606
39.8047 13.3092 5.8907 -73.019164
41.5119 12.7068 5.2455 -73.020746
42.8693 12.0614 4.0202 -73.022354
44.4573 11.3345 3.2295 -73.023982
45.9294 10.8303 2.4767 -73.025635
47.1014 10.1377 3.6205 -73.027304
48.3849 9.3089 4.6779 -73.028991
49.394 9.6773 6.2389 -73.030706
50.6478 10.0528 7.6185 -73.032436
51.9327 9.8336 9.0023 -73.034178
53.4883 10.1208 10.104 -73.035932
55.2334 9.8227 9.9071 -73.037698
57.0597 9.924 9.3135 -73.03958
58.8743 9.6526 8.6558 -73.041516
60.689 9.3812 7.9981 -73.043396
62.4959 9.1815 7.3186 -73.045222
64.0964 9.6659 6.3822 -73.047033
65.6128 10.0298 5.5676 -73.048847
66.3879 8.7348 6.61 -73.050667
67.0408 7.9267 8.2378 -73.05248
67.6184 7.3624 10.0083 -73.054297
68.2214 6.7991 11.7671 -73.056108
68.8557 6.3245 13.5452 -73.0579
69.5936 6.0215 15.3177 -73.059688
70.6128 5.6939 16.9232 -73.061448
71.846 5.1297 18.3139 -73.063175
73.446 5.6128 19.1551 -73.064883
75.1394 5.1362 19.9892 -73.066587
76.7792 5.1163 20.887 -73.068227
78.3203 5.541 21.9782 -73.069831
79.5543 6.0354 23.1887 -73.071391
80.477 6.477 24.7608 -73.072894
82.1371 6.4027 25.3832 -73.074343
83.992 6.8997 25.7174 -73.075731
85.8702 6.8251 26.0726 -73.077054
87.7509 6.7088 26.4848 -73.078304
89.6348 6.7028 26.6547 -73.079472
91.0074 6.4378 25.4152 -73.080552
92.1971 6.0461 24.0228 -73.081542
93.1627 5.5053 22.7795 -73.082453
93.4181 5.3578 20.8527 -73.083254
93.6827 5.205 18.9277 -73.083933
93.9559 5.0473 17.0042 -73.084486
94.7999 4.5071 17.8661 -73.0849
-1.9865 16.2264 -10.9822 -72.976176
-1.6114 17.3396 -11.0385 -72.976234
-1.1973 18.2526 -10.4886 -72.97628
-0.4899 18.8695 -10.968 -72.976312
0.4947 18.656 -11.4238 -72.976328
-5.9486 122.6202 -36.4545 -73.152539
-4.8563 124.4889 -38.1946 -73.157192
-3.4433 126.1431 -39.8024 -73.161838
-2.2407 128.597 -40.3971 -73.166472
-1.5188 131.295 -40.1613 -73.171101
-1.6696 134.0734 -40.2753 -73.175718
-2.517 136.7345 -40.7076 -73.180324
-3.2762 139.4376 -41.1589 -73.184916
-4.1563 142.1305 -41.3938 -73.18949
-4.9956 144.8475 -41.5126 -73.194045
-4.2109 147.46 -41.641 -73.198573
-3.9407 150.1251 -41.6099 -73.203081
-3.8535 152.9656 -41.6389 -73.207556
-3.8797 155.8081 -41.7765 -73.212006
-3.362 158.4701 -41.8809 -73.216425
-3.9026 161.1882 -41.8597 -73.220808
-4.6546 163.8938 -41.7416 -73.225153
-4.458 166.7321 -41.7051 -73.229455
-4.7248 169.4267 -41.9823 -73.233714
-5.9516 171.9513 -42.4086 -73.237926
-6.8697 174.6164 -42.5236 -73.242086
-7.1469 177.3942 -42.5991 -73.246194
-8.5483 179.5426 -43.6297 -73.250244
-9.0965 181.9163 -44.9846 -73.254243
-9.3572 184.5276 -45.8738 -73.258169
-10.3037 185.8819 -45.5629 -73.260985
-12.6165 185.7411 -44.527 -73.262659
-14.6492 185.7303 -43.1953 -73.264221
-16.2496 187.2653 -42.1906 -73.265686
-17.9145 189.1431 -41.8854 -73.267057
-19.4479 191.0685 -41.5909 -73.268329
-21.0169 192.9475 -41.0017 -73.269499
-22.4125 194.4386 -40.3024 -73.270564
-23.7068 195.9472 -39.0039 -73.271519
-25.0392 197.7028 -39.8911 -73.27236
-25.8175 200.0563 -40.2799 -73.273081
-26.6369 201.4551 -41.5533 -73.273681
-27.5289 202.2594 -40.2727 -73.274152
-29.472 203.3638 -40.3713 -73.27449
-31.4096 204.4733 -39.3932 -73.27469
-31.9894 205.4816 -37.1556 -73.274747
-32.896 206.6385 -35.2063 -73.274656
-33.7738 206.9925 -32.8727 -73.274411
-35.326 208.2821 -31.3862 -73.274007
-36.5537 210.18 -30.3332 -73.273439
-37.6503 212.1937 -29.5135 -73.272701
-38.7499 214.0475 -28.2022 -73.271785
-38.8366 216.2339 -27.1303 -73.270686
-39.8429 217.9451 -25.6872 -73.269398
-40.3547 220.3663 -25.6679 -73.267914
-9.0607 186.6005 -47.0068 -73.261197
-8.6412 188.5188 -48.1723 -73.263321
-7.9227 189.8909 -49.7878 -73.265372
-7.3389 191.2666 -51.5099 -73.267345
-6.8689 192.8579 -53.067 -73.269232
-6.5717 194.5306 -54.6272 -73.271035
-6.699 195.7688 -56.5782 -73.272751
-6.6007 197.3796 -57.9455 -73.274371
-5.361 198.4457 -59.4593 -73.275895
-4.0706 199.0919 -61.2062 -73.277319
-2.56 200.3359 -61.9713 -73.278633
-1.1767 202.1203 -62.473 -73.279838
0.1257 203.765 -63.1817 -73.280928
0.5779 205.9809 -62.9411 -73.2819
1.7705 207.8999 -62.7909 -73.282749
1.7806 210.0234 -63.3852 -73.283471
1.251 212.0868 -62.5412 -73.284059
0.3882 214.2228 -62.3899 -73.284509
-0.4598 216.2968 -62.9067 -73.284815
-1.2479 218.4121 -63.4146 -73.284972
-2.0973 220.5416 -63.7457 -73.284974
-3.4118 222.4275 -63.923 -73.284816
-5.2388 223.8332 -64.0726 -73.284492
-7.0057 225.2983 -64.337 -73.283996
-8.1122 227.0393 -64.9339 -73.283319
-8.3675 229.0243 -65.402 -73.282612
-8.7031 230.7886 -65.6689 -73.28194
-9.2813 232.5101 -65.8231 -73.281148
-9.2237 228.2929 -64.8468 -73.28278
-10.9382 228.5001 -64.259 -73.282415
-12.6565 228.7042 -63.682 -73.281906
-25.5183 124.0162 -29.3962 -73.151651
-26.4756 125.8583 -28.1987 -73.155505
-27.6755 127.8327 -27.6028 -73.159356
-27.9279 128.8492 -29.077 -73.16321
-28.5728 129.8586 -27.39 -73.167076
-29.4951 131.5172 -26.0388 -73.170913
-30.3172 133.5583 -25.0126 -73.174742
-30.9903 134.755 -23.0132 -73.178561
-31.8576 136.0757 -21.167 -73.182365
-32.9249 137.8539 -19.8699 -73.18615
-34.7749 138.8966 -19.3111 -73.189922
-36.3176 139.9122 -18.0849 -73.193667
-37.4604 141.3871 -16.8864 -73.19739
-38.6623 143.1941 -16.0632 -73.201092
-40.1691 144.5551 -14.9429 -73.204773
-41.2877 146.3296 -14.9203 -73.208428
-42.5778 148.1549 -14.027 -73.212048
-43.9866 149.9737 -13.1872 -73.215627
-45.0144 151.7833 -12.0503 -73.219171
-45.5532 153.8159 -10.8393 -73.222677
-46.3861 156.0367 -10.2537 -73.22614
-46.9837 158.3901 -9.9517 -73.229552
-47.8117 160.6751 -9.7756 -73.232919
-49.0447 162.6915 -9.706 -73.236229
-50.015 164.9082 -9.8518 -73.239484
-51.5234 166.8379 -9.9384 -73.242679
-52.9161 168.8061 -9.9279 -73.245811
-54.0733 170.9215 -9.7859 -73.248877
-55.7453 172.652 -9.5467 -73.251872
-57.6094 174.1497 -9.6472 -73.254793
-59.246 175.273 -8.9172 -73.257637
-60.6519 176.3429 -7.7572 -73.260398
-61.8971 178.3631 -7.4187 -73.263073
-62.7492 180.6081 -7.5045 -73.265659
-63.9736 182.7158 -7.7021 -73.268146
-65.2308 184.8141 -7.6187 -73.27053
-66.7492 186.7003 -7.6491 -73.272807
-68.417 188.4651 -7.7574 -73.274974
-69.4591 190.6092 -7.7695 -73.277022
-69.6776 192.1396 -9.5531 -73.278955
-70.6232 193.0213 -8.854 -73.280781
-70.9662 193.1386 -6.4297 -73.28247
-71.4596 193.5338 -4.0639 -73.284015
-72.1758 195.2071 -3.9513 -73.2854
-73.6159 196.7389 -5.1111 -73.286629
-74.8609 198.522 -6.148 -73.287697
-75.7426 199.5734 -7.6936 -73.288599
-75.3694 199.5725 -10.1146 -73.289337
-74.4019 199.6256 -11.6143 -73.289883
-73.8016 200.0979 -9.3728 -73.290238
-74.5843 201.3776 -7.8285 -73.290392
-75.66 202.8847 -6.3385 -73.290338
-76.7569 204.7933 -5.2692 -73.290067
-77.7876 206.5222 -4.0466 -73.289569
-78.7815 208.5213 -3.0989 -73.288836
-29.3228 87.5393 7.4141 -73.189764
-29.9005 87.4969 9.1019 -73.193085
-30.4781 87.4545 10.7898 -73.196331
-31.0558 87.4122 12.4776 -73.199502
-32.2782 87.1841 13.3671 -73.202614
-33.8866 86.6278 13.8875 -73.20573
-35.2533 87.1539 14.4242 -73.208845
-35.8481 87.8038 15.3321 -73.211952
-36.8463 86.9864 16.4788 -73.215058
-38.3951 86.3544 16.7879 -73.21815
-40.0436 86.842 16.4412 -73.221229
-41.676 86.6973 15.7688 -73.224298
-43.0795 86.67 14.6822 -73.22735
-44.7397 86.6061 14.8133 -73.230382
-46.2784 86.3685 14.6265 -73.233394
-47.931 85.969 14.7511 -73.236379
-49.3382 85.0184 15.2541 -73.23934
-51.0157 84.5548 15.4912 -73.242273
-52.76 84.3802 15.7377 -73.245166
-54.4766 84.1118 16.1326 -73.248022
-56.1575 83.722 16.5614 -73.250843
-57.6854 83.1665 17.2616 -73.253624
-59.449 83.0129 17.2864 -73.256353
-61.2047 83.1213 17.0316 -73.259027
-62.4985 83.4162 16.057 -73.261652
-64.2493 83.561 15.9695 -73.264219
-65.9938 83.4285 15.6473 -73.266725
-67.7202 83.5173 15.2308 -73.269165
-69.055 83.036 14.2322 -73.271535
-69.8653 82.2066 12.9383 -73.273831
-71.0115 81.258 11.9738 -73.276045
-72.4278 80.4398 11.5445 -73.278177
-73.698 79.222 11.6667 -73.280216
-74.8344 77.8746 11.8888 -73.282154
-76.1909 76.8138 12.1994 -73.284
-77.7152 76.0674 12.6693 -73.285741
-79.2241 75.3783 13.2714 -73.287369
-80.5771 74.3384 13.7242 -73.288881
-81.948 73.2954 14.1285 -73.290271
-83.3128 72.1963 14.4348 -73.291529
-84.2563 70.7511 14.49 -73.292656
-85.9688 70.3467 14.3507 -73.293642
-87.6869 70.083 14.43 -73.294479
-89.1236 69.3762 14.9056 -73.295163
-90.0942 69.1674 16.3612 -73.295688
-91.4773 68.4273 17.0893 -73.296044
-93.1744 68.4543 17.5737 -73.296226
17.4714 115.5383 -32.7054 -73.148858
18.7181 116.515 -32.6736 -73.150704
19.4474 117.9165 -32.6863 -73.152509
20.2746 119.2604 -32.6312 -73.154279
21.0837 120.5882 -32.4636 -73.156006
21.7758 121.9988 -32.2416 -73.157689
22.3094 123.4582 -32.1155 -73.159325
23.1409 124.8071 -32.0128 -73.160909
23.9385 126.1782 -31.9172 -73.162443
25.0849 127.2066 -31.902 -73.163915
25.7601 127.3047 -33.2559 -73.165341
26.628 127.211 -34.5602 -73.166706
27.4583 127.1967 -35.7592 -73.167994
28.395 127.5305 -34.6253 -73.169209
29.5644 128.205 -33.8463 -73.170344
30.5696 128.6374 -32.8152 -73.171403
32.0051 129.043 -32.2921 -73.172375
33.4128 129.4399 -31.6761 -73.173256
34.7649 130.0848 -31.1622 -73.174042
36.07 130.7044 -30.5266 -73.174729
37.2954 130.2845 -29.7509 -73.175313
38.6668 129.8544 -29.4393 -73.175791
40.0959 129.824 -28.9371 -73.176156
41.6596 129.7812 -29.1527 -73.176405
43.163 129.7557 -29.5887 -73.176532
37.3605 97.6671 -24.1386 -73.142761
38.5247 98.3419 -23.3011 -73.144296
39.4075 98.7958 -22.0704 -73.145791
39.7833 99.3954 -20.6642 -73.147242
39.86 99.407 -19.0804 -73.148661
40.1939 99.8932 -18.7303 -73.150009
40.4963 100.318 -20.2174 -73.151312
41.4643 101.4944 -20.1061 -73.152544
42.3976 102.7119 -19.7798 -73.153712
43.1049 104.0833 -19.5568 -73.154815
44.0865 105.3182 -19.6544 -73.155844
44.7899 106.7249 -19.7113 -73.1568
45.9094 107.8469 -19.694 -73.157677
47.0015 108.9935 -19.6267 -73.158471
47.4874 110.1272 -19.5101 -73.159199
47.4694 110.2183 -21.0953 -73.159903
47.4514 110.3094 -22.6805 -73.160493
47.4334 110.4005 -24.2657 -73.160967
47.4153 110.4915 -25.8509 -73.161324
47.3973 110.5826 -27.4361 -73.161564
47.3793 110.6737 -29.0213 -73.161684
-43.1464 107.2097 -8.6051 -73.194204
-44.2349 108.3552 -9.2701 -73.197293
-45.5183 109.1815 -10.1573 -73.200386
-46.5455 110.332 -10.9218 -73.203482
-47.6198 111.4497 -11.7523 -73.206577
-48.7733 112.6103 -11.9929 -73.209674
-49.0763 114.3515 -11.8794 -73.212771
-49.3422 116.0762 -11.586 -73.215859
-49.7822 117.0822 -10.2937 -73.218949
-50.4256 118.2912 -9.1739 -73.222031
-50.9978 119.2379 -7.7863 -73.225107
-51.2625 120.0244 -6.2601 -73.22818
-51.6654 121.1492 -4.9912 -73.231228
-51.9476 122.7357 -4.2703 -73.234261
-52.5998 124.2212 -3.6393 -73.237273
-53.274 125.7541 -3.0637 -73.240258
-53.9887 127.1954 -2.3704 -73.243217
-53.963 128.1021 -0.9245 -73.24618
-54.6255 128.6873 -0.6995 -73.249123
-55.0557 128.8462 -2.4173 -73.252043
-55.7093 129.6088 -3.8029 -73.254897
-56.3904 130.5701 -3.4395 -73.257715
-57.2397 131.7558 -2.5815 -73.260496
-57.7383 132.4193 -1.0375 -73.263259
-58.1997 132.8604 0.5026 -73.265965
-59.135 134.2149 0.2827 -73.26861
-59.5411 135.9385 0.3726 -73.271195
-60.3211 137.5272 0.4547 -73.273722
-61.5615 138.7924 0.4272 -73.276183
-62.8427 140.0202 0.4049 -73.278582
-63.9756 141.337 0.4784 -73.280909
-65.5415 142.0698 0.6041 -73.283162
-66.8201 143.3029 0.6105 -73.285337
-67.9523 144.6731 0.6097 -73.287484
-69.0106 146.0943 0.6091 -73.289498
-69.7753 147.6531 0.6561 -73.291405
-69.9859 148.4831 2.1055 -73.293228
-70.4429 149.3779 3.3991 -73.294939
-71.6135 150.4383 2.691 -73.296537
-72.4835 151.5429 1.7355 -73.298018
-72.9227 152.8592 2.7049 -73.299382
-72.5877 154.4469 3.3601 -73.300618
-73.0119 156.1489 3.5593 -73.301722
-73.1545 157.8864 3.5882 -73.302686
-74.1953 159.319 3.6169 -73.303504
-74.932 160.9303 3.7174 -73.304172
-75.2192 162.6661 3.8423 -73.304682
-75.4158 163.3004 5.1393 -73.305035
-75.4017 163.5667 6.8972 -73.305215
-50.1374 90.531 -23.3634 -73.192379
-51.2673 90.8857 -22.5511 -73.195276
-52.7159 91.6607 -23.1098 -73.198163
-54.0702 92.6015 -23.357 -73.201048
-55.4386 93.0469 -22.4458 -73.203926
-56.998 93.6059 -21.9041 -73.206798
-58.5673 94.2413 -21.5078 -73.209657
-59.4515 94.8578 -20.2839 -73.212526
-60.3751 95.9904 -19.3491 -73.215358
-61.639 96.317 -18.2753 -73.218177
-62.5765 96.8459 -17.7339 -73.220977
-63.9654 97.6322 -17.7098 -73.223762
-65.6166 98.1559 -17.9424 -73.226522
-67.3141 98.5251 -18.0363 -73.229258
-68.9906 98.999 -17.9141 -73.231958
-70.4527 99.8368 -17.5623 -73.234629
-71.8636 100.5751 -16.8437 -73.237263
-73.2945 101.1084 -16.0241 -73.239857
-74.8032 101.5319 -15.3155 -73.242409
-76.2937 102.0431 -14.7677 -73.244916
-76.9439 103.3194 -13.9021 -73.247377
-77.7853 104.5384 -13.0235 -73.249784
-79.1174 105.4827 -13.5256 -73.252129
-80.5678 106.3785 -13.889 -73.254414
-81.9123 107.4474 -14.0602 -73.256625
-82.892 108.884 -14.1362 -73.258771
-83.7902 110.3676 -14.0768 -73.260845
-84.9748 111.6284 -13.8567 -73.262834
-86.2002 112.6963 -13.3076 -73.264748
-87.0479 113.9279 -12.479 -73.266574
-87.7411 115.4304 -11.9657 -73.268302
-88.823 116.6812 -11.5653 -73.269931
-89.4834 118.0465 -10.8065 -73.271459
-90.0558 119.4566 -9.9504 -73.272878
-90.8226 120.9302 -9.4429 -73.27418
-91.9586 122.2396 -9.3374 -73.27536
-92.8888 123.6775 -9.6286 -73.276413
-93.6083 125.2344 -9.9613 -73.277336
-94.4583 126.6908 -10.3334 -73.278119
-95.6371 127.179 -11.2403 -73.278761
-96.5223 128.3643 -11.7434 -73.279252
-97.3565 129.8343 -11.9607 -73.279585
-98.0187 131.4271 -12.0082 -73.279755
-44.8397 82.3848 -0.1022 -73.215539
-45.6858 82.6745 1.4762 -73.219114
-47.0854 83.466 2.0376 -73.222686
-47.9154 84.1261 0.6038 -73.226289
-48.4536 84.4912 -1.1078 -73.229892
-49.4629 84.7481 -2.3216 -73.233503
-50.8487 85.4683 -2.9272 -73.237129
-51.3634 86.2483 -4.138 -73.240797
-51.1604 85.8865 -5.9031 -73.244468
-51.4147 86.3329 -4.63 -73.248157
-51.3753 86.9211 -3.2026 -73.251827
-51.6511 88.546 -2.6095 -73.255495
-52.0008 89.4665 -3.9264 -73.259196
-52.6137 90.8015 -4.1725 -73.262885
-53.4473 92.4123 -3.9386 -73.266581
-53.8653 94.1635 -3.6555 -73.270278
-53.9519 95.9277 -3.215 -73.273979
-54.3051 97.4953 -2.5507 -73.277682
-54.5625 98.6898 -1.1952 -73.281372
-54.547 99.8234 0.1762 -73.285066
-54.2907 100.3598 1.9096 -73.288763
-54.7709 101.2087 3.4194 -73.292424
-54.4328 101.9413 3.8933 -73.296061
-53.0212 101.1678 3.092 -73.29968
-52.5222 101.109 4.5528 -73.303305
-54.1846 101.7537 4.4499 -73.30689
-55.6576 102.8136 4.5394 -73.310446
-56.499 104.3974 4.7059 -73.313979
-56.8786 106.1716 4.8788 -73.317483
-56.4546 107.8733 4.5587 -73.320952
-55.6814 109.1098 4.4339 -73.324416
-55.7928 109.3656 6.2457 -73.3279
-56.2213 109.7146 7.7986 -73.331265
-55.5336 111.171 7.9788 -73.334581
-57.2605 111.7016 8.1166 -73.33784
-58.1121 113.2561 8.4551 -73.341051
-58.5985 114.919 9.0311 -73.344208
-59.6859 116.036 9.8099 -73.34729
-59.434 116.5435 10.5662 -73.350318
-59.3051 118.1105 11.4366 -73.353271
-59.9415 119.6907 12.0733 -73.356156
-60.8614 121.156 12.3489 -73.358954
-61.607 122.4945 11.39 -73.361677
-62.1797 124.0961 10.8491 -73.364305
-62.6253 125.8486 10.8404 -73.366835
-62.2188 127.4063 11.6395 -73.369265
-61.8461 129.0333 12.3882 -73.371587
-62.5327 130.6886 12.3999 -73.373797
-62.936 132.4579 12.2088 -73.375894
-63.3234 134.2117 11.8803 -73.377871
-63.6303 135.945 11.5157 -73.379719
-63.951 136.5199 9.8435 -73.381445
-64.1784 137.2406 8.1925 -73.383023
-64.0694 138.3872 6.7995 -73.384448
-64.3697 140.0086 6.0583 -73.385722
-64.8732 141.6033 5.322 -73.386832
-65.5178 142.5596 4.0703 -73.387779
-65.7682 143.1976 5.3492 -73.388553
-66.7186 144.3442 5.8832 -73.389142
-67.5125 145.9488 6.0337 -73.389543
-68.2142 147.6123 6.0332 -73.389747
-36.2134 93.2108 29.5751 -73.194441
-36.6635 94.7733 29.8902 -73.196635
-36.9263 96.2364 30.4302 -73.198805
-37.1622 97.773 30.8495 -73.200953
-37.5529 99.3568 31.1525 -73.203077
-37.9173 100.9487 31.3678 -73.205164
-38.3971 102.525 31.406 -73.207223
-38.3118 104.182 31.3802 -73.209242
-38.3833 105.841 31.3619 -73.211221
-38.5184 107.493 31.3513 -73.213158
-38.1793 109.1047 31.3065 -73.215051
-37.694 110.6348 31.1726 -73.216892
-37.4366 112.1749 31.1742 -73.218683
-36.4341 113.3684 31.2349 -73.220424
-35.2673 114.4885 31.1966 -73.222103
-35.1913 116.0244 31.322 -73.22372
-36.1323 117.264 31.8032 -73.225271
-36.1013 118.8174 31.8898 -73.226753
-35.2737 120.1279 31.585 -73.22816
-34.1912 121.3196 31.36 -73.229489
-33.7141 122.9011 31.2289 -73.230731
-33.0667 124.4147 31.1658 -73.231886
-32.8786 126.0601 31.1275 -73.232947
-32.0835 127.4884 31.1247 -73.233909
-31.8296 129.12 31.1246 -73.234769
-31.1422 130.5851 30.9859 -73.235522
-30.3228 131.8477 30.3079 -73.236163
-29.6856 132.4849 28.9766 -73.236688
-29.0719 133.0333 27.5676 -73.237092
-28.0844 133.7856 27.8775 -73.237365
-27.152 134.469 28.6173 -73.237505
68.8569 88.73 19.5506 -73.140376
69.4626 89.4871 18.5505 -73.142826
69.8694 90.2922 17.5312 -73.14525
70.1133 90.9732 19.0619 -73.147659
70.2522 92.4115 19.6157 -73.150033
70.8156 93.9888 19.8859 -73.152375
70.9233 95.5529 19.5992 -73.154693
71.3862 97.0655 19.4044 -73.156975
72.5006 98.2929 19.6588 -73.159216
72.7344 99.9408 19.94 -73.161422
72.932 101.5833 19.995 -73.163587
72.4313 103.198 19.9089 -73.165709
71.8799 104.7873 20.0008 -73.167777
71.5282 106.416 19.8144 -73.169797
71.2624 108.037 19.4849 -73.171761
70.3107 109.3594 19.2993 -73.173658
69.2896 110.7156 19.219 -73.175491
68.8552 112.3448 19.1576 -73.177254
68.8224 113.8606 18.9579 -73.178943
69.0085 114.8834 18.0264 -73.180562
68.8524 116.0924 16.8932 -73.182098
69.7271 117.2159 15.9694 -73.183549
70.0973 118.581 15.0882 -73.184906
70.8674 119.2691 13.939 -73.186174
70.3855 118.9765 13.515 -73.187335
69.9666 118.6726 13.3866 -73.188401
70.2125 118.847 11.7059 -73.189368
70.4357 118.9096 10.8982 -73.190201
70.1867 118.7318 12.5649 -73.19092
69.521 118.6003 13.8778 -73.191499
69.0153 119.2849 13.1332 -73.19194
69.8993 119.8704 11.9133 -73.192242
70.2963 119.9515 10.2866 -73.192396
95.5228 3.6634 18.9207 -73.085119
95.9521 3.5018 19.9853 -73.085229
96.3294 3.3373 21.069 -73.085285
-41.3421 222.5153 -25.6062 -73.266339
-42.702 224.1478 -25.2091 -73.264867
-44.2458 225.1088 -24.0553 -73.263385
-45.8189 226.0665 -23.0056 -73.261896
-47.3319 227.1224 -21.9872 -73.2604
-48.8138 228.7344 -21.8003 -73.258896
-50.1281 230.4969 -21.9165 -73.257385
-51.8278 231.7383 -22.0527 -73.255866
-52.8158 233.6774 -22.1145 -73.254338
-53.0724 235.6787 -22.1684 -73.253133
-53.6815 237.6012 -22.215 -73.252257
-54.8336 239.2327 -22.1693 -73.251381
-55.9455 240.9107 -22.1307 -73.250506
-56.8959 242.6769 -22.2538 -73.249632
-57.6448 244.0732 -23.1351 -73.248757
-57.9004 245.3567 -24.6431 -73.247883
-58.5973 247.0318 -25.4177 -73.24701
-59.3933 248.8468 -25.6686 -73.246139
-60.5485 250.492 -25.7129 -73.245269
-62.0102 251.8694 -25.795 -73.244399
-63.5819 251.7041 -25.7766 -73.24353
-65.1861 252.5294 -25.4878 -73.242661
-66.5361 253.7075 -24.6451 -73.241793
-67.4482 255.4346 -24.2826 -73.240925
-68.0616 257.3349 -24.0645 -73.240059
-69.279 258.781 -24.0213 -73.239194
-70.6709 260.1778 -24.061 -73.23833
-71.4436 262.0159 -24.0595 -73.237468
-72.8554 263.4363 -23.888 -73.236608
-74.3055 264.6952 -23.3614 -73.235749
-75.6104 266.0079 -22.6232 -73.234892
-76.4194 267.7709 -22.2236 -73.234034
-77.0046 269.6763 -21.989 -73.233179
-77.6943 271.5617 -21.8675 -73.232326
-78.0414 273.5421 -21.7862 -73.231475
-78.9873 275.301 -21.7403 -73.230626
-80.3424 276.7952 -21.6879 -73.229779
-81.6546 278.3163 -21.6068 -73.228935
-83.1583 279.5974 -21.7854 -73.228093
-84.8953 280.6045 -21.8472 -73.227254
-86.7025 281.4584 -21.6828 -73.226416
-87.8751 282.8646 -21.0904 -73.22558
-89.4892 283.7967 -20.5891 -73.224747
-91.1007 284.9601 -20.5677 -73.223917
-92.4107 286.2858 -21.1453 -73.223089
-94.0557 286.9976 -21.9919 -73.222264
-95.7101 288.0996 -22.2545 -73.221442
-97.3406 289.2852 -22.2657 -73.220624
-98.976 289.9877 -22.9029 -73.219808
-100.2796 290.7986 -23.6291 -73.218995
-101.4799 291.8038 -22.4899 -73.218185
-103.036 292.9887 -22.0284 -73.217379
-104.6892 294.1312 -21.8834 -73.216576
-106.3559 295.2232 -22.151 -73.215777
-107.8941 296.3493 -22.6692 -73.214983
-109.1385 297.4951 -23.597 -73.214191
-110.8652 298.494 -23.4597 -73.213405
-112.4721 299.5248 -23.016 -73.212622
-113.8772 300.6139 -22.2042 -73.211843
-115.339 301.8994 -21.8314 -73.211069
-116.6463 303.427 -21.784 -73.2103
-117.9037 305.0024 -21.8441 -73.209536
-119.0254 306.6607 -22.003 -73.208775
-119.7365 308.5266 -22.2827 -73.20802
-120.0458 309.7921 -21.1758 -73.207266
-120.3335 310.3959 -19.2752 -73.20652
-120.8092 311.2425 -17.5331 -73.20578
-121.3861 312.9361 -16.6595 -73.205046
-122.3666 314.5966 -16.303 -73.204321
-123.445 316.2788 -16.4754 -73.2036
-124.5125 317.8962 -16.7048 -73.202886
-124.8879 318.6378 -14.9021 -73.202173
-124.9811 319.1413 -12.9496 -73.201467
-125.2786 319.7061 -11.0358 -73.200768
-125.7833 320.5605 -9.2875 -73.20008
-126.7853 321.2272 -7.7186 -73.1994
-128.1198 321.7372 -6.5853 -73.198726
-129.5338 322.6762 -5.6435 -73.19806
-130.8033 322.8583 -4.1103 -73.197401
-132.3486 322.5617 -2.9424 -73.196751
-133.5223 321.7567 -2.2514 -73.196109
-134.4075 321.0203 -3.7194 -73.195476
-136.141 320.0633 -3.704 -73.194852
-137.9234 319.2453 -3.5128 -73.194237
-139.8153 319.4438 -3.03 -73.193624
-141.7336 319.7231 -2.5415 -73.193027
-143.2992 318.8382 -1.8198 -73.192441
-143.6324 318.198 -3.1912 -73.191862
-144.6494 318.183 -2.5451 -73.191293
-145.6029 318.7473 -1.0864 -73.190736
-147.1116 319.1677 -0.0827 -73.19019
-149.0143 318.6505 0.3041 -73.189656
-150.835 317.9416 0.6531 -73.189133
-152.6003 318.3043 1.3039 -73.188622
-154.255 319.2248 1.8195 -73.188124
-156.1347 319.0641 1.3765 -73.187639
-157.9479 318.8394 0.6505 -73.187166
-159.8193 318.2421 0.4855 -73.186706
-161.6982 318.4908 0.8126 -73.18626
-163.3502 318.4678 1.946 -73.185827
-164.7917 318.8721 3.1901 -73.185409
-166.0348 318.4651 4.5448 -73.185005
-167.2051 317.7036 5.9108 -73.184617
-168.6856 318.3603 6.972 -73.184244
-170.5746 318.3686 7.6324 -73.183886
-172.4422 318.8037 8.0573 -73.183546
-173.7745 319.4811 7.41 -73.183221
-175.2708 319.8181 6.8918 -73.182913
-176.3866 321.0401 7.8064 -73.182623
-178.1084 321.388 8.4289 -73.18235
-179.8667 322.3331 8.1901 -73.182096
-181.7338 322.9719 7.9865 -73.181861
-183.2047 324.2061 7.6173 -73.181645
-184.6529 324.5109 6.7583 -73.181448
-186.4765 324.882 7.4149 -73.181271
-188.3601 325.5005 7.7542 -73.181115
-190.207 326.2741 7.8586 -73.18098
-191.8555 326.4884 7.2737 -73.180866
-192.3011 326.2807 5.3327 -73.180772
-192.4569 326.3027 3.3202 -73.180699
-192.6127 326.3246 1.3078 -73.180651
-192.7684 326.3466 -0.7047 -73.180627
-53.5618 234.7518 -22.4056 -73.253171
-55.3696 234.7358 -22.9279 -73.252379
-57.1775 234.7198 -23.4502 -73.251602
-58.9758 234.7413 -23.9753 -73.250838
-60.5834 235.6616 -24.1049 -73.250081
-62.2107 236.6032 -24.0421 -73.249325
-63.9306 237.3539 -24.0447 -73.248573
-65.5569 238.2591 -24.1396 -73.247821
-67.3063 238.9314 -24.1596 -73.247074
-68.8366 239.9978 -24.0522 -73.246328
-70.5332 240.314 -23.7713 -73.245585
-72.1779 239.7124 -23.3677 -73.244844
-73.9055 239.067 -23.0743 -73.244107
-75.764 238.9129 -23.0612 -73.243373
-77.5069 238.4311 -23.4834 -73.242642
-79.2728 238.5078 -23.5052 -73.241915
-81.0101 239.1307 -23.2489 -73.24119
-82.8258 239.4159 -22.9537 -73.24047
-84.5254 239.9346 -22.4418 -73.239754
-86.2406 240.0396 -21.7161 -73.23904
-87.8568 239.8217 -20.9364 -73.238331
-89.3552 239.6723 -19.8507 -73.237626
-90.7771 239.8281 -18.7653 -73.236925
-92.3262 239.5258 -18.0598 -73.236229
-94.0855 240.1028 -17.7873 -73.235538
-95.877 240.5966 -17.5579 -73.234852
-97.6988 241.0591 -17.507 -73.23417
-99.53 241.4724 -17.4393 -73.233494
-101.2527 242.1681 -17.1773 -73.232823
-102.8299 242.815 -16.4434 -73.232158
-104.4569 243.5931 -15.9937 -73.2315
-106.2956 243.7075 -16.104 -73.230846
-107.1732 243.8399 -14.6775 -73.230194
-108.3872 244.3725 -13.7017 -73.229552
-109.3454 245.4642 -12.5807 -73.228916
-110.5466 246.5332 -11.6213 -73.228287
-112.0874 247.1 -10.9503 -73.227665
-112.6927 248.1713 -9.7197 -73.227047
-113.85 248.7857 -8.6033 -73.226438
-114.9422 250.1535 -8.2414 -73.225837
-115.3929 251.8689 -7.6387 -73.225243
-116.4822 252.9605 -6.8157 -73.224658
-117.371 253.2374 -5.1806 -73.22408
-118.358 253.8356 -3.7152 -73.223511
-119.4595 254.4678 -2.3971 -73.222952
-120.9563 255.2641 -1.6822 -73.222401
-122.5163 255.9458 -1.0086 -73.22186
-123.9831 256.9071 -0.452 -73.221328
-124.7954 257.8348 0.9161 -73.220806
-125.65 259.0549 2.0473 -73.220294
-126.8265 260.4562 2.1583 -73.219792
-128.2898 261.2032 2.616 -73.219299
-129.0334 261.3894 4.2611 -73.218817
-129.2473 261.2649 6.1105 -73.218329
-129.4022 261.1437 7.9821 -73.21786
-129.5576 261.0229 9.8536 -73.217411
-129.7512 260.9235 11.7229 -73.216963
-129.9463 260.825 13.592 -73.216532
-130.1515 260.7135 15.4586 -73.21612
-130.5488 260.346 17.2477 -73.215722
-131.604 259.0778 18.099 -73.21534
-132.4067 258.2916 19.5872 -73.214971
-133.3932 257.3081 20.8241 -73.214617
-133.8044 256.3522 22.376 -73.214278
-134.6418 255.2368 23.5911 -73.213954
-135.4197 253.8392 24.4892 -73.213645
-135.7 253.4829 26.3153 -73.213351
-136.3101 252.641 27.7577 -73.213074
-136.3201 251.3179 26.4825 -73.212814
-136.8701 249.6435 26.0944 -73.212571
-137.7175 248.1362 25.6627 -73.212345
-137.6045 246.4619 25.1316 -73.212139
-137.2893 245.0053 24.2243 -73.211951
-136.6215 243.4615 23.4192 -73.211781
-135.6446 241.9497 22.8735 -73.211629
-135.3758 240.4199 22.4018 -73.211499
-136.1869 239.3032 23.0344 -73.21139
-136.341 238.0644 24.2021 -73.211301
-136.433 236.6369 25.3143 -73.211234
-136.6008 234.8539 25.6617 -73.211188
-137.1474 233.4458 25.0869 -73.211165
-10.2537 234.1313 -65.7936 -73.280174
-11.9535 235.2244 -65.4206 -73.279141
-13.2513 236.4124 -64.5554 -73.278107
-13.9825 238.2182 -64.0036 -73.277072
-13.9675 239.4333 -65.1657 -73.276033
-14.1745 240.8047 -66.5759 -73.274995
-14.74 242.3781 -67.763 -73.273956
-15.0167 243.3075 -69.5586 -73.272914
-14.9973 244.3966 -71.2899 -73.271874
-15.4806 245.6013 -72.6631 -73.270832
-16.6681 247.206 -72.2066 -73.269791
-17.3029 249.0449 -71.7718 -73.268749
-18.6676 250.382 -71.3338 -73.267706
-19.6799 251.0982 -72.0439 -73.266663
-20.4939 252.2385 -73.4165 -73.265618
-21.5912 252.7618 -72.8895 -73.264672
-21.9596 252.8176 -71.2713 -73.263835
-22.6797 254.2973 -71.5196 -73.263
-23.6039 255.7577 -72.0067 -73.262167
-24.5721 257.236 -72.2298 -73.261335
-26.0105 258.3101 -72.2446 -73.260504
-27.3761 259.4599 -72.2196 -73.259673
-28.9516 260.3257 -72.2375 -73.258835
-30.5102 261.2195 -72.2945 -73.258008
-31.595 262.5637 -72.7018 -73.257183
-32.6547 263.9941 -72.7006 -73.25636
-33.5598 265.5319 -72.4801 -73.255539
-34.5952 266.9872 -72.4053 -73.254719
-35.2782 268.5959 -72.3691 -73.2539
-36.5462 269.7783 -72.1737 -73.253085
-37.8737 270.872 -71.8225 -73.252272
-38.8876 272.2418 -71.3145 -73.251461
-39.6217 273.7558 -70.7585 -73.250652
-40.6535 274.9959 -70.0158 -73.249846
-42.0534 275.9829 -69.5331 -73.249041
-43.5846 276.8719 -69.3005 -73.248241
-45.0655 277.8565 -69.4958 -73.247443
-45.946 279.1186 -68.7677 -73.246647
-45.8345 280.5644 -67.9551 -73.245854
-46.196 282.2235 -68.3906 -73.245065
-46.2456 283.784 -69.1293 -73.244278
-45.9356 284.9029 -69.4775 -73.243494
-46.3572 283.3243 -69.8414 -73.242712
-47.6385 284.0096 -69.6263 -73.241929
-47.8598 285.27 -68.7781 -73.241153
-47.9763 286.6481 -67.6615 -73.24038
-48.0018 287.8134 -66.394 -73.239609
-49.296 287.3623 -65.4888 -73.238843
-50.1432 286.6731 -64.1653 -73.238083
-50.2434 286.1704 -62.4405 -73.237323
-51.2742 284.9264 -61.8207 -73.236571
-52.8421 284.4426 -61.0987 -73.235824
-53.9107 283.6653 -60.0279 -73.235081
-54.752 283.3629 -58.5184 -73.234342
-55.6511 282.4981 -57.2933 -73.23361
-56.6242 281.93 -56.0196 -73.232885
-57.9991 281.9695 -54.8908 -73.232164
-59.0837 282.3361 -53.8941 -73.231449
-60.0943 282.1643 -52.7677 -73.23074
-61.4419 281.5155 -51.8651 -73.230038
-62.8626 280.827 -51.0501 -73.229342
-64.2795 280.6349 -50.0042 -73.228653
-65.804 280.5238 -49.0693 -73.227972
-66.7885 280.054 -47.7484 -73.227296
-67.9789 279.2336 -46.7905 -73.226628
-68.6552 278.446 -45.3481 -73.225966
-69.0138 277.9753 -43.6489 -73.225312
-69.4167 276.9949 -42.4398 -73.224668
-69.8247 275.5947 -42.5008 -73.22403
-70.268 276.0815 -42.6582 -73.223401
-70.9242 276.409 -41.0457 -73.222777
-71.4032 276.5871 -39.3203 -73.222164
-72.2724 276.7647 -38.0281 -73.221563
-73.2041 276.1685 -36.6914 -73.22097
-74.2918 275.5936 -35.4399 -73.220388
-75.425 274.8456 -34.2803 -73.219816
-76.9255 274.2886 -33.5609 -73.219254
-77.3251 274.3933 -31.9623 -73.218703
-77.3839 274.0953 -31.6173 -73.218157
-77.9259 274.1693 -30.1943 -73.217624
-79.5493 274.0847 -29.6223 -73.217104
-80.9279 274.149 -28.5263 -73.216595
-82.1503 274.2888 -27.2947 -73.2161
-83.1333 274.5631 -25.8399 -73.215616
-83.3586 274.0993 -24.1212 -73.215144
-83.4086 273.3363 -22.4949 -73.214686
-83.5601 272.816 -20.7795 -73.21424
-83.7705 272.4678 -19.0265 -73.213807
-84.0593 272.0789 -17.2937 -73.213391
-84.2893 271.7437 -15.5414 -73.212988
-84.9661 271.1706 -14.2656 -73.212602
-86.4465 270.5588 -13.5443 -73.212232
-87.5224 269.4821 -12.7644 -73.211878
-88.5863 270.2836 -13.3628 -73.21154
-89.344 271.7765 -13.8414 -73.211218
-90.7295 272.8654 -14.017 -73.210909
-92.0012 274.1345 -14.1202 -73.210619
-93.0728 275.5655 -14.188 -73.210349
-94.4803 276.5793 -14.1262 -73.210097
-96.2029 276.3016 -13.7358 -73.209865
-97.8612 276.4416 -13.1634 -73.209651
-99.2225 277.2086 -12.3487 -73.209456
-100.7724 276.7787 -11.5881 -73.209282
-102.4856 276.8416 -11.2384 -73.209127
-104.2435 277.0799 -11.3594 -73.208994
-105.8758 277.7134 -11.5089 -73.208881
-106.978 278.2571 -10.6069 -73.20879
-108.7214 278.4008 -10.5748 -73.208721
-110.1714 278.7473 -11.3411 -73.208675
-111.6618 279.6815 -11.4564 -73.208652
-21.5015 253.5088 -73.309 -73.265005
-22.5942 254.3623 -72.684 -73.26484
-23.4363 255.5756 -72.2611 -73.264689
-23.7952 256.2196 -73.6016 -73.264553
-24.1958 256.9175 -74.8973 -73.264433
-24.5102 257.2028 -76.431 -73.264328
-25.2575 257.9568 -77.5755 -73.26424
-25.9832 258.9049 -78.6121 -73.264169
-26.7351 259.8964 -79.3372 -73.264115
-27.7754 261.0706 -79.3699 -73.264078
-28.1276 262.1418 -78.3341 -73.26406
-14.415 228.9869 -63.4499 -73.281251
-16.1331 229.4489 -63.5343 -73.280607
-17.7421 230.1331 -63.7219 -73.279968
-19.4067 230.7023 -63.8399 -73.279335
-20.8995 231.6241 -63.8754 -73.278708
-22.4197 232.5434 -63.927 -73.278085
-23.9779 232.9794 -64.5409 -73.277468
-25.5926 233.2447 -65.0739 -73.276856
-27.3372 233.3731 -65.393 -73.276251
-29.108 233.4677 -65.4659 -73.275651
-30.8642 233.5427 -65.402 -73.275058
-32.3482 234.4256 -65.4518 -73.274473
-33.9347 234.8444 -64.9779 -73.273893
-35.6107 235.0483 -64.5372 -73.273321
-37.2988 235.2219 -64.5195 -73.272757
-38.3854 235.5894 -65.5655 -73.272198
-39.1438 235.7555 -64.0699 -73.271647
-40.4342 236.3585 -64.9633 -73.271106
-41.6538 237.408 -65.4996 -73.270573
-43.3197 237.9738 -65.7908 -73.270049
-45.0712 238.2644 -65.9288 -73.269535
-46.7994 238.6788 -65.9135 -73.26903
-48.5481 238.9796 -65.7557 -73.268535
-50.2593 239.3638 -65.4708 -73.26805
-51.9541 239.818 -65.3779 -73.267575
-53.6581 240.3081 -65.5616 -73.267112
-55.3649 240.7618 -65.7517 -73.266659
-56.9242 241.5359 -65.9538 -73.266218
-58.6438 241.8319 -66.2728 -73.265788
-59.9936 242.7156 -66.7405 -73.265371
-60.984 243.7818 -67.5294 -73.264966
-62.0855 245.146 -67.6347 -73.264574
-62.592 246.8516 -67.5474 -73.264195
-63.6958 248.1812 -67.3534 -73.26383
-65.3602 248.1365 -67.1819 -73.263478
-66.6185 247.2528 -66.7907 -73.26314
-68.2827 246.701 -66.9975 -73.262815
-69.0056 246.5375 -67.1182 -73.262508
-69.4149 247.1923 -66.2178 -73.262215
-70.5685 248.2104 -65.6787 -73.261938
-72.1021 248.9573 -65.1628 -73.261677
-73.5226 249.8734 -64.6789 -73.261434
-74.9049 250.917 -64.2744 -73.261208
-76.1941 252.0464 -63.8017 -73.261
-77.6751 252.694 -63.2164 -73.260811
-78.9054 253.7897 -63.1101 -73.26064
-80.0531 255.1107 -63.1909 -73.26049
-81.4092 256.2087 -63.4316 -73.260359
-83.1166 256.5971 -63.7243 -73.260249
-84.8053 256.9649 -63.8465 -73.260159
-86.3232 257.8036 -63.7447 -73.260091
-88.0463 257.7843 -63.4146 -73.260046
-89.5568 258.6367 -63.0658 -73.260023
-79.8558 209.6969 -1.6956 -73.287974
-80.9345 210.9313 -0.8747 -73.287233
-81.8718 212.3265 -0.0936 -73.286494
-83.0145 213.649 0.4105 -73.28576
-83.35 215.4299 0.5242 -73.285027
-84.7236 216.0877 0.5245 -73.284298
-85.8365 216.8501 1.5461 -73.283571
-86.4751 218.3432 2.3648 -73.282849
-87.6889 219.3419 3.0091 -73.282131
-89.3832 219.625 3.5112 -73.281418
-90.5679 220.9942 3.9392 -73.28071
-91.9993 222.1339 4.2769 -73.280006
-93.1066 223.0567 5.3451 -73.279306
-94.2451 224.3484 6.04 -73.27861
-95.1955 225.7846 6.6504 -73.27792
-96.1469 227.1811 6.1703 -73.277237
-97.5307 228.1499 5.5656 -73.276557
-97.6555 229.6726 4.5217 -73.275882
-98.2632 230.7709 4.9578 -73.275212
-99.4213 231.1534 5.7424 -73.274549
-100.7458 231.4122 4.7237 -73.273891
-101.8502 232.6408 4.2535 -73.27324
-103.1436 233.9354 4.0273 -73.272596
-104.4921 234.4164 4.8558 -73.271959
-105.6117 233.6885 5.7966 -73.271326
-106.7274 232.3194 6.4016 -73.270693
-107.441 230.7522 6.8747 -73.270077
-107.4488 229.0255 7.5014 -73.269469
-107.9411 227.3511 8.131 -73.268871
-107.0902 226.8712 8.9862 -73.268281
-106.1496 226.513 10.1833 -73.267692
-105.9516 226.2598 12.0223 -73.267112
-105.4787 225.2922 12.0054 -73.266545
-105.2249 224.5846 10.2988 -73.265987
-104.7784 223.6625 9.5999 -73.265442
-104.7066 222.6921 11.0296 -73.264905
-105.026 220.965 11.6033 -73.26438
-104.6066 219.9029 12.8153 -73.263865
-103.3942 219.8352 14.0764 -73.263361
-104.3073 219.9043 13.553 -73.262869
-105.885 218.9419 13.3792 -73.262387
-107.2676 218.4747 12.6842 -73.261918
-108.1193 218.5469 11.0406 -73.26146
-108.3962 219.4541 11.7193 -73.261015
-109.0143 219.6825 13.4653 -73.260581
-109.7221 219.9831 15.1561 -73.260163
-110.6667 219.9703 16.4989 -73.25976
-112.0003 218.9022 16.8845 -73.259372
-113.4433 217.9794 16.4775 -73.258998
-114.7081 217.1333 15.6968 -73.25864
-115.2947 216.7255 13.9743 -73.258296
-115.5962 216.7912 12.1637 -73.257966
-115.7677 217.1126 10.3327 -73.257653
-115.4309 217.0746 11.1227 -73.257359
-116.1181 217.6962 12.116 -73.257075
-117.3855 218.3763 13.3061 -73.256812
-118.8798 218.8959 14.099 -73.256572
-120.5533 219.5755 14.5055 -73.256352
-122.3465 220.0233 14.7431 -73.256151
-124.1585 220.1151 14.949 -73.25597
-125.565 221.2324 14.8597 -73.25581
-126.6064 222.7478 14.7267 -73.255671
-127.1945 224.5052 14.537 -73.255554
-127.9351 226.1832 14.2547 -73.255459
-129.0224 227.5634 14.5865 -73.255387
-130.1181 229.0198 14.5982 -73.255339
-131.2201 230.4645 14.2522 -73.255314
47.5528 -96.076 13.5667 -72.094817
47.0015 -95.2803 13.5986 -72.094905
46.7344 -94.3274 13.6342 -72.094949
27.7081 -94.2683 18.8592 -72.072072
26.226 -93.6204 19.8024 -72.072626
24.7439 -92.9726 20.7456 -72.073043
23.2618 -92.3248 21.6888 -72.073322
23.8038 -92.3745 21.7835 -72.073462
54.7481 -88.0637 17.871 -72.116944
97.3169 -66.6493 31.3652 -72.171752
99.3506 -67.4491 30.897 -72.173239
101.3843 -68.2489 30.4289 -72.174483
103.4181 -69.0488 29.9607 -72.175483
105.4518 -69.8486 29.4925 -72.176236
104.935 -70.7499 28.9784 -72.17674
104.6139 -70.6388 26.7694 -72.176993
96.937 -66.473 30.8282 -72.170979
44.0154 -65.7095 15.6069 -72.177827
44.0102 -66.3692 14.8486 -72.177895
44.1586 -67.2141 14.3402 -72.177929
-4.665 -9.0685 -0.0051 -72.93757
-3.3078 -10.3003 -0.0154 -72.908121
-1.9532 -11.5348 -0.0257 -72.8787
-0.7426 -12.7803 -0.0459 -72.829813
0.4334 -13.9291 -0.0935 -72.761941
1.4466 -15.2471 -0.185 -72.694589
3.5554 -27.7322 1.4257 -72.595604
8.6107 -41.3653 6.7974 -72.504608
22.8794 -62.2772 10.5055 -72.302977
26.4745 -64.8588 13.9793 -72.273254
29.0535 -67.1183 14.3116 -72.253922
42.1418 -73.5431 16.2509 -72.184515
47.2069 -85.1931 18.1557 -72.12783
44.6639 -89.9679 15.7857 -72.10662
47.7449 -96.3203 13.6398 -72.095686
78.4149 -177.3628 14.5582 -71.995575
95.2227 -265.7699 17.0719 -71.917625
48.1056 -320.1106 18.1187 -71.859471
-10.9476 -383.6056 22.9817 -71.819481
-40.36 -432.7473 17.7175 -71.796385
28.7834 -94.5812 17.274 -72.074261
14.3097 -106.6143 20.8227 -72.050124
2.7577 -126.0427 26.0848 -72.03243
-45.0792 -189.1405 27.4734 -72.00014
30.9775 -170.2053 31.4202 -72.024377
28.3969 -94.5693 18.0599 -72.072192
-40.2348 -104.2908 -5.8163 -72.01883
-111.9958 -139.102 2.509 -71.988331
54.6562 -87.9717 17.7384 -72.117686
111.8824 -135.9529 29.1893 -72.042387
164.8572 -185.7356 20.1853 -71.990884
213.7243 -226.7876 32.011 -71.961615
43.9697 -65.4565 15.7766 -72.178045
45.5333 -62.1584 17.8534 -72.176169
96.2419 -66.2233 31.6259 -72.170862
2.1326 -22.0656 -2.5814 -72.630115
6.2653 -35.3706 6.4938 -72.549768
8.3143 -40.7868 6.7183 -72.467887
15.4942 -50.7521 4.9673 -72.402793
19.5156 -57.7327 7.1557 -72.338448
24.2121 -63.3654 12.9105 -72.288085
27.7984 -65.9637 14.1964 -72.263528
35.2991 -71.3414 15.5234 -72.219081
45.9552 -78.4006 18.2802 -72.155657
45.9541 -87.9136 17.638 -72.117045
46.0845 -93.1486 14.7482 -72.100428
52.1518 -103.9606 11.3242 -72.083838
58.8833 -119.603 12.0998 -72.062898
62.6461 -133.0235 18.7767 -72.042822
68.7987 -150.479 18.27 -72.023586
75.478 -168.4071 16.0379 -72.005166
80.7201 -186.7623 13.7215 -71.986221
86.0397 -202.1519 18.4658 -71.969802
88.9594 -219.8372 14.0604 -71.954135
92.3483 -238.1707 14.3683 -71.939201
94.4112 -256.1543 16.5595 -71.924982
95.282 -267.4858 16.3224 -71.910502
95.3059 -280.3632 10.9397 -71.898094
82.392 -291.8157 13.1552 -71.886352
66.6134 -301.8126 13.5179 -71.875264
55.8832 -314.8401 17.1156 -71.864816
42.621 -325.3136 19.0805 -71.854377
32.9705 -340.7608 23.6528 -71.845628
23.9361 -354.8041 21.203 -71.837482
9.6225 -366.7531 22.7517 -71.829929
-4.6074 -378.3071 21.4152 -71.82296
-16.9731 -389.755 18.9726 -71.816247
-27.5688 -401.1213 14.9527 -71.810871
-39.573 -411.7299 14.9204 -71.806059
-40.6381 -420.4638 25.2112 -71.801804
-40.4069 -426.6412 14.8914 -71.798101
-41.6738 -434.0686 12.5022 -71.794927
-35.1298 -447.795 10.0223 -71.792788
-30.511 -455.7937 6.7671 -71.791186
-26.4654 -460.7911 2.4423 -71.790119
-24.2919 -464.5784 0.2402 -71.789586
37.1249 -94.0849 14.9718 -72.08976
20.7736 -99.7756 22.2184 -72.061639
11.0172 -108.5614 18.7473 -72.046399
5.909 -113.1292 24.1737 -72.040779
4.7649 -121.3499 27.2758 -72.035398
-3.9067 -133.7894 26.1237 -72.027856
-16.2236 -149.0836 26.7198 -72.020293
-17.7909 -159.6216 22.5822 -72.013551
-30.8645 -168.2845 21.4997 -72.00762
-40.3768 -181.2163 24.3391 -72.002494
-50.8898 -195.8899 27.7601 -71.998043
-59.8432 -207.2909 27.0024 -71.994964
-63.453 -209.2381 15.4152 -71.992658
-64.2909 -212.4765 11.1044 -71.991122
-69.7086 -217.4653 14.9612 -71.990355
-1.3141 -131.2728 34.9295 -72.031557
15.7442 -115.5027 24.1983 -72.045793
21.9499 -133.9863 25.1312 -72.039572
26.8898 -147.4387 25.6301 -72.034192
28.6429 -155.1273 32.7495 -72.029645
28.6017 -167.7997 33.6747 -72.025928
33.7647 -170.9041 21.6446 -72.022972
35.3986 -176.6564 11.4651 -72.021221
39.8278 -180.409 -7.3747 -72.020347
28.4843 -94.572 17.6083 -72.072796
24.075 -93.3058 9.4058 -72.065406
15.5128 -90.8025 -8.4542 -72.053635
-0.0475 -89.6597 -13.0268 -72.04272
-13.9393 -94.7328 -4.0497 -72.032649
-31.0534 -101.5497 -4.3571 -72.02341
-48.3446 -108.1087 -4.4853 -72.014478
-60.3769 -111.0796 -1.1234 -72.007289
-77.9711 -113.5102 3.296 -72.000904
-92.0999 -121.9743 4.6219 -71.995316
-105.6825 -132.44 0.8972 -71.990516
-119.8735 -141.3568 5.959 -71.986518
-132.8113 -151.1601 6.979 -71.983871
-147.2952 -155.5423 4.0924 -71.981888
-153.368 -158.2725 7.6335 -71.980568
-168.793 -159.6906 7.6228 -71.979908
50.8433 -86.5895 17.9535 -72.121763
61.2357 -92.3404 14.5899 -72.108412
72.1897 -102.125 21.0158 -72.09228
85.4059 -115.7278 22.6939 -72.077055
96.1046 -123.0147 27.5352 -72.062716
106.3877 -128.7142 28.8233 -72.049248
119.3522 -141.0891 32.8119 -72.035765
133.3865 -151.0456 27.4274 -72.024428
140.4642 -156.8554 25.7903 -72.013913
152.3124 -169.1266 29.8767 -72.004208
161.5491 -182.1636 26.4505 -71.995301
167.3763 -187.9265 20.8501 -71.986713
178.0174 -198.4202 27.7655 -71.97982
190.5879 -201.853 17.5881 -71.973691
198.4764 -209.0366 23.2285 -71.96832
206.4978 -222.3967 29.9785 -71.9637
216.4485 -231.2363 29.6641 -71.95982
219.3592 -241.6667 28.5636 -71.957167
217.6919 -257.4839 32.1794 -71.955179
212.7961 -271.781 39.8533 -71.953856
208.8344 -287.7139 39.3838 -71.953194
43.1478 -69.6198 16.0595 -72.179636
45.0982 -63.5211 16.1223 -72.177056
50.7937 -61.6079 11.0465 -72.17453
63.7547 -58.5312 9.7712 -72.172371
75.049 -60.4617 16.3877 -72.170967
83.0968 -60.7333 25.9161 -72.170315
91.3447 -63.64 26.8113 -72.170415
106.4082 -69.1292 24.6495 -72.168531
123.1559 -72.5629 28.9251 -72.165393
143.1961 -75.9244 28.8652 -72.163825
46.1286 -55.224 14.5026 -72.174677
37.6417 -45.2763 18.4222 -72.172931
22.8448 -43.0894 21.8828 -72.172059
