0	0.00025
4.8828125e-09	0.00025
9.765625000000001e-09	0.00025
1.46484375e-08	0.00025
1.953125e-08	0.00025
2.44140625e-08	0.00025
2.9296875e-08	0.00025
3.41796875e-08	0.00025
3.90625e-08	0.00025
4.39453125e-08	0.00025
4.8828125e-08	0.00025
5.37109375e-08	0.00025
5.859375e-08	0.00025
6.347656250000001e-08	0.00025
6.835937500000001e-08	0.00025
7.324218750000001e-08	0.00025
7.812500000000001e-08	0.00025
8.300781250000001e-08	0.00025
8.789062500000001e-08	0.00025
9.277343750000001e-08	0.00025
9.765625e-08	0.00025
1.025390625e-07	0.00025
1.07421875e-07	0.00025
1.123046875e-07	0.00025
1.171875e-07	0.00025
1.220703125e-07	0.00025
1.26953125e-07	0.00025
1.318359375e-07	0.00025
1.3671875e-07	0.00025
1.416015625000001e-07	0.00025
1.464843750000001e-07	0.00025
1.513671875000001e-07	0.00025
1.562500000000001e-07	0.00025
1.611328125000001e-07	0.00025
1.660156250000001e-07	0.00025
1.708984375000001e-07	0.00025
1.757812500000001e-07	0.00025
1.806640625000002e-07	0.00025
1.855468750000002e-07	0.00025
1.904296875000002e-07	0.00025
1.953125000000002e-07	0.00025
2.001953125000002e-07	0.00025
2.050781250000002e-07	0.00025
2.099609375000002e-07	0.00025
2.148437500000002e-07	0.00025
2.197265625000003e-07	0.00025
2.246093750000003e-07	0.00025
2.294921875000003e-07	0.00025
